step,agent_id,tree_name,bfm_situation,distance_ft,ata_deg,aa_deg,hca_deg,relative_bearing_deg,ego_altitude_ft,ego_vc_kts,specific_energy_ft,ps_fts,energy_diff_ft,closure_rate_kts,turn_rate_degs,in_wez,enm_in_wez,in_39_line,overshoot_risk,energy_advantage,alt_advantage,spd_advantage,tc_type,side_flag,alt_gap_ft,tau_deg,roll_deg,pitch_deg,ego_health,enm_health,ego_damage_dealt,enm_damage_dealt,action_alt,action_hdg,action_vel,aileron,elevator,rudder,throttle,active_node,reward
0,A0100,pursuit_chase_v1,HABFM,3297.631970,16200.000000,16200.000000,32400.000000,-16200.000000,15000.000480,386.782661,21622.867763,0.000000,0.000000,-0.000000,0.000000,False,False,False,False,True,True,True,2-circle,-1.000000,0.000000,16200.000000,-0.000000,0.000000,100.000000,100.000000,0.000000,0.000000,2,2,4,0.0000,0.0000,0.0000,0.5000,"PursuitChaseOptimal",-0.063106
0,B0100,aggressive,HABFM,3297.631970,16200.000000,16200.000000,32400.000000,-16200.000000,15000.000480,386.782661,21622.867763,0.000000,0.000000,-0.000000,0.000000,False,False,False,False,True,True,True,2-circle,-1.000000,0.000000,16200.000000,-0.000000,0.000000,100.000000,100.000000,0.000000,0.000000,2,0,0,0.0000,0.0000,0.0000,0.5000,"Pursue",-0.063106
1,A0100,pursuit_chase_v1,HABFM,3297.631970,16200.000000,16200.000000,32400.000000,-16200.000000,15000.000480,386.782661,21622.867763,0.000000,0.000000,-0.000000,0.000000,False,False,False,False,True,True,True,2-circle,-1.000000,0.000000,16200.000000,-0.000000,0.000000,100.000000,100.000000,0.000000,0.000000,2,2,4,0.0000,0.0000,0.0000,0.5000,"PursuitChaseOptimal",-0.060662
1,B0100,aggressive,HABFM,3297.631970,16200.000000,16200.000000,32400.000000,-16200.000000,15000.000480,386.782661,21622.867763,0.000000,0.000000,-0.000000,0.000000,False,False,False,False,True,True,True,2-circle,-1.000000,0.000000,16200.000000,-0.000000,0.000000,100.000000,100.000000,0.000000,0.000000,2,0,0,0.0000,0.0000,0.0000,0.5000,"Pursue",-0.060668
2,A0100,pursuit_chase_v1,HABFM,3301.528730,16701.205036,15698.794964,32382.919309,-16701.205211,15000.002149,385.868536,21591.601371,-625.327832,-63.088508,-46.019865,0.039475,False,False,False,False,False,False,False,2-circle,-1.000000,-0.000184,16023.739333,-0.979223,0.053528,100.000000,100.000000,0.000000,0.000000,2,2,4,0.0000,0.0000,0.0000,0.5000,"PursuitChaseOptimal",-0.058339
2,B0100,aggressive,HABFM,3301.528730,16701.205036,15698.794964,32382.919309,-16701.205211,15000.002149,385.868536,21591.601371,-625.327832,-63.088508,-46.019865,0.039475,False,False,False,False,False,False,False,2-circle,-1.000000,-0.000184,16023.739333,-0.979223,0.053528,100.000000,100.000000,0.000000,0.000000,2,0,0,0.0000,0.0000,0.0000,0.5000,"Pursue",-0.058349
3,A0100,pursuit_chase_v1,HABFM,3301.528730,16701.205036,15698.794964,32382.919309,-16701.205211,15000.002149,385.868536,21591.601371,-625.327832,-63.088508,-46.019865,0.039475,False,False,False,False,False,False,False,2-circle,-1.000000,-0.000184,16023.739333,-0.979223,0.053528,100.000000,100.000000,0.000000,0.000000,2,2,4,0.0000,0.0000,0.0000,0.5000,"PursuitChaseOptimal",-0.055890
3,B0100,aggressive,HABFM,3301.528730,16701.205036,15698.794964,32382.919309,-16701.205211,15000.002149,385.868536,21591.601371,-625.327832,-63.088508,-46.019865,0.039475,False,False,False,False,False,False,False,2-circle,-1.000000,-0.000184,16023.739333,-0.979223,0.053528,100.000000,100.000000,0.000000,0.000000,2,0,0,0.0000,0.0000,0.0000,0.5000,"Pursue",-0.055910
4,A0100,pursuit_chase_v1,HABFM,3313.087973,17190.063629,15209.936371,32254.972406,-17190.088606,15000.273883,384.472041,21544.248181,-947.063814,-131.383282,-90.641949,0.215100,False,False,False,False,False,False,False,2-circle,-1.000000,-0.002882,15245.484776,-5.302812,0.954977,100.000000,100.000000,0.000000,0.000000,2,2,4,0.0000,0.0000,0.0000,0.5000,"PursuitChaseOptimal",-0.053014
4,B0100,aggressive,HABFM,3313.087973,17190.063629,15209.936371,32254.972406,-17190.088606,15000.273883,384.472041,21544.248181,-947.063814,-131.383282,-90.641949,0.215100,False,False,False,False,False,False,False,2-circle,-1.000000,-0.002882,15245.484776,-5.302812,0.954977,100.000000,100.000000,0.000000,0.000000,2,0,0,0.0000,0.0000,0.0000,0.5000,"Pursue",-0.053035
5,A0100,pursuit_chase_v1,HABFM,3313.087973,17190.063629,15209.936371,32254.972406,-17190.088606,15000.273883,384.472041,21544.248181,-947.063814,-131.383282,-90.641949,0.215100,False,False,False,False,False,False,False,2-circle,-1.000000,-0.002882,15245.484776,-5.302812,0.954977,100.000000,100.000000,0.000000,0.000000,2,2,4,0.0000,0.0000,0.0000,0.5000,"PursuitChaseOptimal",-0.049654
5,B0100,aggressive,HABFM,3313.087973,17190.063629,15209.936371,32254.972406,-17190.088606,15000.273883,384.472041,21544.248181,-947.063814,-131.383282,-90.641949,0.215100,False,False,False,False,False,False,False,2-circle,-1.000000,-0.002882,15245.484776,-5.302812,0.954977,100.000000,100.000000,0.000000,0.000000,2,0,0,0.0000,0.0000,0.0000,0.5000,"Pursue",-0.049672
6,A0100,pursuit_chase_v1,HABFM,3331.965626,17652.729879,14747.270121,31983.622874,-17653.032212,15001.314806,382.682618,21484.516489,-1194.633839,-193.276343,-132.383625,0.507314,False,False,False,False,False,False,False,2-circle,-1.000000,-0.008186,13986.901832,-12.294848,3.471356,100.000000,100.000000,0.000000,0.000000,2,2,4,0.0000,0.0000,0.0000,0.5000,"PursuitChaseOptimal",-0.045960
6,B0100,aggressive,HABFM,3331.965626,17652.729879,14747.270121,31983.622874,-17653.032212,15001.314806,382.682618,21484.516489,-1194.633839,-193.276343,-132.383625,0.507314,False,False,False,False,False,False,False,2-circle,-1.000000,-0.008186,13986.901832,-12.294848,3.471356,100.000000,100.000000,0.000000,0.000000,2,0,0,0.0000,0.0000,0.0000,0.5000,"Pursue",-0.045976
7,A0100,pursuit_chase_v1,HABFM,3331.965626,17652.729879,14747.270121,31983.622874,-17653.032212,15001.314806,382.682618,21484.516489,-1194.633839,-193.276343,-132.383625,0.507314,False,False,False,False,False,False,False,2-circle,-1.000000,-0.008186,13986.901832,-12.294848,3.471356,100.000000,100.000000,0.000000,0.000000,2,2,4,0.0000,0.0000,0.0000,0.5000,"PursuitChaseOptimal",-0.042260
7,B0100,aggressive,HABFM,3331.965626,17652.729879,14747.270121,31983.622874,-17653.032212,15001.314806,382.682618,21484.516489,-1194.633839,-193.276343,-132.383625,0.507314,False,False,False,False,False,False,False,2-circle,-1.000000,-0.008186,13986.901832,-12.294848,3.471356,100.000000,100.000000,0.000000,0.000000,2,0,0,0.0000,0.0000,0.0000,0.5000,"Pursue",-0.042272
8,A0100,pursuit_chase_v1,HABFM,3357.507758,18069.165453,14330.834547,31608.023335,-18070.575694,15003.625887,380.750280,21421.519611,-1259.937549,-253.972061,-169.418026,0.901162,False,False,False,False,False,False,False,2-circle,-1.000000,-0.008321,12407.186443,-21.071042,6.793899,100.000000,100.000000,0.000000,0.000000,2,2,4,0.0000,0.0000,0.0000,0.5000,"PursuitChaseOptimal",-0.038565
8,B0100,aggressive,HABFM,3357.507758,18069.165453,14330.834547,31608.023335,-18070.575694,15003.625887,380.750280,21421.519611,-1259.937549,-253.972061,-169.418026,0.901162,False,False,False,False,False,False,False,2-circle,-1.000000,-0.008321,12407.186443,-21.071042,6.793899,100.000000,100.000000,0.000000,0.000000,2,0,0,0.0000,0.0000,0.0000,0.5000,"Pursue",-0.038542
9,A0100,pursuit_chase_v1,HABFM,3357.507758,18069.165453,14330.834547,31608.023335,-18070.575694,15003.625887,380.750280,21421.519611,-1259.937549,-253.972061,-169.418026,0.901162,False,False,False,False,False,False,False,2-circle,-1.000000,-0.008321,12407.186443,-21.071042,6.793899,100.000000,100.000000,0.000000,0.000000,2,2,4,0.0000,0.0000,0.0000,0.5000,"PursuitChaseOptimal",-0.035207
9,B0100,aggressive,HABFM,3357.507758,18069.165453,14330.834547,31608.023335,-18070.575694,15003.625887,380.750280,21421.519611,-1259.937549,-253.972061,-169.418026,0.901162,False,False,False,False,False,False,False,2-circle,-1.000000,-0.008321,12407.186443,-21.071042,6.793899,100.000000,100.000000,0.000000,0.000000,2,0,0,0.0000,0.0000,0.0000,0.5000,"Pursue",-0.035192
10,A0100,pursuit_chase_v1,HABFM,3388.849362,18431.418632,13968.581368,31212.822465,-18435.220436,15007.422784,378.676515,21355.596495,-1318.462323,-315.876570,-201.086888,1.414918,False,False,False,False,False,True,False,2-circle,-1.000000,0.005660,10612.656163,-31.040898,9.585505,100.000000,100.000000,0.000000,0.000000,2,4,4,0.0000,0.0000,0.0000,0.5000,"PursuitChaseOptimal",-0.032086
10,B0100,aggressive,HABFM,3388.849362,18431.418632,13968.581368,31212.822465,-18435.220436,15007.422784,378.676515,21355.596495,-1318.462323,-315.876570,-201.086888,1.414918,False,False,False,False,False,True,False,2-circle,-1.000000,0.005660,10612.656163,-31.040898,9.585505,100.000000,100.000000,0.000000,0.000000,2,0,0,0.0000,0.0000,0.0000,0.5000,"Pursue",-0.031946
11,A0100,pursuit_chase_v1,HABFM,3388.849362,18431.418632,13968.581368,31212.822465,-18435.220436,15007.422784,378.676515,21355.596495,-1318.462323,-315.876570,-201.086888,1.414918,False,False,False,False,False,True,False,2-circle,-1.000000,0.005660,10612.656163,-31.040898,9.585505,100.000000,100.000000,0.000000,0.000000,2,4,4,0.0000,0.0000,0.0000,0.5000,"PursuitChaseOptimal",-0.031200
11,B0100,aggressive,HABFM,3388.849362,18431.418632,13968.581368,31212.822465,-18435.220436,15007.422784,378.676515,21355.596495,-1318.462323,-315.876570,-201.086888,1.414918,False,False,False,False,False,True,False,2-circle,-1.000000,0.005660,10612.656163,-31.040898,9.585505,100.000000,100.000000,0.000000,0.000000,2,0,0,0.0000,0.0000,0.0000,0.5000,"Pursue",-0.028916
12,A0100,pursuit_chase_v1,HABFM,3425.119313,18740.790424,13659.209576,30865.187630,-18748.222977,15012.651887,376.541537,21289.445360,-1323.022701,-380.068168,-228.176021,2.100744,False,False,False,False,False,False,False,2-circle,-1.000000,-0.002121,8706.424076,-41.630940,11.430838,100.000000,100.000000,0.000000,0.000000,2,4,4,0.0000,0.0000,0.0000,0.5000,"PursuitChaseOptimal",-0.031259
12,B0100,aggressive,HABFM,3425.119313,18740.790424,13659.209576,30865.187630,-18748.222977,15012.651887,376.541537,21289.445360,-1323.022701,-380.068168,-228.176021,2.100744,False,False,False,False,False,False,False,2-circle,-1.000000,-0.002121,8706.424076,-41.630940,11.430838,100.000000,100.000000,0.000000,0.000000,2,0,0,0.0000,0.0000,0.0000,0.5000,"Pursue",-0.026135
13,A0100,pursuit_chase_v1,HABFM,3425.119313,18740.790424,13659.209576,30865.187630,-18748.222977,15012.651887,376.541537,21289.445360,-1323.022701,-380.068168,-228.176021,2.100744,False,False,False,False,False,False,False,2-circle,-1.000000,-0.002121,8706.424076,-41.630940,11.430838,100.000000,100.000000,0.000000,0.000000,2,4,4,0.0000,0.0000,0.0000,0.5000,"PursuitChaseOptimal",-0.032158
13,B0100,aggressive,HABFM,3425.119313,18740.790424,13659.209576,30865.187630,-18748.222977,15012.651887,376.541537,21289.445360,-1323.022701,-380.068168,-228.176021,2.100744,False,False,False,False,False,False,False,2-circle,-1.000000,-0.002121,8706.424076,-41.630940,11.430838,100.000000,100.000000,0.000000,0.000000,2,0,0,0.0000,0.0000,0.0000,0.5000,"Pursue",-0.023619
14,A0100,pursuit_chase_v1,HABFM,3465.767986,19000.894354,13399.105646,30593.712065,-19012.819357,15019.133781,374.346897,21222.972998,-1329.447234,-461.943898,-253.328755,3.094159,False,False,False,False,False,False,False,2-circle,-1.000000,-0.196214,6754.249517,-52.472967,12.720147,100.000000,100.000000,0.000000,0.000000,2,4,4,0.0000,0.0000,0.0000,0.5000,"PursuitChaseOptimal",-0.033307
14,B0100,aggressive,HABFM,3465.767986,19000.894354,13399.105646,30593.712065,-19012.819357,15019.133781,374.346897,21222.972998,-1329.447234,-461.943898,-253.328755,3.094159,False,False,False,False,False,False,False,2-circle,-1.000000,-0.196214,6754.249517,-52.472967,12.720147,100.000000,100.000000,0.000000,0.000000,2,0,0,0.0000,0.0000,0.0000,0.5000,"Pursue",-0.021374
15,A0100,pursuit_chase_v1,HABFM,3465.767986,19000.894354,13399.105646,30593.712065,-19012.819357,15019.133781,374.346897,21222.972998,-1329.447234,-461.943898,-253.328755,3.094159,False,False,False,False,False,False,False,2-circle,-1.000000,-0.196214,6754.249517,-52.472967,12.720147,100.000000,100.000000,0.000000,0.000000,2,4,4,0.0000,0.0000,0.0000,0.5000,"PursuitChaseOptimal",-0.034685
15,B0100,aggressive,HABFM,3465.767986,19000.894354,13399.105646,30593.712065,-19012.819357,15019.133781,374.346897,21222.972998,-1329.447234,-461.943898,-253.328755,3.094159,False,False,False,False,False,False,False,2-circle,-1.000000,-0.196214,6754.249517,-52.472967,12.720147,100.000000,100.000000,0.000000,0.000000,2,0,0,0.0000,0.0000,0.0000,0.5000,"Pursue",-0.019323
16,A0100,pursuit_chase_v1,HABFM,3510.615809,19218.458610,13181.541390,30403.490177,-19235.099108,15026.620184,372.130216,21157.205336,-1315.353243,-572.161301,-278.103640,4.774263,False,False,False,False,False,False,False,2-circle,-1.000000,-0.745823,4783.984217,-63.409259,13.553355,100.000000,100.000000,0.000000,0.000000,2,4,4,0.0000,0.0000,0.0000,0.5000,"PursuitChaseOptimal",-0.036012
16,B0100,aggressive,HABFM,3510.615809,19218.458610,13181.541390,30403.490177,-19235.099108,15026.620184,372.130216,21157.205336,-1315.353243,-572.161301,-278.103640,4.774263,False,False,False,False,False,False,False,2-circle,-1.000000,-0.745823,4783.984217,-63.409259,13.553355,100.000000,100.000000,0.000000,0.000000,2,0,0,0.0000,0.0000,0.0000,0.5000,"Pursue",-0.017571
17,A0100,pursuit_chase_v1,HABFM,3510.615809,19218.458610,13181.541390,30403.490177,-19235.099108,15026.620184,372.130216,21157.205336,-1315.353243,-572.161301,-278.103640,4.774263,False,False,False,False,False,False,False,2-circle,-1.000000,-0.745823,4783.984217,-63.409259,13.553355,100.000000,100.000000,0.000000,0.000000,2,4,4,0.0000,0.0000,0.0000,0.5000,"PursuitChaseOptimal",-0.036972
17,B0100,aggressive,HABFM,3510.615809,19218.458610,13181.541390,30403.490177,-19235.099108,15026.620184,372.130216,21157.205336,-1315.353243,-572.161301,-278.103640,4.774263,False,False,False,False,False,False,False,2-circle,-1.000000,-0.745823,4783.984217,-63.409259,13.553355,100.000000,100.000000,0.000000,0.000000,2,0,0,0.0000,0.0000,0.0000,0.5000,"Pursue",-0.016093
18,A0100,pursuit_chase_v1,HABFM,3559.668024,19401.577651,12998.422349,30282.675905,-19422.417523,15034.817216,369.928951,21093.088265,-1282.341422,-710.421411,-303.169243,8.594084,False,False,False,False,False,False,False,2-circle,-1.000000,-1.769347,2806.408184,-74.377781,13.970769,100.000000,100.000000,0.000000,0.000000,2,4,4,0.0000,0.0000,0.0000,0.5000,"PursuitChaseOptimal",-0.037351
18,B0100,aggressive,HABFM,3559.668024,19401.577651,12998.422349,30282.675905,-19422.417523,15034.817216,369.928951,21093.088265,-1282.341422,-710.421411,-303.169243,8.594084,False,False,False,False,False,False,False,2-circle,-1.000000,-1.769347,2806.408184,-74.377781,13.970769,100.000000,100.000000,0.000000,0.000000,2,0,0,0.0000,0.0000,0.0000,0.5000,"Pursue",-0.014873
19,A0100,pursuit_chase_v1,HABFM,3559.668024,19401.577651,12998.422349,30282.675905,-19422.417523,15034.817216,369.928951,21093.088265,-1282.341422,-710.421411,-303.169243,8.594084,False,False,False,False,False,False,False,2-circle,-1.000000,-1.769347,2806.408184,-74.377781,13.970769,100.000000,100.000000,0.000000,0.000000,2,4,4,0.0000,0.0000,0.0000,0.5000,"PursuitChaseOptimal",-0.037584
19,B0100,aggressive,HABFM,3559.668024,19401.577651,12998.422349,30282.675905,-19422.417523,15034.817216,369.928951,21093.088265,-1282.341422,-710.421411,-303.169243,8.594084,False,False,False,False,False,False,False,2-circle,-1.000000,-1.769347,2806.408184,-74.377781,13.970769,100.000000,100.000000,0.000000,0.000000,2,0,0,0.0000,0.0000,0.0000,0.5000,"Pursue",-0.013918
20,A0100,pursuit_chase_v1,HABFM,3612.958639,19560.346065,12839.653935,30215.629186,-19584.170899,15043.398893,367.774152,21031.297866,-1235.807978,-864.127360,-328.285311,29.604277,False,False,False,False,False,False,False,2-circle,-1.000000,-3.329009,829.328838,-85.333947,13.911648,100.000000,100.000000,0.000000,0.000000,2,4,4,0.0000,0.0000,0.0000,0.5000,"PursuitChaseOptimal",-0.037376
20,B0100,aggressive,HABFM,3612.958639,19560.346065,12839.653935,30215.629186,-19584.170899,15043.398893,367.774152,21031.297866,-1235.807978,-864.127360,-328.285311,29.604277,False,False,False,False,False,False,False,2-circle,-1.000000,-3.329009,829.328838,-85.333947,13.911648,100.000000,100.000000,0.000000,0.000000,2,0,0,0.0000,0.0000,0.0000,0.5000,"Pursue",-0.013913
21,A0100,pursuit_chase_v1,HABFM,3612.958639,19560.346065,12839.653935,30215.629186,-19584.170899,15043.398893,367.774152,21031.297866,-1235.807978,-864.127360,-328.285311,29.604277,False,False,False,False,False,False,False,2-circle,-1.000000,-3.329009,829.328838,-85.333947,13.911648,100.000000,100.000000,0.000000,0.000000,2,4,4,0.0000,0.0000,0.0000,0.5000,"PursuitChaseOptimal",-0.036666
21,B0100,aggressive,HABFM,3612.958639,19560.346065,12839.653935,30215.629186,-19584.170899,15043.398893,367.774152,21031.297866,-1235.807978,-864.127360,-328.285311,29.604277,False,False,False,False,False,False,False,2-circle,-1.000000,-3.329009,829.328838,-85.333947,13.911648,100.000000,100.000000,0.000000,0.000000,2,0,0,0.0000,0.0000,0.0000,0.5000,"Pursue",-0.014910
22,A0100,pursuit_chase_v1,HABFM,3670.525548,19721.486567,12678.513433,30196.316989,-19746.732837,15052.015803,365.826628,20976.665612,-1092.645075,-1027.291795,-353.977796,139.114298,False,False,False,False,False,False,False,2-circle,-1.000000,-5.459314,-840.701600,-94.573929,13.474276,100.000000,100.000000,0.000000,0.000000,2,4,4,0.0000,0.0000,0.0000,0.5000,"PursuitChaseOptimal",-0.034917
22,B0100,aggressive,HABFM,3670.525548,19721.486567,12678.513433,30196.316989,-19746.732837,15052.015803,365.826628,20976.665612,-1092.645075,-1027.291795,-353.977796,139.114298,False,False,False,False,False,False,False,2-circle,-1.000000,-5.459314,-840.701600,-94.573929,13.474276,100.000000,100.000000,0.000000,0.000000,2,0,0,0.0000,0.0000,0.0000,0.5000,"Pursue",-0.015579
23,A0100,pursuit_chase_v1,HABFM,3670.525548,19721.486567,12678.513433,30196.316989,-19746.732837,15052.015803,365.826628,20976.665612,-1092.645075,-1027.291795,-353.977796,139.114298,False,False,False,False,False,False,False,2-circle,-1.000000,-5.459314,-840.701600,-94.573929,13.474276,100.000000,100.000000,0.000000,0.000000,2,4,4,0.0000,0.0000,0.0000,0.5000,"PursuitChaseOptimal",-0.033173
23,B0100,aggressive,HABFM,3670.525548,19721.486567,12678.513433,30196.316989,-19746.732837,15052.015803,365.826628,20976.665612,-1092.645075,-1027.291795,-353.977796,139.114298,False,False,False,False,False,False,False,2-circle,-1.000000,-5.459314,-840.701600,-94.573929,13.474276,100.000000,100.000000,0.000000,0.000000,2,0,0,0.0000,0.0000,0.0000,0.5000,"Pursue",-0.016010
24,A0100,pursuit_chase_v1,HABFM,3732.432229,19900.938037,12499.061963,30178.802665,-19926.971614,15060.425820,364.185928,20932.051756,-892.277126,-1173.041225,-379.348397,139.696576,False,False,False,False,False,False,False,2-circle,-1.000000,-8.162725,-1522.952934,-98.315668,12.829835,100.000000,100.000000,0.000000,0.000000,2,4,4,0.0000,0.0000,0.0000,0.5000,"PursuitChaseOptimal",-0.031670
24,B0100,aggressive,HABFM,3732.432229,19900.938037,12499.061963,30178.802665,-19926.971614,15060.425820,364.185928,20932.051756,-892.277126,-1173.041225,-379.348397,139.696576,False,False,False,False,False,False,False,2-circle,-1.000000,-8.162725,-1522.952934,-98.315668,12.829835,100.000000,100.000000,0.000000,0.000000,2,0,0,0.0000,0.0000,0.0000,0.5000,"Pursue",-0.016226
25,A0100,pursuit_chase_v1,HABFM,3732.432229,19900.938037,12499.061963,30178.802665,-19926.971614,15060.425820,364.185928,20932.051756,-892.277126,-1173.041225,-379.348397,139.696576,False,False,False,False,False,False,False,2-circle,-1.000000,-8.162725,-1522.952934,-98.315668,12.829835,100.000000,100.000000,0.000000,0.000000,2,4,4,0.0000,0.0000,0.0000,0.5000,"PursuitChaseOptimal",-0.030515
25,B0100,aggressive,HABFM,3732.432229,19900.938037,12499.061963,30178.802665,-19926.971614,15060.425820,364.185928,20932.051756,-892.277126,-1173.041225,-379.348397,139.696576,False,False,False,False,False,False,False,2-circle,-1.000000,-8.162725,-1522.952934,-98.315668,12.829835,100.000000,100.000000,0.000000,0.000000,2,0,0,0.0000,0.0000,0.0000,0.5000,"Pursue",-0.016278
26,A0100,pursuit_chase_v1,HABFM,3798.547245,20088.770174,12311.229826,30150.995828,-20115.414401,15068.547062,362.763418,20894.393431,-753.166509,-1307.067077,-403.834897,140.204073,False,False,False,False,False,False,False,2-circle,-1.000000,-11.359967,-1405.234273,-97.603760,12.038504,100.000000,100.000000,0.000000,0.000000,2,4,4,0.0000,0.0000,0.0000,0.5000,"PursuitChaseOptimal",-0.028333
26,B0100,aggressive,HABFM,3798.547245,20088.770174,12311.229826,30150.995828,-20115.414401,15068.547062,362.763418,20894.393431,-753.166509,-1307.067077,-403.834897,140.204073,False,False,False,False,False,False,False,2-circle,-1.000000,-11.359967,-1405.234273,-97.603760,12.038504,100.000000,100.000000,0.000000,0.000000,2,0,0,0.0000,0.0000,0.0000,0.5000,"Pursue",-0.016263
27,A0100,pursuit_chase_v1,HABFM,3798.547245,20088.770174,12311.229826,30150.995828,-20115.414401,15068.547062,362.763418,20894.393431,-753.166509,-1307.067077,-403.834897,140.204073,False,False,False,False,False,False,False,2-circle,-1.000000,-11.359967,-1405.234273,-97.603760,12.038504,100.000000,100.000000,0.000000,0.000000,2,4,4,0.0000,0.0000,0.0000,0.5000,"PursuitChaseOptimal",-0.027735
27,B0100,aggressive,HABFM,3798.547245,20088.770174,12311.229826,30150.995828,-20115.414401,15068.547062,362.763418,20894.393431,-753.166509,-1307.067077,-403.834897,140.204073,False,False,False,False,False,False,False,2-circle,-1.000000,-11.359967,-1405.234273,-97.603760,12.038504,100.000000,100.000000,0.000000,0.000000,2,0,0,0.0000,0.0000,0.0000,0.5000,"Pursue",-0.015971
28,A0100,pursuit_chase_v1,HABFM,3868.693637,20278.256251,12121.743749,30109.222913,-20305.655645,15076.384954,361.497739,20861.649563,-654.877350,-1440.941672,-427.071365,140.657785,False,False,False,False,False,False,False,2-circle,-1.000000,-15.050938,-845.168689,-94.424791,11.261974,100.000000,100.000000,0.000000,0.000000,2,4,4,0.0000,0.0000,0.0000,0.5000,"PursuitChaseOptimal",-0.026261
28,B0100,aggressive,HABFM,3868.693637,20278.256251,12121.743749,30109.222913,-20305.655645,15076.384954,361.497739,20861.649563,-654.877350,-1440.941672,-427.071365,140.657785,False,False,False,False,False,False,False,2-circle,-1.000000,-15.050938,-845.168689,-94.424791,11.261974,100.000000,100.000000,0.000000,0.000000,2,0,0,0.0000,0.0000,0.0000,0.5000,"Pursue",-0.014005
29,A0100,pursuit_chase_v1,HABFM,3868.693637,20278.256251,12121.743749,30109.222913,-20305.655645,15076.384954,361.497739,20861.649563,-654.877350,-1440.941672,-427.071365,140.657785,False,False,False,False,False,False,False,2-circle,-1.000000,-15.050938,-845.168689,-94.424791,11.261974,100.000000,100.000000,0.000000,0.000000,2,4,4,0.0000,0.0000,0.0000,0.5000,"PursuitChaseOptimal",-0.025245
29,B0100,aggressive,HABFM,3868.693637,20278.256251,12121.743749,30109.222913,-20305.655645,15076.384954,361.497739,20861.649563,-654.877350,-1440.941672,-427.071365,140.657785,False,False,False,False,False,False,False,2-circle,-1.000000,-15.050938,-845.168689,-94.424791,11.261974,100.000000,100.000000,0.000000,0.000000,2,0,0,0.0000,0.0000,0.0000,0.5000,"Pursue",-0.012343
30,A0100,pursuit_chase_v1,HABFM,3942.570565,20435.226341,11964.773659,30019.141704,-20463.449179,15083.975637,360.060417,20823.327086,-766.449538,-1568.698908,-447.632292,141.179526,False,False,False,False,False,False,False,2-circle,-1.000000,-19.194464,-114.679563,-90.289947,10.639537,100.000000,100.000000,0.000000,0.000000,2,4,4,0.0000,0.0000,0.0000,0.5000,"PursuitChaseOptimal",-0.024562
30,B0100,aggressive,HABFM,3942.570565,20435.226341,11964.773659,30019.141704,-20463.449179,15083.975637,360.060417,20823.327086,-766.449538,-1568.698908,-447.632292,141.179526,False,False,False,False,False,False,False,2-circle,-1.000000,-19.194464,-114.679563,-90.289947,10.639537,100.000000,100.000000,0.000000,0.000000,2,0,0,0.0000,0.0000,0.0000,0.5000,"Pursue",-0.010964
31,A0100,pursuit_chase_v1,HABFM,3942.570565,20435.226341,11964.773659,30019.141704,-20463.449179,15083.975637,360.060417,20823.327086,-766.449538,-1568.698908,-447.632292,141.179526,False,False,False,False,False,False,False,2-circle,-1.000000,-19.194464,-114.679563,-90.289947,10.639537,100.000000,100.000000,0.000000,0.000000,2,4,4,0.0000,0.0000,0.0000,0.5000,"PursuitChaseOptimal",-0.023931
31,B0100,aggressive,HABFM,3942.570565,20435.226341,11964.773659,30019.141704,-20463.449179,15083.975637,360.060417,20823.327086,-766.449538,-1568.698908,-447.632292,141.179526,False,False,False,False,False,False,False,2-circle,-1.000000,-19.194464,-114.679563,-90.289947,10.639537,100.000000,100.000000,0.000000,0.000000,2,0,0,0.0000,0.0000,0.0000,0.5000,"Pursue",-0.009848
32,A0100,pursuit_chase_v1,HABFM,4019.721836,20560.288591,11839.711409,29878.322866,-20589.715502,15091.381838,358.432585,20778.955411,-887.433505,-1694.945810,-465.953565,33.048098,False,False,False,False,False,False,False,2-circle,-1.000000,-23.708486,693.161314,-85.717510,10.238746,100.000000,100.000000,0.000000,0.000000,2,4,4,0.0000,0.0000,0.0000,0.5000,"PursuitChaseOptimal",-0.023194
32,B0100,aggressive,HABFM,4019.721836,20560.288591,11839.711409,29878.322866,-20589.715502,15091.381838,358.432585,20778.955411,-887.433505,-1694.945810,-465.953565,33.048098,False,False,False,False,False,False,False,2-circle,-1.000000,-23.708486,693.161314,-85.717510,10.238746,100.000000,100.000000,0.000000,0.000000,2,0,0,0.0000,0.0000,0.0000,0.5000,"Pursue",-0.008370
33,A0100,pursuit_chase_v1,HABFM,4019.721836,20560.288591,11839.711409,29878.322866,-20589.715502,15091.381838,358.432585,20778.955411,-887.433505,-1694.945810,-465.953565,33.048098,False,False,False,False,False,False,False,2-circle,-1.000000,-23.708486,693.161314,-85.717510,10.238746,100.000000,100.000000,0.000000,0.000000,2,4,4,0.0000,0.0000,0.0000,0.5000,"PursuitChaseOptimal",-0.022428
33,B0100,aggressive,HABFM,4019.721836,20560.288591,11839.711409,29878.322866,-20589.715502,15091.381838,358.432585,20778.955411,-887.433505,-1694.945810,-465.953565,33.048098,False,False,False,False,False,False,False,2-circle,-1.000000,-23.708486,693.161314,-85.717510,10.238746,100.000000,100.000000,0.000000,0.000000,2,0,0,0.0000,0.0000,0.0000,0.5000,"Pursue",-0.006235
34,A0100,pursuit_chase_v1,HABFM,4099.779192,20647.979950,11752.020050,29692.606311,-20679.315420,15098.707345,356.583544,20727.751455,-1024.079113,-1817.723986,-481.756814,17.644232,False,False,False,False,False,False,False,2-circle,-1.000000,-28.625567,1349.569152,-81.977628,9.983739,100.000000,100.000000,0.000000,0.000000,2,4,4,0.0000,0.0000,0.0000,0.5000,"PursuitChaseOptimal",-0.021716
34,B0100,aggressive,HABFM,4099.779192,20647.979950,11752.020050,29692.606311,-20679.315420,15098.707345,356.583544,20727.751455,-1024.079113,-1817.723986,-481.756814,17.644232,False,False,False,False,False,False,False,2-circle,-1.000000,-28.625567,1349.569152,-81.977628,9.983739,100.000000,100.000000,0.000000,0.000000,2,0,0,0.0000,0.0000,0.0000,0.5000,"Pursue",-0.004344
35,A0100,pursuit_chase_v1,HABFM,4099.779192,20647.979950,11752.020050,29692.606311,-20679.315420,15098.707345,356.583544,20727.751455,-1024.079113,-1817.723986,-481.756814,17.644232,False,False,False,False,False,False,False,2-circle,-1.000000,-28.625567,1349.569152,-81.977628,9.983739,100.000000,100.000000,0.000000,0.000000,2,4,4,0.0000,0.0000,0.0000,0.5000,"PursuitChaseOptimal",-0.021172
35,B0100,aggressive,HABFM,4099.779192,20647.979950,11752.020050,29692.606311,-20679.315420,15098.707345,356.583544,20727.751455,-1024.079113,-1817.723986,-481.756814,17.644232,False,False,False,False,False,False,False,2-circle,-1.000000,-28.625567,1349.569152,-81.977628,9.983739,100.000000,100.000000,0.000000,0.000000,2,0,0,0.0000,0.0000,0.0000,0.5000,"Pursue",-0.002569
36,A0100,pursuit_chase_v1,HABFM,4182.257074,20688.058740,11711.941260,29459.887806,-20721.710714,15106.050654,354.453004,20668.030104,-1194.427033,-1939.446719,-494.619840,16.606309,False,False,False,False,False,False,False,2-circle,-1.000000,-34.092242,1428.172075,-81.435970,9.776162,100.000000,100.000000,0.000000,0.000000,2,4,4,0.0000,0.0000,0.0000,0.5000,"PursuitChaseOptimal",-0.020352
36,B0100,aggressive,HABFM,4182.257074,20688.058740,11711.941260,29459.887806,-20721.710714,15106.050654,354.453004,20668.030104,-1194.427033,-1939.446719,-494.619840,16.606309,False,False,False,False,False,False,False,2-circle,-1.000000,-34.092242,1428.172075,-81.435970,9.776162,100.000000,100.000000,0.000000,0.000000,2,0,0,0.0000,0.0000,0.0000,0.5000,"Pursue",-0.000869
37,A0100,pursuit_chase_v1,HABFM,4182.257074,20688.058740,11711.941260,29459.887806,-20721.710714,15106.050654,354.453004,20668.030104,-1194.427033,-1939.446719,-494.619840,16.606309,False,False,False,False,False,False,False,2-circle,-1.000000,-34.092242,1428.172075,-81.435970,9.776162,100.000000,100.000000,0.000000,0.000000,2,4,4,0.0000,0.0000,0.0000,0.5000,"PursuitChaseOptimal",-0.019685
37,B0100,aggressive,HABFM,4182.257074,20688.058740,11711.941260,29459.887806,-20721.710714,15106.050654,354.453004,20668.030104,-1194.427033,-1939.446719,-494.619840,16.606309,False,False,False,False,False,False,False,2-circle,-1.000000,-34.092242,1428.172075,-81.435970,9.776162,100.000000,100.000000,0.000000,0.000000,2,0,0,0.0000,0.0000,0.0000,0.5000,"Pursue",0.000773
38,A0100,pursuit_chase_v1,HABFM,4266.693762,20685.592165,11714.407835,29178.266030,-20721.456303,15113.449421,352.110670,20602.161232,-1317.377423,-2062.891605,-504.844027,22.437522,False,False,False,False,False,False,False,2-circle,-1.000000,-40.021214,1017.694621,-83.600767,9.602215,100.000000,100.000000,0.000000,0.000000,2,4,4,0.0000,0.0000,0.0000,0.5000,"PursuitChaseOptimal",-0.018974
38,B0100,aggressive,HABFM,4266.693762,20685.592165,11714.407835,29178.266030,-20721.456303,15113.449421,352.110670,20602.161232,-1317.377423,-2062.891605,-504.844027,22.437522,False,False,False,False,False,False,False,2-circle,-1.000000,-40.021214,1017.694621,-83.600767,9.602215,100.000000,100.000000,0.000000,0.000000,2,0,0,0.0000,0.0000,0.0000,0.5000,"Pursue",0.002353
39,A0100,pursuit_chase_v1,HABFM,4266.693762,20685.592165,11714.407835,29178.266030,-20721.456303,15113.449421,352.110670,20602.161232,-1317.377423,-2062.891605,-504.844027,22.437522,False,False,False,False,False,False,False,2-circle,-1.000000,-40.021214,1017.694621,-83.600767,9.602215,100.000000,100.000000,0.000000,0.000000,2,4,4,0.0000,0.0000,0.0000,0.5000,"PursuitChaseOptimal",-0.018769
39,B0100,aggressive,HABFM,4266.693762,20685.592165,11714.407835,29178.266030,-20721.456303,15113.449421,352.110670,20602.161232,-1317.377423,-2062.891605,-504.844027,22.437522,False,False,False,False,False,False,False,2-circle,-1.000000,-40.021214,1017.694621,-83.600767,9.602215,100.000000,100.000000,0.000000,0.000000,2,0,0,0.0000,0.0000,0.0000,0.5000,"Pursue",0.003268
40,A0100,pursuit_chase_v1,HABFM,4352.681053,20647.810014,11752.189986,28874.145822,-20684.946314,15120.858047,349.637309,20532.731028,-1388.604085,-2201.694178,-513.147075,63.799258,False,False,False,False,False,False,False,2-circle,-1.000000,-46.242169,252.870622,-87.726175,9.372089,100.000000,100.000000,0.000000,0.000000,2,4,4,0.0000,0.0000,0.0000,0.5000,"PursuitChaseOptimal",-0.018416
40,B0100,aggressive,HABFM,4352.681053,20647.810014,11752.189986,28874.145822,-20684.946314,15120.858047,349.637309,20532.731028,-1388.604085,-2201.694178,-513.147075,63.799258,False,False,False,False,False,False,False,2-circle,-1.000000,-46.242169,252.870622,-87.726175,9.372089,100.000000,100.000000,0.000000,0.000000,2,0,0,0.0000,0.0000,0.0000,0.5000,"Pursue",0.002584
41,A0100,pursuit_chase_v1,HABFM,4352.681053,20647.810014,11752.189986,28874.145822,-20684.946314,15120.858047,349.637309,20532.731028,-1388.604085,-2201.694178,-513.147075,63.799258,False,False,False,False,False,False,False,2-circle,-1.000000,-46.242169,252.870622,-87.726175,9.372089,100.000000,100.000000,0.000000,0.000000,2,4,4,0.0000,0.0000,0.0000,0.5000,"PursuitChaseOptimal",-0.017848
41,B0100,aggressive,HABFM,4352.681053,20647.810014,11752.189986,28874.145822,-20684.946314,15120.858047,349.637309,20532.731028,-1388.604085,-2201.694178,-513.147075,63.799258,False,False,False,False,False,False,False,2-circle,-1.000000,-46.242169,252.870622,-87.726175,9.372089,100.000000,100.000000,0.000000,0.000000,2,0,0,0.0000,0.0000,0.0000,0.5000,"Pursue",0.001134
42,A0100,pursuit_chase_v1,HABFM,4440.090042,20622.531252,11777.468748,28594.691181,-20659.514844,15128.129443,347.422306,20471.649641,-1221.627753,-2346.109500,-521.876144,146.001252,False,False,False,False,False,False,False,2-circle,-1.000000,-52.804367,-471.003454,-91.614722,9.114736,100.000000,100.000000,0.000000,0.000000,2,4,4,0.0000,0.0000,0.0000,0.5000,"PursuitChaseOptimal",-0.017217
42,B0100,aggressive,HABFM,4440.090042,20622.531252,11777.468748,28594.691181,-20659.514844,15128.129443,347.422306,20471.649641,-1221.627753,-2346.109500,-521.876144,146.001252,False,False,False,False,False,False,False,2-circle,-1.000000,-52.804367,-471.003454,-91.614722,9.114736,100.000000,100.000000,0.000000,0.000000,2,0,0,0.0000,0.0000,0.0000,0.5000,"Pursue",-0.000083
43,A0100,pursuit_chase_v1,HABFM,4440.090042,20622.531252,11777.468748,28594.691181,-20659.514844,15128.129443,347.422306,20471.649641,-1221.627753,-2346.109500,-521.876144,146.001252,False,False,False,False,False,False,False,2-circle,-1.000000,-52.804367,-471.003454,-91.614722,9.114736,100.000000,100.000000,0.000000,0.000000,2,4,4,0.0000,0.0000,0.0000,0.5000,"PursuitChaseOptimal",-0.016699
43,B0100,aggressive,HABFM,4440.090042,20622.531252,11777.468748,28594.691181,-20659.514844,15128.129443,347.422306,20471.649641,-1221.627753,-2346.109500,-521.876144,146.001252,False,False,False,False,False,False,False,2-circle,-1.000000,-52.804367,-471.003454,-91.614722,9.114736,100.000000,100.000000,0.000000,0.000000,2,0,0,0.0000,0.0000,0.0000,0.5000,"Pursue",-0.001150
44,A0100,pursuit_chase_v1,HABFM,4529.062583,20628.140069,11771.859931,28351.080899,-20664.852281,15135.154178,345.602721,20422.848775,-976.017313,-2479.794485,-531.385190,146.723370,False,False,False,False,False,False,False,2-circle,-1.000000,-59.750829,-442.561437,-91.313110,8.906611,100.000000,100.000000,0.000000,0.000000,2,4,4,0.0000,0.0000,0.0000,0.5000,"PursuitChaseOptimal",-0.016358
44,B0100,aggressive,HABFM,4529.062583,20628.140069,11771.859931,28351.080899,-20664.852281,15135.154178,345.602721,20422.848775,-976.017313,-2479.794485,-531.385190,146.723370,False,False,False,False,False,False,False,2-circle,-1.000000,-59.750829,-442.561437,-91.313110,8.906611,100.000000,100.000000,0.000000,0.000000,2,0,0,0.0000,0.0000,0.0000,0.5000,"Pursue",-0.002096
45,A0100,pursuit_chase_v1,HABFM,4529.062583,20628.140069,11771.859931,28351.080899,-20664.852281,15135.154178,345.602721,20422.848775,-976.017313,-2479.794485,-531.385190,146.723370,False,False,False,False,False,False,False,2-circle,-1.000000,-59.750829,-442.561437,-91.313110,8.906611,100.000000,100.000000,0.000000,0.000000,2,4,4,0.0000,0.0000,0.0000,0.5000,"PursuitChaseOptimal",-0.015590
45,B0100,aggressive,HABFM,4529.062583,20628.140069,11771.859931,28351.080899,-20664.852281,15135.154178,345.602721,20422.848775,-976.017313,-2479.794485,-531.385190,146.723370,False,False,False,False,False,False,False,2-circle,-1.000000,-59.750829,-442.561437,-91.313110,8.906611,100.000000,100.000000,0.000000,0.000000,2,0,0,0.0000,0.0000,0.0000,0.5000,"Pursue",-0.002963
46,A0100,pursuit_chase_v1,HABFM,4619.691222,20657.447654,11742.552346,28125.966802,-20694.335328,15141.948393,344.101944,20383.819168,-780.592130,-2590.648454,-541.230038,78.716712,False,False,False,False,False,False,False,2-circle,-1.000000,-67.010235,102.995376,-88.128920,8.677910,100.000000,100.000000,0.000000,0.000000,2,4,4,0.0000,0.0000,0.0000,0.5000,"PursuitChaseOptimal",-0.015045
46,B0100,aggressive,HABFM,4619.691222,20657.447654,11742.552346,28125.966802,-20694.335328,15141.948393,344.101944,20383.819168,-780.592130,-2590.648454,-541.230038,78.716712,False,False,False,False,False,False,False,2-circle,-1.000000,-67.010235,102.995376,-88.128920,8.677910,100.000000,100.000000,0.000000,0.000000,2,0,0,0.0000,0.0000,0.0000,0.5000,"Pursue",-0.002508
47,A0100,pursuit_chase_v1,HABFM,4619.691222,20657.447654,11742.552346,28125.966802,-20694.335328,15141.948393,344.101944,20383.819168,-780.592130,-2590.648454,-541.230038,78.716712,False,False,False,False,False,False,False,2-circle,-1.000000,-67.010235,102.995376,-88.128920,8.677910,100.000000,100.000000,0.000000,0.000000,2,4,4,0.0000,0.0000,0.0000,0.5000,"PursuitChaseOptimal",-0.014676
47,B0100,aggressive,HABFM,4619.691222,20657.447654,11742.552346,28125.966802,-20694.335328,15141.948393,344.101944,20383.819168,-780.592130,-2590.648454,-541.230038,78.716712,False,False,False,False,False,False,False,2-circle,-1.000000,-67.010235,102.995376,-88.128920,8.677910,100.000000,100.000000,0.000000,0.000000,2,0,0,0.0000,0.0000,0.0000,0.5000,"Pursue",-0.000378
48,A0100,pursuit_chase_v1,HABFM,4711.920818,20673.154627,11726.845373,27887.810360,-20710.750592,15148.578564,342.608677,20345.052743,-775.328517,-2688.768063,-549.730085,28.865212,False,False,False,False,False,False,False,2-circle,-1.000000,-74.342469,657.697263,-84.888421,8.446370,100.000000,100.000000,0.000000,0.000000,2,4,4,0.0000,0.0000,0.0000,0.5000,"PursuitChaseOptimal",-0.014153
48,B0100,aggressive,HABFM,4711.920818,20673.154627,11726.845373,27887.810360,-20710.750592,15148.578564,342.608677,20345.052743,-775.328517,-2688.768063,-549.730085,28.865212,False,False,False,False,False,False,False,2-circle,-1.000000,-74.342469,657.697263,-84.888421,8.446370,100.000000,100.000000,0.000000,0.000000,2,0,0,0.0000,0.0000,0.0000,0.5000,"Pursue",0.001461
49,A0100,pursuit_chase_v1,HABFM,4711.920818,20673.154627,11726.845373,27887.810360,-20710.750592,15148.578564,342.608677,20345.052743,-775.328517,-2688.768063,-549.730085,28.865212,False,False,False,False,False,False,False,2-circle,-1.000000,-74.342469,657.697263,-84.888421,8.446370,100.000000,100.000000,0.000000,0.000000,2,4,4,0.0000,0.0000,0.0000,0.5000,"PursuitChaseOptimal",-0.014186
49,B0100,aggressive,HABFM,4711.920818,20673.154627,11726.845373,27887.810360,-20710.750592,15148.578564,342.608677,20345.052743,-775.328517,-2688.768063,-549.730085,28.865212,False,False,False,False,False,False,False,2-circle,-1.000000,-74.342469,657.697263,-84.888421,8.446370,100.000000,100.000000,0.000000,0.000000,2,0,0,0.0000,0.0000,0.0000,0.5000,"Pursue",0.003201
50,A0100,pursuit_chase_v1,HABFM,4805.386498,20641.939528,11758.060472,27608.959565,-20680.300340,15155.112605,340.861812,20298.731154,-926.431777,-2801.964684,-555.986069,27.120736,False,False,False,False,False,False,False,2-circle,-1.000000,-81.619887,692.017259,-84.535475,8.210029,100.000000,100.000000,0.000000,0.000000,2,4,4,0.0000,0.0000,0.0000,0.5000,"PursuitChaseOptimal",-0.013911
50,B0100,aggressive,HABFM,4805.386498,20641.939528,11758.060472,27608.959565,-20680.300340,15155.112605,340.861812,20298.731154,-926.431777,-2801.964684,-555.986069,27.120736,False,False,False,False,False,False,False,2-circle,-1.000000,-81.619887,692.017259,-84.535475,8.210029,100.000000,100.000000,0.000000,0.000000,2,0,0,0.0000,0.0000,0.0000,0.5000,"Pursue",0.004871
51,A0100,pursuit_chase_v1,HABFM,4805.386498,20641.939528,11758.060472,27608.959565,-20680.300340,15155.112605,340.861812,20298.731154,-926.431777,-2801.964684,-555.986069,27.120736,False,False,False,False,False,False,False,2-circle,-1.000000,-81.619887,692.017259,-84.535475,8.210029,100.000000,100.000000,0.000000,0.000000,2,4,4,0.0000,0.0000,0.0000,0.5000,"PursuitChaseOptimal",-0.013379
51,B0100,aggressive,HABFM,4805.386498,20641.939528,11758.060472,27608.959565,-20680.300340,15155.112605,340.861812,20298.731154,-926.431777,-2801.964684,-555.986069,27.120736,False,False,False,False,False,False,False,2-circle,-1.000000,-81.619887,692.017259,-84.535475,8.210029,100.000000,100.000000,0.000000,0.000000,2,0,0,0.0000,0.0000,0.0000,0.5000,"Pursue",0.006481
52,A0100,pursuit_chase_v1,HABFM,4899.782451,20569.639434,11830.360566,27299.006912,-20608.411917,15161.570172,338.923494,20246.856477,-1037.493527,-2940.240577,-560.533366,45.259689,False,False,False,False,False,False,False,2-circle,-1.000000,-89.061359,271.430465,-86.701484,7.990426,100.000000,100.000000,0.000000,0.000000,2,4,4,0.0000,0.0000,0.0000,0.5000,"PursuitChaseOptimal",-0.013007
52,B0100,aggressive,HABFM,4899.782451,20569.639434,11830.360566,27299.006912,-20608.411917,15161.570172,338.923494,20246.856477,-1037.493527,-2940.240577,-560.533366,45.259689,False,False,False,False,False,False,False,2-circle,-1.000000,-89.061359,271.430465,-86.701484,7.990426,100.000000,100.000000,0.000000,0.000000,2,0,0,0.0000,0.0000,0.0000,0.5000,"Pursue",0.007375
53,A0100,pursuit_chase_v1,HABFM,4899.782451,20569.639434,11830.360566,27299.006912,-20608.411917,15161.570172,338.923494,20246.856477,-1037.493527,-2940.240577,-560.533366,45.259689,False,False,False,False,False,False,False,2-circle,-1.000000,-89.061359,271.430465,-86.701484,7.990426,100.000000,100.000000,0.000000,0.000000,2,4,4,0.0000,0.0000,0.0000,0.5000,"PursuitChaseOptimal",-0.012662
53,B0100,aggressive,HABFM,4899.782451,20569.639434,11830.360566,27299.006912,-20608.411917,15161.570172,338.923494,20246.856477,-1037.493527,-2940.240577,-560.533366,45.259689,False,False,False,False,False,False,False,2-circle,-1.000000,-89.061359,271.430465,-86.701484,7.990426,100.000000,100.000000,0.000000,0.000000,2,0,0,0.0000,0.0000,0.0000,0.5000,"Pursue",0.006691
54,A0100,pursuit_chase_v1,HABFM,4994.842935,20481.925340,11918.074660,26983.521881,-20520.014032,15167.894270,337.005706,20195.793528,-1021.258995,-3081.000947,-564.089245,150.242525,False,False,False,False,False,False,False,2-circle,-1.000000,-96.751847,-455.212122,-90.557082,7.721220,100.000000,100.000000,0.000000,0.000000,2,4,4,0.0000,0.0000,0.0000,0.5000,"PursuitChaseOptimal",-0.012535
54,B0100,aggressive,HABFM,4994.842935,20481.925340,11918.074660,26983.521881,-20520.014032,15167.894270,337.005706,20195.793528,-1021.258995,-3081.000947,-564.089245,150.242525,False,False,False,False,False,False,False,2-circle,-1.000000,-96.751847,-455.212122,-90.557082,7.721220,100.000000,100.000000,0.000000,0.000000,2,0,0,0.0000,0.0000,0.0000,0.5000,"Pursue",0.005225
55,A0100,pursuit_chase_v1,HABFM,4994.842935,20481.925340,11918.074660,26983.521881,-20520.014032,15167.894270,337.005706,20195.793528,-1021.258995,-3081.000947,-564.089245,150.242525,False,False,False,False,False,False,False,2-circle,-1.000000,-96.751847,-455.212122,-90.557082,7.721220,100.000000,100.000000,0.000000,0.000000,2,4,4,0.0000,0.0000,0.0000,0.5000,"PursuitChaseOptimal",-0.011943
55,B0100,aggressive,HABFM,4994.842935,20481.925340,11918.074660,26983.521881,-20520.014032,15167.894270,337.005706,20195.793528,-1021.258995,-3081.000947,-564.089245,150.242525,False,False,False,False,False,False,False,2-circle,-1.000000,-96.751847,-455.212122,-90.557082,7.721220,100.000000,100.000000,0.000000,0.000000,2,0,0,0.0000,0.0000,0.0000,0.5000,"Pursue",0.003962
56,A0100,pursuit_chase_v1,HABFM,5090.597271,20425.274568,11974.725432,26702.489316,-20462.051077,15173.964573,335.471500,20156.189384,-792.082876,-3202.959673,-568.586640,150.889187,False,False,False,False,False,False,False,2-circle,-1.000000,-104.566975,-735.998151,-91.926877,7.523009,100.000000,100.000000,0.000000,0.000000,2,4,4,0.0000,0.0000,0.0000,0.5000,"PursuitChaseOptimal",-0.011534
56,B0100,aggressive,HABFM,5090.597271,20425.274568,11974.725432,26702.489316,-20462.051077,15173.964573,335.471500,20156.189384,-792.082876,-3202.959673,-568.586640,150.889187,False,False,False,False,False,False,False,2-circle,-1.000000,-104.566975,-735.998151,-91.926877,7.523009,100.000000,100.000000,0.000000,0.000000,2,0,0,0.0000,0.0000,0.0000,0.5000,"Pursue",0.002813
57,A0100,pursuit_chase_v1,HABFM,5090.597271,20425.274568,11974.725432,26702.489316,-20462.051077,15173.964573,335.471500,20156.189384,-792.082876,-3202.959673,-568.586640,150.889187,False,False,False,False,False,False,False,2-circle,-1.000000,-104.566975,-735.998151,-91.926877,7.523009,100.000000,100.000000,0.000000,0.000000,2,4,4,0.0000,0.0000,0.0000,0.5000,"PursuitChaseOptimal",-0.011158
57,B0100,aggressive,HABFM,5090.597271,20425.274568,11974.725432,26702.489316,-20462.051077,15173.964573,335.471500,20156.189384,-792.082876,-3202.959673,-568.586640,150.889187,False,False,False,False,False,False,False,2-circle,-1.000000,-104.566975,-735.998151,-91.926877,7.523009,100.000000,100.000000,0.000000,0.000000,2,0,0,0.0000,0.0000,0.0000,0.5000,"Pursue",0.001746
58,A0100,pursuit_chase_v1,HABFM,5187.165377,20397.132486,12002.867514,26457.573139,-20432.838340,15179.763636,334.279143,20126.635002,-591.087631,-3300.341053,-573.645258,151.393544,False,False,False,False,False,False,False,2-circle,-1.000000,-112.253735,-401.846908,-89.876292,7.324339,100.000000,100.000000,0.000000,0.000000,2,4,4,0.0000,0.0000,0.0000,0.5000,"PursuitChaseOptimal",-0.011238
58,B0100,aggressive,HABFM,5187.165377,20397.132486,12002.867514,26457.573139,-20432.838340,15179.763636,334.279143,20126.635002,-591.087631,-3300.341053,-573.645258,151.393544,False,False,False,False,False,False,False,2-circle,-1.000000,-112.253735,-401.846908,-89.876292,7.324339,100.000000,100.000000,0.000000,0.000000,2,0,0,0.0000,0.0000,0.0000,0.5000,"Pursue",0.000737
59,A0100,pursuit_chase_v1,HABFM,5187.165377,20397.132486,12002.867514,26457.573139,-20432.838340,15179.763636,334.279143,20126.635002,-591.087631,-3300.341053,-573.645258,151.393544,False,False,False,False,False,False,False,2-circle,-1.000000,-112.253735,-401.846908,-89.876292,7.324339,100.000000,100.000000,0.000000,0.000000,2,4,4,0.0000,0.0000,0.0000,0.5000,"PursuitChaseOptimal",-0.011099
59,B0100,aggressive,HABFM,5187.165377,20397.132486,12002.867514,26457.573139,-20432.838340,15179.763636,334.279143,20126.635002,-591.087631,-3300.341053,-573.645258,151.393544,False,False,False,False,False,False,False,2-circle,-1.000000,-112.253735,-401.846908,-89.876292,7.324339,100.000000,100.000000,0.000000,0.000000,2,0,0,0.0000,0.0000,0.0000,0.5000,"Pursue",-0.000230
60,A0100,pursuit_chase_v1,HABFM,5284.680055,20393.509993,12006.490007,26238.398035,-20428.624546,15185.336546,333.334183,20104.279248,-447.115081,-3399.771828,-579.763043,39.574835,False,False,False,False,False,False,False,2-circle,-1.000000,-119.824550,229.550960,-86.169715,7.144695,100.000000,100.000000,0.000000,0.000000,2,4,4,0.0000,0.0000,0.0000,0.5000,"PursuitChaseOptimal",-0.010763
60,B0100,aggressive,HABFM,5284.680055,20393.509993,12006.490007,26238.398035,-20428.624546,15185.336546,333.334183,20104.279248,-447.115081,-3399.771828,-579.763043,39.574835,False,False,False,False,False,False,False,2-circle,-1.000000,-119.824550,229.550960,-86.169715,7.144695,100.000000,100.000000,0.000000,0.000000,2,0,0,0.0000,0.0000,0.0000,0.5000,"Pursue",0.000135
61,A0100,pursuit_chase_v1,HABFM,5284.680055,20393.509993,12006.490007,26238.398035,-20428.624546,15185.336546,333.334183,20104.279248,-447.115081,-3399.771828,-579.763043,39.574835,False,False,False,False,False,False,False,2-circle,-1.000000,-119.824550,229.550960,-86.169715,7.144695,100.000000,100.000000,0.000000,0.000000,2,4,4,0.0000,0.0000,0.0000,0.5000,"PursuitChaseOptimal",-0.010590
61,B0100,aggressive,HABFM,5284.680055,20393.509993,12006.490007,26238.398035,-20428.624546,15185.336546,333.334183,20104.279248,-447.115081,-3399.771828,-579.763043,39.574835,False,False,False,False,False,False,False,2-circle,-1.000000,-119.824550,229.550960,-86.169715,7.144695,100.000000,100.000000,0.000000,0.000000,2,0,0,0.0000,0.0000,0.0000,0.5000,"Pursue",0.002246
62,A0100,pursuit_chase_v1,HABFM,5383.227030,20378.077930,12021.922070,26012.270890,-20413.222082,15190.750914,332.342731,20080.475819,-476.068581,-3502.500709,-585.133191,21.380428,False,False,False,False,False,False,False,2-circle,-1.000000,-127.471071,777.772380,-82.916140,7.014595,100.000000,100.000000,0.000000,0.000000,2,4,4,0.0000,0.0000,0.0000,0.5000,"PursuitChaseOptimal",-0.010047
62,B0100,aggressive,HABFM,5383.227030,20378.077930,12021.922070,26012.270890,-20413.222082,15190.750914,332.342731,20080.475819,-476.068581,-3502.500709,-585.133191,21.380428,False,False,False,False,False,False,False,2-circle,-1.000000,-127.471071,777.772380,-82.916140,7.014595,100.000000,100.000000,0.000000,0.000000,2,0,0,0.0000,0.0000,0.0000,0.5000,"Pursue",0.004081
63,A0100,pursuit_chase_v1,HABFM,5383.227030,20378.077930,12021.922070,26012.270890,-20413.222082,15190.750914,332.342731,20080.475819,-476.068581,-3502.500709,-585.133191,21.380428,False,False,False,False,False,False,False,2-circle,-1.000000,-127.471071,777.772380,-82.916140,7.014595,100.000000,100.000000,0.000000,0.000000,2,4,4,0.0000,0.0000,0.0000,0.5000,"PursuitChaseOptimal",-0.009569
63,B0100,aggressive,HABFM,5383.227030,20378.077930,12021.922070,26012.270890,-20413.222082,15190.750914,332.342731,20080.475819,-476.068581,-3502.500709,-585.133191,21.380428,False,False,False,False,False,False,False,2-circle,-1.000000,-127.471071,777.772380,-82.916140,7.014595,100.000000,100.000000,0.000000,0.000000,2,0,0,0.0000,0.0000,0.0000,0.5000,"Pursue",0.005837
64,A0100,pursuit_chase_v1,HABFM,5482.473579,20316.871186,12083.128814,25751.702624,-20352.292594,15196.081039,331.044189,20047.669969,-656.116997,-3607.133177,-588.024020,20.636842,False,False,False,False,False,False,False,2-circle,-1.000000,-135.057542,789.378016,-82.636834,6.898855,100.000000,100.000000,0.000000,0.000000,2,4,4,0.0000,0.0000,0.0000,0.5000,"PursuitChaseOptimal",-0.009733
64,B0100,aggressive,HABFM,5482.473579,20316.871186,12083.128814,25751.702624,-20352.292594,15196.081039,331.044189,20047.669969,-656.116997,-3607.133177,-588.024020,20.636842,False,False,False,False,False,False,False,2-circle,-1.000000,-135.057542,789.378016,-82.636834,6.898855,100.000000,100.000000,0.000000,0.000000,2,0,0,0.0000,0.0000,0.0000,0.5000,"Pursue",0.007541
65,A0100,pursuit_chase_v1,HABFM,5482.473579,20316.871186,12083.128814,25751.702624,-20352.292594,15196.081039,331.044189,20047.669969,-656.116997,-3607.133177,-588.024020,20.636842,False,False,False,False,False,False,False,2-circle,-1.000000,-135.057542,789.378016,-82.636834,6.898855,100.000000,100.000000,0.000000,0.000000,2,4,4,0.0000,0.0000,0.0000,0.5000,"PursuitChaseOptimal",-0.009654
65,B0100,aggressive,HABFM,5482.473579,20316.871186,12083.128814,25751.702624,-20352.292594,15196.081039,331.044189,20047.669969,-656.116997,-3607.133177,-588.024020,20.636842,False,False,False,False,False,False,False,2-circle,-1.000000,-135.057542,789.378016,-82.636834,6.898855,100.000000,100.000000,0.000000,0.000000,2,0,0,0.0000,0.0000,0.0000,0.5000,"Pursue",0.009208
66,A0100,pursuit_chase_v1,HABFM,5582.077898,20215.254192,12184.745808,25452.151961,-20250.748880,15201.356994,329.490613,20007.516184,-803.075701,-3735.705175,-589.407787,30.015069,False,False,False,False,False,False,False,2-circle,-1.000000,-142.593647,341.862499,-84.900230,6.793487,100.000000,100.000000,0.000000,0.000000,2,4,4,0.0000,0.0000,0.0000,0.5000,"PursuitChaseOptimal",-0.009384
66,B0100,aggressive,HABFM,5582.077898,20215.254192,12184.745808,25452.151961,-20250.748880,15201.356994,329.490613,20007.516184,-803.075701,-3735.705175,-589.407787,30.015069,False,False,False,False,False,False,False,2-circle,-1.000000,-142.593647,341.862499,-84.900230,6.793487,100.000000,100.000000,0.000000,0.000000,2,0,0,0.0000,0.0000,0.0000,0.5000,"Pursue",0.010832
67,A0100,pursuit_chase_v1,HABFM,5582.077898,20215.254192,12184.745808,25452.151961,-20250.748880,15201.356994,329.490613,20007.516184,-803.075701,-3735.705175,-589.407787,30.015069,False,False,False,False,False,False,False,2-circle,-1.000000,-142.593647,341.862499,-84.900230,6.793487,100.000000,100.000000,0.000000,0.000000,2,4,4,0.0000,0.0000,0.0000,0.5000,"PursuitChaseOptimal",-0.009292
67,B0100,aggressive,HABFM,5582.077898,20215.254192,12184.745808,25452.151961,-20250.748880,15201.356994,329.490613,20007.516184,-803.075701,-3735.705175,-589.407787,30.015069,False,False,False,False,False,False,False,2-circle,-1.000000,-142.593647,341.862499,-84.900230,6.793487,100.000000,100.000000,0.000000,0.000000,2,0,0,0.0000,0.0000,0.0000,0.5000,"Pursue",0.011049
68,A0100,pursuit_chase_v1,HABFM,5681.795989,20085.132994,12314.867006,25127.578611,-20119.733906,15206.536780,327.785198,19963.072186,-888.879959,-3869.650357,-589.450769,133.084209,False,False,False,False,False,False,False,2-circle,-1.000000,-150.157504,-409.531680,-88.841255,6.628878,100.000000,100.000000,0.000000,0.000000,2,4,4,0.0000,0.0000,0.0000,0.5000,"PursuitChaseOptimal",-0.008827
68,B0100,aggressive,HABFM,5681.795989,20085.132994,12314.867006,25127.578611,-20119.733906,15206.536780,327.785198,19963.072186,-888.879959,-3869.650357,-589.450769,133.084209,False,False,False,False,False,False,False,2-circle,-1.000000,-150.157504,-409.531680,-88.841255,6.628878,100.000000,100.000000,0.000000,0.000000,2,0,0,0.0000,0.0000,0.0000,0.5000,"Pursue",0.009376
69,A0100,pursuit_chase_v1,HABFM,5681.795989,20085.132994,12314.867006,25127.578611,-20119.733906,15206.536780,327.785198,19963.072186,-888.879959,-3869.650357,-589.450769,133.084209,False,False,False,False,False,False,False,2-circle,-1.000000,-150.157504,-409.531680,-88.841255,6.628878,100.000000,100.000000,0.000000,0.000000,2,4,4,0.0000,0.0000,0.0000,0.5000,"PursuitChaseOptimal",-0.008528
69,B0100,aggressive,HABFM,5681.795989,20085.132994,12314.867006,25127.578611,-20119.733906,15206.536780,327.785198,19963.072186,-888.879959,-3869.650357,-589.450769,133.084209,False,False,False,False,False,False,False,2-circle,-1.000000,-150.157504,-409.531680,-88.841255,6.628878,100.000000,100.000000,0.000000,0.000000,2,0,0,0.0000,0.0000,0.0000,0.5000,"Pursue",0.007957
70,A0100,pursuit_chase_v1,HABFM,5781.557361,19984.116116,12415.883884,24840.118563,-20017.075116,15211.505528,326.362773,19926.848515,-724.473429,-3975.411462,-590.086424,154.851442,False,False,False,False,False,False,False,2-circle,-1.000000,-157.424291,-734.823034,-90.411114,6.507778,100.000000,100.000000,0.000000,0.000000,2,4,4,0.0000,0.0000,0.0000,0.5000,"PursuitChaseOptimal",-0.008212
70,B0100,aggressive,HABFM,5781.557361,19984.116116,12415.883884,24840.118563,-20017.075116,15211.505528,326.362773,19926.848515,-724.473429,-3975.411462,-590.086424,154.851442,False,False,False,False,False,False,False,2-circle,-1.000000,-157.424291,-734.823034,-90.411114,6.507778,100.000000,100.000000,0.000000,0.000000,2,0,0,0.0000,0.0000,0.0000,0.5000,"Pursue",0.006631
71,A0100,pursuit_chase_v1,HABFM,5781.557361,19984.116116,12415.883884,24840.118563,-20017.075116,15211.505528,326.362773,19926.848515,-724.473429,-3975.411462,-590.086424,154.851442,False,False,False,False,False,False,False,2-circle,-1.000000,-157.424291,-734.823034,-90.411114,6.507778,100.000000,100.000000,0.000000,0.000000,2,4,4,0.0000,0.0000,0.0000,0.5000,"PursuitChaseOptimal",-0.008355
71,B0100,aggressive,HABFM,5781.557361,19984.116116,12415.883884,24840.118563,-20017.075116,15211.505528,326.362773,19926.848515,-724.473429,-3975.411462,-590.086424,154.851442,False,False,False,False,False,False,False,2-circle,-1.000000,-157.424291,-734.823034,-90.411114,6.507778,100.000000,100.000000,0.000000,0.000000,2,0,0,0.0000,0.0000,0.0000,0.5000,"Pursue",0.005385
72,A0100,pursuit_chase_v1,HABFM,5881.498316,19915.079441,12484.920559,24590.571317,-19946.515380,15216.231284,325.237592,19899.116722,-554.635860,-4067.242066,-591.760430,113.692091,False,False,False,False,False,False,False,2-circle,-1.000000,-164.179353,-457.452975,-88.633656,6.375511,100.000000,100.000000,0.000000,0.000000,2,4,4,0.0000,0.0000,0.0000,0.5000,"PursuitChaseOptimal",-0.008316
72,B0100,aggressive,HABFM,5881.498316,19915.079441,12484.920559,24590.571317,-19946.515380,15216.231284,325.237592,19899.116722,-554.635860,-4067.242066,-591.760430,113.692091,False,False,False,False,False,False,False,2-circle,-1.000000,-164.179353,-457.452975,-88.633656,6.375511,100.000000,100.000000,0.000000,0.000000,2,0,0,0.0000,0.0000,0.0000,0.5000,"Pursue",0.004203
73,A0100,pursuit_chase_v1,HABFM,5881.498316,19915.079441,12484.920559,24590.571317,-19946.515380,15216.231284,325.237592,19899.116722,-554.635860,-4067.242066,-591.760430,113.692091,False,False,False,False,False,False,False,2-circle,-1.000000,-164.179353,-457.452975,-88.633656,6.375511,100.000000,100.000000,0.000000,0.000000,2,4,4,0.0000,0.0000,0.0000,0.5000,"PursuitChaseOptimal",-0.008111
73,B0100,aggressive,HABFM,5881.498316,19915.079441,12484.920559,24590.571317,-19946.515380,15216.231284,325.237592,19899.116722,-554.635860,-4067.242066,-591.760430,113.692091,False,False,False,False,False,False,False,2-circle,-1.000000,-164.179353,-457.452975,-88.633656,6.375511,100.000000,100.000000,0.000000,0.000000,2,0,0,0.0000,0.0000,0.0000,0.5000,"Pursue",0.003060
74,A0100,pursuit_chase_v1,HABFM,5981.830966,19873.730867,12526.269133,24371.171250,-19904.064020,15220.747628,324.362544,19878.468466,-412.965120,-4163.625814,-594.667563,31.845309,False,False,False,False,False,False,False,2-circle,-1.000000,-170.682317,131.362909,-85.120525,6.253739,100.000000,100.000000,0.000000,0.000000,2,4,4,0.0000,0.0000,0.0000,0.5000,"PursuitChaseOptimal",-0.008019
74,B0100,aggressive,HABFM,5981.830966,19873.730867,12526.269133,24371.171250,-19904.064020,15220.747628,324.362544,19878.468466,-412.965120,-4163.625814,-594.667563,31.845309,False,False,False,False,False,False,False,2-circle,-1.000000,-170.682317,131.362909,-85.120525,6.253739,100.000000,100.000000,0.000000,0.000000,2,0,0,0.0000,0.0000,0.0000,0.5000,"Pursue",0.003319
75,A0100,pursuit_chase_v1,HABFM,5981.830966,19873.730867,12526.269133,24371.171250,-19904.064020,15220.747628,324.362544,19878.468466,-412.965120,-4163.625814,-594.667563,31.845309,False,False,False,False,False,False,False,2-circle,-1.000000,-170.682317,131.362909,-85.120525,6.253739,100.000000,100.000000,0.000000,0.000000,2,4,4,0.0000,0.0000,0.0000,0.5000,"PursuitChaseOptimal",-0.007563
75,B0100,aggressive,HABFM,5981.830966,19873.730867,12526.269133,24371.171250,-19904.064020,15220.747628,324.362544,19878.468466,-412.965120,-4163.625814,-594.667563,31.845309,False,False,False,False,False,False,False,2-circle,-1.000000,-170.682317,131.362909,-85.120525,6.253739,100.000000,100.000000,0.000000,0.000000,2,0,0,0.0000,0.0000,0.0000,0.5000,"Pursue",0.005444
76,A0100,pursuit_chase_v1,HABFM,6082.648850,19823.295866,12576.704134,24148.666536,-19853.125973,15225.114547,323.450521,19856.679601,-435.777290,-4252.935643,-596.834010,19.320474,False,False,False,False,False,False,False,2-circle,-1.000000,-177.111598,653.162732,-81.969454,6.173668,100.000000,100.000000,0.000000,0.000000,2,4,4,0.0000,0.0000,0.0000,0.5000,"PursuitChaseOptimal",-0.007168
76,B0100,aggressive,HABFM,6082.648850,19823.295866,12576.704134,24148.666536,-19853.125973,15225.114547,323.450521,19856.679601,-435.777290,-4252.935643,-596.834010,19.320474,False,False,False,False,False,False,False,2-circle,-1.000000,-177.111598,653.162732,-81.969454,6.173668,100.000000,100.000000,0.000000,0.000000,2,0,0,0.0000,0.0000,0.0000,0.5000,"Pursue",0.007297
77,A0100,pursuit_chase_v1,HABFM,6082.648850,19823.295866,12576.704134,24148.666536,-19853.125973,15225.114547,323.450521,19856.679601,-435.777290,-4252.935643,-596.834010,19.320474,False,False,False,False,False,False,False,2-circle,-1.000000,-177.111598,653.162732,-81.969454,6.173668,100.000000,100.000000,0.000000,0.000000,2,4,4,0.0000,0.0000,0.0000,0.5000,"PursuitChaseOptimal",-0.007412
77,B0100,aggressive,HABFM,6082.648850,19823.295866,12576.704134,24148.666536,-19853.125973,15225.114547,323.450521,19856.679601,-435.777290,-4252.935643,-596.834010,19.320474,False,False,False,False,False,False,False,2-circle,-1.000000,-177.111598,653.162732,-81.969454,6.173668,100.000000,100.000000,0.000000,0.000000,2,0,0,0.0000,0.0000,0.0000,0.5000,"Pursue",0.009091
78,A0100,pursuit_chase_v1,HABFM,6183.644930,19729.054810,12670.945190,23891.574645,-19758.710780,15229.407032,322.242130,19826.430239,-604.987251,-4355.828737,-597.028930,18.694347,False,False,False,False,False,False,False,2-circle,-1.000000,-183.390231,659.036878,-81.675157,6.105816,100.000000,100.000000,0.000000,0.000000,2,4,4,0.0000,0.0000,0.0000,0.5000,"PursuitChaseOptimal",-0.007393
78,B0100,aggressive,HABFM,6183.644930,19729.054810,12670.945190,23891.574645,-19758.710780,15229.407032,322.242130,19826.430239,-604.987251,-4355.828737,-597.028930,18.694347,False,False,False,False,False,False,False,2-circle,-1.000000,-183.390231,659.036878,-81.675157,6.105816,100.000000,100.000000,0.000000,0.000000,2,0,0,0.0000,0.0000,0.0000,0.5000,"Pursue",0.010854
79,A0100,pursuit_chase_v1,HABFM,6183.644930,19729.054810,12670.945190,23891.574645,-19758.710780,15229.407032,322.242130,19826.430239,-604.987251,-4355.828737,-597.028930,18.694347,False,False,False,False,False,False,False,2-circle,-1.000000,-183.390231,659.036878,-81.675157,6.105816,100.000000,100.000000,0.000000,0.000000,2,4,4,0.0000,0.0000,0.0000,0.5000,"PursuitChaseOptimal",-0.007193
79,B0100,aggressive,HABFM,6183.644930,19729.054810,12670.945190,23891.574645,-19758.710780,15229.407032,322.242130,19826.430239,-604.987251,-4355.828737,-597.028930,18.694347,False,False,False,False,False,False,False,2-circle,-1.000000,-183.390231,659.036878,-81.675157,6.105816,100.000000,100.000000,0.000000,0.000000,2,0,0,0.0000,0.0000,0.0000,0.5000,"Pursue",0.012595
80,A0100,pursuit_chase_v1,HABFM,6284.570056,19595.758868,12804.241132,23595.052787,-19625.182095,15233.660010,320.784238,19789.181494,-744.974897,-4480.614119,-595.828897,25.435503,False,False,False,False,False,False,False,2-circle,-1.000000,-189.712362,220.291050,-83.835381,6.045561,100.000000,100.000000,0.000000,0.000000,2,4,4,0.0000,0.0000,0.0000,0.5000,"PursuitChaseOptimal",-0.007144
80,B0100,aggressive,HABFM,6284.570056,19595.758868,12804.241132,23595.052787,-19625.182095,15233.660010,320.784238,19789.181494,-744.974897,-4480.614119,-595.828897,25.435503,False,False,False,False,False,False,False,2-circle,-1.000000,-189.712362,220.291050,-83.835381,6.045561,100.000000,100.000000,0.000000,0.000000,2,0,0,0.0000,0.0000,0.0000,0.5000,"Pursue",0.014315
81,A0100,pursuit_chase_v1,HABFM,6284.570056,19595.758868,12804.241132,23595.052787,-19625.182095,15233.660010,320.784238,19789.181494,-744.974897,-4480.614119,-595.828897,25.435503,False,False,False,False,False,False,False,2-circle,-1.000000,-189.712362,220.291050,-83.835381,6.045561,100.000000,100.000000,0.000000,0.000000,2,4,4,0.0000,0.0000,0.0000,0.5000,"PursuitChaseOptimal",-0.006742
81,B0100,aggressive,HABFM,6284.570056,19595.758868,12804.241132,23595.052787,-19625.182095,15233.660010,320.784238,19789.181494,-744.974897,-4480.614119,-595.828897,25.435503,False,False,False,False,False,False,False,2-circle,-1.000000,-189.712362,220.291050,-83.835381,6.045561,100.000000,100.000000,0.000000,0.000000,2,0,0,0.0000,0.0000,0.0000,0.5000,"Pursue",0.015270
82,A0100,pursuit_chase_v1,HABFM,6385.154745,19430.793074,12969.206926,23270.406310,-19459.311835,15237.843230,319.145718,19746.945658,-844.716713,-4601.026879,-593.045660,70.349688,False,False,False,False,False,False,False,2-circle,-1.000000,-195.997757,-537.445823,-87.752718,5.919438,100.000000,100.000000,0.000000,0.000000,2,4,4,0.0000,0.0000,0.0000,0.5000,"PursuitChaseOptimal",-0.006503
82,B0100,aggressive,HABFM,6385.154745,19430.793074,12969.206926,23270.406310,-19459.311835,15237.843230,319.145718,19746.945658,-844.716713,-4601.026879,-593.045660,70.349688,False,False,False,False,False,False,False,2-circle,-1.000000,-195.997757,-537.445823,-87.752718,5.919438,100.000000,100.000000,0.000000,0.000000,2,0,0,0.0000,0.0000,0.0000,0.5000,"Pursue",0.014475
83,A0100,pursuit_chase_v1,HABFM,6385.154745,19430.793074,12969.206926,23270.406310,-19459.311835,15237.843230,319.145718,19746.945658,-844.716713,-4601.026879,-593.045660,70.349688,False,False,False,False,False,False,False,2-circle,-1.000000,-195.997757,-537.445823,-87.752718,5.919438,100.000000,100.000000,0.000000,0.000000,2,4,4,0.0000,0.0000,0.0000,0.5000,"PursuitChaseOptimal",-0.006258
83,B0100,aggressive,HABFM,6385.154745,19430.793074,12969.206926,23270.406310,-19459.311835,15237.843230,319.145718,19746.945658,-844.716713,-4601.026879,-593.045660,70.349688,False,False,False,False,False,False,False,2-circle,-1.000000,-195.997757,-537.445823,-87.752718,5.919438,100.000000,100.000000,0.000000,0.000000,2,0,0,0.0000,0.0000,0.0000,0.5000,"Pursue",0.012745
84,A0100,pursuit_chase_v1,HABFM,6485.243662,19282.922647,13117.077353,22971.068423,-19309.393415,15241.840746,317.687149,19709.822106,-742.471039,-4700.295654,-590.488601,158.850959,False,False,False,False,False,False,False,2-circle,-1.000000,-201.873630,-1256.487750,-91.448593,5.731020,100.000000,100.000000,0.000000,0.000000,2,4,4,0.0000,0.0000,0.0000,0.5000,"PursuitChaseOptimal",-0.006458
84,B0100,aggressive,HABFM,6485.243662,19282.922647,13117.077353,22971.068423,-19309.393415,15241.840746,317.687149,19709.822106,-742.471039,-4700.295654,-590.488601,158.850959,False,False,False,False,False,False,False,2-circle,-1.000000,-201.873630,-1256.487750,-91.448593,5.731020,100.000000,100.000000,0.000000,0.000000,2,0,0,0.0000,0.0000,0.0000,0.5000,"Pursue",0.011190
85,A0100,pursuit_chase_v1,HABFM,6485.243662,19282.922647,13117.077353,22971.068423,-19309.393415,15241.840746,317.687149,19709.822106,-742.471039,-4700.295654,-590.488601,158.850959,False,False,False,False,False,False,False,2-circle,-1.000000,-201.873630,-1256.487750,-91.448593,5.731020,100.000000,100.000000,0.000000,0.000000,2,4,4,0.0000,0.0000,0.0000,0.5000,"PursuitChaseOptimal",-0.006477
85,B0100,aggressive,HABFM,6485.243662,19282.922647,13117.077353,22971.068423,-19309.393415,15241.840746,317.687149,19709.822106,-742.471039,-4700.295654,-590.488601,158.850959,False,False,False,False,False,False,False,2-circle,-1.000000,-201.873630,-1256.487750,-91.448593,5.731020,100.000000,100.000000,0.000000,0.000000,2,0,0,0.0000,0.0000,0.0000,0.5000,"Pursue",0.009736
86,A0100,pursuit_chase_v1,HABFM,6585.024275,19171.673338,13228.326662,22707.170198,-19195.931660,15245.556593,316.547596,19681.541883,-565.604467,-4797.795430,-589.530722,159.393364,False,False,False,False,False,False,False,2-circle,-1.000000,-207.267277,-1316.134727,-91.476145,5.541515,100.000000,100.000000,0.000000,0.000000,2,4,4,0.0000,0.0000,0.0000,0.5000,"PursuitChaseOptimal",-0.006334
86,B0100,aggressive,HABFM,6585.024275,19171.673338,13228.326662,22707.170198,-19195.931660,15245.556593,316.547596,19681.541883,-565.604467,-4797.795430,-589.530722,159.393364,False,False,False,False,False,False,False,2-circle,-1.000000,-207.267277,-1316.134727,-91.476145,5.541515,100.000000,100.000000,0.000000,0.000000,2,4,4,0.0000,0.0000,0.0000,0.5000,"Accelerate",0.008373
87,A0100,pursuit_chase_v1,HABFM,6585.024275,19171.673338,13228.326662,22707.170198,-19195.931660,15245.556593,316.547596,19681.541883,-565.604467,-4797.795430,-589.530722,159.393364,False,False,False,False,False,False,False,2-circle,-1.000000,-207.267277,-1316.134727,-91.476145,5.541515,100.000000,100.000000,0.000000,0.000000,2,4,4,0.0000,0.0000,0.0000,0.5000,"PursuitChaseOptimal",-0.006168
87,B0100,aggressive,HABFM,6585.024275,19171.673338,13228.326662,22707.170198,-19195.931660,15245.556593,316.547596,19681.541883,-565.604467,-4797.795430,-589.530722,159.393364,False,False,False,False,False,False,False,2-circle,-1.000000,-207.267277,-1316.134727,-91.476145,5.541515,100.000000,100.000000,0.000000,0.000000,2,4,4,0.0000,0.0000,0.0000,0.5000,"Accelerate",0.007074
88,A0100,pursuit_chase_v1,HABFM,6684.750832,19090.898304,13309.101696,22479.412187,-19113.200159,15248.991303,315.671061,19660.443716,-421.963343,-4895.543393,-589.798383,131.130590,False,False,False,False,False,False,False,2-circle,-1.000000,-212.454476,-888.140055,-88.781337,5.363939,100.000000,100.000000,0.000000,0.000000,2,5,4,0.0000,0.0000,0.0000,0.5000,"PursuitChaseOptimal",-0.006040
88,B0100,aggressive,HABFM,6684.750832,19090.898304,13309.101696,22479.412187,-19113.200159,15248.991303,315.671061,19660.443716,-421.963343,-4895.543393,-589.798383,131.130590,False,False,False,False,False,False,False,2-circle,-1.000000,-212.454476,-888.140055,-88.781337,5.363939,100.000000,100.000000,0.000000,0.000000,2,4,4,0.0000,0.0000,0.0000,0.5000,"Accelerate",0.006095
89,A0100,pursuit_chase_v1,HABFM,6684.750832,19090.898304,13309.101696,22479.412187,-19113.200159,15248.991303,315.671061,19660.443716,-421.963343,-4895.543393,-589.798383,131.130590,False,False,False,False,False,False,False,2-circle,-1.000000,-212.454476,-888.140055,-88.781337,5.363939,100.000000,100.000000,0.000000,0.000000,2,5,4,0.0000,0.0000,0.0000,0.5000,"PursuitChaseOptimal",-0.006011
89,B0100,aggressive,HABFM,6684.750832,19090.898304,13309.101696,22479.412187,-19113.200159,15248.991303,315.671061,19660.443716,-421.963343,-4895.543393,-589.798383,131.130590,False,False,False,False,False,False,False,2-circle,-1.000000,-212.454476,-888.140055,-88.781337,5.363939,100.000000,100.000000,0.000000,0.000000,2,4,4,0.0000,0.0000,0.0000,0.5000,"Accelerate",0.005037
90,A0100,pursuit_chase_v1,HABFM,6784.616148,19033.086075,13366.913925,22280.279814,-19054.037870,15252.193361,315.679634,19663.885385,68.833384,-4967.232485,-591.197582,26.589294,False,False,False,False,False,False,False,2-circle,-1.000000,-217.641939,-90.337550,-84.011345,5.340303,100.000000,100.000000,0.000000,0.000000,2,5,4,0.0000,0.0000,0.0000,0.5000,"PursuitChaseOptimal",-0.005872
90,B0100,aggressive,HABFM,6784.616148,19033.086075,13366.913925,22280.279814,-19054.037870,15252.193361,315.679634,19663.885385,68.833384,-4967.232485,-591.197582,26.589294,False,False,False,False,False,False,False,2-circle,-1.000000,-217.641939,-90.337550,-84.011345,5.340303,100.000000,100.000000,0.000000,0.000000,2,4,4,0.0000,0.0000,0.0000,0.5000,"Accelerate",0.003699
91,A0100,pursuit_chase_v1,HABFM,6784.616148,19033.086075,13366.913925,22280.279814,-19054.037870,15252.193361,315.679634,19663.885385,68.833384,-4967.232485,-591.197582,26.589294,False,False,False,False,False,False,False,2-circle,-1.000000,-217.641939,-90.337550,-84.011345,5.340303,100.000000,100.000000,0.000000,0.000000,2,5,4,0.0000,0.0000,0.0000,0.5000,"PursuitChaseOptimal",-0.005650
91,B0100,aggressive,HABFM,6784.616148,19033.086075,13366.913925,22280.279814,-19054.037870,15252.193361,315.679634,19663.885385,68.833384,-4967.232485,-591.197582,26.589294,False,False,False,False,False,False,False,2-circle,-1.000000,-217.641939,-90.337550,-84.011345,5.340303,100.000000,100.000000,0.000000,0.000000,2,4,4,0.0000,0.0000,0.0000,0.5000,"Accelerate",0.001950
92,A0100,pursuit_chase_v1,HABFM,6884.842978,19004.036839,13395.963161,22115.771818,-19024.199601,15255.242695,316.110574,19678.987890,302.050096,-5041.438564,-593.949834,12.600064,False,False,False,False,False,False,False,2-circle,-1.000000,-223.155348,1008.879726,-77.533946,5.489777,100.000000,100.000000,0.000000,0.000000,2,5,4,0.0000,0.0000,0.0000,0.5000,"PursuitChaseOptimal",-0.005606
92,B0100,aggressive,HABFM,6884.842978,19004.036839,13395.963161,22115.771818,-19024.199601,15255.242695,316.110574,19678.987890,302.050096,-5041.438564,-593.949834,12.600064,False,False,False,False,False,False,False,2-circle,-1.000000,-223.155348,1008.879726,-77.533946,5.489777,100.000000,100.000000,0.000000,0.000000,2,4,4,0.0000,0.0000,0.0000,0.5000,"Accelerate",-0.000125
93,A0100,pursuit_chase_v1,HABFM,6884.842978,19004.036839,13395.963161,22115.771818,-19024.199601,15255.242695,316.110574,19678.987890,302.050096,-5041.438564,-593.949834,12.600064,False,False,False,False,False,False,False,2-circle,-1.000000,-223.155348,1008.879726,-77.533946,5.489777,100.000000,100.000000,0.000000,0.000000,2,5,4,0.0000,0.0000,0.0000,0.5000,"PursuitChaseOptimal",-0.005658
93,B0100,aggressive,HABFM,6884.842978,19004.036839,13395.963161,22115.771818,-19024.199601,15255.242695,316.110574,19678.987890,302.050096,-5041.438564,-593.949834,12.600064,False,False,False,False,False,False,False,2-circle,-1.000000,-223.155348,1008.879726,-77.533946,5.489777,100.000000,100.000000,0.000000,0.000000,2,4,4,0.0000,0.0000,0.0000,0.5000,"Accelerate",-0.002439
94,A0100,pursuit_chase_v1,HABFM,6985.671522,19018.533854,13381.466146,21994.508432,-19038.101006,15258.181012,316.718695,19698.963037,399.502942,-5100.922312,-598.158377,7.650132,False,False,False,False,False,False,False,2-circle,-1.000000,-229.058438,2286.492673,-70.027502,5.685442,100.000000,100.000000,0.000000,0.000000,2,5,4,0.0000,0.0000,0.0000,0.5000,"PursuitChaseOptimal",-0.005817
94,B0100,aggressive,HABFM,6985.671522,19018.533854,13381.466146,21994.508432,-19038.101006,15258.181012,316.718695,19698.963037,399.502942,-5100.922312,-598.158377,7.650132,False,False,False,False,False,False,False,2-circle,-1.000000,-229.058438,2286.492673,-70.027502,5.685442,100.000000,100.000000,0.000000,0.000000,2,4,4,0.0000,0.0000,0.0000,0.5000,"Accelerate",-0.003600
95,A0100,pursuit_chase_v1,HABFM,6985.671522,19018.533854,13381.466146,21994.508432,-19038.101006,15258.181012,316.718695,19698.963037,399.502942,-5100.922312,-598.158377,7.650132,False,False,False,False,False,False,False,2-circle,-1.000000,-229.058438,2286.492673,-70.027502,5.685442,100.000000,100.000000,0.000000,0.000000,2,5,4,0.0000,0.0000,0.0000,0.5000,"PursuitChaseOptimal",-0.006172
95,B0100,aggressive,HABFM,6985.671522,19018.533854,13381.466146,21994.508432,-19038.101006,15258.181012,316.718695,19698.963037,399.502942,-5100.922312,-598.158377,7.650132,False,False,False,False,False,False,False,2-circle,-1.000000,-229.058438,2286.492673,-70.027502,5.685442,100.000000,100.000000,0.000000,0.000000,2,4,4,0.0000,0.0000,0.0000,0.5000,"Accelerate",-0.004675
96,A0100,pursuit_chase_v1,HABFM,7087.308422,19063.637495,13336.362505,21892.376082,-19082.592668,15261.003064,317.503705,19723.825957,497.258410,-5135.384555,-603.354425,5.253106,False,False,False,False,False,False,False,2-circle,-1.000000,-235.047611,3622.203901,-62.166931,5.580223,100.000000,100.000000,0.000000,0.000000,2,5,4,0.0000,0.0000,0.0000,0.5000,"PursuitChaseOptimal",-0.006682
96,B0100,aggressive,HABFM,7087.308422,19063.637495,13336.362505,21892.376082,-19082.592668,15261.003064,317.503705,19723.825957,497.258410,-5135.384555,-603.354425,5.253106,False,False,False,False,False,False,False,2-circle,-1.000000,-235.047611,3622.203901,-62.166931,5.580223,100.000000,100.000000,0.000000,0.000000,2,4,4,0.0000,0.0000,0.0000,0.5000,"Accelerate",-0.005932
97,A0100,pursuit_chase_v1,HABFM,7087.308422,19063.637495,13336.362505,21892.376082,-19082.592668,15261.003064,317.503705,19723.825957,497.258410,-5135.384555,-603.354425,5.253106,False,False,False,False,False,False,False,2-circle,-1.000000,-235.047611,3622.203901,-62.166931,5.580223,100.000000,100.000000,0.000000,0.000000,2,5,4,0.0000,0.0000,0.0000,0.5000,"PursuitChaseOptimal",-0.007555
97,B0100,aggressive,HABFM,7087.308422,19063.637495,13336.362505,21892.376082,-19082.592668,15261.003064,317.503705,19723.825957,497.258410,-5135.384555,-603.354425,5.253106,False,False,False,False,False,False,False,2-circle,-1.000000,-235.047611,3622.203901,-62.166931,5.580223,100.000000,100.000000,0.000000,0.000000,2,4,4,0.0000,0.0000,0.0000,0.5000,"Accelerate",-0.007057
98,A0100,pursuit_chase_v1,HABFM,7189.922979,19134.730421,13265.269579,21785.459006,-19152.819455,15263.692929,318.660450,19759.093409,705.349028,-5146.432589,-609.894784,3.839185,False,False,False,False,False,False,False,2-circle,-1.000000,-240.775996,4963.909082,-54.250995,5.072655,100.000000,100.000000,0.000000,0.000000,2,5,4,0.0000,0.0000,0.0000,0.5000,"PursuitChaseOptimal",-0.008270
98,B0100,aggressive,HABFM,7189.922979,19134.730421,13265.269579,21785.459006,-19152.819455,15263.692929,318.660450,19759.093409,705.349028,-5146.432589,-609.894784,3.839185,False,False,False,False,False,False,False,2-circle,-1.000000,-240.775996,4963.909082,-54.250995,5.072655,100.000000,100.000000,0.000000,0.000000,2,4,4,0.0000,0.0000,0.0000,0.5000,"Accelerate",-0.008084
99,A0100,pursuit_chase_v1,HABFM,7189.922979,19134.730421,13265.269579,21785.459006,-19152.819455,15263.692929,318.660450,19759.093409,705.349028,-5146.432589,-609.894784,3.839185,False,False,False,False,False,False,False,2-circle,-1.000000,-240.775996,4963.909082,-54.250995,5.072655,100.000000,100.000000,0.000000,0.000000,2,5,4,0.0000,0.0000,0.0000,0.5000,"PursuitChaseOptimal",-0.009003
99,B0100,aggressive,HABFM,7189.922979,19134.730421,13265.269579,21785.459006,-19152.819455,15263.692929,318.660450,19759.093409,705.349028,-5146.432589,-609.894784,3.839185,False,False,False,False,False,False,False,2-circle,-1.000000,-240.775996,4963.909082,-54.250995,5.072655,100.000000,100.000000,0.000000,0.000000,2,4,4,0.0000,0.0000,0.0000,0.5000,"Accelerate",-0.009513
100,A0100,pursuit_chase_v1,HABFM,7293.722569,19232.488410,13167.511590,21660.432554,-19248.984379,15266.191202,320.064153,19801.283504,843.801900,-5124.729282,-617.574635,2.870369,False,False,False,False,False,False,False,2-circle,-1.000000,-245.778591,6327.585321,-46.206688,4.361156,100.000000,100.000000,0.000000,0.000000,2,5,4,0.0000,0.0000,0.0000,0.5000,"PursuitChaseOptimal",-0.009609
100,B0100,aggressive,HABFM,7293.722569,19232.488410,13167.511590,21660.432554,-19248.984379,15266.191202,320.064153,19801.283504,843.801900,-5124.729282,-617.574635,2.870369,False,False,False,False,False,False,False,2-circle,-1.000000,-245.778591,6327.585321,-46.206688,4.361156,100.000000,100.000000,0.000000,0.000000,2,4,4,0.0000,0.0000,0.0000,0.5000,"Accelerate",-0.010393
101,A0100,pursuit_chase_v1,HABFM,7293.722569,19232.488410,13167.511590,21660.432554,-19248.984379,15266.191202,320.064153,19801.283504,843.801900,-5124.729282,-617.574635,2.870369,False,False,False,False,False,False,False,2-circle,-1.000000,-245.778591,6327.585321,-46.206688,4.361156,100.000000,100.000000,0.000000,0.000000,2,5,4,0.0000,0.0000,0.0000,0.5000,"PursuitChaseOptimal",-0.009654
101,B0100,aggressive,HABFM,7293.722569,19232.488410,13167.511590,21660.432554,-19248.984379,15266.191202,320.064153,19801.283504,843.801900,-5124.729282,-617.574635,2.870369,False,False,False,False,False,False,False,2-circle,-1.000000,-245.778591,6327.585321,-46.206688,4.361156,100.000000,100.000000,0.000000,0.000000,2,4,4,0.0000,0.0000,0.0000,0.5000,"Accelerate",-0.010465
102,A0100,pursuit_chase_v1,HABFM,7398.841792,19350.645255,13049.354745,21519.858483,-19364.567231,15268.358793,321.649601,19848.491819,944.166300,-5070.850128,-625.763557,2.116157,False,False,False,False,False,False,False,2-circle,-1.000000,-249.577053,7778.271851,-37.691838,3.545848,100.000000,100.000000,0.000000,0.000000,2,5,4,0.0000,0.0000,0.0000,0.5000,"PursuitChaseOptimal",-0.009667
102,B0100,aggressive,HABFM,7398.841792,19350.645255,13049.354745,21519.858483,-19364.567231,15268.358793,321.649601,19848.491819,944.166300,-5070.850128,-625.763557,2.116157,False,False,False,False,False,False,False,2-circle,-1.000000,-249.577053,7778.271851,-37.691838,3.545848,100.000000,100.000000,0.000000,0.000000,2,4,4,0.0000,0.0000,0.0000,0.5000,"Accelerate",-0.010154
103,A0100,pursuit_chase_v1,HABFM,7398.841792,19350.645255,13049.354745,21519.858483,-19364.567231,15268.358793,321.649601,19848.491819,944.166300,-5070.850128,-625.763557,2.116157,False,False,False,False,False,False,False,2-circle,-1.000000,-249.577053,7778.271851,-37.691838,3.545848,100.000000,100.000000,0.000000,0.000000,2,5,4,0.0000,0.0000,0.0000,0.5000,"PursuitChaseOptimal",-0.009621
103,B0100,aggressive,HABFM,7398.841792,19350.645255,13049.354745,21519.858483,-19364.567231,15268.358793,321.649601,19848.491819,944.166300,-5070.850128,-625.763557,2.116157,False,False,False,False,False,False,False,2-circle,-1.000000,-249.577053,7778.271851,-37.691838,3.545848,100.000000,100.000000,0.000000,0.000000,2,4,4,0.0000,0.0000,0.0000,0.5000,"Accelerate",-0.009889
104,A0100,pursuit_chase_v1,HABFM,7505.259972,19466.015521,12933.984479,21364.135425,-19477.140736,15270.120121,323.235524,19895.530034,940.764307,-5006.772323,-633.452472,1.487034,False,False,False,False,False,False,False,2-circle,-1.000000,-252.023390,9334.160070,-28.614353,3.021170,100.000000,100.000000,0.000000,0.000000,2,5,4,0.0000,0.0000,0.0000,0.5000,"PursuitChaseOptimal",-0.009509
104,B0100,aggressive,HABFM,7505.259972,19466.015521,12933.984479,21364.135425,-19477.140736,15270.120121,323.235524,19895.530034,940.764307,-5006.772323,-633.452472,1.487034,False,False,False,False,False,False,False,2-circle,-1.000000,-252.023390,9334.160070,-28.614353,3.021170,100.000000,100.000000,0.000000,0.000000,2,4,4,0.0000,0.0000,0.0000,0.5000,"Accelerate",-0.009554
105,A0100,pursuit_chase_v1,HABFM,7505.259972,19466.015521,12933.984479,21364.135425,-19477.140736,15270.120121,323.235524,19895.530034,940.764307,-5006.772323,-633.452472,1.487034,False,False,False,False,False,False,False,2-circle,-1.000000,-252.023390,9334.160070,-28.614353,3.021170,100.000000,100.000000,0.000000,0.000000,2,5,4,0.0000,0.0000,0.0000,0.5000,"PursuitChaseOptimal",-0.009331
105,B0100,aggressive,HABFM,7505.259972,19466.015521,12933.984479,21364.135425,-19477.140736,15270.120121,323.235524,19895.530034,940.764307,-5006.772323,-633.452472,1.487034,False,False,False,False,False,False,False,2-circle,-1.000000,-252.023390,9334.160070,-28.614353,3.021170,100.000000,100.000000,0.000000,0.000000,2,4,4,0.0000,0.0000,0.0000,0.5000,"Accelerate",-0.009194
106,A0100,pursuit_chase_v1,HABFM,7612.877403,19575.770646,12824.229354,21193.239353,-19583.913449,15271.437647,324.848673,19943.130195,952.003206,-4933.580540,-640.512535,0.945635,False,False,False,False,False,False,False,2-circle,-1.000000,-253.073002,10952.371891,-19.218265,2.685650,100.000000,100.000000,0.000000,0.000000,2,5,4,0.0000,0.0000,0.0000,0.5000,"PursuitChaseOptimal",-0.009086
106,B0100,aggressive,HABFM,7612.877403,19575.770646,12824.229354,21193.239353,-19583.913449,15271.437647,324.848673,19943.130195,952.003206,-4933.580540,-640.512535,0.945635,False,False,False,False,False,False,False,2-circle,-1.000000,-253.073002,10952.371891,-19.218265,2.685650,100.000000,100.000000,0.000000,0.000000,2,4,4,0.0000,0.0000,0.0000,0.5000,"Accelerate",-0.008810
107,A0100,pursuit_chase_v1,HABFM,7612.877403,19575.770646,12824.229354,21193.239353,-19583.913449,15271.437647,324.848673,19943.130195,952.003206,-4933.580540,-640.512535,0.945635,False,False,False,False,False,False,False,2-circle,-1.000000,-253.073002,10952.371891,-19.218265,2.685650,100.000000,100.000000,0.000000,0.000000,2,5,4,0.0000,0.0000,0.0000,0.5000,"PursuitChaseOptimal",-0.008766
107,B0100,aggressive,HABFM,7612.877403,19575.770646,12824.229354,21193.239353,-19583.913449,15271.437647,324.848673,19943.130195,952.003206,-4933.580540,-640.512535,0.945635,False,False,False,False,False,False,False,2-circle,-1.000000,-253.073002,10952.371891,-19.218265,2.685650,100.000000,100.000000,0.000000,0.000000,2,4,4,0.0000,0.0000,0.0000,0.5000,"Accelerate",-0.008551
108,A0100,pursuit_chase_v1,HABFM,7721.579873,19678.822245,12721.177755,21009.005432,-19684.046415,15272.272128,326.422986,19989.355210,924.500309,-4856.186467,-646.856740,0.468228,False,False,False,False,False,False,False,2-circle,-1.000000,-252.709194,12573.701815,-9.837941,2.357915,100.000000,100.000000,0.000000,0.000000,2,5,4,0.0000,0.0000,0.0000,0.5000,"PursuitChaseOptimal",-0.008354
108,B0100,aggressive,HABFM,7721.579873,19678.822245,12721.177755,21009.005432,-19684.046415,15272.272128,326.422986,19989.355210,924.500309,-4856.186467,-646.856740,0.468228,False,False,False,False,False,False,False,2-circle,-1.000000,-252.709194,12573.701815,-9.837941,2.357915,100.000000,100.000000,0.000000,0.000000,2,4,4,0.0000,0.0000,0.0000,0.5000,"Accelerate",-0.007747
109,A0100,pursuit_chase_v1,HABFM,7721.579873,19678.822245,12721.177755,21009.005432,-19684.046415,15272.272128,326.422986,19989.355210,924.500309,-4856.186467,-646.856740,0.468228,False,False,False,False,False,False,False,2-circle,-1.000000,-252.709194,12573.701815,-9.837941,2.357915,100.000000,100.000000,0.000000,0.000000,2,5,4,0.0000,0.0000,0.0000,0.5000,"PursuitChaseOptimal",-0.007830
109,B0100,aggressive,HABFM,7721.579873,19678.822245,12721.177755,21009.005432,-19684.046415,15272.272128,326.422986,19989.355210,924.500309,-4856.186467,-646.856740,0.468228,False,False,False,False,False,False,False,2-circle,-1.000000,-252.709194,12573.701815,-9.837941,2.357915,100.000000,100.000000,0.000000,0.000000,2,4,4,0.0000,0.0000,0.0000,0.5000,"Accelerate",-0.007259
110,A0100,pursuit_chase_v1,HABFM,7831.220630,19767.493231,12632.506769,20805.667151,-19770.894507,15272.698173,327.765787,20028.670251,786.300819,-4784.249461,-652.108483,0.162289,False,False,False,False,False,False,False,2-circle,-1.000000,-251.055795,13661.867484,-3.453213,1.976568,100.000000,100.000000,0.000000,0.000000,2,5,4,0.0000,0.0000,0.0000,0.5000,"PursuitChaseOptimal",-0.007165
110,B0100,aggressive,HABFM,7831.220630,19767.493231,12632.506769,20805.667151,-19770.894507,15272.698173,327.765787,20028.670251,786.300819,-4784.249461,-652.108483,0.162289,False,False,False,False,False,False,False,2-circle,-1.000000,-251.055795,13661.867484,-3.453213,1.976568,100.000000,100.000000,0.000000,0.000000,2,4,4,0.0000,0.0000,0.0000,0.5000,"Accelerate",-0.007046
111,A0100,pursuit_chase_v1,HABFM,7831.220630,19767.493231,12632.506769,20805.667151,-19770.894507,15272.698173,327.765787,20028.670251,786.300819,-4784.249461,-652.108483,0.162289,False,False,False,False,False,False,False,2-circle,-1.000000,-251.055795,13661.867484,-3.453213,1.976568,100.000000,100.000000,0.000000,0.000000,2,5,4,0.0000,0.0000,0.0000,0.5000,"PursuitChaseOptimal",-0.006321
111,B0100,aggressive,HABFM,7831.220630,19767.493231,12632.506769,20805.667151,-19770.894507,15272.698173,327.765787,20028.670251,786.300819,-4784.249461,-652.108483,0.162289,False,False,False,False,False,False,False,2-circle,-1.000000,-251.055795,13661.867484,-3.453213,1.976568,100.000000,100.000000,0.000000,0.000000,2,4,4,0.0000,0.0000,0.0000,0.5000,"Accelerate",-0.007063
112,A0100,pursuit_chase_v1,HABFM,7941.641054,19849.560570,12550.439430,20591.570791,-19852.276913,15272.908248,328.895201,20061.713019,660.855354,-4718.176719,-656.551684,0.018878,False,False,False,False,False,False,False,2-circle,-1.000000,-248.373024,14300.053293,0.403502,1.566188,100.000000,100.000000,0.000000,0.000000,2,5,4,0.0000,0.0000,0.0000,0.5000,"PursuitChaseOptimal",-0.005264
112,B0100,aggressive,HABFM,7941.641054,19849.560570,12550.439430,20591.570791,-19852.276913,15272.908248,328.895201,20061.713019,660.855354,-4718.176719,-656.551684,0.018878,False,False,False,False,False,False,False,2-circle,-1.000000,-248.373024,14300.053293,0.403502,1.566188,100.000000,100.000000,0.000000,0.000000,2,4,4,0.0000,0.0000,0.0000,0.5000,"Accelerate",-0.006961
113,A0100,pursuit_chase_v1,HABFM,7941.641054,19849.560570,12550.439430,20591.570791,-19852.276913,15272.908248,328.895201,20061.713019,660.855354,-4718.176719,-656.551684,0.018878,False,False,False,False,False,False,False,2-circle,-1.000000,-248.373024,14300.053293,0.403502,1.566188,100.000000,100.000000,0.000000,0.000000,2,5,4,0.0000,0.0000,0.0000,0.5000,"PursuitChaseOptimal",-0.003970
113,B0100,aggressive,HABFM,7941.641054,19849.560570,12550.439430,20591.570791,-19852.276913,15272.908248,328.895201,20061.713019,660.855354,-4718.176719,-656.551684,0.018878,False,False,False,False,False,False,False,2-circle,-1.000000,-248.373024,14300.053293,0.403502,1.566188,100.000000,100.000000,0.000000,0.000000,2,4,4,0.0000,0.0000,0.0000,0.5000,"Accelerate",-0.006882
114,A0100,pursuit_chase_v1,HABFM,8052.730731,19928.884006,12471.115994,20370.983477,-19931.845573,15273.099246,329.772643,20087.489698,515.533594,-4660.583099,-660.310407,0.103499,False,False,False,False,False,False,False,2-circle,-1.000000,-244.939555,14574.226552,2.216828,1.141692,100.000000,100.000000,0.000000,0.000000,2,6,4,0.0000,0.0000,0.0000,0.5000,"PursuitChaseOptimal",-0.002449
114,B0100,aggressive,HABFM,8052.730731,19928.884006,12471.115994,20370.983477,-19931.845573,15273.099246,329.772643,20087.489698,515.533594,-4660.583099,-660.310407,0.103499,False,False,False,False,False,False,False,2-circle,-1.000000,-244.939555,14574.226552,2.216828,1.141692,100.000000,100.000000,0.000000,0.000000,2,4,4,0.0000,0.0000,0.0000,0.5000,"Accelerate",-0.006692
115,A0100,pursuit_chase_v1,HABFM,8052.730731,19928.884006,12471.115994,20370.983477,-19931.845573,15273.099246,329.772643,20087.489698,515.533594,-4660.583099,-660.310407,0.103499,False,False,False,False,False,False,False,2-circle,-1.000000,-244.939555,14574.226552,2.216828,1.141692,100.000000,100.000000,0.000000,0.000000,2,6,4,0.0000,0.0000,0.0000,0.5000,"PursuitChaseOptimal",-0.000767
115,B0100,aggressive,HABFM,8052.730731,19928.884006,12471.115994,20370.983477,-19931.845573,15273.099246,329.772643,20087.489698,515.533594,-4660.583099,-660.310407,0.103499,False,False,False,False,False,False,False,2-circle,-1.000000,-244.939555,14574.226552,2.216828,1.141692,100.000000,100.000000,0.000000,0.000000,2,4,4,0.0000,0.0000,0.0000,0.5000,"Accelerate",-0.006511
116,A0100,pursuit_chase_v1,HABFM,8164.389275,20005.772253,12394.227747,20145.580877,-20008.610363,15273.338672,330.674600,20114.100674,532.219510,-4600.242687,-663.517010,0.132842,False,False,False,False,False,False,False,2-circle,-1.000000,-240.915839,14639.565673,2.851868,0.783754,100.000000,100.000000,0.000000,0.000000,2,6,4,0.0000,0.0000,0.0000,0.5000,"PursuitChaseOptimal",0.000964
116,B0100,aggressive,HABFM,8164.389275,20005.772253,12394.227747,20145.580877,-20008.610363,15273.338672,330.674600,20114.100674,532.219510,-4600.242687,-663.517010,0.132842,False,False,False,False,False,False,False,2-circle,-1.000000,-240.915839,14639.565673,2.851868,0.783754,100.000000,100.000000,0.000000,0.000000,2,4,4,0.0000,0.0000,0.0000,0.5000,"Accelerate",-0.006336
117,A0100,pursuit_chase_v1,HABFM,8164.389275,20005.772253,12394.227747,20145.580877,-20008.610363,15273.338672,330.674600,20114.100674,532.219510,-4600.242687,-663.517010,0.132842,False,False,False,False,False,False,False,2-circle,-1.000000,-240.915839,14639.565673,2.851868,0.783754,100.000000,100.000000,0.000000,0.000000,2,6,4,0.0000,0.0000,0.0000,0.5000,"PursuitChaseOptimal",0.002610
117,B0100,aggressive,HABFM,8164.389275,20005.772253,12394.227747,20145.580877,-20008.610363,15273.338672,330.674600,20114.100674,532.219510,-4600.242687,-663.517010,0.132842,False,False,False,False,False,False,False,2-circle,-1.000000,-240.915839,14639.565673,2.851868,0.783754,100.000000,100.000000,0.000000,0.000000,2,4,4,0.0000,0.0000,0.0000,0.5000,"Accelerate",-0.006173
118,A0100,pursuit_chase_v1,HABFM,8276.528706,20079.776677,12320.223323,19916.112700,-20082.154408,15273.533312,331.661540,20143.234171,582.669948,-4534.940733,-666.193984,0.142078,False,False,False,False,False,False,False,2-circle,-1.000000,-236.310709,14631.646568,3.058532,0.642735,100.000000,100.000000,0.000000,0.000000,2,8,4,0.0000,0.0000,0.0000,0.5000,"PursuitChaseOptimal",0.004068
118,B0100,aggressive,HABFM,8276.528706,20079.776677,12320.223323,19916.112700,-20082.154408,15273.533312,331.661540,20143.234171,582.669948,-4534.940733,-666.193984,0.142078,False,False,False,False,False,False,False,2-circle,-1.000000,-236.310709,14631.646568,3.058532,0.642735,100.000000,100.000000,0.000000,0.000000,2,4,4,0.0000,0.0000,0.0000,0.5000,"Accelerate",-0.006015
119,A0100,pursuit_chase_v1,HABFM,8276.528706,20079.776677,12320.223323,19916.112700,-20082.154408,15273.533312,331.661540,20143.234171,582.669948,-4534.940733,-666.193984,0.142078,False,False,False,False,False,False,False,2-circle,-1.000000,-236.310709,14631.646568,3.058532,0.642735,100.000000,100.000000,0.000000,0.000000,2,8,4,0.0000,0.0000,0.0000,0.5000,"PursuitChaseOptimal",0.005289
119,B0100,aggressive,HABFM,8276.528706,20079.776677,12320.223323,19916.112700,-20082.154408,15273.533312,331.661540,20143.234171,582.669948,-4534.940733,-666.193984,0.142078,False,False,False,False,False,False,False,2-circle,-1.000000,-236.310709,14631.646568,3.058532,0.642735,100.000000,100.000000,0.000000,0.000000,2,4,4,0.0000,0.0000,0.0000,0.5000,"Accelerate",-0.005862
120,A0100,pursuit_chase_v1,HABFM,8389.061233,20150.661871,12249.338129,19683.123230,-20152.521251,15273.642839,332.678888,20173.264438,600.605337,-4467.404731,-668.325453,0.145066,False,False,False,False,False,False,False,2-circle,-1.000000,-231.193463,14603.698332,3.131917,0.580986,100.000000,100.000000,0.000000,0.000000,2,8,4,0.0000,0.0000,0.0000,0.5000,"PursuitChaseOptimal",0.006276
120,B0100,aggressive,HABFM,8389.061233,20150.661871,12249.338129,19683.123230,-20152.521251,15273.642839,332.678888,20173.264438,600.605337,-4467.404731,-668.325453,0.145066,False,False,False,False,False,False,False,2-circle,-1.000000,-231.193463,14603.698332,3.131917,0.580986,100.000000,100.000000,0.000000,0.000000,2,4,4,0.0000,0.0000,0.0000,0.5000,"Accelerate",-0.005711
121,A0100,pursuit_chase_v1,HABFM,8389.061233,20150.661871,12249.338129,19683.123230,-20152.521251,15273.642839,332.678888,20173.264438,600.605337,-4467.404731,-668.325453,0.145066,False,False,False,False,False,False,False,2-circle,-1.000000,-231.193463,14603.698332,3.131917,0.580986,100.000000,100.000000,0.000000,0.000000,2,8,4,0.0000,0.0000,0.0000,0.5000,"PursuitChaseOptimal",0.007058
121,B0100,aggressive,HABFM,8389.061233,20150.661871,12249.338129,19683.123230,-20152.521251,15273.642839,332.678888,20173.264438,600.605337,-4467.404731,-668.325453,0.145066,False,False,False,False,False,False,False,2-circle,-1.000000,-231.193463,14603.698332,3.131917,0.580986,100.000000,100.000000,0.000000,0.000000,2,4,4,0.0000,0.0000,0.0000,0.5000,"Accelerate",-0.005562
122,A0100,pursuit_chase_v1,HABFM,8501.899052,20218.346271,12181.653729,19447.292759,-20219.720949,15273.660418,333.704174,20203.528919,605.289609,-4398.972529,-669.916745,0.146403,False,False,False,False,False,False,False,2-circle,-1.000000,-225.673264,14573.092521,3.170071,0.541077,100.000000,100.000000,0.000000,0.000000,2,8,4,0.0000,0.0000,0.0000,0.5000,"PursuitChaseOptimal",0.007673
122,B0100,aggressive,HABFM,8501.899052,20218.346271,12181.653729,19447.292759,-20219.720949,15273.660418,333.704174,20203.528919,605.289609,-4398.972529,-669.916745,0.146403,False,False,False,False,False,False,False,2-circle,-1.000000,-225.673264,14573.092521,3.170071,0.541077,100.000000,100.000000,0.000000,0.000000,2,4,4,0.0000,0.0000,0.0000,0.5000,"Accelerate",-0.005415
123,A0100,pursuit_chase_v1,HABFM,8501.899052,20218.346271,12181.653729,19447.292759,-20219.720949,15273.660418,333.704174,20203.528919,605.289609,-4398.972529,-669.916745,0.146403,False,False,False,False,False,False,False,2-circle,-1.000000,-225.673264,14573.092521,3.170071,0.541077,100.000000,100.000000,0.000000,0.000000,2,8,4,0.0000,0.0000,0.0000,0.5000,"PursuitChaseOptimal",0.008159
123,B0100,aggressive,HABFM,8501.899052,20218.346271,12181.653729,19447.292759,-20219.720949,15273.660418,333.704174,20203.528919,605.289609,-4398.972529,-669.916745,0.146403,False,False,False,False,False,False,False,2-circle,-1.000000,-225.673264,14573.092521,3.170071,0.541077,100.000000,100.000000,0.000000,0.000000,2,4,4,0.0000,0.0000,0.0000,0.5000,"Accelerate",-0.005270
124,A0100,pursuit_chase_v1,HABFM,8614.956458,20282.827955,12117.172045,19209.405754,-20283.772888,15273.589200,334.730758,20233.836160,606.144826,-4330.280336,-670.985066,0.147417,False,False,False,False,False,False,False,2-circle,-1.000000,-219.874621,14544.420938,3.201386,0.505954,100.000000,100.000000,0.000000,0.000000,2,8,4,0.0000,0.0000,0.0000,0.5000,"PursuitChaseOptimal",0.008546
124,B0100,aggressive,HABFM,8614.956458,20282.827955,12117.172045,19209.405754,-20283.772888,15273.589200,334.730758,20233.836160,606.144826,-4330.280336,-670.985066,0.147417,False,False,False,False,False,False,False,2-circle,-1.000000,-219.874621,14544.420938,3.201386,0.505954,100.000000,100.000000,0.000000,0.000000,2,4,4,0.0000,0.0000,0.0000,0.5000,"Accelerate",-0.005127
125,A0100,pursuit_chase_v1,HABFM,8614.956458,20282.827955,12117.172045,19209.405754,-20283.772888,15273.589200,334.730758,20233.836160,606.144826,-4330.280336,-670.985066,0.147417,False,False,False,False,False,False,False,2-circle,-1.000000,-219.874621,14544.420938,3.201386,0.505954,100.000000,100.000000,0.000000,0.000000,2,8,4,0.0000,0.0000,0.0000,0.5000,"PursuitChaseOptimal",0.008855
125,B0100,aggressive,HABFM,8614.956458,20282.827955,12117.172045,19209.405754,-20283.772888,15273.589200,334.730758,20233.836160,606.144826,-4330.280336,-670.985066,0.147417,False,False,False,False,False,False,False,2-circle,-1.000000,-219.874621,14544.420938,3.201386,0.505954,100.000000,100.000000,0.000000,0.000000,2,4,4,0.0000,0.0000,0.0000,0.5000,"Accelerate",-0.004987
126,A0100,pursuit_chase_v1,HABFM,8728.150959,20344.151624,12055.848376,18970.315399,-20344.722626,15273.434499,335.756933,20264.141073,606.098265,-4261.733614,-671.553466,0.148423,False,False,False,False,False,False,False,2-circle,-1.000000,-213.928678,14518.182248,3.232653,0.470859,100.000000,100.000000,0.000000,0.000000,2,8,4,0.0000,0.0000,0.0000,0.5000,"PursuitChaseOptimal",0.009106
126,B0100,aggressive,HABFM,8728.150959,20344.151624,12055.848376,18970.315399,-20344.722626,15273.434499,335.756933,20264.141073,606.098265,-4261.733614,-671.553466,0.148423,False,False,False,False,False,False,False,2-circle,-1.000000,-213.928678,14518.182248,3.232653,0.470859,100.000000,100.000000,0.000000,0.000000,2,4,4,0.0000,0.0000,0.0000,0.5000,"Accelerate",-0.004849
127,A0100,pursuit_chase_v1,HABFM,8728.150959,20344.151624,12055.848376,18970.315399,-20344.722626,15273.434499,335.756933,20264.141073,606.098265,-4261.733614,-671.553466,0.148423,False,False,False,False,False,False,False,2-circle,-1.000000,-213.928678,14518.182248,3.232653,0.470859,100.000000,100.000000,0.000000,0.000000,2,8,4,0.0000,0.0000,0.0000,0.5000,"PursuitChaseOptimal",0.009312
127,B0100,aggressive,HABFM,8728.150959,20344.151624,12055.848376,18970.315399,-20344.722626,15273.434499,335.756933,20264.141073,606.098265,-4261.733614,-671.553466,0.148423,False,False,False,False,False,False,False,2-circle,-1.000000,-213.928678,14518.182248,3.232653,0.470859,100.000000,100.000000,0.000000,0.000000,2,4,4,0.0000,0.0000,0.0000,0.5000,"Accelerate",-0.004716
128,A0100,pursuit_chase_v1,HABFM,8841.403407,20402.406794,11997.593206,18730.933447,-20402.655162,15273.201562,336.749102,20293.446997,586.118477,-4195.118707,-671.633185,0.149483,False,False,False,False,False,False,False,2-circle,-1.000000,-207.970141,14493.628106,3.264890,0.434781,100.000000,100.000000,0.000000,0.000000,2,8,4,0.0000,0.0000,0.0000,0.5000,"PursuitChaseOptimal",0.009671
128,B0100,aggressive,HABFM,8841.403407,20402.406794,11997.593206,18730.933447,-20402.655162,15273.201562,336.749102,20293.446997,586.118477,-4195.118707,-671.633185,0.149483,False,False,False,False,False,False,False,2-circle,-1.000000,-207.970141,14493.628106,3.264890,0.434781,100.000000,100.000000,0.000000,0.000000,2,4,4,0.0000,0.0000,0.0000,0.5000,"Accelerate",-0.004582
129,A0100,pursuit_chase_v1,HABFM,8841.403407,20402.406794,11997.593206,18730.933447,-20402.655162,15273.201562,336.749102,20293.446997,586.118477,-4195.118707,-671.633185,0.149483,False,False,False,False,False,False,False,2-circle,-1.000000,-207.970141,14493.628106,3.264890,0.434781,100.000000,100.000000,0.000000,0.000000,2,8,4,0.0000,0.0000,0.0000,0.5000,"PursuitChaseOptimal",0.010483
129,B0100,aggressive,HABFM,8841.403407,20402.406794,11997.593206,18730.933447,-20402.655162,15273.201562,336.749102,20293.446997,586.118477,-4195.118707,-671.633185,0.149483,False,False,False,False,False,False,False,2-circle,-1.000000,-207.970141,14493.628106,3.264890,0.434781,100.000000,100.000000,0.000000,0.000000,2,4,4,0.0000,0.0000,0.0000,0.5000,"Accelerate",-0.004446
130,A0100,pursuit_chase_v1,HABFM,8954.619287,20457.629714,11942.370286,18477.429220,-20457.601535,15272.895012,337.694219,20321.359538,558.250821,-4123.733199,-670.940873,0.150584,False,False,False,False,False,False,False,2-circle,-1.000000,-202.141993,14469.575551,3.297719,0.399269,100.000000,100.000000,0.000000,0.000000,2,8,4,0.0000,0.0000,0.0000,0.5000,"PursuitChaseOptimal",0.011276
130,B0100,aggressive,HABFM,8954.619287,20457.629714,11942.370286,18477.429220,-20457.601535,15272.895012,337.694219,20321.359538,558.250821,-4123.733199,-670.940873,0.150584,False,False,False,False,False,False,False,2-circle,-1.000000,-202.141993,14469.575551,3.297719,0.399269,100.000000,100.000000,0.000000,0.000000,2,4,4,0.0000,0.0000,0.0000,0.5000,"Accelerate",-0.004306
131,A0100,pursuit_chase_v1,HABFM,8954.619287,20457.629714,11942.370286,18477.429220,-20457.601535,15272.895012,337.694219,20321.359538,558.250821,-4123.733199,-670.940873,0.150584,False,False,False,False,False,False,False,2-circle,-1.000000,-202.141993,14469.575551,3.297719,0.399269,100.000000,100.000000,0.000000,0.000000,2,8,4,0.0000,0.0000,0.0000,0.5000,"PursuitChaseOptimal",0.012110
131,B0100,aggressive,HABFM,8954.619287,20457.629714,11942.370286,18477.429220,-20457.601535,15272.895012,337.694219,20321.359538,558.250821,-4123.733199,-670.940873,0.150584,False,False,False,False,False,False,False,2-circle,-1.000000,-202.141993,14469.575551,3.297719,0.399269,100.000000,100.000000,0.000000,0.000000,2,4,4,0.0000,0.0000,0.0000,0.5000,"Accelerate",-0.004165
132,A0100,pursuit_chase_v1,HABFM,9067.627321,20509.659002,11890.340998,18193.230181,-20509.395364,15272.519013,338.638874,20349.267876,558.166770,-4036.928792,-669.059774,0.151678,False,False,False,False,False,False,False,2-circle,-1.000000,-196.540807,14445.515749,3.330495,0.363626,100.000000,100.000000,0.000000,0.000000,2,8,4,0.0000,0.0000,0.0000,0.5000,"PursuitChaseOptimal",0.012578
132,B0100,aggressive,HABFM,9067.627321,20509.659002,11890.340998,18193.230181,-20509.395364,15272.519013,338.638874,20349.267876,558.166770,-4036.928792,-669.059774,0.151678,False,False,False,False,False,False,False,2-circle,-1.000000,-196.540807,14445.515749,3.330495,0.363626,100.000000,100.000000,0.000000,0.000000,2,4,4,0.0000,0.0000,0.0000,0.5000,"Accelerate",-0.004021
133,A0100,pursuit_chase_v1,HABFM,9067.627321,20509.659002,11890.340998,18193.230181,-20509.395364,15272.519013,338.638874,20349.267876,558.166770,-4036.928792,-669.059774,0.151678,False,False,False,False,False,False,False,2-circle,-1.000000,-196.540807,14445.515749,3.330495,0.363626,100.000000,100.000000,0.000000,0.000000,2,8,4,0.0000,0.0000,0.0000,0.5000,"PursuitChaseOptimal",0.012473
133,B0100,aggressive,HABFM,9067.627321,20509.659002,11890.340998,18193.230181,-20509.395364,15272.519013,338.638874,20349.267876,558.166770,-4036.928792,-669.059774,0.151678,False,False,False,False,False,False,False,2-circle,-1.000000,-196.540807,14445.515749,3.330495,0.363626,100.000000,100.000000,0.000000,0.000000,2,4,4,0.0000,0.0000,0.0000,0.5000,"Accelerate",-0.003884
134,A0100,pursuit_chase_v1,HABFM,9180.244043,20558.407079,11841.592921,17901.344008,-20557.943657,15272.077264,339.583058,20377.175320,558.148874,-3946.493825,-666.397975,0.152745,False,False,False,False,False,False,False,2-circle,-1.000000,-191.191579,14421.717248,3.362806,0.327360,100.000000,100.000000,0.000000,0.000000,2,8,4,0.0000,0.0000,0.0000,0.5000,"PursuitChaseOptimal",0.012581
134,B0100,aggressive,HABFM,9180.244043,20558.407079,11841.592921,17901.344008,-20557.943657,15272.077264,339.583058,20377.175320,558.148874,-3946.493825,-666.397975,0.152745,False,False,False,False,False,False,False,2-circle,-1.000000,-191.191579,14421.717248,3.362806,0.327360,100.000000,100.000000,0.000000,0.000000,2,4,4,0.0000,0.0000,0.0000,0.5000,"Accelerate",-0.003752
135,A0100,pursuit_chase_v1,HABFM,9180.244043,20558.407079,11841.592921,17901.344008,-20557.943657,15272.077264,339.583058,20377.175320,558.148874,-3946.493825,-666.397975,0.152745,False,False,False,False,False,False,False,2-circle,-1.000000,-191.191579,14421.717248,3.362806,0.327360,100.000000,100.000000,0.000000,0.000000,2,8,4,0.0000,0.0000,0.0000,0.5000,"PursuitChaseOptimal",0.012743
135,B0100,aggressive,HABFM,9180.244043,20558.407079,11841.592921,17901.344008,-20557.943657,15272.077264,339.583058,20377.175320,558.148874,-3946.493825,-666.397975,0.152745,False,False,False,False,False,False,False,2-circle,-1.000000,-191.191579,14421.717248,3.362806,0.327360,100.000000,100.000000,0.000000,0.000000,2,4,4,0.0000,0.0000,0.0000,0.5000,"Accelerate",-0.003624
136,A0100,pursuit_chase_v1,HABFM,9292.391603,20604.056818,11795.943182,17618.509775,-20603.424436,15271.573002,340.526818,20405.086397,558.221540,-3861.306815,-663.365780,0.153772,False,False,False,False,False,False,False,2-circle,-1.000000,-186.047519,14398.766531,3.394338,0.290514,100.000000,100.000000,0.000000,0.000000,2,8,4,0.0000,0.0000,0.0000,0.5000,"PursuitChaseOptimal",0.012906
136,B0100,aggressive,HABFM,9292.391603,20604.056818,11795.943182,17618.509775,-20603.424436,15271.573002,340.526818,20405.086397,558.221540,-3861.306815,-663.365780,0.153772,False,False,False,False,False,False,False,2-circle,-1.000000,-186.047519,14398.766531,3.394338,0.290514,100.000000,100.000000,0.000000,0.000000,2,4,4,0.0000,0.0000,0.0000,0.5000,"Accelerate",-0.003499
137,A0100,pursuit_chase_v1,HABFM,9292.391603,20604.056818,11795.943182,17618.509775,-20603.424436,15271.573002,340.526818,20405.086397,558.221540,-3861.306815,-663.365780,0.153772,False,False,False,False,False,False,False,2-circle,-1.000000,-186.047519,14398.766531,3.394338,0.290514,100.000000,100.000000,0.000000,0.000000,2,8,4,0.0000,0.0000,0.0000,0.5000,"PursuitChaseOptimal",0.013049
137,B0100,aggressive,HABFM,9292.391603,20604.056818,11795.943182,17618.509775,-20603.424436,15271.573002,340.526818,20405.086397,558.221540,-3861.306815,-663.365780,0.153772,False,False,False,False,False,False,False,2-circle,-1.000000,-186.047519,14398.766531,3.394338,0.290514,100.000000,100.000000,0.000000,0.000000,2,4,4,0.0000,0.0000,0.0000,0.5000,"Accelerate",-0.003378
138,A0100,pursuit_chase_v1,HABFM,9403.990219,20646.765404,11753.234596,17337.996563,-20645.990939,15271.009052,341.470210,20433.005515,558.382359,-3777.556734,-659.840662,0.154746,False,False,False,False,False,False,False,2-circle,-1.000000,-181.030675,14377.792982,3.424817,0.253246,100.000000,100.000000,0.000000,0.000000,2,8,4,0.0000,0.0000,0.0000,0.5000,"PursuitChaseOptimal",0.013170
138,B0100,aggressive,HABFM,9403.990219,20646.765404,11753.234596,17337.996563,-20645.990939,15271.009052,341.470210,20433.005515,558.382359,-3777.556734,-659.840662,0.154746,False,False,False,False,False,False,False,2-circle,-1.000000,-181.030675,14377.792982,3.424817,0.253246,100.000000,100.000000,0.000000,0.000000,2,4,4,0.0000,0.0000,0.0000,0.5000,"Accelerate",-0.003429
139,A0100,pursuit_chase_v1,HABFM,9403.990219,20646.765404,11753.234596,17337.996563,-20645.990939,15271.009052,341.470210,20433.005515,558.382359,-3777.556734,-659.840662,0.154746,False,False,False,False,False,False,False,2-circle,-1.000000,-181.030675,14377.792982,3.424817,0.253246,100.000000,100.000000,0.000000,0.000000,2,8,4,0.0000,0.0000,0.0000,0.5000,"PursuitChaseOptimal",0.013270
139,B0100,aggressive,HABFM,9403.990219,20646.765404,11753.234596,17337.996563,-20645.990939,15271.009052,341.470210,20433.005515,558.382359,-3777.556734,-659.840662,0.154746,False,False,False,False,False,False,False,2-circle,-1.000000,-181.030675,14377.792982,3.424817,0.253246,100.000000,100.000000,0.000000,0.000000,2,4,4,0.0000,0.0000,0.0000,0.5000,"Accelerate",-0.003282
140,A0100,pursuit_chase_v1,HABFM,9514.958384,20687.871113,11712.128887,17060.856966,-20687.262410,15270.425314,342.273683,20456.742501,474.739725,-3701.109542,-655.829797,0.127643,False,False,False,False,False,False,False,2-circle,-1.000000,-176.085350,14247.965613,2.832386,0.216983,100.000000,100.000000,0.000000,0.000000,2,8,4,0.0000,0.0000,0.0000,0.5000,"PursuitChaseOptimal",0.013081
140,B0100,aggressive,HABFM,9514.958384,20687.871113,11712.128887,17060.856966,-20687.262410,15270.425314,342.273683,20456.742501,474.739725,-3701.109542,-655.829797,0.127643,False,False,False,False,False,False,False,2-circle,-1.000000,-176.085350,14247.965613,2.832386,0.216983,100.000000,100.000000,0.000000,0.000000,2,4,4,0.0000,0.0000,0.0000,0.5000,"Accelerate",-0.002924
141,A0100,pursuit_chase_v1,HABFM,9514.958384,20687.871113,11712.128887,17060.856966,-20687.262410,15270.425314,342.273683,20456.742501,474.739725,-3701.109542,-655.829797,0.127643,False,False,False,False,False,False,False,2-circle,-1.000000,-176.085350,14247.965613,2.832386,0.216983,100.000000,100.000000,0.000000,0.000000,2,8,4,0.0000,0.0000,0.0000,0.5000,"PursuitChaseOptimal",0.012473
141,B0100,aggressive,HABFM,9514.958384,20687.871113,11712.128887,17060.856966,-20687.262410,15270.425314,342.273683,20456.742501,474.739725,-3701.109542,-655.829797,0.127643,False,False,False,False,False,False,False,2-circle,-1.000000,-176.085350,14247.965613,2.832386,0.216983,100.000000,100.000000,0.000000,0.000000,2,4,4,0.0000,0.0000,0.0000,0.5000,"Accelerate",-0.002794
142,A0100,pursuit_chase_v1,HABFM,9625.222148,20722.968470,11677.031530,16797.374969,-20722.521089,15269.951993,343.055090,20479.976815,464.686269,-3633.722973,-651.663991,0.055981,False,False,False,False,False,False,False,2-circle,-1.000000,-171.238345,13942.442821,1.245734,0.178545,100.000000,100.000000,0.000000,0.000000,2,8,4,0.0000,0.0000,0.0000,0.5000,"PursuitChaseOptimal",0.011903
142,B0100,aggressive,HABFM,9625.222148,20722.968470,11677.031530,16797.374969,-20722.521089,15269.951993,343.055090,20479.976815,464.686269,-3633.722973,-651.663991,0.055981,False,False,False,False,False,False,False,2-circle,-1.000000,-171.238345,13942.442821,1.245734,0.178545,100.000000,100.000000,0.000000,0.000000,2,4,4,0.0000,0.0000,0.0000,0.5000,"Accelerate",-0.002691
143,A0100,pursuit_chase_v1,HABFM,9625.222148,20722.968470,11677.031530,16797.374969,-20722.521089,15269.951993,343.055090,20479.976815,464.686269,-3633.722973,-651.663991,0.055981,False,False,False,False,False,False,False,2-circle,-1.000000,-171.238345,13942.442821,1.245734,0.178545,100.000000,100.000000,0.000000,0.000000,2,8,4,0.0000,0.0000,0.0000,0.5000,"PursuitChaseOptimal",0.011340
143,B0100,aggressive,HABFM,9625.222148,20722.968470,11677.031530,16797.374969,-20722.521089,15269.951993,343.055090,20479.976815,464.686269,-3633.722973,-651.663991,0.055981,False,False,False,False,False,False,False,2-circle,-1.000000,-171.238345,13942.442821,1.245734,0.178545,100.000000,100.000000,0.000000,0.000000,2,4,4,0.0000,0.0000,0.0000,0.5000,"Accelerate",-0.002606
144,A0100,pursuit_chase_v1,HABFM,9734.837770,20756.579360,11643.420640,16564.442206,-20755.865799,15269.427745,344.063398,20510.124210,602.947895,-3571.640737,-648.117819,0.025705,False,False,False,False,False,False,False,2-circle,-1.000000,-166.341688,13806.657165,0.573691,0.250630,100.000000,100.000000,0.000000,0.000000,2,8,4,0.0000,0.0000,0.0000,0.5000,"PursuitChaseOptimal",0.011514
144,B0100,aggressive,HABFM,9734.837770,20756.579360,11643.420640,16564.442206,-20755.865799,15269.427745,344.063398,20510.124210,602.947895,-3571.640737,-648.117819,0.025705,False,False,False,False,False,False,False,2-circle,-1.000000,-166.341688,13806.657165,0.573691,0.250630,100.000000,100.000000,0.000000,0.000000,2,4,4,0.0000,0.0000,0.0000,0.5000,"Accelerate",-0.002526
145,A0100,pursuit_chase_v1,HABFM,9734.837770,20756.579360,11643.420640,16564.442206,-20755.865799,15269.427745,344.063398,20510.124210,602.947895,-3571.640737,-648.117819,0.025705,False,False,False,False,False,False,False,2-circle,-1.000000,-166.341688,13806.657165,0.573691,0.250630,100.000000,100.000000,0.000000,0.000000,2,8,4,0.0000,0.0000,0.0000,0.5000,"PursuitChaseOptimal",0.012079
145,B0100,aggressive,HABFM,9734.837770,20756.579360,11643.420640,16564.442206,-20755.865799,15269.427745,344.063398,20510.124210,602.947895,-3571.640737,-648.117819,0.025705,False,False,False,False,False,False,False,2-circle,-1.000000,-166.341688,13806.657165,0.573691,0.250630,100.000000,100.000000,0.000000,0.000000,2,4,4,0.0000,0.0000,0.0000,0.5000,"Accelerate",-0.002434
146,A0100,pursuit_chase_v1,HABFM,9843.847093,20787.824117,11612.175883,16329.288536,-20787.000906,15268.808658,345.037862,20539.232792,582.171654,-3511.181227,-644.187284,0.017011,False,False,False,False,False,False,False,2-circle,-1.000000,-161.411779,13762.086690,0.380686,0.379564,100.000000,100.000000,0.000000,0.000000,2,8,4,0.0000,0.0000,0.0000,0.5000,"PursuitChaseOptimal",0.012953
146,B0100,aggressive,HABFM,9843.847093,20787.824117,11612.175883,16329.288536,-20787.000906,15268.808658,345.037862,20539.232792,582.171654,-3511.181227,-644.187284,0.017011,False,False,False,False,False,False,False,2-circle,-1.000000,-161.411779,13762.086690,0.380686,0.379564,100.000000,100.000000,0.000000,0.000000,2,4,4,0.0000,0.0000,0.0000,0.5000,"Accelerate",-0.002340
147,A0100,pursuit_chase_v1,HABFM,9843.847093,20787.824117,11612.175883,16329.288536,-20787.000906,15268.808658,345.037862,20539.232792,582.171654,-3511.181227,-644.187284,0.017011,False,False,False,False,False,False,False,2-circle,-1.000000,-161.411779,13762.086690,0.380686,0.379564,100.000000,100.000000,0.000000,0.000000,2,8,4,0.0000,0.0000,0.0000,0.5000,"PursuitChaseOptimal",0.013791
147,B0100,aggressive,HABFM,9843.847093,20787.824117,11612.175883,16329.288536,-20787.000906,15268.808658,345.037862,20539.232792,582.171654,-3511.181227,-644.187284,0.017011,False,False,False,False,False,False,False,2-circle,-1.000000,-161.411779,13762.086690,0.380686,0.379564,100.000000,100.000000,0.000000,0.000000,2,4,4,0.0000,0.0000,0.0000,0.5000,"Accelerate",-0.002245
148,A0100,pursuit_chase_v1,UNKNOWN,9952.087229,20816.628846,11583.371154,16063.015925,-20815.766616,15268.144169,345.987582,20567.622007,567.784301,-3436.424514,-638.922676,0.015450,False,False,False,False,False,False,False,1-circle,-1.000000,-156.534852,13750.837905,0.346662,0.408376,100.000000,100.000000,0.000000,0.000000,2,8,4,0.0000,0.0000,0.0000,0.5000,"PursuitChaseOptimal",0.014626
148,B0100,aggressive,UNKNOWN,9952.087229,20816.628846,11583.371154,16063.015925,-20815.766616,15268.144169,345.987582,20567.622007,567.784301,-3436.424514,-638.922676,0.015450,False,False,False,False,False,False,False,1-circle,-1.000000,-156.534852,13750.837905,0.346662,0.408376,100.000000,100.000000,0.000000,0.000000,2,4,4,0.0000,0.0000,0.0000,0.5000,"Accelerate",-0.002149
149,A0100,pursuit_chase_v1,UNKNOWN,9952.087229,20816.628846,11583.371154,16063.015925,-20815.766616,15268.144169,345.987582,20567.622007,567.784301,-3436.424514,-638.922676,0.015450,False,False,False,False,False,False,False,1-circle,-1.000000,-156.534852,13750.837905,0.346662,0.408376,100.000000,100.000000,0.000000,0.000000,2,8,4,0.0000,0.0000,0.0000,0.5000,"PursuitChaseOptimal",0.014831
149,B0100,aggressive,UNKNOWN,9952.087229,20816.628846,11583.371154,16063.015925,-20815.766616,15268.144169,345.987582,20567.622007,567.784301,-3436.424514,-638.922676,0.015450,False,False,False,False,False,False,False,1-circle,-1.000000,-156.534852,13750.837905,0.346662,0.408376,100.000000,100.000000,0.000000,0.000000,2,4,4,0.0000,0.0000,0.0000,0.5000,"Accelerate",-0.002055
150,A0100,pursuit_chase_v1,UNKNOWN,10059.326349,20843.062675,11556.937325,15773.104967,-20842.183850,15267.451797,346.921854,20595.588694,559.333740,-3349.706520,-632.456403,0.015704,False,False,False,False,False,False,False,1-circle,-1.000000,-151.681476,13753.241202,0.353283,0.379185,100.000000,100.000000,0.000000,0.000000,2,8,4,0.0000,0.0000,0.0000,0.5000,"PursuitChaseOptimal",0.014306
150,B0100,aggressive,UNKNOWN,10059.326349,20843.062675,11556.937325,15773.104967,-20842.183850,15267.451797,346.921854,20595.588694,559.333740,-3349.706520,-632.456403,0.015704,False,False,False,False,False,False,False,1-circle,-1.000000,-151.681476,13753.241202,0.353283,0.379185,100.000000,100.000000,0.000000,0.000000,2,4,4,0.0000,0.0000,0.0000,0.5000,"Accelerate",-0.001965
151,A0100,pursuit_chase_v1,UNKNOWN,10059.326349,20843.062675,11556.937325,15773.104967,-20842.183850,15267.451797,346.921854,20595.588694,559.333740,-3349.706520,-632.456403,0.015704,False,False,False,False,False,False,False,1-circle,-1.000000,-151.681476,13753.241202,0.353283,0.379185,100.000000,100.000000,0.000000,0.000000,2,8,4,0.0000,0.0000,0.0000,0.5000,"PursuitChaseOptimal",0.013615
151,B0100,aggressive,UNKNOWN,10059.326349,20843.062675,11556.937325,15773.104967,-20842.183850,15267.451797,346.921854,20595.588694,559.333740,-3349.706520,-632.456403,0.015704,False,False,False,False,False,False,False,1-circle,-1.000000,-151.681476,13753.241202,0.353283,0.379185,100.000000,100.000000,0.000000,0.000000,2,4,4,0.0000,0.0000,0.0000,0.5000,"Accelerate",-0.001883
152,A0100,pursuit_chase_v1,UNKNOWN,10165.482579,20867.305313,11532.694687,15504.975784,-20866.416586,15266.734737,347.852860,20623.507404,558.374204,-3273.082696,-626.282945,0.016257,False,False,False,False,False,False,False,1-circle,-1.000000,-146.782025,13764.812439,0.366639,0.337236,100.000000,100.000000,0.000000,0.000000,2,8,4,0.0000,0.0000,0.0000,0.5000,"PursuitChaseOptimal",0.012963
152,B0100,aggressive,UNKNOWN,10165.482579,20867.305313,11532.694687,15504.975784,-20866.416586,15266.734737,347.852860,20623.507404,558.374204,-3273.082696,-626.282945,0.016257,False,False,False,False,False,False,False,1-circle,-1.000000,-146.782025,13764.812439,0.366639,0.337236,100.000000,100.000000,0.000000,0.000000,2,4,4,0.0000,0.0000,0.0000,0.5000,"Accelerate",-0.001806
153,A0100,pursuit_chase_v1,UNKNOWN,10165.482579,20867.305313,11532.694687,15504.975784,-20866.416586,15266.734737,347.852860,20623.507404,558.374204,-3273.082696,-626.282945,0.016257,False,False,False,False,False,False,False,1-circle,-1.000000,-146.782025,13764.812439,0.366639,0.337236,100.000000,100.000000,0.000000,0.000000,2,8,4,0.0000,0.0000,0.0000,0.5000,"PursuitChaseOptimal",0.012322
153,B0100,aggressive,UNKNOWN,10165.482579,20867.305313,11532.694687,15504.975784,-20866.416586,15266.734737,347.852860,20623.507404,558.374204,-3273.082696,-626.282945,0.016257,False,False,False,False,False,False,False,1-circle,-1.000000,-146.782025,13764.812439,0.366639,0.337236,100.000000,100.000000,0.000000,0.000000,2,4,4,0.0000,0.0000,0.0000,0.5000,"Accelerate",-0.001735
154,A0100,pursuit_chase_v1,UNKNOWN,10270.660092,20889.656575,11510.343425,15266.771036,-20888.762053,15265.992085,348.783416,20651.463340,559.118717,-3212.304282,-620.836428,0.016748,False,False,False,False,False,False,False,1-circle,-1.000000,-141.856075,13783.576748,0.378690,0.293706,100.000000,100.000000,0.000000,0.000000,2,8,4,0.0000,0.0000,0.0000,0.5000,"PursuitChaseOptimal",0.012335
154,B0100,aggressive,UNKNOWN,10270.660092,20889.656575,11510.343425,15266.771036,-20888.762053,15265.992085,348.783416,20651.463340,559.118717,-3212.304282,-620.836428,0.016748,False,False,False,False,False,False,False,1-circle,-1.000000,-141.856075,13783.576748,0.378690,0.293706,100.000000,100.000000,0.000000,0.000000,2,4,4,0.0000,0.0000,0.0000,0.5000,"Accelerate",-0.001668
155,A0100,pursuit_chase_v1,UNKNOWN,10270.660092,20889.656575,11510.343425,15266.771036,-20888.762053,15265.992085,348.783416,20651.463340,559.118717,-3212.304282,-620.836428,0.016748,False,False,False,False,False,False,False,1-circle,-1.000000,-141.856075,13783.576748,0.378690,0.293706,100.000000,100.000000,0.000000,0.000000,2,8,4,0.0000,0.0000,0.0000,0.5000,"PursuitChaseOptimal",0.013022
155,B0100,aggressive,UNKNOWN,10270.660092,20889.656575,11510.343425,15266.771036,-20888.762053,15265.992085,348.783416,20651.463340,559.118717,-3212.304282,-620.836428,0.016748,False,False,False,False,False,False,False,1-circle,-1.000000,-141.856075,13783.576748,0.378690,0.293706,100.000000,100.000000,0.000000,0.000000,2,4,4,0.0000,0.0000,0.0000,0.5000,"Accelerate",-0.001600
156,A0100,pursuit_chase_v1,UNKNOWN,10374.932285,20910.319959,11489.680041,15030.404639,-20909.423745,15265.222258,349.714115,20679.473213,560.197454,-3152.970223,-615.194588,0.017108,False,False,False,False,False,False,False,1-circle,-1.000000,-136.961803,13808.147613,0.387811,0.251194,100.000000,100.000000,0.000000,0.000000,2,8,4,0.0000,0.0000,0.0000,0.5000,"PursuitChaseOptimal",0.013985
156,B0100,aggressive,UNKNOWN,10374.932285,20910.319959,11489.680041,15030.404639,-20909.423745,15265.222258,349.714115,20679.473213,560.197454,-3152.970223,-615.194588,0.017108,False,False,False,False,False,False,False,1-circle,-1.000000,-136.961803,13808.147613,0.387811,0.251194,100.000000,100.000000,0.000000,0.000000,2,4,4,0.0000,0.0000,0.0000,0.5000,"Accelerate",-0.001530
157,A0100,pursuit_chase_v1,UNKNOWN,10374.932285,20910.319959,11489.680041,15030.404639,-20909.423745,15265.222258,349.714115,20679.473213,560.197454,-3152.970223,-615.194588,0.017108,False,False,False,False,False,False,False,1-circle,-1.000000,-136.961803,13808.147613,0.387811,0.251194,100.000000,100.000000,0.000000,0.000000,2,8,4,0.0000,0.0000,0.0000,0.5000,"PursuitChaseOptimal",0.014909
157,B0100,aggressive,UNKNOWN,10374.932285,20910.319959,11489.680041,15030.404639,-20909.423745,15265.222258,349.714115,20679.473213,560.197454,-3152.970223,-615.194588,0.017108,False,False,False,False,False,False,False,1-circle,-1.000000,-136.961803,13808.147613,0.387811,0.251194,100.000000,100.000000,0.000000,0.000000,2,4,4,0.0000,0.0000,0.0000,0.5000,"Accelerate",-0.001459
158,A0100,pursuit_chase_v1,UNKNOWN,10478.137984,20929.251567,11470.748433,14762.974021,-20928.358142,15264.423777,350.645047,20707.538352,561.302780,-3077.934595,-608.131866,0.017323,False,False,False,False,False,False,False,1-circle,-1.000000,-132.127719,13838.657728,0.393679,0.210184,100.000000,100.000000,0.000000,0.000000,2,8,4,0.0000,0.0000,0.0000,0.5000,"PursuitChaseOptimal",0.015823
158,B0100,aggressive,UNKNOWN,10478.137984,20929.251567,11470.748433,14762.974021,-20928.358142,15264.423777,350.645047,20707.538352,561.302780,-3077.934595,-608.131866,0.017323,False,False,False,False,False,False,False,1-circle,-1.000000,-132.127719,13838.657728,0.393679,0.210184,100.000000,100.000000,0.000000,0.000000,2,4,4,0.0000,0.0000,0.0000,0.5000,"Accelerate",-0.001386
159,A0100,pursuit_chase_v1,UNKNOWN,10478.137984,20929.251567,11470.748433,14762.974021,-20928.358142,15264.423777,350.645047,20707.538352,561.302780,-3077.934595,-608.131866,0.017323,False,False,False,False,False,False,False,1-circle,-1.000000,-132.127719,13838.657728,0.393679,0.210184,100.000000,100.000000,0.000000,0.000000,2,8,4,0.0000,0.0000,0.0000,0.5000,"PursuitChaseOptimal",0.016052
159,B0100,aggressive,UNKNOWN,10478.137984,20929.251567,11470.748433,14762.974021,-20928.358142,15264.423777,350.645047,20707.538352,561.302780,-3077.934595,-608.131866,0.017323,False,False,False,False,False,False,False,1-circle,-1.000000,-132.127719,13838.657728,0.393679,0.210184,100.000000,100.000000,0.000000,0.000000,2,4,4,0.0000,0.0000,0.0000,0.5000,"Accelerate",-0.001181
160,A0100,pursuit_chase_v1,UNKNOWN,10580.034250,20945.631955,11454.368045,14471.698072,-20944.716401,15263.591998,351.608713,20736.665950,582.551960,-2988.991972,-599.834545,0.020383,False,False,False,False,False,False,False,1-circle,-1.000000,-127.292355,13889.279255,0.464430,0.170670,100.000000,100.000000,0.000000,0.000000,2,8,4,0.0000,0.0000,0.0000,0.5000,"PursuitChaseOptimal",0.015444
160,B0100,aggressive,UNKNOWN,10580.034250,20945.631955,11454.368045,14471.698072,-20944.716401,15263.591998,351.608713,20736.665950,582.551960,-2988.991972,-599.834545,0.020383,False,False,False,False,False,False,False,1-circle,-1.000000,-127.292355,13889.279255,0.464430,0.170670,100.000000,100.000000,0.000000,0.000000,2,4,4,0.0000,0.0000,0.0000,0.5000,"Accelerate",-0.001384
161,A0100,pursuit_chase_v1,UNKNOWN,10580.034250,20945.631955,11454.368045,14471.698072,-20944.716401,15263.591998,351.608713,20736.665950,582.551960,-2988.991972,-599.834545,0.020383,False,False,False,False,False,False,False,1-circle,-1.000000,-127.292355,13889.279255,0.464430,0.170670,100.000000,100.000000,0.000000,0.000000,2,8,4,0.0000,0.0000,0.0000,0.5000,"PursuitChaseOptimal",0.014683
161,B0100,aggressive,UNKNOWN,10580.034250,20945.631955,11454.368045,14471.698072,-20944.716401,15263.591998,351.608713,20736.665950,582.551960,-2988.991972,-599.834545,0.020383,False,False,False,False,False,False,False,1-circle,-1.000000,-127.292355,13889.279255,0.464430,0.170670,100.000000,100.000000,0.000000,0.000000,2,4,4,0.0000,0.0000,0.0000,0.5000,"Accelerate",-0.001319
162,A0100,pursuit_chase_v1,UNKNOWN,10680.561003,20962.783841,11437.216159,14205.045023,-20961.885537,15262.678698,352.547642,20765.022030,567.121596,-2911.180116,-592.104214,0.062408,False,False,False,False,False,False,False,1-circle,-1.000000,-122.329258,14110.925361,1.425333,0.134858,100.000000,100.000000,0.000000,0.000000,2,8,4,0.0000,0.0000,0.0000,0.5000,"PursuitChaseOptimal",0.013972
162,B0100,aggressive,UNKNOWN,10680.561003,20962.783841,11437.216159,14205.045023,-20961.885537,15262.678698,352.547642,20765.022030,567.121596,-2911.180116,-592.104214,0.062408,False,False,False,False,False,False,False,1-circle,-1.000000,-122.329258,14110.925361,1.425333,0.134858,100.000000,100.000000,0.000000,0.000000,2,4,4,0.0000,0.0000,0.0000,0.5000,"Accelerate",-0.001214
163,A0100,pursuit_chase_v1,UNKNOWN,10680.561003,20962.783841,11437.216159,14205.045023,-20961.885537,15262.678698,352.547642,20765.022030,567.121596,-2911.180116,-592.104214,0.062408,False,False,False,False,False,False,False,1-circle,-1.000000,-122.329258,14110.925361,1.425333,0.134858,100.000000,100.000000,0.000000,0.000000,2,8,4,0.0000,0.0000,0.0000,0.5000,"PursuitChaseOptimal",0.013274
163,B0100,aggressive,UNKNOWN,10680.561003,20962.783841,11437.216159,14205.045023,-20961.885537,15262.678698,352.547642,20765.022030,567.121596,-2911.180116,-592.104214,0.062408,False,False,False,False,False,False,False,1-circle,-1.000000,-122.329258,14110.925361,1.425333,0.134858,100.000000,100.000000,0.000000,0.000000,2,4,4,0.0000,0.0000,0.0000,0.5000,"Accelerate",-0.001136
164,A0100,pursuit_chase_v1,UNKNOWN,10779.854123,20977.489968,11422.510032,13966.987046,-20976.669313,15261.797483,353.406082,20790.969457,518.948538,-2852.512877,-585.214626,0.081232,False,False,False,False,False,False,False,1-circle,-1.000000,-117.370407,14245.571617,1.859290,0.094807,100.000000,100.000000,0.000000,0.000000,2,8,4,0.0000,0.0000,0.0000,0.5000,"PursuitChaseOptimal",0.013296
164,B0100,aggressive,UNKNOWN,10779.854123,20977.489968,11422.510032,13966.987046,-20976.669313,15261.797483,353.406082,20790.969457,518.948538,-2852.512877,-585.214626,0.081232,False,False,False,False,False,False,False,1-circle,-1.000000,-117.370407,14245.571617,1.859290,0.094807,100.000000,100.000000,0.000000,0.000000,2,4,4,0.0000,0.0000,0.0000,0.5000,"Accelerate",-0.001231
165,A0100,pursuit_chase_v1,UNKNOWN,10779.854123,20977.489968,11422.510032,13966.987046,-20976.669313,15261.797483,353.406082,20790.969457,518.948538,-2852.512877,-585.214626,0.081232,False,False,False,False,False,False,False,1-circle,-1.000000,-117.370407,14245.571617,1.859290,0.094807,100.000000,100.000000,0.000000,0.000000,2,8,4,0.0000,0.0000,0.0000,0.5000,"PursuitChaseOptimal",0.013765
165,B0100,aggressive,UNKNOWN,10779.854123,20977.489968,11422.510032,13966.987046,-20976.669313,15261.797483,353.406082,20790.969457,518.948538,-2852.512877,-585.214626,0.081232,False,False,False,False,False,False,False,1-circle,-1.000000,-117.370407,14245.571617,1.859290,0.094807,100.000000,100.000000,0.000000,0.000000,2,4,4,0.0000,0.0000,0.0000,0.5000,"Accelerate",-0.001079
166,A0100,pursuit_chase_v1,UNKNOWN,10878.011079,20991.702219,11408.297781,13733.844844,-20991.027789,15260.960310,354.156721,20813.645283,453.516523,-2801.467407,-578.271773,0.057285,False,False,False,False,False,False,False,1-circle,-1.000000,-112.484410,14209.933951,1.314053,0.054934,100.000000,100.000000,0.000000,0.000000,2,8,4,0.0000,0.0000,0.0000,0.5000,"PursuitChaseOptimal",0.014388
166,B0100,aggressive,UNKNOWN,10878.011079,20991.702219,11408.297781,13733.844844,-20991.027789,15260.960310,354.156721,20813.645283,453.516523,-2801.467407,-578.271773,0.057285,False,False,False,False,False,False,False,1-circle,-1.000000,-112.484410,14209.933951,1.314053,0.054934,100.000000,100.000000,0.000000,0.000000,2,4,4,0.0000,0.0000,0.0000,0.5000,"Accelerate",-0.000777
167,A0100,pursuit_chase_v1,UNKNOWN,10878.011079,20991.702219,11408.297781,13733.844844,-20991.027789,15260.960310,354.156721,20813.645283,453.516523,-2801.467407,-578.271773,0.057285,False,False,False,False,False,False,False,1-circle,-1.000000,-112.484410,14209.933951,1.314053,0.054934,100.000000,100.000000,0.000000,0.000000,2,8,4,0.0000,0.0000,0.0000,0.5000,"PursuitChaseOptimal",0.015472
167,B0100,aggressive,UNKNOWN,10878.011079,20991.702219,11408.297781,13733.844844,-20991.027789,15260.960310,354.156721,20813.645283,453.516523,-2801.467407,-578.271773,0.057285,False,False,False,False,False,False,False,1-circle,-1.000000,-112.484410,14209.933951,1.314053,0.054934,100.000000,100.000000,0.000000,0.000000,2,4,4,0.0000,0.0000,0.0000,0.5000,"Accelerate",-0.000689
168,A0100,pursuit_chase_v1,UNKNOWN,10974.900485,21000.568611,11399.431389,13474.805212,-21000.035749,15260.289748,354.877437,20835.597369,439.041718,-2741.490099,-570.071755,0.013685,False,False,False,False,False,False,False,1-circle,-1.000000,-107.844705,13981.877422,-0.314573,0.060434,100.000000,100.000000,0.000000,0.000000,2,8,4,0.0000,0.0000,0.0000,0.5000,"PursuitChaseOptimal",0.016506
168,B0100,aggressive,UNKNOWN,10974.900485,21000.568611,11399.431389,13474.805212,-21000.035749,15260.289748,354.877437,20835.597369,439.041718,-2741.490099,-570.071755,0.013685,False,False,False,False,False,False,False,1-circle,-1.000000,-107.844705,13981.877422,-0.314573,0.060434,100.000000,100.000000,0.000000,0.000000,2,4,4,0.0000,0.0000,0.0000,0.5000,"Accelerate",-0.000805
169,A0100,pursuit_chase_v1,UNKNOWN,10974.900485,21000.568611,11399.431389,13474.805212,-21000.035749,15260.289748,354.877437,20835.597369,439.041718,-2741.490099,-570.071755,0.013685,False,False,False,False,False,False,False,1-circle,-1.000000,-107.844705,13981.877422,-0.314573,0.060434,100.000000,100.000000,0.000000,0.000000,2,8,4,0.0000,0.0000,0.0000,0.5000,"PursuitChaseOptimal",0.017531
169,B0100,aggressive,UNKNOWN,10974.900485,21000.568611,11399.431389,13474.805212,-21000.035749,15260.289748,354.877437,20835.597369,439.041718,-2741.490099,-570.071755,0.013685,False,False,False,False,False,False,False,1-circle,-1.000000,-107.844705,13981.877422,-0.314573,0.060434,100.000000,100.000000,0.000000,0.000000,2,4,4,0.0000,0.0000,0.0000,0.5000,"Accelerate",-0.000804
170,A0100,pursuit_chase_v1,UNKNOWN,11070.297184,21011.146619,11388.853381,13189.182704,-21010.534669,15259.607992,355.916224,20867.603122,640.115075,-2651.085832,-560.601619,0.010170,False,False,False,False,False,False,False,1-circle,-1.000000,-103.264297,14151.889573,0.234441,0.173017,100.000000,100.000000,0.000000,0.000000,2,8,4,0.0000,0.0000,0.0000,0.5000,"PursuitChaseOptimal",0.017714
170,B0100,aggressive,UNKNOWN,11070.297184,21011.146619,11388.853381,13189.182704,-21010.534669,15259.607992,355.916224,20867.603122,640.115075,-2651.085832,-560.601619,0.010170,False,False,False,False,False,False,False,1-circle,-1.000000,-103.264297,14151.889573,0.234441,0.173017,100.000000,100.000000,0.000000,0.000000,2,4,4,0.0000,0.0000,0.0000,0.5000,"Accelerate",-0.000835
171,A0100,pursuit_chase_v1,UNKNOWN,11070.297184,21011.146619,11388.853381,13189.182704,-21010.534669,15259.607992,355.916224,20867.603122,640.115075,-2651.085832,-560.601619,0.010170,False,False,False,False,False,False,False,1-circle,-1.000000,-103.264297,14151.889573,0.234441,0.173017,100.000000,100.000000,0.000000,0.000000,2,8,4,0.0000,0.0000,0.0000,0.5000,"PursuitChaseOptimal",0.017030
171,B0100,aggressive,UNKNOWN,11070.297184,21011.146619,11388.853381,13189.182704,-21010.534669,15259.607992,355.916224,20867.603122,640.115075,-2651.085832,-560.601619,0.010170,False,False,False,False,False,False,False,1-circle,-1.000000,-103.264297,14151.889573,0.234441,0.173017,100.000000,100.000000,0.000000,0.000000,2,4,4,0.0000,0.0000,0.0000,0.5000,"Accelerate",-0.000714
172,A0100,pursuit_chase_v1,UNKNOWN,11164.044625,21021.263841,11378.736159,12904.803996,-21020.619307,15258.751501,356.964908,20899.842513,644.787820,-2559.164067,-550.875572,0.071129,False,False,False,False,False,False,False,1-circle,-1.000000,-98.504218,14487.257329,1.643776,0.212146,100.000000,100.000000,0.000000,0.000000,2,8,4,0.0000,0.0000,0.0000,0.5000,"PursuitChaseOptimal",0.016177
172,B0100,aggressive,UNKNOWN,11164.044625,21021.263841,11378.736159,12904.803996,-21020.619307,15258.751501,356.964908,20899.842513,644.787820,-2559.164067,-550.875572,0.071129,False,False,False,False,False,False,False,1-circle,-1.000000,-98.504218,14487.257329,1.643776,0.212146,100.000000,100.000000,0.000000,0.000000,2,4,4,0.0000,0.0000,0.0000,0.5000,"Accelerate",-0.000674
173,A0100,pursuit_chase_v1,UNKNOWN,11164.044625,21021.263841,11378.736159,12904.803996,-21020.619307,15258.751501,356.964908,20899.842513,644.787820,-2559.164067,-550.875572,0.071129,False,False,False,False,False,False,False,1-circle,-1.000000,-98.504218,14487.257329,1.643776,0.212146,100.000000,100.000000,0.000000,0.000000,2,8,4,0.0000,0.0000,0.0000,0.5000,"PursuitChaseOptimal",0.015380
173,B0100,aggressive,UNKNOWN,11164.044625,21021.263841,11378.736159,12904.803996,-21020.619307,15258.751501,356.964908,20899.842513,644.787820,-2559.164067,-550.875572,0.071129,False,False,False,False,False,False,False,1-circle,-1.000000,-98.504218,14487.257329,1.643776,0.212146,100.000000,100.000000,0.000000,0.000000,2,4,4,0.0000,0.0000,0.0000,0.5000,"Accelerate",-0.000620
174,A0100,pursuit_chase_v1,UNKNOWN,11256.227885,21029.279377,11370.720623,12649.826385,-21028.708147,15257.891739,357.808823,20925.686925,516.888238,-2492.065400,-542.104900,0.094116,False,False,False,False,False,False,False,1-circle,-1.000000,-93.686351,14672.597132,2.179435,0.191409,100.000000,100.000000,0.000000,0.000000,2,8,4,0.0000,0.0000,0.0000,0.5000,"PursuitChaseOptimal",0.014594
174,B0100,aggressive,UNKNOWN,11256.227885,21029.279377,11370.720623,12649.826385,-21028.708147,15257.891739,357.808823,20925.686925,516.888238,-2492.065400,-542.104900,0.094116,False,False,False,False,False,False,False,1-circle,-1.000000,-93.686351,14672.597132,2.179435,0.191409,100.000000,100.000000,0.000000,0.000000,2,4,4,0.0000,0.0000,0.0000,0.5000,"Accelerate",-0.000579
175,A0100,pursuit_chase_v1,UNKNOWN,11256.227885,21029.279377,11370.720623,12649.826385,-21028.708147,15257.891739,357.808823,20925.686925,516.888238,-2492.065400,-542.104900,0.094116,False,False,False,False,False,False,False,1-circle,-1.000000,-93.686351,14672.597132,2.179435,0.191409,100.000000,100.000000,0.000000,0.000000,2,8,4,0.0000,0.0000,0.0000,0.5000,"PursuitChaseOptimal",0.014572
175,B0100,aggressive,UNKNOWN,11256.227885,21029.279377,11370.720623,12649.826385,-21028.708147,15257.891739,357.808823,20925.686925,516.888238,-2492.065400,-542.104900,0.094116,False,False,False,False,False,False,False,1-circle,-1.000000,-93.686351,14672.597132,2.179435,0.191409,100.000000,100.000000,0.000000,0.000000,2,4,4,0.0000,0.0000,0.0000,0.5000,"Accelerate",-0.000543
176,A0100,pursuit_chase_v1,UNKNOWN,11347.021278,21036.348107,11363.651893,12418.416199,-21035.819666,15257.054508,358.707185,20953.346052,553.182540,-2434.262518,-534.186868,0.099110,False,False,False,False,False,False,False,1-circle,-1.000000,-88.895881,14787.728912,2.300436,0.152939,100.000000,100.000000,0.000000,0.000000,2,8,4,0.0000,0.0000,0.0000,0.5000,"PursuitChaseOptimal",0.015125
176,B0100,aggressive,UNKNOWN,11347.021278,21036.348107,11363.651893,12418.416199,-21035.819666,15257.054508,358.707185,20953.346052,553.182540,-2434.262518,-534.186868,0.099110,False,False,False,False,False,False,False,1-circle,-1.000000,-88.895881,14787.728912,2.300436,0.152939,100.000000,100.000000,0.000000,0.000000,2,4,4,0.0000,0.0000,0.0000,0.5000,"Accelerate",-0.000507
177,A0100,pursuit_chase_v1,UNKNOWN,11347.021278,21036.348107,11363.651893,12418.416199,-21035.819666,15257.054508,358.707185,20953.346052,553.182540,-2434.262518,-534.186868,0.099110,False,False,False,False,False,False,False,1-circle,-1.000000,-88.895881,14787.728912,2.300436,0.152939,100.000000,100.000000,0.000000,0.000000,2,8,4,0.0000,0.0000,0.0000,0.5000,"PursuitChaseOptimal",0.015840
177,B0100,aggressive,UNKNOWN,11347.021278,21036.348107,11363.651893,12418.416199,-21035.819666,15257.054508,358.707185,20953.346052,553.182540,-2434.262518,-534.186868,0.099110,False,False,False,False,False,False,False,1-circle,-1.000000,-88.895881,14787.728912,2.300436,0.152939,100.000000,100.000000,0.000000,0.000000,2,4,4,0.0000,0.0000,0.0000,0.5000,"Accelerate",-0.000620
178,A0100,pursuit_chase_v1,UNKNOWN,11436.442224,21043.438382,11356.561618,12176.675910,-21042.956527,15256.205735,359.590989,20980.601589,545.110734,-2372.087599,-525.656633,0.095861,False,False,False,False,False,False,False,1-circle,-1.000000,-84.144525,14871.864820,2.230321,0.115930,100.000000,100.000000,0.000000,0.000000,2,8,4,0.0000,0.0000,0.0000,0.5000,"PursuitChaseOptimal",0.017061
178,B0100,aggressive,UNKNOWN,11436.442224,21043.438382,11356.561618,12176.675910,-21042.956527,15256.205735,359.590989,20980.601589,545.110734,-2372.087599,-525.656633,0.095861,False,False,False,False,False,False,False,1-circle,-1.000000,-84.144525,14871.864820,2.230321,0.115930,100.000000,100.000000,0.000000,0.000000,2,4,4,0.0000,0.0000,0.0000,0.5000,"Accelerate",-0.000464
179,A0100,pursuit_chase_v1,UNKNOWN,11436.442224,21043.438382,11356.561618,12176.675910,-21042.956527,15256.205735,359.590989,20980.601589,545.110734,-2372.087599,-525.656633,0.095861,False,False,False,False,False,False,False,1-circle,-1.000000,-84.144525,14871.864820,2.230321,0.115930,100.000000,100.000000,0.000000,0.000000,2,8,4,0.0000,0.0000,0.0000,0.5000,"PursuitChaseOptimal",0.018224
179,B0100,aggressive,UNKNOWN,11436.442224,21043.438382,11356.561618,12176.675910,-21042.956527,15256.205735,359.590989,20980.601589,545.110734,-2372.087599,-525.656633,0.095861,False,False,False,False,False,False,False,1-circle,-1.000000,-84.144525,14871.864820,2.230321,0.115930,100.000000,100.000000,0.000000,0.000000,2,4,4,0.0000,0.0000,0.0000,0.5000,"Accelerate",-0.000165
180,A0100,pursuit_chase_v1,UNKNOWN,11524.295275,21047.002296,11352.997704,11901.944196,-21046.622832,15255.455370,360.278129,21001.749531,422.958846,-2304.748754,-515.439458,0.025231,False,False,False,False,False,False,False,1-circle,-1.000000,-79.578361,14673.127034,0.588372,0.079146,100.000000,100.000000,0.000000,0.000000,2,8,4,0.0000,0.0000,0.0000,0.5000,"PursuitChaseOptimal",0.019374
180,B0100,aggressive,UNKNOWN,11524.295275,21047.002296,11352.997704,11901.944196,-21046.622832,15255.455370,360.278129,21001.749531,422.958846,-2304.748754,-515.439458,0.025231,False,False,False,False,False,False,False,1-circle,-1.000000,-79.578361,14673.127034,0.588372,0.079146,100.000000,100.000000,0.000000,0.000000,2,4,4,0.0000,0.0000,0.0000,0.5000,"Accelerate",-0.000106
181,A0100,pursuit_chase_v1,UNKNOWN,11524.295275,21047.002296,11352.997704,11901.944196,-21046.622832,15255.455370,360.278129,21001.749531,422.958846,-2304.748754,-515.439458,0.025231,False,False,False,False,False,False,False,1-circle,-1.000000,-79.578361,14673.127034,0.588372,0.079146,100.000000,100.000000,0.000000,0.000000,2,8,4,0.0000,0.0000,0.0000,0.5000,"PursuitChaseOptimal",0.019595
181,B0100,aggressive,UNKNOWN,11524.295275,21047.002296,11352.997704,11901.944196,-21046.622832,15255.455370,360.278129,21001.749531,422.958846,-2304.748754,-515.439458,0.025231,False,False,False,False,False,False,False,1-circle,-1.000000,-79.578361,14673.127034,0.588372,0.079146,100.000000,100.000000,0.000000,0.000000,2,4,4,0.0000,0.0000,0.0000,0.5000,"Accelerate",-0.000249
182,A0100,pursuit_chase_v1,UNKNOWN,11610.303800,21049.256917,11350.743083,11606.319796,-21048.895033,15254.787673,361.178352,21029.834135,561.692078,-2216.156842,-504.107199,0.004338,False,False,False,False,False,False,False,1-circle,-1.000000,-75.124217,14646.759931,-0.101399,0.091074,100.000000,100.000000,0.000000,0.000000,2,8,4,0.0000,0.0000,0.0000,0.5000,"PursuitChaseOptimal",0.018799
182,B0100,aggressive,UNKNOWN,11610.303800,21049.256917,11350.743083,11606.319796,-21048.895033,15254.787673,361.178352,21029.834135,561.692078,-2216.156842,-504.107199,0.004338,False,False,False,False,False,False,False,1-circle,-1.000000,-75.124217,14646.759931,-0.101399,0.091074,100.000000,100.000000,0.000000,0.000000,2,4,4,0.0000,0.0000,0.0000,0.5000,"Accelerate",-0.000232
183,A0100,pursuit_chase_v1,UNKNOWN,11610.303800,21049.256917,11350.743083,11606.319796,-21048.895033,15254.787673,361.178352,21029.834135,561.692078,-2216.156842,-504.107199,0.004338,False,False,False,False,False,False,False,1-circle,-1.000000,-75.124217,14646.759931,-0.101399,0.091074,100.000000,100.000000,0.000000,0.000000,2,8,4,0.0000,0.0000,0.0000,0.5000,"PursuitChaseOptimal",0.017833
183,B0100,aggressive,UNKNOWN,11610.303800,21049.256917,11350.743083,11606.319796,-21048.895033,15254.787673,361.178352,21029.834135,561.692078,-2216.156842,-504.107199,0.004338,False,False,False,False,False,False,False,1-circle,-1.000000,-75.124217,14646.759931,-0.101399,0.091074,100.000000,100.000000,0.000000,0.000000,2,4,4,0.0000,0.0000,0.0000,0.5000,"Accelerate",-0.000347
184,A0100,pursuit_chase_v1,UNKNOWN,11694.473183,21053.282495,11346.717505,11338.906141,-21052.917085,15253.969271,362.334567,21066.049427,724.305825,-2126.184496,-493.869970,0.061655,False,False,False,False,False,False,False,1-circle,-1.000000,-70.468255,15029.240671,1.445309,0.173018,100.000000,100.000000,0.000000,0.000000,2,8,4,0.0000,0.0000,0.0000,0.5000,"PursuitChaseOptimal",0.016933
184,B0100,aggressive,UNKNOWN,11694.473183,21053.282495,11346.717505,11338.906141,-21052.917085,15253.969271,362.334567,21066.049427,724.305825,-2126.184496,-493.869970,0.061655,False,False,False,False,False,False,False,1-circle,-1.000000,-70.468255,15029.240671,1.445309,0.173018,100.000000,100.000000,0.000000,0.000000,2,4,4,0.0000,0.0000,0.0000,0.5000,"Accelerate",-0.000212
185,A0100,pursuit_chase_v1,UNKNOWN,11694.473183,21053.282495,11346.717505,11338.906141,-21052.917085,15253.969271,362.334567,21066.049427,724.305825,-2126.184496,-493.869970,0.061655,False,False,False,False,False,False,False,1-circle,-1.000000,-70.468255,15029.240671,1.445309,0.173018,100.000000,100.000000,0.000000,0.000000,2,8,4,0.0000,0.0000,0.0000,0.5000,"PursuitChaseOptimal",0.016046
185,B0100,aggressive,UNKNOWN,11694.473183,21053.282495,11346.717505,11338.906141,-21052.917085,15253.969271,362.334567,21066.049427,724.305825,-2126.184496,-493.869970,0.061655,False,False,False,False,False,False,False,1-circle,-1.000000,-70.468255,15029.240671,1.445309,0.173018,100.000000,100.000000,0.000000,0.000000,2,4,4,0.0000,0.0000,0.0000,0.5000,"Accelerate",-0.000187
186,A0100,pursuit_chase_v1,UNKNOWN,11777.016673,21055.721007,11344.278993,11100.161173,-21055.406245,15253.020170,363.249080,21094.476103,568.533523,-2063.053054,-484.754538,0.109130,False,False,False,False,False,False,False,1-circle,-1.000000,-65.644620,15339.025729,2.563176,0.176232,100.000000,100.000000,0.000000,0.000000,2,8,4,0.0000,0.0000,0.0000,0.5000,"PursuitChaseOptimal",0.015971
186,B0100,aggressive,UNKNOWN,11777.016673,21055.721007,11344.278993,11100.161173,-21055.406245,15253.020170,363.249080,21094.476103,568.533523,-2063.053054,-484.754538,0.109130,False,False,False,False,False,False,False,1-circle,-1.000000,-65.644620,15339.025729,2.563176,0.176232,100.000000,100.000000,0.000000,0.000000,2,4,4,0.0000,0.0000,0.0000,0.5000,"Accelerate",-0.000168
187,A0100,pursuit_chase_v1,UNKNOWN,11777.016673,21055.721007,11344.278993,11100.161173,-21055.406245,15253.020170,363.249080,21094.476103,568.533523,-2063.053054,-484.754538,0.109130,False,False,False,False,False,False,False,1-circle,-1.000000,-65.644620,15339.025729,2.563176,0.176232,100.000000,100.000000,0.000000,0.000000,2,8,4,0.0000,0.0000,0.0000,0.5000,"PursuitChaseOptimal",0.016630
187,B0100,aggressive,UNKNOWN,11777.016673,21055.721007,11344.278993,11100.161173,-21055.406245,15253.020170,363.249080,21094.476103,568.533523,-2063.053054,-484.754538,0.109130,False,False,False,False,False,False,False,1-circle,-1.000000,-65.644620,15339.025729,2.563176,0.176232,100.000000,100.000000,0.000000,0.000000,2,4,4,0.0000,0.0000,0.0000,0.5000,"Accelerate",-0.000137
188,A0100,pursuit_chase_v1,UNKNOWN,11858.062929,21057.495061,11342.504939,10867.580562,-21057.228640,15252.117254,364.108498,21121.246707,535.412088,-2006.070650,-475.788107,0.121096,False,False,False,False,False,False,False,1-circle,-1.000000,-60.886188,15498.304552,2.850169,0.143663,100.000000,100.000000,0.000000,0.000000,2,8,4,0.0000,0.0000,0.0000,0.5000,"PursuitChaseOptimal",0.017460
188,B0100,aggressive,UNKNOWN,11858.062929,21057.495061,11342.504939,10867.580562,-21057.228640,15252.117254,364.108498,21121.246707,535.412088,-2006.070650,-475.788107,0.121096,False,False,False,False,False,False,False,1-circle,-1.000000,-60.886188,15498.304552,2.850169,0.143663,100.000000,100.000000,0.000000,0.000000,2,4,4,0.0000,0.0000,0.0000,0.5000,"Accelerate",-0.000113
189,A0100,pursuit_chase_v1,UNKNOWN,11858.062929,21057.495061,11342.504939,10867.580562,-21057.228640,15252.117254,364.108498,21121.246707,535.412088,-2006.070650,-475.788107,0.121096,False,False,False,False,False,False,False,1-circle,-1.000000,-60.886188,15498.304552,2.850169,0.143663,100.000000,100.000000,0.000000,0.000000,2,8,4,0.0000,0.0000,0.0000,0.5000,"PursuitChaseOptimal",0.018847
189,B0100,aggressive,UNKNOWN,11858.062929,21057.495061,11342.504939,10867.580562,-21057.228640,15252.117254,364.108498,21121.246707,535.412088,-2006.070650,-475.788107,0.121096,False,False,False,False,False,False,False,1-circle,-1.000000,-60.886188,15498.304552,2.850169,0.143663,100.000000,100.000000,0.000000,0.000000,2,4,4,0.0000,0.0000,0.0000,0.5000,"Accelerate",-0.000246
190,A0100,pursuit_chase_v1,UNKNOWN,11937.517104,21059.652348,11340.347652,10614.001661,-21059.431168,15251.225558,364.977692,21148.409853,543.262909,-1938.379909,-465.724736,0.118484,False,False,False,False,False,False,False,1-circle,-1.000000,-56.203784,15594.305667,2.795103,0.106267,100.000000,100.000000,0.000000,0.000000,2,8,4,0.0000,0.0000,0.0000,0.5000,"PursuitChaseOptimal",0.020168
190,B0100,aggressive,UNKNOWN,11937.517104,21059.652348,11340.347652,10614.001661,-21059.431168,15251.225558,364.977692,21148.409853,543.262909,-1938.379909,-465.724736,0.118484,False,False,False,False,False,False,False,1-circle,-1.000000,-56.203784,15594.305667,2.795103,0.106267,100.000000,100.000000,0.000000,0.000000,2,4,4,0.0000,0.0000,0.0000,0.5000,"Accelerate",-0.000098
191,A0100,pursuit_chase_v1,UNKNOWN,11937.517104,21059.652348,11340.347652,10614.001661,-21059.431168,15251.225558,364.977692,21148.409853,543.262909,-1938.379909,-465.724736,0.118484,False,False,False,False,False,False,False,1-circle,-1.000000,-56.203784,15594.305667,2.795103,0.106267,100.000000,100.000000,0.000000,0.000000,2,8,4,0.0000,0.0000,0.0000,0.5000,"PursuitChaseOptimal",0.021475
191,B0100,aggressive,UNKNOWN,11937.517104,21059.652348,11340.347652,10614.001661,-21059.431168,15251.225558,364.977692,21148.409853,543.262909,-1938.379909,-465.724736,0.118484,False,False,False,False,False,False,False,1-circle,-1.000000,-56.203784,15594.305667,2.795103,0.106267,100.000000,100.000000,0.000000,0.000000,2,4,4,0.0000,0.0000,0.0000,0.5000,"Accelerate",0.000193
192,A0100,pursuit_chase_v1,UNKNOWN,12015.123891,21058.701112,11341.298888,10326.018239,-21058.514157,15250.445826,365.650166,21169.381349,419.429920,-1864.688303,-453.855437,0.046266,False,False,False,False,False,False,False,1-circle,-1.000000,-51.683333,15390.285205,1.094091,0.070401,100.000000,100.000000,0.000000,0.000000,2,8,4,0.0000,0.0000,0.0000,0.5000,"PursuitChaseOptimal",0.021772
192,B0100,aggressive,UNKNOWN,12015.123891,21058.701112,11341.298888,10326.018239,-21058.514157,15250.445826,365.650166,21169.381349,419.429920,-1864.688303,-453.855437,0.046266,False,False,False,False,False,False,False,1-circle,-1.000000,-51.683333,15390.285205,1.094091,0.070401,100.000000,100.000000,0.000000,0.000000,2,4,4,0.0000,0.0000,0.0000,0.5000,"Accelerate",0.000144
193,A0100,pursuit_chase_v1,UNKNOWN,12015.123891,21058.701112,11341.298888,10326.018239,-21058.514157,15250.445826,365.650166,21169.381349,419.429920,-1864.688303,-453.855437,0.046266,False,False,False,False,False,False,False,1-circle,-1.000000,-51.683333,15390.285205,1.094091,0.070401,100.000000,100.000000,0.000000,0.000000,2,8,4,0.0000,0.0000,0.0000,0.5000,"PursuitChaseOptimal",0.020853
193,B0100,aggressive,UNKNOWN,12015.123891,21058.701112,11341.298888,10326.018239,-21058.514157,15250.445826,365.650166,21169.381349,419.429920,-1864.688303,-453.855437,0.046266,False,False,False,False,False,False,False,1-circle,-1.000000,-51.683333,15390.285205,1.094091,0.070401,100.000000,100.000000,0.000000,0.000000,2,4,4,0.0000,0.0000,0.0000,0.5000,"Accelerate",0.000213
194,A0100,pursuit_chase_v1,UNKNOWN,12090.674933,21056.348031,11343.651969,10039.570351,-21056.195171,15249.760744,366.537456,21197.457006,561.513156,-1780.050307,-441.910512,0.003601,False,False,False,False,False,False,False,1-circle,-1.000000,-47.227191,15277.828025,-0.085353,0.083798,100.000000,100.000000,0.000000,0.000000,2,8,4,0.0000,0.0000,0.0000,0.5000,"PursuitChaseOptimal",0.019765
194,B0100,aggressive,UNKNOWN,12090.674933,21056.348031,11343.651969,10039.570351,-21056.195171,15249.760744,366.537456,21197.457006,561.513156,-1780.050307,-441.910512,0.003601,False,False,False,False,False,False,False,1-circle,-1.000000,-47.227191,15277.828025,-0.085353,0.083798,100.000000,100.000000,0.000000,0.000000,2,4,4,0.0000,0.0000,0.0000,0.5000,"Accelerate",0.000111
195,A0100,pursuit_chase_v1,UNKNOWN,12090.674933,21056.348031,11343.651969,10039.570351,-21056.195171,15249.760744,366.537456,21197.457006,561.513156,-1780.050307,-441.910512,0.003601,False,False,False,False,False,False,False,1-circle,-1.000000,-47.227191,15277.828025,-0.085353,0.083798,100.000000,100.000000,0.000000,0.000000,2,8,4,0.0000,0.0000,0.0000,0.5000,"PursuitChaseOptimal",0.018756
195,B0100,aggressive,UNKNOWN,12090.674933,21056.348031,11343.651969,10039.570351,-21056.195171,15249.760744,366.537456,21197.457006,561.513156,-1780.050307,-441.910512,0.003601,False,False,False,False,False,False,False,1-circle,-1.000000,-47.227191,15277.828025,-0.085353,0.083798,100.000000,100.000000,0.000000,0.000000,2,4,4,0.0000,0.0000,0.0000,0.5000,"Accelerate",-0.000000
196,A0100,pursuit_chase_v1,UNKNOWN,12164.350711,21055.757574,11344.242426,9789.753265,-21055.683124,15248.938521,367.674382,21233.589108,722.642039,-1699.163255,-431.612602,0.032967,False,False,False,False,False,False,False,1-circle,-1.000000,-42.552864,15536.501035,0.783752,0.213035,100.000000,100.000000,0.000000,0.000000,2,8,4,0.0000,0.0000,0.0000,0.5000,"PursuitChaseOptimal",0.017761
196,B0100,aggressive,UNKNOWN,12164.350711,21055.757574,11344.242426,9789.753265,-21055.683124,15248.938521,367.674382,21233.589108,722.642039,-1699.163255,-431.612602,0.032967,False,False,False,False,False,False,False,1-circle,-1.000000,-42.552864,15536.501035,0.783752,0.213035,100.000000,100.000000,0.000000,0.000000,2,4,4,0.0000,0.0000,0.0000,0.5000,"Accelerate",0.000133
197,A0100,pursuit_chase_v1,UNKNOWN,12164.350711,21055.757574,11344.242426,9789.753265,-21055.683124,15248.938521,367.674382,21233.589108,722.642039,-1699.163255,-431.612602,0.032967,False,False,False,False,False,False,False,1-circle,-1.000000,-42.552864,15536.501035,0.783752,0.213035,100.000000,100.000000,0.000000,0.000000,2,8,4,0.0000,0.0000,0.0000,0.5000,"PursuitChaseOptimal",0.017641
197,B0100,aggressive,UNKNOWN,12164.350711,21055.757574,11344.242426,9789.753265,-21055.683124,15248.938521,367.674382,21233.589108,722.642039,-1699.163255,-431.612602,0.032967,False,False,False,False,False,False,False,1-circle,-1.000000,-42.552864,15536.501035,0.783752,0.213035,100.000000,100.000000,0.000000,0.000000,2,4,4,0.0000,0.0000,0.0000,0.5000,"Accelerate",0.000172
198,A0100,pursuit_chase_v1,UNKNOWN,12236.388756,21053.671072,11346.328928,9561.300065,-21053.642553,15248.002013,368.584975,21262.332851,574.874853,-1641.020911,-422.226873,0.064701,False,False,False,False,False,False,False,1-circle,-1.000000,-37.741820,15775.391014,1.541504,0.250731,100.000000,100.000000,0.000000,0.000000,2,8,4,0.0000,0.0000,0.0000,0.5000,"PursuitChaseOptimal",0.018421
198,B0100,aggressive,UNKNOWN,12236.388756,21053.671072,11346.328928,9561.300065,-21053.642553,15248.002013,368.584975,21262.332851,574.874853,-1641.020911,-422.226873,0.064701,False,False,False,False,False,False,False,1-circle,-1.000000,-37.741820,15775.391014,1.541504,0.250731,100.000000,100.000000,0.000000,0.000000,2,4,4,0.0000,0.0000,0.0000,0.5000,"Accelerate",0.000192
199,A0100,pursuit_chase_v1,UNKNOWN,12236.388756,21053.671072,11346.328928,9561.300065,-21053.642553,15248.002013,368.584975,21262.332851,574.874853,-1641.020911,-422.226873,0.064701,False,False,False,False,False,False,False,1-circle,-1.000000,-37.741820,15775.391014,1.541504,0.250731,100.000000,100.000000,0.000000,0.000000,2,8,4,0.0000,0.0000,0.0000,0.5000,"PursuitChaseOptimal",0.018834
199,B0100,aggressive,UNKNOWN,12236.388756,21053.671072,11346.328928,9561.300065,-21053.642553,15248.002013,368.584975,21262.332851,574.874853,-1641.020911,-422.226873,0.064701,False,False,False,False,False,False,False,1-circle,-1.000000,-37.741820,15775.391014,1.541504,0.250731,100.000000,100.000000,0.000000,0.000000,2,4,4,0.0000,0.0000,0.0000,0.5000,"Accelerate",0.000204
200,A0100,pursuit_chase_v1,UNKNOWN,12306.808033,21050.984902,11349.015098,9324.746066,-21050.992000,15247.111478,369.454668,21289.857977,550.502530,-1581.566993,-412.367235,0.071259,False,False,False,False,False,False,False,1-circle,-1.000000,-32.996626,15902.869191,1.701470,0.222966,100.000000,100.000000,0.000000,0.000000,2,8,4,0.0000,0.0000,0.0000,0.5000,"PursuitChaseOptimal",0.019735
200,B0100,aggressive,UNKNOWN,12306.808033,21050.984902,11349.015098,9324.746066,-21050.992000,15247.111478,369.454668,21289.857977,550.502530,-1581.566993,-412.367235,0.071259,False,False,False,False,False,False,False,1-circle,-1.000000,-32.996626,15902.869191,1.701470,0.222966,100.000000,100.000000,0.000000,0.000000,2,4,4,0.0000,0.0000,0.0000,0.5000,"Accelerate",0.000215
201,A0100,pursuit_chase_v1,UNKNOWN,12306.808033,21050.984902,11349.015098,9324.746066,-21050.992000,15247.111478,369.454668,21289.857977,550.502530,-1581.566993,-412.367235,0.071259,False,False,False,False,False,False,False,1-circle,-1.000000,-32.996626,15902.869191,1.701470,0.222966,100.000000,100.000000,0.000000,0.000000,2,8,4,0.0000,0.0000,0.0000,0.5000,"PursuitChaseOptimal",0.021342
201,B0100,aggressive,UNKNOWN,12306.808033,21050.984902,11349.015098,9324.746066,-21050.992000,15247.111478,369.454668,21289.857977,550.502530,-1581.566993,-412.367235,0.071259,False,False,False,False,False,False,False,1-circle,-1.000000,-32.996626,15902.869191,1.701470,0.222966,100.000000,100.000000,0.000000,0.000000,2,4,4,0.0000,0.0000,0.0000,0.5000,"Accelerate",0.000229
202,A0100,pursuit_chase_v1,UNKNOWN,12375.503632,21048.026618,11351.973382,9069.503610,-21048.079091,15246.233862,370.353954,21318.433338,571.507203,-1512.190382,-401.540103,0.069854,False,False,False,False,False,False,False,1-circle,-1.000000,-28.339955,15991.843996,1.671787,0.186212,100.000000,100.000000,0.000000,0.000000,2,8,4,0.0000,0.0000,0.0000,0.5000,"PursuitChaseOptimal",0.022877
202,B0100,aggressive,UNKNOWN,12375.503632,21048.026618,11351.973382,9069.503610,-21048.079091,15246.233862,370.353954,21318.433338,571.507203,-1512.190382,-401.540103,0.069854,False,False,False,False,False,False,False,1-circle,-1.000000,-28.339955,15991.843996,1.671787,0.186212,100.000000,100.000000,0.000000,0.000000,2,4,4,0.0000,0.0000,0.0000,0.5000,"Accelerate",0.000245
203,A0100,pursuit_chase_v1,UNKNOWN,12375.503632,21048.026618,11351.973382,9069.503610,-21048.079091,15246.233862,370.353954,21318.433338,571.507203,-1512.190382,-401.540103,0.069854,False,False,False,False,False,False,False,1-circle,-1.000000,-28.339955,15991.843996,1.671787,0.186212,100.000000,100.000000,0.000000,0.000000,2,8,4,0.0000,0.0000,0.0000,0.5000,"PursuitChaseOptimal",0.024402
203,B0100,aggressive,UNKNOWN,12375.503632,21048.026618,11351.973382,9069.503610,-21048.079091,15246.233862,370.353954,21318.433338,571.507203,-1512.190382,-401.540103,0.069854,False,False,False,False,False,False,False,1-circle,-1.000000,-28.339955,15991.843996,1.671787,0.186212,100.000000,100.000000,0.000000,0.000000,2,4,4,0.0000,0.0000,0.0000,0.5000,"Accelerate",0.000262
204,A0100,pursuit_chase_v1,UNKNOWN,12442.234841,21044.675466,11355.324534,8783.698848,-21044.776993,15245.351412,371.259882,21347.293793,577.209101,-1427.504161,-389.114709,0.066732,False,False,False,False,False,False,False,1-circle,-1.000000,-23.746032,16069.403699,1.600814,0.151788,100.000000,100.000000,0.000000,0.000000,2,8,4,0.0000,0.0000,0.0000,0.5000,"PursuitChaseOptimal",0.024780
204,B0100,aggressive,UNKNOWN,12442.234841,21044.675466,11355.324534,8783.698848,-21044.776993,15245.351412,371.259882,21347.293793,577.209101,-1427.504161,-389.114709,0.066732,False,False,False,False,False,False,False,1-circle,-1.000000,-23.746032,16069.403699,1.600814,0.151788,100.000000,100.000000,0.000000,0.000000,2,4,4,0.0000,0.0000,0.0000,0.5000,"Accelerate",0.000279
205,A0100,pursuit_chase_v1,UNKNOWN,12442.234841,21044.675466,11355.324534,8783.698848,-21044.776993,15245.351412,371.259882,21347.293793,577.209101,-1427.504161,-389.114709,0.066732,False,False,False,False,False,False,False,1-circle,-1.000000,-23.746032,16069.403699,1.600814,0.151788,100.000000,100.000000,0.000000,0.000000,2,8,4,0.0000,0.0000,0.0000,0.5000,"PursuitChaseOptimal",0.023730
205,B0100,aggressive,UNKNOWN,12442.234841,21044.675466,11355.324534,8783.698848,-21044.776993,15245.351412,371.259882,21347.293793,577.209101,-1427.504161,-389.114709,0.066732,False,False,False,False,False,False,False,1-circle,-1.000000,-23.746032,16069.403699,1.600814,0.151788,100.000000,100.000000,0.000000,0.000000,2,4,4,0.0000,0.0000,0.0000,0.5000,"Accelerate",0.000295
206,A0100,pursuit_chase_v1,UNKNOWN,12506.817621,21040.892020,11359.107980,8498.588440,-21041.045564,15244.458677,372.166896,21376.252419,579.172522,-1341.914131,-376.583113,0.063257,False,False,False,False,False,False,False,1-circle,-1.000000,-19.132006,16142.754958,1.521005,0.119798,100.000000,100.000000,0.000000,0.000000,2,8,4,0.0000,0.0000,0.0000,0.5000,"PursuitChaseOptimal",0.022487
206,B0100,aggressive,UNKNOWN,12506.817621,21040.892020,11359.107980,8498.588440,-21041.045564,15244.458677,372.166896,21376.252419,579.172522,-1341.914131,-376.583113,0.063257,False,False,False,False,False,False,False,1-circle,-1.000000,-19.132006,16142.754958,1.521005,0.119798,100.000000,100.000000,0.000000,0.000000,2,4,4,0.0000,0.0000,0.0000,0.5000,"Accelerate",0.000310
207,A0100,pursuit_chase_v1,UNKNOWN,12506.817621,21040.892020,11359.107980,8498.588440,-21041.045564,15244.458677,372.166896,21376.252419,579.172522,-1341.914131,-376.583113,0.063257,False,False,False,False,False,False,False,1-circle,-1.000000,-19.132006,16142.754958,1.521005,0.119798,100.000000,100.000000,0.000000,0.000000,2,8,4,0.0000,0.0000,0.0000,0.5000,"PursuitChaseOptimal",0.021332
207,B0100,aggressive,UNKNOWN,12506.817621,21040.892020,11359.107980,8498.588440,-21041.045564,15244.458677,372.166896,21376.252419,579.172522,-1341.914131,-376.583113,0.063257,False,False,False,False,False,False,False,1-circle,-1.000000,-19.132006,16142.754958,1.521005,0.119798,100.000000,100.000000,0.000000,0.000000,2,4,4,0.0000,0.0000,0.0000,0.5000,"Accelerate",0.000323
208,A0100,pursuit_chase_v1,UNKNOWN,12569.417441,21036.732839,11363.267161,8246.549833,-21036.941815,15243.553060,373.074071,21405.276349,580.478612,-1271.976832,-365.580393,0.059621,False,False,False,False,False,False,False,1-circle,-1.000000,-14.443405,16213.535773,1.436936,0.089711,100.000000,100.000000,0.000000,0.000000,2,8,4,0.0000,0.0000,0.0000,0.5000,"PursuitChaseOptimal",0.020189
208,B0100,aggressive,UNKNOWN,12569.417441,21036.732839,11363.267161,8246.549833,-21036.941815,15243.553060,373.074071,21405.276349,580.478612,-1271.976832,-365.580393,0.059621,False,False,False,False,False,False,False,1-circle,-1.000000,-14.443405,16213.535773,1.436936,0.089711,100.000000,100.000000,0.000000,0.000000,2,4,4,0.0000,0.0000,0.0000,0.5000,"Accelerate",0.000336
209,A0100,pursuit_chase_v1,UNKNOWN,12569.417441,21036.732839,11363.267161,8246.549833,-21036.941815,15243.553060,373.074071,21405.276349,580.478612,-1271.976832,-365.580393,0.059621,False,False,False,False,False,False,False,1-circle,-1.000000,-14.443405,16213.535773,1.436936,0.089711,100.000000,100.000000,0.000000,0.000000,2,8,4,0.0000,0.0000,0.0000,0.5000,"PursuitChaseOptimal",0.019991
209,B0100,aggressive,UNKNOWN,12569.417441,21036.732839,11363.267161,8246.549833,-21036.941815,15243.553060,373.074071,21405.276349,580.478612,-1271.976832,-365.580393,0.059621,False,False,False,False,False,False,False,1-circle,-1.000000,-14.443405,16213.535773,1.436936,0.089711,100.000000,100.000000,0.000000,0.000000,2,4,4,0.0000,0.0000,0.0000,0.5000,"Accelerate",0.000347
210,A0100,pursuit_chase_v1,UNKNOWN,12630.277755,21032.256870,11367.743130,8019.414628,-21032.524287,15242.632650,373.981291,21434.359811,581.669235,-1214.451660,-355.745902,0.055833,False,False,False,False,False,False,False,1-circle,-1.000000,-9.734130,16280.787438,1.348774,0.061225,100.000000,100.000000,0.000000,0.000000,2,8,4,0.0000,0.0000,0.0000,0.5000,"PursuitChaseOptimal",0.020913
210,B0100,aggressive,UNKNOWN,12630.277755,21032.256870,11367.743130,8019.414628,-21032.524287,15242.632650,373.981291,21434.359811,581.669235,-1214.451660,-355.745902,0.055833,False,False,False,False,False,False,False,1-circle,-1.000000,-9.734130,16280.787438,1.348774,0.061225,100.000000,100.000000,0.000000,0.000000,2,4,4,0.0000,0.0000,0.0000,0.5000,"Accelerate",0.000358
211,A0100,pursuit_chase_v1,UNKNOWN,12630.277755,21032.256870,11367.743130,8019.414628,-21032.524287,15242.632650,373.981291,21434.359811,581.669235,-1214.451660,-355.745902,0.055833,False,False,False,False,False,False,False,1-circle,-1.000000,-9.734130,16280.787438,1.348774,0.061225,100.000000,100.000000,0.000000,0.000000,2,8,4,0.0000,0.0000,0.0000,0.5000,"PursuitChaseOptimal",0.021414
211,B0100,aggressive,UNKNOWN,12630.277755,21032.256870,11367.743130,8019.414628,-21032.524287,15242.632650,373.981291,21434.359811,581.669235,-1214.451660,-355.745902,0.055833,False,False,False,False,False,False,False,1-circle,-1.000000,-9.734130,16280.787438,1.348774,0.061225,100.000000,100.000000,0.000000,0.000000,2,4,4,0.0000,0.0000,0.0000,0.5000,"Accelerate",0.000368
212,A0100,pursuit_chase_v1,UNKNOWN,12689.453646,21027.500321,11372.499679,7784.866392,-21027.828848,15241.695869,374.888515,21463.499915,582.802081,-1153.919291,-345.509979,0.051888,False,False,False,False,False,False,False,1-circle,-1.000000,-5.044727,16343.834155,1.256383,0.034150,100.000000,100.000000,0.000000,0.000000,2,8,4,0.0000,0.0000,0.0000,0.5000,"PursuitChaseOptimal",0.022479
212,B0100,aggressive,UNKNOWN,12689.453646,21027.500321,11372.499679,7784.866392,-21027.828848,15241.695869,374.888515,21463.499915,582.802081,-1153.919291,-345.509979,0.051888,False,False,False,False,False,False,False,1-circle,-1.000000,-5.044727,16343.834155,1.256383,0.034150,100.000000,100.000000,0.000000,0.000000,2,4,4,0.0000,0.0000,0.0000,0.5000,"Accelerate",0.000376
213,A0100,pursuit_chase_v1,UNKNOWN,12689.453646,21027.500321,11372.499679,7784.866392,-21027.828848,15241.695869,374.888515,21463.499915,582.802081,-1153.919291,-345.509979,0.051888,False,False,False,False,False,False,False,1-circle,-1.000000,-5.044727,16343.834155,1.256383,0.034150,100.000000,100.000000,0.000000,0.000000,2,8,4,0.0000,0.0000,0.0000,0.5000,"PursuitChaseOptimal",0.024368
213,B0100,aggressive,UNKNOWN,12689.453646,21027.500321,11372.499679,7784.866392,-21027.828848,15241.695869,374.888515,21463.499915,582.802081,-1153.919291,-345.509979,0.051888,False,False,False,False,False,False,False,1-circle,-1.000000,-5.044727,16343.834155,1.256383,0.034150,100.000000,100.000000,0.000000,0.000000,2,4,4,0.0000,0.0000,0.0000,0.5000,"Accelerate",0.000383
214,A0100,pursuit_chase_v1,UNKNOWN,12746.841097,21022.536302,11377.463698,7530.908007,-21022.916940,15240.746698,375.777725,21492.101159,572.024880,-1085.828163,-334.296738,0.047788,False,False,False,False,False,False,False,1-circle,-1.000000,-0.434069,16401.806423,1.159725,0.062445,100.000000,100.000000,0.000000,0.000000,2,8,4,0.0000,0.0000,0.0000,0.5000,"PursuitChaseOptimal",0.026179
214,B0100,aggressive,UNKNOWN,12746.841097,21022.536302,11377.463698,7530.908007,-21022.916940,15240.746698,375.777725,21492.101159,572.024880,-1085.828163,-334.296738,0.047788,False,False,False,False,False,False,False,1-circle,-1.000000,-0.434069,16401.806423,1.159725,0.062445,100.000000,100.000000,0.000000,0.000000,2,4,4,0.0000,0.0000,0.0000,0.5000,"Accelerate",0.000390
215,A0100,pursuit_chase_v1,UNKNOWN,12746.841097,21022.536302,11377.463698,7530.908007,-21022.916940,15240.746698,375.777725,21492.101159,572.024880,-1085.828163,-334.296738,0.047788,False,False,False,False,False,False,False,1-circle,-1.000000,-0.434069,16401.806423,1.159725,0.062445,100.000000,100.000000,0.000000,0.000000,2,8,4,0.0000,0.0000,0.0000,0.5000,"PursuitChaseOptimal",0.027985
215,B0100,aggressive,UNKNOWN,12746.841097,21022.536302,11377.463698,7530.908007,-21022.916940,15240.746698,375.777725,21492.101159,572.024880,-1085.828163,-334.296738,0.047788,False,False,False,False,False,False,False,1-circle,-1.000000,-0.434069,16401.806423,1.159725,0.062445,100.000000,100.000000,0.000000,0.000000,2,4,4,0.0000,0.0000,0.0000,0.5000,"Accelerate",0.000399
216,A0100,pursuit_chase_v1,UNKNOWN,12802.200423,21017.384308,11382.615692,7246.000265,-21017.807746,15239.799700,376.683277,21521.319566,584.368134,-1002.105090,-321.511203,0.043550,False,False,False,False,False,True,False,1-circle,-1.000000,4.089638,16454.824180,1.059314,0.188047,100.000000,100.000000,0.000000,0.000000,2,8,4,0.0000,0.0000,0.0000,0.5000,"PursuitChaseOptimal",0.028518
216,B0100,aggressive,UNKNOWN,12802.200423,21017.384308,11382.615692,7246.000265,-21017.807746,15239.799700,376.683277,21521.319566,584.368134,-1002.105090,-321.511203,0.043550,False,False,False,False,False,True,False,1-circle,-1.000000,4.089638,16454.824180,1.059314,0.188047,100.000000,100.000000,0.000000,0.000000,2,4,4,0.0000,0.0000,0.0000,0.5000,"Accelerate",0.000406
217,A0100,pursuit_chase_v1,UNKNOWN,12802.200423,21017.384308,11382.615692,7246.000265,-21017.807746,15239.799700,376.683277,21521.319566,584.368134,-1002.105090,-321.511203,0.043550,False,False,False,False,False,True,False,1-circle,-1.000000,4.089638,16454.824180,1.059314,0.188047,100.000000,100.000000,0.000000,0.000000,2,8,4,0.0000,0.0000,0.0000,0.5000,"PursuitChaseOptimal",0.027859
217,B0100,aggressive,UNKNOWN,12802.200423,21017.384308,11382.615692,7246.000265,-21017.807746,15239.799700,376.683277,21521.319566,584.368134,-1002.105090,-321.511203,0.043550,False,False,False,False,False,True,False,1-circle,-1.000000,4.089638,16454.824180,1.059314,0.188047,100.000000,100.000000,0.000000,0.000000,2,4,4,0.0000,0.0000,0.0000,0.5000,"Accelerate",0.000412
218,A0100,pursuit_chase_v1,UNKNOWN,12855.349654,21012.058056,11387.941944,6958.486617,-21012.522080,15238.858804,377.589984,21550.655321,586.715108,-916.112074,-308.515517,0.039211,False,False,False,False,False,True,False,1-circle,-1.000000,8.596552,16504.301794,0.955964,0.210550,100.000000,100.000000,0.000000,0.000000,2,8,4,0.0000,0.0000,0.0000,0.5000,"PursuitChaseOptimal",0.027038
218,B0100,aggressive,UNKNOWN,12855.349654,21012.058056,11387.941944,6958.486617,-21012.522080,15238.858804,377.589984,21550.655321,586.715108,-916.112074,-308.515517,0.039211,False,False,False,False,False,True,False,1-circle,-1.000000,8.596552,16504.301794,0.955964,0.210550,100.000000,100.000000,0.000000,0.000000,2,4,4,0.0000,0.0000,0.0000,0.5000,"Accelerate",0.000417
219,A0100,pursuit_chase_v1,UNKNOWN,12855.349654,21012.058056,11387.941944,6958.486617,-21012.522080,15238.858804,377.589984,21550.655321,586.715108,-916.112074,-308.515517,0.039211,False,False,False,False,False,True,False,1-circle,-1.000000,8.596552,16504.301794,0.955964,0.210550,100.000000,100.000000,0.000000,0.000000,2,8,4,0.0000,0.0000,0.0000,0.5000,"PursuitChaseOptimal",0.025589
219,B0100,aggressive,UNKNOWN,12855.349654,21012.058056,11387.941944,6958.486617,-21012.522080,15238.858804,377.589984,21550.655321,586.715108,-916.112074,-308.515517,0.039211,False,False,False,False,False,True,False,1-circle,-1.000000,8.596552,16504.301794,0.955964,0.210550,100.000000,100.000000,0.000000,0.000000,2,4,4,0.0000,0.0000,0.0000,0.5000,"Accelerate",0.000422
220,A0100,pursuit_chase_v1,UNKNOWN,12906.400161,21006.594612,11393.405388,6697.628885,-21007.100632,15237.925045,378.487874,21579.775528,582.404133,-841.737271,-296.732014,0.034739,False,False,False,False,False,True,False,1-circle,-1.000000,13.172952,16551.542072,0.848876,0.184945,100.000000,100.000000,0.000000,0.000000,2,8,4,0.0000,0.0000,0.0000,0.5000,"PursuitChaseOptimal",0.024282
220,B0100,aggressive,UNKNOWN,12906.400161,21006.594612,11393.405388,6697.628885,-21007.100632,15237.925045,378.487874,21579.775528,582.404133,-841.737271,-296.732014,0.034739,False,False,False,False,False,True,False,1-circle,-1.000000,13.172952,16551.542072,0.848876,0.184945,100.000000,100.000000,0.000000,0.000000,2,4,4,0.0000,0.0000,0.0000,0.5000,"Accelerate",0.000426
221,A0100,pursuit_chase_v1,UNKNOWN,12906.400161,21006.594612,11393.405388,6697.628885,-21007.100632,15237.925045,378.487874,21579.775528,582.404133,-841.737271,-296.732014,0.034739,False,False,False,False,False,True,False,1-circle,-1.000000,13.172952,16551.542072,0.848876,0.184945,100.000000,100.000000,0.000000,0.000000,2,8,4,0.0000,0.0000,0.0000,0.5000,"PursuitChaseOptimal",0.022991
221,B0100,aggressive,UNKNOWN,12906.400161,21006.594612,11393.405388,6697.628885,-21007.100632,15237.925045,378.487874,21579.775528,582.404133,-841.737271,-296.732014,0.034739,False,False,False,False,False,True,False,1-circle,-1.000000,13.172952,16551.542072,0.848876,0.184945,100.000000,100.000000,0.000000,0.000000,2,4,4,0.0000,0.0000,0.0000,0.5000,"Accelerate",0.000430
222,A0100,pursuit_chase_v1,UNKNOWN,12955.594858,21001.020544,11398.979456,6467.841522,-21001.572467,15236.995418,379.384845,21608.940375,583.296951,-782.554171,-286.454415,0.030100,False,False,False,False,False,True,False,1-circle,-1.000000,17.817311,16596.438898,0.737166,0.154088,100.000000,100.000000,0.000000,0.000000,2,8,4,0.0000,0.0000,0.0000,0.5000,"PursuitChaseOptimal",0.023112
222,B0100,aggressive,UNKNOWN,12955.594858,21001.020544,11398.979456,6467.841522,-21001.572467,15236.995418,379.384845,21608.940375,583.296951,-782.554171,-286.454415,0.030100,False,False,False,False,False,True,False,1-circle,-1.000000,17.817311,16596.438898,0.737166,0.154088,100.000000,100.000000,0.000000,0.000000,2,4,4,0.0000,0.0000,0.0000,0.5000,"Accelerate",0.000432
223,A0100,pursuit_chase_v1,UNKNOWN,12955.594858,21001.020544,11398.979456,6467.841522,-21001.572467,15236.995418,379.384845,21608.940375,583.296951,-782.554171,-286.454415,0.030100,False,False,False,False,False,True,False,1-circle,-1.000000,17.817311,16596.438898,0.737166,0.154088,100.000000,100.000000,0.000000,0.000000,2,8,4,0.0000,0.0000,0.0000,0.5000,"PursuitChaseOptimal",0.024284
223,B0100,aggressive,UNKNOWN,12955.594858,21001.020544,11398.979456,6467.841522,-21001.572467,15236.995418,379.384845,21608.940375,583.296951,-782.554171,-286.454415,0.030100,False,False,False,False,False,True,False,1-circle,-1.000000,17.817311,16596.438898,0.737166,0.154088,100.000000,100.000000,0.000000,0.000000,2,4,4,0.0000,0.0000,0.0000,0.5000,"Accelerate",0.000434
224,A0100,pursuit_chase_v1,UNKNOWN,13003.104634,20995.391619,11404.608381,6242.165479,-20995.978950,15236.071606,380.263617,21637.569498,572.582452,-726.603132,-276.362101,0.025287,False,False,False,False,False,True,False,1-circle,-1.000000,22.475384,16638.251167,0.620661,0.179500,100.000000,100.000000,0.000000,0.000000,2,8,4,0.0000,0.0000,0.0000,0.5000,"PursuitChaseOptimal",0.024945
224,B0100,aggressive,UNKNOWN,13003.104634,20995.391619,11404.608381,6242.165479,-20995.978950,15236.071606,380.263617,21637.569498,572.582452,-726.603132,-276.362101,0.025287,False,False,False,False,False,True,False,1-circle,-1.000000,22.475384,16638.251167,0.620661,0.179500,100.000000,100.000000,0.000000,0.000000,2,4,4,0.0000,0.0000,0.0000,0.5000,"Accelerate",0.000436
225,A0100,pursuit_chase_v1,UNKNOWN,13003.104634,20995.391619,11404.608381,6242.165479,-20995.978950,15236.071606,380.263617,21637.569498,572.582452,-726.603132,-276.362101,0.025287,False,False,False,False,False,True,False,1-circle,-1.000000,22.475384,16638.251167,0.620661,0.179500,100.000000,100.000000,0.000000,0.000000,2,8,4,0.0000,0.0000,0.0000,0.5000,"PursuitChaseOptimal",0.025449
225,B0100,aggressive,UNKNOWN,13003.104634,20995.391619,11404.608381,6242.165479,-20995.978950,15236.071606,380.263617,21637.569498,572.582452,-726.603132,-276.362101,0.025287,False,False,False,False,False,True,False,1-circle,-1.000000,22.475384,16638.251167,0.620661,0.179500,100.000000,100.000000,0.000000,0.000000,2,4,4,0.0000,0.0000,0.0000,0.5000,"Accelerate",0.000437
226,A0100,pursuit_chase_v1,UNKNOWN,13048.866573,20989.740856,11410.259144,6007.401352,-20990.348215,15235.167062,381.150940,21666.574856,580.107163,-666.563378,-265.847433,0.020323,False,False,False,False,False,True,False,1-circle,-1.000000,27.100313,16676.554500,0.499947,0.308477,100.000000,100.000000,0.000000,0.000000,2,8,4,0.0000,0.0000,0.0000,0.5000,"PursuitChaseOptimal",0.026735
226,B0100,aggressive,UNKNOWN,13048.866573,20989.740856,11410.259144,6007.401352,-20990.348215,15235.167062,381.150940,21666.574856,580.107163,-666.563378,-265.847433,0.020323,False,False,False,False,False,True,False,1-circle,-1.000000,27.100313,16676.554500,0.499947,0.308477,100.000000,100.000000,0.000000,0.000000,2,4,4,0.0000,0.0000,0.0000,0.5000,"Accelerate",0.000438
227,A0100,pursuit_chase_v1,UNKNOWN,13048.866573,20989.740856,11410.259144,6007.401352,-20990.348215,15235.167062,381.150940,21666.574856,580.107163,-666.563378,-265.847433,0.020323,False,False,False,False,False,True,False,1-circle,-1.000000,27.100313,16676.554500,0.499947,0.308477,100.000000,100.000000,0.000000,0.000000,2,8,4,0.0000,0.0000,0.0000,0.5000,"PursuitChaseOptimal",0.029037
227,B0100,aggressive,UNKNOWN,13048.866573,20989.740856,11410.259144,6007.401352,-20990.348215,15235.167062,381.150940,21666.574856,580.107163,-666.563378,-265.847433,0.020323,False,False,False,False,False,True,False,1-circle,-1.000000,27.100313,16676.554500,0.499947,0.308477,100.000000,100.000000,0.000000,0.000000,2,4,4,0.0000,0.0000,0.0000,0.5000,"Accelerate",0.000439
228,A0100,pursuit_chase_v1,UNKNOWN,13092.803010,20984.071531,11415.928469,5754.037633,-20984.693281,15234.291517,382.049978,21696.075223,590.007326,-598.132940,-254.461957,0.015254,False,False,False,False,False,True,False,1-circle,-1.000000,31.621430,16710.733220,0.376077,0.395248,100.000000,100.000000,0.000000,0.000000,2,8,4,0.0000,0.0000,0.0000,0.5000,"PursuitChaseOptimal",0.031247
228,B0100,aggressive,UNKNOWN,13092.803010,20984.071531,11415.928469,5754.037633,-20984.693281,15234.291517,382.049978,21696.075223,590.007326,-598.132940,-254.461957,0.015254,False,False,False,False,False,True,False,1-circle,-1.000000,31.621430,16710.733220,0.376077,0.395248,100.000000,100.000000,0.000000,0.000000,2,4,4,0.0000,0.0000,0.0000,0.5000,"Accelerate",0.000438
229,A0100,pursuit_chase_v1,UNKNOWN,13092.803010,20984.071531,11415.928469,5754.037633,-20984.693281,15234.291517,382.049978,21696.075223,590.007326,-598.132940,-254.461957,0.015254,False,False,False,False,False,True,False,1-circle,-1.000000,31.621430,16710.733220,0.376077,0.395248,100.000000,100.000000,0.000000,0.000000,2,8,4,0.0000,0.0000,0.0000,0.5000,"PursuitChaseOptimal",0.033459
229,B0100,aggressive,UNKNOWN,13092.803010,20984.071531,11415.928469,5754.037633,-20984.693281,15234.291517,382.049978,21696.075223,590.007326,-598.132940,-254.461957,0.015254,False,False,False,False,False,True,False,1-circle,-1.000000,31.621430,16710.733220,0.376077,0.395248,100.000000,100.000000,0.000000,0.000000,2,4,4,0.0000,0.0000,0.0000,0.5000,"Accelerate",0.000437
230,A0100,pursuit_chase_v1,UNKNOWN,13134.687150,20978.427416,11421.572584,5470.133136,-20979.062218,15233.444276,382.936872,21725.263679,583.769121,-515.659153,-241.567027,0.010060,False,False,False,False,False,True,False,1-circle,-1.000000,36.046954,16741.080035,0.248579,0.377024,100.000000,100.000000,0.000000,0.000000,2,8,4,0.0000,0.0000,0.0000,0.5000,"PursuitChaseOptimal",0.034189
230,B0100,aggressive,UNKNOWN,13134.687150,20978.427416,11421.572584,5470.133136,-20979.062218,15233.444276,382.936872,21725.263679,583.769121,-515.659153,-241.567027,0.010060,False,False,False,False,False,True,False,1-circle,-1.000000,36.046954,16741.080035,0.248579,0.377024,100.000000,100.000000,0.000000,0.000000,2,4,4,0.0000,0.0000,0.0000,0.5000,"Accelerate",0.000434
231,A0100,pursuit_chase_v1,UNKNOWN,13134.687150,20978.427416,11421.572584,5470.133136,-20979.062218,15233.444276,382.936872,21725.263679,583.769121,-515.659153,-241.567027,0.010060,False,False,False,False,False,True,False,1-circle,-1.000000,36.046954,16741.080035,0.248579,0.377024,100.000000,100.000000,0.000000,0.000000,2,8,4,0.0000,0.0000,0.0000,0.5000,"PursuitChaseOptimal",0.032755
231,B0100,aggressive,UNKNOWN,13134.687150,20978.427416,11421.572584,5470.133136,-20979.062218,15233.444276,382.936872,21725.263679,583.769121,-515.659153,-241.567027,0.010060,False,False,False,False,False,True,False,1-circle,-1.000000,36.046954,16741.080035,0.248579,0.377024,100.000000,100.000000,0.000000,0.000000,2,4,4,0.0000,0.0000,0.0000,0.5000,"Accelerate",0.000431
232,A0100,pursuit_chase_v1,UNKNOWN,13174.350181,20972.829081,11427.170919,5187.064045,-20973.509142,15232.612945,383.823975,21754.544770,585.621821,-432.012526,-228.647609,0.004687,False,False,False,False,False,True,False,1-circle,-1.000000,40.467070,16768.833428,0.116070,0.255186,100.000000,100.000000,0.000000,0.000000,2,8,4,0.0000,0.0000,0.0000,0.5000,"PursuitChaseOptimal",0.031080
232,B0100,aggressive,UNKNOWN,13174.350181,20972.829081,11427.170919,5187.064045,-20973.509142,15232.612945,383.823975,21754.544770,585.621821,-432.012526,-228.647609,0.004687,False,False,False,False,False,True,False,1-circle,-1.000000,40.467070,16768.833428,0.116070,0.255186,100.000000,100.000000,0.000000,0.000000,2,4,4,0.0000,0.0000,0.0000,0.5000,"Accelerate",0.000554
233,A0100,pursuit_chase_v1,UNKNOWN,13174.350181,20972.829081,11427.170919,5187.064045,-20973.509142,15232.612945,383.823975,21754.544770,585.621821,-432.012526,-228.647609,0.004687,False,False,False,False,False,True,False,1-circle,-1.000000,40.467070,16768.833428,0.116070,0.255186,100.000000,100.000000,0.000000,0.000000,2,8,4,0.0000,0.0000,0.0000,0.5000,"PursuitChaseOptimal",0.029522
233,B0100,aggressive,UNKNOWN,13174.350181,20972.829081,11427.170919,5187.064045,-20973.509142,15232.612945,383.823975,21754.544770,585.621821,-432.012526,-228.647609,0.004687,False,False,False,False,False,True,False,1-circle,-1.000000,40.467070,16768.833428,0.116070,0.255186,100.000000,100.000000,0.000000,0.000000,2,4,4,0.0000,0.0000,0.0000,0.5000,"Accelerate",0.000317
234,A0100,pursuit_chase_v1,UNKNOWN,13211.975757,20967.034402,11432.965598,4940.147933,-20967.963881,15231.718934,384.878136,21789.524558,699.595778,-355.688433,-217.424461,0.030387,False,False,False,False,False,True,False,1-circle,-1.000000,45.013072,16935.553204,0.754393,-0.082697,100.000000,100.000000,0.000000,0.000000,2,8,4,0.0000,0.0000,0.0000,0.5000,"PursuitChaseOptimal",0.027975
234,B0100,aggressive,UNKNOWN,13211.975757,20967.034402,11432.965598,4940.147933,-20967.963881,15231.718934,384.878136,21789.524558,699.595778,-355.688433,-217.424461,0.030387,False,False,False,False,False,True,False,1-circle,-1.000000,45.013072,16935.553204,0.754393,-0.082697,100.000000,100.000000,0.000000,0.000000,2,4,4,0.0000,0.0000,0.0000,0.5000,"Accelerate",0.000104
235,A0100,pursuit_chase_v1,UNKNOWN,13211.975757,20967.034402,11432.965598,4940.147933,-20967.963881,15231.718934,384.878136,21789.524558,699.595778,-355.688433,-217.424461,0.030387,False,False,False,False,False,True,False,1-circle,-1.000000,45.013072,16935.553204,0.754393,-0.082697,100.000000,100.000000,0.000000,0.000000,2,8,4,0.0000,0.0000,0.0000,0.5000,"PursuitChaseOptimal",0.027584
235,B0100,aggressive,UNKNOWN,13211.975757,20967.034402,11432.965598,4940.147933,-20967.963881,15231.718934,384.878136,21789.524558,699.595778,-355.688433,-217.424461,0.030387,False,False,False,False,False,True,False,1-circle,-1.000000,45.013072,16935.553204,0.754393,-0.082697,100.000000,100.000000,0.000000,0.000000,2,4,4,0.0000,0.0000,0.0000,0.5000,"Accelerate",-0.094383
236,A0100,pursuit_chase_v1,UNKNOWN,13247.850256,20964.922118,11435.077882,4722.942567,-20966.155937,15230.598756,385.914417,21823.765576,684.820345,-292.681275,-207.590006,0.097937,False,False,False,False,False,True,False,1-circle,-1.000000,49.795047,17291.813788,2.436279,-0.352424,100.000000,100.000000,0.000000,0.000000,2,8,4,0.0000,0.0000,0.0000,0.5000,"PursuitChaseOptimal",0.028984
236,B0100,aggressive,UNKNOWN,13247.850256,20964.922118,11435.077882,4722.942567,-20966.155937,15230.598756,385.914417,21823.765576,684.820345,-292.681275,-207.590006,0.097937,False,False,False,False,False,True,False,1-circle,-1.000000,49.795047,17291.813788,2.436279,-0.352424,100.000000,100.000000,0.000000,0.000000,2,4,4,0.0000,0.0000,0.0000,0.5000,"Accelerate",-0.132004
237,A0100,pursuit_chase_v1,UNKNOWN,13247.850256,20964.922118,11435.077882,4722.942567,-20966.155937,15230.598756,385.914417,21823.765576,684.820345,-292.681275,-207.590006,0.097937,False,False,False,False,False,True,False,1-circle,-1.000000,49.795047,17291.813788,2.436279,-0.352424,100.000000,100.000000,0.000000,0.000000,2,8,4,0.0000,0.0000,0.0000,0.5000,"PursuitChaseOptimal",0.029809
237,B0100,aggressive,UNKNOWN,13247.850256,20964.922118,11435.077882,4722.942567,-20966.155937,15230.598756,385.914417,21823.765576,684.820345,-292.681275,-207.590006,0.097937,False,False,False,False,False,True,False,1-circle,-1.000000,49.795047,17291.813788,2.436279,-0.352424,100.000000,100.000000,0.000000,0.000000,2,4,4,0.0000,0.0000,0.0000,0.5000,"Accelerate",-0.133971
238,A0100,pursuit_chase_v1,UNKNOWN,13282.023159,20959.100251,11440.899749,4489.783065,-20960.240138,15229.447633,386.643388,21847.546230,475.613089,-242.021421,-197.131892,0.040346,False,False,False,False,False,True,False,1-circle,-1.000000,54.576671,17086.492600,1.005943,-0.336970,100.000000,100.000000,0.000000,0.000000,2,8,4,0.0000,0.0000,0.0000,0.5000,"PursuitChaseOptimal",0.031433
238,B0100,aggressive,UNKNOWN,13282.023159,20959.100251,11440.899749,4489.783065,-20960.240138,15229.447633,386.643388,21847.546230,475.613089,-242.021421,-197.131892,0.040346,False,False,False,False,False,True,False,1-circle,-1.000000,54.576671,17086.492600,1.005943,-0.336970,100.000000,100.000000,0.000000,0.000000,2,4,4,0.0000,0.0000,0.0000,0.5000,"Accelerate",-0.139193
239,A0100,pursuit_chase_v1,UNKNOWN,13282.023159,20959.100251,11440.899749,4489.783065,-20960.240138,15229.447633,386.643388,21847.546230,475.613089,-242.021421,-197.131892,0.040346,False,False,False,False,False,True,False,1-circle,-1.000000,54.576671,17086.492600,1.005943,-0.336970,100.000000,100.000000,0.000000,0.000000,2,8,4,0.0000,0.0000,0.0000,0.5000,"PursuitChaseOptimal",0.034224
239,B0100,aggressive,UNKNOWN,13282.023159,20959.100251,11440.899749,4489.783065,-20960.240138,15229.447633,386.643388,21847.546230,475.613089,-242.021421,-197.131892,0.040346,False,False,False,False,False,True,False,1-circle,-1.000000,54.576671,17086.492600,1.005943,-0.336970,100.000000,100.000000,0.000000,0.000000,2,4,4,0.0000,0.0000,0.0000,0.5000,"Accelerate",-0.149891
240,A0100,pursuit_chase_v1,UNKNOWN,13314.363953,20952.480859,11447.519141,4235.668586,-20953.516069,15228.451755,387.378570,21871.742231,483.920013,-182.804398,-185.761635,0.032454,False,False,False,False,False,True,False,1-circle,-1.000000,59.122298,16807.431651,-0.810645,-0.195551,100.000000,100.000000,0.000000,0.000000,2,8,4,0.0000,0.0000,0.0000,0.5000,"PursuitChaseOptimal",0.036917
240,B0100,aggressive,UNKNOWN,13314.363953,20952.480859,11447.519141,4235.668586,-20953.516069,15228.451755,387.378570,21871.742231,483.920013,-182.804398,-185.761635,0.032454,False,False,False,False,False,True,False,1-circle,-1.000000,59.122298,16807.431651,-0.810645,-0.195551,100.000000,100.000000,0.000000,0.000000,2,4,4,0.0000,0.0000,0.0000,0.5000,"Accelerate",-0.159492
241,A0100,pursuit_chase_v1,UNKNOWN,13314.363953,20952.480859,11447.519141,4235.668586,-20953.516069,15228.451755,387.378570,21871.742231,483.920013,-182.804398,-185.761635,0.032454,False,False,False,False,False,True,False,1-circle,-1.000000,59.122298,16807.431651,-0.810645,-0.195551,100.000000,100.000000,0.000000,0.000000,2,8,4,0.0000,0.0000,0.0000,0.5000,"PursuitChaseOptimal",0.039621
241,B0100,aggressive,UNKNOWN,13314.363953,20952.480859,11447.519141,4235.668586,-20953.516069,15228.451755,387.378570,21871.742231,483.920013,-182.804398,-185.761635,0.032454,False,False,False,False,False,True,False,1-circle,-1.000000,59.122298,16807.431651,-0.810645,-0.195551,100.000000,100.000000,0.000000,0.000000,2,4,4,0.0000,0.0000,0.0000,0.5000,"Accelerate",-0.168434
242,A0100,pursuit_chase_v1,UNKNOWN,13344.695875,20949.976209,11450.023791,3960.409489,-20951.309113,15227.425686,388.431585,21906.882282,702.801023,-93.230447,-173.296526,0.017008,False,False,False,False,False,True,False,1-circle,-1.000000,63.627269,17076.554472,0.425943,-0.130495,100.000000,100.000000,0.000000,0.000000,2,8,4,0.0000,0.0000,0.0000,0.5000,"PursuitChaseOptimal",0.040636
242,B0100,aggressive,UNKNOWN,13344.695875,20949.976209,11450.023791,3960.409489,-20951.309113,15227.425686,388.431585,21906.882282,702.801023,-93.230447,-173.296526,0.017008,False,False,False,False,False,True,False,1-circle,-1.000000,63.627269,17076.554472,0.425943,-0.130495,100.000000,100.000000,0.000000,0.000000,2,4,4,0.0000,0.0000,0.0000,0.5000,"Accelerate",-0.170214
243,A0100,pursuit_chase_v1,UNKNOWN,13344.695875,20949.976209,11450.023791,3960.409489,-20951.309113,15227.425686,388.431585,21906.882282,702.801023,-93.230447,-173.296526,0.017008,False,False,False,False,False,True,False,1-circle,-1.000000,63.627269,17076.554472,0.425943,-0.130495,100.000000,100.000000,0.000000,0.000000,2,8,4,0.0000,0.0000,0.0000,0.5000,"PursuitChaseOptimal",0.038996
243,B0100,aggressive,UNKNOWN,13344.695875,20949.976209,11450.023791,3960.409489,-20951.309113,15227.425686,388.431585,21906.882282,702.801023,-93.230447,-173.296526,0.017008,False,False,False,False,False,True,False,1-circle,-1.000000,63.627269,17076.554472,0.425943,-0.130495,100.000000,100.000000,0.000000,0.000000,2,4,4,0.0000,0.0000,0.0000,0.5000,"Accelerate",-0.160413
244,A0100,pursuit_chase_v1,UNKNOWN,13372.891285,20948.020313,11451.979687,3685.805828,-20949.630228,15226.200567,389.458626,21941.025800,682.870369,-3.284833,-160.827889,0.066549,False,False,False,False,False,True,False,1-circle,-1.000000,68.338572,17349.036610,1.670359,-0.149301,100.000000,100.000000,0.000000,0.000000,2,8,4,0.0000,0.0000,0.0000,0.5000,"PursuitChaseOptimal",0.037059
244,B0100,aggressive,UNKNOWN,13372.891285,20948.020313,11451.979687,3685.805828,-20949.630228,15226.200567,389.458626,21941.025800,682.870369,-3.284833,-160.827889,0.066549,False,False,False,False,False,True,False,1-circle,-1.000000,68.338572,17349.036610,1.670359,-0.149301,100.000000,100.000000,0.000000,0.000000,2,4,4,0.0000,0.0000,0.0000,0.5000,"Accelerate",-0.149850
245,A0100,pursuit_chase_v1,UNKNOWN,13372.891285,20948.020313,11451.979687,3685.805828,-20949.630228,15226.200567,389.458626,21941.025800,682.870369,-3.284833,-160.827889,0.066549,False,False,False,False,False,True,False,1-circle,-1.000000,68.338572,17349.036610,1.670359,-0.149301,100.000000,100.000000,0.000000,0.000000,2,8,4,0.0000,0.0000,0.0000,0.5000,"PursuitChaseOptimal",0.035259
245,B0100,aggressive,UNKNOWN,13372.891285,20948.020313,11451.979687,3685.805828,-20949.630228,15226.200567,389.458626,21941.025800,682.870369,-3.284833,-160.827889,0.066549,False,False,False,False,False,True,False,1-circle,-1.000000,68.338572,17349.036610,1.670359,-0.149301,100.000000,100.000000,0.000000,0.000000,2,4,4,0.0000,0.0000,0.0000,0.5000,"Accelerate",-0.140834
246,A0100,pursuit_chase_v1,UNKNOWN,13399.093531,20941.542447,11458.457553,3439.520073,-20943.358388,15224.915361,390.468709,21974.616300,671.810001,70.502801,-149.748288,0.011724,False,False,False,False,True,True,False,1-circle,-1.000000,73.170574,17150.897030,0.295063,-0.007447,100.000000,100.000000,0.000000,0.000000,2,8,4,0.0000,0.0000,0.0000,0.5000,"PursuitChaseOptimal",0.033465
246,B0100,aggressive,UNKNOWN,13399.093531,20941.542447,11458.457553,3439.520073,-20943.358388,15224.915361,390.468709,21974.616300,671.810001,70.502801,-149.748288,0.011724,False,False,False,False,True,True,False,1-circle,-1.000000,73.170574,17150.897030,0.295063,-0.007447,100.000000,100.000000,0.000000,0.000000,2,4,4,0.0000,0.0000,0.0000,0.5000,"Accelerate",-0.131934
247,A0100,pursuit_chase_v1,UNKNOWN,13399.093531,20941.542447,11458.457553,3439.520073,-20943.358388,15224.915361,390.468709,21974.616300,671.810001,70.502801,-149.748288,0.011724,False,False,False,False,True,True,False,1-circle,-1.000000,73.170574,17150.897030,0.295063,-0.007447,100.000000,100.000000,0.000000,0.000000,2,8,4,0.0000,0.0000,0.0000,0.5000,"PursuitChaseOptimal",0.032960
247,B0100,aggressive,UNKNOWN,13399.093531,20941.542447,11458.457553,3439.520073,-20943.358388,15224.915361,390.468709,21974.616300,671.810001,70.502801,-149.748288,0.011724,False,False,False,False,True,True,False,1-circle,-1.000000,73.170574,17150.897030,0.295063,-0.007447,100.000000,100.000000,0.000000,0.000000,2,4,4,0.0000,0.0000,0.0000,0.5000,"Accelerate",-0.128585
248,A0100,pursuit_chase_v1,UNKNOWN,13423.566245,20938.567676,11461.432324,3225.511654,-20940.832977,15223.499550,391.650043,22014.103713,789.748243,140.269341,-140.131725,0.018673,False,False,False,False,True,True,True,1-circle,-1.000000,78.141802,17233.208936,0.471298,0.151265,100.000000,100.000000,0.000000,0.000000,2,8,4,0.0000,0.0000,0.0000,0.5000,"PursuitChaseOptimal",0.034713
248,B0100,aggressive,UNKNOWN,13423.566245,20938.567676,11461.432324,3225.511654,-20940.832977,15223.499550,391.650043,22014.103713,789.748243,140.269341,-140.131725,0.018673,False,False,False,False,True,True,True,1-circle,-1.000000,78.141802,17233.208936,0.471298,0.151265,100.000000,100.000000,0.000000,0.000000,2,4,4,0.0000,0.0000,0.0000,0.5000,"Accelerate",-0.133933
249,A0100,pursuit_chase_v1,UNKNOWN,13423.566245,20938.567676,11461.432324,3225.511654,-20940.832977,15223.499550,391.650043,22014.103713,789.748243,140.269341,-140.131725,0.018673,False,False,False,False,True,True,True,1-circle,-1.000000,78.141802,17233.208936,0.471298,0.151265,100.000000,100.000000,0.000000,0.000000,2,8,4,0.0000,0.0000,0.0000,0.5000,"PursuitChaseOptimal",0.035791
249,B0100,aggressive,UNKNOWN,13423.566245,20938.567676,11461.432324,3225.511654,-20940.832977,15223.499550,391.650043,22014.103713,789.748243,140.269341,-140.131725,0.018673,False,False,False,False,True,True,True,1-circle,-1.000000,78.141802,17233.208936,0.471298,0.151265,100.000000,100.000000,0.000000,0.000000,2,4,4,0.0000,0.0000,0.0000,0.5000,"Accelerate",-0.136074
250,A0100,pursuit_chase_v1,UNKNOWN,13446.425413,20938.078649,11461.921351,3006.609320,-20940.774493,15221.854526,392.840691,22053.809427,794.114286,213.388109,-130.352467,0.086274,False,False,False,False,True,True,True,1-circle,-1.000000,83.310543,17593.808937,2.182748,0.306186,100.000000,100.000000,0.000000,0.000000,2,8,4,0.0000,0.0000,0.0000,0.5000,"PursuitChaseOptimal",0.037831
250,B0100,aggressive,UNKNOWN,13446.425413,20938.078649,11461.921351,3006.609320,-20940.774493,15221.854526,392.840691,22053.809427,794.114286,213.388109,-130.352467,0.086274,False,False,False,False,True,True,True,1-circle,-1.000000,83.310543,17593.808937,2.182748,0.306186,100.000000,100.000000,0.000000,0.000000,2,4,4,0.0000,0.0000,0.0000,0.5000,"Accelerate",-0.141920
251,A0100,pursuit_chase_v1,UNKNOWN,13446.425413,20938.078649,11461.921351,3006.609320,-20940.774493,15221.854526,392.840691,22053.809427,794.114286,213.388109,-130.352467,0.086274,False,False,False,False,True,True,True,1-circle,-1.000000,83.310543,17593.808937,2.182748,0.306186,100.000000,100.000000,0.000000,0.000000,2,8,4,0.0000,0.0000,0.0000,0.5000,"PursuitChaseOptimal",0.041272
251,B0100,aggressive,UNKNOWN,13446.425413,20938.078649,11461.921351,3006.609320,-20940.774493,15221.854526,392.840691,22053.809427,794.114286,213.388109,-130.352467,0.086274,False,False,False,False,True,True,True,1-circle,-1.000000,83.310543,17593.808937,2.182748,0.306186,100.000000,100.000000,0.000000,0.000000,2,4,4,0.0000,0.0000,0.0000,0.5000,"Accelerate",-0.152791
252,A0100,pursuit_chase_v1,UNKNOWN,13467.563011,20936.819677,11463.180323,2759.032342,-20939.376802,15220.193378,393.728945,22083.078749,585.386433,279.903952,-119.562247,0.101469,False,False,False,False,True,True,True,1-circle,-1.000000,88.416791,17715.418166,2.572139,0.318724,100.000000,100.000000,0.000000,0.000000,2,8,4,0.0000,0.0000,0.0000,0.5000,"PursuitChaseOptimal",0.044606
252,B0100,aggressive,UNKNOWN,13467.563011,20936.819677,11463.180323,2759.032342,-20939.376802,15220.193378,393.728945,22083.078749,585.386433,279.903952,-119.562247,0.101469,False,False,False,False,True,True,True,1-circle,-1.000000,88.416791,17715.418166,2.572139,0.318724,100.000000,100.000000,0.000000,0.000000,2,4,4,0.0000,0.0000,0.0000,0.5000,"Accelerate",-0.162724
253,A0100,pursuit_chase_v1,UNKNOWN,13467.563011,20936.819677,11463.180323,2759.032342,-20939.376802,15220.193378,393.728945,22083.078749,585.386433,279.903952,-119.562247,0.101469,False,False,False,False,True,True,True,1-circle,-1.000000,88.416791,17715.418166,2.572139,0.318724,100.000000,100.000000,0.000000,0.000000,2,8,4,0.0000,0.0000,0.0000,0.5000,"PursuitChaseOptimal",0.047966
253,B0100,aggressive,UNKNOWN,13467.563011,20936.819677,11463.180323,2759.032342,-20939.376802,15220.193378,393.728945,22083.078749,585.386433,279.903952,-119.562247,0.101469,False,False,False,False,True,True,True,1-circle,-1.000000,88.416791,17715.418166,2.572139,0.318724,100.000000,100.000000,0.000000,0.000000,2,4,4,0.0000,0.0000,0.0000,0.5000,"Accelerate",-0.172257
254,A0100,pursuit_chase_v1,UNKNOWN,13486.767309,20936.929379,11463.070621,2483.576292,-20939.336517,15218.658039,394.583309,22111.359656,565.618146,359.249209,-107.496371,0.097543,False,False,False,False,True,True,True,1-circle,-1.000000,93.330088,17747.703109,2.477794,0.266856,100.000000,100.000000,0.000000,0.000000,2,7,4,0.0000,0.0000,0.0000,0.5000,"PursuitChaseOptimal",0.048703
254,B0100,aggressive,UNKNOWN,13486.767309,20936.929379,11463.070621,2483.576292,-20939.336517,15218.658039,394.583309,22111.359656,565.618146,359.249209,-107.496371,0.097543,False,False,False,False,True,True,True,1-circle,-1.000000,93.330088,17747.703109,2.477794,0.266856,100.000000,100.000000,0.000000,0.000000,2,4,4,0.0000,0.0000,0.0000,0.5000,"Accelerate",-0.172106
255,A0100,pursuit_chase_v1,UNKNOWN,13486.767309,20936.929379,11463.070621,2483.576292,-20939.336517,15218.658039,394.583309,22111.359656,565.618146,359.249209,-107.496371,0.097543,False,False,False,False,True,True,True,1-circle,-1.000000,93.330088,17747.703109,2.477794,0.266856,100.000000,100.000000,0.000000,0.000000,2,7,4,0.0000,0.0000,0.0000,0.5000,"PursuitChaseOptimal",0.046228
255,B0100,aggressive,UNKNOWN,13486.767309,20936.929379,11463.070621,2483.576292,-20939.336517,15218.658039,394.583309,22111.359656,565.618146,359.249209,-107.496371,0.097543,False,False,False,False,True,True,True,1-circle,-1.000000,93.330088,17747.703109,2.477794,0.266856,100.000000,100.000000,0.000000,0.000000,2,4,4,0.0000,0.0000,0.0000,0.5000,"Accelerate",-0.160836
256,A0100,pursuit_chase_v1,UNKNOWN,13503.917086,20937.598296,11462.401704,2215.895679,-20939.909041,15217.216949,395.449366,22140.208874,576.984372,438.153494,-95.709427,0.090996,False,False,False,False,True,True,True,1-circle,-1.000000,98.161164,17767.321819,2.316427,0.213739,100.000000,100.000000,0.000000,0.000000,2,7,4,0.0000,0.0000,0.0000,0.5000,"PursuitChaseOptimal",0.044100
256,B0100,aggressive,UNKNOWN,13503.917086,20937.598296,11462.401704,2215.895679,-20939.909041,15217.216949,395.449366,22140.208874,576.984372,438.153494,-95.709427,0.090996,False,False,False,False,True,True,True,1-circle,-1.000000,98.161164,17767.321819,2.316427,0.213739,100.000000,100.000000,0.000000,0.000000,2,4,4,0.0000,0.0000,0.0000,0.5000,"Accelerate",-0.151218
257,A0100,pursuit_chase_v1,UNKNOWN,13503.917086,20937.598296,11462.401704,2215.895679,-20939.909041,15217.216949,395.449366,22140.208874,576.984372,438.153494,-95.709427,0.090996,False,False,False,False,True,True,True,1-circle,-1.000000,98.161164,17767.321819,2.316427,0.213739,100.000000,100.000000,0.000000,0.000000,2,7,4,0.0000,0.0000,0.0000,0.5000,"PursuitChaseOptimal",0.041959
257,B0100,aggressive,UNKNOWN,13503.917086,20937.598296,11462.401704,2215.895679,-20939.909041,15217.216949,395.449366,22140.208874,576.984372,438.153494,-95.709427,0.090996,False,False,False,False,True,True,True,1-circle,-1.000000,98.161164,17767.321819,2.316427,0.213739,100.000000,100.000000,0.000000,0.000000,2,4,4,0.0000,0.0000,0.0000,0.5000,"Accelerate",-0.141930
258,A0100,pursuit_chase_v1,UNKNOWN,13519.217022,20938.734109,11461.265891,1981.139144,-20940.944250,15215.857151,396.297498,22168.576818,567.358878,499.877776,-85.482637,0.084307,False,False,False,False,True,True,True,1-circle,-1.000000,102.912900,17785.663876,2.150642,0.225535,100.000000,100.000000,0.000000,0.000000,2,7,4,0.0000,0.0000,0.0000,0.5000,"PursuitChaseOptimal",0.040250
258,B0100,aggressive,UNKNOWN,13519.217022,20938.734109,11461.265891,1981.139144,-20940.944250,15215.857151,396.297498,22168.576818,567.358878,499.877776,-85.482637,0.084307,False,False,False,False,True,True,True,1-circle,-1.000000,102.912900,17785.663876,2.150642,0.225535,100.000000,100.000000,0.000000,0.000000,2,4,4,0.0000,0.0000,0.0000,0.5000,"Accelerate",-0.134416
259,A0100,pursuit_chase_v1,UNKNOWN,13519.217022,20938.734109,11461.265891,1981.139144,-20940.944250,15215.857151,396.297498,22168.576818,567.358878,499.877776,-85.482637,0.084307,False,False,False,False,True,True,True,1-circle,-1.000000,102.912900,17785.663876,2.150642,0.225535,100.000000,100.000000,0.000000,0.000000,2,7,4,0.0000,0.0000,0.0000,0.5000,"PursuitChaseOptimal",0.041891
259,B0100,aggressive,UNKNOWN,13519.217022,20938.734109,11461.265891,1981.139144,-20940.944250,15215.857151,396.297498,22168.576818,567.358878,499.877776,-85.482637,0.084307,False,False,False,False,True,True,True,1-circle,-1.000000,102.912900,17785.663876,2.150642,0.225535,100.000000,100.000000,0.000000,0.000000,2,4,4,0.0000,0.0000,0.0000,0.5000,"Accelerate",-0.138135
260,A0100,pursuit_chase_v1,UNKNOWN,13532.888210,20940.282610,11459.717390,1763.484371,-20942.375887,15214.583980,397.155679,22197.448426,577.432152,553.052677,-76.112407,0.077567,False,False,False,False,True,True,True,1-circle,-1.000000,107.521846,17802.465960,1.982881,0.344547,100.000000,100.000000,0.000000,0.000000,2,7,4,0.0000,0.0000,0.0000,0.5000,"PursuitChaseOptimal",0.043246
260,B0100,aggressive,UNKNOWN,13532.888210,20940.282610,11459.717390,1763.484371,-20942.375887,15214.583980,397.155679,22197.448426,577.432152,553.052677,-76.112407,0.077567,False,False,False,False,True,True,True,1-circle,-1.000000,107.521846,17802.465960,1.982881,0.344547,100.000000,100.000000,0.000000,0.000000,2,4,4,0.0000,0.0000,0.0000,0.5000,"Accelerate",-0.140772
261,A0100,pursuit_chase_v1,UNKNOWN,13532.888210,20940.282610,11459.717390,1763.484371,-20942.375887,15214.583980,397.155679,22197.448426,577.432152,553.052677,-76.112407,0.077567,False,False,False,False,True,True,True,1-circle,-1.000000,107.521846,17802.465960,1.982881,0.344547,100.000000,100.000000,0.000000,0.000000,2,7,4,0.0000,0.0000,0.0000,0.5000,"PursuitChaseOptimal",0.044321
261,B0100,aggressive,UNKNOWN,13532.888210,20940.282610,11459.717390,1763.484371,-20942.375887,15214.583980,397.155679,22197.448426,577.432152,553.052677,-76.112407,0.077567,False,False,False,False,True,True,True,1-circle,-1.000000,107.521846,17802.465960,1.982881,0.344547,100.000000,100.000000,0.000000,0.000000,2,4,4,0.0000,0.0000,0.0000,0.5000,"Accelerate",-0.142392
262,A0100,pursuit_chase_v1,UNKNOWN,13544.956970,20942.280293,11457.719707,1538.388249,-20944.232161,15213.405932,398.009714,22226.334268,577.716839,608.496566,-66.532029,0.070772,False,False,False,False,True,True,True,1-circle,-1.000000,111.934650,17817.263524,1.812965,0.475648,100.000000,100.000000,0.000000,0.000000,2,7,4,0.0000,0.0000,0.0000,0.5000,"PursuitChaseOptimal",0.045275
262,B0100,aggressive,UNKNOWN,13544.956970,20942.280293,11457.719707,1538.388249,-20944.232161,15213.405932,398.009714,22226.334268,577.716839,608.496566,-66.532029,0.070772,False,False,False,False,True,True,True,1-circle,-1.000000,111.934650,17817.263524,1.812965,0.475648,100.000000,100.000000,0.000000,0.000000,2,4,4,0.0000,0.0000,0.0000,0.5000,"Accelerate",-0.143545
263,A0100,pursuit_chase_v1,UNKNOWN,13544.956970,20942.280293,11457.719707,1538.388249,-20944.232161,15213.405932,398.009714,22226.334268,577.716839,608.496566,-66.532029,0.070772,False,False,False,False,True,True,True,1-circle,-1.000000,111.934650,17817.263524,1.812965,0.475648,100.000000,100.000000,0.000000,0.000000,2,7,4,0.0000,0.0000,0.0000,0.5000,"PursuitChaseOptimal",0.047706
263,B0100,aggressive,UNKNOWN,13544.956970,20942.280293,11457.719707,1538.388249,-20944.232161,15213.405932,398.009714,22226.334268,577.716839,608.496566,-66.532029,0.070772,False,False,False,False,True,True,True,1-circle,-1.000000,111.934650,17817.263524,1.812965,0.475648,100.000000,100.000000,0.000000,0.000000,2,4,4,0.0000,0.0000,0.0000,0.5000,"Accelerate",-0.149218
264,A0100,pursuit_chase_v1,UNKNOWN,13555.404206,20944.666606,11455.333394,1306.626870,-20946.484162,15212.327397,398.872245,22255.684277,587.000193,666.252742,-56.806663,0.063904,False,False,False,False,True,True,True,1-circle,-1.000000,116.087604,17829.478334,1.640459,0.546362,100.000000,100.000000,0.000000,0.000000,2,7,4,0.0000,0.0000,0.0000,0.5000,"PursuitChaseOptimal",0.052150
264,B0100,aggressive,UNKNOWN,13555.404206,20944.666606,11455.333394,1306.626870,-20946.484162,15212.327397,398.872245,22255.684277,587.000193,666.252742,-56.806663,0.063904,False,False,False,False,True,True,True,1-circle,-1.000000,116.087604,17829.478334,1.640459,0.546362,100.000000,100.000000,0.000000,0.000000,2,4,4,0.0000,0.0000,0.0000,0.5000,"Accelerate",-0.160794
265,A0100,pursuit_chase_v1,UNKNOWN,13555.404206,20944.666606,11455.333394,1306.626870,-20946.484162,15212.327397,398.872245,22255.684277,587.000193,666.252742,-56.806663,0.063904,False,False,False,False,True,True,True,1-circle,-1.000000,116.087604,17829.478334,1.640459,0.546362,100.000000,100.000000,0.000000,0.000000,2,7,4,0.0000,0.0000,0.0000,0.5000,"PursuitChaseOptimal",0.056533
265,B0100,aggressive,UNKNOWN,13555.404206,20944.666606,11455.333394,1306.626870,-20946.484162,15212.327397,398.872245,22255.684277,587.000193,666.252742,-56.806663,0.063904,False,False,False,False,True,True,True,1-circle,-1.000000,116.087604,17829.478334,1.640459,0.546362,100.000000,100.000000,0.000000,0.000000,2,4,4,0.0000,0.0000,0.0000,0.5000,"Accelerate",-0.171653
266,A0100,pursuit_chase_v1,UNKNOWN,13564.124731,20947.505346,11452.494654,1051.051185,-20949.203547,15211.339251,399.723919,22284.806251,582.439466,736.028919,-46.001411,0.056920,False,False,False,False,True,True,True,1-circle,-1.000000,119.935930,17838.723488,1.464202,0.513324,100.000000,100.000000,0.000000,0.000000,2,7,4,0.0000,0.0000,0.0000,0.5000,"PursuitChaseOptimal",0.061027
266,B0100,aggressive,UNKNOWN,13564.124731,20947.505346,11452.494654,1051.051185,-20949.203547,15211.339251,399.723919,22284.806251,582.439466,736.028919,-46.001411,0.056920,False,False,False,False,True,True,True,1-circle,-1.000000,119.935930,17838.723488,1.464202,0.513324,100.000000,100.000000,0.000000,0.000000,2,4,4,0.0000,0.0000,0.0000,0.5000,"Accelerate",-0.182304
267,A0100,pursuit_chase_v1,UNKNOWN,13564.124731,20947.505346,11452.494654,1051.051185,-20949.203547,15211.339251,399.723919,22284.806251,582.439466,736.028919,-46.001411,0.056920,False,False,False,False,True,True,True,1-circle,-1.000000,119.935930,17838.723488,1.464202,0.513324,100.000000,100.000000,0.000000,0.000000,2,7,4,0.0000,0.0000,0.0000,0.5000,"PursuitChaseOptimal",0.063172
267,B0100,aggressive,UNKNOWN,13564.124731,20947.505346,11452.494654,1051.051185,-20949.203547,15211.339251,399.723919,22284.806251,582.439466,736.028919,-46.001411,0.056920,False,False,False,False,True,True,True,1-circle,-1.000000,119.935930,17838.723488,1.464202,0.513324,100.000000,100.000000,0.000000,0.000000,2,4,4,0.0000,0.0000,0.0000,0.5000,"Accelerate",-0.185562
268,A0100,pursuit_chase_v1,UNKNOWN,13570.933357,20950.927523,11449.072477,786.840199,-20952.528801,15210.429874,400.574427,22314.029881,584.472604,816.848734,-34.360453,0.049765,False,False,False,False,True,True,True,1-circle,-1.000000,123.528093,17845.754686,1.282792,0.471456,100.000000,100.000000,0.000000,0.000000,2,7,4,0.0000,0.0000,0.0000,0.5000,"PursuitChaseOptimal",0.061135
268,B0100,aggressive,UNKNOWN,13570.933357,20950.927523,11449.072477,786.840199,-20952.528801,15210.429874,400.574427,22314.029881,584.472604,816.848734,-34.360453,0.049765,False,False,False,False,True,True,True,1-circle,-1.000000,123.528093,17845.754686,1.282792,0.471456,100.000000,100.000000,0.000000,0.000000,2,4,4,0.0000,0.0000,0.0000,0.5000,"Accelerate",-0.176658
269,A0100,pursuit_chase_v1,UNKNOWN,13570.933357,20950.927523,11449.072477,786.840199,-20952.528801,15210.429874,400.574427,22314.029881,584.472604,816.848734,-34.360453,0.049765,False,False,False,False,True,True,True,1-circle,-1.000000,123.528093,17845.754686,1.282792,0.471456,100.000000,100.000000,0.000000,0.000000,2,7,4,0.0000,0.0000,0.0000,0.5000,"PursuitChaseOptimal",0.058446
269,B0100,aggressive,UNKNOWN,13570.933357,20950.927523,11449.072477,786.840199,-20952.528801,15210.429874,400.574427,22314.029881,584.472604,816.848734,-34.360453,0.049765,False,False,False,False,True,True,True,1-circle,-1.000000,123.528093,17845.754686,1.282792,0.471456,100.000000,100.000000,0.000000,0.000000,2,4,4,0.0000,0.0000,0.0000,0.5000,"Accelerate",-0.166298
270,A0100,pursuit_chase_v1,UNKNOWN,13575.844669,20955.065825,11444.934175,572.303844,-20956.561722,15209.592428,401.406101,22342.720097,573.804316,886.706266,-23.772288,0.042436,False,False,False,False,True,True,True,1-circle,-1.000000,126.949776,17851.773120,1.096064,0.493638,100.000000,100.000000,0.000000,0.000000,2,7,4,0.0000,0.0000,0.0000,0.5000,"PursuitChaseOptimal",0.055887
270,B0100,aggressive,UNKNOWN,13575.844669,20955.065825,11444.934175,572.303844,-20956.561722,15209.592428,401.406101,22342.720097,573.804316,886.706266,-23.772288,0.042436,False,False,False,False,True,True,True,1-circle,-1.000000,126.949776,17851.773120,1.096064,0.493638,100.000000,100.000000,0.000000,0.000000,2,4,4,0.0000,0.0000,0.0000,0.5000,"Accelerate",-0.156729
271,A0100,pursuit_chase_v1,UNKNOWN,13575.844669,20955.065825,11444.934175,572.303844,-20956.561722,15209.592428,401.406101,22342.720097,573.804316,886.706266,-23.772288,0.042436,False,False,False,False,True,True,True,1-circle,-1.000000,126.949776,17851.773120,1.096064,0.493638,100.000000,100.000000,0.000000,0.000000,2,7,4,0.0000,0.0000,0.0000,0.5000,"PursuitChaseOptimal",0.053303
271,B0100,aggressive,UNKNOWN,13575.844669,20955.065825,11444.934175,572.303844,-20956.561722,15209.592428,401.406101,22342.720097,573.804316,886.706266,-23.772288,0.042436,False,False,False,False,True,True,True,1-circle,-1.000000,126.949776,17851.773120,1.096064,0.493638,100.000000,100.000000,0.000000,0.000000,2,4,4,0.0000,0.0000,0.0000,0.5000,"Accelerate",-0.147468
272,A0100,pursuit_chase_v1,UNKNOWN,13579.090846,20959.858398,11440.141602,427.143883,-20961.231744,15208.834445,402.248187,22371.921841,584.034888,941.576665,-14.589760,0.034962,False,False,False,False,True,True,True,1-circle,-1.000000,130.204240,17856.926732,0.904830,0.622646,100.000000,100.000000,0.000000,0.000000,2,7,4,0.0000,0.0000,0.0000,0.5000,"PursuitChaseOptimal",0.052372
272,B0100,aggressive,UNKNOWN,13579.090846,20959.858398,11440.141602,427.143883,-20961.231744,15208.834445,402.248187,22371.921841,584.034888,941.576665,-14.589760,0.034962,False,False,False,False,True,True,True,1-circle,-1.000000,130.204240,17856.926732,0.904830,0.622646,100.000000,100.000000,0.000000,0.000000,2,4,4,0.0000,0.0000,0.0000,0.5000,"Accelerate",-0.143020
273,A0100,pursuit_chase_v1,UNKNOWN,13579.090846,20959.858398,11440.141602,427.143883,-20961.231744,15208.834445,402.248187,22371.921841,584.034888,941.576665,-14.589760,0.034962,False,False,False,False,True,True,True,1-circle,-1.000000,130.204240,17856.926732,0.904830,0.622646,100.000000,100.000000,0.000000,0.000000,2,7,4,0.0000,0.0000,0.0000,0.5000,"PursuitChaseOptimal",0.055349
273,B0100,aggressive,UNKNOWN,13579.090846,20959.858398,11440.141602,427.143883,-20961.231744,15208.834445,402.248187,22371.921841,584.034888,941.576665,-14.589760,0.034962,False,False,False,False,True,True,True,1-circle,-1.000000,130.204240,17856.926732,0.904830,0.622646,100.000000,100.000000,0.000000,0.000000,2,4,4,0.0000,0.0000,0.0000,0.5000,"Accelerate",-0.149161
274,A0100,pursuit_chase_v1,UNKNOWN,13580.858660,20965.149349,11434.850651,378.261895,-20966.421696,15208.159376,403.088241,22401.196737,585.497925,990.333900,-5.958936,0.027383,False,False,False,False,True,True,True,1-circle,-1.000000,133.247219,17860.865701,0.710111,0.694142,100.000000,100.000000,0.000000,0.000000,2,7,4,0.0000,0.0000,0.0000,0.5000,"PursuitChaseOptimal",0.059026
274,B0100,aggressive,UNKNOWN,13580.858660,20965.149349,11434.850651,378.261895,-20966.421696,15208.159376,403.088241,22401.196737,585.497925,990.333900,-5.958936,0.027383,False,False,False,False,True,True,True,1-circle,-1.000000,133.247219,17860.865701,0.710111,0.694142,100.000000,100.000000,0.000000,0.000000,2,4,4,0.0000,0.0000,0.0000,0.5000,"Accelerate",-0.156883
275,A0100,pursuit_chase_v1,UNKNOWN,13580.858660,20965.149349,11434.850651,378.261895,-20966.421696,15208.159376,403.088241,22401.196737,585.497925,990.333900,-5.958936,0.027383,False,False,False,False,True,True,True,1-circle,-1.000000,133.247219,17860.865701,0.710111,0.694142,100.000000,100.000000,0.000000,0.000000,2,7,4,0.0000,0.0000,0.0000,0.5000,"PursuitChaseOptimal",0.064729
275,B0100,aggressive,UNKNOWN,13580.858660,20965.149349,11434.850651,378.261895,-20966.421696,15208.159376,403.088241,22401.196737,585.497925,990.333900,-5.958936,0.027383,False,False,False,False,True,True,True,1-circle,-1.000000,133.247219,17860.865701,0.710111,0.694142,100.000000,100.000000,0.000000,0.000000,2,4,4,0.0000,0.0000,0.0000,0.5000,"Accelerate",-0.169514
276,A0100,pursuit_chase_v1,UNKNOWN,13581.116129,20970.893218,11429.106782,466.248759,-20972.143908,15207.532496,403.941791,22431.064988,597.365010,1049.527133,3.397432,0.019651,False,False,False,False,True,True,True,1-circle,-1.000000,136.073778,17863.560252,0.510627,0.420857,100.000000,100.000000,0.000000,0.000000,2,7,4,0.0000,0.0000,0.0000,0.5000,"PursuitChaseOptimal",0.070383
276,B0100,aggressive,UNKNOWN,13581.116129,20970.893218,11429.106782,466.248759,-20972.143908,15207.532496,403.941791,22431.064988,597.365010,1049.527133,3.397432,0.019651,False,False,False,False,True,True,True,1-circle,-1.000000,136.073778,17863.560252,0.510627,0.420857,100.000000,100.000000,0.000000,0.000000,2,4,4,0.0000,0.0000,0.0000,0.5000,"Accelerate",-0.181427
277,A0100,pursuit_chase_v1,UNKNOWN,13581.116129,20970.893218,11429.106782,466.248759,-20972.143908,15207.532496,403.941791,22431.064988,597.365010,1049.527133,3.397432,0.019651,False,False,False,False,True,True,True,1-circle,-1.000000,136.073778,17863.560252,0.510627,0.420857,100.000000,100.000000,0.000000,0.000000,2,7,4,0.0000,0.0000,0.0000,0.5000,"PursuitChaseOptimal",0.076176
277,B0100,aggressive,UNKNOWN,13581.116129,20970.893218,11429.106782,466.248759,-20972.143908,15207.532496,403.941791,22431.064988,597.365010,1049.527133,3.397432,0.019651,False,False,False,False,True,True,True,1-circle,-1.000000,136.073778,17863.560252,0.510627,0.420857,100.000000,100.000000,0.000000,0.000000,2,4,4,0.0000,0.0000,0.0000,0.5000,"Accelerate",-0.193084
278,A0100,pursuit_chase_v1,UNKNOWN,13579.705892,20977.258470,11422.741530,677.695235,-20978.583190,15206.906988,404.805859,22461.376118,606.222607,1123.733532,13.749393,0.011609,False,False,False,False,True,True,True,1-circle,-1.000000,138.739279,17865.420647,0.302280,0.047166,100.000000,100.000000,0.000000,0.000000,2,7,4,0.0000,0.0000,0.0000,0.5000,"PursuitChaseOptimal",0.079470
278,B0100,aggressive,UNKNOWN,13579.705892,20977.258470,11422.741530,677.695235,-20978.583190,15206.906988,404.805859,22461.376118,606.222607,1123.733532,13.749393,0.011609,False,False,False,False,True,True,True,1-circle,-1.000000,138.739279,17865.420647,0.302280,0.047166,100.000000,100.000000,0.000000,0.000000,2,4,4,0.0000,0.0000,0.0000,0.5000,"Accelerate",-0.197832
279,A0100,pursuit_chase_v1,UNKNOWN,13579.705892,20977.258470,11422.741530,677.695235,-20978.583190,15206.906988,404.805859,22461.376118,606.222607,1123.733532,13.749393,0.011609,False,False,False,False,True,True,True,1-circle,-1.000000,138.739279,17865.420647,0.302280,0.047166,100.000000,100.000000,0.000000,0.000000,2,7,4,0.0000,0.0000,0.0000,0.5000,"PursuitChaseOptimal",0.077148
279,B0100,aggressive,UNKNOWN,13579.705892,20977.258470,11422.741530,677.695235,-20978.583190,15206.906988,404.805859,22461.376118,606.222607,1123.733532,13.749393,0.011609,False,False,False,False,True,True,True,1-circle,-1.000000,138.739279,17865.420647,0.302280,0.047166,100.000000,100.000000,0.000000,0.000000,2,4,4,0.0000,0.0000,0.0000,0.5000,"Accelerate",-0.189128
280,A0100,pursuit_chase_v1,UNKNOWN,13576.523324,20984.360132,11415.639868,941.191325,-20986.112729,15206.189309,405.834031,22497.556710,723.611828,1208.977208,23.966271,0.036171,False,False,False,False,True,True,True,1-circle,-1.000000,141.411083,18023.520565,0.943995,-0.321668,100.000000,100.000000,0.000000,0.000000,2,7,4,0.0000,0.0000,0.0000,0.5000,"PursuitChaseOptimal",0.074003
280,B0100,aggressive,UNKNOWN,13576.523324,20984.360132,11415.639868,941.191325,-20986.112729,15206.189309,405.834031,22497.556710,723.611828,1208.977208,23.966271,0.036171,False,False,False,False,True,True,True,1-circle,-1.000000,141.411083,18023.520565,0.943995,-0.321668,100.000000,100.000000,0.000000,0.000000,2,4,4,0.0000,0.0000,0.0000,0.5000,"Accelerate",-0.178860
281,A0100,pursuit_chase_v1,UNKNOWN,13576.523324,20984.360132,11415.639868,941.191325,-20986.112729,15206.189309,405.834031,22497.556710,723.611828,1208.977208,23.966271,0.036171,False,False,False,False,True,True,True,1-circle,-1.000000,141.411083,18023.520565,0.943995,-0.321668,100.000000,100.000000,0.000000,0.000000,2,7,4,0.0000,0.0000,0.0000,0.5000,"PursuitChaseOptimal",0.071043
281,B0100,aggressive,UNKNOWN,13576.523324,20984.360132,11415.639868,941.191325,-20986.112729,15206.189309,405.834031,22497.556710,723.611828,1208.977208,23.966271,0.036171,False,False,False,False,True,True,True,1-circle,-1.000000,141.411083,18023.520565,0.943995,-0.321668,100.000000,100.000000,0.000000,0.000000,2,4,4,0.0000,0.0000,0.0000,0.5000,"Accelerate",-0.168638
282,A0100,pursuit_chase_v1,UNKNOWN,13571.758585,20994.743032,11405.256968,1178.170206,-20996.962173,15205.211983,406.834107,22532.559131,700.048436,1277.888317,32.739268,0.076935,False,False,False,False,True,True,True,1-circle,-1.000000,144.318809,18264.378001,2.011857,-0.545942,100.000000,100.000000,0.000000,0.000000,2,7,4,0.0000,0.0000,0.0000,0.5000,"PursuitChaseOptimal",0.068047
282,B0100,aggressive,UNKNOWN,13571.758585,20994.743032,11405.256968,1178.170206,-20996.962173,15205.211983,406.834107,22532.559131,700.048436,1277.888317,32.739268,0.076935,False,False,False,False,True,True,True,1-circle,-1.000000,144.318809,18264.378001,2.011857,-0.545942,100.000000,100.000000,0.000000,0.000000,2,4,4,0.0000,0.0000,0.0000,0.5000,"Accelerate",-0.159079
283,A0100,pursuit_chase_v1,UNKNOWN,13571.758585,20994.743032,11405.256968,1178.170206,-20996.962173,15205.211983,406.834107,22532.559131,700.048436,1277.888317,32.739268,0.076935,False,False,False,False,True,True,True,1-circle,-1.000000,144.318809,18264.378001,2.011857,-0.545942,100.000000,100.000000,0.000000,0.000000,2,7,4,0.0000,0.0000,0.0000,0.5000,"PursuitChaseOptimal",0.067064
283,B0100,aggressive,UNKNOWN,13571.758585,20994.743032,11405.256968,1178.170206,-20996.962173,15205.211983,406.834107,22532.559131,700.048436,1277.888317,32.739268,0.076935,False,False,False,False,True,True,True,1-circle,-1.000000,144.318809,18264.378001,2.011857,-0.545942,100.000000,100.000000,0.000000,0.000000,2,4,4,0.0000,0.0000,0.0000,0.5000,"Accelerate",-0.154503
284,A0100,pursuit_chase_v1,UNKNOWN,13565.575809,20999.674964,11400.325036,1388.254588,-21001.861165,15204.180692,407.621107,22559.904045,546.898266,1323.020964,40.819147,0.014029,False,False,False,False,True,True,True,1-circle,-1.000000,147.217759,17887.914076,-0.367678,-0.404863,100.000000,100.000000,0.000000,0.000000,2,6,4,0.0000,0.0000,0.0000,0.5000,"PursuitChaseOptimal",0.071124
284,B0100,aggressive,UNKNOWN,13565.575809,20999.674964,11400.325036,1388.254588,-21001.861165,15204.180692,407.621107,22559.904045,546.898266,1323.020964,40.819147,0.014029,False,False,False,False,True,True,True,1-circle,-1.000000,147.217759,17887.914076,-0.367678,-0.404863,100.000000,100.000000,0.000000,0.000000,2,4,4,0.0000,0.0000,0.0000,0.5000,"Accelerate",-0.162179
285,A0100,pursuit_chase_v1,UNKNOWN,13565.575809,20999.674964,11400.325036,1388.254588,-21001.861165,15204.180692,407.621107,22559.904045,546.898266,1323.020964,40.819147,0.014029,False,False,False,False,True,True,True,1-circle,-1.000000,147.217759,17887.914076,-0.367678,-0.404863,100.000000,100.000000,0.000000,0.000000,2,6,4,0.0000,0.0000,0.0000,0.5000,"PursuitChaseOptimal",0.073948
285,B0100,aggressive,UNKNOWN,13565.575809,20999.674964,11400.325036,1388.254588,-21001.861165,15204.180692,407.621107,22559.904045,546.898266,1323.020964,40.819147,0.014029,False,False,False,False,True,True,True,1-circle,-1.000000,147.217759,17887.914076,-0.367678,-0.404863,100.000000,100.000000,0.000000,0.000000,2,4,4,0.0000,0.0000,0.0000,0.5000,"Accelerate",-0.166368
286,A0100,pursuit_chase_v1,UNKNOWN,13558.062370,21012.020202,11387.979798,1605.345892,-21014.600443,15203.111149,408.652388,22596.101519,723.949487,1383.029561,48.542916,0.011889,False,False,False,False,True,True,True,1-circle,-1.000000,150.056957,17952.582636,-0.312327,-0.226211,100.000000,100.000000,0.000000,0.000000,2,6,4,0.0000,0.0000,0.0000,0.5000,"PursuitChaseOptimal",0.076281
286,B0100,aggressive,UNKNOWN,13558.062370,21012.020202,11387.979798,1605.345892,-21014.600443,15203.111149,408.652388,22596.101519,723.949487,1383.029561,48.542916,0.011889,False,False,False,False,True,True,True,1-circle,-1.000000,150.056957,17952.582636,-0.312327,-0.226211,100.000000,100.000000,0.000000,0.000000,2,4,4,0.0000,0.0000,0.0000,0.5000,"Accelerate",-0.169106
287,A0100,pursuit_chase_v1,UNKNOWN,13558.062370,21012.020202,11387.979798,1605.345892,-21014.600443,15203.111149,408.652388,22596.101519,723.949487,1383.029561,48.542916,0.011889,False,False,False,False,True,True,True,1-circle,-1.000000,150.056957,17952.582636,-0.312327,-0.226211,100.000000,100.000000,0.000000,0.000000,2,6,4,0.0000,0.0000,0.0000,0.5000,"PursuitChaseOptimal",0.078411
287,B0100,aggressive,UNKNOWN,13558.062370,21012.020202,11387.979798,1605.345892,-21014.600443,15203.111149,408.652388,22596.101519,723.949487,1383.029561,48.542916,0.011889,False,False,False,False,True,True,True,1-circle,-1.000000,150.056957,17952.582636,-0.312327,-0.226211,100.000000,100.000000,0.000000,0.000000,2,4,4,0.0000,0.0000,0.0000,0.5000,"Accelerate",-0.171463
288,A0100,pursuit_chase_v1,UNKNOWN,13549.260176,21026.445327,11373.554673,1827.272984,-21029.694056,15201.794038,409.797269,22636.266863,803.306874,1450.493719,56.127068,0.080987,False,False,False,False,True,True,True,1-circle,-1.000000,153.004559,18452.695639,2.132215,-0.284251,100.000000,100.000000,0.000000,0.000000,2,6,4,0.0000,0.0000,0.0000,0.5000,"PursuitChaseOptimal",0.080476
288,B0100,aggressive,UNKNOWN,13549.260176,21026.445327,11373.554673,1827.272984,-21029.694056,15201.794038,409.797269,22636.266863,803.306874,1450.493719,56.127068,0.080987,False,False,False,False,True,True,True,1-circle,-1.000000,153.004559,18452.695639,2.132215,-0.284251,100.000000,100.000000,0.000000,0.000000,2,4,4,0.0000,0.0000,0.0000,0.5000,"Accelerate",-0.172918
289,A0100,pursuit_chase_v1,UNKNOWN,13549.260176,21026.445327,11373.554673,1827.272984,-21029.694056,15201.794038,409.797269,22636.266863,803.306874,1450.493719,56.127068,0.080987,False,False,False,False,True,True,True,1-circle,-1.000000,153.004559,18452.695639,2.132215,-0.284251,100.000000,100.000000,0.000000,0.000000,2,6,4,0.0000,0.0000,0.0000,0.5000,"PursuitChaseOptimal",0.082540
289,B0100,aggressive,UNKNOWN,13549.260176,21026.445327,11373.554673,1827.272984,-21029.694056,15201.794038,409.797269,22636.266863,803.306874,1450.493719,56.127068,0.080987,False,False,False,False,True,True,True,1-circle,-1.000000,153.004559,18452.695639,2.132215,-0.284251,100.000000,100.000000,0.000000,0.000000,2,4,4,0.0000,0.0000,0.0000,0.5000,"Accelerate",-0.174395
290,A0100,pursuit_chase_v1,UNKNOWN,13539.161381,21035.283720,11364.716280,2051.337032,-21038.627251,15200.365762,410.718433,22668.299360,640.649950,1506.373035,63.970744,0.056383,False,False,False,False,True,True,True,1-circle,-1.000000,155.866348,18400.402674,1.487932,-0.175474,100.000000,100.000000,0.000000,0.000000,2,6,4,0.0000,0.0000,0.0000,0.5000,"PursuitChaseOptimal",0.084629
290,B0100,aggressive,UNKNOWN,13539.161381,21035.283720,11364.716280,2051.337032,-21038.627251,15200.365762,410.718433,22668.299360,640.649950,1506.373035,63.970744,0.056383,False,False,False,False,True,True,True,1-circle,-1.000000,155.866348,18400.402674,1.487932,-0.175474,100.000000,100.000000,0.000000,0.000000,2,4,4,0.0000,0.0000,0.0000,0.5000,"Accelerate",-0.176544
291,A0100,pursuit_chase_v1,UNKNOWN,13539.161381,21035.283720,11364.716280,2051.337032,-21038.627251,15200.365762,410.718433,22668.299360,640.649950,1506.373035,63.970744,0.056383,False,False,False,False,True,True,True,1-circle,-1.000000,155.866348,18400.402674,1.487932,-0.175474,100.000000,100.000000,0.000000,0.000000,2,6,4,0.0000,0.0000,0.0000,0.5000,"PursuitChaseOptimal",0.086747
291,B0100,aggressive,UNKNOWN,13539.161381,21035.283720,11364.716280,2051.337032,-21038.627251,15200.365762,410.718433,22668.299360,640.649950,1506.373035,63.970744,0.056383,False,False,False,False,True,True,True,1-circle,-1.000000,155.866348,18400.402674,1.487932,-0.175474,100.000000,100.000000,0.000000,0.000000,2,4,4,0.0000,0.0000,0.0000,0.5000,"Accelerate",-0.178410
292,A0100,pursuit_chase_v1,UNKNOWN,13527.763001,21048.677500,11351.322500,2273.438592,-21052.246727,15198.882025,411.733222,22703.764223,709.297243,1566.510911,71.432653,0.011777,False,False,False,False,True,True,True,1-circle,-1.000000,158.524281,18255.031962,0.311569,-0.014012,100.000000,100.000000,0.000000,0.000000,2,6,4,0.0000,0.0000,0.0000,0.5000,"PursuitChaseOptimal",0.088896
292,B0100,aggressive,UNKNOWN,13527.763001,21048.677500,11351.322500,2273.438592,-21052.246727,15198.882025,411.733222,22703.764223,709.297243,1566.510911,71.432653,0.011777,False,False,False,False,True,True,True,1-circle,-1.000000,158.524281,18255.031962,0.311569,-0.014012,100.000000,100.000000,0.000000,0.000000,2,4,4,0.0000,0.0000,0.0000,0.5000,"Accelerate",-0.179901
293,A0100,pursuit_chase_v1,UNKNOWN,13527.763001,21048.677500,11351.322500,2273.438592,-21052.246727,15198.882025,411.733222,22703.764223,709.297243,1566.510911,71.432653,0.011777,False,False,False,False,True,True,True,1-circle,-1.000000,158.524281,18255.031962,0.311569,-0.014012,100.000000,100.000000,0.000000,0.000000,2,6,4,0.0000,0.0000,0.0000,0.5000,"PursuitChaseOptimal",0.093897
293,B0100,aggressive,UNKNOWN,13527.763001,21048.677500,11351.322500,2273.438592,-21052.246727,15198.882025,411.733222,22703.764223,709.297243,1566.510911,71.432653,0.011777,False,False,False,False,True,True,True,1-circle,-1.000000,158.524281,18255.031962,0.311569,-0.014012,100.000000,100.000000,0.000000,0.000000,2,4,4,0.0000,0.0000,0.0000,0.5000,"Accelerate",-0.187351
294,A0100,pursuit_chase_v1,UNKNOWN,13515.117615,21063.443593,11336.556407,2498.974617,-21067.299890,15197.357927,412.800429,22741.195676,748.629060,1630.150206,78.751488,0.031576,False,False,False,False,True,True,True,1-circle,-1.000000,160.897624,18418.255962,0.837371,0.141288,100.000000,100.000000,0.000000,0.000000,2,6,4,0.0000,0.0000,0.0000,0.5000,"PursuitChaseOptimal",0.103222
294,B0100,aggressive,UNKNOWN,13515.117615,21063.443593,11336.556407,2498.974617,-21067.299890,15197.357927,412.800429,22741.195676,748.629060,1630.150206,78.751488,0.031576,False,False,False,False,True,True,True,1-circle,-1.000000,160.897624,18418.255962,0.837371,0.141288,100.000000,100.000000,0.000000,0.000000,2,4,4,0.0000,0.0000,0.0000,0.5000,"Accelerate",-0.202698
295,A0100,pursuit_chase_v1,UNKNOWN,13515.117615,21063.443593,11336.556407,2498.974617,-21067.299890,15197.357927,412.800429,22741.195676,748.629060,1630.150206,78.751488,0.031576,False,False,False,False,True,True,True,1-circle,-1.000000,160.897624,18418.255962,0.837371,0.141288,100.000000,100.000000,0.000000,0.000000,2,6,4,0.0000,0.0000,0.0000,0.5000,"PursuitChaseOptimal",0.112773
295,B0100,aggressive,UNKNOWN,13515.117615,21063.443593,11336.556407,2498.974617,-21067.299890,15197.357927,412.800429,22741.195676,748.629060,1630.150206,78.751488,0.031576,False,False,False,False,True,True,True,1-circle,-1.000000,160.897624,18418.255962,0.837371,0.141288,100.000000,100.000000,0.000000,0.000000,2,4,4,0.0000,0.0000,0.0000,0.5000,"Accelerate",-0.217171
296,A0100,pursuit_chase_v1,UNKNOWN,13501.210163,21081.392651,11318.607349,2752.529907,-21085.458897,15195.708673,413.872201,22778.770065,751.487793,1705.991711,86.562620,0.100707,False,False,False,False,True,True,True,1-circle,-1.000000,163.006333,18821.028366,2.675434,0.293561,100.000000,100.000000,0.000000,0.000000,2,6,4,0.0000,0.0000,0.0000,0.5000,"PursuitChaseOptimal",0.122895
296,B0100,aggressive,UNKNOWN,13501.210163,21081.392651,11318.607349,2752.529907,-21085.458897,15195.708673,413.872201,22778.770065,751.487793,1705.991711,86.562620,0.100707,False,False,False,False,True,True,True,1-circle,-1.000000,163.006333,18821.028366,2.675434,0.293561,100.000000,100.000000,0.000000,0.000000,2,4,4,0.0000,0.0000,0.0000,0.5000,"Accelerate",-0.232183
297,A0100,pursuit_chase_v1,UNKNOWN,13501.210163,21081.392651,11318.607349,2752.529907,-21085.458897,15195.708673,413.872201,22778.770065,751.487793,1705.991711,86.562620,0.100707,False,False,False,False,True,True,True,1-circle,-1.000000,163.006333,18821.028366,2.675434,0.293561,100.000000,100.000000,0.000000,0.000000,2,6,4,0.0000,0.0000,0.0000,0.5000,"PursuitChaseOptimal",0.129236
297,B0100,aggressive,UNKNOWN,13501.210163,21081.392651,11318.607349,2752.529907,-21085.458897,15195.708673,413.872201,22778.770065,751.487793,1705.991711,86.562620,0.100707,False,False,False,False,True,True,True,1-circle,-1.000000,163.006333,18821.028366,2.675434,0.293561,100.000000,100.000000,0.000000,0.000000,2,4,4,0.0000,0.0000,0.0000,0.5000,"Accelerate",-0.239500
298,A0100,pursuit_chase_v1,UNKNOWN,13485.910550,21099.716958,11300.283042,3034.676361,-21103.310866,15194.146037,414.669768,22806.461983,553.838348,1778.459903,94.981823,0.109356,False,False,False,False,True,True,True,1-circle,-1.000000,164.653804,18937.219488,2.910041,0.422443,100.000000,100.000000,0.000000,0.000000,2,6,4,0.0000,0.0000,0.0000,0.5000,"PursuitChaseOptimal",0.129413
298,B0100,aggressive,UNKNOWN,13485.910550,21099.716958,11300.283042,3034.676361,-21103.310866,15194.146037,414.669768,22806.461983,553.838348,1778.459903,94.981823,0.109356,False,False,False,False,True,True,True,1-circle,-1.000000,164.653804,18937.219488,2.910041,0.422443,100.000000,100.000000,0.000000,0.000000,2,4,4,0.0000,0.0000,0.0000,0.5000,"Accelerate",-0.235253
299,A0100,pursuit_chase_v1,UNKNOWN,13485.910550,21099.716958,11300.283042,3034.676361,-21103.310866,15194.146037,414.669768,22806.461983,553.838348,1778.459903,94.981823,0.109356,False,False,False,False,True,True,True,1-circle,-1.000000,164.653804,18937.219488,2.910041,0.422443,100.000000,100.000000,0.000000,0.000000,2,6,4,0.0000,0.0000,0.0000,0.5000,"PursuitChaseOptimal",0.128905
299,B0100,aggressive,UNKNOWN,13485.910550,21099.716958,11300.283042,3034.676361,-21103.310866,15194.146037,414.669768,22806.461983,553.838348,1778.459903,94.981823,0.109356,False,False,False,False,True,True,True,1-circle,-1.000000,164.653804,18937.219488,2.910041,0.422443,100.000000,100.000000,0.000000,0.000000,2,4,4,0.0000,0.0000,0.0000,0.5000,"Accelerate",-0.229968
300,A0100,pursuit_chase_v1,UNKNOWN,13469.233728,21120.362165,11279.637835,3305.984921,-21123.549764,15192.762644,415.482152,22834.934552,569.451381,1845.597669,102.715637,0.101759,False,False,False,False,True,True,True,1-circle,-1.000000,165.822161,18978.420486,2.713153,0.531321,100.000000,100.000000,0.000000,0.000000,2,6,4,0.0000,0.0000,0.0000,0.5000,"PursuitChaseOptimal",0.124689
300,B0100,aggressive,UNKNOWN,13469.233728,21120.362165,11279.637835,3305.984921,-21123.549764,15192.762644,415.482152,22834.934552,569.451381,1845.597669,102.715637,0.101759,False,False,False,False,True,True,True,1-circle,-1.000000,165.822161,18978.420486,2.713153,0.531321,100.000000,100.000000,0.000000,0.000000,2,4,4,0.0000,0.0000,0.0000,0.5000,"Accelerate",-0.218516
301,A0100,pursuit_chase_v1,UNKNOWN,13469.233728,21120.362165,11279.637835,3305.984921,-21123.549764,15192.762644,415.482152,22834.934552,569.451381,1845.597669,102.715637,0.101759,False,False,False,False,True,True,True,1-circle,-1.000000,165.822161,18978.420486,2.713153,0.531321,100.000000,100.000000,0.000000,0.000000,2,6,4,0.0000,0.0000,0.0000,0.5000,"PursuitChaseOptimal",0.120668
301,B0100,aggressive,UNKNOWN,13469.233728,21120.362165,11279.637835,3305.984921,-21123.549764,15192.762644,415.482152,22834.934552,569.451381,1845.597669,102.715637,0.101759,False,False,False,False,True,True,True,1-circle,-1.000000,165.822161,18978.420486,2.713153,0.531321,100.000000,100.000000,0.000000,0.000000,2,4,4,0.0000,0.0000,0.0000,0.5000,"Accelerate",-0.207941
302,A0100,pursuit_chase_v1,UNKNOWN,13451.335387,21142.258678,11257.741322,3546.247700,-21145.052579,15191.540308,416.290753,22863.487193,571.052826,1898.012032,109.392323,0.093548,False,False,False,False,True,True,True,1-circle,-1.000000,166.619060,19021.062912,2.499060,0.638727,100.000000,100.000000,0.000000,0.000000,2,6,4,0.0000,0.0000,0.0000,0.5000,"PursuitChaseOptimal",0.116489
302,B0100,aggressive,UNKNOWN,13451.335387,21142.258678,11257.741322,3546.247700,-21145.052579,15191.540308,416.290753,22863.487193,571.052826,1898.012032,109.392323,0.093548,False,False,False,False,True,True,True,1-circle,-1.000000,166.619060,19021.062912,2.499060,0.638727,100.000000,100.000000,0.000000,0.000000,2,4,4,0.0000,0.0000,0.0000,0.5000,"Accelerate",-0.197583
303,A0100,pursuit_chase_v1,UNKNOWN,13451.335387,21142.258678,11257.741322,3546.247700,-21145.052579,15191.540308,416.290753,22863.487193,571.052826,1898.012032,109.392323,0.093548,False,False,False,False,True,True,True,1-circle,-1.000000,166.619060,19021.062912,2.499060,0.638727,100.000000,100.000000,0.000000,0.000000,2,6,4,0.0000,0.0000,0.0000,0.5000,"PursuitChaseOptimal",0.117225
303,B0100,aggressive,UNKNOWN,13451.335387,21142.258678,11257.741322,3546.247700,-21145.052579,15191.540308,416.290753,22863.487193,571.052826,1898.012032,109.392323,0.093548,False,False,False,False,True,True,True,1-circle,-1.000000,166.619060,19021.062912,2.499060,0.638727,100.000000,100.000000,0.000000,0.000000,2,4,4,0.0000,0.0000,0.0000,0.5000,"Accelerate",-0.195752
304,A0100,pursuit_chase_v1,UNKNOWN,13432.386888,21165.083559,11234.916441,3760.295943,-21167.488826,15190.480740,417.091188,22891.958884,569.433816,1937.513891,115.229110,0.085562,False,False,False,False,True,True,True,1-circle,-1.000000,167.032515,19069.305576,2.290095,0.744829,100.000000,100.000000,0.000000,0.000000,2,6,4,0.0000,0.0000,0.0000,0.5000,"PursuitChaseOptimal",0.125393
304,B0100,aggressive,UNKNOWN,13432.386888,21165.083559,11234.916441,3760.295943,-21167.488826,15190.480740,417.091188,22891.958884,569.433816,1937.513891,115.229110,0.085562,False,False,False,False,True,True,True,1-circle,-1.000000,167.032515,19069.305576,2.290095,0.744829,100.000000,100.000000,0.000000,0.000000,2,4,4,0.0000,0.0000,0.0000,0.5000,"Accelerate",-0.205987
305,A0100,pursuit_chase_v1,UNKNOWN,13432.386888,21165.083559,11234.916441,3760.295943,-21167.488826,15190.480740,417.091188,22891.958884,569.433816,1937.513891,115.229110,0.085562,False,False,False,False,True,True,True,1-circle,-1.000000,167.032515,19069.305576,2.290095,0.744829,100.000000,100.000000,0.000000,0.000000,2,6,4,0.0000,0.0000,0.0000,0.5000,"PursuitChaseOptimal",0.131136
305,B0100,aggressive,UNKNOWN,13432.386888,21165.083559,11234.916441,3760.295943,-21167.488826,15190.480740,417.091188,22891.958884,569.433816,1937.513891,115.229110,0.085562,False,False,False,False,True,True,True,1-circle,-1.000000,167.032515,19069.305576,2.290095,0.744829,100.000000,100.000000,0.000000,0.000000,2,4,4,0.0000,0.0000,0.0000,0.5000,"Accelerate",-0.211845
306,A0100,pursuit_chase_v1,UNKNOWN,13412.454403,21188.812273,11211.187727,3983.398507,-21190.838605,15189.585597,417.884358,22920.382921,568.480745,1979.519698,121.049398,0.077613,False,False,False,False,True,True,True,1-circle,-1.000000,167.036610,19122.772827,2.081219,0.849548,100.000000,100.000000,0.000000,0.000000,2,6,4,0.0000,0.0000,0.0000,0.5000,"PursuitChaseOptimal",0.140073
306,B0100,aggressive,UNKNOWN,13412.454403,21188.812273,11211.187727,3983.398507,-21190.838605,15189.585597,417.884358,22920.382921,568.480745,1979.519698,121.049398,0.077613,False,False,False,False,True,True,True,1-circle,-1.000000,167.036610,19122.772827,2.081219,0.849548,100.000000,100.000000,0.000000,0.000000,2,4,4,0.0000,0.0000,0.0000,0.5000,"Accelerate",-0.222366
307,A0100,pursuit_chase_v1,UNKNOWN,13412.454403,21188.812273,11211.187727,3983.398507,-21190.838605,15189.585597,417.884358,22920.382921,568.480745,1979.519698,121.049398,0.077613,False,False,False,False,True,True,True,1-circle,-1.000000,167.036610,19122.772827,2.081219,0.849548,100.000000,100.000000,0.000000,0.000000,2,6,4,0.0000,0.0000,0.0000,0.5000,"PursuitChaseOptimal",0.154922
307,B0100,aggressive,UNKNOWN,13412.454403,21188.812273,11211.187727,3983.398507,-21190.838605,15189.585597,417.884358,22920.382921,568.480745,1979.519698,121.049398,0.077613,False,False,False,False,True,True,True,1-circle,-1.000000,167.036610,19122.772827,2.081219,0.849548,100.000000,100.000000,0.000000,0.000000,2,4,4,0.0000,0.0000,0.0000,0.5000,"Accelerate",-0.241366
308,A0100,pursuit_chase_v1,UNKNOWN,13391.528609,21213.540379,11186.459621,4226.817962,-21215.200161,15188.855810,418.670525,22948.768435,567.710288,2028.890208,127.041956,0.069658,False,False,False,False,True,True,True,1-circle,-1.000000,166.582250,19182.174033,1.871377,0.953068,100.000000,100.000000,0.000000,0.000000,2,6,4,0.0000,0.0000,0.0000,0.5000,"PursuitChaseOptimal",0.170255
308,B0100,aggressive,UNKNOWN,13391.528609,21213.540379,11186.459621,4226.817962,-21215.200161,15188.855810,418.670525,22948.768435,567.710288,2028.890208,127.041956,0.069658,False,False,False,False,True,True,True,1-circle,-1.000000,166.582250,19182.174033,1.871377,0.953068,100.000000,100.000000,0.000000,0.000000,2,4,4,0.0000,0.0000,0.0000,0.5000,"Accelerate",-0.259996
309,A0100,pursuit_chase_v1,UNKNOWN,13391.528609,21213.540379,11186.459621,4226.817962,-21215.200161,15188.855810,418.670525,22948.768435,567.710288,2028.890208,127.041956,0.069658,False,False,False,False,True,True,True,1-circle,-1.000000,166.582250,19182.174033,1.871377,0.953068,100.000000,100.000000,0.000000,0.000000,2,6,4,0.0000,0.0000,0.0000,0.5000,"PursuitChaseOptimal",0.186642
309,B0100,aggressive,UNKNOWN,13391.528609,21213.540379,11186.459621,4226.817962,-21215.200161,15188.855810,418.670525,22948.768435,567.710288,2028.890208,127.041956,0.069658,False,False,False,False,True,True,True,1-circle,-1.000000,166.582250,19182.174033,1.871377,0.953068,100.000000,100.000000,0.000000,0.000000,2,4,4,0.0000,0.0000,0.0000,0.5000,"Accelerate",-0.279014
310,A0100,pursuit_chase_v1,UNKNOWN,13369.552204,21239.304860,11160.695140,4504.224359,-21240.668421,15188.284278,419.457701,22977.404415,572.719585,2092.027700,133.414830,0.061685,False,False,False,False,True,True,True,1-circle,-1.000000,165.668846,19249.972350,1.660238,0.982994,100.000000,100.000000,0.000000,0.000000,2,6,4,0.0000,0.0000,0.0000,0.5000,"PursuitChaseOptimal",0.197676
310,B0100,aggressive,UNKNOWN,13369.552204,21239.304860,11160.695140,4504.224359,-21240.668421,15188.284278,419.457701,22977.404415,572.719585,2092.027700,133.414830,0.061685,False,False,False,False,True,True,True,1-circle,-1.000000,165.668846,19249.972350,1.660238,0.982994,100.000000,100.000000,0.000000,0.000000,2,4,4,0.0000,0.0000,0.0000,0.5000,"Accelerate",-0.289087
311,A0100,pursuit_chase_v1,UNKNOWN,13369.552204,21239.304860,11160.695140,4504.224359,-21240.668421,15188.284278,419.457701,22977.404415,572.719585,2092.027700,133.414830,0.061685,False,False,False,False,True,True,True,1-circle,-1.000000,165.668846,19249.972350,1.660238,0.982994,100.000000,100.000000,0.000000,0.000000,2,6,4,0.0000,0.0000,0.0000,0.5000,"PursuitChaseOptimal",0.195984
311,B0100,aggressive,UNKNOWN,13369.552204,21239.304860,11160.695140,4504.224359,-21240.668421,15188.284278,419.457701,22977.404415,572.719585,2092.027700,133.414830,0.061685,False,False,False,False,True,True,True,1-circle,-1.000000,165.668846,19249.972350,1.660238,0.982994,100.000000,100.000000,0.000000,0.000000,2,4,4,0.0000,0.0000,0.0000,0.5000,"Accelerate",-0.280556
312,A0100,pursuit_chase_v1,UNKNOWN,13346.500405,21266.120741,11133.879259,4786.694594,-21267.319286,15187.820734,420.258791,23006.720959,586.330888,2157.792264,139.534374,0.053637,False,False,False,False,True,True,True,1-circle,-1.000000,164.410748,19330.942723,1.446320,0.660068,100.000000,100.000000,0.000000,0.000000,2,6,4,0.0000,0.0000,0.0000,0.5000,"PursuitChaseOptimal",0.191503
312,B0100,aggressive,UNKNOWN,13346.500405,21266.120741,11133.879259,4786.694594,-21267.319286,15187.820734,420.258791,23006.720959,586.330888,2157.792264,139.534374,0.053637,False,False,False,False,True,True,True,1-circle,-1.000000,164.410748,19330.942723,1.446320,0.660068,100.000000,100.000000,0.000000,0.000000,2,4,4,0.0000,0.0000,0.0000,0.5000,"Accelerate",-0.268641
313,A0100,pursuit_chase_v1,UNKNOWN,13346.500405,21266.120741,11133.879259,4786.694594,-21267.319286,15187.820734,420.258791,23006.720959,586.330888,2157.792264,139.534374,0.053637,False,False,False,False,True,True,True,1-circle,-1.000000,164.410748,19330.942723,1.446320,0.660068,100.000000,100.000000,0.000000,0.000000,2,6,4,0.0000,0.0000,0.0000,0.5000,"PursuitChaseOptimal",0.187078
313,B0100,aggressive,UNKNOWN,13346.500405,21266.120741,11133.879259,4786.694594,-21267.319286,15187.820734,420.258791,23006.720959,586.330888,2157.792264,139.534374,0.053637,False,False,False,False,True,True,True,1-circle,-1.000000,164.410748,19330.942723,1.446320,0.660068,100.000000,100.000000,0.000000,0.000000,2,4,4,0.0000,0.0000,0.0000,0.5000,"Accelerate",-0.257447
314,A0100,pursuit_chase_v1,UNKNOWN,13322.496060,21293.952022,11106.047978,5034.316144,-21295.118738,15187.403233,421.068710,23036.469555,594.971922,2208.677155,144.707808,0.045380,False,False,False,False,True,True,True,1-circle,-1.000000,162.944420,19429.611376,1.225973,0.258813,100.000000,100.000000,0.000000,0.000000,2,5,4,0.0000,0.0000,0.0000,0.5000,"PursuitChaseOptimal",0.182341
314,B0100,aggressive,UNKNOWN,13322.496060,21293.952022,11106.047978,5034.316144,-21295.118738,15187.403233,421.068710,23036.469555,594.971922,2208.677155,144.707808,0.045380,False,False,False,False,True,True,True,1-circle,-1.000000,162.944420,19429.611376,1.225973,0.258813,100.000000,100.000000,0.000000,0.000000,2,4,4,0.0000,0.0000,0.0000,0.5000,"Accelerate",-0.246417
315,A0100,pursuit_chase_v1,UNKNOWN,13322.496060,21293.952022,11106.047978,5034.316144,-21295.118738,15187.403233,421.068710,23036.469555,594.971922,2208.677155,144.707808,0.045380,False,False,False,False,True,True,True,1-circle,-1.000000,162.944420,19429.611376,1.225973,0.258813,100.000000,100.000000,0.000000,0.000000,2,5,4,0.0000,0.0000,0.0000,0.5000,"PursuitChaseOptimal",0.181841
315,B0100,aggressive,UNKNOWN,13322.496060,21293.952022,11106.047978,5034.316144,-21295.118738,15187.403233,421.068710,23036.469555,594.971922,2208.677155,144.707808,0.045380,False,False,False,False,True,True,True,1-circle,-1.000000,162.944420,19429.611376,1.225973,0.258813,100.000000,100.000000,0.000000,0.000000,2,4,4,0.0000,0.0000,0.0000,0.5000,"Accelerate",-0.241460
316,A0100,pursuit_chase_v1,UNKNOWN,13297.687630,21322.730027,11077.269973,5252.523871,-21323.986731,15186.965502,421.895308,23066.878979,608.188476,2247.159023,149.122046,0.036906,False,False,False,False,True,True,True,1-circle,-1.000000,161.316082,19550.246307,0.998935,-0.124703,100.000000,100.000000,0.000000,0.000000,2,5,4,0.0000,0.0000,0.0000,0.5000,"PursuitChaseOptimal",0.195181
316,B0100,aggressive,UNKNOWN,13297.687630,21322.730027,11077.269973,5252.523871,-21323.986731,15186.965502,421.895308,23066.878979,608.188476,2247.159023,149.122046,0.036906,False,False,False,False,True,True,True,1-circle,-1.000000,161.316082,19550.246307,0.998935,-0.124703,100.000000,100.000000,0.000000,0.000000,2,4,4,0.0000,0.0000,0.0000,0.5000,"Accelerate",-0.254459
317,A0100,pursuit_chase_v1,UNKNOWN,13297.687630,21322.730027,11077.269973,5252.523871,-21323.986731,15186.965502,421.895308,23066.878979,608.188476,2247.159023,149.122046,0.036906,False,False,False,False,True,True,True,1-circle,-1.000000,161.316082,19550.246307,0.998935,-0.124703,100.000000,100.000000,0.000000,0.000000,2,5,4,0.0000,0.0000,0.0000,0.5000,"PursuitChaseOptimal",0.205729
317,B0100,aggressive,UNKNOWN,13297.687630,21322.730027,11077.269973,5252.523871,-21323.986731,15186.965502,421.895308,23066.878979,608.188476,2247.159023,149.122046,0.036906,False,False,False,False,True,True,True,1-circle,-1.000000,161.316082,19550.246307,0.998935,-0.124703,100.000000,100.000000,0.000000,0.000000,2,4,4,0.0000,0.0000,0.0000,0.5000,"Accelerate",-0.263217
318,A0100,pursuit_chase_v1,UNKNOWN,13272.150755,21352.650429,11047.349571,5476.432747,-21354.023619,15186.462479,422.681290,23095.763524,577.690905,2285.412931,153.390091,0.028271,False,False,False,False,True,True,True,1-circle,-1.000000,159.543270,19699.115653,0.766571,-0.359754,100.000000,100.000000,0.000000,0.000000,2,5,4,0.0000,0.0000,0.0000,0.5000,"PursuitChaseOptimal",0.215212
318,B0100,aggressive,UNKNOWN,13272.150755,21352.650429,11047.349571,5476.432747,-21354.023619,15186.462479,422.681290,23095.763524,577.690905,2285.412931,153.390091,0.028271,False,False,False,False,True,True,True,1-circle,-1.000000,159.543270,19699.115653,0.766571,-0.359754,100.000000,100.000000,0.000000,0.000000,2,4,4,0.0000,0.0000,0.0000,0.5000,"Accelerate",-0.270142
319,A0100,pursuit_chase_v1,UNKNOWN,13272.150755,21352.650429,11047.349571,5476.432747,-21354.023619,15186.462479,422.681290,23095.763524,577.690905,2285.412931,153.390091,0.028271,False,False,False,False,True,True,True,1-circle,-1.000000,159.543270,19699.115653,0.766571,-0.359754,100.000000,100.000000,0.000000,0.000000,2,5,4,0.0000,0.0000,0.0000,0.5000,"PursuitChaseOptimal",0.224384
319,B0100,aggressive,UNKNOWN,13272.150755,21352.650429,11047.349571,5476.432747,-21354.023619,15186.462479,422.681290,23095.763524,577.690905,2285.412931,153.390091,0.028271,False,False,False,False,True,True,True,1-circle,-1.000000,159.543270,19699.115653,0.766571,-0.359754,100.000000,100.000000,0.000000,0.000000,2,4,4,0.0000,0.0000,0.0000,0.5000,"Accelerate",-0.276132
320,A0100,pursuit_chase_v1,UNKNOWN,13245.911588,21382.936713,11017.063287,5705.246104,-21384.445125,15185.901577,423.543139,23127.489711,634.523742,2328.920726,157.425295,0.023175,False,False,False,False,True,True,True,1-circle,-1.000000,157.579050,19902.272630,0.629622,-0.205688,100.000000,100.000000,0.000000,0.000000,2,5,4,0.0000,0.0000,0.0000,0.5000,"PursuitChaseOptimal",0.233650
320,B0100,aggressive,UNKNOWN,13245.911588,21382.936713,11017.063287,5705.246104,-21384.445125,15185.901577,423.543139,23127.489711,634.523742,2328.920726,157.425295,0.023175,False,False,False,False,True,True,True,1-circle,-1.000000,157.579050,19902.272630,0.629622,-0.205688,100.000000,100.000000,0.000000,0.000000,2,4,4,0.0000,0.0000,0.0000,0.5000,"Accelerate",-0.282437
321,A0100,pursuit_chase_v1,UNKNOWN,13245.911588,21382.936713,11017.063287,5705.246104,-21384.445125,15185.901577,423.543139,23127.489711,634.523742,2328.920726,157.425295,0.023175,False,False,False,False,True,True,True,1-circle,-1.000000,157.579050,19902.272630,0.629622,-0.205688,100.000000,100.000000,0.000000,0.000000,2,5,4,0.0000,0.0000,0.0000,0.5000,"PursuitChaseOptimal",0.250360
321,B0100,aggressive,UNKNOWN,13245.911588,21382.936713,11017.063287,5705.246104,-21384.445125,15185.901577,423.543139,23127.489711,634.523742,2328.920726,157.425295,0.023175,False,False,False,False,True,True,True,1-circle,-1.000000,157.579050,19902.272630,0.629622,-0.205688,100.000000,100.000000,0.000000,0.000000,2,4,4,0.0000,0.0000,0.0000,0.5000,"Accelerate",-0.296326
322,A0100,pursuit_chase_v1,UNKNOWN,13219.030538,21418.273350,10981.726650,5935.456596,-21419.786431,15185.260953,424.374753,23158.065842,611.522610,2372.126051,161.058897,0.062171,False,False,False,False,True,True,True,1-circle,-1.000000,155.389610,20369.873302,1.691756,-0.011425,100.000000,100.000000,0.000000,0.000000,2,5,4,0.0000,0.0000,0.0000,0.5000,"PursuitChaseOptimal",0.279325
322,B0100,aggressive,UNKNOWN,13219.030538,21418.273350,10981.726650,5935.456596,-21419.786431,15185.260953,424.374753,23158.065842,611.522610,2372.126051,161.058897,0.062171,False,False,False,False,True,True,True,1-circle,-1.000000,155.389610,20369.873302,1.691756,-0.011425,100.000000,100.000000,0.000000,0.000000,2,4,4,0.0000,0.0000,0.0000,0.5000,"Accelerate",-0.323430
323,A0100,pursuit_chase_v1,UNKNOWN,13219.030538,21418.273350,10981.726650,5935.456596,-21419.786431,15185.260953,424.374753,23158.065842,611.522610,2372.126051,161.058897,0.062171,False,False,False,False,True,True,True,1-circle,-1.000000,155.389610,20369.873302,1.691756,-0.011425,100.000000,100.000000,0.000000,0.000000,2,5,4,0.0000,0.0000,0.0000,0.5000,"PursuitChaseOptimal",0.310298
323,B0100,aggressive,UNKNOWN,13219.030538,21418.273350,10981.726650,5935.456596,-21419.786431,15185.260953,424.374753,23158.065842,611.522610,2372.126051,161.058897,0.062171,False,False,False,False,True,True,True,1-circle,-1.000000,155.389610,20369.873302,1.691756,-0.011425,100.000000,100.000000,0.000000,0.000000,2,4,4,0.0000,0.0000,0.0000,0.5000,"Accelerate",-0.351132
324,A0100,pursuit_chase_v1,UNKNOWN,13191.514169,21452.829370,10947.170630,6198.806383,-21454.169254,15184.691912,425.120767,23185.552442,549.732007,2422.773787,164.857069,0.064982,False,False,False,False,True,True,True,1-circle,-1.000000,152.769235,20722.803585,1.771121,0.161916,100.000000,100.000000,0.000000,0.000000,2,5,4,0.0000,0.0000,0.0000,0.5000,"PursuitChaseOptimal",0.344529
324,B0100,aggressive,UNKNOWN,13191.514169,21452.829370,10947.170630,6198.806383,-21454.169254,15184.691912,425.120767,23185.552442,549.732007,2422.773787,164.857069,0.064982,False,False,False,False,True,True,True,1-circle,-1.000000,152.769235,20722.803585,1.771121,0.161916,100.000000,100.000000,0.000000,0.000000,2,4,4,0.0000,0.0000,0.0000,0.5000,"Accelerate",-0.380438
325,A0100,pursuit_chase_v1,UNKNOWN,13191.514169,21452.829370,10947.170630,6198.806383,-21454.169254,15184.691912,425.120767,23185.552442,549.732007,2422.773787,164.857069,0.064982,False,False,False,False,True,True,True,1-circle,-1.000000,152.769235,20722.803585,1.771121,0.161916,100.000000,100.000000,0.000000,0.000000,2,5,4,0.0000,0.0000,0.0000,0.5000,"PursuitChaseOptimal",0.370278
325,B0100,aggressive,UNKNOWN,13191.514169,21452.829370,10947.170630,6198.806383,-21454.169254,15184.691912,425.120767,23185.552442,549.732007,2422.773787,164.857069,0.064982,False,False,False,False,True,True,True,1-circle,-1.000000,152.769235,20722.803585,1.771121,0.161916,100.000000,100.000000,0.000000,0.000000,2,4,4,0.0000,0.0000,0.0000,0.5000,"Accelerate",-0.398622
326,A0100,pursuit_chase_v1,UNKNOWN,13163.366007,21489.753893,10910.246107,6487.715792,-21490.980564,15184.172438,425.916652,23215.018435,589.319863,2486.866715,168.472780,0.056619,False,False,False,False,True,True,True,1-circle,-1.000000,149.768335,21113.771392,1.546028,0.322715,100.000000,100.000000,0.000000,0.000000,2,5,4,0.0000,0.0000,0.0000,0.5000,"PursuitChaseOptimal",0.374119
326,B0100,aggressive,UNKNOWN,13163.366007,21489.753893,10910.246107,6487.715792,-21490.980564,15184.172438,425.916652,23215.018435,589.319863,2486.866715,168.472780,0.056619,False,False,False,False,True,True,True,1-circle,-1.000000,149.768335,21113.771392,1.546028,0.322715,100.000000,100.000000,0.000000,0.000000,2,4,4,0.0000,0.0000,0.0000,0.5000,"Accelerate",-0.392868
327,A0100,pursuit_chase_v1,UNKNOWN,13163.366007,21489.753893,10910.246107,6487.715792,-21490.980564,15184.172438,425.916652,23215.018435,589.319863,2486.866715,168.472780,0.056619,False,False,False,False,True,True,True,1-circle,-1.000000,149.768335,21113.771392,1.546028,0.322715,100.000000,100.000000,0.000000,0.000000,2,5,4,0.0000,0.0000,0.0000,0.5000,"PursuitChaseOptimal",0.371642
327,B0100,aggressive,UNKNOWN,13163.366007,21489.753893,10910.246107,6487.715792,-21490.980564,15184.172438,425.916652,23215.018435,589.319863,2486.866715,168.472780,0.056619,False,False,False,False,True,True,True,1-circle,-1.000000,149.768335,21113.771392,1.546028,0.322715,100.000000,100.000000,0.000000,0.000000,2,4,4,0.0000,0.0000,0.0000,0.5000,"Accelerate",-0.381138
328,A0100,pursuit_chase_v1,UNKNOWN,13134.655274,21528.526581,10871.473419,6754.054003,-21529.604284,15183.708962,426.702996,23244.236081,584.352907,2540.597392,171.456479,0.048069,False,False,False,False,True,True,True,1-circle,-1.000000,146.463974,21643.867177,1.314930,0.474329,100.000000,100.000000,0.000000,0.000000,2,5,4,0.0000,0.0000,0.0000,0.5000,"PursuitChaseOptimal",0.368658
328,B0100,aggressive,UNKNOWN,13134.655274,21528.526581,10871.473419,6754.054003,-21529.604284,15183.708962,426.702996,23244.236081,584.352907,2540.597392,171.456479,0.048069,False,False,False,False,True,True,True,1-circle,-1.000000,146.463974,21643.867177,1.314930,0.474329,100.000000,100.000000,0.000000,0.000000,2,4,4,0.0000,0.0000,0.0000,0.5000,"Accelerate",-0.369688
329,A0100,pursuit_chase_v1,UNKNOWN,13134.655274,21528.526581,10871.473419,6754.054003,-21529.604284,15183.708962,426.702996,23244.236081,584.352907,2540.597392,171.456479,0.048069,False,False,False,False,True,True,True,1-circle,-1.000000,146.463974,21643.867177,1.314930,0.474329,100.000000,100.000000,0.000000,0.000000,2,5,4,0.0000,0.0000,0.0000,0.5000,"PursuitChaseOptimal",0.364717
329,B0100,aggressive,UNKNOWN,13134.655274,21528.526581,10871.473419,6754.054003,-21529.604284,15183.708962,426.702996,23244.236081,584.352907,2540.597392,171.456479,0.048069,False,False,False,False,True,True,True,1-circle,-1.000000,146.463974,21643.867177,1.314930,0.474329,100.000000,100.000000,0.000000,0.000000,2,4,4,0.0000,0.0000,0.0000,0.5000,"Accelerate",-0.358053
330,A0100,pursuit_chase_v1,UNKNOWN,13105.497332,21568.659832,10831.340168,6985.930432,-21569.632165,15183.308201,427.475828,23273.059708,576.472553,2578.090064,173.796263,0.039701,False,False,False,False,True,True,True,1-circle,-1.000000,142.881862,22387.206347,1.087922,0.488848,100.000000,100.000000,0.000000,0.000000,2,5,4,0.0000,0.0000,0.0000,0.5000,"PursuitChaseOptimal",0.368405
330,B0100,aggressive,UNKNOWN,13105.497332,21568.659832,10831.340168,6985.930432,-21569.632165,15183.308201,427.475828,23273.059708,576.472553,2578.090064,173.796263,0.039701,False,False,False,False,True,True,True,1-circle,-1.000000,142.881862,22387.206347,1.087922,0.488848,100.000000,100.000000,0.000000,0.000000,2,4,4,0.0000,0.0000,0.0000,0.5000,"Accelerate",-0.354343
331,A0100,pursuit_chase_v1,UNKNOWN,13105.497332,21568.659832,10831.340168,6985.930432,-21569.632165,15183.308201,427.475828,23273.059708,576.472553,2578.090064,173.796263,0.039701,False,False,False,False,True,True,True,1-circle,-1.000000,142.881862,22387.206347,1.087922,0.488848,100.000000,100.000000,0.000000,0.000000,2,5,4,0.0000,0.0000,0.0000,0.5000,"PursuitChaseOptimal",0.400230
331,B0100,aggressive,UNKNOWN,13105.497332,21568.659832,10831.340168,6985.930432,-21569.632165,15183.308201,427.475828,23273.059708,576.472553,2578.090064,173.796263,0.039701,False,False,False,False,True,True,True,1-circle,-1.000000,142.881862,22387.206347,1.087922,0.488848,100.000000,100.000000,0.000000,0.000000,2,4,4,0.0000,0.0000,0.0000,0.5000,"Accelerate",-0.376901
332,A0100,pursuit_chase_v1,UNKNOWN,13075.985088,21609.929312,10790.070688,7203.923931,-21610.883509,15182.926296,428.274852,23302.948306,597.771952,2610.381182,175.712300,0.031304,False,False,False,False,True,True,True,1-circle,-1.000000,139.041431,23467.877651,0.859364,0.135897,100.000000,100.000000,0.000000,0.000000,2,5,4,0.0000,0.0000,0.0000,0.5000,"PursuitChaseOptimal",0.427267
332,B0100,aggressive,UNKNOWN,13075.985088,21609.929312,10790.070688,7203.923931,-21610.883509,15182.926296,428.274852,23302.948306,597.771952,2610.381182,175.712300,0.031304,False,False,False,False,True,True,True,1-circle,-1.000000,139.041431,23467.877651,0.859364,0.135897,100.000000,100.000000,0.000000,0.000000,2,4,4,0.0000,0.0000,0.0000,0.5000,"Accelerate",-0.393785
333,A0100,pursuit_chase_v1,UNKNOWN,13075.985088,21609.929312,10790.070688,7203.923931,-21610.883509,15182.926296,428.274852,23302.948306,597.771952,2610.381182,175.712300,0.031304,False,False,False,False,True,True,True,1-circle,-1.000000,139.041431,23467.877651,0.859364,0.135897,100.000000,100.000000,0.000000,0.000000,2,5,4,0.0000,0.0000,0.0000,0.5000,"PursuitChaseOptimal",0.465075
333,B0100,aggressive,UNKNOWN,13075.985088,21609.929312,10790.070688,7203.923931,-21610.883509,15182.926296,428.274852,23302.948306,597.771952,2610.381182,175.712300,0.031304,False,False,False,False,True,True,True,1-circle,-1.000000,139.041431,23467.877651,0.859364,0.135897,100.000000,100.000000,0.000000,0.000000,2,4,4,0.0000,0.0000,0.0000,0.5000,"Accelerate",-0.419208
334,A0100,pursuit_chase_v1,UNKNOWN,13046.171097,21652.414000,10747.586000,7434.225307,-21653.450665,15182.508985,429.081007,23333.128891,603.611695,2647.852669,177.358614,0.022720,False,False,False,False,True,True,True,1-circle,-1.000000,134.965257,25114.127210,0.624849,-0.240839,100.000000,100.000000,0.000000,0.000000,2,5,4,0.0000,0.0000,0.0000,0.5000,"PursuitChaseOptimal",0.526259
334,B0100,aggressive,UNKNOWN,13046.171097,21652.414000,10747.586000,7434.225307,-21653.450665,15182.508985,429.081007,23333.128891,603.611695,2647.852669,177.358614,0.022720,False,False,False,False,True,True,True,1-circle,-1.000000,134.965257,25114.127210,0.624849,-0.240839,100.000000,100.000000,0.000000,0.000000,2,4,4,0.0000,0.0000,0.0000,0.5000,"Accelerate",-0.463294
335,A0100,pursuit_chase_v1,UNKNOWN,13046.171097,21652.414000,10747.586000,7434.225307,-21653.450665,15182.508985,429.081007,23333.128891,603.611695,2647.852669,177.358614,0.022720,False,False,False,False,True,True,True,1-circle,-1.000000,134.965257,25114.127210,0.624849,-0.240839,100.000000,100.000000,0.000000,0.000000,2,5,4,0.0000,0.0000,0.0000,0.5000,"PursuitChaseOptimal",0.593912
335,B0100,aggressive,UNKNOWN,13046.171097,21652.414000,10747.586000,7434.225307,-21653.450665,15182.508985,429.081007,23333.128891,603.611695,2647.852669,177.358614,0.022720,False,False,False,False,True,True,True,1-circle,-1.000000,134.965257,25114.127210,0.624849,-0.240839,100.000000,100.000000,0.000000,0.000000,2,4,4,0.0000,0.0000,0.0000,0.5000,"Accelerate",-0.509827
336,A0100,pursuit_chase_v1,UNKNOWN,13016.100399,21695.368420,10704.631580,7695.539337,-21696.631701,15181.995814,429.928549,23364.846520,634.352596,2700.210478,178.775336,0.017639,False,False,False,False,True,True,True,1-circle,-1.000000,130.674073,27726.918544,0.486029,-0.595260,100.000000,100.000000,0.000000,0.000000,2,5,4,0.0000,0.0000,0.0000,0.5000,"PursuitChaseOptimal",0.671121
336,B0100,aggressive,UNKNOWN,13016.100399,21695.368420,10704.631580,7695.539337,-21696.631701,15181.995814,429.928549,23364.846520,634.352596,2700.210478,178.775336,0.017639,False,False,False,False,True,True,True,1-circle,-1.000000,130.674073,27726.918544,0.486029,-0.595260,100.000000,100.000000,0.000000,0.000000,2,4,4,0.0000,0.0000,0.0000,0.5000,"Accelerate",-0.561498
337,A0100,pursuit_chase_v1,UNKNOWN,13016.100399,21695.368420,10704.631580,7695.539337,-21696.631701,15181.995814,429.928549,23364.846520,634.352596,2700.210478,178.775336,0.017639,False,False,False,False,True,True,True,1-circle,-1.000000,130.674073,27726.918544,0.486029,-0.595260,100.000000,100.000000,0.000000,0.000000,2,5,4,0.0000,0.0000,0.0000,0.5000,"PursuitChaseOptimal",0.736934
337,B0100,aggressive,UNKNOWN,13016.100399,21695.368420,10704.631580,7695.539337,-21696.631701,15181.995814,429.928549,23364.846520,634.352596,2700.210478,178.775336,0.017639,False,False,False,False,True,True,True,1-circle,-1.000000,130.674073,27726.918544,0.486029,-0.595260,100.000000,100.000000,0.000000,0.000000,2,4,4,0.0000,0.0000,0.0000,0.5000,"Accelerate",-0.600486
338,A0100,pursuit_chase_v1,UNKNOWN,12985.841939,21744.688887,10655.311113,7976.835255,-21746.507698,15181.231175,430.920900,23401.900398,741.077557,2771.640991,179.527821,0.084780,False,False,False,False,True,True,True,1-circle,-1.000000,126.364026,32002.153710,2.339797,-0.794722,100.000000,100.000000,0.000000,0.000000,2,5,4,0.0000,0.0000,0.0000,0.5000,"PursuitChaseOptimal",0.761741
338,B0100,aggressive,UNKNOWN,12985.841939,21744.688887,10655.311113,7976.835255,-21746.507698,15181.231175,430.920900,23401.900398,741.077557,2771.640991,179.527821,0.084780,False,False,False,False,True,True,True,1-circle,-1.000000,126.364026,32002.153710,2.339797,-0.794722,100.000000,100.000000,0.000000,0.000000,2,4,4,0.0000,0.0000,0.0000,0.5000,"Accelerate",-0.604288
339,A0100,pursuit_chase_v1,UNKNOWN,12985.841939,21744.688887,10655.311113,7976.835255,-21746.507698,15181.231175,430.920900,23401.900398,741.077557,2771.640991,179.527821,0.084780,False,False,False,False,True,True,True,1-circle,-1.000000,126.364026,32002.153710,2.339797,-0.794722,100.000000,100.000000,0.000000,0.000000,2,5,4,0.0000,0.0000,0.0000,0.5000,"PursuitChaseOptimal",0.771803
339,B0100,aggressive,UNKNOWN,12985.841939,21744.688887,10655.311113,7976.835255,-21746.507698,15181.231175,430.920900,23401.900398,741.077557,2771.640991,179.527821,0.084780,False,False,False,False,True,True,True,1-circle,-1.000000,126.364026,32002.153710,2.339797,-0.794722,100.000000,100.000000,0.000000,0.000000,2,4,4,0.0000,0.0000,0.0000,0.5000,"Accelerate",-0.597588
340,A0100,pursuit_chase_v1,UNKNOWN,12955.480301,21790.145792,10609.854208,8244.005703,-21792.032277,15180.262439,431.730999,23431.869217,599.376374,2823.879009,180.125076,0.041938,False,False,False,False,True,True,True,1-circle,-1.000000,122.074383,-28391.629577,1.159945,-0.599787,100.000000,100.000000,0.000000,0.000000,2,5,4,0.0000,0.0000,0.0000,0.5000,"PursuitChaseOptimal",0.779476
340,B0100,aggressive,UNKNOWN,12955.480301,21790.145792,10609.854208,8244.005703,-21792.032277,15180.262439,431.730999,23431.869217,599.376374,2823.879009,180.125076,0.041938,False,False,False,False,True,True,True,1-circle,-1.000000,122.074383,-28391.629577,1.159945,-0.599787,100.000000,100.000000,0.000000,0.000000,2,4,4,0.0000,0.0000,0.0000,0.5000,"Accelerate",-0.590206
341,A0100,pursuit_chase_v1,UNKNOWN,12955.480301,21790.145792,10609.854208,8244.005703,-21792.032277,15180.262439,431.730999,23431.869217,599.376374,2823.879009,180.125076,0.041938,False,False,False,False,True,True,True,1-circle,-1.000000,122.074383,-28391.629577,1.159945,-0.599787,100.000000,100.000000,0.000000,0.000000,2,5,4,0.0000,0.0000,0.0000,0.5000,"PursuitChaseOptimal",0.784064
341,B0100,aggressive,UNKNOWN,12955.480301,21790.145792,10609.854208,8244.005703,-21792.032277,15180.262439,431.730999,23431.869217,599.376374,2823.879009,180.125076,0.041938,False,False,False,False,True,True,True,1-circle,-1.000000,122.074383,-28391.629577,1.159945,-0.599787,100.000000,100.000000,0.000000,0.000000,2,4,4,0.0000,0.0000,0.0000,0.5000,"Accelerate",-0.582325
342,A0100,pursuit_chase_v1,UNKNOWN,12925.051724,21838.867990,10561.132010,8475.679116,-21840.758347,15179.301864,432.536105,23461.713061,596.876889,2860.582732,180.209279,0.027464,False,False,False,False,True,True,True,1-circle,-1.000000,117.617791,-24958.168497,-0.760993,-0.402550,100.000000,100.000000,0.000000,0.000000,2,4,4,0.0000,0.0000,0.0000,0.5000,"PursuitChaseOptimal",0.828191
342,B0100,aggressive,UNKNOWN,12925.051724,21838.867990,10561.132010,8475.679116,-21840.758347,15179.301864,432.536105,23461.713061,596.876889,2860.582732,180.209279,0.027464,False,False,False,False,True,True,True,1-circle,-1.000000,117.617791,-24958.168497,-0.760993,-0.402550,100.000000,100.000000,0.000000,0.000000,2,4,4,0.0000,0.0000,0.0000,0.5000,"Accelerate",-0.603562
343,A0100,pursuit_chase_v1,UNKNOWN,12925.051724,21838.867990,10561.132010,8475.679116,-21840.758347,15179.301864,432.536105,23461.713061,596.876889,2860.582732,180.209279,0.027464,False,False,False,False,True,True,True,1-circle,-1.000000,117.617791,-24958.168497,-0.760993,-0.402550,100.000000,100.000000,0.000000,0.000000,2,4,4,0.0000,0.0000,0.0000,0.5000,"PursuitChaseOptimal",0.950931
343,B0100,aggressive,UNKNOWN,12925.051724,21838.867990,10561.132010,8475.679116,-21840.758347,15179.301864,432.536105,23461.713061,596.876889,2860.582732,180.209279,0.027464,False,False,False,False,True,True,True,1-circle,-1.000000,117.617791,-24958.168497,-0.760993,-0.402550,100.000000,100.000000,0.000000,0.000000,2,4,4,0.0000,0.0000,0.0000,0.5000,"Accelerate",-0.679790
344,A0100,pursuit_chase_v1,UNKNOWN,12894.678724,21892.491802,10507.508198,8700.769320,-21894.932531,15178.163692,433.609750,23501.743266,800.604097,2910.486266,179.606576,0.040640,False,False,False,False,True,True,True,1-circle,-1.000000,113.144308,-22130.039912,1.128651,-0.565977,100.000000,100.000000,0.000000,0.000000,2,4,4,0.0000,0.0000,0.0000,0.5000,"PursuitChaseOptimal",1.087508
344,B0100,aggressive,UNKNOWN,12894.678724,21892.491802,10507.508198,8700.769320,-21894.932531,15178.163692,433.609750,23501.743266,800.604097,2910.486266,179.606576,0.040640,False,False,False,False,True,True,True,1-circle,-1.000000,113.144308,-22130.039912,1.128651,-0.565977,100.000000,100.000000,0.000000,0.000000,2,4,4,0.0000,0.0000,0.0000,0.5000,"Accelerate",-0.763079
345,A0100,pursuit_chase_v1,UNKNOWN,12894.678724,21892.491802,10507.508198,8700.769320,-21894.932531,15178.163692,433.609750,23501.743266,800.604097,2910.486266,179.606576,0.040640,False,False,False,False,True,True,True,1-circle,-1.000000,113.144308,-22130.039912,1.128651,-0.565977,100.000000,100.000000,0.000000,0.000000,2,4,4,0.0000,0.0000,0.0000,0.5000,"PursuitChaseOptimal",1.243655
345,B0100,aggressive,UNKNOWN,12894.678724,21892.491802,10507.508198,8700.769320,-21894.932531,15178.163692,433.609750,23501.743266,800.604097,2910.486266,179.606576,0.040640,False,False,False,False,True,True,True,1-circle,-1.000000,113.144308,-22130.039912,1.128651,-0.565977,100.000000,100.000000,0.000000,0.000000,2,4,4,0.0000,0.0000,0.0000,0.5000,"Accelerate",-0.856754
346,A0100,pursuit_chase_v1,UNKNOWN,12864.446798,21947.301414,10452.698586,8960.265851,-21949.898344,15176.800785,434.488427,23534.148731,648.109296,2964.510957,178.644439,0.092602,False,False,False,False,True,True,True,1-circle,-1.000000,108.732220,-20286.031184,2.575173,-0.584592,100.000000,100.000000,0.000000,0.000000,2,4,4,0.0000,0.0000,0.0000,0.5000,"PursuitChaseOptimal",1.425782
346,B0100,aggressive,UNKNOWN,12864.446798,21947.301414,10452.698586,8960.265851,-21949.898344,15176.800785,434.488427,23534.148731,648.109296,2964.510957,178.644439,0.092602,False,False,False,False,True,True,True,1-circle,-1.000000,108.732220,-20286.031184,2.575173,-0.584592,100.000000,100.000000,0.000000,0.000000,2,4,4,0.0000,0.0000,0.0000,0.5000,"Accelerate",-0.966661
347,A0100,pursuit_chase_v1,UNKNOWN,12864.446798,21947.301414,10452.698586,8960.265851,-21949.898344,15176.800785,434.488427,23534.148731,648.109296,2964.510957,178.644439,0.092602,False,False,False,False,True,True,True,1-circle,-1.000000,108.732220,-20286.031184,2.575173,-0.584592,100.000000,100.000000,0.000000,0.000000,2,4,4,0.0000,0.0000,0.0000,0.5000,"PursuitChaseOptimal",1.640598
347,B0100,aggressive,UNKNOWN,12864.446798,21947.301414,10452.698586,8960.265851,-21949.898344,15176.800785,434.488427,23534.148731,648.109296,2964.510957,178.644439,0.092602,False,False,False,False,True,True,True,1-circle,-1.000000,108.732220,-20286.031184,2.575173,-0.584592,100.000000,100.000000,0.000000,0.000000,2,4,4,0.0000,0.0000,0.0000,0.5000,"Accelerate",-1.098575
348,A0100,pursuit_chase_v1,UNKNOWN,12834.397258,22001.040076,10398.959924,9251.481267,-22003.197140,15175.479126,435.101376,23556.423771,445.500792,3016.240170,177.389165,0.007297,False,False,False,False,True,True,True,1-circle,-1.000000,104.241365,-19734.164715,-0.203337,-0.408871,100.000000,100.000000,0.000000,0.000000,2,4,4,0.0000,0.0000,0.0000,0.5000,"PursuitChaseOptimal",1.894434
348,B0100,aggressive,UNKNOWN,12834.397258,22001.040076,10398.959924,9251.481267,-22003.197140,15175.479126,435.101376,23556.423771,445.500792,3016.240170,177.389165,0.007297,False,False,False,False,True,True,True,1-circle,-1.000000,104.241365,-19734.164715,-0.203337,-0.408871,100.000000,100.000000,0.000000,0.000000,2,4,4,0.0000,0.0000,0.0000,0.5000,"Accelerate",-1.259271
349,A0100,pursuit_chase_v1,UNKNOWN,12834.397258,22001.040076,10398.959924,9251.481267,-22003.197140,15175.479126,435.101376,23556.423771,445.500792,3016.240170,177.389165,0.007297,False,False,False,False,True,True,True,1-circle,-1.000000,104.241365,-19734.164715,-0.203337,-0.408871,100.000000,100.000000,0.000000,0.000000,2,4,4,0.0000,0.0000,0.0000,0.5000,"PursuitChaseOptimal",2.192560
349,B0100,aggressive,UNKNOWN,12834.397258,22001.040076,10398.959924,9251.481267,-22003.197140,15175.479126,435.101376,23556.423771,445.500792,3016.240170,177.389165,0.007297,False,False,False,False,True,True,True,1-circle,-1.000000,104.241365,-19734.164715,-0.203337,-0.408871,100.000000,100.000000,0.000000,0.000000,2,4,4,0.0000,0.0000,0.0000,0.5000,"Accelerate",-1.459677
350,A0100,pursuit_chase_v1,UNKNOWN,12804.616619,22057.320875,10342.679125,9558.453145,-22059.308618,15174.317941,435.800937,23582.234209,516.208775,3083.427439,175.392661,0.083895,False,False,False,False,True,True,True,1-circle,-1.000000,99.765401,-19386.581638,-2.339867,-0.381061,100.000000,100.000000,0.000000,0.000000,2,4,4,0.0000,0.0000,0.0000,0.5000,"PursuitChaseOptimal",2.433662
350,B0100,aggressive,UNKNOWN,12804.616619,22057.320875,10342.679125,9558.453145,-22059.308618,15174.317941,435.800937,23582.234209,516.208775,3083.427439,175.392661,0.083895,False,False,False,False,True,True,True,1-circle,-1.000000,99.765401,-19386.581638,-2.339867,-0.381061,100.000000,100.000000,0.000000,0.000000,2,4,4,0.0000,0.0000,0.0000,0.5000,"Accelerate",-1.642778
351,A0100,pursuit_chase_v1,UNKNOWN,12804.616619,22057.320875,10342.679125,9558.453145,-22059.308618,15174.317941,435.800937,23582.234209,516.208775,3083.427439,175.392661,0.083895,False,False,False,False,True,True,True,1-circle,-1.000000,99.765401,-19386.581638,-2.339867,-0.381061,100.000000,100.000000,0.000000,0.000000,2,4,4,0.0000,0.0000,0.0000,0.5000,"PursuitChaseOptimal",2.635729
351,B0100,aggressive,UNKNOWN,12804.616619,22057.320875,10342.679125,9558.453145,-22059.308618,15174.317941,435.800937,23582.234209,516.208775,3083.427439,175.392661,0.083895,False,False,False,False,True,True,True,1-circle,-1.000000,99.765401,-19386.581638,-2.339867,-0.381061,100.000000,100.000000,0.000000,0.000000,2,4,4,0.0000,0.0000,0.0000,0.5000,"Accelerate",-1.834699
352,A0100,pursuit_chase_v1,UNKNOWN,12775.272688,22118.988629,10281.011371,9846.805501,-22121.355520,15173.060261,436.789920,23619.180764,738.931082,3168.539364,172.457492,0.025534,False,False,False,False,True,True,True,1-circle,-1.000000,95.855031,-18574.570932,-0.714023,-0.712126,100.000000,100.000000,0.000000,0.000000,2,4,4,0.0000,0.0000,0.0000,0.5000,"PursuitChaseOptimal",2.741880
352,B0100,aggressive,UNKNOWN,12775.272688,22118.988629,10281.011371,9846.805501,-22121.355520,15173.060261,436.789920,23619.180764,738.931082,3168.539364,172.457492,0.025534,False,False,False,False,True,True,True,1-circle,-1.000000,95.855031,-18574.570932,-0.714023,-0.712126,100.000000,100.000000,0.000000,0.000000,2,4,4,0.0000,0.0000,0.0000,0.5000,"Accelerate",-2.011084
353,A0100,pursuit_chase_v1,UNKNOWN,12775.272688,22118.988629,10281.011371,9846.805501,-22121.355520,15173.060261,436.789920,23619.180764,738.931082,3168.539364,172.457492,0.025534,False,False,False,False,True,True,True,1-circle,-1.000000,95.855031,-18574.570932,-0.714023,-0.712126,100.000000,100.000000,0.000000,0.000000,2,4,4,0.0000,0.0000,0.0000,0.5000,"PursuitChaseOptimal",2.593113
353,B0100,aggressive,UNKNOWN,12775.272688,22118.988629,10281.011371,9846.805501,-22121.355520,15173.060261,436.789920,23619.180764,738.931082,3168.539364,172.457492,0.025534,False,False,False,False,True,True,True,1-circle,-1.000000,95.855031,-18574.570932,-0.714023,-0.712126,100.000000,100.000000,0.000000,0.000000,2,4,4,0.0000,0.0000,0.0000,0.5000,"Accelerate",-2.050376
354,A0100,pursuit_chase_v1,UNKNOWN,12746.468337,22180.608113,10219.391887,10100.387101,-22183.606628,15171.546075,437.844080,23658.483952,786.063771,3251.952543,169.128440,0.066909,False,False,False,False,True,True,True,1-circle,-1.000000,92.947619,-17737.949212,1.874676,-1.050899,100.000000,100.000000,0.000000,0.000000,2,8,4,0.0000,0.0000,0.0000,0.5000,"PursuitChaseOptimal",2.096411
354,B0100,aggressive,UNKNOWN,12746.468337,22180.608113,10219.391887,10100.387101,-22183.606628,15171.546075,437.844080,23658.483952,786.063771,3251.952543,169.128440,0.066909,False,False,False,False,True,True,True,1-circle,-1.000000,92.947619,-17737.949212,1.874676,-1.050899,100.000000,100.000000,0.000000,0.000000,2,4,4,0.0000,0.0000,0.0000,0.5000,"Accelerate",-1.812498
355,A0100,pursuit_chase_v1,UNKNOWN,12746.468337,22180.608113,10219.391887,10100.387101,-22183.606628,15171.546075,437.844080,23658.483952,786.063771,3251.952543,169.128440,0.066909,False,False,False,False,True,True,True,1-circle,-1.000000,92.947619,-17737.949212,1.874676,-1.050899,100.000000,100.000000,0.000000,0.000000,2,8,4,0.0000,0.0000,0.0000,0.5000,"PursuitChaseOptimal",0.874163
355,B0100,aggressive,UNKNOWN,12746.468337,22180.608113,10219.391887,10100.387101,-22183.606628,15171.546075,437.844080,23658.483952,786.063771,3251.952543,169.128440,0.066909,False,False,False,False,True,True,True,1-circle,-1.000000,92.947619,-17737.949212,1.874676,-1.050899,100.000000,100.000000,0.000000,0.000000,2,4,4,0.0000,0.0000,0.0000,0.5000,"Accelerate",-0.812302
356,A0100,pursuit_chase_v1,UNKNOWN,12718.264002,22245.816563,10154.183437,10303.101551,-22249.071374,15169.797857,438.712778,23690.445880,639.238548,3315.423323,165.606343,0.117248,False,False,False,False,True,True,True,1-circle,-1.000000,91.236791,-17217.863716,3.288705,-1.004943,100.000000,100.000000,0.000000,0.000000,2,0,4,0.0000,0.0000,0.0000,0.5000,"PursuitChaseOptimal",-0.621280
356,B0100,aggressive,UNKNOWN,12718.264002,22245.816563,10154.183437,10303.101551,-22249.071374,15169.797857,438.712778,23690.445880,639.238548,3315.423323,165.606343,0.117248,False,False,False,False,True,True,True,1-circle,-1.000000,91.236791,-17217.863716,3.288705,-1.004943,100.000000,100.000000,0.000000,0.000000,2,4,4,0.0000,0.0000,0.0000,0.5000,"Accelerate",0.573458
357,A0100,pursuit_chase_v1,UNKNOWN,12718.264002,22245.816563,10154.183437,10303.101551,-22249.071374,15169.797857,438.712778,23690.445880,639.238548,3315.423323,165.606343,0.117248,False,False,False,False,True,True,True,1-circle,-1.000000,91.236791,-17217.863716,3.288705,-1.004943,100.000000,100.000000,0.000000,0.000000,2,0,4,0.0000,0.0000,0.0000,0.5000,"PursuitChaseOptimal",-1.732825
357,B0100,aggressive,UNKNOWN,12718.264002,22245.816563,10154.183437,10303.101551,-22249.071374,15169.797857,438.712778,23690.445880,639.238548,3315.423323,165.606343,0.117248,False,False,False,False,True,True,True,1-circle,-1.000000,91.236791,-17217.863716,3.288705,-1.004943,100.000000,100.000000,0.000000,0.000000,2,4,4,0.0000,0.0000,0.0000,0.5000,"Accelerate",1.518293
358,A0100,pursuit_chase_v1,UNKNOWN,12690.653899,22310.286722,10089.713278,10494.819130,-22313.164065,15168.082554,439.316626,23712.202526,435.132920,3362.631310,162.004872,0.015335,False,False,False,False,True,True,True,1-circle,-1.000000,90.523981,-17537.499354,0.431152,-0.807767,100.000000,100.000000,0.000000,0.000000,2,4,4,0.0000,0.0000,0.0000,0.5000,"PursuitChaseOptimal",-2.294032
358,B0100,aggressive,UNKNOWN,12690.653899,22310.286722,10089.713278,10494.819130,-22313.164065,15168.082554,439.316626,23712.202526,435.132920,3362.631310,162.004872,0.015335,False,False,False,False,True,True,True,1-circle,-1.000000,90.523981,-17537.499354,0.431152,-0.807767,100.000000,100.000000,0.000000,0.000000,2,4,4,0.0000,0.0000,0.0000,0.5000,"Accelerate",1.853703
359,A0100,pursuit_chase_v1,UNKNOWN,12690.653899,22310.286722,10089.713278,10494.819130,-22313.164065,15168.082554,439.316626,23712.202526,435.132920,3362.631310,162.004872,0.015335,False,False,False,False,True,True,True,1-circle,-1.000000,90.523981,-17537.499354,0.431152,-0.807767,100.000000,100.000000,0.000000,0.000000,2,4,4,0.0000,0.0000,0.0000,0.5000,"PursuitChaseOptimal",-2.413159
359,B0100,aggressive,UNKNOWN,12690.653899,22310.286722,10089.713278,10494.819130,-22313.164065,15168.082554,439.316626,23712.202526,435.132920,3362.631310,162.004872,0.015335,False,False,False,False,True,True,True,1-circle,-1.000000,90.523981,-17537.499354,0.431152,-0.807767,100.000000,100.000000,0.000000,0.000000,2,4,4,0.0000,0.0000,0.0000,0.5000,"Accelerate",1.809960
360,A0100,pursuit_chase_v1,UNKNOWN,12663.721375,22376.344925,10023.655075,10674.147209,-22379.109106,15166.518503,440.030712,23738.437075,524.690990,3428.609699,157.673134,0.060724,False,False,False,False,True,True,True,1-circle,-1.000000,90.945528,-17780.853236,-1.709379,-0.641029,100.000000,100.000000,0.000000,0.000000,2,4,4,0.0000,0.0000,0.0000,0.5000,"PursuitChaseOptimal",-2.167714
360,B0100,aggressive,UNKNOWN,12663.721375,22376.344925,10023.655075,10674.147209,-22379.109106,15166.518503,440.030712,23738.437075,524.690990,3428.609699,157.673134,0.060724,False,False,False,False,True,True,True,1-circle,-1.000000,90.945528,-17780.853236,-1.709379,-0.641029,100.000000,100.000000,0.000000,0.000000,2,4,4,0.0000,0.0000,0.0000,0.5000,"Accelerate",1.539820
361,A0100,pursuit_chase_v1,UNKNOWN,12663.721375,22376.344925,10023.655075,10674.147209,-22379.109106,15166.518503,440.030712,23738.437075,524.690990,3428.609699,157.673134,0.060724,False,False,False,False,True,True,True,1-circle,-1.000000,90.945528,-17780.853236,-1.709379,-0.641029,100.000000,100.000000,0.000000,0.000000,2,4,4,0.0000,0.0000,0.0000,0.5000,"PursuitChaseOptimal",-1.832780
361,B0100,aggressive,UNKNOWN,12663.721375,22376.344925,10023.655075,10674.147209,-22379.109106,15166.518503,440.030712,23738.437075,524.690990,3428.609699,157.673134,0.060724,False,False,False,False,True,True,True,1-circle,-1.000000,90.945528,-17780.853236,-1.709379,-0.641029,100.000000,100.000000,0.000000,0.000000,2,4,4,0.0000,0.0000,0.0000,0.5000,"Accelerate",1.257530
362,A0100,pursuit_chase_v1,UNKNOWN,12637.582216,22446.203024,9953.796976,10804.935767,-22449.484817,15164.871367,440.985215,23774.018241,711.623311,3502.607463,152.956499,0.001838,False,False,False,False,True,True,True,1-circle,-1.000000,92.871871,-17384.335256,-0.051859,-0.827930,100.000000,100.000000,0.000000,0.000000,2,4,4,0.0000,0.0000,0.0000,0.5000,"PursuitChaseOptimal",-1.521997
362,B0100,aggressive,UNKNOWN,12637.582216,22446.203024,9953.796976,10804.935767,-22449.484817,15164.871367,440.985215,23774.018241,711.623311,3502.607463,152.956499,0.001838,False,False,False,False,True,True,True,1-circle,-1.000000,92.871871,-17384.335256,-0.051859,-0.827930,100.000000,100.000000,0.000000,0.000000,2,4,4,0.0000,0.0000,0.0000,0.5000,"Accelerate",1.022672
363,A0100,pursuit_chase_v1,UNKNOWN,12637.582216,22446.203024,9953.796976,10804.935767,-22449.484817,15164.871367,440.985215,23774.018241,711.623311,3502.607463,152.956499,0.001838,False,False,False,False,True,True,True,1-circle,-1.000000,92.871871,-17384.335256,-0.051859,-0.827930,100.000000,100.000000,0.000000,0.000000,2,4,4,0.0000,0.0000,0.0000,0.5000,"PursuitChaseOptimal",-1.234957
363,B0100,aggressive,UNKNOWN,12637.582216,22446.203024,9953.796976,10804.935767,-22449.484817,15164.871367,440.985215,23774.018241,711.623311,3502.607463,152.956499,0.001838,False,False,False,False,True,True,True,1-circle,-1.000000,92.871871,-17384.335256,-0.051859,-0.827930,100.000000,100.000000,0.000000,0.000000,2,4,4,0.0000,0.0000,0.0000,0.5000,"Accelerate",0.819385
364,A0100,pursuit_chase_v1,UNKNOWN,12612.211554,22516.821763,9883.178237,10890.472763,-22520.715239,15163.031299,441.964841,23810.470191,729.038998,3557.427406,148.670911,0.083369,False,False,False,False,True,True,True,1-circle,-1.000000,96.133859,-16884.108987,2.355790,-0.853640,100.000000,100.000000,0.000000,0.000000,2,4,4,0.0000,0.0000,0.0000,0.5000,"PursuitChaseOptimal",-0.975720
364,B0100,aggressive,UNKNOWN,12612.211554,22516.821763,9883.178237,10890.472763,-22520.715239,15163.031299,441.964841,23810.470191,729.038998,3557.427406,148.670911,0.083369,False,False,False,False,True,True,True,1-circle,-1.000000,96.133859,-16884.108987,2.355790,-0.853640,100.000000,100.000000,0.000000,0.000000,2,4,4,0.0000,0.0000,0.0000,0.5000,"Accelerate",0.643120
365,A0100,pursuit_chase_v1,UNKNOWN,12612.211554,22516.821763,9883.178237,10890.472763,-22520.715239,15163.031299,441.964841,23810.470191,729.038998,3557.427406,148.670911,0.083369,False,False,False,False,True,True,True,1-circle,-1.000000,96.133859,-16884.108987,2.355790,-0.853640,100.000000,100.000000,0.000000,0.000000,2,4,4,0.0000,0.0000,0.0000,0.5000,"PursuitChaseOptimal",-0.817242
365,B0100,aggressive,UNKNOWN,12612.211554,22516.821763,9883.178237,10890.472763,-22520.715239,15163.031299,441.964841,23810.470191,729.038998,3557.427406,148.670911,0.083369,False,False,False,False,True,True,True,1-circle,-1.000000,96.133859,-16884.108987,2.355790,-0.853640,100.000000,100.000000,0.000000,0.000000,2,4,4,0.0000,0.0000,0.0000,0.5000,"Accelerate",0.536738
366,A0100,pursuit_chase_v1,UNKNOWN,12587.520646,22584.614032,9815.385968,10942.295370,-22588.519264,15161.095616,442.742893,23839.007885,570.753883,3587.159251,145.074328,0.038069,False,False,False,False,True,True,True,1-circle,-1.000000,100.222298,-17066.162291,1.077971,-0.672105,100.000000,100.000000,0.000000,0.000000,2,4,4,0.0000,0.0000,0.0000,0.5000,"PursuitChaseOptimal",-0.684805
366,B0100,aggressive,UNKNOWN,12587.520646,22584.614032,9815.385968,10942.295370,-22588.519264,15161.095616,442.742893,23839.007885,570.753883,3587.159251,145.074328,0.038069,False,False,False,False,True,True,True,1-circle,-1.000000,100.222298,-17066.162291,1.077971,-0.672105,100.000000,100.000000,0.000000,0.000000,2,4,4,0.0000,0.0000,0.0000,0.5000,"Accelerate",0.448926
367,A0100,pursuit_chase_v1,UNKNOWN,12587.520646,22584.614032,9815.385968,10942.295370,-22588.519264,15161.095616,442.742893,23839.007885,570.753883,3587.159251,145.074328,0.038069,False,False,False,False,True,True,True,1-circle,-1.000000,100.222298,-17066.162291,1.077971,-0.672105,100.000000,100.000000,0.000000,0.000000,2,4,4,0.0000,0.0000,0.0000,0.5000,"PursuitChaseOptimal",-0.571631
367,B0100,aggressive,UNKNOWN,12587.520646,22584.614032,9815.385968,10942.295370,-22588.519264,15161.095616,442.742893,23839.007885,570.753883,3587.159251,145.074328,0.038069,False,False,False,False,True,True,True,1-circle,-1.000000,100.222298,-17066.162291,1.077971,-0.672105,100.000000,100.000000,0.000000,0.000000,2,4,4,0.0000,0.0000,0.0000,0.5000,"Accelerate",0.373802
368,A0100,pursuit_chase_v1,UNKNOWN,12563.407401,22654.245067,9745.754933,10971.625834,-22658.107846,15159.263347,443.499909,23866.876541,557.373123,3606.268640,141.725577,0.030338,False,False,False,False,True,True,True,1-circle,-1.000000,104.589629,-17376.712994,-0.860458,-0.521033,100.000000,100.000000,0.000000,0.000000,2,4,4,0.0000,0.0000,0.0000,0.5000,"PursuitChaseOptimal",-0.483154
368,B0100,aggressive,UNKNOWN,12563.407401,22654.245067,9745.754933,10971.625834,-22658.107846,15159.263347,443.499909,23866.876541,557.373123,3606.268640,141.725577,0.030338,False,False,False,False,True,True,True,1-circle,-1.000000,104.589629,-17376.712994,-0.860458,-0.521033,100.000000,100.000000,0.000000,0.000000,2,4,4,0.0000,0.0000,0.0000,0.5000,"Accelerate",0.315570
369,A0100,pursuit_chase_v1,UNKNOWN,12563.407401,22654.245067,9745.754933,10971.625834,-22658.107846,15159.263347,443.499909,23866.876541,557.373123,3606.268640,141.725577,0.030338,False,False,False,False,True,True,True,1-circle,-1.000000,104.589629,-17376.712994,-0.860458,-0.521033,100.000000,100.000000,0.000000,0.000000,2,4,4,0.0000,0.0000,0.0000,0.5000,"PursuitChaseOptimal",-0.395060
369,B0100,aggressive,UNKNOWN,12563.407401,22654.245067,9745.754933,10971.625834,-22658.107846,15159.263347,443.499909,23866.876541,557.373123,3606.268640,141.725577,0.030338,False,False,False,False,True,True,True,1-circle,-1.000000,104.589629,-17376.712994,-0.860458,-0.521033,100.000000,100.000000,0.000000,0.000000,2,4,4,0.0000,0.0000,0.0000,0.5000,"Accelerate",0.257617
370,A0100,pursuit_chase_v1,UNKNOWN,12539.877915,22727.114450,9672.885550,10984.590858,-22731.524665,15157.376619,444.523826,23905.243084,767.330865,3632.932418,138.311986,0.039072,False,False,False,False,True,True,True,1-circle,-1.000000,109.070829,-16989.774492,1.110492,-0.375007,100.000000,100.000000,0.000000,0.000000,2,4,4,0.0000,0.0000,0.0000,0.5000,"PursuitChaseOptimal",-0.355599
370,B0100,aggressive,UNKNOWN,12539.877915,22727.114450,9672.885550,10984.590858,-22731.524665,15157.376619,444.523826,23905.243084,767.330865,3632.932418,138.311986,0.039072,False,False,False,False,True,True,True,1-circle,-1.000000,109.070829,-16989.774492,1.110492,-0.375007,100.000000,100.000000,0.000000,0.000000,2,4,4,0.0000,0.0000,0.0000,0.5000,"Accelerate",0.231616
371,A0100,pursuit_chase_v1,UNKNOWN,12539.877915,22727.114450,9672.885550,10984.590858,-22731.524665,15157.376619,444.523826,23905.243084,767.330865,3632.932418,138.311986,0.039072,False,False,False,False,True,True,True,1-circle,-1.000000,109.070829,-16989.774492,1.110492,-0.375007,100.000000,100.000000,0.000000,0.000000,2,4,4,0.0000,0.0000,0.0000,0.5000,"PursuitChaseOptimal",-0.347487
371,B0100,aggressive,UNKNOWN,12539.877915,22727.114450,9672.885550,10984.590858,-22731.524665,15157.376619,444.523826,23905.243084,767.330865,3632.932418,138.311986,0.039072,False,False,False,False,True,True,True,1-circle,-1.000000,109.070829,-16989.774492,1.110492,-0.375007,100.000000,100.000000,0.000000,0.000000,2,4,4,0.0000,0.0000,0.0000,0.5000,"Accelerate",0.227039
372,A0100,pursuit_chase_v1,UNKNOWN,12516.904475,22800.466601,9599.533399,10996.345822,-22804.890474,15155.415701,445.364107,23936.385538,622.849075,3641.985051,135.179080,0.088313,False,False,False,False,True,True,True,1-circle,-1.000000,113.268668,-16706.811559,2.513119,-0.240976,100.000000,100.000000,0.000000,0.000000,2,4,4,0.0000,0.0000,0.0000,0.5000,"PursuitChaseOptimal",-0.352877
372,B0100,aggressive,UNKNOWN,12516.904475,22800.466601,9599.533399,10996.345822,-22804.890474,15155.415701,445.364107,23936.385538,622.849075,3641.985051,135.179080,0.088313,False,False,False,False,True,True,True,1-circle,-1.000000,113.268668,-16706.811559,2.513119,-0.240976,100.000000,100.000000,0.000000,0.000000,2,4,4,0.0000,0.0000,0.0000,0.5000,"Accelerate",0.231249
373,A0100,pursuit_chase_v1,UNKNOWN,12516.904475,22800.466601,9599.533399,10996.345822,-22804.890474,15155.415701,445.364107,23936.385538,622.849075,3641.985051,135.179080,0.088313,False,False,False,False,True,True,True,1-circle,-1.000000,113.268668,-16706.811559,2.513119,-0.240976,100.000000,100.000000,0.000000,0.000000,2,4,4,0.0000,0.0000,0.0000,0.5000,"PursuitChaseOptimal",-0.360950
373,B0100,aggressive,UNKNOWN,12516.904475,22800.466601,9599.533399,10996.345822,-22804.890474,15155.415701,445.364107,23936.385538,622.849075,3641.985051,135.179080,0.088313,False,False,False,False,True,True,True,1-circle,-1.000000,113.268668,-16706.811559,2.513119,-0.240976,100.000000,100.000000,0.000000,0.000000,2,4,4,0.0000,0.0000,0.0000,0.5000,"Accelerate",0.237332
374,A0100,pursuit_chase_v1,UNKNOWN,12494.407182,22870.420778,9529.579222,11015.786394,-22874.231475,15153.628001,445.955427,23957.930690,430.903042,3624.738621,132.559153,0.009376,False,False,False,False,True,True,True,1-circle,-1.000000,116.556146,-17173.217262,-0.267300,-0.138867,100.000000,100.000000,0.000000,0.000000,2,4,4,0.0000,0.0000,0.0000,0.5000,"PursuitChaseOptimal",-0.376652
374,B0100,aggressive,UNKNOWN,12494.407182,22870.420778,9529.579222,11015.786394,-22874.231475,15153.628001,445.955427,23957.930690,430.903042,3624.738621,132.559153,0.009376,False,False,False,False,True,True,True,1-circle,-1.000000,116.556146,-17173.217262,-0.267300,-0.138867,100.000000,100.000000,0.000000,0.000000,2,4,4,0.0000,0.0000,0.0000,0.5000,"Accelerate",0.248437
375,A0100,pursuit_chase_v1,UNKNOWN,12494.407182,22870.420778,9529.579222,11015.786394,-22874.231475,15153.628001,445.955427,23957.930690,430.903042,3624.738621,132.559153,0.009376,False,False,False,False,True,True,True,1-circle,-1.000000,116.556146,-17173.217262,-0.267300,-0.138867,100.000000,100.000000,0.000000,0.000000,2,4,4,0.0000,0.0000,0.0000,0.5000,"PursuitChaseOptimal",-0.383156
375,B0100,aggressive,UNKNOWN,12494.407182,22870.420778,9529.579222,11015.786394,-22874.231475,15153.628001,445.955427,23957.930690,430.903042,3624.738621,132.559153,0.009376,False,False,False,False,True,True,True,1-circle,-1.000000,116.556146,-17173.217262,-0.267300,-0.138867,100.000000,100.000000,0.000000,0.000000,2,4,4,0.0000,0.0000,0.0000,0.5000,"Accelerate",0.253490
376,A0100,pursuit_chase_v1,UNKNOWN,12472.358892,22944.252538,9455.747462,11030.331600,-22948.150361,15151.991379,446.786640,23989.145186,624.289923,3616.526548,129.607769,0.029016,False,False,False,False,True,True,True,1-circle,-1.000000,118.809993,-17236.333548,-0.828626,-0.182489,100.000000,100.000000,0.000000,0.000000,2,4,4,0.0000,0.0000,0.0000,0.5000,"PursuitChaseOptimal",-0.382761
376,B0100,aggressive,UNKNOWN,12472.358892,22944.252538,9455.747462,11030.331600,-22948.150361,15151.991379,446.786640,23989.145186,624.289923,3616.526548,129.607769,0.029016,False,False,False,False,True,True,True,1-circle,-1.000000,118.809993,-17236.333548,-0.828626,-0.182489,100.000000,100.000000,0.000000,0.000000,2,4,4,0.0000,0.0000,0.0000,0.5000,"Accelerate",0.254307
377,A0100,pursuit_chase_v1,UNKNOWN,12472.358892,22944.252538,9455.747462,11030.331600,-22948.150361,15151.991379,446.786640,23989.145186,624.289923,3616.526548,129.607769,0.029016,False,False,False,False,True,True,True,1-circle,-1.000000,118.809993,-17236.333548,-0.828626,-0.182489,100.000000,100.000000,0.000000,0.000000,2,4,4,0.0000,0.0000,0.0000,0.5000,"PursuitChaseOptimal",-0.387406
377,B0100,aggressive,UNKNOWN,12472.358892,22944.252538,9455.747462,11030.331600,-22948.150361,15151.991379,446.786640,23989.145186,624.289923,3616.526548,129.607769,0.029016,False,False,False,False,True,True,True,1-circle,-1.000000,118.809993,-17236.333548,-0.828626,-0.182489,100.000000,100.000000,0.000000,0.000000,2,4,4,0.0000,0.0000,0.0000,0.5000,"Accelerate",0.258691
378,A0100,pursuit_chase_v1,UNKNOWN,12450.816568,23017.748514,9382.251486,11043.015537,-23022.184032,15150.252039,447.754916,24025.751136,732.118998,3609.885230,126.628679,0.045274,False,False,False,False,True,True,True,1-circle,-1.000000,120.348042,-16815.126898,1.295400,-0.566189,100.000000,100.000000,0.000000,0.000000,2,4,4,0.0000,0.0000,0.0000,0.5000,"PursuitChaseOptimal",-0.384376
378,B0100,aggressive,UNKNOWN,12450.816568,23017.748514,9382.251486,11043.015537,-23022.184032,15150.252039,447.754916,24025.751136,732.118998,3609.885230,126.628679,0.045274,False,False,False,False,True,True,True,1-circle,-1.000000,120.348042,-16815.126898,1.295400,-0.566189,100.000000,100.000000,0.000000,0.000000,2,4,4,0.0000,0.0000,0.0000,0.5000,"Accelerate",0.257573
379,A0100,pursuit_chase_v1,UNKNOWN,12450.816568,23017.748514,9382.251486,11043.015537,-23022.184032,15150.252039,447.754916,24025.751136,732.118998,3609.885230,126.628679,0.045274,False,False,False,False,True,True,True,1-circle,-1.000000,120.348042,-16815.126898,1.295400,-0.566189,100.000000,100.000000,0.000000,0.000000,2,4,4,0.0000,0.0000,0.0000,0.5000,"PursuitChaseOptimal",-0.376328
379,B0100,aggressive,UNKNOWN,12450.816568,23017.748514,9382.251486,11043.015537,-23022.184032,15150.252039,447.754916,24025.751136,732.118998,3609.885230,126.628679,0.045274,False,False,False,False,True,True,True,1-circle,-1.000000,120.348042,-16815.126898,1.295400,-0.566189,100.000000,100.000000,0.000000,0.000000,2,4,4,0.0000,0.0000,0.0000,0.5000,"Accelerate",0.253740
380,A0100,pursuit_chase_v1,UNKNOWN,12429.779220,23092.554659,9307.445341,11053.117743,-23097.235783,15148.379884,448.612110,24057.894477,642.866823,3598.738006,123.568807,0.085364,False,False,False,False,True,True,True,1-circle,-1.000000,121.232712,-16568.826598,2.445703,-0.577513,100.000000,100.000000,0.000000,0.000000,2,4,4,0.0000,0.0000,0.0000,0.5000,"PursuitChaseOptimal",-0.377528
380,B0100,aggressive,UNKNOWN,12429.779220,23092.554659,9307.445341,11053.117743,-23097.235783,15148.379884,448.612110,24057.894477,642.866823,3598.738006,123.568807,0.085364,False,False,False,False,True,True,True,1-circle,-1.000000,121.232712,-16568.826598,2.445703,-0.577513,100.000000,100.000000,0.000000,0.000000,2,4,4,0.0000,0.0000,0.0000,0.5000,"Accelerate",0.256021
381,A0100,pursuit_chase_v1,UNKNOWN,12429.779220,23092.554659,9307.445341,11053.117743,-23097.235783,15148.379884,448.612110,24057.894477,642.866823,3598.738006,123.568807,0.085364,False,False,False,False,True,True,True,1-circle,-1.000000,121.232712,-16568.826598,2.445703,-0.577513,100.000000,100.000000,0.000000,0.000000,2,4,4,0.0000,0.0000,0.0000,0.5000,"PursuitChaseOptimal",-0.345592
381,B0100,aggressive,UNKNOWN,12429.779220,23092.554659,9307.445341,11053.117743,-23097.235783,15148.379884,448.612110,24057.894477,642.866823,3598.738006,123.568807,0.085364,False,False,False,False,True,True,True,1-circle,-1.000000,121.232712,-16568.826598,2.445703,-0.577513,100.000000,100.000000,0.000000,0.000000,2,4,4,0.0000,0.0000,0.0000,0.5000,"Accelerate",0.235385
382,A0100,pursuit_chase_v1,UNKNOWN,12409.231308,23163.652766,9236.347234,11067.669443,-23167.895305,15146.581190,449.261056,24081.890799,479.926440,3580.618327,120.676487,0.012694,False,False,False,False,True,True,True,1-circle,-1.000000,121.442544,-17034.981142,-0.364380,-0.435116,100.000000,100.000000,0.000000,0.000000,2,4,4,0.0000,0.0000,0.0000,0.5000,"PursuitChaseOptimal",-0.324101
382,B0100,aggressive,UNKNOWN,12409.231308,23163.652766,9236.347234,11067.669443,-23167.895305,15146.581190,449.261056,24081.890799,479.926440,3580.618327,120.676487,0.012694,False,False,False,False,True,True,True,1-circle,-1.000000,121.442544,-17034.981142,-0.364380,-0.435116,100.000000,100.000000,0.000000,0.000000,2,4,4,0.0000,0.0000,0.0000,0.5000,"Accelerate",0.221263
383,A0100,pursuit_chase_v1,UNKNOWN,12409.231308,23163.652766,9236.347234,11067.669443,-23167.895305,15146.581190,449.261056,24081.890799,479.926440,3580.618327,120.676487,0.012694,False,False,False,False,True,True,True,1-circle,-1.000000,121.442544,-17034.981142,-0.364380,-0.435116,100.000000,100.000000,0.000000,0.000000,2,4,4,0.0000,0.0000,0.0000,0.5000,"PursuitChaseOptimal",-0.306334
383,B0100,aggressive,UNKNOWN,12409.231308,23163.652766,9236.347234,11067.669443,-23167.895305,15146.581190,449.261056,24081.890799,479.926440,3580.618327,120.676487,0.012694,False,False,False,False,True,True,True,1-circle,-1.000000,121.442544,-17034.981142,-0.364380,-0.435116,100.000000,100.000000,0.000000,0.000000,2,4,4,0.0000,0.0000,0.0000,0.5000,"Accelerate",0.210000
384,A0100,pursuit_chase_v1,UNKNOWN,12389.216417,23240.433639,9159.566361,11070.778594,-23244.807173,15144.862565,450.133850,24114.923725,660.658511,3584.706758,117.208479,0.000559,False,False,False,False,True,True,True,1-circle,-1.000000,121.270565,-16934.061837,-0.016075,-0.305387,100.000000,100.000000,0.000000,0.000000,2,4,3,0.0000,0.0000,0.0000,0.5000,"PursuitChaseOptimal",-0.328701
384,B0100,aggressive,UNKNOWN,12389.216417,23240.433639,9159.566361,11070.778594,-23244.807173,15144.862565,450.133850,24114.923725,660.658511,3584.706758,117.208479,0.000559,False,False,False,False,True,True,True,1-circle,-1.000000,121.270565,-16934.061837,-0.016075,-0.305387,100.000000,100.000000,0.000000,0.000000,2,4,4,0.0000,0.0000,0.0000,0.5000,"Accelerate",0.227087
385,A0100,pursuit_chase_v1,UNKNOWN,12389.216417,23240.433639,9159.566361,11070.778594,-23244.807173,15144.862565,450.133850,24114.923725,660.658511,3584.706758,117.208479,0.000559,False,False,False,False,True,True,True,1-circle,-1.000000,121.270565,-16934.061837,-0.016075,-0.305387,100.000000,100.000000,0.000000,0.000000,2,4,3,0.0000,0.0000,0.0000,0.5000,"PursuitChaseOptimal",-0.325364
385,B0100,aggressive,UNKNOWN,12389.216417,23240.433639,9159.566361,11070.778594,-23244.807173,15144.862565,450.133850,24114.923725,660.658511,3584.706758,117.208479,0.000559,False,False,False,False,True,True,True,1-circle,-1.000000,121.270565,-16934.061837,-0.016075,-0.305387,100.000000,100.000000,0.000000,0.000000,2,4,4,0.0000,0.0000,0.0000,0.5000,"Accelerate",0.225959
386,A0100,pursuit_chase_v1,UNKNOWN,12369.783633,23318.081504,9081.918496,11078.308846,-23322.697353,15143.053407,451.081151,24150.909061,719.706733,3580.153608,113.834483,0.093125,False,False,False,False,True,True,True,1-circle,-1.000000,120.931786,-16412.776763,2.681353,-0.177362,100.000000,100.000000,0.000000,0.000000,2,4,3,0.0000,0.0000,0.0000,0.5000,"PursuitChaseOptimal",-0.319657
386,B0100,aggressive,UNKNOWN,12369.783633,23318.081504,9081.918496,11078.308846,-23322.697353,15143.053407,451.081151,24150.909061,719.706733,3580.153608,113.834483,0.093125,False,False,False,False,True,True,True,1-circle,-1.000000,120.931786,-16412.776763,2.681353,-0.177362,100.000000,100.000000,0.000000,0.000000,2,4,4,0.0000,0.0000,0.0000,0.5000,"Accelerate",0.223711
387,A0100,pursuit_chase_v1,UNKNOWN,12369.783633,23318.081504,9081.918496,11078.308846,-23322.697353,15143.053407,451.081151,24150.909061,719.706733,3580.153608,113.834483,0.093125,False,False,False,False,True,True,True,1-circle,-1.000000,120.931786,-16412.776763,2.681353,-0.177362,100.000000,100.000000,0.000000,0.000000,2,4,3,0.0000,0.0000,0.0000,0.5000,"PursuitChaseOptimal",-0.303688
387,B0100,aggressive,UNKNOWN,12369.783633,23318.081504,9081.918496,11078.308846,-23322.697353,15143.053407,451.081151,24150.909061,719.706733,3580.153608,113.834483,0.093125,False,False,False,False,True,True,True,1-circle,-1.000000,120.931786,-16412.776763,2.681353,-0.177362,100.000000,100.000000,0.000000,0.000000,2,4,4,0.0000,0.0000,0.0000,0.5000,"Accelerate",0.213929
388,A0100,pursuit_chase_v1,UNKNOWN,12350.871561,23391.164523,9008.835477,11091.024874,-23395.335503,15141.307332,451.786611,24177.360338,529.025539,3553.407977,110.974251,0.055448,False,False,False,False,True,True,True,1-circle,-1.000000,120.117040,-16572.210837,1.599593,-0.070500,100.000000,100.000000,0.000000,0.000000,2,3,3,0.0000,0.0000,0.0000,0.5000,"PursuitChaseOptimal",-0.301919
388,B0100,aggressive,UNKNOWN,12350.871561,23391.164523,9008.835477,11091.024874,-23395.335503,15141.307332,451.786611,24177.360338,529.025539,3553.407977,110.974251,0.055448,False,False,False,False,True,True,True,1-circle,-1.000000,120.117040,-16572.210837,1.599593,-0.070500,100.000000,100.000000,0.000000,0.000000,2,4,4,0.0000,0.0000,0.0000,0.5000,"Accelerate",0.213738
389,A0100,pursuit_chase_v1,UNKNOWN,12350.871561,23391.164523,9008.835477,11091.024874,-23395.335503,15141.307332,451.786611,24177.360338,529.025539,3553.407977,110.974251,0.055448,False,False,False,False,True,True,True,1-circle,-1.000000,120.117040,-16572.210837,1.599593,-0.070500,100.000000,100.000000,0.000000,0.000000,2,3,3,0.0000,0.0000,0.0000,0.5000,"PursuitChaseOptimal",-0.270605
389,B0100,aggressive,UNKNOWN,12350.871561,23391.164523,9008.835477,11091.024874,-23395.335503,15141.307332,451.786611,24177.360338,529.025539,3553.407977,110.974251,0.055448,False,False,False,False,True,True,True,1-circle,-1.000000,120.117040,-16572.210837,1.599593,-0.070500,100.000000,100.000000,0.000000,0.000000,2,4,4,0.0000,0.0000,0.0000,0.5000,"Accelerate",0.192298
390,A0100,pursuit_chase_v1,UNKNOWN,12332.473174,23468.543661,8931.456339,11099.732080,-23472.552484,15139.650398,452.595764,24208.099673,614.786703,3541.924717,107.657459,0.015363,False,False,False,False,True,True,True,1-circle,-1.000000,118.929395,-16745.887079,0.444028,0.015865,100.000000,100.000000,0.000000,0.000000,2,3,3,0.0000,0.0000,0.0000,0.5000,"PursuitChaseOptimal",-0.244465
390,B0100,aggressive,UNKNOWN,12332.473174,23468.543661,8931.456339,11099.732080,-23472.552484,15139.650398,452.595764,24208.099673,614.786703,3541.924717,107.657459,0.015363,False,False,False,False,True,True,True,1-circle,-1.000000,118.929395,-16745.887079,0.444028,0.015865,100.000000,100.000000,0.000000,0.000000,2,4,4,0.0000,0.0000,0.0000,0.5000,"Accelerate",0.174541
391,A0100,pursuit_chase_v1,UNKNOWN,12332.473174,23468.543661,8931.456339,11099.732080,-23472.552484,15139.650398,452.595764,24208.099673,614.786703,3541.924717,107.657459,0.015363,False,False,False,False,True,True,True,1-circle,-1.000000,118.929395,-16745.887079,0.444028,0.015865,100.000000,100.000000,0.000000,0.000000,2,3,3,0.0000,0.0000,0.0000,0.5000,"PursuitChaseOptimal",-0.222818
391,B0100,aggressive,UNKNOWN,12332.473174,23468.543661,8931.456339,11099.732080,-23472.552484,15139.650398,452.595764,24208.099673,614.786703,3541.924717,107.657459,0.015363,False,False,False,False,True,True,True,1-circle,-1.000000,118.929395,-16745.887079,0.444028,0.015865,100.000000,100.000000,0.000000,0.000000,2,4,4,0.0000,0.0000,0.0000,0.5000,"Accelerate",0.159235
392,A0100,pursuit_chase_v1,UNKNOWN,12314.648256,23546.278738,8853.721262,11099.968380,-23550.060490,15138.072331,453.381755,24238.046022,598.926975,3545.268537,104.100657,0.038154,False,False,False,False,True,True,True,1-circle,-1.000000,117.666301,-16595.053758,1.104419,0.099995,100.000000,100.000000,0.000000,0.000000,2,3,3,0.0000,0.0000,0.0000,0.5000,"PursuitChaseOptimal",-0.199010
392,B0100,aggressive,UNKNOWN,12314.648256,23546.278738,8853.721262,11099.968380,-23550.060490,15138.072331,453.381755,24238.046022,598.926975,3545.268537,104.100657,0.038154,False,False,False,False,True,True,True,1-circle,-1.000000,117.666301,-16595.053758,1.104419,0.099995,100.000000,100.000000,0.000000,0.000000,2,4,4,0.0000,0.0000,0.0000,0.5000,"Accelerate",0.142697
393,A0100,pursuit_chase_v1,UNKNOWN,12314.648256,23546.278738,8853.721262,11099.968380,-23550.060490,15138.072331,453.381755,24238.046022,598.926975,3545.268537,104.100657,0.038154,False,False,False,False,True,True,True,1-circle,-1.000000,117.666301,-16595.053758,1.104419,0.099995,100.000000,100.000000,0.000000,0.000000,2,3,3,0.0000,0.0000,0.0000,0.5000,"PursuitChaseOptimal",-0.170496
393,B0100,aggressive,UNKNOWN,12314.648256,23546.278738,8853.721262,11099.968380,-23550.060490,15138.072331,453.381755,24238.046022,598.926975,3545.268537,104.100657,0.038154,False,False,False,False,True,True,True,1-circle,-1.000000,117.666301,-16595.053758,1.104419,0.099995,100.000000,100.000000,0.000000,0.000000,2,4,4,0.0000,0.0000,0.0000,0.5000,"Accelerate",0.122212
394,A0100,pursuit_chase_v1,UNKNOWN,12297.440260,23623.531463,8776.468537,11090.783157,-23626.660534,15136.641803,453.981425,24260.703767,453.154893,3554.421881,100.480392,0.056912,False,False,False,False,True,True,True,1-circle,-1.000000,116.523081,-16468.097437,1.649175,0.178074,100.000000,100.000000,0.000000,0.000000,2,4,4,0.0000,0.0000,0.0000,0.5000,"PursuitChaseOptimal",-0.135422
394,B0100,aggressive,UNKNOWN,12297.440260,23623.531463,8776.468537,11090.783157,-23626.660534,15136.641803,453.981425,24260.703767,453.154893,3554.421881,100.480392,0.056912,False,False,False,False,True,True,True,1-circle,-1.000000,116.523081,-16468.097437,1.649175,0.178074,100.000000,100.000000,0.000000,0.000000,2,4,4,0.0000,0.0000,0.0000,0.5000,"Accelerate",0.096455
395,A0100,pursuit_chase_v1,UNKNOWN,12297.440260,23623.531463,8776.468537,11090.783157,-23626.660534,15136.641803,453.981425,24260.703767,453.154893,3554.421881,100.480392,0.056912,False,False,False,False,True,True,True,1-circle,-1.000000,116.523081,-16468.097437,1.649175,0.178074,100.000000,100.000000,0.000000,0.000000,2,4,4,0.0000,0.0000,0.0000,0.5000,"PursuitChaseOptimal",-0.155710
395,B0100,aggressive,UNKNOWN,12297.440260,23623.531463,8776.468537,11090.783157,-23626.660534,15136.641803,453.981425,24260.703767,453.154893,3554.421881,100.480392,0.056912,False,False,False,False,True,True,True,1-circle,-1.000000,116.523081,-16468.097437,1.649175,0.178074,100.000000,100.000000,0.000000,0.000000,2,4,4,0.0000,0.0000,0.0000,0.5000,"Accelerate",0.112079
396,A0100,pursuit_chase_v1,UNKNOWN,12280.848965,23701.313792,8698.686208,11067.558414,-23703.984672,15135.419215,454.628706,24285.517649,496.277641,3568.666493,96.865333,0.050043,False,False,False,False,True,True,True,1-circle,-1.000000,115.583940,-16477.803801,1.452151,0.250664,100.000000,100.000000,0.000000,0.000000,2,4,4,0.0000,0.0000,0.0000,0.5000,"PursuitChaseOptimal",-0.175548
396,B0100,aggressive,UNKNOWN,12280.848965,23701.313792,8698.686208,11067.558414,-23703.984672,15135.419215,454.628706,24285.517649,496.277641,3568.666493,96.865333,0.050043,False,False,False,False,True,True,True,1-circle,-1.000000,115.583940,-16477.803801,1.452151,0.250664,100.000000,100.000000,0.000000,0.000000,2,4,4,0.0000,0.0000,0.0000,0.5000,"Accelerate",0.127584
397,A0100,pursuit_chase_v1,UNKNOWN,12280.848965,23701.313792,8698.686208,11067.558414,-23703.984672,15135.419215,454.628706,24285.517649,496.277641,3568.666493,96.865333,0.050043,False,False,False,False,True,True,True,1-circle,-1.000000,115.583940,-16477.803801,1.452151,0.250664,100.000000,100.000000,0.000000,0.000000,2,4,4,0.0000,0.0000,0.0000,0.5000,"PursuitChaseOptimal",-0.195179
397,B0100,aggressive,UNKNOWN,12280.848965,23701.313792,8698.686208,11067.558414,-23703.984672,15135.419215,454.628706,24285.517649,496.277641,3568.666493,96.865333,0.050043,False,False,False,False,True,True,True,1-circle,-1.000000,115.583940,-16477.803801,1.452151,0.250664,100.000000,100.000000,0.000000,0.000000,2,4,4,0.0000,0.0000,0.0000,0.5000,"Accelerate",0.143169
398,A0100,pursuit_chase_v1,UNKNOWN,12264.852312,23779.224891,8620.775109,11056.709558,-23781.487892,15134.364572,455.277909,24310.614079,501.928597,3566.737803,93.417805,0.042046,False,False,False,False,True,True,True,1-circle,-1.000000,114.688035,-16495.587610,1.221774,0.330806,100.000000,100.000000,0.000000,0.000000,2,3,3,0.0000,0.0000,0.0000,0.5000,"PursuitChaseOptimal",-0.200447
398,B0100,aggressive,UNKNOWN,12264.852312,23779.224891,8620.775109,11056.709558,-23781.487892,15134.364572,455.277909,24310.614079,501.928597,3566.737803,93.417805,0.042046,False,False,False,False,True,True,True,1-circle,-1.000000,114.688035,-16495.587610,1.221774,0.330806,100.000000,100.000000,0.000000,0.000000,2,4,4,0.0000,0.0000,0.0000,0.5000,"Accelerate",0.148040
399,A0100,pursuit_chase_v1,UNKNOWN,12264.852312,23779.224891,8620.775109,11056.709558,-23781.487892,15134.364572,455.277909,24310.614079,501.928597,3566.737803,93.417805,0.042046,False,False,False,False,True,True,True,1-circle,-1.000000,114.688035,-16495.587610,1.221774,0.330806,100.000000,100.000000,0.000000,0.000000,2,3,3,0.0000,0.0000,0.0000,0.5000,"PursuitChaseOptimal",-0.155512
399,B0100,aggressive,UNKNOWN,12264.852312,23779.224891,8620.775109,11056.709558,-23781.487892,15134.364572,455.277909,24310.614079,501.928597,3566.737803,93.417805,0.042046,False,False,False,False,True,True,True,1-circle,-1.000000,114.688035,-16495.587610,1.221774,0.330806,100.000000,100.000000,0.000000,0.000000,2,4,4,0.0000,0.0000,0.0000,0.5000,"Accelerate",0.114417
400,A0100,pursuit_chase_v1,UNKNOWN,12249.434099,23857.084972,8542.915028,11045.260820,-23858.990540,15133.473192,455.930762,24336.058420,508.886816,3564.689960,89.967772,0.034171,False,False,False,False,True,True,True,1-circle,-1.000000,113.639806,-16513.838694,0.994314,0.405779,100.000000,100.000000,0.000000,0.000000,2,3,3,0.0000,0.0000,0.0000,0.5000,"PursuitChaseOptimal",-0.125458
400,B0100,aggressive,UNKNOWN,12249.434099,23857.084972,8542.915028,11045.260820,-23858.990540,15133.473192,455.930762,24336.058420,508.886816,3564.689960,89.967772,0.034171,False,False,False,False,True,True,True,1-circle,-1.000000,113.639806,-16513.838694,0.994314,0.405779,100.000000,100.000000,0.000000,0.000000,2,4,4,0.0000,0.0000,0.0000,0.5000,"Accelerate",0.091811
401,A0100,pursuit_chase_v1,UNKNOWN,12249.434099,23857.084972,8542.915028,11045.260820,-23858.990540,15133.473192,455.930762,24336.058420,508.886816,3564.689960,89.967772,0.034171,False,False,False,False,True,True,True,1-circle,-1.000000,113.639806,-16513.838694,0.994314,0.405779,100.000000,100.000000,0.000000,0.000000,2,3,3,0.0000,0.0000,0.0000,0.5000,"PursuitChaseOptimal",-0.099021
401,B0100,aggressive,UNKNOWN,12249.434099,23857.084972,8542.915028,11045.260820,-23858.990540,15133.473192,455.930762,24336.058420,508.886816,3564.689960,89.967772,0.034171,False,False,False,False,True,True,True,1-circle,-1.000000,113.639806,-16513.838694,0.994314,0.405779,100.000000,100.000000,0.000000,0.000000,2,4,4,0.0000,0.0000,0.0000,0.5000,"Accelerate",0.071745
402,A0100,pursuit_chase_v1,UNKNOWN,12234.606472,23934.552977,8465.447023,11012.126785,-23936.289535,15132.696916,456.589979,24361.912899,517.089597,3578.909033,86.443357,0.026277,False,False,False,False,True,True,True,1-circle,-1.000000,112.643118,-16534.067264,0.765695,0.109937,100.000000,100.000000,0.000000,0.000000,2,4,4,0.0000,0.0000,0.0000,0.5000,"PursuitChaseOptimal",-0.077254
402,B0100,aggressive,UNKNOWN,12234.606472,23934.552977,8465.447023,11012.126785,-23936.289535,15132.696916,456.589979,24361.912899,517.089597,3578.909033,86.443357,0.026277,False,False,False,False,True,True,True,1-circle,-1.000000,112.643118,-16534.067264,0.765695,0.109937,100.000000,100.000000,0.000000,0.000000,2,4,4,0.0000,0.0000,0.0000,0.5000,"Accelerate",0.055119
403,A0100,pursuit_chase_v1,UNKNOWN,12234.606472,23934.552977,8465.447023,11012.126785,-23936.289535,15132.696916,456.589979,24361.912899,517.089597,3578.909033,86.443357,0.026277,False,False,False,False,True,True,True,1-circle,-1.000000,112.643118,-16534.067264,0.765695,0.109937,100.000000,100.000000,0.000000,0.000000,2,4,4,0.0000,0.0000,0.0000,0.5000,"PursuitChaseOptimal",-0.106661
403,B0100,aggressive,UNKNOWN,12234.606472,23934.552977,8465.447023,11012.126785,-23936.289535,15132.696916,456.589979,24361.912899,517.089597,3578.909033,86.443357,0.026277,False,False,False,False,True,True,True,1-circle,-1.000000,112.643118,-16534.067264,0.765695,0.109937,100.000000,100.000000,0.000000,0.000000,2,4,4,0.0000,0.0000,0.0000,0.5000,"Accelerate",0.078146
404,A0100,pursuit_chase_v1,UNKNOWN,12220.377158,24011.592127,8388.407873,10971.585489,-24013.332709,15131.961248,457.267559,24388.589878,533.539566,3596.813602,82.947938,0.018219,False,False,False,False,True,True,True,1-circle,-1.000000,111.891730,-16557.678605,0.531623,-0.304063,100.000000,100.000000,0.000000,0.000000,2,4,4,0.0000,0.0000,0.0000,0.5000,"PursuitChaseOptimal",-0.130183
404,B0100,aggressive,UNKNOWN,12220.377158,24011.592127,8388.407873,10971.585489,-24013.332709,15131.961248,457.267559,24388.589878,533.539566,3596.813602,82.947938,0.018219,False,False,False,False,True,True,True,1-circle,-1.000000,111.891730,-16557.678605,0.531623,-0.304063,100.000000,100.000000,0.000000,0.000000,2,4,4,0.0000,0.0000,0.0000,0.5000,"Accelerate",0.096921
405,A0100,pursuit_chase_v1,UNKNOWN,12220.377158,24011.592127,8388.407873,10971.585489,-24013.332709,15131.961248,457.267559,24388.589878,533.539566,3596.813602,82.947938,0.018219,False,False,False,False,True,True,True,1-circle,-1.000000,111.891730,-16557.678605,0.531623,-0.304063,100.000000,100.000000,0.000000,0.000000,2,4,4,0.0000,0.0000,0.0000,0.5000,"PursuitChaseOptimal",-0.159046
405,B0100,aggressive,UNKNOWN,12220.377158,24011.592127,8388.407873,10971.585489,-24013.332709,15131.961248,457.267559,24388.589878,533.539566,3596.813602,82.947938,0.018219,False,False,False,False,True,True,True,1-circle,-1.000000,111.891730,-16557.678605,0.531623,-0.304063,100.000000,100.000000,0.000000,0.000000,2,4,4,0.0000,0.0000,0.0000,0.5000,"Accelerate",0.119751
406,A0100,pursuit_chase_v1,UNKNOWN,12206.729850,24088.226414,8311.773586,10951.161696,-24090.387735,15131.152897,458.089516,24421.089784,649.998127,3605.536460,79.478928,0.046453,False,False,False,False,True,True,True,1-circle,-1.000000,111.331911,-16392.433469,1.357552,-0.661437,100.000000,100.000000,0.000000,0.000000,2,3,3,0.0000,0.0000,0.0000,0.5000,"PursuitChaseOptimal",-0.172545
406,B0100,aggressive,UNKNOWN,12206.729850,24088.226414,8311.773586,10951.161696,-24090.387735,15131.152897,458.089516,24421.089784,649.998127,3605.536460,79.478928,0.046453,False,False,False,False,True,True,True,1-circle,-1.000000,111.331911,-16392.433469,1.357552,-0.661437,100.000000,100.000000,0.000000,0.000000,2,4,4,0.0000,0.0000,0.0000,0.5000,"Accelerate",0.130875
407,A0100,pursuit_chase_v1,UNKNOWN,12206.729850,24088.226414,8311.773586,10951.161696,-24090.387735,15131.152897,458.089516,24421.089784,649.998127,3605.536460,79.478928,0.046453,False,False,False,False,True,True,True,1-circle,-1.000000,111.331911,-16392.433469,1.357552,-0.661437,100.000000,100.000000,0.000000,0.000000,2,3,3,0.0000,0.0000,0.0000,0.5000,"PursuitChaseOptimal",-0.125962
407,B0100,aggressive,UNKNOWN,12206.729850,24088.226414,8311.773586,10951.161696,-24090.387735,15131.152897,458.089516,24421.089784,649.998127,3605.536460,79.478928,0.046453,False,False,False,False,True,True,True,1-circle,-1.000000,111.331911,-16392.433469,1.357552,-0.661437,100.000000,100.000000,0.000000,0.000000,2,4,4,0.0000,0.0000,0.0000,0.5000,"Accelerate",0.095140
408,A0100,pursuit_chase_v1,UNKNOWN,12193.691733,24166.675727,8233.324273,10932.698597,-24169.211483,15130.133934,458.906694,24453.244712,643.098559,3613.553060,75.908704,0.083915,False,False,False,False,True,True,True,1-circle,-1.000000,110.945906,-16179.917264,2.455398,-0.583965,100.000000,100.000000,0.000000,0.000000,2,3,3,0.0000,0.0000,0.0000,0.5000,"PursuitChaseOptimal",-0.088073
408,B0100,aggressive,UNKNOWN,12193.691733,24166.675727,8233.324273,10932.698597,-24169.211483,15130.133934,458.906694,24453.244712,643.098559,3613.553060,75.908704,0.083915,False,False,False,False,True,True,True,1-circle,-1.000000,110.945906,-16179.917264,2.455398,-0.583965,100.000000,100.000000,0.000000,0.000000,2,4,4,0.0000,0.0000,0.0000,0.5000,"Accelerate",0.065454
409,A0100,pursuit_chase_v1,UNKNOWN,12193.691733,24166.675727,8233.324273,10932.698597,-24169.211483,15130.133934,458.906694,24453.244712,643.098559,3613.553060,75.908704,0.083915,False,False,False,False,True,True,True,1-circle,-1.000000,110.945906,-16179.917264,2.455398,-0.583965,100.000000,100.000000,0.000000,0.000000,2,3,3,0.0000,0.0000,0.0000,0.5000,"PursuitChaseOptimal",-0.046593
409,B0100,aggressive,UNKNOWN,12193.691733,24166.675727,8233.324273,10932.698597,-24169.211483,15130.133934,458.906694,24453.244712,643.098559,3613.553060,75.908704,0.083915,False,False,False,False,True,True,True,1-circle,-1.000000,110.945906,-16179.917264,2.455398,-0.583965,100.000000,100.000000,0.000000,0.000000,2,4,4,0.0000,0.0000,0.0000,0.5000,"Accelerate",0.032692
410,A0100,pursuit_chase_v1,UNKNOWN,12181.232103,24241.090775,8158.909225,10887.496248,-24243.412809,15129.114635,459.515504,24476.978874,474.683242,3632.879558,72.565587,0.015620,False,False,False,False,True,True,True,1-circle,-1.000000,110.689040,-16690.789244,-0.457896,-0.374768,100.000000,100.000000,0.000000,0.000000,2,4,4,0.0000,0.0000,0.0000,0.5000,"PursuitChaseOptimal",-0.006399
410,B0100,aggressive,UNKNOWN,12181.232103,24241.090775,8158.909225,10887.496248,-24243.412809,15129.114635,459.515504,24476.978874,474.683242,3632.879558,72.565587,0.015620,False,False,False,False,True,True,True,1-circle,-1.000000,110.689040,-16690.789244,-0.457896,-0.374768,100.000000,100.000000,0.000000,0.000000,2,4,4,0.0000,0.0000,0.0000,0.5000,"Accelerate",0.000349
411,A0100,pursuit_chase_v1,UNKNOWN,12181.232103,24241.090775,8158.909225,10887.496248,-24243.412809,15129.114635,459.515504,24476.978874,474.683242,3632.879558,72.565587,0.015620,False,False,False,False,True,True,True,1-circle,-1.000000,110.689040,-16690.789244,-0.457896,-0.374768,100.000000,100.000000,0.000000,0.000000,2,4,4,0.0000,0.0000,0.0000,0.5000,"PursuitChaseOptimal",-0.023812
411,B0100,aggressive,UNKNOWN,12181.232103,24241.090775,8158.909225,10887.496248,-24243.412809,15129.114635,459.515504,24476.978874,474.683242,3632.879558,72.565587,0.015620,False,False,False,False,True,True,True,1-circle,-1.000000,110.689040,-16690.789244,-0.457896,-0.374768,100.000000,100.000000,0.000000,0.000000,2,4,4,0.0000,0.0000,0.0000,0.5000,"Accelerate",0.014263
412,A0100,pursuit_chase_v1,UNKNOWN,12169.351662,24320.374297,8079.625703,10814.878190,-24323.034798,15128.107304,460.337212,24509.433240,649.087324,3665.969447,69.121573,0.000096,False,False,False,False,True,True,True,1-circle,-1.000000,110.772801,-16597.409549,-0.002830,-0.342944,100.000000,100.000000,0.000000,0.000000,2,4,4,0.0000,0.0000,0.0000,0.5000,"PursuitChaseOptimal",-0.029776
412,B0100,aggressive,UNKNOWN,12169.351662,24320.374297,8079.625703,10814.878190,-24323.034798,15128.107304,460.337212,24509.433240,649.087324,3665.969447,69.121573,0.000096,False,False,False,False,True,True,True,1-circle,-1.000000,110.772801,-16597.409549,-0.002830,-0.342944,100.000000,100.000000,0.000000,0.000000,2,4,4,0.0000,0.0000,0.0000,0.5000,"Accelerate",0.019134
413,A0100,pursuit_chase_v1,UNKNOWN,12169.351662,24320.374297,8079.625703,10814.878190,-24323.034798,15128.107304,460.337212,24509.433240,649.087324,3665.969447,69.121573,0.000096,False,False,False,False,True,True,True,1-circle,-1.000000,110.772801,-16597.409549,-0.002830,-0.342944,100.000000,100.000000,0.000000,0.000000,2,4,4,0.0000,0.0000,0.0000,0.5000,"PursuitChaseOptimal",-0.035035
413,B0100,aggressive,UNKNOWN,12169.351662,24320.374297,8079.625703,10814.878190,-24323.034798,15128.107304,460.337212,24509.433240,649.087324,3665.969447,69.121573,0.000096,False,False,False,False,True,True,True,1-circle,-1.000000,110.772801,-16597.409549,-0.002830,-0.342944,100.000000,100.000000,0.000000,0.000000,2,4,4,0.0000,0.0000,0.0000,0.5000,"Accelerate",0.023199
414,A0100,pursuit_chase_v1,UNKNOWN,12158.032568,24399.438345,8000.561655,10749.038666,-24402.625495,15126.903935,461.200063,24543.431330,679.961792,3683.619464,65.987612,0.093831,False,False,False,False,True,True,True,1-circle,-1.000000,111.421923,-16091.678211,2.757850,-0.579014,100.000000,100.000000,0.000000,0.000000,2,3,3,0.0000,0.0000,0.0000,0.5000,"PursuitChaseOptimal",-0.048799
414,B0100,aggressive,UNKNOWN,12158.032568,24399.438345,8000.561655,10749.038666,-24402.625495,15126.903935,461.200063,24543.431330,679.961792,3683.619464,65.987612,0.093831,False,False,False,False,True,True,True,1-circle,-1.000000,111.421923,-16091.678211,2.757850,-0.579014,100.000000,100.000000,0.000000,0.000000,2,4,4,0.0000,0.0000,0.0000,0.5000,"Accelerate",0.034589
415,A0100,pursuit_chase_v1,UNKNOWN,12158.032568,24399.438345,8000.561655,10749.038666,-24402.625495,15126.903935,461.200063,24543.431330,679.961792,3683.619464,65.987612,0.093831,False,False,False,False,True,True,True,1-circle,-1.000000,111.421923,-16091.678211,2.757850,-0.579014,100.000000,100.000000,0.000000,0.000000,2,3,3,0.0000,0.0000,0.0000,0.5000,"PursuitChaseOptimal",-0.058958
415,B0100,aggressive,UNKNOWN,12158.032568,24399.438345,8000.561655,10749.038666,-24402.625495,15126.903935,461.200063,24543.431330,679.961792,3683.619464,65.987612,0.093831,False,False,False,False,True,True,True,1-circle,-1.000000,111.421923,-16091.678211,2.757850,-0.579014,100.000000,100.000000,0.000000,0.000000,2,4,4,0.0000,0.0000,0.0000,0.5000,"Accelerate",0.042856
416,A0100,pursuit_chase_v1,UNKNOWN,12147.214154,24474.847671,7925.152329,10696.233038,-24477.810481,15125.664717,461.810090,24567.118962,473.752648,3682.558696,63.201934,0.048937,False,False,False,False,True,True,True,1-circle,-1.000000,112.443158,-16321.699992,1.440908,-0.416314,100.000000,100.000000,0.000000,0.000000,2,3,3,0.0000,0.0000,0.0000,0.5000,"PursuitChaseOptimal",-0.014019
416,B0100,aggressive,UNKNOWN,12147.214154,24474.847671,7925.152329,10696.233038,-24477.810481,15125.664717,461.810090,24567.118962,473.752648,3682.558696,63.201934,0.048937,False,False,False,False,True,True,True,1-circle,-1.000000,112.443158,-16321.699992,1.440908,-0.416314,100.000000,100.000000,0.000000,0.000000,2,4,4,0.0000,0.0000,0.0000,0.5000,"Accelerate",0.006791
417,A0100,pursuit_chase_v1,UNKNOWN,12147.214154,24474.847671,7925.152329,10696.233038,-24477.810481,15125.664717,461.810090,24567.118962,473.752648,3682.558696,63.201934,0.048937,False,False,False,False,True,True,True,1-circle,-1.000000,112.443158,-16321.699992,1.440908,-0.416314,100.000000,100.000000,0.000000,0.000000,2,3,3,0.0000,0.0000,0.0000,0.5000,"PursuitChaseOptimal",0.018137
417,B0100,aggressive,UNKNOWN,12147.214154,24474.847671,7925.152329,10696.233038,-24477.810481,15125.664717,461.810090,24567.118962,473.752648,3682.558696,63.201934,0.048937,False,False,False,False,True,True,True,1-circle,-1.000000,112.443158,-16321.699992,1.440908,-0.416314,100.000000,100.000000,0.000000,0.000000,2,4,4,0.0000,0.0000,0.0000,0.5000,"Accelerate",-0.018774
418,A0100,pursuit_chase_v1,UNKNOWN,12136.850812,24549.739013,7850.260987,10618.661021,-24552.217198,15124.614007,462.296041,24585.948706,376.594876,3686.363134,60.611560,0.068640,False,False,False,False,True,True,True,1-circle,-1.000000,113.724732,-16939.381600,-2.022602,-0.263128,100.000000,100.000000,0.000000,0.000000,2,4,4,0.0000,0.0000,0.0000,0.5000,"PursuitChaseOptimal",0.034883
418,B0100,aggressive,UNKNOWN,12136.850812,24549.739013,7850.260987,10618.661021,-24552.217198,15124.614007,462.296041,24585.948706,376.594876,3686.363134,60.611560,0.068640,False,False,False,False,True,True,True,1-circle,-1.000000,113.724732,-16939.381600,-2.022602,-0.263128,100.000000,100.000000,0.000000,0.000000,2,4,4,0.0000,0.0000,0.0000,0.5000,"Accelerate",-0.032487
419,A0100,pursuit_chase_v1,UNKNOWN,12136.850812,24549.739013,7850.260987,10618.661021,-24552.217198,15124.614007,462.296041,24585.948706,376.594876,3686.363134,60.611560,0.068640,False,False,False,False,True,True,True,1-circle,-1.000000,113.724732,-16939.381600,-2.022602,-0.263128,100.000000,100.000000,0.000000,0.000000,2,4,4,0.0000,0.0000,0.0000,0.5000,"PursuitChaseOptimal",0.000574
419,B0100,aggressive,UNKNOWN,12136.850812,24549.739013,7850.260987,10618.661021,-24552.217198,15124.614007,462.296041,24585.948706,376.594876,3686.363134,60.611560,0.068640,False,False,False,False,True,True,True,1-circle,-1.000000,113.724732,-16939.381600,-2.022602,-0.263128,100.000000,100.000000,0.000000,0.000000,2,4,4,0.0000,0.0000,0.0000,0.5000,"Accelerate",-0.005007
420,A0100,pursuit_chase_v1,UNKNOWN,12126.950529,24627.593301,7772.406699,10529.247505,-24630.399497,15123.617326,463.057105,24616.129518,603.616231,3708.318049,57.740928,0.054745,False,False,False,False,True,True,True,1-circle,-1.000000,115.570696,-16862.596128,-1.615869,-0.494349,100.000000,100.000000,0.000000,0.000000,2,3,4,0.0000,0.0000,0.0000,0.5000,"PursuitChaseOptimal",-0.026076
420,B0100,aggressive,UNKNOWN,12126.950529,24627.593301,7772.406699,10529.247505,-24630.399497,15123.617326,463.057105,24616.129518,603.616231,3708.318049,57.740928,0.054745,False,False,False,False,True,True,True,1-circle,-1.000000,115.570696,-16862.596128,-1.615869,-0.494349,100.000000,100.000000,0.000000,0.000000,2,4,4,0.0000,0.0000,0.0000,0.5000,"Accelerate",0.016491
421,A0100,pursuit_chase_v1,UNKNOWN,12126.950529,24627.593301,7772.406699,10529.247505,-24630.399497,15123.617326,463.057105,24616.129518,603.616231,3708.318049,57.740928,0.054745,False,False,False,False,True,True,True,1-circle,-1.000000,115.570696,-16862.596128,-1.615869,-0.494349,100.000000,100.000000,0.000000,0.000000,2,3,4,0.0000,0.0000,0.0000,0.5000,"PursuitChaseOptimal",-0.004259
421,B0100,aggressive,UNKNOWN,12126.950529,24627.593301,7772.406699,10529.247505,-24630.399497,15123.617326,463.057105,24616.129518,603.616231,3708.318049,57.740928,0.054745,False,False,False,False,True,True,True,1-circle,-1.000000,115.570696,-16862.596128,-1.615869,-0.494349,100.000000,100.000000,0.000000,0.000000,2,4,4,0.0000,0.0000,0.0000,0.5000,"Accelerate",-0.000916
422,A0100,pursuit_chase_v1,UNKNOWN,12117.559318,24702.549913,7697.450087,10455.468291,-24706.103348,15122.448716,463.936200,24651.037399,698.157633,3739.619221,54.676849,0.024967,False,False,False,False,True,True,True,1-circle,-1.000000,118.130127,-16437.724457,0.738386,-0.846180,100.000000,100.000000,0.000000,0.000000,2,3,4,0.0000,0.0000,0.0000,0.5000,"PursuitChaseOptimal",0.019801
422,B0100,aggressive,UNKNOWN,12117.559318,24702.549913,7697.450087,10455.468291,-24706.103348,15122.448716,463.936200,24651.037399,698.157633,3739.619221,54.676849,0.024967,False,False,False,False,True,True,True,1-circle,-1.000000,118.130127,-16437.724457,0.738386,-0.846180,100.000000,100.000000,0.000000,0.000000,2,4,4,0.0000,0.0000,0.0000,0.5000,"Accelerate",-0.020437
423,A0100,pursuit_chase_v1,UNKNOWN,12117.559318,24702.549913,7697.450087,10455.468291,-24706.103348,15122.448716,463.936200,24651.037399,698.157633,3739.619221,54.676849,0.024967,False,False,False,False,True,True,True,1-circle,-1.000000,118.130127,-16437.724457,0.738386,-0.846180,100.000000,100.000000,0.000000,0.000000,2,3,4,0.0000,0.0000,0.0000,0.5000,"PursuitChaseOptimal",0.043189
423,B0100,aggressive,UNKNOWN,12117.559318,24702.549913,7697.450087,10455.468291,-24706.103348,15122.448716,463.936200,24651.037399,698.157633,3739.619221,54.676849,0.024967,False,False,False,False,True,True,True,1-circle,-1.000000,118.130127,-16437.724457,0.738386,-0.846180,100.000000,100.000000,0.000000,0.000000,2,4,4,0.0000,0.0000,0.0000,0.5000,"Accelerate",-0.038784
424,A0100,pursuit_chase_v1,UNKNOWN,12108.697634,24778.312634,7621.687366,10358.644180,-24782.562909,15121.045604,464.711767,24681.518993,609.631866,3777.980545,51.672013,0.060800,False,False,False,False,True,True,True,1-circle,-1.000000,121.524983,-16248.119081,1.800442,-1.014924,100.000000,100.000000,0.000000,0.000000,2,3,4,0.0000,0.0000,0.0000,0.5000,"PursuitChaseOptimal",0.074837
424,B0100,aggressive,UNKNOWN,12108.697634,24778.312634,7621.687366,10358.644180,-24782.562909,15121.045604,464.711767,24681.518993,609.631866,3777.980545,51.672013,0.060800,False,False,False,False,True,True,True,1-circle,-1.000000,121.524983,-16248.119081,1.800442,-1.014924,100.000000,100.000000,0.000000,0.000000,2,4,4,0.0000,0.0000,0.0000,0.5000,"Accelerate",-0.063940
425,A0100,pursuit_chase_v1,UNKNOWN,12108.697634,24778.312634,7621.687366,10358.644180,-24782.562909,15121.045604,464.711767,24681.518993,609.631866,3777.980545,51.672013,0.060800,False,False,False,False,True,True,True,1-circle,-1.000000,121.524983,-16248.119081,1.800442,-1.014924,100.000000,100.000000,0.000000,0.000000,2,3,4,0.0000,0.0000,0.0000,0.5000,"PursuitChaseOptimal",0.121198
425,B0100,aggressive,UNKNOWN,12108.697634,24778.312634,7621.687366,10358.644180,-24782.562909,15121.045604,464.711767,24681.518993,609.631866,3777.980545,51.672013,0.060800,False,False,False,False,True,True,True,1-circle,-1.000000,121.524983,-16248.119081,1.800442,-1.014924,100.000000,100.000000,0.000000,0.000000,2,4,4,0.0000,0.0000,0.0000,0.5000,"Accelerate",-0.100558
426,A0100,pursuit_chase_v1,UNKNOWN,12100.329191,24850.070355,7549.929645,10234.122275,-24854.280927,15119.613199,465.309587,24704.700198,463.624100,3828.390600,48.853571,0.040214,False,False,False,False,True,True,True,1-circle,-1.000000,125.613260,-16790.492428,-1.192468,-0.800000,100.000000,100.000000,0.000000,0.000000,2,4,4,0.0000,0.0000,0.0000,0.5000,"PursuitChaseOptimal",0.168906
426,B0100,aggressive,UNKNOWN,12100.329191,24850.070355,7549.929645,10234.122275,-24854.280927,15119.613199,465.309587,24704.700198,463.624100,3828.390600,48.853571,0.040214,False,False,False,False,True,True,True,1-circle,-1.000000,125.613260,-16790.492428,-1.192468,-0.800000,100.000000,100.000000,0.000000,0.000000,2,4,4,0.0000,0.0000,0.0000,0.5000,"Accelerate",-0.138214
427,A0100,pursuit_chase_v1,UNKNOWN,12100.329191,24850.070355,7549.929645,10234.122275,-24854.280927,15119.613199,465.309587,24704.700198,463.624100,3828.390600,48.853571,0.040214,False,False,False,False,True,True,True,1-circle,-1.000000,125.613260,-16790.492428,-1.192468,-0.800000,100.000000,100.000000,0.000000,0.000000,2,4,4,0.0000,0.0000,0.0000,0.5000,"PursuitChaseOptimal",0.155225
427,B0100,aggressive,UNKNOWN,12100.329191,24850.070355,7549.929645,10234.122275,-24854.280927,15119.613199,465.309587,24704.700198,463.624100,3828.390600,48.853571,0.040214,False,False,False,False,True,True,True,1-circle,-1.000000,125.613260,-16790.492428,-1.192468,-0.800000,100.000000,100.000000,0.000000,0.000000,2,4,4,0.0000,0.0000,0.0000,0.5000,"Accelerate",-0.126655
428,A0100,pursuit_chase_v1,UNKNOWN,12092.453166,24925.857736,7474.142264,10079.150461,-24930.768721,15118.164672,466.120899,24736.705860,640.113254,3893.297365,45.974389,0.023592,False,False,False,False,True,True,True,1-circle,-1.000000,130.395834,-16707.614128,-0.700765,-0.743412,100.000000,100.000000,0.000000,0.000000,2,4,4,0.0000,0.0000,0.0000,0.5000,"PursuitChaseOptimal",0.148907
428,B0100,aggressive,UNKNOWN,12092.453166,24925.857736,7474.142264,10079.150461,-24930.768721,15118.164672,466.120899,24736.705860,640.113254,3893.297365,45.974389,0.023592,False,False,False,False,True,True,True,1-circle,-1.000000,130.395834,-16707.614128,-0.700765,-0.743412,100.000000,100.000000,0.000000,0.000000,2,4,4,0.0000,0.0000,0.0000,0.5000,"Accelerate",-0.120983
429,A0100,pursuit_chase_v1,UNKNOWN,12092.453166,24925.857736,7474.142264,10079.150461,-24930.768721,15118.164672,466.120899,24736.705860,640.113254,3893.297365,45.974389,0.023592,False,False,False,False,True,True,True,1-circle,-1.000000,130.395834,-16707.614128,-0.700765,-0.743412,100.000000,100.000000,0.000000,0.000000,2,4,4,0.0000,0.0000,0.0000,0.5000,"PursuitChaseOptimal",0.139806
429,B0100,aggressive,UNKNOWN,12092.453166,24925.857736,7474.142264,10079.150461,-24930.768721,15118.164672,466.120899,24736.705860,640.113254,3893.297365,45.974389,0.023592,False,False,False,False,True,True,True,1-circle,-1.000000,130.395834,-16707.614128,-0.700765,-0.743412,100.000000,100.000000,0.000000,0.000000,2,4,4,0.0000,0.0000,0.0000,0.5000,"Accelerate",-0.113474
430,A0100,pursuit_chase_v1,UNKNOWN,12085.053693,25000.628836,7399.371164,9934.563059,-25006.493906,15116.503250,466.968415,24770.053722,666.957230,3946.081793,43.319795,0.069678,False,False,False,False,True,True,True,1-circle,-1.000000,135.936046,-16216.111286,2.072386,-0.963035,100.000000,100.000000,0.000000,0.000000,2,4,4,0.0000,0.0000,0.0000,0.5000,"PursuitChaseOptimal",0.118118
430,B0100,aggressive,UNKNOWN,12085.053693,25000.628836,7399.371164,9934.563059,-25006.493906,15116.503250,466.968415,24770.053722,666.957230,3946.081793,43.319795,0.069678,False,False,False,False,True,True,True,1-circle,-1.000000,135.936046,-16216.111286,2.072386,-0.963035,100.000000,100.000000,0.000000,0.000000,2,4,4,0.0000,0.0000,0.0000,0.5000,"Accelerate",-0.095823
431,A0100,pursuit_chase_v1,UNKNOWN,12085.053693,25000.628836,7399.371164,9934.563059,-25006.493906,15116.503250,466.968415,24770.053722,666.957230,3946.081793,43.319795,0.069678,False,False,False,False,True,True,True,1-circle,-1.000000,135.936046,-16216.111286,2.072386,-0.963035,100.000000,100.000000,0.000000,0.000000,2,4,4,0.0000,0.0000,0.0000,0.5000,"PursuitChaseOptimal",0.079757
431,B0100,aggressive,UNKNOWN,12085.053693,25000.628836,7399.371164,9934.563059,-25006.493906,15116.503250,466.968415,24770.053722,666.957230,3946.081793,43.319795,0.069678,False,False,False,False,True,True,True,1-circle,-1.000000,135.936046,-16216.111286,2.072386,-0.963035,100.000000,100.000000,0.000000,0.000000,2,4,4,0.0000,0.0000,0.0000,0.5000,"Accelerate",-0.065748
432,A0100,pursuit_chase_v1,UNKNOWN,12078.081068,25071.301518,7328.698482,9813.443401,-25077.076493,15114.795022,467.568138,24793.157353,462.072629,3977.786078,40.966915,0.022463,False,False,False,False,True,True,True,1-circle,-1.000000,141.956996,-16477.484876,0.669164,-0.781771,100.000000,100.000000,0.000000,0.000000,2,4,4,0.0000,0.0000,0.0000,0.5000,"PursuitChaseOptimal",0.022617
432,B0100,aggressive,UNKNOWN,12078.081068,25071.301518,7328.698482,9813.443401,-25077.076493,15114.795022,467.568138,24793.157353,462.072629,3977.786078,40.966915,0.022463,False,False,False,False,True,True,True,1-circle,-1.000000,141.956996,-16477.484876,0.669164,-0.781771,100.000000,100.000000,0.000000,0.000000,2,4,4,0.0000,0.0000,0.0000,0.5000,"Accelerate",-0.021322
433,A0100,pursuit_chase_v1,UNKNOWN,12078.081068,25071.301518,7328.698482,9813.443401,-25077.076493,15114.795022,467.568138,24793.157353,462.072629,3977.786078,40.966915,0.022463,False,False,False,False,True,True,True,1-circle,-1.000000,141.956996,-16477.484876,0.669164,-0.781771,100.000000,100.000000,0.000000,0.000000,2,4,4,0.0000,0.0000,0.0000,0.5000,"PursuitChaseOptimal",-0.041826
433,B0100,aggressive,UNKNOWN,12078.081068,25071.301518,7328.698482,9813.443401,-25077.076493,15114.795022,467.568138,24793.157353,462.072629,3977.786078,40.966915,0.022463,False,False,False,False,True,True,True,1-circle,-1.000000,141.956996,-16477.484876,0.669164,-0.781771,100.000000,100.000000,0.000000,0.000000,2,4,4,0.0000,0.0000,0.0000,0.5000,"Accelerate",0.028235
434,A0100,pursuit_chase_v1,UNKNOWN,12071.523841,25142.782091,7257.217909,9738.776925,-25148.425110,15113.227911,468.157009,24815.984088,456.534696,3995.791216,38.399696,0.041490,False,False,False,False,True,True,True,1-circle,-1.000000,148.126189,-16829.558676,-1.237252,-0.614418,100.000000,100.000000,0.000000,0.000000,2,4,4,0.0000,0.0000,0.0000,0.5000,"PursuitChaseOptimal",-0.105005
434,B0100,aggressive,UNKNOWN,12071.523841,25142.782091,7257.217909,9738.776925,-25148.425110,15113.227911,468.157009,24815.984088,456.534696,3995.791216,38.399696,0.041490,False,False,False,False,True,True,True,1-circle,-1.000000,148.126189,-16829.558676,-1.237252,-0.614418,100.000000,100.000000,0.000000,0.000000,2,4,4,0.0000,0.0000,0.0000,0.5000,"Accelerate",0.077360
435,A0100,pursuit_chase_v1,UNKNOWN,12071.523841,25142.782091,7257.217909,9738.776925,-25148.425110,15113.227911,468.157009,24815.984088,456.534696,3995.791216,38.399696,0.041490,False,False,False,False,True,True,True,1-circle,-1.000000,148.126189,-16829.558676,-1.237252,-0.614418,100.000000,100.000000,0.000000,0.000000,2,4,4,0.0000,0.0000,0.0000,0.5000,"PursuitChaseOptimal",-0.161098
435,B0100,aggressive,UNKNOWN,12071.523841,25142.782091,7257.217909,9738.776925,-25148.425110,15113.227911,468.157009,24815.984088,456.534696,3995.791216,38.399696,0.041490,False,False,False,False,True,True,True,1-circle,-1.000000,148.126189,-16829.558676,-1.237252,-0.614418,100.000000,100.000000,0.000000,0.000000,2,4,4,0.0000,0.0000,0.0000,0.5000,"Accelerate",0.121474
436,A0100,pursuit_chase_v1,UNKNOWN,12065.416275,25215.125794,7184.874206,9721.746100,-25221.802067,15111.604774,469.005688,24849.571319,671.744612,3995.259003,35.742975,0.032524,False,False,False,False,True,True,True,1-circle,-1.000000,154.410990,-16440.877784,0.971559,-0.841876,100.000000,100.000000,0.000000,0.000000,2,3,3,0.0000,0.0000,0.0000,0.5000,"PursuitChaseOptimal",-0.203287
436,B0100,aggressive,UNKNOWN,12065.416275,25215.125794,7184.874206,9721.746100,-25221.802067,15111.604774,469.005688,24849.571319,671.744612,3995.259003,35.742975,0.032524,False,False,False,False,True,True,True,1-circle,-1.000000,154.410990,-16440.877784,0.971559,-0.841876,100.000000,100.000000,0.000000,0.000000,2,4,4,0.0000,0.0000,0.0000,0.5000,"Accelerate",0.155097
437,A0100,pursuit_chase_v1,UNKNOWN,12065.416275,25215.125794,7184.874206,9721.746100,-25221.802067,15111.604774,469.005688,24849.571319,671.744612,3995.259003,35.742975,0.032524,False,False,False,False,True,True,True,1-circle,-1.000000,154.410990,-16440.877784,0.971559,-0.841876,100.000000,100.000000,0.000000,0.000000,2,3,3,0.0000,0.0000,0.0000,0.5000,"PursuitChaseOptimal",-0.227271
437,B0100,aggressive,UNKNOWN,12065.416275,25215.125794,7184.874206,9721.746100,-25221.802067,15111.604774,469.005688,24849.571319,671.744612,3995.259003,35.742975,0.032524,False,False,False,False,True,True,True,1-circle,-1.000000,154.410990,-16440.877784,0.971559,-0.841876,100.000000,100.000000,0.000000,0.000000,2,4,4,0.0000,0.0000,0.0000,0.5000,"Accelerate",0.175454
438,A0100,pursuit_chase_v1,UNKNOWN,12059.760780,25288.189973,7111.810027,9746.217058,-25295.288265,15109.847758,469.695276,24876.471179,537.997204,3970.265493,33.063565,0.076367,False,False,False,False,True,True,True,1-circle,-1.000000,160.578232,-16212.988157,2.283344,-0.837339,100.000000,100.000000,0.000000,0.000000,2,3,3,0.0000,0.0000,0.0000,0.5000,"PursuitChaseOptimal",-0.189852
438,B0100,aggressive,UNKNOWN,12059.760780,25288.189973,7111.810027,9746.217058,-25295.288265,15109.847758,469.695276,24876.471179,537.997204,3970.265493,33.063565,0.076367,False,False,False,False,True,True,True,1-circle,-1.000000,160.578232,-16212.988157,2.283344,-0.837339,100.000000,100.000000,0.000000,0.000000,2,4,4,0.0000,0.0000,0.0000,0.5000,"Accelerate",0.147004
439,A0100,pursuit_chase_v1,UNKNOWN,12059.760780,25288.189973,7111.810027,9746.217058,-25295.288265,15109.847758,469.695276,24876.471179,537.997204,3970.265493,33.063565,0.076367,False,False,False,False,True,True,True,1-circle,-1.000000,160.578232,-16212.988157,2.283344,-0.837339,100.000000,100.000000,0.000000,0.000000,2,3,3,0.0000,0.0000,0.0000,0.5000,"PursuitChaseOptimal",-0.160334
439,B0100,aggressive,UNKNOWN,12059.760780,25288.189973,7111.810027,9746.217058,-25295.288265,15109.847758,469.695276,24876.471179,537.997204,3970.265493,33.063565,0.076367,False,False,False,False,True,True,True,1-circle,-1.000000,160.578232,-16212.988157,2.283344,-0.837339,100.000000,100.000000,0.000000,0.000000,2,4,4,0.0000,0.0000,0.0000,0.5000,"Accelerate",0.124403
440,A0100,pursuit_chase_v1,UNKNOWN,12054.546709,25358.550075,7041.449925,9757.946080,-25365.123030,15108.187572,470.195672,24895.632082,383.218070,3948.135190,30.460322,0.022758,False,False,False,False,True,True,True,1-circle,-1.000000,166.246983,-16753.248802,-0.681450,-0.656769,100.000000,100.000000,0.000000,0.000000,2,3,3,0.0000,0.0000,0.0000,0.5000,"PursuitChaseOptimal",-0.138570
440,B0100,aggressive,UNKNOWN,12054.546709,25358.550075,7041.449925,9757.946080,-25365.123030,15108.187572,470.195672,24895.632082,383.218070,3948.135190,30.460322,0.022758,False,False,False,False,True,True,True,1-circle,-1.000000,166.246983,-16753.248802,-0.681450,-0.656769,100.000000,100.000000,0.000000,0.000000,2,4,4,0.0000,0.0000,0.0000,0.5000,"Accelerate",0.107265
441,A0100,pursuit_chase_v1,UNKNOWN,12054.546709,25358.550075,7041.449925,9757.946080,-25365.123030,15108.187572,470.195672,24895.632082,383.218070,3948.135190,30.460322,0.022758,False,False,False,False,True,True,True,1-circle,-1.000000,166.246983,-16753.248802,-0.681450,-0.656769,100.000000,100.000000,0.000000,0.000000,2,3,3,0.0000,0.0000,0.0000,0.5000,"PursuitChaseOptimal",-0.110301
441,B0100,aggressive,UNKNOWN,12054.546709,25358.550075,7041.449925,9757.946080,-25365.123030,15108.187572,470.195672,24895.632082,383.218070,3948.135190,30.460322,0.022758,False,False,False,False,True,True,True,1-circle,-1.000000,166.246983,-16753.248802,-0.681450,-0.656769,100.000000,100.000000,0.000000,0.000000,2,4,4,0.0000,0.0000,0.0000,0.5000,"Accelerate",0.084977
442,A0100,pursuit_chase_v1,UNKNOWN,12049.816170,25433.197311,6966.802689,9739.587643,-25440.009819,15106.636568,470.907301,24923.729602,561.950396,3963.194824,27.235560,0.004496,False,False,False,False,True,True,True,1-circle,-1.000000,171.528959,-16660.212907,-0.134807,-0.495426,100.000000,100.000000,0.000000,0.000000,2,3,3,0.0000,0.0000,0.0000,0.5000,"PursuitChaseOptimal",-0.071060
442,B0100,aggressive,UNKNOWN,12049.816170,25433.197311,6966.802689,9739.587643,-25440.009819,15106.636568,470.907301,24923.729602,561.950396,3963.194824,27.235560,0.004496,False,False,False,False,True,True,True,1-circle,-1.000000,171.528959,-16660.212907,-0.134807,-0.495426,100.000000,100.000000,0.000000,0.000000,2,4,4,0.0000,0.0000,0.0000,0.5000,"Accelerate",0.053557
443,A0100,pursuit_chase_v1,UNKNOWN,12049.816170,25433.197311,6966.802689,9739.587643,-25440.009819,15106.636568,470.907301,24923.729602,561.950396,3963.194824,27.235560,0.004496,False,False,False,False,True,True,True,1-circle,-1.000000,171.528959,-16660.212907,-0.134807,-0.495426,100.000000,100.000000,0.000000,0.000000,2,3,3,0.0000,0.0000,0.0000,0.5000,"PursuitChaseOptimal",-0.023134
443,B0100,aggressive,UNKNOWN,12049.816170,25433.197311,6966.802689,9739.587643,-25440.009819,15106.636568,470.907301,24923.729602,561.950396,3963.194824,27.235560,0.004496,False,False,False,False,True,True,True,1-circle,-1.000000,171.528959,-16660.212907,-0.134807,-0.495426,100.000000,100.000000,0.000000,0.000000,2,4,4,0.0000,0.0000,0.0000,0.5000,"Accelerate",0.014611
444,A0100,pursuit_chase_v1,UNKNOWN,12045.658191,25507.767094,6892.232906,9677.630223,-25515.137015,15105.022793,471.730102,24956.451961,654.447186,4008.508844,23.906432,0.088534,False,False,False,False,True,True,True,1-circle,-1.000000,176.986793,-16163.265297,2.657230,-0.344623,100.000000,100.000000,0.000000,0.000000,2,3,4,0.0000,0.0000,0.0000,0.5000,"PursuitChaseOptimal",0.039566
444,B0100,aggressive,UNKNOWN,12045.658191,25507.767094,6892.232906,9677.630223,-25515.137015,15105.022793,471.730102,24956.451961,654.447186,4008.508844,23.906432,0.088534,False,False,False,False,True,True,True,1-circle,-1.000000,176.986793,-16163.265297,2.657230,-0.344623,100.000000,100.000000,0.000000,0.000000,2,4,4,0.0000,0.0000,0.0000,0.5000,"Accelerate",-0.035942
445,A0100,pursuit_chase_v1,UNKNOWN,12045.658191,25507.767094,6892.232906,9677.630223,-25515.137015,15105.022793,471.730102,24956.451961,654.447186,4008.508844,23.906432,0.088534,False,False,False,False,True,True,True,1-circle,-1.000000,176.986793,-16163.265297,2.657230,-0.344623,100.000000,100.000000,0.000000,0.000000,2,3,4,0.0000,0.0000,0.0000,0.5000,"PursuitChaseOptimal",0.116491
445,B0100,aggressive,UNKNOWN,12045.658191,25507.767094,6892.232906,9677.630223,-25515.137015,15105.022793,471.730102,24956.451961,654.447186,4008.508844,23.906432,0.088534,False,False,False,False,True,True,True,1-circle,-1.000000,176.986793,-16163.265297,2.657230,-0.344623,100.000000,100.000000,0.000000,0.000000,2,4,4,0.0000,0.0000,0.0000,0.5000,"Accelerate",-0.098005
446,A0100,pursuit_chase_v1,UNKNOWN,12041.997591,25579.279683,6820.720317,9548.498600,-25586.022346,15103.476681,472.261595,24977.117334,413.307446,4048.292319,21.523765,0.040614,False,False,False,False,True,True,True,1-circle,-1.000000,182.988012,-16428.614377,1.220937,-0.223139,100.000000,100.000000,0.000000,0.000000,2,3,4,0.0000,0.0000,0.0000,0.5000,"PursuitChaseOptimal",0.204079
446,B0100,aggressive,UNKNOWN,12041.997591,25579.279683,6820.720317,9548.498600,-25586.022346,15103.476681,472.261595,24977.117334,413.307446,4048.292319,21.523765,0.040614,False,False,False,False,True,True,True,1-circle,-1.000000,182.988012,-16428.614377,1.220937,-0.223139,100.000000,100.000000,0.000000,0.000000,2,4,4,0.0000,0.0000,0.0000,0.5000,"Accelerate",-0.167758
447,A0100,pursuit_chase_v1,UNKNOWN,12041.997591,25579.279683,6820.720317,9548.498600,-25586.022346,15103.476681,472.261595,24977.117334,413.307446,4048.292319,21.523765,0.040614,False,False,False,False,True,True,True,1-circle,-1.000000,182.988012,-16428.614377,1.220937,-0.223139,100.000000,100.000000,0.000000,0.000000,2,3,4,0.0000,0.0000,0.0000,0.5000,"PursuitChaseOptimal",0.286583
447,B0100,aggressive,UNKNOWN,12041.997591,25579.279683,6820.720317,9548.498600,-25586.022346,15103.476681,472.261595,24977.117334,413.307446,4048.292319,21.523765,0.040614,False,False,False,False,True,True,True,1-circle,-1.000000,182.988012,-16428.614377,1.220937,-0.223139,100.000000,100.000000,0.000000,0.000000,2,4,4,0.0000,0.0000,0.0000,0.5000,"Accelerate",-0.232409
448,A0100,pursuit_chase_v1,UNKNOWN,12038.700850,25650.365068,6749.634932,9333.220206,-25656.589815,15102.168148,472.788201,24997.840746,414.468236,4112.657503,19.567411,0.021884,False,False,False,False,True,True,True,1-circle,-1.000000,189.750982,-16775.483247,-0.658607,-0.133518,100.000000,100.000000,0.000000,0.000000,2,3,4,0.0000,0.0000,0.0000,0.5000,"PursuitChaseOptimal",0.342882
448,B0100,aggressive,UNKNOWN,12038.700850,25650.365068,6749.634932,9333.220206,-25656.589815,15102.168148,472.788201,24997.840746,414.468236,4112.657503,19.567411,0.021884,False,False,False,False,True,True,True,1-circle,-1.000000,189.750982,-16775.483247,-0.658607,-0.133518,100.000000,100.000000,0.000000,0.000000,2,4,4,0.0000,0.0000,0.0000,0.5000,"Accelerate",-0.274335
449,A0100,pursuit_chase_v1,UNKNOWN,12038.700850,25650.365068,6749.634932,9333.220206,-25656.589815,15102.168148,472.788201,24997.840746,414.468236,4112.657503,19.567411,0.021884,False,False,False,False,True,True,True,1-circle,-1.000000,189.750982,-16775.483247,-0.658607,-0.133518,100.000000,100.000000,0.000000,0.000000,2,3,4,0.0000,0.0000,0.0000,0.5000,"PursuitChaseOptimal",0.393497
449,B0100,aggressive,UNKNOWN,12038.700850,25650.365068,6749.634932,9333.220206,-25656.589815,15102.168148,472.788201,24997.840746,414.468236,4112.657503,19.567411,0.021884,False,False,False,False,True,True,True,1-circle,-1.000000,189.750982,-16775.483247,-0.658607,-0.133518,100.000000,100.000000,0.000000,0.000000,2,4,4,0.0000,0.0000,0.0000,0.5000,"Accelerate",-0.310477
450,A0100,pursuit_chase_v1,UNKNOWN,12035.775532,25720.249229,6679.750771,9072.325410,-25727.356363,15100.876901,473.580702,25029.752090,638.226888,4214.013665,17.390771,0.052839,False,False,False,False,True,True,True,1-circle,-1.000000,197.493836,-16381.084121,1.592373,-0.419386,100.000000,100.000000,0.000000,0.000000,2,4,4,0.0000,0.0000,0.0000,0.5000,"PursuitChaseOptimal",0.435616
450,B0100,aggressive,UNKNOWN,12035.775532,25720.249229,6679.750771,9072.325410,-25727.356363,15100.876901,473.580702,25029.752090,638.226888,4214.013665,17.390771,0.052839,False,False,False,False,True,True,True,1-circle,-1.000000,197.493836,-16381.084121,1.592373,-0.419386,100.000000,100.000000,0.000000,0.000000,2,4,4,0.0000,0.0000,0.0000,0.5000,"Accelerate",-0.339113
451,A0100,pursuit_chase_v1,UNKNOWN,12035.775532,25720.249229,6679.750771,9072.325410,-25727.356363,15100.876901,473.580702,25029.752090,638.226888,4214.013665,17.390771,0.052839,False,False,False,False,True,True,True,1-circle,-1.000000,197.493836,-16381.084121,1.592373,-0.419386,100.000000,100.000000,0.000000,0.000000,2,4,4,0.0000,0.0000,0.0000,0.5000,"PursuitChaseOptimal",0.434681
451,B0100,aggressive,UNKNOWN,12035.775532,25720.249229,6679.750771,9072.325410,-25727.356363,15100.876901,473.580702,25029.752090,638.226888,4214.013665,17.390771,0.052839,False,False,False,False,True,True,True,1-circle,-1.000000,197.493836,-16381.084121,1.592373,-0.419386,100.000000,100.000000,0.000000,0.000000,2,4,4,0.0000,0.0000,0.0000,0.5000,"Accelerate",-0.333807
452,A0100,pursuit_chase_v1,UNKNOWN,12033.221423,25789.250757,6610.749243,8806.347446,-25796.656929,15099.508252,474.216006,25055.040306,505.764315,4303.599872,15.443666,0.096257,False,False,False,False,True,True,True,1-circle,-1.000000,205.942949,-16157.523046,2.902655,-0.443439,100.000000,100.000000,0.000000,0.000000,2,4,4,0.0000,0.0000,0.0000,0.5000,"PursuitChaseOptimal",0.389733
452,B0100,aggressive,UNKNOWN,12033.221423,25789.250757,6610.749243,8806.347446,-25796.656929,15099.508252,474.216006,25055.040306,505.764315,4303.599872,15.443666,0.096257,False,False,False,False,True,True,True,1-circle,-1.000000,205.942949,-16157.523046,2.902655,-0.443439,100.000000,100.000000,0.000000,0.000000,2,4,4,0.0000,0.0000,0.0000,0.5000,"Accelerate",-0.296197
453,A0100,pursuit_chase_v1,UNKNOWN,12033.221423,25789.250757,6610.749243,8806.347446,-25796.656929,15099.508252,474.216006,25055.040306,505.764315,4303.599872,15.443666,0.096257,False,False,False,False,True,True,True,1-circle,-1.000000,205.942949,-16157.523046,2.902655,-0.443439,100.000000,100.000000,0.000000,0.000000,2,4,4,0.0000,0.0000,0.0000,0.5000,"PursuitChaseOptimal",0.315540
453,B0100,aggressive,UNKNOWN,12033.221423,25789.250757,6610.749243,8806.347446,-25796.656929,15099.508252,474.216006,25055.040306,505.764315,4303.599872,15.443666,0.096257,False,False,False,False,True,True,True,1-circle,-1.000000,205.942949,-16157.523046,2.902655,-0.443439,100.000000,100.000000,0.000000,0.000000,2,4,4,0.0000,0.0000,0.0000,0.5000,"Accelerate",-0.238279
454,A0100,pursuit_chase_v1,UNKNOWN,12030.968202,25855.486388,6544.513612,8594.946979,-25862.116440,15098.281485,474.635729,25071.444402,328.081927,4354.721936,13.802188,0.009013,False,False,False,False,True,True,True,1-circle,-1.000000,214.465413,-16741.277159,-0.272249,-0.290343,100.000000,100.000000,0.000000,0.000000,2,4,4,0.0000,0.0000,0.0000,0.5000,"PursuitChaseOptimal",0.220429
454,B0100,aggressive,UNKNOWN,12030.968202,25855.486388,6544.513612,8594.946979,-25862.116440,15098.281485,474.635729,25071.444402,328.081927,4354.721936,13.802188,0.009013,False,False,False,False,True,True,True,1-circle,-1.000000,214.465413,-16741.277159,-0.272249,-0.290343,100.000000,100.000000,0.000000,0.000000,2,4,4,0.0000,0.0000,0.0000,0.5000,"Accelerate",-0.166138
455,A0100,pursuit_chase_v1,UNKNOWN,12030.968202,25855.486388,6544.513612,8594.946979,-25862.116440,15098.281485,474.635729,25071.444402,328.081927,4354.721936,13.802188,0.009013,False,False,False,False,True,True,True,1-circle,-1.000000,214.465413,-16741.277159,-0.272249,-0.290343,100.000000,100.000000,0.000000,0.000000,2,4,4,0.0000,0.0000,0.0000,0.5000,"PursuitChaseOptimal",0.115955
455,B0100,aggressive,UNKNOWN,12030.968202,25855.486388,6544.513612,8594.946979,-25862.116440,15098.281485,474.635729,25071.444402,328.081927,4354.721936,13.802188,0.009013,False,False,False,False,True,True,True,1-circle,-1.000000,214.465413,-16741.277159,-0.272249,-0.290343,100.000000,100.000000,0.000000,0.000000,2,4,4,0.0000,0.0000,0.0000,0.5000,"Accelerate",-0.088830
456,A0100,pursuit_chase_v1,UNKNOWN,12028.998111,25919.270453,6480.729547,8467.286127,-25925.888141,15097.251623,475.183572,25093.450647,440.124891,4381.754378,12.099291,0.073934,False,False,False,False,True,True,True,1-circle,-1.000000,222.801770,-17106.100641,-2.234487,-0.305907,100.000000,100.000000,0.000000,0.000000,2,4,4,0.0000,0.0000,0.0000,0.5000,"PursuitChaseOptimal",0.005090
456,B0100,aggressive,UNKNOWN,12028.998111,25919.270453,6480.729547,8467.286127,-25925.888141,15097.251623,475.183572,25093.450647,440.124891,4381.754378,12.099291,0.073934,False,False,False,False,True,True,True,1-circle,-1.000000,222.801770,-17106.100641,-2.234487,-0.305907,100.000000,100.000000,0.000000,0.000000,2,4,4,0.0000,0.0000,0.0000,0.5000,"Accelerate",-0.007228
457,A0100,pursuit_chase_v1,UNKNOWN,12028.998111,25919.270453,6480.729547,8467.286127,-25925.888141,15097.251623,475.183572,25093.450647,440.124891,4381.754378,12.099291,0.073934,False,False,False,False,True,True,True,1-circle,-1.000000,222.801770,-17106.100641,-2.234487,-0.305907,100.000000,100.000000,0.000000,0.000000,2,4,4,0.0000,0.0000,0.0000,0.5000,"PursuitChaseOptimal",-0.096991
457,B0100,aggressive,UNKNOWN,12028.998111,25919.270453,6480.729547,8467.286127,-25925.888141,15097.251623,475.183572,25093.450647,440.124891,4381.754378,12.099291,0.073934,False,False,False,False,True,True,True,1-circle,-1.000000,222.801770,-17106.100641,-2.234487,-0.305907,100.000000,100.000000,0.000000,0.000000,2,4,4,0.0000,0.0000,0.0000,0.5000,"Accelerate",0.067999
458,A0100,pursuit_chase_v1,UNKNOWN,12027.334820,25983.387241,6416.612759,8421.987608,-25991.168566,15096.161138,475.961918,25125.134303,633.673130,4386.302013,10.279789,0.008542,False,False,False,False,True,True,True,1-circle,-1.000000,231.142395,-16761.814640,-0.258684,-0.674428,100.000000,100.000000,0.000000,0.000000,2,4,3,0.0000,0.0000,0.0000,0.5000,"PursuitChaseOptimal",-0.184389
458,B0100,aggressive,UNKNOWN,12027.334820,25983.387241,6416.612759,8421.987608,-25991.168566,15096.161138,475.961918,25125.134303,633.673130,4386.302013,10.279789,0.008542,False,False,False,False,True,True,True,1-circle,-1.000000,231.142395,-16761.814640,-0.258684,-0.674428,100.000000,100.000000,0.000000,0.000000,2,4,4,0.0000,0.0000,0.0000,0.5000,"Accelerate",0.132816
459,A0100,pursuit_chase_v1,UNKNOWN,12027.334820,25983.387241,6416.612759,8421.987608,-25991.168566,15096.161138,475.961918,25125.134303,633.673130,4386.302013,10.279789,0.008542,False,False,False,False,True,True,True,1-circle,-1.000000,231.142395,-16761.814640,-0.258684,-0.674428,100.000000,100.000000,0.000000,0.000000,2,4,3,0.0000,0.0000,0.0000,0.5000,"PursuitChaseOptimal",-0.258748
459,B0100,aggressive,UNKNOWN,12027.334820,25983.387241,6416.612759,8421.987608,-25991.168566,15096.161138,475.961918,25125.134303,633.673130,4386.302013,10.279789,0.008542,False,False,False,False,True,True,True,1-circle,-1.000000,231.142395,-16761.814640,-0.258684,-0.674428,100.000000,100.000000,0.000000,0.000000,2,4,4,0.0000,0.0000,0.0000,0.5000,"Accelerate",0.188543
460,A0100,pursuit_chase_v1,UNKNOWN,12025.996925,26047.997237,6352.002763,8442.775130,-26057.262076,15094.892360,476.731001,25156.302344,623.360813,4371.742086,8.270209,0.072815,False,False,False,False,True,True,True,1-circle,-1.000000,239.595598,-16329.217543,2.207323,-0.847976,100.000000,100.000000,0.000000,0.000000,2,3,3,0.0000,0.0000,0.0000,0.5000,"PursuitChaseOptimal",-0.319935
460,B0100,aggressive,UNKNOWN,12025.996925,26047.997237,6352.002763,8442.775130,-26057.262076,15094.892360,476.731001,25156.302344,623.360813,4371.742086,8.270209,0.072815,False,False,False,False,True,True,True,1-circle,-1.000000,239.595598,-16329.217543,2.207323,-0.847976,100.000000,100.000000,0.000000,0.000000,2,4,4,0.0000,0.0000,0.0000,0.5000,"Accelerate",0.236091
461,A0100,pursuit_chase_v1,UNKNOWN,12025.996925,26047.997237,6352.002763,8442.775130,-26057.262076,15094.892360,476.731001,25156.302344,623.360813,4371.742086,8.270209,0.072815,False,False,False,False,True,True,True,1-circle,-1.000000,239.595598,-16329.217543,2.207323,-0.847976,100.000000,100.000000,0.000000,0.000000,2,3,3,0.0000,0.0000,0.0000,0.5000,"PursuitChaseOptimal",-0.340780
461,B0100,aggressive,UNKNOWN,12025.996925,26047.997237,6352.002763,8442.775130,-26057.262076,15094.892360,476.731001,25156.302344,623.360813,4371.742086,8.270209,0.072815,False,False,False,False,True,True,True,1-circle,-1.000000,239.595598,-16329.217543,2.207323,-0.847976,100.000000,100.000000,0.000000,0.000000,2,4,4,0.0000,0.0000,0.0000,0.5000,"Accelerate",0.253991
462,A0100,pursuit_chase_v1,UNKNOWN,12025.000659,26110.767435,6289.232565,8512.929274,-26120.286763,15093.529117,477.342306,25180.758844,489.130012,4329.838500,6.370722,0.017950,False,False,False,False,True,True,True,1-circle,-1.000000,248.028553,-16639.306689,0.545024,-0.625099,100.000000,100.000000,0.000000,0.000000,2,7,1,0.0000,0.0000,0.0000,0.5000,"PursuitChaseOptimal",-0.344279
462,B0100,aggressive,UNKNOWN,12025.000659,26110.767435,6289.232565,8512.929274,-26120.286763,15093.529117,477.342306,25180.758844,489.130012,4329.838500,6.370722,0.017950,False,False,False,False,True,True,True,1-circle,-1.000000,248.028553,-16639.306689,0.545024,-0.625099,100.000000,100.000000,0.000000,0.000000,2,4,4,0.0000,0.0000,0.0000,0.5000,"Accelerate",0.259235
463,A0100,pursuit_chase_v1,UNKNOWN,12025.000659,26110.767435,6289.232565,8512.929274,-26120.286763,15093.529117,477.342306,25180.758844,489.130012,4329.838500,6.370722,0.017950,False,False,False,False,True,True,True,1-circle,-1.000000,248.028553,-16639.306689,0.545024,-0.625099,100.000000,100.000000,0.000000,0.000000,2,7,1,0.0000,0.0000,0.0000,0.5000,"PursuitChaseOptimal",-0.347385
463,B0100,aggressive,UNKNOWN,12025.000659,26110.767435,6289.232565,8512.929274,-26120.286763,15093.529117,477.342306,25180.758844,489.130012,4329.838500,6.370722,0.017950,False,False,False,False,True,True,True,1-circle,-1.000000,248.028553,-16639.306689,0.545024,-0.625099,100.000000,100.000000,0.000000,0.000000,2,4,4,0.0000,0.0000,0.0000,0.5000,"Accelerate",0.264001
464,A0100,pursuit_chase_v1,UNKNOWN,12024.333685,26175.729604,6224.270396,8597.299841,-26185.372822,15092.263188,477.932563,25204.455066,473.924429,4283.683137,4.232230,0.044692,False,False,False,False,True,True,True,1-circle,-1.000000,256.157451,-16991.765501,-1.358369,-0.449112,100.000000,100.000000,0.000000,0.000000,2,7,1,0.0000,0.0000,0.0000,0.5000,"PursuitChaseOptimal",-0.343446
464,B0100,aggressive,UNKNOWN,12024.333685,26175.729604,6224.270396,8597.299841,-26185.372822,15092.263188,477.932563,25204.455066,473.924429,4283.683137,4.232230,0.044692,False,False,False,False,True,True,True,1-circle,-1.000000,256.157451,-16991.765501,-1.358369,-0.449112,100.000000,100.000000,0.000000,0.000000,2,4,4,0.0000,0.0000,0.0000,0.5000,"Accelerate",0.263810
465,A0100,pursuit_chase_v1,UNKNOWN,12024.333685,26175.729604,6224.270396,8597.299841,-26185.372822,15092.263188,477.932563,25204.455066,473.924429,4283.683137,4.232230,0.044692,False,False,False,False,True,True,True,1-circle,-1.000000,256.157451,-16991.765501,-1.358369,-0.449112,100.000000,100.000000,0.000000,0.000000,2,7,1,0.0000,0.0000,0.0000,0.5000,"PursuitChaseOptimal",-0.344106
465,B0100,aggressive,UNKNOWN,12024.333685,26175.729604,6224.270396,8597.299841,-26185.372822,15092.263188,477.932563,25204.455066,473.924429,4283.683137,4.232230,0.044692,False,False,False,False,True,True,True,1-circle,-1.000000,256.157451,-16991.765501,-1.358369,-0.449112,100.000000,100.000000,0.000000,0.000000,2,4,4,0.0000,0.0000,0.0000,0.5000,"Accelerate",0.267341
466,A0100,pursuit_chase_v1,UNKNOWN,12024.077609,26241.547494,6158.452506,8692.608614,-26252.868638,15090.910808,478.764451,25238.335787,677.614431,4252.769183,1.591778,0.030509,False,False,False,False,True,True,True,1-circle,-1.000000,264.057336,-16589.063466,0.928887,-0.690704,100.000000,100.000000,0.000000,0.000000,2,3,3,0.0000,0.0000,0.0000,0.5000,"PursuitChaseOptimal",-0.341973
466,B0100,aggressive,UNKNOWN,12024.077609,26241.547494,6158.452506,8692.608614,-26252.868638,15090.910808,478.764451,25238.335787,677.614431,4252.769183,1.591778,0.030509,False,False,False,False,True,True,True,1-circle,-1.000000,264.057336,-16589.063466,0.928887,-0.690704,100.000000,100.000000,0.000000,0.000000,2,4,4,0.0000,0.0000,0.0000,0.5000,"Accelerate",0.268604
467,A0100,pursuit_chase_v1,UNKNOWN,12024.077609,26241.547494,6158.452506,8692.608614,-26252.868638,15090.910808,478.764451,25238.335787,677.614431,4252.769183,1.591778,0.030509,False,False,False,False,True,True,True,1-circle,-1.000000,264.057336,-16589.063466,0.928887,-0.690704,100.000000,100.000000,0.000000,0.000000,2,3,3,0.0000,0.0000,0.0000,0.5000,"PursuitChaseOptimal",-0.337751
467,B0100,aggressive,UNKNOWN,12024.077609,26241.547494,6158.452506,8692.608614,-26252.868638,15090.910808,478.764451,25238.335787,677.614431,4252.769183,1.591778,0.030509,False,False,False,False,True,True,True,1-circle,-1.000000,264.057336,-16589.063466,0.928887,-0.690704,100.000000,100.000000,0.000000,0.000000,2,4,4,0.0000,0.0000,0.0000,0.5000,"Accelerate",0.268719
468,A0100,pursuit_chase_v1,UNKNOWN,12024.283925,26309.164938,6090.835062,8793.232333,-26321.292093,15089.409584,479.383121,25263.076992,494.824089,4210.205159,-1.159358,0.072052,False,False,False,False,True,True,True,1-circle,-1.000000,271.682201,-16369.169989,2.195437,-0.882429,100.000000,100.000000,0.000000,0.000000,2,3,3,0.0000,0.0000,0.0000,0.5000,"PursuitChaseOptimal",-0.320372
468,B0100,aggressive,UNKNOWN,12024.283925,26309.164938,6090.835062,8793.232333,-26321.292093,15089.409584,479.383121,25263.076992,494.824089,4210.205159,-1.159358,0.072052,False,False,False,False,True,True,True,1-circle,-1.000000,271.682201,-16369.169989,2.195437,-0.882429,100.000000,100.000000,0.000000,0.000000,2,4,4,0.0000,0.0000,0.0000,0.5000,"Accelerate",0.257834
469,A0100,pursuit_chase_v1,UNKNOWN,12024.283925,26309.164938,6090.835062,8793.232333,-26321.292093,15089.409584,479.383121,25263.076992,494.824089,4210.205159,-1.159358,0.072052,False,False,False,False,True,True,True,1-circle,-1.000000,271.682201,-16369.169989,2.195437,-0.882429,100.000000,100.000000,0.000000,0.000000,2,3,3,0.0000,0.0000,0.0000,0.5000,"PursuitChaseOptimal",-0.268943
469,B0100,aggressive,UNKNOWN,12024.283925,26309.164938,6090.835062,8793.232333,-26321.292093,15089.409584,479.383121,25263.076992,494.824089,4210.205159,-1.159358,0.072052,False,False,False,False,True,True,True,1-circle,-1.000000,271.682201,-16369.169989,2.195437,-0.882429,100.000000,100.000000,0.000000,0.000000,2,4,4,0.0000,0.0000,0.0000,0.5000,"Accelerate",0.218422
470,A0100,pursuit_chase_v1,UNKNOWN,12024.951712,26375.247609,6024.752391,8880.935212,-26386.839164,15087.987860,479.839384,25281.030468,359.069523,4173.636607,-4.032944,0.027990,False,False,False,False,True,True,True,1-circle,-1.000000,278.724019,-16924.631934,-0.853951,-0.678714,100.000000,100.000000,0.000000,0.000000,2,3,3,0.0000,0.0000,0.0000,0.5000,"PursuitChaseOptimal",-0.234912
470,B0100,aggressive,UNKNOWN,12024.951712,26375.247609,6024.752391,8880.935212,-26386.839164,15087.987860,479.839384,25281.030468,359.069523,4173.636607,-4.032944,0.027990,False,False,False,False,True,True,True,1-circle,-1.000000,278.724019,-16924.631934,-0.853951,-0.678714,100.000000,100.000000,0.000000,0.000000,2,4,4,0.0000,0.0000,0.0000,0.5000,"Accelerate",0.191964
471,A0100,pursuit_chase_v1,UNKNOWN,12024.951712,26375.247609,6024.752391,8880.935212,-26386.839164,15087.987860,479.839384,25281.030468,359.069523,4173.636607,-4.032944,0.027990,False,False,False,False,True,True,True,1-circle,-1.000000,278.724019,-16924.631934,-0.853951,-0.678714,100.000000,100.000000,0.000000,0.000000,2,3,3,0.0000,0.0000,0.0000,0.5000,"PursuitChaseOptimal",-0.194816
471,B0100,aggressive,UNKNOWN,12024.951712,26375.247609,6024.752391,8880.935212,-26386.839164,15087.987860,479.839384,25281.030468,359.069523,4173.636607,-4.032944,0.027990,False,False,False,False,True,True,True,1-circle,-1.000000,278.724019,-16924.631934,-0.853951,-0.678714,100.000000,100.000000,0.000000,0.000000,2,4,4,0.0000,0.0000,0.0000,0.5000,"Accelerate",0.160006
472,A0100,pursuit_chase_v1,UNKNOWN,12026.135276,26445.024862,5954.975138,8927.849418,-26457.459420,15086.642726,480.499297,25307.741190,534.214449,4174.175723,-7.386702,0.006931,False,False,False,False,True,True,True,1-circle,-1.000000,285.213226,-16814.242314,-0.211758,-0.649600,100.000000,100.000000,0.000000,0.000000,2,3,2,0.0000,0.0000,0.0000,0.5000,"PursuitChaseOptimal",-0.139147
472,B0100,aggressive,UNKNOWN,12026.135276,26445.024862,5954.975138,8927.849418,-26457.459420,15086.642726,480.499297,25307.741190,534.214449,4174.175723,-7.386702,0.006931,False,False,False,False,True,True,True,1-circle,-1.000000,285.213226,-16814.242314,-0.211758,-0.649600,100.000000,100.000000,0.000000,0.000000,2,4,4,0.0000,0.0000,0.0000,0.5000,"Accelerate",0.114114
473,A0100,pursuit_chase_v1,UNKNOWN,12026.135276,26445.024862,5954.975138,8927.849418,-26457.459420,15086.642726,480.499297,25307.741190,534.214449,4174.175723,-7.386702,0.006931,False,False,False,False,True,True,True,1-circle,-1.000000,285.213226,-16814.242314,-0.211758,-0.649600,100.000000,100.000000,0.000000,0.000000,2,3,2,0.0000,0.0000,0.0000,0.5000,"PursuitChaseOptimal",-0.072588
473,B0100,aggressive,UNKNOWN,12026.135276,26445.024862,5954.975138,8927.849418,-26457.459420,15086.642726,480.499297,25307.741190,534.214449,4174.175723,-7.386702,0.006931,False,False,False,False,True,True,True,1-circle,-1.000000,285.213226,-16814.242314,-0.211758,-0.649600,100.000000,100.000000,0.000000,0.000000,2,4,4,0.0000,0.0000,0.0000,0.5000,"Accelerate",0.057966
474,A0100,pursuit_chase_v1,UNKNOWN,12027.922138,26514.569789,5885.430211,8915.945951,-26528.535310,15085.152125,481.237193,25337.667482,598.525834,4224.517708,-11.024802,0.085657,False,False,False,False,True,True,True,1-circle,-1.000000,291.554090,-16309.488436,2.618734,-0.876459,100.000000,100.000000,0.000000,0.000000,2,3,4,0.0000,0.0000,0.0000,0.5000,"PursuitChaseOptimal",0.007399
474,B0100,aggressive,UNKNOWN,12027.922138,26514.569789,5885.430211,8915.945951,-26528.535310,15085.152125,481.237193,25337.667482,598.525834,4224.517708,-11.024802,0.085657,False,False,False,False,True,True,True,1-circle,-1.000000,291.554090,-16309.488436,2.618734,-0.876459,100.000000,100.000000,0.000000,0.000000,2,4,4,0.0000,0.0000,0.0000,0.5000,"Accelerate",-0.009663
475,A0100,pursuit_chase_v1,UNKNOWN,12027.922138,26514.569789,5885.430211,8915.945951,-26528.535310,15085.152125,481.237193,25337.667482,598.525834,4224.517708,-11.024802,0.085657,False,False,False,False,True,True,True,1-circle,-1.000000,291.554090,-16309.488436,2.618734,-0.876459,100.000000,100.000000,0.000000,0.000000,2,3,4,0.0000,0.0000,0.0000,0.5000,"PursuitChaseOptimal",0.094075
475,B0100,aggressive,UNKNOWN,12027.922138,26514.569789,5885.430211,8915.945951,-26528.535310,15085.152125,481.237193,25337.667482,598.525834,4224.517708,-11.024802,0.085657,False,False,False,False,True,True,True,1-circle,-1.000000,291.554090,-16309.488436,2.618734,-0.876459,100.000000,100.000000,0.000000,0.000000,2,4,4,0.0000,0.0000,0.0000,0.5000,"Accelerate",-0.083147
476,A0100,pursuit_chase_v1,UNKNOWN,12030.178270,26582.066643,5817.933357,8821.082455,-26595.765472,15083.640971,481.755377,25358.247493,411.600214,4240.971415,-12.754446,0.034556,False,False,False,False,True,True,True,1-circle,-1.000000,297.815333,-16594.886474,1.058110,-0.678873,100.000000,100.000000,0.000000,0.000000,2,3,4,0.0000,0.0000,0.0000,0.5000,"PursuitChaseOptimal",0.191492
476,B0100,aggressive,UNKNOWN,12030.178270,26582.066643,5817.933357,8821.082455,-26595.765472,15083.640971,481.755377,25358.247493,411.600214,4240.971415,-12.754446,0.034556,False,False,False,False,True,True,True,1-circle,-1.000000,297.815333,-16594.886474,1.058110,-0.678873,100.000000,100.000000,0.000000,0.000000,2,4,4,0.0000,0.0000,0.0000,0.5000,"Accelerate",-0.164727
477,A0100,pursuit_chase_v1,UNKNOWN,12030.178270,26582.066643,5817.933357,8821.082455,-26595.765472,15083.640971,481.755377,25358.247493,411.600214,4240.971415,-12.754446,0.034556,False,False,False,False,True,True,True,1-circle,-1.000000,297.815333,-16594.886474,1.058110,-0.678873,100.000000,100.000000,0.000000,0.000000,2,3,4,0.0000,0.0000,0.0000,0.5000,"PursuitChaseOptimal",0.291760
477,B0100,aggressive,UNKNOWN,12030.178270,26582.066643,5817.933357,8821.082455,-26595.765472,15083.640971,481.755377,25358.247493,411.600214,4240.971415,-12.754446,0.034556,False,False,False,False,True,True,True,1-circle,-1.000000,297.815333,-16594.886474,1.058110,-0.678873,100.000000,100.000000,0.000000,0.000000,2,4,4,0.0000,0.0000,0.0000,0.5000,"Accelerate",-0.247163
478,A0100,pursuit_chase_v1,UNKNOWN,12032.621720,26649.817678,5750.182322,8633.041157,-26663.162998,15082.290236,482.259433,25378.408446,403.219057,4270.281535,-13.494434,0.026571,False,False,False,False,True,True,True,1-circle,-1.000000,303.885354,-16936.056470,-0.814420,-0.511534,100.000000,100.000000,0.000000,0.000000,2,3,4,0.0000,0.0000,0.0000,0.5000,"PursuitChaseOptimal",0.344029
478,B0100,aggressive,UNKNOWN,12032.621720,26649.817678,5750.182322,8633.041157,-26663.162998,15082.290236,482.259433,25378.408446,403.219057,4270.281535,-13.494434,0.026571,False,False,False,False,True,True,True,1-circle,-1.000000,303.885354,-16936.056470,-0.814420,-0.511534,100.000000,100.000000,0.000000,0.000000,2,4,4,0.0000,0.0000,0.0000,0.5000,"Accelerate",-0.287202
479,A0100,pursuit_chase_v1,UNKNOWN,12032.621720,26649.817678,5750.182322,8633.041157,-26663.162998,15082.290236,482.259433,25378.408446,403.219057,4270.281535,-13.494434,0.026571,False,False,False,False,True,True,True,1-circle,-1.000000,303.885354,-16936.056470,-0.814420,-0.511534,100.000000,100.000000,0.000000,0.000000,2,3,4,0.0000,0.0000,0.0000,0.5000,"PursuitChaseOptimal",0.347416
479,B0100,aggressive,UNKNOWN,12032.621720,26649.817678,5750.182322,8633.041157,-26663.162998,15082.290236,482.259433,25378.408446,403.219057,4270.281535,-13.494434,0.026571,False,False,False,False,True,True,True,1-circle,-1.000000,303.885354,-16936.056470,-0.814420,-0.511534,100.000000,100.000000,0.000000,0.000000,2,4,4,0.0000,0.0000,0.0000,0.5000,"Accelerate",-0.286207
480,A0100,pursuit_chase_v1,UNKNOWN,12035.174437,26715.450423,5684.549577,8414.591616,-26730.421379,15080.906155,483.009991,25409.097778,613.786636,4321.029943,-14.181897,0.049420,False,False,False,False,True,True,True,1-circle,-1.000000,309.709377,-16520.170203,1.516691,-0.753305,100.000000,100.000000,0.000000,0.000000,2,3,4,0.0000,0.0000,0.0000,0.5000,"PursuitChaseOptimal",0.355090
480,B0100,aggressive,UNKNOWN,12035.174437,26715.450423,5684.549577,8414.591616,-26730.421379,15080.906155,483.009991,25409.097778,613.786636,4321.029943,-14.181897,0.049420,False,False,False,False,True,True,True,1-circle,-1.000000,309.709377,-16520.170203,1.516691,-0.753305,100.000000,100.000000,0.000000,0.000000,2,4,4,0.0000,0.0000,0.0000,0.5000,"Accelerate",-0.288933
481,A0100,pursuit_chase_v1,UNKNOWN,12035.174437,26715.450423,5684.549577,8414.591616,-26730.421379,15080.906155,483.009991,25409.097778,613.786636,4321.029943,-14.181897,0.049420,False,False,False,False,True,True,True,1-circle,-1.000000,309.709377,-16520.170203,1.516691,-0.753305,100.000000,100.000000,0.000000,0.000000,2,3,4,0.0000,0.0000,0.0000,0.5000,"PursuitChaseOptimal",0.357362
481,B0100,aggressive,UNKNOWN,12035.174437,26715.450423,5684.549577,8414.591616,-26730.421379,15080.906155,483.009991,25409.097778,613.786636,4321.029943,-14.181897,0.049420,False,False,False,False,True,True,True,1-circle,-1.000000,309.709377,-16520.170203,1.516691,-0.753305,100.000000,100.000000,0.000000,0.000000,2,4,4,0.0000,0.0000,0.0000,0.5000,"Accelerate",-0.286923
482,A0100,pursuit_chase_v1,UNKNOWN,12037.830975,26781.271596,5618.728404,8207.151171,-26796.805278,15079.411900,483.611979,25433.364155,485.327550,4353.332532,-14.767249,0.090169,False,False,False,False,True,True,True,1-circle,-1.000000,315.117384,-16297.773348,2.768940,-0.725156,100.000000,100.000000,0.000000,0.000000,2,3,4,0.0000,0.0000,0.0000,0.5000,"PursuitChaseOptimal",0.357835
482,B0100,aggressive,UNKNOWN,12037.830975,26781.271596,5618.728404,8207.151171,-26796.805278,15079.411900,483.611979,25433.364155,485.327550,4353.332532,-14.767249,0.090169,False,False,False,False,True,True,True,1-circle,-1.000000,315.117384,-16297.773348,2.768940,-0.725156,100.000000,100.000000,0.000000,0.000000,2,4,4,0.0000,0.0000,0.0000,0.5000,"Accelerate",-0.283891
483,A0100,pursuit_chase_v1,UNKNOWN,12037.830975,26781.271596,5618.728404,8207.151171,-26796.805278,15079.411900,483.611979,25433.364155,485.327550,4353.332532,-14.767249,0.090169,False,False,False,False,True,True,True,1-circle,-1.000000,315.117384,-16297.773348,2.768940,-0.725156,100.000000,100.000000,0.000000,0.000000,2,3,4,0.0000,0.0000,0.0000,0.5000,"PursuitChaseOptimal",0.358966
483,B0100,aggressive,UNKNOWN,12037.830975,26781.271596,5618.728404,8207.151171,-26796.805278,15079.411900,483.611979,25433.364155,485.327550,4353.332532,-14.767249,0.090169,False,False,False,False,True,True,True,1-circle,-1.000000,315.117384,-16297.773348,2.768940,-0.725156,100.000000,100.000000,0.000000,0.000000,2,4,4,0.0000,0.0000,0.0000,0.5000,"Accelerate",-0.281606
484,A0100,pursuit_chase_v1,UNKNOWN,12040.551532,26845.713094,5554.286906,8012.394415,-26860.066555,15078.032233,484.007435,25448.924514,311.207178,4366.217394,-15.188535,0.016416,False,False,False,False,True,True,True,1-circle,-1.000000,319.784560,-16888.776679,-0.504881,-0.536299,100.000000,100.000000,0.000000,0.000000,2,3,4,0.0000,0.0000,0.0000,0.5000,"PursuitChaseOptimal",0.360138
484,B0100,aggressive,UNKNOWN,12040.551532,26845.713094,5554.286906,8012.394415,-26860.066555,15078.032233,484.007435,25448.924514,311.207178,4366.217394,-15.188535,0.016416,False,False,False,False,True,True,True,1-circle,-1.000000,319.784560,-16888.776679,-0.504881,-0.536299,100.000000,100.000000,0.000000,0.000000,2,4,4,0.0000,0.0000,0.0000,0.5000,"Accelerate",-0.279243
485,A0100,pursuit_chase_v1,UNKNOWN,12040.551532,26845.713094,5554.286906,8012.394415,-26860.066555,15078.032233,484.007435,25448.924514,311.207178,4366.217394,-15.188535,0.016416,False,False,False,False,True,True,True,1-circle,-1.000000,319.784560,-16888.776679,-0.504881,-0.536299,100.000000,100.000000,0.000000,0.000000,2,3,4,0.0000,0.0000,0.0000,0.5000,"PursuitChaseOptimal",0.377452
485,B0100,aggressive,UNKNOWN,12040.551532,26845.713094,5554.286906,8012.394415,-26860.066555,15078.032233,484.007435,25448.924514,311.207178,4366.217394,-15.188535,0.016416,False,False,False,False,True,True,True,1-circle,-1.000000,319.784560,-16888.776679,-0.504881,-0.536299,100.000000,100.000000,0.000000,0.000000,2,4,4,0.0000,0.0000,0.0000,0.5000,"Accelerate",-0.289689
486,A0100,pursuit_chase_v1,UNKNOWN,12043.321559,26906.974688,5493.025312,7826.464215,-26921.260423,15076.823516,484.523245,25469.832250,418.154719,4380.479036,-15.666184,0.078632,False,False,False,False,True,True,True,1-circle,-1.000000,323.657231,-17233.734372,-2.419299,-0.531126,100.000000,100.000000,0.000000,0.000000,2,4,4,0.0000,0.0000,0.0000,0.5000,"PursuitChaseOptimal",0.411748
486,B0100,aggressive,UNKNOWN,12043.321559,26906.974688,5493.025312,7826.464215,-26921.260423,15076.823516,484.523245,25469.832250,418.154719,4380.479036,-15.666184,0.078632,False,False,False,False,True,True,True,1-circle,-1.000000,323.657231,-17233.734372,-2.419299,-0.531126,100.000000,100.000000,0.000000,0.000000,2,4,4,0.0000,0.0000,0.0000,0.5000,"Accelerate",-0.312310
487,A0100,pursuit_chase_v1,UNKNOWN,12043.321559,26906.974688,5493.025312,7826.464215,-26921.260423,15076.823516,484.523245,25469.832250,418.154719,4380.479036,-15.666184,0.078632,False,False,False,False,True,True,True,1-circle,-1.000000,323.657231,-17233.734372,-2.419299,-0.531126,100.000000,100.000000,0.000000,0.000000,2,4,4,0.0000,0.0000,0.0000,0.5000,"PursuitChaseOptimal",0.399585
487,B0100,aggressive,UNKNOWN,12043.321559,26906.974688,5493.025312,7826.464215,-26921.260423,15076.823516,484.523245,25469.832250,418.154719,4380.479036,-15.666184,0.078632,False,False,False,False,True,True,True,1-circle,-1.000000,323.657231,-17233.734372,-2.419299,-0.531126,100.000000,100.000000,0.000000,0.000000,2,4,4,0.0000,0.0000,0.0000,0.5000,"Accelerate",-0.299849
488,A0100,pursuit_chase_v1,UNKNOWN,12046.183964,26966.982296,5433.017704,7637.383701,-26982.874495,15075.540444,485.255762,25499.997887,603.312735,4407.080675,-16.354180,0.012126,False,False,False,False,True,True,True,1-circle,-1.000000,326.992558,-16865.071836,-0.373825,-0.885163,100.000000,100.000000,0.000000,0.000000,2,4,4,0.0000,0.0000,0.0000,0.5000,"PursuitChaseOptimal",0.368279
488,B0100,aggressive,UNKNOWN,12046.183964,26966.982296,5433.017704,7637.383701,-26982.874495,15075.540444,485.255762,25499.997887,603.312735,4407.080675,-16.354180,0.012126,False,False,False,False,True,True,True,1-circle,-1.000000,326.992558,-16865.071836,-0.373825,-0.885163,100.000000,100.000000,0.000000,0.000000,2,4,4,0.0000,0.0000,0.0000,0.5000,"Accelerate",-0.273920
489,A0100,pursuit_chase_v1,UNKNOWN,12046.183964,26966.982296,5433.017704,7637.383701,-26982.874495,15075.540444,485.255762,25499.997887,603.312735,4407.080675,-16.354180,0.012126,False,False,False,False,True,True,True,1-circle,-1.000000,326.992558,-16865.071836,-0.373825,-0.885163,100.000000,100.000000,0.000000,0.000000,2,4,4,0.0000,0.0000,0.0000,0.5000,"PursuitChaseOptimal",0.341739
489,B0100,aggressive,UNKNOWN,12046.183964,26966.982296,5433.017704,7637.383701,-26982.874495,15075.540444,485.255762,25499.997887,603.312735,4407.080675,-16.354180,0.012126,False,False,False,False,True,True,True,1-circle,-1.000000,326.992558,-16865.071836,-0.373825,-0.885163,100.000000,100.000000,0.000000,0.000000,2,4,4,0.0000,0.0000,0.0000,0.5000,"Accelerate",-0.252472
490,A0100,pursuit_chase_v1,UNKNOWN,12049.163821,27026.507248,5373.492752,7471.077150,-27044.358909,15074.075806,485.964890,25529.023057,580.503399,4431.843179,-17.288702,0.068049,False,False,False,False,True,True,True,1-circle,-1.000000,329.990461,-16418.892517,2.099725,-1.033119,100.000000,100.000000,0.000000,0.000000,2,4,4,0.0000,0.0000,0.0000,0.5000,"PursuitChaseOptimal",0.323747
490,B0100,aggressive,UNKNOWN,12049.163821,27026.507248,5373.492752,7471.077150,-27044.358909,15074.075806,485.964890,25529.023057,580.503399,4431.843179,-17.288702,0.068049,False,False,False,False,True,True,True,1-circle,-1.000000,329.990461,-16418.892517,2.099725,-1.033119,100.000000,100.000000,0.000000,0.000000,2,4,4,0.0000,0.0000,0.0000,0.5000,"Accelerate",-0.237225
491,A0100,pursuit_chase_v1,UNKNOWN,12049.163821,27026.507248,5373.492752,7471.077150,-27044.358909,15074.075806,485.964890,25529.023057,580.503399,4431.843179,-17.288702,0.068049,False,False,False,False,True,True,True,1-circle,-1.000000,329.990461,-16418.892517,2.099725,-1.033119,100.000000,100.000000,0.000000,0.000000,2,4,4,0.0000,0.0000,0.0000,0.5000,"PursuitChaseOptimal",0.332084
491,B0100,aggressive,UNKNOWN,12049.163821,27026.507248,5373.492752,7471.077150,-27044.358909,15074.075806,485.964890,25529.023057,580.503399,4431.843179,-17.288702,0.068049,False,False,False,False,True,True,True,1-circle,-1.000000,329.990461,-16418.892517,2.099725,-1.033119,100.000000,100.000000,0.000000,0.000000,2,4,4,0.0000,0.0000,0.0000,0.5000,"Accelerate",-0.241518
492,A0100,pursuit_chase_v1,UNKNOWN,12052.295842,27083.565388,5316.434612,7320.405716,-27101.458635,15072.516626,486.533641,25551.950165,458.542167,4444.332750,-18.079421,0.010720,False,False,False,False,True,True,True,1-circle,-1.000000,332.696332,-16735.887729,0.331285,-0.790618,100.000000,100.000000,0.000000,0.000000,2,4,4,0.0000,0.0000,0.0000,0.5000,"PursuitChaseOptimal",0.325325
492,B0100,aggressive,UNKNOWN,12052.295842,27083.565388,5316.434612,7320.405716,-27101.458635,15072.516626,486.533641,25551.950165,458.542167,4444.332750,-18.079421,0.010720,False,False,False,False,True,True,True,1-circle,-1.000000,332.696332,-16735.887729,0.331285,-0.790618,100.000000,100.000000,0.000000,0.000000,2,4,4,0.0000,0.0000,0.0000,0.5000,"Accelerate",-0.234962
493,A0100,pursuit_chase_v1,UNKNOWN,12052.295842,27083.565388,5316.434612,7320.405716,-27101.458635,15072.516626,486.533641,25551.950165,458.542167,4444.332750,-18.079421,0.010720,False,False,False,False,True,True,True,1-circle,-1.000000,332.696332,-16735.887729,0.331285,-0.790618,100.000000,100.000000,0.000000,0.000000,2,4,4,0.0000,0.0000,0.0000,0.5000,"PursuitChaseOptimal",0.304114
493,B0100,aggressive,UNKNOWN,12052.295842,27083.565388,5316.434612,7320.405716,-27101.458635,15072.516626,486.533641,25551.950165,458.542167,4444.332750,-18.079421,0.010720,False,False,False,False,True,True,True,1-circle,-1.000000,332.696332,-16735.887729,0.331285,-0.790618,100.000000,100.000000,0.000000,0.000000,2,4,4,0.0000,0.0000,0.0000,0.5000,"Accelerate",-0.218723
494,A0100,pursuit_chase_v1,UNKNOWN,12055.523849,27141.132056,5258.867944,7175.846239,-27158.830111,15071.055978,487.080010,25574.039159,441.779877,4444.177058,-18.689036,0.050170,False,False,False,False,True,True,True,1-circle,-1.000000,335.053622,-17073.010126,-1.551618,-0.604337,100.000000,100.000000,0.000000,0.000000,2,4,4,0.0000,0.0000,0.0000,0.5000,"PursuitChaseOptimal",0.267297
494,B0100,aggressive,UNKNOWN,12055.523849,27141.132056,5258.867944,7175.846239,-27158.830111,15071.055978,487.080010,25574.039159,441.779877,4444.177058,-18.689036,0.050170,False,False,False,False,True,True,True,1-circle,-1.000000,335.053622,-17073.010126,-1.551618,-0.604337,100.000000,100.000000,0.000000,0.000000,2,4,4,0.0000,0.0000,0.0000,0.5000,"Accelerate",-0.191522
495,A0100,pursuit_chase_v1,UNKNOWN,12055.523849,27141.132056,5258.867944,7175.846239,-27158.830111,15071.055978,487.080010,25574.039159,441.779877,4444.177058,-18.689036,0.050170,False,False,False,False,True,True,True,1-circle,-1.000000,335.053622,-17073.010126,-1.551618,-0.604337,100.000000,100.000000,0.000000,0.000000,2,4,4,0.0000,0.0000,0.0000,0.5000,"PursuitChaseOptimal",0.225774
495,B0100,aggressive,UNKNOWN,12055.523849,27141.132056,5258.867944,7175.846239,-27158.830111,15071.055978,487.080010,25574.039159,441.779877,4444.177058,-18.689036,0.050170,False,False,False,False,True,True,True,1-circle,-1.000000,335.053622,-17073.010126,-1.551618,-0.604337,100.000000,100.000000,0.000000,0.000000,2,4,4,0.0000,0.0000,0.0000,0.5000,"Accelerate",-0.161430
496,A0100,pursuit_chase_v1,UNKNOWN,12058.876846,27196.998694,5203.001306,7052.264033,-27216.586814,15069.517113,487.839956,25605.299546,625.207740,4449.745158,-19.497535,0.026003,False,False,False,False,True,True,True,1-circle,-1.000000,337.370073,-16646.990881,0.805511,-0.843357,100.000000,100.000000,0.000000,0.000000,2,4,2,0.0000,0.0000,0.0000,0.5000,"PursuitChaseOptimal",0.173898
496,B0100,aggressive,UNKNOWN,12058.876846,27196.998694,5203.001306,7052.264033,-27216.586814,15069.517113,487.839956,25605.299546,625.207740,4449.745158,-19.497535,0.026003,False,False,False,False,True,True,True,1-circle,-1.000000,337.370073,-16646.990881,0.805511,-0.843357,100.000000,100.000000,0.000000,0.000000,2,4,4,0.0000,0.0000,0.0000,0.5000,"Accelerate",-0.124676
497,A0100,pursuit_chase_v1,UNKNOWN,12058.876846,27196.998694,5203.001306,7052.264033,-27216.586814,15069.517113,487.839956,25605.299546,625.207740,4449.745158,-19.497535,0.026003,False,False,False,False,True,True,True,1-circle,-1.000000,337.370073,-16646.990881,0.805511,-0.843357,100.000000,100.000000,0.000000,0.000000,2,4,2,0.0000,0.0000,0.0000,0.5000,"PursuitChaseOptimal",0.101720
497,B0100,aggressive,UNKNOWN,12058.876846,27196.998694,5203.001306,7052.264033,-27216.586814,15069.517113,487.839956,25605.299546,625.207740,4449.745158,-19.497535,0.026003,False,False,False,False,True,True,True,1-circle,-1.000000,337.370073,-16646.990881,0.805511,-0.843357,100.000000,100.000000,0.000000,0.000000,2,4,4,0.0000,0.0000,0.0000,0.5000,"Accelerate",-0.073671
498,A0100,pursuit_chase_v1,UNKNOWN,12062.366986,27254.108228,5145.891772,6958.314159,-27274.074054,15067.868579,488.417439,25628.609344,466.195960,4438.961542,-20.294211,0.065257,False,False,False,False,True,True,True,1-circle,-1.000000,339.762607,-16426.353564,2.022993,-0.808451,100.000000,100.000000,0.000000,0.000000,2,4,2,0.0000,0.0000,0.0000,0.5000,"PursuitChaseOptimal",0.032118
498,B0100,aggressive,UNKNOWN,12062.366986,27254.108228,5145.891772,6958.314159,-27274.074054,15067.868579,488.417439,25628.609344,466.195960,4438.961542,-20.294211,0.065257,False,False,False,False,True,True,True,1-circle,-1.000000,339.762607,-16426.353564,2.022993,-0.808451,100.000000,100.000000,0.000000,0.000000,2,4,4,0.0000,0.0000,0.0000,0.5000,"Accelerate",-0.024979
499,A0100,pursuit_chase_v1,UNKNOWN,12062.366986,27254.108228,5145.891772,6958.314159,-27274.074054,15067.868579,488.417439,25628.609344,466.195960,4438.961542,-20.294211,0.065257,False,False,False,False,True,True,True,1-circle,-1.000000,339.762607,-16426.353564,2.022993,-0.808451,100.000000,100.000000,0.000000,0.000000,2,4,2,0.0000,0.0000,0.0000,0.5000,"PursuitChaseOptimal",-0.028705
499,B0100,aggressive,UNKNOWN,12062.366986,27254.108228,5145.891772,6958.314159,-27274.074054,15067.868579,488.417439,25628.609344,466.195960,4438.961542,-20.294211,0.065257,False,False,False,False,True,True,True,1-circle,-1.000000,339.762607,-16426.353564,2.022993,-0.808451,100.000000,100.000000,0.000000,0.000000,2,4,4,0.0000,0.0000,0.0000,0.5000,"Accelerate",0.017573
500,A0100,pursuit_chase_v1,UNKNOWN,12065.977170,27309.045498,5090.954502,6904.826522,-27327.598705,15066.338135,488.815813,25644.313506,314.083241,4407.052411,-20.947978,0.035466,False,False,False,False,True,True,True,1-circle,-1.000000,341.997488,-16986.918635,-1.100588,-0.619170,100.000000,100.000000,0.000000,0.000000,2,4,2,0.0000,0.0000,0.0000,0.5000,"PursuitChaseOptimal",-0.082847
500,B0100,aggressive,UNKNOWN,12065.977170,27309.045498,5090.954502,6904.826522,-27327.598705,15066.338135,488.815813,25644.313506,314.083241,4407.052411,-20.947978,0.035466,False,False,False,False,True,True,True,1-circle,-1.000000,341.997488,-16986.918635,-1.100588,-0.619170,100.000000,100.000000,0.000000,0.000000,2,4,4,0.0000,0.0000,0.0000,0.5000,"Accelerate",0.055151
501,A0100,pursuit_chase_v1,UNKNOWN,12065.977170,27309.045498,5090.954502,6904.826522,-27327.598705,15066.338135,488.815813,25644.313506,314.083241,4407.052411,-20.947978,0.035466,False,False,False,False,True,True,True,1-circle,-1.000000,341.997488,-16986.918635,-1.100588,-0.619170,100.000000,100.000000,0.000000,0.000000,2,4,2,0.0000,0.0000,0.0000,0.5000,"PursuitChaseOptimal",-0.127356
501,B0100,aggressive,UNKNOWN,12065.977170,27309.045498,5090.954502,6904.826522,-27327.598705,15066.338135,488.815813,25644.313506,314.083241,4407.052411,-20.947978,0.035466,False,False,False,False,True,True,True,1-circle,-1.000000,341.997488,-16986.918635,-1.100588,-0.619170,100.000000,100.000000,0.000000,0.000000,2,4,4,0.0000,0.0000,0.0000,0.5000,"Accelerate",0.086432
502,A0100,pursuit_chase_v1,UNKNOWN,12069.723930,27365.750209,5034.249791,6879.002623,-27384.815381,15064.921943,489.418767,25669.009248,493.914840,4386.368217,-22.121317,0.012270,False,False,False,False,True,True,True,1-circle,-1.000000,343.990581,-16855.406072,-0.381248,-0.616615,100.000000,100.000000,0.000000,0.000000,2,4,2,0.0000,0.0000,0.0000,0.5000,"PursuitChaseOptimal",-0.162002
502,B0100,aggressive,UNKNOWN,12069.723930,27365.750209,5034.249791,6879.002623,-27384.815381,15064.921943,489.418767,25669.009248,493.914840,4386.368217,-22.121317,0.012270,False,False,False,False,True,True,True,1-circle,-1.000000,343.990581,-16855.406072,-0.381248,-0.616615,100.000000,100.000000,0.000000,0.000000,2,4,4,0.0000,0.0000,0.0000,0.5000,"Accelerate",0.110996
503,A0100,pursuit_chase_v1,UNKNOWN,12069.723930,27365.750209,5034.249791,6879.002623,-27384.815381,15064.921943,489.418767,25669.009248,493.914840,4386.368217,-22.121317,0.012270,False,False,False,False,True,True,True,1-circle,-1.000000,343.990581,-16855.406072,-0.381248,-0.616615,100.000000,100.000000,0.000000,0.000000,2,4,2,0.0000,0.0000,0.0000,0.5000,"PursuitChaseOptimal",-0.187334
503,B0100,aggressive,UNKNOWN,12069.723930,27365.750209,5034.249791,6879.002623,-27384.815381,15064.921943,489.418767,25669.009248,493.914840,4386.368217,-22.121317,0.012270,False,False,False,False,True,True,True,1-circle,-1.000000,343.990581,-16855.406072,-0.381248,-0.616615,100.000000,100.000000,0.000000,0.000000,2,4,4,0.0000,0.0000,0.0000,0.5000,"Accelerate",0.129024
504,A0100,pursuit_chase_v1,UNKNOWN,12073.702754,27421.976203,4978.023797,6875.331343,-27442.452718,15063.394063,490.089391,25696.561691,551.048859,4372.291524,-23.652599,0.079476,False,False,False,False,True,True,True,1-circle,-1.000000,345.794837,-16339.691062,2.471012,-0.854420,100.000000,100.000000,0.000000,0.000000,2,4,2,0.0000,0.0000,0.0000,0.5000,"PursuitChaseOptimal",-0.203576
504,B0100,aggressive,UNKNOWN,12073.702754,27421.976203,4978.023797,6875.331343,-27442.452718,15063.394063,490.089391,25696.561691,551.048859,4372.291524,-23.652599,0.079476,False,False,False,False,True,True,True,1-circle,-1.000000,345.794837,-16339.691062,2.471012,-0.854420,100.000000,100.000000,0.000000,0.000000,2,4,4,0.0000,0.0000,0.0000,0.5000,"Accelerate",0.141231
505,A0100,pursuit_chase_v1,UNKNOWN,12073.702754,27421.976203,4978.023797,6875.331343,-27442.452718,15063.394063,490.089391,25696.561691,551.048859,4372.291524,-23.652599,0.079476,False,False,False,False,True,True,True,1-circle,-1.000000,345.794837,-16339.691062,2.471012,-0.854420,100.000000,100.000000,0.000000,0.000000,2,4,2,0.0000,0.0000,0.0000,0.5000,"PursuitChaseOptimal",-0.206096
505,B0100,aggressive,UNKNOWN,12073.702754,27421.976203,4978.023797,6875.331343,-27442.452718,15063.394063,490.089391,25696.561691,551.048859,4372.291524,-23.652599,0.079476,False,False,False,False,True,True,True,1-circle,-1.000000,345.794837,-16339.691062,2.471012,-0.854420,100.000000,100.000000,0.000000,0.000000,2,4,4,0.0000,0.0000,0.0000,0.5000,"Accelerate",0.143588
506,A0100,pursuit_chase_v1,UNKNOWN,12077.939110,27477.315176,4922.684824,6885.573649,-27496.909877,15061.870465,490.555976,25715.294147,374.649116,4357.122755,-25.374471,0.025931,False,False,False,False,True,True,True,1-circle,-1.000000,347.069556,-16635.989849,0.807359,-0.656531,100.000000,100.000000,0.000000,0.000000,2,4,2,0.0000,0.0000,0.0000,0.5000,"PursuitChaseOptimal",-0.202409
506,B0100,aggressive,UNKNOWN,12077.939110,27477.315176,4922.684824,6885.573649,-27496.909877,15061.870465,490.555976,25715.294147,374.649116,4357.122755,-25.374471,0.025931,False,False,False,False,True,True,True,1-circle,-1.000000,347.069556,-16635.989849,0.807359,-0.656531,100.000000,100.000000,0.000000,0.000000,2,4,4,0.0000,0.0000,0.0000,0.5000,"Accelerate",0.141635
507,A0100,pursuit_chase_v1,UNKNOWN,12077.939110,27477.315176,4922.684824,6885.573649,-27496.909877,15061.870465,490.555976,25715.294147,374.649116,4357.122755,-25.374471,0.025931,False,False,False,False,True,True,True,1-circle,-1.000000,347.069556,-16635.989849,0.807359,-0.656531,100.000000,100.000000,0.000000,0.000000,2,4,2,0.0000,0.0000,0.0000,0.5000,"PursuitChaseOptimal",-0.202567
507,B0100,aggressive,UNKNOWN,12077.939110,27477.315176,4922.684824,6885.573649,-27496.909877,15061.870465,490.555976,25715.294147,374.649116,4357.122755,-25.374471,0.025931,False,False,False,False,True,True,True,1-circle,-1.000000,347.069556,-16635.989849,0.807359,-0.656531,100.000000,100.000000,0.000000,0.000000,2,4,4,0.0000,0.0000,0.0000,0.5000,"Accelerate",0.142069
508,A0100,pursuit_chase_v1,UNKNOWN,12082.454423,27533.713337,4866.286663,6894.498758,-27552.307547,15060.524307,491.007955,25733.588336,365.883786,4345.542247,-27.261709,0.033530,False,False,False,False,True,True,True,1-circle,-1.000000,347.496588,-16964.860236,-1.044792,-0.494476,100.000000,100.000000,0.000000,0.000000,2,4,4,0.0000,0.0000,0.0000,0.5000,"PursuitChaseOptimal",-0.172988
508,B0100,aggressive,UNKNOWN,12082.454423,27533.713337,4866.286663,6894.498758,-27552.307547,15060.524307,491.007955,25733.588336,365.883786,4345.542247,-27.261709,0.033530,False,False,False,False,True,True,True,1-circle,-1.000000,347.496588,-16964.860236,-1.044792,-0.494476,100.000000,100.000000,0.000000,0.000000,2,4,4,0.0000,0.0000,0.0000,0.5000,"Accelerate",0.121438
509,A0100,pursuit_chase_v1,UNKNOWN,12082.454423,27533.713337,4866.286663,6894.498758,-27552.307547,15060.524307,491.007955,25733.588336,365.883786,4345.542247,-27.261709,0.033530,False,False,False,False,True,True,True,1-circle,-1.000000,347.496588,-16964.860236,-1.044792,-0.494476,100.000000,100.000000,0.000000,0.000000,2,4,4,0.0000,0.0000,0.0000,0.5000,"PursuitChaseOptimal",-0.156778
509,B0100,aggressive,UNKNOWN,12082.454423,27533.713337,4866.286663,6894.498758,-27552.307547,15060.524307,491.007955,25733.588336,365.883786,4345.542247,-27.261709,0.033530,False,False,False,False,True,True,True,1-circle,-1.000000,347.496588,-16964.860236,-1.044792,-0.494476,100.000000,100.000000,0.000000,0.000000,2,4,4,0.0000,0.0000,0.0000,0.5000,"Accelerate",0.110234
510,A0100,pursuit_chase_v1,UNKNOWN,12087.295012,27588.724274,4811.275726,6889.424867,-27608.746042,15059.162925,491.697578,25762.228749,572.808271,4356.372493,-29.388470,0.043209,False,False,False,False,True,True,True,1-circle,-1.000000,347.343111,-16528.749952,1.348061,-0.747528,100.000000,100.000000,0.000000,0.000000,2,4,4,0.0000,0.0000,0.0000,0.5000,"PursuitChaseOptimal",-0.165770
510,B0100,aggressive,UNKNOWN,12087.295012,27588.724274,4811.275726,6889.424867,-27608.746042,15059.162925,491.697578,25762.228749,572.808271,4356.372493,-29.388470,0.043209,False,False,False,False,True,True,True,1-circle,-1.000000,347.343111,-16528.749952,1.348061,-0.747528,100.000000,100.000000,0.000000,0.000000,2,4,4,0.0000,0.0000,0.0000,0.5000,"Accelerate",0.116974
511,A0100,pursuit_chase_v1,UNKNOWN,12087.295012,27588.724274,4811.275726,6889.424867,-27608.746042,15059.162925,491.697578,25762.228749,572.808271,4356.372493,-29.388470,0.043209,False,False,False,False,True,True,True,1-circle,-1.000000,347.343111,-16528.749952,1.348061,-0.747528,100.000000,100.000000,0.000000,0.000000,2,4,4,0.0000,0.0000,0.0000,0.5000,"PursuitChaseOptimal",-0.170190
511,B0100,aggressive,UNKNOWN,12087.295012,27588.724274,4811.275726,6889.424867,-27608.746042,15059.162925,491.697578,25762.228749,572.808271,4356.372493,-29.388470,0.043209,False,False,False,False,True,True,True,1-circle,-1.000000,347.343111,-16528.749952,1.348061,-0.747528,100.000000,100.000000,0.000000,0.000000,2,4,4,0.0000,0.0000,0.0000,0.5000,"Accelerate",0.120888
512,A0100,pursuit_chase_v1,UNKNOWN,12092.484361,27645.829040,4754.170960,6884.873988,-27665.972481,15057.709433,492.246182,25784.672159,448.868192,4361.537721,-31.528742,0.081749,False,False,False,False,True,True,True,1-circle,-1.000000,346.802638,-16306.140197,2.551818,-0.706159,100.000000,100.000000,0.000000,0.000000,2,4,4,0.0000,0.0000,0.0000,0.5000,"PursuitChaseOptimal",-0.179413
512,B0100,aggressive,UNKNOWN,12092.484361,27645.829040,4754.170960,6884.873988,-27665.972481,15057.709433,492.246182,25784.672159,448.868192,4361.537721,-31.528742,0.081749,False,False,False,False,True,True,True,1-circle,-1.000000,346.802638,-16306.140197,2.551818,-0.706159,100.000000,100.000000,0.000000,0.000000,2,4,4,0.0000,0.0000,0.0000,0.5000,"Accelerate",0.128107
513,A0100,pursuit_chase_v1,UNKNOWN,12092.484361,27645.829040,4754.170960,6884.873988,-27665.972481,15057.709433,492.246182,25784.672159,448.868192,4361.537721,-31.528742,0.081749,False,False,False,False,True,True,True,1-circle,-1.000000,346.802638,-16306.140197,2.551818,-0.706159,100.000000,100.000000,0.000000,0.000000,2,4,4,0.0000,0.0000,0.0000,0.5000,"PursuitChaseOptimal",-0.161674
513,B0100,aggressive,UNKNOWN,12092.484361,27645.829040,4754.170960,6884.873988,-27665.972481,15057.709433,492.246182,25784.672159,448.868192,4361.537721,-31.528742,0.081749,False,False,False,False,True,True,True,1-circle,-1.000000,346.802638,-16306.140197,2.551818,-0.706159,100.000000,100.000000,0.000000,0.000000,2,4,4,0.0000,0.0000,0.0000,0.5000,"Accelerate",0.115754
514,A0100,pursuit_chase_v1,UNKNOWN,12098.027457,27701.578710,4698.421290,6885.113559,-27719.975356,15056.378756,492.618332,25799.567284,297.902497,4369.916874,-33.727415,0.019025,False,False,False,False,True,True,True,1-circle,-1.000000,345.678156,-16865.728889,-0.594651,-0.514856,100.000000,100.000000,0.000000,0.000000,2,4,4,0.0000,0.0000,0.0000,0.5000,"PursuitChaseOptimal",-0.154575
514,B0100,aggressive,UNKNOWN,12098.027457,27701.578710,4698.421290,6885.113559,-27719.975356,15056.378756,492.618332,25799.567284,297.902497,4369.916874,-33.727415,0.019025,False,False,False,False,True,True,True,1-circle,-1.000000,345.678156,-16865.728889,-0.594651,-0.514856,100.000000,100.000000,0.000000,0.000000,2,4,4,0.0000,0.0000,0.0000,0.5000,"Accelerate",0.110739
515,A0100,pursuit_chase_v1,UNKNOWN,12098.027457,27701.578710,4698.421290,6885.113559,-27719.975356,15056.378756,492.618332,25799.567284,297.902497,4369.916874,-33.727415,0.019025,False,False,False,False,True,True,True,1-circle,-1.000000,345.678156,-16865.728889,-0.594651,-0.514856,100.000000,100.000000,0.000000,0.000000,2,4,4,0.0000,0.0000,0.0000,0.5000,"PursuitChaseOptimal",-0.156256
515,B0100,aggressive,UNKNOWN,12098.027457,27701.578710,4698.421290,6885.113559,-27719.975356,15056.378756,492.618332,25799.567284,297.902497,4369.916874,-33.727415,0.019025,False,False,False,False,True,True,True,1-circle,-1.000000,345.678156,-16865.728889,-0.594651,-0.514856,100.000000,100.000000,0.000000,0.000000,2,4,4,0.0000,0.0000,0.0000,0.5000,"Accelerate",0.112440
516,A0100,pursuit_chase_v1,UNKNOWN,12103.953965,27758.776933,4641.223067,6877.373495,-27777.399997,15055.167322,493.192067,25823.394828,476.550879,4391.879307,-36.072983,0.005405,False,False,False,False,True,True,True,1-circle,-1.000000,344.241144,-16721.086066,0.169141,-0.514431,100.000000,100.000000,0.000000,0.000000,2,4,4,0.0000,0.0000,0.0000,0.5000,"PursuitChaseOptimal",-0.155304
516,B0100,aggressive,UNKNOWN,12103.953965,27758.776933,4641.223067,6877.373495,-27777.399997,15055.167322,493.192067,25823.394828,476.550879,4391.879307,-36.072983,0.005405,False,False,False,False,True,True,True,1-circle,-1.000000,344.241144,-16721.086066,0.169141,-0.514431,100.000000,100.000000,0.000000,0.000000,2,4,4,0.0000,0.0000,0.0000,0.5000,"Accelerate",0.112215
517,A0100,pursuit_chase_v1,UNKNOWN,12103.953965,27758.776933,4641.223067,6877.373495,-27777.399997,15055.167322,493.192067,25823.394828,476.550879,4391.879307,-36.072983,0.005405,False,False,False,False,True,True,True,1-circle,-1.000000,344.241144,-16721.086066,0.169141,-0.514431,100.000000,100.000000,0.000000,0.000000,2,4,4,0.0000,0.0000,0.0000,0.5000,"PursuitChaseOptimal",-0.143050
517,B0100,aggressive,UNKNOWN,12103.953965,27758.776933,4641.223067,6877.373495,-27777.399997,15055.167322,493.192067,25823.394828,476.550879,4391.879307,-36.072983,0.005405,False,False,False,False,True,True,True,1-circle,-1.000000,344.241144,-16721.086066,0.169141,-0.514431,100.000000,100.000000,0.000000,0.000000,2,4,4,0.0000,0.0000,0.0000,0.5000,"Accelerate",0.103404
518,A0100,pursuit_chase_v1,UNKNOWN,12110.246671,27815.436040,4584.563960,6868.208303,-27835.204714,15053.850950,493.830780,25849.987516,531.853757,4401.035769,-38.090483,0.097066,False,False,False,False,True,True,True,1-circle,-1.000000,342.884032,-16197.764648,3.038075,-0.749833,100.000000,100.000000,0.000000,0.000000,2,3,4,0.0000,0.0000,0.0000,0.5000,"PursuitChaseOptimal",-0.165531
518,B0100,aggressive,UNKNOWN,12110.246671,27815.436040,4584.563960,6868.208303,-27835.204714,15053.850950,493.830780,25849.987516,531.853757,4401.035769,-38.090483,0.097066,False,False,False,False,True,True,True,1-circle,-1.000000,342.884032,-16197.764648,3.038075,-0.749833,100.000000,100.000000,0.000000,0.000000,2,4,4,0.0000,0.0000,0.0000,0.5000,"Accelerate",0.120832
519,A0100,pursuit_chase_v1,UNKNOWN,12110.246671,27815.436040,4584.563960,6868.208303,-27835.204714,15053.850950,493.830780,25849.987516,531.853757,4401.035769,-38.090483,0.097066,False,False,False,False,True,True,True,1-circle,-1.000000,342.884032,-16197.764648,3.038075,-0.749833,100.000000,100.000000,0.000000,0.000000,2,3,4,0.0000,0.0000,0.0000,0.5000,"PursuitChaseOptimal",-0.145765
519,B0100,aggressive,UNKNOWN,12110.246671,27815.436040,4584.563960,6868.208303,-27835.204714,15053.850950,493.830780,25849.987516,531.853757,4401.035769,-38.090483,0.097066,False,False,False,False,True,True,True,1-circle,-1.000000,342.884032,-16197.764648,3.038075,-0.749833,100.000000,100.000000,0.000000,0.000000,2,4,4,0.0000,0.0000,0.0000,0.5000,"Accelerate",0.106562
520,A0100,pursuit_chase_v1,UNKNOWN,12116.847738,27871.479897,4528.520103,6866.163054,-27890.120786,15052.544118,494.271389,25867.954469,359.339057,4391.707460,-39.735138,0.042725,False,False,False,False,True,True,True,1-circle,-1.000000,341.544810,-16496.765626,1.339360,-0.545138,100.000000,100.000000,0.000000,0.000000,2,3,4,0.0000,0.0000,0.0000,0.5000,"PursuitChaseOptimal",-0.122532
520,B0100,aggressive,UNKNOWN,12116.847738,27871.479897,4528.520103,6866.163054,-27890.120786,15052.544118,494.271389,25867.954469,359.339057,4391.707460,-39.735138,0.042725,False,False,False,False,True,True,True,1-circle,-1.000000,341.544810,-16496.765626,1.339360,-0.545138,100.000000,100.000000,0.000000,0.000000,2,4,4,0.0000,0.0000,0.0000,0.5000,"Accelerate",0.089473
521,A0100,pursuit_chase_v1,UNKNOWN,12116.847738,27871.479897,4528.520103,6866.163054,-27890.120786,15052.544118,494.271389,25867.954469,359.339057,4391.707460,-39.735138,0.042725,False,False,False,False,True,True,True,1-circle,-1.000000,341.544810,-16496.765626,1.339360,-0.545138,100.000000,100.000000,0.000000,0.000000,2,3,4,0.0000,0.0000,0.0000,0.5000,"PursuitChaseOptimal",-0.106859
521,B0100,aggressive,UNKNOWN,12116.847738,27871.479897,4528.520103,6866.163054,-27890.120786,15052.544118,494.271389,25867.954469,359.339057,4391.707460,-39.735138,0.042725,False,False,False,False,True,True,True,1-circle,-1.000000,341.544810,-16496.765626,1.339360,-0.545138,100.000000,100.000000,0.000000,0.000000,2,4,4,0.0000,0.0000,0.0000,0.5000,"Accelerate",0.078153
522,A0100,pursuit_chase_v1,UNKNOWN,12123.731358,27927.201753,4472.798247,6851.271307,-27944.157085,15051.438930,494.625452,25882.349702,287.904671,4395.784609,-41.427278,0.070540,False,False,False,False,True,True,True,1-circle,-1.000000,340.308444,-17129.532042,-2.212062,-0.382971,100.000000,100.000000,0.000000,0.000000,2,3,4,0.0000,0.0000,0.0000,0.5000,"PursuitChaseOptimal",-0.087573
522,B0100,aggressive,UNKNOWN,12123.731358,27927.201753,4472.798247,6851.271307,-27944.157085,15051.438930,494.625452,25882.349702,287.904671,4395.784609,-41.427278,0.070540,False,False,False,False,True,True,True,1-circle,-1.000000,340.308444,-17129.532042,-2.212062,-0.382971,100.000000,100.000000,0.000000,0.000000,2,4,4,0.0000,0.0000,0.0000,0.5000,"Accelerate",0.063547
523,A0100,pursuit_chase_v1,UNKNOWN,12123.731358,27927.201753,4472.798247,6851.271307,-27944.157085,15051.438930,494.625452,25882.349702,287.904671,4395.784609,-41.427278,0.070540,False,False,False,False,True,True,True,1-circle,-1.000000,340.308444,-17129.532042,-2.212062,-0.382971,100.000000,100.000000,0.000000,0.000000,2,3,4,0.0000,0.0000,0.0000,0.5000,"PursuitChaseOptimal",-0.060507
523,B0100,aggressive,UNKNOWN,12123.731358,27927.201753,4472.798247,6851.271307,-27944.157085,15051.438930,494.625452,25882.349702,287.904671,4395.784609,-41.427278,0.070540,False,False,False,False,True,True,True,1-circle,-1.000000,340.308444,-17129.532042,-2.212062,-0.382971,100.000000,100.000000,0.000000,0.000000,2,4,4,0.0000,0.0000,0.0000,0.5000,"Accelerate",0.043201
524,A0100,pursuit_chase_v1,UNKNOWN,12130.939971,27982.892988,4417.107012,6817.229491,-28000.751686,15050.393034,495.225657,25907.605379,505.113546,4431.187219,-43.473338,0.046633,False,False,False,False,True,True,True,1-circle,-1.000000,339.588486,-16989.381777,-1.464413,-0.635830,100.000000,100.000000,0.000000,0.000000,2,3,4,0.0000,0.0000,0.0000,0.5000,"PursuitChaseOptimal",-0.040353
524,B0100,aggressive,UNKNOWN,12130.939971,27982.892988,4417.107012,6817.229491,-28000.751686,15050.393034,495.225657,25907.605379,505.113546,4431.187219,-43.473338,0.046633,False,False,False,False,True,True,True,1-circle,-1.000000,339.588486,-16989.381777,-1.464413,-0.635830,100.000000,100.000000,0.000000,0.000000,2,4,4,0.0000,0.0000,0.0000,0.5000,"Accelerate",0.028092
525,A0100,pursuit_chase_v1,UNKNOWN,12130.939971,27982.892988,4417.107012,6817.229491,-28000.751686,15050.393034,495.225657,25907.605379,505.113546,4431.187219,-43.473338,0.046633,False,False,False,False,True,True,True,1-circle,-1.000000,339.588486,-16989.381777,-1.464413,-0.635830,100.000000,100.000000,0.000000,0.000000,2,3,4,0.0000,0.0000,0.0000,0.5000,"PursuitChaseOptimal",-0.021781
525,B0100,aggressive,UNKNOWN,12130.939971,27982.892988,4417.107012,6817.229491,-28000.751686,15050.393034,495.225657,25907.605379,505.113546,4431.187219,-43.473338,0.046633,False,False,False,False,True,True,True,1-circle,-1.000000,339.588486,-16989.381777,-1.464413,-0.635830,100.000000,100.000000,0.000000,0.000000,2,4,4,0.0000,0.0000,0.0000,0.5000,"Accelerate",0.014048
526,A0100,pursuit_chase_v1,UNKNOWN,12138.515200,28035.249410,4364.750590,6769.236795,-28054.913301,15049.209958,495.862445,25934.361846,535.129340,4474.139880,-45.399561,0.031034,False,False,False,False,True,True,True,1-circle,-1.000000,339.702501,-16545.955900,0.975811,-0.955466,100.000000,100.000000,0.000000,0.000000,2,3,4,0.0000,0.0000,0.0000,0.5000,"PursuitChaseOptimal",-0.006570
526,B0100,aggressive,UNKNOWN,12138.515200,28035.249410,4364.750590,6769.236795,-28054.913301,15049.209958,495.862445,25934.361846,535.129340,4474.139880,-45.399561,0.031034,False,False,False,False,True,True,True,1-circle,-1.000000,339.702501,-16545.955900,0.975811,-0.955466,100.000000,100.000000,0.000000,0.000000,2,4,4,0.0000,0.0000,0.0000,0.5000,"Accelerate",0.002308
527,A0100,pursuit_chase_v1,UNKNOWN,12138.515200,28035.249410,4364.750590,6769.236795,-28054.913301,15049.209958,495.862445,25934.361846,535.129340,4474.139880,-45.399561,0.031034,False,False,False,False,True,True,True,1-circle,-1.000000,339.702501,-16545.955900,0.975811,-0.955466,100.000000,100.000000,0.000000,0.000000,2,3,4,0.0000,0.0000,0.0000,0.5000,"PursuitChaseOptimal",0.020039
527,B0100,aggressive,UNKNOWN,12138.515200,28035.249410,4364.750590,6769.236795,-28054.913301,15049.209958,495.862445,25934.361846,535.129340,4474.139880,-45.399561,0.031034,False,False,False,False,True,True,True,1-circle,-1.000000,339.702501,-16545.955900,0.975811,-0.955466,100.000000,100.000000,0.000000,0.000000,2,4,4,0.0000,0.0000,0.0000,0.5000,"Accelerate",-0.017575
528,A0100,pursuit_chase_v1,UNKNOWN,12146.424553,28089.798661,4310.201339,6706.579286,-28110.671068,15047.866476,496.465208,25959.498091,502.724896,4513.400377,-47.180786,0.060220,False,False,False,False,True,True,True,1-circle,-1.000000,340.528920,-16377.465877,1.895154,-0.801671,100.000000,100.000000,0.000000,0.000000,2,3,4,0.0000,0.0000,0.0000,0.5000,"PursuitChaseOptimal",0.062309
528,B0100,aggressive,UNKNOWN,12146.424553,28089.798661,4310.201339,6706.579286,-28110.671068,15047.866476,496.465208,25959.498091,502.724896,4513.400377,-47.180786,0.060220,False,False,False,False,True,True,True,1-circle,-1.000000,340.528920,-16377.465877,1.895154,-0.801671,100.000000,100.000000,0.000000,0.000000,2,4,4,0.0000,0.0000,0.0000,0.5000,"Accelerate",-0.049570
529,A0100,pursuit_chase_v1,UNKNOWN,12146.424553,28089.798661,4310.201339,6706.579286,-28110.671068,15047.866476,496.465208,25959.498091,502.724896,4513.400377,-47.180786,0.060220,False,False,False,False,True,True,True,1-circle,-1.000000,340.528920,-16377.465877,1.895154,-0.801671,100.000000,100.000000,0.000000,0.000000,2,3,4,0.0000,0.0000,0.0000,0.5000,"PursuitChaseOptimal",0.120265
529,B0100,aggressive,UNKNOWN,12146.424553,28089.798661,4310.201339,6706.579286,-28110.671068,15047.866476,496.465208,25959.498091,502.724896,4513.400377,-47.180786,0.060220,False,False,False,False,True,True,True,1-circle,-1.000000,340.528920,-16377.465877,1.895154,-0.801671,100.000000,100.000000,0.000000,0.000000,2,4,4,0.0000,0.0000,0.0000,0.5000,"Accelerate",-0.093147
530,A0100,pursuit_chase_v1,UNKNOWN,12154.610314,28142.746257,4257.253743,6615.616095,-28162.645966,15046.565825,496.888865,25976.828217,346.602525,4548.700066,-48.495928,0.042528,False,False,False,False,True,True,True,1-circle,-1.000000,341.805209,-16957.487271,-1.339648,-0.577080,100.000000,100.000000,0.000000,0.000000,2,3,4,0.0000,0.0000,0.0000,0.5000,"PursuitChaseOptimal",0.191075
530,B0100,aggressive,UNKNOWN,12154.610314,28142.746257,4257.253743,6615.616095,-28162.645966,15046.565825,496.888865,25976.828217,346.602525,4548.700066,-48.495928,0.042528,False,False,False,False,True,True,True,1-circle,-1.000000,341.805209,-16957.487271,-1.339648,-0.577080,100.000000,100.000000,0.000000,0.000000,2,4,4,0.0000,0.0000,0.0000,0.5000,"Accelerate",-0.146270
531,A0100,pursuit_chase_v1,UNKNOWN,12154.610314,28142.746257,4257.253743,6615.616095,-28162.645966,15046.565825,496.888865,25976.828217,346.602525,4548.700066,-48.495928,0.042528,False,False,False,False,True,True,True,1-circle,-1.000000,341.805209,-16957.487271,-1.339648,-0.577080,100.000000,100.000000,0.000000,0.000000,2,3,4,0.0000,0.0000,0.0000,0.5000,"PursuitChaseOptimal",0.273572
531,B0100,aggressive,UNKNOWN,12154.610314,28142.746257,4257.253743,6615.616095,-28162.645966,15046.565825,496.888865,25976.828217,346.602525,4548.700066,-48.495928,0.042528,False,False,False,False,True,True,True,1-circle,-1.000000,341.805209,-16957.487271,-1.339648,-0.577080,100.000000,100.000000,0.000000,0.000000,2,4,4,0.0000,0.0000,0.0000,0.5000,"Accelerate",-0.207015
532,A0100,pursuit_chase_v1,UNKNOWN,12163.003377,28196.289457,4203.710543,6471.323927,-28217.243969,15045.323235,497.499545,26002.468862,512.812883,4597.893650,-49.489392,0.017318,False,False,False,False,True,True,True,1-circle,-1.000000,343.611412,-16813.317858,-0.546218,-0.559882,100.000000,100.000000,0.000000,0.000000,2,3,4,0.0000,0.0000,0.0000,0.5000,"PursuitChaseOptimal",0.358708
532,B0100,aggressive,UNKNOWN,12163.003377,28196.289457,4203.710543,6471.323927,-28217.243969,15045.323235,497.499545,26002.468862,512.812883,4597.893650,-49.489392,0.017318,False,False,False,False,True,True,True,1-circle,-1.000000,343.611412,-16813.317858,-0.546218,-0.559882,100.000000,100.000000,0.000000,0.000000,2,4,4,0.0000,0.0000,0.0000,0.5000,"Accelerate",-0.268429
533,A0100,pursuit_chase_v1,UNKNOWN,12163.003377,28196.289457,4203.710543,6471.323927,-28217.243969,15045.323235,497.499545,26002.468862,512.812883,4597.893650,-49.489392,0.017318,False,False,False,False,True,True,True,1-circle,-1.000000,343.611412,-16813.317858,-0.546218,-0.559882,100.000000,100.000000,0.000000,0.000000,2,3,4,0.0000,0.0000,0.0000,0.5000,"PursuitChaseOptimal",0.444399
533,B0100,aggressive,UNKNOWN,12163.003377,28196.289457,4203.710543,6471.323927,-28217.243969,15045.323235,497.499545,26002.468862,512.812883,4597.893650,-49.489392,0.017318,False,False,False,False,True,True,True,1-circle,-1.000000,343.611412,-16813.317858,-0.546218,-0.559882,100.000000,100.000000,0.000000,0.000000,2,4,4,0.0000,0.0000,0.0000,0.5000,"Accelerate",-0.328842
534,A0100,pursuit_chase_v1,UNKNOWN,12171.546486,28248.083953,4151.916047,6275.446857,-28270.999732,15043.935554,498.156484,26030.037726,551.377284,4651.696614,-50.015292,0.073686,False,False,False,False,True,True,True,1-circle,-1.000000,346.181106,-16296.257603,2.325746,-0.910240,100.000000,100.000000,0.000000,0.000000,4,4,4,0.0000,0.0000,0.0000,0.5000,"PursuitChaseOptimal",0.518579
534,B0100,aggressive,UNKNOWN,12171.546486,28248.083953,4151.916047,6275.446857,-28270.999732,15043.935554,498.156484,26030.037726,551.377284,4651.696614,-50.015292,0.073686,False,False,False,False,True,True,True,1-circle,-1.000000,346.181106,-16296.257603,2.325746,-0.910240,100.000000,100.000000,0.000000,0.000000,2,4,4,0.0000,0.0000,0.0000,0.5000,"Accelerate",-0.378780
535,A0100,pursuit_chase_v1,UNKNOWN,12171.546486,28248.083953,4151.916047,6275.446857,-28270.999732,15043.935554,498.156484,26030.037726,551.377284,4651.696614,-50.015292,0.073686,False,False,False,False,True,True,True,1-circle,-1.000000,346.181106,-16296.257603,2.325746,-0.910240,100.000000,100.000000,0.000000,0.000000,4,4,4,0.0000,0.0000,0.0000,0.5000,"PursuitChaseOptimal",0.521415
535,B0100,aggressive,UNKNOWN,12171.546486,28248.083953,4151.916047,6275.446857,-28270.999732,15043.935554,498.156484,26030.037726,551.377284,4651.696614,-50.015292,0.073686,False,False,False,False,True,True,True,1-circle,-1.000000,346.181106,-16296.257603,2.325746,-0.910240,100.000000,100.000000,0.000000,0.000000,2,4,4,0.0000,0.0000,0.0000,0.5000,"Accelerate",-0.376525
536,A0100,pursuit_chase_v1,UNKNOWN,12180.145594,28297.911560,4102.088440,6059.902002,-28320.256408,15042.526638,498.542820,26045.675533,312.756148,4688.148585,-50.095777,0.017898,False,False,False,False,True,True,True,1-circle,-1.000000,349.206903,-16613.762305,0.565617,-0.780454,100.000000,100.000000,0.000000,0.000000,4,4,4,0.0000,0.0000,0.0000,0.5000,"PursuitChaseOptimal",0.520481
536,B0100,aggressive,UNKNOWN,12180.145594,28297.911560,4102.088440,6059.902002,-28320.256408,15042.526638,498.542820,26045.675533,312.756148,4688.148585,-50.095777,0.017898,False,False,False,False,True,True,True,1-circle,-1.000000,349.206903,-16613.762305,0.565617,-0.780454,100.000000,100.000000,0.000000,0.000000,2,4,4,0.0000,0.0000,0.0000,0.5000,"Accelerate",-0.371818
537,A0100,pursuit_chase_v1,UNKNOWN,12180.145594,28297.911560,4102.088440,6059.902002,-28320.256408,15042.526638,498.542820,26045.675533,312.756148,4688.148585,-50.095777,0.017898,False,False,False,False,True,True,True,1-circle,-1.000000,349.206903,-16613.762305,0.565617,-0.780454,100.000000,100.000000,0.000000,0.000000,4,4,4,0.0000,0.0000,0.0000,0.5000,"PursuitChaseOptimal",0.481076
537,B0100,aggressive,UNKNOWN,12180.145594,28297.911560,4102.088440,6059.902002,-28320.256408,15042.526638,498.542820,26045.675533,312.756148,4688.148585,-50.095777,0.017898,False,False,False,False,True,True,True,1-circle,-1.000000,349.206903,-16613.762305,0.565617,-0.780454,100.000000,100.000000,0.000000,0.000000,2,4,4,0.0000,0.0000,0.0000,0.5000,"Accelerate",-0.340842
538,A0100,pursuit_chase_v1,UNKNOWN,12188.763628,28347.095020,4052.904980,5865.533323,-28368.750242,15041.266268,498.958454,26062.769422,341.877769,4718.021233,-50.333367,0.039924,False,False,False,False,True,True,True,1-circle,-1.000000,352.293462,-16943.691664,-1.262477,-0.575293,100.000000,100.000000,0.000000,0.000000,4,4,4,0.0000,0.0000,0.0000,0.5000,"PursuitChaseOptimal",0.412946
538,B0100,aggressive,UNKNOWN,12188.763628,28347.095020,4052.904980,5865.533323,-28368.750242,15041.266268,498.958454,26062.769422,341.877769,4718.021233,-50.333367,0.039924,False,False,False,False,True,True,True,1-circle,-1.000000,352.293462,-16943.691664,-1.262477,-0.575293,100.000000,100.000000,0.000000,0.000000,2,4,4,0.0000,0.0000,0.0000,0.5000,"Accelerate",-0.290582
539,A0100,pursuit_chase_v1,UNKNOWN,12188.763628,28347.095020,4052.904980,5865.533323,-28368.750242,15041.266268,498.958454,26062.769422,341.877769,4718.021233,-50.333367,0.039924,False,False,False,False,True,True,True,1-circle,-1.000000,352.293462,-16943.691664,-1.262477,-0.575293,100.000000,100.000000,0.000000,0.000000,4,4,4,0.0000,0.0000,0.0000,0.5000,"PursuitChaseOptimal",0.340266
539,B0100,aggressive,UNKNOWN,12188.763628,28347.095020,4052.904980,5865.533323,-28368.750242,15041.266268,498.958454,26062.769422,341.877769,4718.021233,-50.333367,0.039924,False,False,False,False,True,True,True,1-circle,-1.000000,352.293462,-16943.691664,-1.262477,-0.575293,100.000000,100.000000,0.000000,0.000000,2,4,4,0.0000,0.0000,0.0000,0.5000,"Accelerate",-0.238328
540,A0100,pursuit_chase_v1,UNKNOWN,12197.459152,28393.007379,4006.992621,5717.200587,-28416.691966,15039.976624,499.597273,26089.719590,539.003365,4744.986754,-50.836880,0.037646,False,False,False,False,True,True,True,1-circle,-1.000000,355.487215,-16503.019450,1.191847,-0.809426,100.000000,100.000000,0.000000,0.000000,4,4,4,0.0000,0.0000,0.0000,0.5000,"PursuitChaseOptimal",0.263051
540,B0100,aggressive,UNKNOWN,12197.459152,28393.007379,4006.992621,5717.200587,-28416.691966,15039.976624,499.597273,26089.719590,539.003365,4744.986754,-50.836880,0.037646,False,False,False,False,True,True,True,1-circle,-1.000000,355.487215,-16503.019450,1.191847,-0.809426,100.000000,100.000000,0.000000,0.000000,2,4,4,0.0000,0.0000,0.0000,0.5000,"Accelerate",-0.184013
541,A0100,pursuit_chase_v1,UNKNOWN,12197.459152,28393.007379,4006.992621,5717.200587,-28416.691966,15039.976624,499.597273,26089.719590,539.003365,4744.986754,-50.836880,0.037646,False,False,False,False,True,True,True,1-circle,-1.000000,355.487215,-16503.019450,1.191847,-0.809426,100.000000,100.000000,0.000000,0.000000,4,4,4,0.0000,0.0000,0.0000,0.5000,"PursuitChaseOptimal",0.189158
541,B0100,aggressive,UNKNOWN,12197.459152,28393.007379,4006.992621,5717.200587,-28416.691966,15039.976624,499.597273,26089.719590,539.003365,4744.986754,-50.836880,0.037646,False,False,False,False,True,True,True,1-circle,-1.000000,355.487215,-16503.019450,1.191847,-0.809426,100.000000,100.000000,0.000000,0.000000,2,4,4,0.0000,0.0000,0.0000,0.5000,"Accelerate",-0.132260
542,A0100,pursuit_chase_v1,UNKNOWN,12206.223294,28440.563703,3959.436297,5610.690949,-28464.782985,15038.590637,500.098758,26110.527755,416.163307,4739.895347,-51.097197,0.074200,False,False,False,False,True,True,True,1-circle,-1.000000,358.806051,-16295.832578,2.350320,-0.736927,100.000000,100.000000,0.000000,0.000000,4,4,4,0.0000,0.0000,0.0000,0.5000,"PursuitChaseOptimal",0.113528
542,B0100,aggressive,UNKNOWN,12206.223294,28440.563703,3959.436297,5610.690949,-28464.782985,15038.590637,500.098758,26110.527755,416.163307,4739.895347,-51.097197,0.074200,False,False,False,False,True,True,True,1-circle,-1.000000,358.806051,-16295.832578,2.350320,-0.736927,100.000000,100.000000,0.000000,0.000000,2,4,4,0.0000,0.0000,0.0000,0.5000,"Accelerate",-0.079982
543,A0100,pursuit_chase_v1,UNKNOWN,12206.223294,28440.563703,3959.436297,5610.690949,-28464.782985,15038.590637,500.098758,26110.527755,416.163307,4739.895347,-51.097197,0.074200,False,False,False,False,True,True,True,1-circle,-1.000000,358.806051,-16295.832578,2.350320,-0.736927,100.000000,100.000000,0.000000,0.000000,4,4,4,0.0000,0.0000,0.0000,0.5000,"PursuitChaseOptimal",0.084033
543,B0100,aggressive,UNKNOWN,12206.223294,28440.563703,3959.436297,5610.690949,-28464.782985,15038.590637,500.098758,26110.527755,416.163307,4739.895347,-51.097197,0.074200,False,False,False,False,True,True,True,1-circle,-1.000000,358.806051,-16295.832578,2.350320,-0.736927,100.000000,100.000000,0.000000,0.000000,2,4,4,0.0000,0.0000,0.0000,0.5000,"Accelerate",-0.059525
544,A0100,pursuit_chase_v1,UNKNOWN,12215.001983,28486.691443,3913.308557,5539.209452,-28509.259945,15037.323199,500.431973,26124.019649,269.837873,4708.300749,-51.061455,0.027004,False,False,False,False,True,True,True,1-circle,-1.000000,362.020276,-16874.240462,-0.856291,-0.529067,100.000000,100.000000,0.000000,0.000000,4,4,4,0.0000,0.0000,0.0000,0.5000,"PursuitChaseOptimal",0.139139
544,B0100,aggressive,UNKNOWN,12215.001983,28486.691443,3913.308557,5539.209452,-28509.259945,15037.323199,500.431973,26124.019649,269.837873,4708.300749,-51.061455,0.027004,False,False,False,False,True,True,True,1-circle,-1.000000,362.020276,-16874.240462,-0.856291,-0.529067,100.000000,100.000000,0.000000,0.000000,2,4,4,0.0000,0.0000,0.0000,0.5000,"Accelerate",-0.097427
545,A0100,pursuit_chase_v1,UNKNOWN,12215.001983,28486.691443,3913.308557,5539.209452,-28509.259945,15037.323199,500.431973,26124.019649,269.837873,4708.300749,-51.061455,0.027004,False,False,False,False,True,True,True,1-circle,-1.000000,362.020276,-16874.240462,-0.856291,-0.529067,100.000000,100.000000,0.000000,0.000000,4,4,4,0.0000,0.0000,0.0000,0.5000,"PursuitChaseOptimal",0.167534
545,B0100,aggressive,UNKNOWN,12215.001983,28486.691443,3913.308557,5539.209452,-28509.259945,15037.323199,500.431973,26124.019649,269.837873,4708.300749,-51.061455,0.027004,False,False,False,False,True,True,True,1-circle,-1.000000,362.020276,-16874.240462,-0.856291,-0.529067,100.000000,100.000000,0.000000,0.000000,2,4,4,0.0000,0.0000,0.0000,0.5000,"Accelerate",-0.116615
546,A0100,pursuit_chase_v1,UNKNOWN,12223.793524,28533.011726,3866.988274,5450.824739,-28556.209199,15036.175098,500.955742,26146.091137,441.429753,4699.174114,-51.330118,0.000515,False,False,False,False,True,True,True,1-circle,-1.000000,365.180916,-16724.221385,-0.016358,-0.521275,100.000000,100.000000,0.000000,0.000000,4,4,4,0.0000,0.0000,0.0000,0.5000,"PursuitChaseOptimal",0.143688
546,B0100,aggressive,UNKNOWN,12223.793524,28533.011726,3866.988274,5450.824739,-28556.209199,15036.175098,500.955742,26146.091137,441.429753,4699.174114,-51.330118,0.000515,False,False,False,False,True,True,True,1-circle,-1.000000,365.180916,-16724.221385,-0.016358,-0.521275,100.000000,100.000000,0.000000,0.000000,2,4,4,0.0000,0.0000,0.0000,0.5000,"Accelerate",-0.100078
547,A0100,pursuit_chase_v1,UNKNOWN,12223.793524,28533.011726,3866.988274,5450.824739,-28556.209199,15036.175098,500.955742,26146.091137,441.429753,4699.174114,-51.330118,0.000515,False,False,False,False,True,True,True,1-circle,-1.000000,365.180916,-16724.221385,-0.016358,-0.521275,100.000000,100.000000,0.000000,0.000000,4,4,4,0.0000,0.0000,0.0000,0.5000,"PursuitChaseOptimal",0.107522
547,B0100,aggressive,UNKNOWN,12223.793524,28533.011726,3866.988274,5450.824739,-28556.209199,15036.175098,500.955742,26146.091137,441.429753,4699.174114,-51.330118,0.000515,False,False,False,False,True,True,True,1-circle,-1.000000,365.180916,-16724.221385,-0.016358,-0.521275,100.000000,100.000000,0.000000,0.000000,2,4,4,0.0000,0.0000,0.0000,0.5000,"Accelerate",-0.075411
548,A0100,pursuit_chase_v1,UNKNOWN,12232.654394,28578.192513,3821.807487,5368.454142,-28603.101630,15034.929498,501.539406,26170.748950,493.156273,4696.340222,-51.724799,0.090420,False,False,False,False,True,True,True,1-circle,-1.000000,368.587018,-16206.071640,2.870848,-0.745443,100.000000,100.000000,0.000000,0.000000,4,4,4,0.0000,0.0000,0.0000,0.5000,"PursuitChaseOptimal",0.086735
548,B0100,aggressive,UNKNOWN,12232.654394,28578.192513,3821.807487,5368.454142,-28603.101630,15034.929498,501.539406,26170.748950,493.156273,4696.340222,-51.724799,0.090420,False,False,False,False,True,True,True,1-circle,-1.000000,368.587018,-16206.071640,2.870848,-0.745443,100.000000,100.000000,0.000000,0.000000,2,4,4,0.0000,0.0000,0.0000,0.5000,"Accelerate",-0.060919
549,A0100,pursuit_chase_v1,UNKNOWN,12232.654394,28578.192513,3821.807487,5368.454142,-28603.101630,15034.929498,501.539406,26170.748950,493.156273,4696.340222,-51.724799,0.090420,False,False,False,False,True,True,True,1-circle,-1.000000,368.587018,-16206.071640,2.870848,-0.745443,100.000000,100.000000,0.000000,0.000000,4,4,4,0.0000,0.0000,0.0000,0.5000,"PursuitChaseOptimal",0.069947
549,B0100,aggressive,UNKNOWN,12232.654394,28578.192513,3821.807487,5368.454142,-28603.101630,15034.929498,501.539406,26170.748950,493.156273,4696.340222,-51.724799,0.090420,False,False,False,False,True,True,True,1-circle,-1.000000,368.587018,-16206.071640,2.870848,-0.745443,100.000000,100.000000,0.000000,0.000000,2,4,4,0.0000,0.0000,0.0000,0.5000,"Accelerate",-0.049426
550,A0100,pursuit_chase_v1,UNKNOWN,12241.573359,28622.904713,3777.095287,5298.565164,-28646.841769,15033.700025,501.937678,26187.212361,329.268223,4680.300179,-51.948673,0.034012,False,False,False,False,True,True,True,1-circle,-1.000000,372.134487,-16529.930639,1.081450,-0.526106,100.000000,100.000000,0.000000,0.000000,4,4,4,0.0000,0.0000,0.0000,0.5000,"PursuitChaseOptimal",0.054368
550,B0100,aggressive,UNKNOWN,12241.573359,28622.904713,3777.095287,5298.565164,-28646.841769,15033.700025,501.937678,26187.212361,329.268223,4680.300179,-51.948673,0.034012,False,False,False,False,True,True,True,1-circle,-1.000000,372.134487,-16529.930639,1.081450,-0.526106,100.000000,100.000000,0.000000,0.000000,2,4,4,0.0000,0.0000,0.0000,0.5000,"Accelerate",-0.038694
551,A0100,pursuit_chase_v1,UNKNOWN,12241.573359,28622.904713,3777.095287,5298.565164,-28646.841769,15033.700025,501.937678,26187.212361,329.268223,4680.300179,-51.948673,0.034012,False,False,False,False,True,True,True,1-circle,-1.000000,372.134487,-16529.930639,1.081450,-0.526106,100.000000,100.000000,0.000000,0.000000,4,4,4,0.0000,0.0000,0.0000,0.5000,"PursuitChaseOptimal",0.039171
551,B0100,aggressive,UNKNOWN,12241.573359,28622.904713,3777.095287,5298.565164,-28646.841769,15033.700025,501.937678,26187.212361,329.268223,4680.300179,-51.948673,0.034012,False,False,False,False,True,True,True,1-circle,-1.000000,372.134487,-16529.930639,1.081450,-0.526106,100.000000,100.000000,0.000000,0.000000,2,4,4,0.0000,0.0000,0.0000,0.5000,"Accelerate",-0.028570
552,A0100,pursuit_chase_v1,UNKNOWN,12250.524645,28667.739446,3732.260554,5235.178355,-28690.627144,15032.654539,502.319319,26203.134163,318.436041,4663.236333,-52.200774,0.022763,False,False,False,False,True,True,True,1-circle,-1.000000,375.667454,-16856.730428,-0.724316,-0.357145,100.000000,100.000000,0.000000,0.000000,4,4,4,0.0000,0.0000,0.0000,0.5000,"PursuitChaseOptimal",0.024310
552,B0100,aggressive,UNKNOWN,12250.524645,28667.739446,3732.260554,5235.178355,-28690.627144,15032.654539,502.319319,26203.134163,318.436041,4663.236333,-52.200774,0.022763,False,False,False,False,True,True,True,1-circle,-1.000000,375.667454,-16856.730428,-0.724316,-0.357145,100.000000,100.000000,0.000000,0.000000,2,4,4,0.0000,0.0000,0.0000,0.5000,"Accelerate",-0.018430
553,A0100,pursuit_chase_v1,UNKNOWN,12250.524645,28667.739446,3732.260554,5235.178355,-28690.627144,15032.654539,502.319319,26203.134163,318.436041,4663.236333,-52.200774,0.022763,False,False,False,False,True,True,True,1-circle,-1.000000,375.667454,-16856.730428,-0.724316,-0.357145,100.000000,100.000000,0.000000,0.000000,4,4,4,0.0000,0.0000,0.0000,0.5000,"PursuitChaseOptimal",0.009768
553,B0100,aggressive,UNKNOWN,12250.524645,28667.739446,3732.260554,5235.178355,-28690.627144,15032.654539,502.319319,26203.134163,318.436041,4663.236333,-52.200774,0.022763,False,False,False,False,True,True,True,1-circle,-1.000000,375.667454,-16856.730428,-0.724316,-0.357145,100.000000,100.000000,0.000000,0.000000,2,4,4,0.0000,0.0000,0.0000,0.5000,"Accelerate",-0.008669
554,A0100,pursuit_chase_v1,UNKNOWN,12259.546865,28711.756845,3688.243155,5177.849086,-28736.205225,15031.612144,502.883209,26227.185216,481.021041,4657.413298,-52.666861,0.047711,False,False,False,False,True,True,True,1-circle,-1.000000,379.380440,-16454.870077,1.519480,-0.615140,100.000000,100.000000,0.000000,0.000000,4,4,4,0.0000,0.0000,0.0000,0.5000,"PursuitChaseOptimal",-0.004225
554,B0100,aggressive,UNKNOWN,12259.546865,28711.756845,3688.243155,5177.849086,-28736.205225,15031.612144,502.883209,26227.185216,481.021041,4657.413298,-52.666861,0.047711,False,False,False,False,True,True,True,1-circle,-1.000000,379.380440,-16454.870077,1.519480,-0.615140,100.000000,100.000000,0.000000,0.000000,2,4,4,0.0000,0.0000,0.0000,0.5000,"Accelerate",0.001119
555,A0100,pursuit_chase_v1,UNKNOWN,12259.546865,28711.756845,3688.243155,5177.849086,-28736.205225,15031.612144,502.883209,26227.185216,481.021041,4657.413298,-52.666861,0.047711,False,False,False,False,True,True,True,1-circle,-1.000000,379.380440,-16454.870077,1.519480,-0.615140,100.000000,100.000000,0.000000,0.000000,4,4,4,0.0000,0.0000,0.0000,0.5000,"PursuitChaseOptimal",-0.017804
555,B0100,aggressive,UNKNOWN,12259.546865,28711.756845,3688.243155,5177.849086,-28736.205225,15031.612144,502.883209,26227.185216,481.021041,4657.413298,-52.666861,0.047711,False,False,False,False,True,True,True,1-circle,-1.000000,379.380440,-16454.870077,1.519480,-0.615140,100.000000,100.000000,0.000000,0.000000,2,4,4,0.0000,0.0000,0.0000,0.5000,"Accelerate",0.010493
556,A0100,pursuit_chase_v1,UNKNOWN,12268.635866,28751.435897,3648.564103,5131.088657,-28775.705252,15030.565288,503.282629,26243.929801,334.891707,4641.951686,-52.908329,0.004940,False,False,False,False,True,True,True,1-circle,-1.000000,383.293930,-16759.028353,-0.157484,-0.548180,100.000000,100.000000,0.000000,0.000000,4,4,4,0.0000,0.0000,0.0000,0.5000,"PursuitChaseOptimal",-0.030993
556,B0100,aggressive,UNKNOWN,12268.635866,28751.435897,3648.564103,5131.088657,-28775.705252,15030.565288,503.282629,26243.929801,334.891707,4641.951686,-52.908329,0.004940,False,False,False,False,True,True,True,1-circle,-1.000000,383.293930,-16759.028353,-0.157484,-0.548180,100.000000,100.000000,0.000000,0.000000,2,4,4,0.0000,0.0000,0.0000,0.5000,"Accelerate",0.019071
557,A0100,pursuit_chase_v1,UNKNOWN,12268.635866,28751.435897,3648.564103,5131.088657,-28775.705252,15030.565288,503.282629,26243.929801,334.891707,4641.951686,-52.908329,0.004940,False,False,False,False,True,True,True,1-circle,-1.000000,383.293930,-16759.028353,-0.157484,-0.548180,100.000000,100.000000,0.000000,0.000000,4,4,4,0.0000,0.0000,0.0000,0.5000,"PursuitChaseOptimal",-0.043817
557,B0100,aggressive,UNKNOWN,12268.635866,28751.435897,3648.564103,5131.088657,-28775.705252,15030.565288,503.282629,26243.929801,334.891707,4641.951686,-52.908329,0.004940,False,False,False,False,True,True,True,1-circle,-1.000000,383.293930,-16759.028353,-0.157484,-0.548180,100.000000,100.000000,0.000000,0.000000,2,4,4,0.0000,0.0000,0.0000,0.5000,"Accelerate",0.027878
558,A0100,pursuit_chase_v1,UNKNOWN,12277.801971,28793.873961,3606.126039,5086.397706,-28820.310134,15029.511155,503.920566,26271.320727,547.818520,4641.347895,-53.495858,0.027999,False,False,False,False,True,True,True,1-circle,-1.000000,387.423318,-16572.449300,0.893506,-0.508004,100.000000,100.000000,0.000000,0.000000,4,4,4,0.0000,0.0000,0.0000,0.5000,"PursuitChaseOptimal",-0.054894
558,B0100,aggressive,UNKNOWN,12277.801971,28793.873961,3606.126039,5086.397706,-28820.310134,15029.511155,503.920566,26271.320727,547.818520,4641.347895,-53.495858,0.027999,False,False,False,False,True,True,True,1-circle,-1.000000,387.423318,-16572.449300,0.893506,-0.508004,100.000000,100.000000,0.000000,0.000000,2,4,4,0.0000,0.0000,0.0000,0.5000,"Accelerate",0.035330
559,A0100,pursuit_chase_v1,UNKNOWN,12277.801971,28793.873961,3606.126039,5086.397706,-28820.310134,15029.511155,503.920566,26271.320727,547.818520,4641.347895,-53.495858,0.027999,False,False,False,False,True,True,True,1-circle,-1.000000,387.423318,-16572.449300,0.893506,-0.508004,100.000000,100.000000,0.000000,0.000000,4,4,4,0.0000,0.0000,0.0000,0.5000,"PursuitChaseOptimal",-0.063214
559,B0100,aggressive,UNKNOWN,12277.801971,28793.873961,3606.126039,5086.397706,-28820.310134,15029.511155,503.920566,26271.320727,547.818520,4641.347895,-53.495858,0.027999,False,False,False,False,True,True,True,1-circle,-1.000000,387.423318,-16572.449300,0.893506,-0.508004,100.000000,100.000000,0.000000,0.000000,2,4,4,0.0000,0.0000,0.0000,0.5000,"Accelerate",0.041286
560,A0100,pursuit_chase_v1,UNKNOWN,12287.083900,28835.776919,3564.223081,5044.791688,-28863.612593,15028.323056,504.447790,26293.668306,446.951577,4639.732133,-54.077908,0.056896,False,False,False,False,True,True,True,1-circle,-1.000000,391.919466,-16409.316587,1.816976,-0.653366,100.000000,100.000000,0.000000,0.000000,4,4,4,0.0000,0.0000,0.0000,0.5000,"PursuitChaseOptimal",-0.072554
560,B0100,aggressive,UNKNOWN,12287.083900,28835.776919,3564.223081,5044.791688,-28863.612593,15028.323056,504.447790,26293.668306,446.951577,4639.732133,-54.077908,0.056896,False,False,False,False,True,True,True,1-circle,-1.000000,391.919466,-16409.316587,1.816976,-0.653366,100.000000,100.000000,0.000000,0.000000,2,4,4,0.0000,0.0000,0.0000,0.5000,"Accelerate",0.047697
561,A0100,pursuit_chase_v1,UNKNOWN,12287.083900,28835.776919,3564.223081,5044.791688,-28863.612593,15028.323056,504.447790,26293.668306,446.951577,4639.732133,-54.077908,0.056896,False,False,False,False,True,True,True,1-circle,-1.000000,391.919466,-16409.316587,1.816976,-0.653366,100.000000,100.000000,0.000000,0.000000,4,4,4,0.0000,0.0000,0.0000,0.5000,"PursuitChaseOptimal",-0.088482
561,B0100,aggressive,UNKNOWN,12287.083900,28835.776919,3564.223081,5044.791688,-28863.612593,15028.323056,504.447790,26293.668306,446.951577,4639.732133,-54.077908,0.056896,False,False,False,False,True,True,True,1-circle,-1.000000,391.919466,-16409.316587,1.816976,-0.653366,100.000000,100.000000,0.000000,0.000000,2,4,4,0.0000,0.0000,0.0000,0.5000,"Accelerate",0.058702
562,A0100,pursuit_chase_v1,UNKNOWN,12296.472479,28876.624930,3523.375070,4998.610753,-28903.509620,15027.199698,504.833466,26309.777386,322.181599,4639.031046,-54.629285,0.044975,False,False,False,False,True,True,True,1-circle,-1.000000,396.723304,-16998.612487,-1.437457,-0.436685,100.000000,100.000000,0.000000,0.000000,4,4,4,0.0000,0.0000,0.0000,0.5000,"PursuitChaseOptimal",-0.113284
562,B0100,aggressive,UNKNOWN,12296.472479,28876.624930,3523.375070,4998.610753,-28903.509620,15027.199698,504.833466,26309.777386,322.181599,4639.031046,-54.629285,0.044975,False,False,False,False,True,True,True,1-circle,-1.000000,396.723304,-16998.612487,-1.437457,-0.436685,100.000000,100.000000,0.000000,0.000000,2,4,4,0.0000,0.0000,0.0000,0.5000,"Accelerate",0.075475
563,A0100,pursuit_chase_v1,UNKNOWN,12296.472479,28876.624930,3523.375070,4998.610753,-28903.509620,15027.199698,504.833466,26309.777386,322.181599,4639.031046,-54.629285,0.044975,False,False,False,False,True,True,True,1-circle,-1.000000,396.723304,-16998.612487,-1.437457,-0.436685,100.000000,100.000000,0.000000,0.000000,4,4,4,0.0000,0.0000,0.0000,0.5000,"PursuitChaseOptimal",-0.147151
563,B0100,aggressive,UNKNOWN,12296.472479,28876.624930,3523.375070,4998.610753,-28903.509620,15027.199698,504.833466,26309.777386,322.181599,4639.031046,-54.629285,0.044975,False,False,False,False,True,True,True,1-circle,-1.000000,396.723304,-16998.612487,-1.437457,-0.436685,100.000000,100.000000,0.000000,0.000000,2,4,4,0.0000,0.0000,0.0000,0.5000,"Accelerate",0.098780
564,A0100,pursuit_chase_v1,UNKNOWN,12305.981315,28917.578031,3482.421969,4948.291211,-28946.040219,15026.142250,505.401229,26334.112191,486.696099,4648.957208,-55.330432,0.017042,False,False,False,False,True,True,True,1-circle,-1.000000,402.101635,-16842.294169,-0.545345,-0.433478,100.000000,100.000000,0.000000,0.000000,4,4,4,0.0000,0.0000,0.0000,0.5000,"PursuitChaseOptimal",-0.187374
564,B0100,aggressive,UNKNOWN,12305.981315,28917.578031,3482.421969,4948.291211,-28946.040219,15026.142250,505.401229,26334.112191,486.696099,4648.957208,-55.330432,0.017042,False,False,False,False,True,True,True,1-circle,-1.000000,402.101635,-16842.294169,-0.545345,-0.433478,100.000000,100.000000,0.000000,0.000000,2,4,4,0.0000,0.0000,0.0000,0.5000,"Accelerate",0.126581
565,A0100,pursuit_chase_v1,UNKNOWN,12305.981315,28917.578031,3482.421969,4948.291211,-28946.040219,15026.142250,505.401229,26334.112191,486.696099,4648.957208,-55.330432,0.017042,False,False,False,False,True,True,True,1-circle,-1.000000,402.101635,-16842.294169,-0.545345,-0.433478,100.000000,100.000000,0.000000,0.000000,4,4,4,0.0000,0.0000,0.0000,0.5000,"PursuitChaseOptimal",-0.242201
565,B0100,aggressive,UNKNOWN,12305.981315,28917.578031,3482.421969,4948.291211,-28946.040219,15026.142250,505.401229,26334.112191,486.696099,4648.957208,-55.330432,0.017042,False,False,False,False,True,True,True,1-circle,-1.000000,402.101635,-16842.294169,-0.545345,-0.433478,100.000000,100.000000,0.000000,0.000000,2,4,4,0.0000,0.0000,0.0000,0.5000,"Accelerate",0.164485
566,A0100,pursuit_chase_v1,UNKNOWN,12315.671542,28957.624238,3442.375762,4903.633802,-28988.696469,15024.955729,505.990429,26359.306861,503.893412,4674.566888,-56.381917,0.073692,False,False,False,False,True,True,True,1-circle,-1.000000,408.506741,-16325.056025,2.359427,-0.791863,100.000000,100.000000,0.000000,0.000000,4,4,4,0.0000,0.0000,0.0000,0.5000,"PursuitChaseOptimal",-0.294717
566,B0100,aggressive,UNKNOWN,12315.671542,28957.624238,3442.375762,4903.633802,-28988.696469,15024.955729,505.990429,26359.306861,503.893412,4674.566888,-56.381917,0.073692,False,False,False,False,True,True,True,1-circle,-1.000000,408.506741,-16325.056025,2.359427,-0.791863,100.000000,100.000000,0.000000,0.000000,2,4,4,0.0000,0.0000,0.0000,0.5000,"Accelerate",0.201583
567,A0100,pursuit_chase_v1,UNKNOWN,12315.671542,28957.624238,3442.375762,4903.633802,-28988.696469,15024.955729,505.990429,26359.306861,503.893412,4674.566888,-56.381917,0.073692,False,False,False,False,True,True,True,1-circle,-1.000000,408.506741,-16325.056025,2.359427,-0.791863,100.000000,100.000000,0.000000,0.000000,4,4,4,0.0000,0.0000,0.0000,0.5000,"PursuitChaseOptimal",-0.331132
567,B0100,aggressive,UNKNOWN,12315.671542,28957.624238,3442.375762,4903.633802,-28988.696469,15024.955729,505.990429,26359.306861,503.893412,4674.566888,-56.381917,0.073692,False,False,False,False,True,True,True,1-circle,-1.000000,408.506741,-16325.056025,2.359427,-0.791863,100.000000,100.000000,0.000000,0.000000,2,4,4,0.0000,0.0000,0.0000,0.5000,"Accelerate",0.227784
568,A0100,pursuit_chase_v1,UNKNOWN,12325.599621,28997.585440,3402.414560,4867.609182,-29028.275051,15023.765394,506.322938,26373.018017,274.223119,4701.597053,-57.621646,0.016507,False,False,False,False,True,True,True,1-circle,-1.000000,416.083615,-16661.661102,0.529124,-0.648911,100.000000,100.000000,0.000000,0.000000,4,4,4,0.0000,0.0000,0.0000,0.5000,"PursuitChaseOptimal",-0.389061
568,B0100,aggressive,UNKNOWN,12325.599621,28997.585440,3402.414560,4867.609182,-29028.275051,15023.765394,506.322938,26373.018017,274.223119,4701.597053,-57.621646,0.016507,False,False,False,False,True,True,True,1-circle,-1.000000,416.083615,-16661.661102,0.529124,-0.648911,100.000000,100.000000,0.000000,0.000000,2,4,4,0.0000,0.0000,0.0000,0.5000,"Accelerate",0.269556
569,A0100,pursuit_chase_v1,UNKNOWN,12325.599621,28997.585440,3402.414560,4867.609182,-29028.275051,15023.765394,506.322938,26373.018017,274.223119,4701.597053,-57.621646,0.016507,False,False,False,False,True,True,True,1-circle,-1.000000,416.083615,-16661.661102,0.529124,-0.648911,100.000000,100.000000,0.000000,0.000000,4,4,4,0.0000,0.0000,0.0000,0.5000,"PursuitChaseOptimal",-0.427727
569,B0100,aggressive,UNKNOWN,12325.599621,28997.585440,3402.414560,4867.609182,-29028.275051,15023.765394,506.322938,26373.018017,274.223119,4701.597053,-57.621646,0.016507,False,False,False,False,True,True,True,1-circle,-1.000000,416.083615,-16661.661102,0.529124,-0.648911,100.000000,100.000000,0.000000,0.000000,2,4,4,0.0000,0.0000,0.0000,0.5000,"Accelerate",0.298333
570,A0100,pursuit_chase_v1,UNKNOWN,12335.812818,29037.506938,3362.493062,4844.890455,-29067.895070,15022.730571,506.694790,26388.659499,312.829631,4744.867650,-59.360881,0.039089,False,False,False,False,True,True,True,1-circle,-1.000000,424.834862,-16991.212314,-1.253638,-0.442658,100.000000,100.000000,0.000000,0.000000,4,4,4,0.0000,0.0000,0.0000,0.5000,"PursuitChaseOptimal",-0.464651
570,B0100,aggressive,UNKNOWN,12335.812818,29037.506938,3362.493062,4844.890455,-29067.895070,15022.730571,506.694790,26388.659499,312.829631,4744.867650,-59.360881,0.039089,False,False,False,False,True,True,True,1-circle,-1.000000,424.834862,-16991.212314,-1.253638,-0.442658,100.000000,100.000000,0.000000,0.000000,2,4,4,0.0000,0.0000,0.0000,0.5000,"Accelerate",0.326905
571,A0100,pursuit_chase_v1,UNKNOWN,12335.812818,29037.506938,3362.493062,4844.890455,-29067.895070,15022.730571,506.694790,26388.659499,312.829631,4744.867650,-59.360881,0.039089,False,False,False,False,True,True,True,1-circle,-1.000000,424.834862,-16991.212314,-1.253638,-0.442658,100.000000,100.000000,0.000000,0.000000,4,4,4,0.0000,0.0000,0.0000,0.5000,"PursuitChaseOptimal",-0.491794
571,B0100,aggressive,UNKNOWN,12335.812818,29037.506938,3362.493062,4844.890455,-29067.895070,15022.730571,506.694790,26388.659499,312.829631,4744.867650,-59.360881,0.039089,False,False,False,False,True,True,True,1-circle,-1.000000,424.834862,-16991.212314,-1.253638,-0.442658,100.000000,100.000000,0.000000,0.000000,2,4,4,0.0000,0.0000,0.0000,0.5000,"Accelerate",0.349359
572,A0100,pursuit_chase_v1,UNKNOWN,12346.450410,29073.679226,3326.320774,4830.906716,-29107.447093,15021.674598,507.293323,26414.471378,516.237578,4824.315815,-61.878924,0.039408,False,False,False,False,True,True,True,1-circle,-1.000000,435.201346,-16548.531065,1.265220,-0.690245,100.000000,100.000000,0.000000,0.000000,4,4,4,0.0000,0.0000,0.0000,0.5000,"PursuitChaseOptimal",-0.503944
572,B0100,aggressive,UNKNOWN,12346.450410,29073.679226,3326.320774,4830.906716,-29107.447093,15021.674598,507.293323,26414.471378,516.237578,4824.315815,-61.878924,0.039408,False,False,False,False,True,True,True,1-circle,-1.000000,435.201346,-16548.531065,1.265220,-0.690245,100.000000,100.000000,0.000000,0.000000,2,4,4,0.0000,0.0000,0.0000,0.5000,"Accelerate",0.361663
573,A0100,pursuit_chase_v1,UNKNOWN,12346.450410,29073.679226,3326.320774,4830.906716,-29107.447093,15021.674598,507.293323,26414.471378,516.237578,4824.315815,-61.878924,0.039408,False,False,False,False,True,True,True,1-circle,-1.000000,435.201346,-16548.531065,1.265220,-0.690245,100.000000,100.000000,0.000000,0.000000,4,4,4,0.0000,0.0000,0.0000,0.5000,"PursuitChaseOptimal",-0.498283
573,B0100,aggressive,UNKNOWN,12346.450410,29073.679226,3326.320774,4830.906716,-29107.447093,15021.674598,507.293323,26414.471378,516.237578,4824.315815,-61.878924,0.039408,False,False,False,False,True,True,True,1-circle,-1.000000,435.201346,-16548.531065,1.265220,-0.690245,100.000000,100.000000,0.000000,0.000000,2,4,4,0.0000,0.0000,0.0000,0.5000,"Accelerate",0.361903
574,A0100,pursuit_chase_v1,UNKNOWN,12357.630896,29111.741426,3288.258574,4807.861502,-29147.727411,15020.505385,507.709237,26431.991014,350.392719,4911.729532,-64.743280,0.074512,False,False,False,False,True,True,True,1-circle,-1.000000,447.509258,-16358.692953,2.393054,-0.820852,100.000000,100.000000,0.000000,0.000000,4,4,4,0.0000,0.0000,0.0000,0.5000,"PursuitChaseOptimal",-0.449857
574,B0100,aggressive,UNKNOWN,12357.630896,29111.741426,3288.258574,4807.861502,-29147.727411,15020.505385,507.709237,26431.991014,350.392719,4911.729532,-64.743280,0.074512,False,False,False,False,True,True,True,1-circle,-1.000000,447.509258,-16358.692953,2.393054,-0.820852,100.000000,100.000000,0.000000,0.000000,2,4,4,0.0000,0.0000,0.0000,0.5000,"Accelerate",0.330366
575,A0100,pursuit_chase_v1,UNKNOWN,12357.630896,29111.741426,3288.258574,4807.861502,-29147.727411,15020.505385,507.709237,26431.991014,350.392719,4911.729532,-64.743280,0.074512,False,False,False,False,True,True,True,1-circle,-1.000000,447.509258,-16358.692953,2.393054,-0.820852,100.000000,100.000000,0.000000,0.000000,4,4,4,0.0000,0.0000,0.0000,0.5000,"PursuitChaseOptimal",-0.356169
575,B0100,aggressive,UNKNOWN,12357.630896,29111.741426,3288.258574,4807.861502,-29147.727411,15020.505385,507.709237,26431.991014,350.392719,4911.729532,-64.743280,0.074512,False,False,False,False,True,True,True,1-circle,-1.000000,447.509258,-16358.692953,2.393054,-0.820852,100.000000,100.000000,0.000000,0.000000,2,4,4,0.0000,0.0000,0.0000,0.5000,"Accelerate",0.264069
576,A0100,pursuit_chase_v1,UNKNOWN,12369.358007,29148.748336,3251.251664,4763.552310,-29184.412561,15019.425409,508.010471,26444.456368,249.307086,4991.189695,-67.329964,0.026796,False,False,False,False,True,True,True,1-circle,-1.000000,461.574618,-16959.873124,-0.861479,-0.564578,100.000000,100.000000,0.000000,0.000000,4,4,4,0.0000,0.0000,0.0000,0.5000,"PursuitChaseOptimal",-0.306112
576,B0100,aggressive,UNKNOWN,12369.358007,29148.748336,3251.251664,4763.552310,-29184.412561,15019.425409,508.010471,26444.456368,249.307086,4991.189695,-67.329964,0.026796,False,False,False,False,True,True,True,1-circle,-1.000000,461.574618,-16959.873124,-0.861479,-0.564578,100.000000,100.000000,0.000000,0.000000,2,4,4,0.0000,0.0000,0.0000,0.5000,"Accelerate",0.228575
577,A0100,pursuit_chase_v1,UNKNOWN,12369.358007,29148.748336,3251.251664,4763.552310,-29184.412561,15019.425409,508.010471,26444.456368,249.307086,4991.189695,-67.329964,0.026796,False,False,False,False,True,True,True,1-circle,-1.000000,461.574618,-16959.873124,-0.861479,-0.564578,100.000000,100.000000,0.000000,0.000000,4,4,4,0.0000,0.0000,0.0000,0.5000,"PursuitChaseOptimal",-0.261138
577,B0100,aggressive,UNKNOWN,12369.358007,29148.748336,3251.251664,4763.552310,-29184.412561,15019.425409,508.010471,26444.456368,249.307086,4991.189695,-67.329964,0.026796,False,False,False,False,True,True,True,1-circle,-1.000000,461.574618,-16959.873124,-0.861479,-0.564578,100.000000,100.000000,0.000000,0.000000,2,4,4,0.0000,0.0000,0.0000,0.5000,"Accelerate",0.196342
578,A0100,pursuit_chase_v1,UNKNOWN,12381.533972,29184.499237,3215.500763,4723.490781,-29222.890975,15018.435513,508.493636,26465.209341,415.059458,5055.180658,-69.346967,0.002071,False,False,False,False,True,True,True,1-circle,-1.000000,476.936634,-16809.740726,0.066648,-0.529607,100.000000,100.000000,0.000000,0.000000,4,4,4,0.0000,0.0000,0.0000,0.5000,"PursuitChaseOptimal",-0.224601
578,B0100,aggressive,UNKNOWN,12381.533972,29184.499237,3215.500763,4723.490781,-29222.890975,15018.435513,508.493636,26465.209341,415.059458,5055.180658,-69.346967,0.002071,False,False,False,False,True,True,True,1-circle,-1.000000,476.936634,-16809.740726,0.066648,-0.529607,100.000000,100.000000,0.000000,0.000000,2,4,4,0.0000,0.0000,0.0000,0.5000,"Accelerate",0.169861
579,A0100,pursuit_chase_v1,UNKNOWN,12381.533972,29184.499237,3215.500763,4723.490781,-29222.890975,15018.435513,508.493636,26465.209341,415.059458,5055.180658,-69.346967,0.002071,False,False,False,False,True,True,True,1-circle,-1.000000,476.936634,-16809.740726,0.066648,-0.529607,100.000000,100.000000,0.000000,0.000000,4,4,4,0.0000,0.0000,0.0000,0.5000,"PursuitChaseOptimal",-0.194712
579,B0100,aggressive,UNKNOWN,12381.533972,29184.499237,3215.500763,4723.490781,-29222.890975,15018.435513,508.493636,26465.209341,415.059458,5055.180658,-69.346967,0.002071,False,False,False,False,True,True,True,1-circle,-1.000000,476.936634,-16809.740726,0.066648,-0.529607,100.000000,100.000000,0.000000,0.000000,2,4,4,0.0000,0.0000,0.0000,0.5000,"Accelerate",0.147857
580,A0100,pursuit_chase_v1,UNKNOWN,12394.064745,29218.834574,3181.165426,4696.608419,-29261.387396,15017.338470,509.018449,26487.752766,450.868507,5098.633767,-70.766580,0.092608,False,False,False,False,True,True,True,1-circle,-1.000000,493.365403,-16303.455316,2.980285,-0.731787,100.000000,100.000000,0.000000,0.000000,4,4,4,0.0000,0.0000,0.0000,0.5000,"PursuitChaseOptimal",-0.164893
580,B0100,aggressive,UNKNOWN,12394.064745,29218.834574,3181.165426,4696.608419,-29261.387396,15017.338470,509.018449,26487.752766,450.868507,5098.633767,-70.766580,0.092608,False,False,False,False,True,True,True,1-circle,-1.000000,493.365403,-16303.455316,2.980285,-0.731787,100.000000,100.000000,0.000000,0.000000,2,4,4,0.0000,0.0000,0.0000,0.5000,"Accelerate",0.125908
581,A0100,pursuit_chase_v1,UNKNOWN,12394.064745,29218.834574,3181.165426,4696.608419,-29261.387396,15017.338470,509.018449,26487.752766,450.868507,5098.633767,-70.766580,0.092608,False,False,False,False,True,True,True,1-circle,-1.000000,493.365403,-16303.455316,2.980285,-0.731787,100.000000,100.000000,0.000000,0.000000,4,4,4,0.0000,0.0000,0.0000,0.5000,"PursuitChaseOptimal",-0.145405
581,B0100,aggressive,UNKNOWN,12394.064745,29218.834574,3181.165426,4696.608419,-29261.387396,15017.338470,509.018449,26487.752766,450.868507,5098.633767,-70.766580,0.092608,False,False,False,False,True,True,True,1-circle,-1.000000,493.365403,-16303.455316,2.980285,-0.731787,100.000000,100.000000,0.000000,0.000000,2,4,4,0.0000,0.0000,0.0000,0.5000,"Accelerate",0.111435
582,A0100,pursuit_chase_v1,UNKNOWN,12406.819285,29254.143317,3145.856683,4671.245323,-29297.204314,15016.256251,509.372328,26502.624981,297.444289,5112.123389,-71.495934,0.034568,False,False,False,False,True,True,True,1-circle,-1.000000,510.412992,-16658.190309,1.114023,-0.491420,100.000000,100.000000,0.000000,0.000000,4,4,4,0.0000,0.0000,0.0000,0.5000,"PursuitChaseOptimal",-0.144868
582,B0100,aggressive,UNKNOWN,12406.819285,29254.143317,3145.856683,4671.245323,-29297.204314,15016.256251,509.372328,26502.624981,297.444289,5112.123389,-71.495934,0.034568,False,False,False,False,True,True,True,1-circle,-1.000000,510.412992,-16658.190309,1.114023,-0.491420,100.000000,100.000000,0.000000,0.000000,2,4,4,0.0000,0.0000,0.0000,0.5000,"Accelerate",0.111643
583,A0100,pursuit_chase_v1,UNKNOWN,12406.819285,29254.143317,3145.856683,4671.245323,-29297.204314,15016.256251,509.372328,26502.624981,297.444289,5112.123389,-71.495934,0.034568,False,False,False,False,True,True,True,1-circle,-1.000000,510.412992,-16658.190309,1.114023,-0.491420,100.000000,100.000000,0.000000,0.000000,4,4,4,0.0000,0.0000,0.0000,0.5000,"PursuitChaseOptimal",-0.142925
583,B0100,aggressive,UNKNOWN,12406.819285,29254.143317,3145.856683,4671.245323,-29297.204314,15016.256251,509.372328,26502.624981,297.444289,5112.123389,-71.495934,0.034568,False,False,False,False,True,True,True,1-circle,-1.000000,510.412992,-16658.190309,1.114023,-0.491420,100.000000,100.000000,0.000000,0.000000,2,4,4,0.0000,0.0000,0.0000,0.5000,"Accelerate",0.110420
584,A0100,pursuit_chase_v1,UNKNOWN,12419.715548,29289.431651,3110.568349,4649.947777,-29333.003218,15015.352336,509.719014,26517.361946,294.739312,5123.302832,-72.160347,0.020210,False,False,False,False,True,True,True,1-circle,-1.000000,527.749119,-16995.042745,-0.651766,-0.310848,100.000000,100.000000,0.000000,0.000000,4,4,4,0.0000,0.0000,0.0000,0.5000,"PursuitChaseOptimal",-0.141195
584,B0100,aggressive,UNKNOWN,12419.715548,29289.431651,3110.568349,4649.947777,-29333.003218,15015.352336,509.719014,26517.361946,294.739312,5123.302832,-72.160347,0.020210,False,False,False,False,True,True,True,1-circle,-1.000000,527.749119,-16995.042745,-0.651766,-0.310848,100.000000,100.000000,0.000000,0.000000,2,4,4,0.0000,0.0000,0.0000,0.5000,"Accelerate",0.109587
585,A0100,pursuit_chase_v1,UNKNOWN,12419.715548,29289.431651,3110.568349,4649.947777,-29333.003218,15015.352336,509.719014,26517.361946,294.739312,5123.302832,-72.160347,0.020210,False,False,False,False,True,True,True,1-circle,-1.000000,527.749119,-16995.042745,-0.651766,-0.310848,100.000000,100.000000,0.000000,0.000000,4,4,4,0.0000,0.0000,0.0000,0.5000,"PursuitChaseOptimal",-0.139716
585,B0100,aggressive,UNKNOWN,12419.715548,29289.431651,3110.568349,4649.947777,-29333.003218,15015.352336,509.719014,26517.361946,294.739312,5123.302832,-72.160347,0.020210,False,False,False,False,True,True,True,1-circle,-1.000000,527.749119,-16995.042745,-0.651766,-0.310848,100.000000,100.000000,0.000000,0.000000,2,4,4,0.0000,0.0000,0.0000,0.5000,"Accelerate",0.108813
586,A0100,pursuit_chase_v1,UNKNOWN,12432.782989,29322.517721,3077.482279,4641.025738,-29370.467108,15014.449701,510.236947,26539.845944,449.679952,5145.535248,-72.979019,0.050966,False,False,False,False,True,True,True,1-circle,-1.000000,545.521010,-16601.056618,1.644795,-0.569060,100.000000,100.000000,0.000000,0.000000,4,4,4,0.0000,0.0000,0.0000,0.5000,"PursuitChaseOptimal",-0.138253
586,B0100,aggressive,UNKNOWN,12432.782989,29322.517721,3077.482279,4641.025738,-29370.467108,15014.449701,510.236947,26539.845944,449.679952,5145.535248,-72.979019,0.050966,False,False,False,False,True,True,True,1-circle,-1.000000,545.521010,-16601.056618,1.644795,-0.569060,100.000000,100.000000,0.000000,0.000000,2,4,4,0.0000,0.0000,0.0000,0.5000,"Accelerate",0.108465
587,A0100,pursuit_chase_v1,UNKNOWN,12432.782989,29322.517721,3077.482279,4641.025738,-29370.467108,15014.449701,510.236947,26539.845944,449.679952,5145.535248,-72.979019,0.050966,False,False,False,False,True,True,True,1-circle,-1.000000,545.521010,-16601.056618,1.644795,-0.569060,100.000000,100.000000,0.000000,0.000000,4,4,4,0.0000,0.0000,0.0000,0.5000,"PursuitChaseOptimal",-0.136826
587,B0100,aggressive,UNKNOWN,12432.782989,29322.517721,3077.482279,4641.025738,-29370.467108,15014.449701,510.236947,26539.845944,449.679952,5145.535248,-72.979019,0.050966,False,False,False,False,True,True,True,1-circle,-1.000000,545.521010,-16601.056618,1.644795,-0.569060,100.000000,100.000000,0.000000,0.000000,2,4,4,0.0000,0.0000,0.0000,0.5000,"Accelerate",0.107985
588,A0100,pursuit_chase_v1,UNKNOWN,12446.014051,29352.615932,3047.384068,4634.208989,-29402.465453,15013.542283,510.594607,26555.102033,305.121783,5158.685986,-73.587794,0.002862,False,False,False,False,True,True,True,1-circle,-1.000000,563.713728,-16933.515724,-0.092464,-0.484246,100.000000,100.000000,0.000000,0.000000,4,4,4,0.0000,0.0000,0.0000,0.5000,"PursuitChaseOptimal",-0.135534
588,B0100,aggressive,UNKNOWN,12446.014051,29352.615932,3047.384068,4634.208989,-29402.465453,15013.542283,510.594607,26555.102033,305.121783,5158.685986,-73.587794,0.002862,False,False,False,False,True,True,True,1-circle,-1.000000,563.713728,-16933.515724,-0.092464,-0.484246,100.000000,100.000000,0.000000,0.000000,2,4,4,0.0000,0.0000,0.0000,0.5000,"Accelerate",0.107083
589,A0100,pursuit_chase_v1,UNKNOWN,12446.014051,29352.615932,3047.384068,4634.208989,-29402.465453,15013.542283,510.594607,26555.102033,305.121783,5158.685986,-73.587794,0.002862,False,False,False,False,True,True,True,1-circle,-1.000000,563.713728,-16933.515724,-0.092464,-0.484246,100.000000,100.000000,0.000000,0.000000,4,4,4,0.0000,0.0000,0.0000,0.5000,"PursuitChaseOptimal",-0.134411
589,B0100,aggressive,UNKNOWN,12446.014051,29352.615932,3047.384068,4634.208989,-29402.465453,15013.542283,510.594607,26555.102033,305.121783,5158.685986,-73.587794,0.002862,False,False,False,False,True,True,True,1-circle,-1.000000,563.713728,-16933.515724,-0.092464,-0.484246,100.000000,100.000000,0.000000,0.000000,2,4,4,0.0000,0.0000,0.0000,0.5000,"Accelerate",0.106751
590,A0100,pursuit_chase_v1,UNKNOWN,12459.417306,29383.824000,3016.176000,4635.506443,-29439.263294,15012.629360,511.181206,26580.723516,512.429668,5186.658229,-74.479427,0.031756,False,False,False,False,True,True,True,1-circle,-1.000000,582.311236,-16752.136124,1.026764,-0.447410,100.000000,100.000000,0.000000,0.000000,4,4,4,0.0000,0.0000,0.0000,0.5000,"PursuitChaseOptimal",-0.133389
590,B0100,aggressive,UNKNOWN,12459.417306,29383.824000,3016.176000,4635.506443,-29439.263294,15012.629360,511.181206,26580.723516,512.429668,5186.658229,-74.479427,0.031756,False,False,False,False,True,True,True,1-circle,-1.000000,582.311236,-16752.136124,1.026764,-0.447410,100.000000,100.000000,0.000000,0.000000,2,4,4,0.0000,0.0000,0.0000,0.5000,"Accelerate",0.106359
591,A0100,pursuit_chase_v1,UNKNOWN,12459.417306,29383.824000,3016.176000,4635.506443,-29439.263294,15012.629360,511.181206,26580.723516,512.429668,5186.658229,-74.479427,0.031756,False,False,False,False,True,True,True,1-circle,-1.000000,582.311236,-16752.136124,1.026764,-0.447410,100.000000,100.000000,0.000000,0.000000,4,4,4,0.0000,0.0000,0.0000,0.5000,"PursuitChaseOptimal",-0.132288
591,B0100,aggressive,UNKNOWN,12459.417306,29383.824000,3016.176000,4635.506443,-29439.263294,15012.629360,511.181206,26580.723516,512.429668,5186.658229,-74.479427,0.031756,False,False,False,False,True,True,True,1-circle,-1.000000,582.311236,-16752.136124,1.026764,-0.447410,100.000000,100.000000,0.000000,0.000000,2,4,4,0.0000,0.0000,0.0000,0.5000,"Accelerate",0.106271
592,A0100,pursuit_chase_v1,UNKNOWN,12473.020261,29415.068264,2984.931736,4637.982864,-29475.111999,15011.586467,511.644053,26600.638662,398.302904,5207.970935,-75.256330,0.059556,False,False,False,False,True,True,True,1-circle,-1.000000,601.424206,-16610.687970,1.926708,-0.657003,100.000000,100.000000,0.000000,0.000000,4,4,4,0.0000,0.0000,0.0000,0.5000,"PursuitChaseOptimal",-0.146241
592,B0100,aggressive,UNKNOWN,12473.020261,29415.068264,2984.931736,4637.982864,-29475.111999,15011.586467,511.644053,26600.638662,398.302904,5207.970935,-75.256330,0.059556,False,False,False,False,True,True,True,1-circle,-1.000000,601.424206,-16610.687970,1.926708,-0.657003,100.000000,100.000000,0.000000,0.000000,2,4,4,0.0000,0.0000,0.0000,0.5000,"Accelerate",0.118266
593,A0100,pursuit_chase_v1,UNKNOWN,12473.020261,29415.068264,2984.931736,4637.982864,-29475.111999,15011.586467,511.644053,26600.638662,398.302904,5207.970935,-75.256330,0.059556,False,False,False,False,True,True,True,1-circle,-1.000000,601.424206,-16610.687970,1.926708,-0.657003,100.000000,100.000000,0.000000,0.000000,4,4,4,0.0000,0.0000,0.0000,0.5000,"PursuitChaseOptimal",-0.161047
593,B0100,aggressive,UNKNOWN,12473.020261,29415.068264,2984.931736,4637.982864,-29475.111999,15011.586467,511.644053,26600.638662,398.302904,5207.970935,-75.256330,0.059556,False,False,False,False,True,True,True,1-circle,-1.000000,601.424206,-16610.687970,1.926708,-0.657003,100.000000,100.000000,0.000000,0.000000,2,4,4,0.0000,0.0000,0.0000,0.5000,"Accelerate",0.131239
594,A0100,pursuit_chase_v1,UNKNOWN,12486.800830,29446.854708,2953.145292,4640.400631,-29507.967212,15010.606473,511.982804,26615.009603,287.418828,5230.223926,-76.178634,0.042225,False,False,False,False,True,True,True,1-circle,-1.000000,620.883138,-17224.354510,-1.367093,-0.424083,100.000000,100.000000,0.000000,0.000000,4,4,4,0.0000,0.0000,0.0000,0.5000,"PursuitChaseOptimal",-0.175203
594,B0100,aggressive,UNKNOWN,12486.800830,29446.854708,2953.145292,4640.400631,-29507.967212,15010.606473,511.982804,26615.009603,287.418828,5230.223926,-76.178634,0.042225,False,False,False,False,True,True,True,1-circle,-1.000000,620.883138,-17224.354510,-1.367093,-0.424083,100.000000,100.000000,0.000000,0.000000,2,4,4,0.0000,0.0000,0.0000,0.5000,"Accelerate",0.143564
595,A0100,pursuit_chase_v1,UNKNOWN,12486.800830,29446.854708,2953.145292,4640.400631,-29507.967212,15010.606473,511.982804,26615.009603,287.418828,5230.223926,-76.178634,0.042225,False,False,False,False,True,True,True,1-circle,-1.000000,620.883138,-17224.354510,-1.367093,-0.424083,100.000000,100.000000,0.000000,0.000000,4,4,4,0.0000,0.0000,0.0000,0.5000,"PursuitChaseOptimal",-0.186243
595,B0100,aggressive,UNKNOWN,12486.800830,29446.854708,2953.145292,4640.400631,-29507.967212,15010.606473,511.982804,26615.009603,287.418828,5230.223926,-76.178634,0.042225,False,False,False,False,True,True,True,1-circle,-1.000000,620.883138,-17224.354510,-1.367093,-0.424083,100.000000,100.000000,0.000000,0.000000,2,4,4,0.0000,0.0000,0.0000,0.5000,"Accelerate",0.153777
596,A0100,pursuit_chase_v1,UNKNOWN,12500.842354,29476.961757,2923.038243,4650.292295,-29543.136860,15009.693377,512.492507,26637.213451,444.076952,5279.772799,-77.710456,0.012194,False,False,False,False,True,True,True,1-circle,-1.000000,640.838013,-17070.625733,-0.395235,-0.409697,100.000000,100.000000,0.000000,0.000000,4,4,4,0.0000,0.0000,0.0000,0.5000,"PursuitChaseOptimal",-0.165258
596,B0100,aggressive,UNKNOWN,12500.842354,29476.961757,2923.038243,4650.292295,-29543.136860,15009.693377,512.492507,26637.213451,444.076952,5279.772799,-77.710456,0.012194,False,False,False,False,True,True,True,1-circle,-1.000000,640.838013,-17070.625733,-0.395235,-0.409697,100.000000,100.000000,0.000000,0.000000,2,4,4,0.0000,0.0000,0.0000,0.5000,"Accelerate",0.137277
597,A0100,pursuit_chase_v1,UNKNOWN,12500.842354,29476.961757,2923.038243,4650.292295,-29543.136860,15009.693377,512.492507,26637.213451,444.076952,5279.772799,-77.710456,0.012194,False,False,False,False,True,True,True,1-circle,-1.000000,640.838013,-17070.625733,-0.395235,-0.409697,100.000000,100.000000,0.000000,0.000000,4,4,4,0.0000,0.0000,0.0000,0.5000,"PursuitChaseOptimal",-0.138491
597,B0100,aggressive,UNKNOWN,12500.842354,29476.961757,2923.038243,4650.292295,-29543.136860,15009.693377,512.492507,26637.213451,444.076952,5279.772799,-77.710456,0.012194,False,False,False,False,True,True,True,1-circle,-1.000000,640.838013,-17070.625733,-0.395235,-0.409697,100.000000,100.000000,0.000000,0.000000,2,4,4,0.0000,0.0000,0.0000,0.5000,"Accelerate",0.115435
598,A0100,pursuit_chase_v1,UNKNOWN,12515.223334,29505.646011,2894.353989,4654.560247,-29578.710677,15008.658185,513.023532,26660.286710,461.465188,5331.210048,-79.121258,0.078035,False,False,False,False,True,True,True,1-circle,-1.000000,661.552277,-16566.021849,2.530070,-0.758098,100.000000,100.000000,0.000000,0.000000,4,4,4,0.0000,0.0000,0.0000,0.5000,"PursuitChaseOptimal",-0.113263
598,B0100,aggressive,UNKNOWN,12515.223334,29505.646011,2894.353989,4654.560247,-29578.710677,15008.658185,513.023532,26660.286710,461.465188,5331.210048,-79.121258,0.078035,False,False,False,False,True,True,True,1-circle,-1.000000,661.552277,-16566.021849,2.530070,-0.758098,100.000000,100.000000,0.000000,0.000000,2,4,4,0.0000,0.0000,0.0000,0.5000,"Accelerate",0.094923
599,A0100,pursuit_chase_v1,UNKNOWN,12515.223334,29505.646011,2894.353989,4654.560247,-29578.710677,15008.658185,513.023532,26660.286710,461.465188,5331.210048,-79.121258,0.078035,False,False,False,False,True,True,True,1-circle,-1.000000,661.552277,-16566.021849,2.530070,-0.758098,100.000000,100.000000,0.000000,0.000000,4,4,4,0.0000,0.0000,0.0000,0.5000,"PursuitChaseOptimal",-0.090563
599,B0100,aggressive,UNKNOWN,12515.223334,29505.646011,2894.353989,4654.560247,-29578.710677,15008.658185,513.023532,26660.286710,461.465188,5331.210048,-79.121258,0.078035,False,False,False,False,True,True,True,1-circle,-1.000000,661.552277,-16566.021849,2.530070,-0.758098,100.000000,100.000000,0.000000,0.000000,2,4,4,0.0000,0.0000,0.0000,0.5000,"Accelerate",0.076045
600,A0100,pursuit_chase_v1,UNKNOWN,12529.828714,29536.707932,2863.292068,4647.458059,-29611.800071,15007.621065,513.308024,26672.175801,237.781811,5350.752261,-79.758382,0.019255,False,False,False,False,True,True,True,1-circle,-1.000000,682.689162,-16931.209028,0.624996,-0.592467,100.000000,100.000000,0.000000,0.000000,4,4,4,0.0000,0.0000,0.0000,0.5000,"PursuitChaseOptimal",-0.068665
600,B0100,aggressive,UNKNOWN,12529.828714,29536.707932,2863.292068,4647.458059,-29611.800071,15007.621065,513.308024,26672.175801,237.781811,5350.752261,-79.758382,0.019255,False,False,False,False,True,True,True,1-circle,-1.000000,682.689162,-16931.209028,0.624996,-0.592467,100.000000,100.000000,0.000000,0.000000,2,4,4,0.0000,0.0000,0.0000,0.5000,"Accelerate",0.057691
601,A0100,pursuit_chase_v1,UNKNOWN,12529.828714,29536.707932,2863.292068,4647.458059,-29611.800071,15007.621065,513.308024,26672.175801,237.781811,5350.752261,-79.758382,0.019255,False,False,False,False,True,True,True,1-circle,-1.000000,682.689162,-16931.209028,0.624996,-0.592467,100.000000,100.000000,0.000000,0.000000,4,4,4,0.0000,0.0000,0.0000,0.5000,"PursuitChaseOptimal",-0.074165
601,B0100,aggressive,UNKNOWN,12529.828714,29536.707932,2863.292068,4647.458059,-29611.800071,15007.621065,513.308024,26672.175801,237.781811,5350.752261,-79.758382,0.019255,False,False,False,False,True,True,True,1-circle,-1.000000,682.689162,-16931.209028,0.624996,-0.592467,100.000000,100.000000,0.000000,0.000000,2,4,4,0.0000,0.0000,0.0000,0.5000,"Accelerate",0.062344
602,A0100,pursuit_chase_v1,UNKNOWN,12544.542521,29567.798196,2832.201804,4636.879094,-29644.987275,15006.735901,513.642997,26686.519621,286.876412,5362.335623,-80.090754,0.034560,False,False,False,False,True,True,True,1-circle,-1.000000,703.878569,-17267.863306,-1.122320,-0.378233,100.000000,100.000000,0.000000,0.000000,4,4,4,0.0000,0.0000,0.0000,0.5000,"PursuitChaseOptimal",-0.078451
602,B0100,aggressive,UNKNOWN,12544.542521,29567.798196,2832.201804,4636.879094,-29644.987275,15006.735901,513.642997,26686.519621,286.876412,5362.335623,-80.090754,0.034560,False,False,False,False,True,True,True,1-circle,-1.000000,703.878569,-17267.863306,-1.122320,-0.378233,100.000000,100.000000,0.000000,0.000000,2,4,4,0.0000,0.0000,0.0000,0.5000,"Accelerate",0.066214
603,A0100,pursuit_chase_v1,UNKNOWN,12544.542521,29567.798196,2832.201804,4636.879094,-29644.987275,15006.735901,513.642997,26686.519621,286.876412,5362.335623,-80.090754,0.034560,False,False,False,False,True,True,True,1-circle,-1.000000,703.878569,-17267.863306,-1.122320,-0.378233,100.000000,100.000000,0.000000,0.000000,4,4,4,0.0000,0.0000,0.0000,0.5000,"PursuitChaseOptimal",-0.081012
603,B0100,aggressive,UNKNOWN,12544.542521,29567.798196,2832.201804,4636.879094,-29644.987275,15006.735901,513.642997,26686.519621,286.876412,5362.335623,-80.090754,0.034560,False,False,False,False,True,True,True,1-circle,-1.000000,703.878569,-17267.863306,-1.122320,-0.378233,100.000000,100.000000,0.000000,0.000000,2,4,4,0.0000,0.0000,0.0000,0.5000,"Accelerate",0.068636
604,A0100,pursuit_chase_v1,UNKNOWN,12559.380529,29593.052706,2806.947294,4641.171578,-29678.165403,15005.831394,514.189587,26710.486267,479.332918,5389.733667,-80.652233,0.044522,False,False,False,False,True,True,True,1-circle,-1.000000,725.265642,-16827.541531,1.447124,-0.627711,100.000000,100.000000,0.000000,0.000000,4,4,4,0.0000,0.0000,0.0000,0.5000,"PursuitChaseOptimal",-0.083225
604,B0100,aggressive,UNKNOWN,12559.380529,29593.052706,2806.947294,4641.171578,-29678.165403,15005.831394,514.189587,26710.486267,479.332918,5389.733667,-80.652233,0.044522,False,False,False,False,True,True,True,1-circle,-1.000000,725.265642,-16827.541531,1.447124,-0.627711,100.000000,100.000000,0.000000,0.000000,2,4,4,0.0000,0.0000,0.0000,0.5000,"Accelerate",0.070698
605,A0100,pursuit_chase_v1,UNKNOWN,12559.380529,29593.052706,2806.947294,4641.171578,-29678.165403,15005.831394,514.189587,26710.486267,479.332918,5389.733667,-80.652233,0.044522,False,False,False,False,True,True,True,1-circle,-1.000000,725.265642,-16827.541531,1.447124,-0.627711,100.000000,100.000000,0.000000,0.000000,4,4,4,0.0000,0.0000,0.0000,0.5000,"PursuitChaseOptimal",-0.098064
605,B0100,aggressive,UNKNOWN,12559.380529,29593.052706,2806.947294,4641.171578,-29678.165403,15005.831394,514.189587,26710.486267,479.332918,5389.733667,-80.652233,0.044522,False,False,False,False,True,True,True,1-circle,-1.000000,725.265642,-16827.541531,1.447124,-0.627711,100.000000,100.000000,0.000000,0.000000,2,4,4,0.0000,0.0000,0.0000,0.5000,"Accelerate",0.084192
606,A0100,pursuit_chase_v1,UNKNOWN,12574.367928,29622.022217,2777.977783,4643.741192,-29712.877452,15004.823318,514.551245,26725.949061,309.255873,5408.719474,-81.193900,0.078191,False,False,False,False,True,True,True,1-circle,-1.000000,746.970481,-16652.824228,2.542010,-0.744040,100.000000,100.000000,0.000000,0.000000,4,4,4,0.0000,0.0000,0.0000,0.5000,"PursuitChaseOptimal",-0.113992
606,B0100,aggressive,UNKNOWN,12574.367928,29622.022217,2777.977783,4643.741192,-29712.877452,15004.823318,514.551245,26725.949061,309.255873,5408.719474,-81.193900,0.078191,False,False,False,False,True,True,True,1-circle,-1.000000,746.970481,-16652.824228,2.542010,-0.744040,100.000000,100.000000,0.000000,0.000000,2,4,4,0.0000,0.0000,0.0000,0.5000,"Accelerate",0.098584
607,A0100,pursuit_chase_v1,UNKNOWN,12574.367928,29622.022217,2777.977783,4643.741192,-29712.877452,15004.823318,514.551245,26725.949061,309.255873,5408.719474,-81.193900,0.078191,False,False,False,False,True,True,True,1-circle,-1.000000,746.970481,-16652.824228,2.542010,-0.744040,100.000000,100.000000,0.000000,0.000000,4,4,4,0.0000,0.0000,0.0000,0.5000,"PursuitChaseOptimal",-0.129122
607,B0100,aggressive,UNKNOWN,12574.367928,29622.022217,2777.977783,4643.741192,-29712.877452,15004.823318,514.551245,26725.949061,309.255873,5408.719474,-81.193900,0.078191,False,False,False,False,True,True,True,1-circle,-1.000000,746.970481,-16652.824228,2.542010,-0.744040,100.000000,100.000000,0.000000,0.000000,2,4,4,0.0000,0.0000,0.0000,0.5000,"Accelerate",0.112546
608,A0100,pursuit_chase_v1,UNKNOWN,12589.525137,29652.633076,2747.366924,4642.823839,-29744.817613,15003.909154,514.813815,26737.000274,221.024271,5436.763236,-82.111982,0.023062,False,False,False,False,True,True,True,1-circle,-1.000000,768.918916,-17267.941825,-0.750562,-0.478009,100.000000,100.000000,0.000000,0.000000,4,4,4,0.0000,0.0000,0.0000,0.5000,"PursuitChaseOptimal",-0.141359
608,B0100,aggressive,UNKNOWN,12589.525137,29652.633076,2747.366924,4642.823839,-29744.817613,15003.909154,514.813815,26737.000274,221.024271,5436.763236,-82.111982,0.023062,False,False,False,False,True,True,True,1-circle,-1.000000,768.918916,-17267.941825,-0.750562,-0.478009,100.000000,100.000000,0.000000,0.000000,2,4,4,0.0000,0.0000,0.0000,0.5000,"Accelerate",0.123836
609,A0100,pursuit_chase_v1,UNKNOWN,12589.525137,29652.633076,2747.366924,4642.823839,-29744.817613,15003.909154,514.813815,26737.000274,221.024271,5436.763236,-82.111982,0.023062,False,False,False,False,True,True,True,1-circle,-1.000000,768.918916,-17267.941825,-0.750562,-0.478009,100.000000,100.000000,0.000000,0.000000,4,4,4,0.0000,0.0000,0.0000,0.5000,"PursuitChaseOptimal",-0.126114
609,B0100,aggressive,UNKNOWN,12589.525137,29652.633076,2747.366924,4642.823839,-29744.817613,15003.909154,514.813815,26737.000274,221.024271,5436.763236,-82.111982,0.023062,False,False,False,False,True,True,True,1-circle,-1.000000,768.918916,-17267.941825,-0.750562,-0.478009,100.000000,100.000000,0.000000,0.000000,2,4,4,0.0000,0.0000,0.0000,0.5000,"Accelerate",0.111019
610,A0100,pursuit_chase_v1,UNKNOWN,12604.948278,29680.054131,2719.945869,4648.023526,-29778.594941,15003.086748,515.253595,26756.232411,384.642743,5488.708413,-83.484738,0.007674,False,False,False,False,True,True,True,1-circle,-1.000000,791.290166,-17110.611577,0.249957,-0.444160,100.000000,100.000000,0.000000,0.000000,4,4,4,0.0000,0.0000,0.0000,0.5000,"PursuitChaseOptimal",-0.105404
610,B0100,aggressive,UNKNOWN,12604.948278,29680.054131,2719.945869,4648.023526,-29778.594941,15003.086748,515.253595,26756.232411,384.642743,5488.708413,-83.484738,0.007674,False,False,False,False,True,True,True,1-circle,-1.000000,791.290166,-17110.611577,0.249957,-0.444160,100.000000,100.000000,0.000000,0.000000,2,4,4,0.0000,0.0000,0.0000,0.5000,"Accelerate",0.092986
611,A0100,pursuit_chase_v1,UNKNOWN,12604.948278,29680.054131,2719.945869,4648.023526,-29778.594941,15003.086748,515.253595,26756.232411,384.642743,5488.708413,-83.484738,0.007674,False,False,False,False,True,True,True,1-circle,-1.000000,791.290166,-17110.611577,0.249957,-0.444160,100.000000,100.000000,0.000000,0.000000,4,4,4,0.0000,0.0000,0.0000,0.5000,"PursuitChaseOptimal",-0.085437
611,B0100,aggressive,UNKNOWN,12604.948278,29680.054131,2719.945869,4648.023526,-29778.594941,15003.086748,515.253595,26756.232411,384.642743,5488.708413,-83.484738,0.007674,False,False,False,False,True,True,True,1-circle,-1.000000,791.290166,-17110.611577,0.249957,-0.444160,100.000000,100.000000,0.000000,0.000000,2,4,4,0.0000,0.0000,0.0000,0.5000,"Accelerate",0.075801
612,A0100,pursuit_chase_v1,UNKNOWN,12620.642936,29706.642818,2693.357182,4648.808307,-29811.876236,15002.192904,515.637170,26772.844106,332.233884,5524.753355,-84.332718,0.034492,False,False,False,False,True,True,True,1-circle,-1.000000,814.182596,-16976.450698,1.124115,-0.639559,100.000000,100.000000,0.000000,0.000000,4,4,4,0.0000,0.0000,0.0000,0.5000,"PursuitChaseOptimal",-0.067266
612,B0100,aggressive,UNKNOWN,12620.642936,29706.642818,2693.357182,4648.808307,-29811.876236,15002.192904,515.637170,26772.844106,332.233884,5524.753355,-84.332718,0.034492,False,False,False,False,True,True,True,1-circle,-1.000000,814.182596,-16976.450698,1.124115,-0.639559,100.000000,100.000000,0.000000,0.000000,2,4,4,0.0000,0.0000,0.0000,0.5000,"Accelerate",0.059823
613,A0100,pursuit_chase_v1,UNKNOWN,12620.642936,29706.642818,2693.357182,4648.808307,-29811.876236,15002.192904,515.637170,26772.844106,332.233884,5524.753355,-84.332718,0.034492,False,False,False,False,True,True,True,1-circle,-1.000000,814.182596,-16976.450698,1.124115,-0.639559,100.000000,100.000000,0.000000,0.000000,4,4,4,0.0000,0.0000,0.0000,0.5000,"PursuitChaseOptimal",-0.050004
613,B0100,aggressive,UNKNOWN,12620.642936,29706.642818,2693.357182,4648.808307,-29811.876236,15002.192904,515.637170,26772.844106,332.233884,5524.753355,-84.332718,0.034492,False,False,False,False,True,True,True,1-circle,-1.000000,814.182596,-16976.450698,1.124115,-0.639559,100.000000,100.000000,0.000000,0.000000,2,4,4,0.0000,0.0000,0.0000,0.5000,"Accelerate",0.043976
614,A0100,pursuit_chase_v1,UNKNOWN,12636.483067,29731.932533,2668.067467,4644.744636,-29843.398681,15001.333810,516.076708,26792.060580,384.329482,5548.260797,-84.701743,0.006459,False,False,False,False,True,True,True,1-circle,-1.000000,837.267616,-17239.928155,-0.210692,-0.396571,100.000000,100.000000,0.000000,0.000000,4,4,4,0.0000,0.0000,0.0000,0.5000,"PursuitChaseOptimal",-0.056108
614,B0100,aggressive,UNKNOWN,12636.483067,29731.932533,2668.067467,4644.744636,-29843.398681,15001.333810,516.076708,26792.060580,384.329482,5548.260797,-84.701743,0.006459,False,False,False,False,True,True,True,1-circle,-1.000000,837.267616,-17239.928155,-0.210692,-0.396571,100.000000,100.000000,0.000000,0.000000,2,4,4,0.0000,0.0000,0.0000,0.5000,"Accelerate",0.049640
615,A0100,pursuit_chase_v1,UNKNOWN,12636.483067,29731.932533,2668.067467,4644.744636,-29843.398681,15001.333810,516.076708,26792.060580,384.329482,5548.260797,-84.701743,0.006459,False,False,False,False,True,True,True,1-circle,-1.000000,837.267616,-17239.928155,-0.210692,-0.396571,100.000000,100.000000,0.000000,0.000000,4,4,4,0.0000,0.0000,0.0000,0.5000,"PursuitChaseOptimal",-0.060743
615,B0100,aggressive,UNKNOWN,12636.483067,29731.932533,2668.067467,4644.744636,-29843.398681,15001.333810,516.076708,26792.060580,384.329482,5548.260797,-84.701743,0.006459,False,False,False,False,True,True,True,1-circle,-1.000000,837.267616,-17239.928155,-0.210692,-0.396571,100.000000,100.000000,0.000000,0.000000,2,4,4,0.0000,0.0000,0.0000,0.5000,"Accelerate",0.053952
616,A0100,pursuit_chase_v1,UNKNOWN,12652.443551,29754.706797,2645.293203,4647.135599,-29877.264375,15000.368792,516.635508,26816.643019,491.648777,5578.484331,-85.141514,0.066773,False,False,False,False,True,True,True,1-circle,-1.000000,860.565392,-16832.996888,2.179252,-0.642413,100.000000,100.000000,0.000000,0.000000,4,4,4,0.0000,0.0000,0.0000,0.5000,"PursuitChaseOptimal",-0.063587
616,B0100,aggressive,UNKNOWN,12652.443551,29754.706797,2645.293203,4647.135599,-29877.264375,15000.368792,516.635508,26816.643019,491.648777,5578.484331,-85.141514,0.066773,False,False,False,False,True,True,True,1-circle,-1.000000,860.565392,-16832.996888,2.179252,-0.642413,100.000000,100.000000,0.000000,0.000000,2,4,4,0.0000,0.0000,0.0000,0.5000,"Accelerate",0.057039
617,A0100,pursuit_chase_v1,UNKNOWN,12652.443551,29754.706797,2645.293203,4647.135599,-29877.264375,15000.368792,516.635508,26816.643019,491.648777,5578.484331,-85.141514,0.066773,False,False,False,False,True,True,True,1-circle,-1.000000,860.565392,-16832.996888,2.179252,-0.642413,100.000000,100.000000,0.000000,0.000000,4,4,4,0.0000,0.0000,0.0000,0.5000,"PursuitChaseOptimal",-0.066021
617,B0100,aggressive,UNKNOWN,12652.443551,29754.706797,2645.293203,4647.135599,-29877.264375,15000.368792,516.635508,26816.643019,491.648777,5578.484331,-85.141514,0.066773,False,False,False,False,True,True,True,1-circle,-1.000000,860.565392,-16832.996888,2.179252,-0.642413,100.000000,100.000000,0.000000,0.000000,2,4,4,0.0000,0.0000,0.0000,0.5000,"Accelerate",0.059532
618,A0100,pursuit_chase_v1,UNKNOWN,12668.522618,29781.047177,2618.952823,4641.628313,-29908.299009,14999.362408,516.953927,26830.206617,271.271960,5595.634715,-85.449934,0.004253,False,False,False,False,True,True,True,1-circle,-1.000000,884.057611,-17223.538738,0.138934,-0.536632,100.000000,100.000000,0.000000,0.000000,4,4,4,0.0000,0.0000,0.0000,0.5000,"PursuitChaseOptimal",-0.079330
618,B0100,aggressive,UNKNOWN,12668.522618,29781.047177,2618.952823,4641.628313,-29908.299009,14999.362408,516.953927,26830.206617,271.271960,5595.634715,-85.449934,0.004253,False,False,False,False,True,True,True,1-circle,-1.000000,884.057611,-17223.538738,0.138934,-0.536632,100.000000,100.000000,0.000000,0.000000,2,4,4,0.0000,0.0000,0.0000,0.5000,"Accelerate",0.072085
619,A0100,pursuit_chase_v1,UNKNOWN,12668.522618,29781.047177,2618.952823,4641.628313,-29908.299009,14999.362408,516.953927,26830.206617,271.271960,5595.634715,-85.449934,0.004253,False,False,False,False,True,True,True,1-circle,-1.000000,884.057611,-17223.538738,0.138934,-0.536632,100.000000,100.000000,0.000000,0.000000,4,4,4,0.0000,0.0000,0.0000,0.5000,"PursuitChaseOptimal",-0.093468
619,B0100,aggressive,UNKNOWN,12668.522618,29781.047177,2618.952823,4641.628313,-29908.299009,14999.362408,516.953927,26830.206617,271.271960,5595.634715,-85.449934,0.004253,False,False,False,False,True,True,True,1-circle,-1.000000,884.057611,-17223.538738,0.138934,-0.536632,100.000000,100.000000,0.000000,0.000000,2,4,4,0.0000,0.0000,0.0000,0.5000,"Accelerate",0.085148
620,A0100,pursuit_chase_v1,UNKNOWN,12684.723468,29806.428309,2593.571691,4645.112304,-29939.553161,14998.458648,517.298524,26845.080799,297.483653,5623.244693,-86.087081,0.048623,False,False,False,False,True,True,True,1-circle,-1.000000,907.663082,-17557.796244,-1.589089,-0.502227,100.000000,100.000000,0.000000,0.000000,4,4,4,0.0000,0.0000,0.0000,0.5000,"PursuitChaseOptimal",-0.107110
620,B0100,aggressive,UNKNOWN,12684.723468,29806.428309,2593.571691,4645.112304,-29939.553161,14998.458648,517.298524,26845.080799,297.483653,5623.244693,-86.087081,0.048623,False,False,False,False,True,True,True,1-circle,-1.000000,907.663082,-17557.796244,-1.589089,-0.502227,100.000000,100.000000,0.000000,0.000000,2,4,4,0.0000,0.0000,0.0000,0.5000,"Accelerate",0.098223
621,A0100,pursuit_chase_v1,UNKNOWN,12684.723468,29806.428309,2593.571691,4645.112304,-29939.553161,14998.458648,517.298524,26845.080799,297.483653,5623.244693,-86.087081,0.048623,False,False,False,False,True,True,True,1-circle,-1.000000,907.663082,-17557.796244,-1.589089,-0.502227,100.000000,100.000000,0.000000,0.000000,4,4,4,0.0000,0.0000,0.0000,0.5000,"PursuitChaseOptimal",-0.118236
621,B0100,aggressive,UNKNOWN,12684.723468,29806.428309,2593.571691,4645.112304,-29939.553161,14998.458648,517.298524,26845.080799,297.483653,5623.244693,-86.087081,0.048623,False,False,False,False,True,True,True,1-circle,-1.000000,907.663082,-17557.796244,-1.589089,-0.502227,100.000000,100.000000,0.000000,0.000000,2,4,4,0.0000,0.0000,0.0000,0.5000,"Accelerate",0.109171
622,A0100,pursuit_chase_v1,UNKNOWN,12701.166499,29824.394771,2575.605229,4664.975621,-29970.780021,14997.469248,517.852367,26869.472039,487.824784,5680.876051,-87.324431,0.030784,False,False,False,False,True,True,True,1-circle,-1.000000,931.749779,-17114.026678,1.007247,-0.835622,100.000000,100.000000,0.000000,0.000000,4,4,4,0.0000,0.0000,0.0000,0.5000,"PursuitChaseOptimal",-0.105454
622,B0100,aggressive,UNKNOWN,12701.166499,29824.394771,2575.605229,4664.975621,-29970.780021,14997.469248,517.852367,26869.472039,487.824784,5680.876051,-87.324431,0.030784,False,False,False,False,True,True,True,1-circle,-1.000000,931.749779,-17114.026678,1.007247,-0.835622,100.000000,100.000000,0.000000,0.000000,2,4,4,0.0000,0.0000,0.0000,0.5000,"Accelerate",0.097766
623,A0100,pursuit_chase_v1,UNKNOWN,12701.166499,29824.394771,2575.605229,4664.975621,-29970.780021,14997.469248,517.852367,26869.472039,487.824784,5680.876051,-87.324431,0.030784,False,False,False,False,True,True,True,1-circle,-1.000000,931.749779,-17114.026678,1.007247,-0.835622,100.000000,100.000000,0.000000,0.000000,4,4,4,0.0000,0.0000,0.0000,0.5000,"PursuitChaseOptimal",-0.088204
623,B0100,aggressive,UNKNOWN,12701.166499,29824.394771,2575.605229,4664.975621,-29970.780021,14997.469248,517.852367,26869.472039,487.824784,5680.876051,-87.324431,0.030784,False,False,False,False,True,True,True,1-circle,-1.000000,931.749779,-17114.026678,1.007247,-0.835622,100.000000,100.000000,0.000000,0.000000,2,4,4,0.0000,0.0000,0.0000,0.5000,"Accelerate",0.082338
624,A0100,pursuit_chase_v1,UNKNOWN,12717.905673,29847.142958,2552.857042,4668.057103,-30003.249547,14996.340219,518.189024,26883.784027,286.239775,5725.809518,-88.290343,0.063569,False,False,False,False,True,True,True,1-circle,-1.000000,956.466471,-16944.951261,2.080454,-0.910188,100.000000,100.000000,0.000000,0.000000,4,4,4,0.0000,0.0000,0.0000,0.5000,"PursuitChaseOptimal",-0.071364
624,B0100,aggressive,UNKNOWN,12717.905673,29847.142958,2552.857042,4668.057103,-30003.249547,14996.340219,518.189024,26883.784027,286.239775,5725.809518,-88.290343,0.063569,False,False,False,False,True,True,True,1-circle,-1.000000,956.466471,-16944.951261,2.080454,-0.910188,100.000000,100.000000,0.000000,0.000000,2,4,4,0.0000,0.0000,0.0000,0.5000,"Accelerate",0.066827
625,A0100,pursuit_chase_v1,UNKNOWN,12717.905673,29847.142958,2552.857042,4668.057103,-30003.249547,14996.340219,518.189024,26883.784027,286.239775,5725.809518,-88.290343,0.063569,False,False,False,False,True,True,True,1-circle,-1.000000,956.466471,-16944.951261,2.080454,-0.910188,100.000000,100.000000,0.000000,0.000000,4,4,4,0.0000,0.0000,0.0000,0.5000,"PursuitChaseOptimal",-0.055961
625,B0100,aggressive,UNKNOWN,12717.905673,29847.142958,2552.857042,4668.057103,-30003.249547,14996.340219,518.189024,26883.784027,286.239775,5725.809518,-88.290343,0.063569,False,False,False,False,True,True,True,1-circle,-1.000000,956.466471,-16944.951261,2.080454,-0.910188,100.000000,100.000000,0.000000,0.000000,2,4,4,0.0000,0.0000,0.0000,0.5000,"Accelerate",0.052519
626,A0100,pursuit_chase_v1,UNKNOWN,12734.819928,29873.214768,2526.785232,4658.276682,-30032.928048,14995.283871,518.434961,26894.014140,204.602247,5748.615842,-88.683490,0.038050,False,False,False,False,True,True,True,1-circle,-1.000000,981.415582,-17567.912022,-1.246168,-0.617844,100.000000,100.000000,0.000000,0.000000,4,4,4,0.0000,0.0000,0.0000,0.5000,"PursuitChaseOptimal",-0.041339
626,B0100,aggressive,UNKNOWN,12734.819928,29873.214768,2526.785232,4658.276682,-30032.928048,14995.283871,518.434961,26894.014140,204.602247,5748.615842,-88.683490,0.038050,False,False,False,False,True,True,True,1-circle,-1.000000,981.415582,-17567.912022,-1.246168,-0.617844,100.000000,100.000000,0.000000,0.000000,2,4,4,0.0000,0.0000,0.0000,0.5000,"Accelerate",0.038448
627,A0100,pursuit_chase_v1,UNKNOWN,12734.819928,29873.214768,2526.785232,4658.276682,-30032.928048,14995.283871,518.434961,26894.014140,204.602247,5748.615842,-88.683490,0.038050,False,False,False,False,True,True,True,1-circle,-1.000000,981.415582,-17567.912022,-1.246168,-0.617844,100.000000,100.000000,0.000000,0.000000,4,4,4,0.0000,0.0000,0.0000,0.5000,"PursuitChaseOptimal",-0.046791
627,B0100,aggressive,UNKNOWN,12734.819928,29873.214768,2526.785232,4658.276682,-30032.928048,14995.283871,518.434961,26894.014140,204.602247,5748.615842,-88.683490,0.038050,False,False,False,False,True,True,True,1-circle,-1.000000,981.415582,-17567.912022,-1.246168,-0.617844,100.000000,100.000000,0.000000,0.000000,2,4,4,0.0000,0.0000,0.0000,0.5000,"Accelerate",0.043680
628,A0100,pursuit_chase_v1,UNKNOWN,12751.824170,29894.733479,2505.266521,4653.442395,-30064.486252,14994.303375,518.856552,26912.393601,367.589230,5771.681903,-88.865086,0.006587,False,False,False,False,True,True,True,1-circle,-1.000000,1006.406480,-17406.480593,-0.215927,-0.569615,100.000000,100.000000,0.000000,0.000000,4,4,4,0.0000,0.0000,0.0000,0.5000,"PursuitChaseOptimal",-0.051028
628,B0100,aggressive,UNKNOWN,12751.824170,29894.733479,2505.266521,4653.442395,-30064.486252,14994.303375,518.856552,26912.393601,367.589230,5771.681903,-88.865086,0.006587,False,False,False,False,True,True,True,1-circle,-1.000000,1006.406480,-17406.480593,-0.215927,-0.569615,100.000000,100.000000,0.000000,0.000000,2,4,4,0.0000,0.0000,0.0000,0.5000,"Accelerate",0.047819
629,A0100,pursuit_chase_v1,UNKNOWN,12751.824170,29894.733479,2505.266521,4653.442395,-30064.486252,14994.303375,518.856552,26912.393601,367.589230,5771.681903,-88.865086,0.006587,False,False,False,False,True,True,True,1-circle,-1.000000,1006.406480,-17406.480593,-0.215927,-0.569615,100.000000,100.000000,0.000000,0.000000,4,4,4,0.0000,0.0000,0.0000,0.5000,"PursuitChaseOptimal",-0.053734
629,B0100,aggressive,UNKNOWN,12751.824170,29894.733479,2505.266521,4653.442395,-30064.486252,14994.303375,518.856552,26912.393601,367.589230,5771.681903,-88.865086,0.006587,False,False,False,False,True,True,True,1-circle,-1.000000,1006.406480,-17406.480593,-0.215927,-0.569615,100.000000,100.000000,0.000000,0.000000,2,4,4,0.0000,0.0000,0.0000,0.5000,"Accelerate",0.050494
630,A0100,pursuit_chase_v1,UNKNOWN,12768.941161,29913.088195,2486.911805,4656.052764,-30096.752679,14993.206315,519.335753,26933.321091,418.549798,5801.611004,-89.179523,0.082906,False,False,False,False,True,True,True,1-circle,-1.000000,1031.623575,-16902.449444,2.717948,-0.888753,100.000000,100.000000,0.000000,0.000000,4,4,4,0.0000,0.0000,0.0000,0.5000,"PursuitChaseOptimal",-0.056041
630,B0100,aggressive,UNKNOWN,12768.941161,29913.088195,2486.911805,4656.052764,-30096.752679,14993.206315,519.335753,26933.321091,418.549798,5801.611004,-89.179523,0.082906,False,False,False,False,True,True,True,1-circle,-1.000000,1031.623575,-16902.449444,2.717948,-0.888753,100.000000,100.000000,0.000000,0.000000,2,4,4,0.0000,0.0000,0.0000,0.5000,"Accelerate",0.053224
631,A0100,pursuit_chase_v1,UNKNOWN,12768.941161,29913.088195,2486.911805,4656.052764,-30096.752679,14993.206315,519.335753,26933.321091,418.549798,5801.611004,-89.179523,0.082906,False,False,False,False,True,True,True,1-circle,-1.000000,1031.623575,-16902.449444,2.717948,-0.888753,100.000000,100.000000,0.000000,0.000000,4,4,4,0.0000,0.0000,0.0000,0.5000,"PursuitChaseOptimal",-0.058173
631,B0100,aggressive,UNKNOWN,12768.941161,29913.088195,2486.911805,4656.052764,-30096.752679,14993.206315,519.335753,26933.321091,418.549798,5801.611004,-89.179523,0.082906,False,False,False,False,True,True,True,1-circle,-1.000000,1031.623575,-16902.449444,2.717948,-0.888753,100.000000,100.000000,0.000000,0.000000,2,4,4,0.0000,0.0000,0.0000,0.5000,"Accelerate",0.055567
632,A0100,pursuit_chase_v1,UNKNOWN,12786.161279,29937.547399,2462.452601,4649.126613,-30126.961562,14992.094216,519.582245,26943.545950,204.497182,5818.371581,-89.391730,0.022285,False,False,False,False,True,True,True,1-circle,-1.000000,1057.008469,-17284.083732,0.731404,-0.690495,100.000000,100.000000,0.000000,0.000000,4,4,4,0.0000,0.0000,0.0000,0.5000,"PursuitChaseOptimal",-0.069696
632,B0100,aggressive,UNKNOWN,12786.161279,29937.547399,2462.452601,4649.126613,-30126.961562,14992.094216,519.582245,26943.545950,204.497182,5818.371581,-89.391730,0.022285,False,False,False,False,True,True,True,1-circle,-1.000000,1057.008469,-17284.083732,0.731404,-0.690495,100.000000,100.000000,0.000000,0.000000,2,4,4,0.0000,0.0000,0.0000,0.5000,"Accelerate",0.067078
633,A0100,pursuit_chase_v1,UNKNOWN,12786.161279,29937.547399,2462.452601,4649.126613,-30126.961562,14992.094216,519.582245,26943.545950,204.497182,5818.371581,-89.391730,0.022285,False,False,False,False,True,True,True,1-circle,-1.000000,1057.008469,-17284.083732,0.731404,-0.690495,100.000000,100.000000,0.000000,0.000000,4,4,4,0.0000,0.0000,0.0000,0.5000,"PursuitChaseOptimal",-0.081927
633,B0100,aggressive,UNKNOWN,12786.161279,29937.547399,2462.452601,4649.126613,-30126.961562,14992.094216,519.582245,26943.545950,204.497182,5818.371581,-89.391730,0.022285,False,False,False,False,True,True,True,1-circle,-1.000000,1057.008469,-17284.083732,0.731404,-0.690495,100.000000,100.000000,0.000000,0.000000,2,4,4,0.0000,0.0000,0.0000,0.5000,"Accelerate",0.079036
634,A0100,pursuit_chase_v1,UNKNOWN,12803.496920,29961.792487,2438.207513,4650.061280,-30157.087651,14991.121639,519.887400,26956.615877,261.398545,5847.565033,-89.980459,0.030241,False,False,False,False,True,True,True,1-circle,-1.000000,1082.467445,-17618.413764,-0.992999,-0.461456,100.000000,100.000000,0.000000,0.000000,4,4,4,0.0000,0.0000,0.0000,0.5000,"PursuitChaseOptimal",-0.093747
634,B0100,aggressive,UNKNOWN,12803.496920,29961.792487,2438.207513,4650.061280,-30157.087651,14991.121639,519.887400,26956.615877,261.398545,5847.565033,-89.980459,0.030241,False,False,False,False,True,True,True,1-circle,-1.000000,1082.467445,-17618.413764,-0.992999,-0.461456,100.000000,100.000000,0.000000,0.000000,2,4,4,0.0000,0.0000,0.0000,0.5000,"Accelerate",0.090941
635,A0100,pursuit_chase_v1,UNKNOWN,12803.496920,29961.792487,2438.207513,4650.061280,-30157.087651,14991.121639,519.887400,26956.615877,261.398545,5847.565033,-89.980459,0.030241,False,False,False,False,True,True,True,1-circle,-1.000000,1082.467445,-17618.413764,-0.992999,-0.461456,100.000000,100.000000,0.000000,0.000000,4,4,4,0.0000,0.0000,0.0000,0.5000,"PursuitChaseOptimal",-0.103388
635,B0100,aggressive,UNKNOWN,12803.496920,29961.792487,2438.207513,4650.061280,-30157.087651,14991.121639,519.887400,26956.615877,261.398545,5847.565033,-89.980459,0.030241,False,False,False,False,True,True,True,1-circle,-1.000000,1082.467445,-17618.413764,-0.992999,-0.461456,100.000000,100.000000,0.000000,0.000000,2,4,4,0.0000,0.0000,0.0000,0.5000,"Accelerate",0.100959
636,A0100,pursuit_chase_v1,UNKNOWN,12821.066621,29976.889798,2423.110202,4669.367078,-30186.903380,14990.126711,520.370876,26977.886224,425.406940,5904.740438,-91.111968,0.049075,False,False,False,False,True,True,True,1-circle,-1.000000,1108.337127,-17173.614662,1.612540,-0.701882,100.000000,100.000000,0.000000,0.000000,4,4,4,0.0000,0.0000,0.0000,0.5000,"PursuitChaseOptimal",-0.092214
636,B0100,aggressive,UNKNOWN,12821.066621,29976.889798,2423.110202,4669.367078,-30186.903380,14990.126711,520.370876,26977.886224,425.406940,5904.740438,-91.111968,0.049075,False,False,False,False,True,True,True,1-circle,-1.000000,1108.337127,-17173.614662,1.612540,-0.701882,100.000000,100.000000,0.000000,0.000000,2,4,4,0.0000,0.0000,0.0000,0.5000,"Accelerate",0.090458
637,A0100,pursuit_chase_v1,UNKNOWN,12821.066621,29976.889798,2423.110202,4669.367078,-30186.903380,14990.126711,520.370876,26977.886224,425.406940,5904.740438,-91.111968,0.049075,False,False,False,False,True,True,True,1-circle,-1.000000,1108.337127,-17173.614662,1.612540,-0.701882,100.000000,100.000000,0.000000,0.000000,4,4,4,0.0000,0.0000,0.0000,0.5000,"PursuitChaseOptimal",-0.077095
637,B0100,aggressive,UNKNOWN,12821.066621,29976.889798,2423.110202,4669.367078,-30186.903380,14990.126711,520.370876,26977.886224,425.406940,5904.740438,-91.111968,0.049075,False,False,False,False,True,True,True,1-circle,-1.000000,1108.337127,-17173.614662,1.612540,-0.701882,100.000000,100.000000,0.000000,0.000000,2,4,4,0.0000,0.0000,0.0000,0.5000,"Accelerate",0.076180
638,A0100,pursuit_chase_v1,UNKNOWN,12838.927881,29998.760344,2401.239656,4669.869000,-30218.469456,14989.068418,520.719941,26992.916108,300.597679,5954.202071,-92.080379,0.081244,False,False,False,False,True,True,True,1-circle,-1.000000,1134.749139,-17007.880795,2.670000,-0.579824,100.000000,100.000000,0.000000,0.000000,4,4,4,0.0000,0.0000,0.0000,0.5000,"PursuitChaseOptimal",-0.062342
638,B0100,aggressive,UNKNOWN,12838.927881,29998.760344,2401.239656,4669.869000,-30218.469456,14989.068418,520.719941,26992.916108,300.597679,5954.202071,-92.080379,0.081244,False,False,False,False,True,True,True,1-circle,-1.000000,1134.749139,-17007.880795,2.670000,-0.579824,100.000000,100.000000,0.000000,0.000000,2,4,4,0.0000,0.0000,0.0000,0.5000,"Accelerate",0.061872
639,A0100,pursuit_chase_v1,UNKNOWN,12838.927881,29998.760344,2401.239656,4669.869000,-30218.469456,14989.068418,520.719941,26992.916108,300.597679,5954.202071,-92.080379,0.081244,False,False,False,False,True,True,True,1-circle,-1.000000,1134.749139,-17007.880795,2.670000,-0.579824,100.000000,100.000000,0.000000,0.000000,4,4,4,0.0000,0.0000,0.0000,0.5000,"PursuitChaseOptimal",-0.048859
639,B0100,aggressive,UNKNOWN,12838.927881,29998.760344,2401.239656,4669.869000,-30218.469456,14989.068418,520.719941,26992.916108,300.597679,5954.202071,-92.080379,0.081244,False,False,False,False,True,True,True,1-circle,-1.000000,1134.749139,-17007.880795,2.670000,-0.579824,100.000000,100.000000,0.000000,0.000000,2,4,4,0.0000,0.0000,0.0000,0.5000,"Accelerate",0.048646
640,A0100,pursuit_chase_v1,UNKNOWN,12856.969706,30024.951646,2375.048354,4656.036546,-30247.319922,14988.146884,520.941170,27002.196500,185.607843,5979.221489,-92.450629,0.019852,False,False,False,False,True,True,True,1-circle,-1.000000,1161.321076,-17630.626577,-0.653097,-0.360631,100.000000,100.000000,0.000000,0.000000,4,4,4,0.0000,0.0000,0.0000,0.5000,"PursuitChaseOptimal",-0.036092
640,B0100,aggressive,UNKNOWN,12856.969706,30024.951646,2375.048354,4656.036546,-30247.319922,14988.146884,520.941170,27002.196500,185.607843,5979.221489,-92.450629,0.019852,False,False,False,False,True,True,True,1-circle,-1.000000,1161.321076,-17630.626577,-0.653097,-0.360631,100.000000,100.000000,0.000000,0.000000,2,4,4,0.0000,0.0000,0.0000,0.5000,"Accelerate",0.035615
641,A0100,pursuit_chase_v1,UNKNOWN,12856.969706,30024.951646,2375.048354,4656.036546,-30247.319922,14988.146884,520.941170,27002.196500,185.607843,5979.221489,-92.450629,0.019852,False,False,False,False,True,True,True,1-circle,-1.000000,1161.321076,-17630.626577,-0.653097,-0.360631,100.000000,100.000000,0.000000,0.000000,4,4,4,0.0000,0.0000,0.0000,0.5000,"PursuitChaseOptimal",-0.040874
641,B0100,aggressive,UNKNOWN,12856.969706,30024.951646,2375.048354,4656.036546,-30247.319922,14988.146884,520.941170,27002.196500,185.607843,5979.221489,-92.450629,0.019852,False,False,False,False,True,True,True,1-circle,-1.000000,1161.321076,-17630.626577,-0.653097,-0.360631,100.000000,100.000000,0.000000,0.000000,2,4,4,0.0000,0.0000,0.0000,0.5000,"Accelerate",0.040399
642,A0100,pursuit_chase_v1,UNKNOWN,12875.096949,30044.025236,2355.974764,4648.986565,-30277.613142,14987.350301,521.341173,27019.856893,353.207855,6004.748374,-92.584317,0.012277,False,False,False,False,True,True,True,1-circle,-1.000000,1187.881509,-17464.691083,0.404183,-0.356655,100.000000,100.000000,0.000000,0.000000,4,4,4,0.0000,0.0000,0.0000,0.5000,"PursuitChaseOptimal",-0.044587
642,B0100,aggressive,UNKNOWN,12875.096949,30044.025236,2355.974764,4648.986565,-30277.613142,14987.350301,521.341173,27019.856893,353.207855,6004.748374,-92.584317,0.012277,False,False,False,False,True,True,True,1-circle,-1.000000,1187.881509,-17464.691083,0.404183,-0.356655,100.000000,100.000000,0.000000,0.000000,2,4,4,0.0000,0.0000,0.0000,0.5000,"Accelerate",0.044147
643,A0100,pursuit_chase_v1,UNKNOWN,12875.096949,30044.025236,2355.974764,4648.986565,-30277.613142,14987.350301,521.341173,27019.856893,353.207855,6004.748374,-92.584317,0.012277,False,False,False,False,True,True,True,1-circle,-1.000000,1187.881509,-17464.691083,0.404183,-0.356655,100.000000,100.000000,0.000000,0.000000,4,4,4,0.0000,0.0000,0.0000,0.5000,"PursuitChaseOptimal",-0.046899
643,B0100,aggressive,UNKNOWN,12875.096949,30044.025236,2355.974764,4648.986565,-30277.613142,14987.350301,521.341173,27019.856893,353.207855,6004.748374,-92.584317,0.012277,False,False,False,False,True,True,True,1-circle,-1.000000,1187.881509,-17464.691083,0.404183,-0.356655,100.000000,100.000000,0.000000,0.000000,2,4,4,0.0000,0.0000,0.0000,0.5000,"Accelerate",0.047023
644,A0100,pursuit_chase_v1,UNKNOWN,12893.324173,30062.305466,2337.694534,4645.025733,-30307.806225,14986.506842,521.681256,27034.716688,297.195902,6029.824855,-92.759574,0.038038,False,False,False,False,True,True,True,1-circle,-1.000000,1214.594809,-17336.268018,1.252898,-0.564265,100.000000,100.000000,0.000000,0.000000,4,4,4,0.0000,0.0000,0.0000,0.5000,"PursuitChaseOptimal",-0.048885
644,B0100,aggressive,UNKNOWN,12893.324173,30062.305466,2337.694534,4645.025733,-30307.806225,14986.506842,521.681256,27034.716688,297.195902,6029.824855,-92.759574,0.038038,False,False,False,False,True,True,True,1-circle,-1.000000,1214.594809,-17336.268018,1.252898,-0.564265,100.000000,100.000000,0.000000,0.000000,2,4,4,0.0000,0.0000,0.0000,0.5000,"Accelerate",0.049316
645,A0100,pursuit_chase_v1,UNKNOWN,12893.324173,30062.305466,2337.694534,4645.025733,-30307.806225,14986.506842,521.681256,27034.716688,297.195902,6029.824855,-92.759574,0.038038,False,False,False,False,True,True,True,1-circle,-1.000000,1214.594809,-17336.268018,1.252898,-0.564265,100.000000,100.000000,0.000000,0.000000,4,4,4,0.0000,0.0000,0.0000,0.5000,"PursuitChaseOptimal",-0.050790
645,B0100,aggressive,UNKNOWN,12893.324173,30062.305466,2337.694534,4645.025733,-30307.806225,14986.506842,521.681256,27034.716688,297.195902,6029.824855,-92.759574,0.038038,False,False,False,False,True,True,True,1-circle,-1.000000,1214.594809,-17336.268018,1.252898,-0.564265,100.000000,100.000000,0.000000,0.000000,2,4,4,0.0000,0.0000,0.0000,0.5000,"Accelerate",0.050985
646,A0100,pursuit_chase_v1,UNKNOWN,12911.646863,30079.557582,2320.442418,4644.042586,-30336.317817,14985.715474,522.084619,27052.563837,356.942971,6060.062600,-93.054486,0.002777,False,False,False,False,True,True,True,1-circle,-1.000000,1241.404606,-17602.519502,-0.091535,-0.322758,100.000000,100.000000,0.000000,0.000000,4,4,4,0.0000,0.0000,0.0000,0.5000,"PursuitChaseOptimal",-0.052611
646,B0100,aggressive,UNKNOWN,12911.646863,30079.557582,2320.442418,4644.042586,-30336.317817,14985.715474,522.084619,27052.563837,356.942971,6060.062600,-93.054486,0.002777,False,False,False,False,True,True,True,1-circle,-1.000000,1241.404606,-17602.519502,-0.091535,-0.322758,100.000000,100.000000,0.000000,0.000000,2,4,4,0.0000,0.0000,0.0000,0.5000,"Accelerate",0.052932
647,A0100,pursuit_chase_v1,UNKNOWN,12911.646863,30079.557582,2320.442418,4644.042586,-30336.317817,14985.715474,522.084619,27052.563837,356.942971,6060.062600,-93.054486,0.002777,False,False,False,False,True,True,True,1-circle,-1.000000,1241.404606,-17602.519502,-0.091535,-0.322758,100.000000,100.000000,0.000000,0.000000,4,4,4,0.0000,0.0000,0.0000,0.5000,"PursuitChaseOptimal",-0.062592
647,B0100,aggressive,UNKNOWN,12911.646863,30079.557582,2320.442418,4644.042586,-30336.317817,14985.715474,522.084619,27052.563837,356.942971,6060.062600,-93.054486,0.002777,False,False,False,False,True,True,True,1-circle,-1.000000,1241.404606,-17602.519502,-0.091535,-0.322758,100.000000,100.000000,0.000000,0.000000,2,4,4,0.0000,0.0000,0.0000,0.5000,"Accelerate",0.063847
648,A0100,pursuit_chase_v1,UNKNOWN,12930.106586,30095.044447,2304.955553,4651.220751,-30365.697663,14984.876731,522.462969,27069.220933,333.141921,6091.728336,-93.432041,0.001151,False,False,False,False,True,True,True,1-circle,-1.000000,1268.440827,-17603.512821,0.037962,-0.583896,100.000000,100.000000,0.000000,0.000000,4,4,4,0.0000,0.0000,0.0000,0.5000,"PursuitChaseOptimal",-0.073516
648,B0100,aggressive,UNKNOWN,12930.106586,30095.044447,2304.955553,4651.220751,-30365.697663,14984.876731,522.462969,27069.220933,333.141921,6091.728336,-93.432041,0.001151,False,False,False,False,True,True,True,1-circle,-1.000000,1268.440827,-17603.512821,0.037962,-0.583896,100.000000,100.000000,0.000000,0.000000,2,4,4,0.0000,0.0000,0.0000,0.5000,"Accelerate",0.075514
649,A0100,pursuit_chase_v1,UNKNOWN,12930.106586,30095.044447,2304.955553,4651.220751,-30365.697663,14984.876731,522.462969,27069.220933,333.141921,6091.728336,-93.432041,0.001151,False,False,False,False,True,True,True,1-circle,-1.000000,1268.440827,-17603.512821,0.037962,-0.583896,100.000000,100.000000,0.000000,0.000000,4,4,4,0.0000,0.0000,0.0000,0.5000,"PursuitChaseOptimal",-0.083971
649,B0100,aggressive,UNKNOWN,12930.106586,30095.044447,2304.955553,4651.220751,-30365.697663,14984.876731,522.462969,27069.220933,333.141921,6091.728336,-93.432041,0.001151,False,False,False,False,True,True,True,1-circle,-1.000000,1268.440827,-17603.512821,0.037962,-0.583896,100.000000,100.000000,0.000000,0.000000,2,4,4,0.0000,0.0000,0.0000,0.5000,"Accelerate",0.086289
650,A0100,pursuit_chase_v1,UNKNOWN,12948.736080,30108.517615,2291.482385,4667.019268,-30393.389097,14984.056779,522.816318,27084.752123,310.623809,6136.815582,-94.211090,0.044338,False,False,False,False,True,True,True,1-circle,-1.000000,1295.757430,-17898.133489,-1.463230,-0.542790,100.000000,100.000000,0.000000,0.000000,4,4,4,0.0000,0.0000,0.0000,0.5000,"PursuitChaseOptimal",-0.092548
650,B0100,aggressive,UNKNOWN,12948.736080,30108.517615,2291.482385,4667.019268,-30393.389097,14984.056779,522.816318,27084.752123,310.623809,6136.815582,-94.211090,0.044338,False,False,False,False,True,True,True,1-circle,-1.000000,1295.757430,-17898.133489,-1.463230,-0.542790,100.000000,100.000000,0.000000,0.000000,2,4,4,0.0000,0.0000,0.0000,0.5000,"Accelerate",0.095680
651,A0100,pursuit_chase_v1,UNKNOWN,12948.736080,30108.517615,2291.482385,4667.019268,-30393.389097,14984.056779,522.816318,27084.752123,310.623809,6136.815582,-94.211090,0.044338,False,False,False,False,True,True,True,1-circle,-1.000000,1295.757430,-17898.133489,-1.463230,-0.542790,100.000000,100.000000,0.000000,0.000000,4,4,4,0.0000,0.0000,0.0000,0.5000,"PursuitChaseOptimal",-0.082999
651,B0100,aggressive,UNKNOWN,12948.736080,30108.517615,2291.482385,4667.019268,-30393.389097,14984.056779,522.816318,27084.752123,310.623809,6136.815582,-94.211090,0.044338,False,False,False,False,True,True,True,1-circle,-1.000000,1295.757430,-17898.133489,-1.463230,-0.542790,100.000000,100.000000,0.000000,0.000000,2,4,4,0.0000,0.0000,0.0000,0.5000,"Accelerate",0.086321
652,A0100,pursuit_chase_v1,UNKNOWN,12967.665877,30113.521672,2286.478328,4694.041146,-30421.353966,14983.094429,523.366260,27109.260204,490.161608,6206.985494,-95.388235,0.036658,False,False,False,False,True,True,True,1-circle,-1.000000,1323.682110,-17441.630511,1.211034,-0.785818,100.000000,100.000000,0.000000,0.000000,4,4,4,0.0000,0.0000,0.0000,0.5000,"PursuitChaseOptimal",-0.069375
652,B0100,aggressive,UNKNOWN,12967.665877,30113.521672,2286.478328,4694.041146,-30421.353966,14983.094429,523.366260,27109.260204,490.161608,6206.985494,-95.388235,0.036658,False,False,False,False,True,True,True,1-circle,-1.000000,1323.682110,-17441.630511,1.211034,-0.785818,100.000000,100.000000,0.000000,0.000000,2,4,4,0.0000,0.0000,0.0000,0.5000,"Accelerate",0.072348
653,A0100,pursuit_chase_v1,UNKNOWN,12967.665877,30113.521672,2286.478328,4694.041146,-30421.353966,14983.094429,523.366260,27109.260204,490.161608,6206.985494,-95.388235,0.036658,False,False,False,False,True,True,True,1-circle,-1.000000,1323.682110,-17441.630511,1.211034,-0.785818,100.000000,100.000000,0.000000,0.000000,4,4,4,0.0000,0.0000,0.0000,0.5000,"PursuitChaseOptimal",-0.056220
653,B0100,aggressive,UNKNOWN,12967.665877,30113.521672,2286.478328,4694.041146,-30421.353966,14983.094429,523.366260,27109.260204,490.161608,6206.985494,-95.388235,0.036658,False,False,False,False,True,True,True,1-circle,-1.000000,1323.682110,-17441.630511,1.211034,-0.785818,100.000000,100.000000,0.000000,0.000000,2,4,4,0.0000,0.0000,0.0000,0.5000,"Accelerate",0.059127
654,A0100,pursuit_chase_v1,UNKNOWN,12986.862822,30126.968536,2273.031464,4700.385420,-30450.804340,14982.004010,523.662995,27121.924106,253.278046,6249.057707,-95.954518,0.068294,False,False,False,False,True,True,True,1-circle,-1.000000,1352.138682,-17278.692326,2.256476,-0.862542,100.000000,100.000000,0.000000,0.000000,4,4,4,0.0000,0.0000,0.0000,0.5000,"PursuitChaseOptimal",-0.044229
654,B0100,aggressive,UNKNOWN,12986.862822,30126.968536,2273.031464,4700.385420,-30450.804340,14982.004010,523.662995,27121.924106,253.278046,6249.057707,-95.954518,0.068294,False,False,False,False,True,True,True,1-circle,-1.000000,1352.138682,-17278.692326,2.256476,-0.862542,100.000000,100.000000,0.000000,0.000000,2,4,4,0.0000,0.0000,0.0000,0.5000,"Accelerate",0.046726
655,A0100,pursuit_chase_v1,UNKNOWN,12986.862822,30126.968536,2273.031464,4700.385420,-30450.804340,14982.004010,523.662995,27121.924106,253.278046,6249.057707,-95.954518,0.068294,False,False,False,False,True,True,True,1-circle,-1.000000,1352.138682,-17278.692326,2.256476,-0.862542,100.000000,100.000000,0.000000,0.000000,4,4,4,0.0000,0.0000,0.0000,0.5000,"PursuitChaseOptimal",-0.032851
655,B0100,aggressive,UNKNOWN,12986.862822,30126.968536,2273.031464,4700.385420,-30450.804340,14982.004010,523.662995,27121.924106,253.278046,6249.057707,-95.954518,0.068294,False,False,False,False,True,True,True,1-circle,-1.000000,1352.138682,-17278.692326,2.256476,-0.862542,100.000000,100.000000,0.000000,0.000000,2,4,4,0.0000,0.0000,0.0000,0.5000,"Accelerate",0.034803
656,A0100,pursuit_chase_v1,UNKNOWN,13006.181771,30146.691223,2253.308777,4687.752084,-30477.606250,14980.999289,523.876965,27130.842247,178.362827,6270.148539,-96.005550,0.033626,False,False,False,False,True,True,True,1-circle,-1.000000,1380.707135,-17910.156572,-1.111872,-0.571468,100.000000,100.000000,0.000000,0.000000,4,4,4,0.0000,0.0000,0.0000,0.5000,"PursuitChaseOptimal",-0.037075
656,B0100,aggressive,UNKNOWN,13006.181771,30146.691223,2253.308777,4687.752084,-30477.606250,14980.999289,523.876965,27130.842247,178.362827,6270.148539,-96.005550,0.033626,False,False,False,False,True,True,True,1-circle,-1.000000,1380.707135,-17910.156572,-1.111872,-0.571468,100.000000,100.000000,0.000000,0.000000,2,4,4,0.0000,0.0000,0.0000,0.5000,"Accelerate",0.039089
657,A0100,pursuit_chase_v1,UNKNOWN,13006.181771,30146.691223,2253.308777,4687.752084,-30477.606250,14980.999289,523.876965,27130.842247,178.362827,6270.148539,-96.005550,0.033626,False,False,False,False,True,True,True,1-circle,-1.000000,1380.707135,-17910.156572,-1.111872,-0.571468,100.000000,100.000000,0.000000,0.000000,4,4,4,0.0000,0.0000,0.0000,0.5000,"PursuitChaseOptimal",-0.040304
657,B0100,aggressive,UNKNOWN,13006.181771,30146.691223,2253.308777,4687.752084,-30477.606250,14980.999289,523.876965,27130.842247,178.362827,6270.148539,-96.005550,0.033626,False,False,False,False,True,True,True,1-circle,-1.000000,1380.707135,-17910.156572,-1.111872,-0.571468,100.000000,100.000000,0.000000,0.000000,2,4,4,0.0000,0.0000,0.0000,0.5000,"Accelerate",0.042488
658,A0100,pursuit_chase_v1,UNKNOWN,13025.568514,30158.414695,2241.585305,4686.115993,-30506.192256,14980.076463,524.269758,27148.145679,346.068623,6301.791779,-96.135670,0.000525,False,False,False,False,True,True,True,1-circle,-1.000000,1409.281284,-17738.112259,-0.017358,-0.528638,100.000000,100.000000,0.000000,0.000000,4,4,4,0.0000,0.0000,0.0000,0.5000,"PursuitChaseOptimal",-0.042368
658,B0100,aggressive,UNKNOWN,13025.568514,30158.414695,2241.585305,4686.115993,-30506.192256,14980.076463,524.269758,27148.145679,346.068623,6301.791779,-96.135670,0.000525,False,False,False,False,True,True,True,1-circle,-1.000000,1409.281284,-17738.112259,-0.017358,-0.528638,100.000000,100.000000,0.000000,0.000000,2,4,4,0.0000,0.0000,0.0000,0.5000,"Accelerate",0.044797
659,A0100,pursuit_chase_v1,UNKNOWN,13025.568514,30158.414695,2241.585305,4686.115993,-30506.192256,14980.076463,524.269758,27148.145679,346.068623,6301.791779,-96.135670,0.000525,False,False,False,False,True,True,True,1-circle,-1.000000,1409.281284,-17738.112259,-0.017358,-0.528638,100.000000,100.000000,0.000000,0.000000,4,4,4,0.0000,0.0000,0.0000,0.5000,"PursuitChaseOptimal",-0.044132
659,B0100,aggressive,UNKNOWN,13025.568514,30158.414695,2241.585305,4686.115993,-30506.192256,14980.076463,524.269758,27148.145679,346.068623,6301.791779,-96.135670,0.000525,False,False,False,False,True,True,True,1-circle,-1.000000,1409.281284,-17738.112259,-0.017358,-0.528638,100.000000,100.000000,0.000000,0.000000,2,4,4,0.0000,0.0000,0.0000,0.5000,"Accelerate",0.046898
660,A0100,pursuit_chase_v1,UNKNOWN,13045.071215,30167.785636,2232.214364,4690.247357,-30535.600519,14979.058197,524.669496,27165.689983,350.886082,6335.737027,-96.322700,0.088944,False,False,False,False,True,True,True,1-circle,-1.000000,1438.085231,-17230.294404,2.942815,-0.712352,100.000000,100.000000,0.000000,0.000000,4,4,4,0.0000,0.0000,0.0000,0.5000,"PursuitChaseOptimal",-0.045745
660,B0100,aggressive,UNKNOWN,13045.071215,30167.785636,2232.214364,4690.247357,-30535.600519,14979.058197,524.669496,27165.689983,350.886082,6335.737027,-96.322700,0.088944,False,False,False,False,True,True,True,1-circle,-1.000000,1438.085231,-17230.294404,2.942815,-0.712352,100.000000,100.000000,0.000000,0.000000,2,4,4,0.0000,0.0000,0.0000,0.5000,"Accelerate",0.049180
661,A0100,pursuit_chase_v1,UNKNOWN,13045.071215,30167.785636,2232.214364,4690.247357,-30535.600519,14979.058197,524.669496,27165.689983,350.886082,6335.737027,-96.322700,0.088944,False,False,False,False,True,True,True,1-circle,-1.000000,1438.085231,-17230.294404,2.942815,-0.712352,100.000000,100.000000,0.000000,0.000000,4,4,4,0.0000,0.0000,0.0000,0.5000,"PursuitChaseOptimal",-0.054545
661,B0100,aggressive,UNKNOWN,13045.071215,30167.785636,2232.214364,4690.247357,-30535.600519,14979.058197,524.669496,27165.689983,350.886082,6335.737027,-96.322700,0.088944,False,False,False,False,True,True,True,1-circle,-1.000000,1438.085231,-17230.294404,2.942815,-0.712352,100.000000,100.000000,0.000000,0.000000,2,4,4,0.0000,0.0000,0.0000,0.5000,"Accelerate",0.059121
662,A0100,pursuit_chase_v1,UNKNOWN,13064.686788,30187.196517,2212.803483,4685.872597,-30562.924637,14978.076869,524.922723,27176.475016,215.700667,6363.419221,-96.618173,0.027120,False,False,False,False,True,True,True,1-circle,-1.000000,1467.018779,-17623.240951,0.898402,-0.447276,100.000000,100.000000,0.000000,0.000000,4,4,4,0.0000,0.0000,0.0000,0.5000,"PursuitChaseOptimal",-0.064244
662,B0100,aggressive,UNKNOWN,13064.686788,30187.196517,2212.803483,4685.872597,-30562.924637,14978.076869,524.922723,27176.475016,215.700667,6363.419221,-96.618173,0.027120,False,False,False,False,True,True,True,1-circle,-1.000000,1467.018779,-17623.240951,0.898402,-0.447276,100.000000,100.000000,0.000000,0.000000,2,4,4,0.0000,0.0000,0.0000,0.5000,"Accelerate",0.070035
663,A0100,pursuit_chase_v1,UNKNOWN,13064.686788,30187.196517,2212.803483,4685.872597,-30562.924637,14978.076869,524.922723,27176.475016,215.700667,6363.419221,-96.618173,0.027120,False,False,False,False,True,True,True,1-circle,-1.000000,1467.018779,-17623.240951,0.898402,-0.447276,100.000000,100.000000,0.000000,0.000000,4,4,4,0.0000,0.0000,0.0000,0.5000,"PursuitChaseOptimal",-0.073523
663,B0100,aggressive,UNKNOWN,13064.686788,30187.196517,2212.803483,4685.872597,-30562.924637,14978.076869,524.922723,27176.475016,215.700667,6363.419221,-96.618173,0.027120,False,False,False,False,True,True,True,1-circle,-1.000000,1467.018779,-17623.240951,0.898402,-0.447276,100.000000,100.000000,0.000000,0.000000,2,4,4,0.0000,0.0000,0.0000,0.5000,"Accelerate",0.080210
664,A0100,pursuit_chase_v1,UNKNOWN,13084.460525,30205.507621,2194.492379,4690.915131,-30590.168863,14977.282078,525.190238,27188.116655,232.832783,6406.771903,-97.369797,0.024204,False,False,False,False,True,True,True,1-circle,-1.000000,1496.051098,-17954.203056,-0.802189,-0.260161,100.000000,100.000000,0.000000,0.000000,4,4,4,0.0000,0.0000,0.0000,0.5000,"PursuitChaseOptimal",-0.081165
664,B0100,aggressive,UNKNOWN,13084.460525,30205.507621,2194.492379,4690.915131,-30590.168863,14977.282078,525.190238,27188.116655,232.832783,6406.771903,-97.369797,0.024204,False,False,False,False,True,True,True,1-circle,-1.000000,1496.051098,-17954.203056,-0.802189,-0.260161,100.000000,100.000000,0.000000,0.000000,2,4,4,0.0000,0.0000,0.0000,0.5000,"Accelerate",0.088882
665,A0100,pursuit_chase_v1,UNKNOWN,13084.460525,30205.507621,2194.492379,4690.915131,-30590.168863,14977.282078,525.190238,27188.116655,232.832783,6406.771903,-97.369797,0.024204,False,False,False,False,True,True,True,1-circle,-1.000000,1496.051098,-17954.203056,-0.802189,-0.260161,100.000000,100.000000,0.000000,0.000000,4,4,4,0.0000,0.0000,0.0000,0.5000,"PursuitChaseOptimal",-0.072841
665,B0100,aggressive,UNKNOWN,13084.460525,30205.507621,2194.492379,4690.915131,-30590.168863,14977.282078,525.190238,27188.116655,232.832783,6406.771903,-97.369797,0.024204,False,False,False,False,True,True,True,1-circle,-1.000000,1496.051098,-17954.203056,-0.802189,-0.260161,100.000000,100.000000,0.000000,0.000000,2,4,4,0.0000,0.0000,0.0000,0.5000,"Accelerate",0.080055
666,A0100,pursuit_chase_v1,UNKNOWN,13104.514935,30212.734530,2187.265470,4710.793844,-30618.825055,14976.494143,525.614686,27207.073811,379.143116,6472.572641,-98.444060,0.048374,False,False,False,False,True,True,True,1-circle,-1.000000,1525.525034,-17546.183692,1.604149,-0.527553,100.000000,100.000000,0.000000,0.000000,4,4,4,0.0000,0.0000,0.0000,0.5000,"PursuitChaseOptimal",-0.060804
666,B0100,aggressive,UNKNOWN,13104.514935,30212.734530,2187.265470,4710.793844,-30618.825055,14976.494143,525.614686,27207.073811,379.143116,6472.572641,-98.444060,0.048374,False,False,False,False,True,True,True,1-circle,-1.000000,1525.525034,-17546.183692,1.604149,-0.527553,100.000000,100.000000,0.000000,0.000000,2,4,4,0.0000,0.0000,0.0000,0.5000,"Accelerate",0.067517
667,A0100,pursuit_chase_v1,UNKNOWN,13104.514935,30212.734530,2187.265470,4710.793844,-30618.825055,14976.494143,525.614686,27207.073811,379.143116,6472.572641,-98.444060,0.048374,False,False,False,False,True,True,True,1-circle,-1.000000,1525.525034,-17546.183692,1.604149,-0.527553,100.000000,100.000000,0.000000,0.000000,4,4,4,0.0000,0.0000,0.0000,0.5000,"PursuitChaseOptimal",-0.049202
667,B0100,aggressive,UNKNOWN,13104.514935,30212.734530,2187.265470,4710.793844,-30618.825055,14976.494143,525.614686,27207.073811,379.143116,6472.572641,-98.444060,0.048374,False,False,False,False,True,True,True,1-circle,-1.000000,1525.525034,-17546.183692,1.604149,-0.527553,100.000000,100.000000,0.000000,0.000000,2,4,4,0.0000,0.0000,0.0000,0.5000,"Accelerate",0.054932
668,A0100,pursuit_chase_v1,UNKNOWN,13124.815518,30223.456414,2176.543586,4714.282817,-30642.428093,14975.707719,525.889553,27219.082515,240.174082,6516.697577,-98.958314,0.008519,False,False,False,False,True,True,True,1-circle,-1.000000,1555.385660,-17911.150279,-0.282707,-0.406943,100.000000,100.000000,0.000000,0.000000,4,4,4,0.0000,0.0000,0.0000,0.5000,"PursuitChaseOptimal",-0.038673
668,B0100,aggressive,UNKNOWN,13124.815518,30223.456414,2176.543586,4714.282817,-30642.428093,14975.707719,525.889553,27219.082515,240.174082,6516.697577,-98.958314,0.008519,False,False,False,False,True,True,True,1-circle,-1.000000,1555.385660,-17911.150279,-0.282707,-0.406943,100.000000,100.000000,0.000000,0.000000,2,4,4,0.0000,0.0000,0.0000,0.5000,"Accelerate",0.042812
669,A0100,pursuit_chase_v1,UNKNOWN,13124.815518,30223.456414,2176.543586,4714.282817,-30642.428093,14975.707719,525.889553,27219.082515,240.174082,6516.697577,-98.958314,0.008519,False,False,False,False,True,True,True,1-circle,-1.000000,1555.385660,-17911.150279,-0.282707,-0.406943,100.000000,100.000000,0.000000,0.000000,4,4,4,0.0000,0.0000,0.0000,0.5000,"PursuitChaseOptimal",-0.028730
669,B0100,aggressive,UNKNOWN,13124.815518,30223.456414,2176.543586,4714.282817,-30642.428093,14975.707719,525.889553,27219.082515,240.174082,6516.697577,-98.958314,0.008519,False,False,False,False,True,True,True,1-circle,-1.000000,1555.385660,-17911.150279,-0.282707,-0.406943,100.000000,100.000000,0.000000,0.000000,2,4,4,0.0000,0.0000,0.0000,0.5000,"Accelerate",0.031584
670,A0100,pursuit_chase_v1,UNKNOWN,13145.264281,30227.116635,2172.883365,4717.854486,-30670.624395,14974.924140,526.384425,27241.352302,445.395745,6558.930320,-99.118872,0.028844,False,False,False,False,True,True,True,1-circle,-1.000000,1585.431484,-17713.157506,0.957950,-0.382369,100.000000,100.000000,0.000000,0.000000,4,4,4,0.0000,0.0000,0.0000,0.5000,"PursuitChaseOptimal",-0.032602
670,B0100,aggressive,UNKNOWN,13145.264281,30227.116635,2172.883365,4717.854486,-30670.624395,14974.924140,526.384425,27241.352302,445.395745,6558.930320,-99.118872,0.028844,False,False,False,False,True,True,True,1-circle,-1.000000,1585.431484,-17713.157506,0.957950,-0.382369,100.000000,100.000000,0.000000,0.000000,2,4,4,0.0000,0.0000,0.0000,0.5000,"Accelerate",0.036096
671,A0100,pursuit_chase_v1,UNKNOWN,13145.264281,30227.116635,2172.883365,4717.854486,-30670.624395,14974.924140,526.384425,27241.352302,445.395745,6558.930320,-99.118872,0.028844,False,False,False,False,True,True,True,1-circle,-1.000000,1585.431484,-17713.157506,0.957950,-0.382369,100.000000,100.000000,0.000000,0.000000,4,4,4,0.0000,0.0000,0.0000,0.5000,"PursuitChaseOptimal",-0.035514
671,B0100,aggressive,UNKNOWN,13145.264281,30227.116635,2172.883365,4717.854486,-30670.624395,14974.924140,526.384425,27241.352302,445.395745,6558.930320,-99.118872,0.028844,False,False,False,False,True,True,True,1-circle,-1.000000,1585.431484,-17713.157506,0.957950,-0.382369,100.000000,100.000000,0.000000,0.000000,2,4,4,0.0000,0.0000,0.0000,0.5000,"Accelerate",0.039941
672,A0100,pursuit_chase_v1,UNKNOWN,13165.813023,30234.480853,2165.519147,4715.735204,-30698.022277,14974.034080,526.725042,27256.342293,299.799815,6591.016785,-99.147076,0.054500,False,False,False,False,True,True,True,1-circle,-1.000000,1615.665082,-17584.993581,1.810649,-0.576529,100.000000,100.000000,0.000000,0.000000,4,4,4,0.0000,0.0000,0.0000,0.5000,"PursuitChaseOptimal",-0.037299
672,B0100,aggressive,UNKNOWN,13165.813023,30234.480853,2165.519147,4715.735204,-30698.022277,14974.034080,526.725042,27256.342293,299.799815,6591.016785,-99.147076,0.054500,False,False,False,False,True,True,True,1-circle,-1.000000,1615.665082,-17584.993581,1.810649,-0.576529,100.000000,100.000000,0.000000,0.000000,2,4,4,0.0000,0.0000,0.0000,0.5000,"Accelerate",0.042270
673,A0100,pursuit_chase_v1,UNKNOWN,13165.813023,30234.480853,2165.519147,4715.735204,-30698.022277,14974.034080,526.725042,27256.342293,299.799815,6591.016785,-99.147076,0.054500,False,False,False,False,True,True,True,1-circle,-1.000000,1615.665082,-17584.993581,1.810649,-0.576529,100.000000,100.000000,0.000000,0.000000,4,4,4,0.0000,0.0000,0.0000,0.5000,"PursuitChaseOptimal",-0.038801
673,B0100,aggressive,UNKNOWN,13165.813023,30234.480853,2165.519147,4715.735204,-30698.022277,14974.034080,526.725042,27256.342293,299.799815,6591.016785,-99.147076,0.054500,False,False,False,False,True,True,True,1-circle,-1.000000,1615.665082,-17584.993581,1.810649,-0.576529,100.000000,100.000000,0.000000,0.000000,2,4,4,0.0000,0.0000,0.0000,0.5000,"Accelerate",0.044182
674,A0100,pursuit_chase_v1,UNKNOWN,13186.443513,30249.080617,2150.919383,4707.001409,-30722.702382,14973.231038,526.954357,27266.236005,197.874247,6617.901316,-99.230260,0.047822,False,False,False,False,True,True,True,1-circle,-1.000000,1645.939519,-18222.192048,-1.589514,-0.334061,100.000000,100.000000,0.000000,0.000000,4,4,4,0.0000,0.0000,0.0000,0.5000,"PursuitChaseOptimal",-0.040255
674,B0100,aggressive,UNKNOWN,13186.443513,30249.080617,2150.919383,4707.001409,-30722.702382,14973.231038,526.954357,27266.236005,197.874247,6617.901316,-99.230260,0.047822,False,False,False,False,True,True,True,1-circle,-1.000000,1645.939519,-18222.192048,-1.589514,-0.334061,100.000000,100.000000,0.000000,0.000000,2,4,4,0.0000,0.0000,0.0000,0.5000,"Accelerate",0.045500
675,A0100,pursuit_chase_v1,UNKNOWN,13186.443513,30249.080617,2150.919383,4707.001409,-30722.702382,14973.231038,526.954357,27266.236005,197.874247,6617.901316,-99.230260,0.047822,False,False,False,False,True,True,True,1-circle,-1.000000,1645.939519,-18222.192048,-1.589514,-0.334061,100.000000,100.000000,0.000000,0.000000,4,4,4,0.0000,0.0000,0.0000,0.5000,"PursuitChaseOptimal",-0.048162
675,B0100,aggressive,UNKNOWN,13186.443513,30249.080617,2150.919383,4707.001409,-30722.702382,14973.231038,526.954357,27266.236005,197.874247,6617.901316,-99.230260,0.047822,False,False,False,False,True,True,True,1-circle,-1.000000,1645.939519,-18222.192048,-1.589514,-0.334061,100.000000,100.000000,0.000000,0.000000,2,4,4,0.0000,0.0000,0.0000,0.5000,"Accelerate",0.054526
676,A0100,pursuit_chase_v1,UNKNOWN,13207.176377,30251.453789,2148.546211,4718.782121,-30749.503822,14972.475293,527.356906,27284.269109,360.662075,6658.513688,-99.484829,0.013658,False,False,False,False,True,True,True,1-circle,-1.000000,1676.326677,-18042.958658,-0.454389,-0.598099,100.000000,100.000000,0.000000,0.000000,4,4,4,0.0000,0.0000,0.0000,0.5000,"PursuitChaseOptimal",-0.056975
676,B0100,aggressive,UNKNOWN,13207.176377,30251.453789,2148.546211,4718.782121,-30749.503822,14972.475293,527.356906,27284.269109,360.662075,6658.513688,-99.484829,0.013658,False,False,False,False,True,True,True,1-circle,-1.000000,1676.326677,-18042.958658,-0.454389,-0.598099,100.000000,100.000000,0.000000,0.000000,2,4,4,0.0000,0.0000,0.0000,0.5000,"Accelerate",0.064794
677,A0100,pursuit_chase_v1,UNKNOWN,13207.176377,30251.453789,2148.546211,4718.782121,-30749.503822,14972.475293,527.356906,27284.269109,360.662075,6658.513688,-99.484829,0.013658,False,False,False,False,True,True,True,1-circle,-1.000000,1676.326677,-18042.958658,-0.454389,-0.598099,100.000000,100.000000,0.000000,0.000000,4,4,4,0.0000,0.0000,0.0000,0.5000,"PursuitChaseOptimal",-0.065359
677,B0100,aggressive,UNKNOWN,13207.176377,30251.453789,2148.546211,4718.782121,-30749.503822,14972.475293,527.356906,27284.269109,360.662075,6658.513688,-99.484829,0.013658,False,False,False,False,True,True,True,1-circle,-1.000000,1676.326677,-18042.958658,-0.454389,-0.598099,100.000000,100.000000,0.000000,0.000000,2,4,4,0.0000,0.0000,0.0000,0.5000,"Accelerate",0.074862
678,A0100,pursuit_chase_v1,UNKNOWN,13228.111379,30249.140057,2150.859943,4744.442440,-30776.886669,14971.571661,527.773463,27302.823217,371.082164,6714.852673,-100.141177,0.076003,False,False,False,False,True,True,True,1-circle,-1.000000,1707.138119,-17531.300356,2.528826,-0.870697,100.000000,100.000000,0.000000,0.000000,4,4,4,0.0000,0.0000,0.0000,0.5000,"PursuitChaseOptimal",-0.072207
678,B0100,aggressive,UNKNOWN,13228.111379,30249.140057,2150.859943,4744.442440,-30776.886669,14971.571661,527.773463,27302.823217,371.082164,6714.852673,-100.141177,0.076003,False,False,False,False,True,True,True,1-circle,-1.000000,1707.138119,-17531.300356,2.528826,-0.870697,100.000000,100.000000,0.000000,0.000000,2,4,4,0.0000,0.0000,0.0000,0.5000,"Accelerate",0.083741
679,A0100,pursuit_chase_v1,UNKNOWN,13228.111379,30249.140057,2150.859943,4744.442440,-30776.886669,14971.571661,527.773463,27302.823217,371.082164,6714.852673,-100.141177,0.076003,False,False,False,False,True,True,True,1-circle,-1.000000,1707.138119,-17531.300356,2.528826,-0.870697,100.000000,100.000000,0.000000,0.000000,4,4,4,0.0000,0.0000,0.0000,0.5000,"PursuitChaseOptimal",-0.064805
679,B0100,aggressive,UNKNOWN,13228.111379,30249.140057,2150.859943,4744.442440,-30776.886669,14971.571661,527.773463,27302.823217,371.082164,6714.852673,-100.141177,0.076003,False,False,False,False,True,True,True,1-circle,-1.000000,1707.138119,-17531.300356,2.528826,-0.870697,100.000000,100.000000,0.000000,0.000000,2,4,4,0.0000,0.0000,0.0000,0.5000,"Accelerate",0.075790
680,A0100,pursuit_chase_v1,UNKNOWN,13249.309418,30259.727773,2140.272227,4755.503182,-30801.742698,14970.643607,527.950018,27310.146862,146.472885,6768.642945,-100.987943,0.012897,False,False,False,False,True,True,True,1-circle,-1.000000,1738.408887,-17934.768552,0.429515,-0.646527,100.000000,100.000000,0.000000,0.000000,4,4,4,0.0000,0.0000,0.0000,0.5000,"PursuitChaseOptimal",-0.054046
680,B0100,aggressive,UNKNOWN,13249.309418,30259.727773,2140.272227,4755.503182,-30801.742698,14970.643607,527.950018,27310.146862,146.472885,6768.642945,-100.987943,0.012897,False,False,False,False,True,True,True,1-circle,-1.000000,1738.408887,-17934.768552,0.429515,-0.646527,100.000000,100.000000,0.000000,0.000000,2,4,4,0.0000,0.0000,0.0000,0.5000,"Accelerate",0.063592
681,A0100,pursuit_chase_v1,UNKNOWN,13249.309418,30259.727773,2140.272227,4755.503182,-30801.742698,14970.643607,527.950018,27310.146862,146.472885,6768.642945,-100.987943,0.012897,False,False,False,False,True,True,True,1-circle,-1.000000,1738.408887,-17934.768552,0.429515,-0.646527,100.000000,100.000000,0.000000,0.000000,4,4,4,0.0000,0.0000,0.0000,0.5000,"PursuitChaseOptimal",-0.043738
681,B0100,aggressive,UNKNOWN,13249.309418,30259.727773,2140.272227,4755.503182,-30801.742698,14970.643607,527.950018,27310.146862,146.472885,6768.642945,-100.987943,0.012897,False,False,False,False,True,True,True,1-circle,-1.000000,1738.408887,-17934.768552,0.429515,-0.646527,100.000000,100.000000,0.000000,0.000000,2,4,4,0.0000,0.0000,0.0000,0.5000,"Accelerate",0.051337
682,A0100,pursuit_chase_v1,UNKNOWN,13270.729119,30269.348889,2130.651111,4756.776043,-30826.807742,14969.846978,528.208989,27321.458760,226.237960,6815.282998,-101.477171,0.038324,False,False,False,False,True,True,True,1-circle,-1.000000,1769.923520,-18267.534350,-1.276695,-0.402177,100.000000,100.000000,0.000000,0.000000,4,4,4,0.0000,0.0000,0.0000,0.5000,"PursuitChaseOptimal",-0.034396
682,B0100,aggressive,UNKNOWN,13270.729119,30269.348889,2130.651111,4756.776043,-30826.807742,14969.846978,528.208989,27321.458760,226.237960,6815.282998,-101.477171,0.038324,False,False,False,False,True,True,True,1-circle,-1.000000,1769.923520,-18267.534350,-1.276695,-0.402177,100.000000,100.000000,0.000000,0.000000,2,4,4,0.0000,0.0000,0.0000,0.5000,"Accelerate",0.040199
683,A0100,pursuit_chase_v1,UNKNOWN,13270.729119,30269.348889,2130.651111,4756.776043,-30826.807742,14969.846978,528.208989,27321.458760,226.237960,6815.282998,-101.477171,0.038324,False,False,False,False,True,True,True,1-circle,-1.000000,1769.923520,-18267.534350,-1.276695,-0.402177,100.000000,100.000000,0.000000,0.000000,4,4,4,0.0000,0.0000,0.0000,0.5000,"PursuitChaseOptimal",-0.024175
683,B0100,aggressive,UNKNOWN,13270.729119,30269.348889,2130.651111,4756.776043,-30826.807742,14969.846978,528.208989,27321.458760,226.237960,6815.282998,-101.477171,0.038324,False,False,False,False,True,True,True,1-circle,-1.000000,1769.923520,-18267.534350,-1.276695,-0.402177,100.000000,100.000000,0.000000,0.000000,2,4,4,0.0000,0.0000,0.0000,0.5000,"Accelerate",0.028105
684,A0100,pursuit_chase_v1,UNKNOWN,13292.292729,30263.905250,2136.094750,4763.637178,-30851.484823,14969.015497,528.664668,27341.947641,409.777630,6858.091881,-101.473366,0.042508,False,False,False,False,True,True,True,1-circle,-1.000000,1801.652994,-17808.309049,1.417157,-0.644301,100.000000,100.000000,0.000000,0.000000,4,4,4,0.0000,0.0000,0.0000,0.5000,"PursuitChaseOptimal",-0.023057
684,B0100,aggressive,UNKNOWN,13292.292729,30263.905250,2136.094750,4763.637178,-30851.484823,14969.015497,528.664668,27341.947641,409.777630,6858.091881,-101.473366,0.042508,False,False,False,False,True,True,True,1-circle,-1.000000,1801.652994,-17808.309049,1.417157,-0.644301,100.000000,100.000000,0.000000,0.000000,2,4,4,0.0000,0.0000,0.0000,0.5000,"Accelerate",0.026884
685,A0100,pursuit_chase_v1,UNKNOWN,13292.292729,30263.905250,2136.094750,4763.637178,-30851.484823,14969.015497,528.664668,27341.947641,409.777630,6858.091881,-101.473366,0.042508,False,False,False,False,True,True,True,1-circle,-1.000000,1801.652994,-17808.309049,1.417157,-0.644301,100.000000,100.000000,0.000000,0.000000,4,4,4,0.0000,0.0000,0.0000,0.5000,"PursuitChaseOptimal",-0.023179
685,B0100,aggressive,UNKNOWN,13292.292729,30263.905250,2136.094750,4763.637178,-30851.484823,14969.015497,528.664668,27341.947641,409.777630,6858.091881,-101.473366,0.042508,False,False,False,False,True,True,True,1-circle,-1.000000,1801.652994,-17808.309049,1.417157,-0.644301,100.000000,100.000000,0.000000,0.000000,2,4,4,0.0000,0.0000,0.0000,0.5000,"Accelerate",0.027592
686,A0100,pursuit_chase_v1,UNKNOWN,13313.925579,30267.136457,2132.863543,4756.277685,-30877.797727,14968.087476,528.920026,27352.975342,220.554017,6887.262875,-101.275853,0.073204,False,False,False,False,True,True,True,1-circle,-1.000000,1833.514782,-17649.691921,2.440613,-0.728588,100.000000,100.000000,0.000000,0.000000,4,4,4,0.0000,0.0000,0.0000,0.5000,"PursuitChaseOptimal",-0.021128
686,B0100,aggressive,UNKNOWN,13313.925579,30267.136457,2132.863543,4756.277685,-30877.797727,14968.087476,528.920026,27352.975342,220.554017,6887.262875,-101.275853,0.073204,False,False,False,False,True,True,True,1-circle,-1.000000,1833.514782,-17649.691921,2.440613,-0.728588,100.000000,100.000000,0.000000,0.000000,2,4,4,0.0000,0.0000,0.0000,0.5000,"Accelerate",0.025435
687,A0100,pursuit_chase_v1,UNKNOWN,13313.925579,30267.136457,2132.863543,4756.277685,-30877.797727,14968.087476,528.920026,27352.975342,220.554017,6887.262875,-101.275853,0.073204,False,False,False,False,True,True,True,1-circle,-1.000000,1833.514782,-17649.691921,2.440613,-0.728588,100.000000,100.000000,0.000000,0.000000,4,4,4,0.0000,0.0000,0.0000,0.5000,"PursuitChaseOptimal",-0.020080
687,B0100,aggressive,UNKNOWN,13313.925579,30267.136457,2132.863543,4756.277685,-30877.797727,14968.087476,528.920026,27352.975342,220.554017,6887.262875,-101.275853,0.073204,False,False,False,False,True,True,True,1-circle,-1.000000,1833.514782,-17649.691921,2.440613,-0.728588,100.000000,100.000000,0.000000,0.000000,2,4,4,0.0000,0.0000,0.0000,0.5000,"Accelerate",0.024273
688,A0100,pursuit_chase_v1,UNKNOWN,13335.586039,30279.798198,2120.201802,4736.897261,-30901.617214,14967.264343,529.098031,27360.489756,150.288273,6912.647351,-101.125100,0.029344,False,False,False,False,True,True,True,1-circle,-1.000000,1865.282777,-18290.565089,-0.979131,-0.445471,100.000000,100.000000,0.000000,0.000000,4,4,4,0.0000,0.0000,0.0000,0.5000,"PursuitChaseOptimal",-0.022464
688,B0100,aggressive,UNKNOWN,13335.586039,30279.798198,2120.201802,4736.897261,-30901.617214,14967.264343,529.098031,27360.489756,150.288273,6912.647351,-101.125100,0.029344,False,False,False,False,True,True,True,1-circle,-1.000000,1865.282777,-18290.565089,-0.979131,-0.445471,100.000000,100.000000,0.000000,0.000000,2,4,4,0.0000,0.0000,0.0000,0.5000,"Accelerate",0.026781
689,A0100,pursuit_chase_v1,UNKNOWN,13335.586039,30279.798198,2120.201802,4736.897261,-30901.617214,14967.264343,529.098031,27360.489756,150.288273,6912.647351,-101.125100,0.029344,False,False,False,False,True,True,True,1-circle,-1.000000,1865.282777,-18290.565089,-0.979131,-0.445471,100.000000,100.000000,0.000000,0.000000,4,4,4,0.0000,0.0000,0.0000,0.5000,"PursuitChaseOptimal",-0.022970
689,B0100,aggressive,UNKNOWN,13335.586039,30279.798198,2120.201802,4736.897261,-30901.617214,14967.264343,529.098031,27360.489756,150.288273,6912.647351,-101.125100,0.029344,False,False,False,False,True,True,True,1-circle,-1.000000,1865.282777,-18290.565089,-0.979131,-0.445471,100.000000,100.000000,0.000000,0.000000,2,4,4,0.0000,0.0000,0.0000,0.5000,"Accelerate",0.027144
690,A0100,pursuit_chase_v1,UNKNOWN,13357.295945,30280.435904,2119.564096,4732.877317,-30927.303445,14966.531149,529.463364,27376.877096,327.746804,6952.057044,-101.111192,0.005297,False,False,False,False,True,True,True,1-circle,-1.000000,1896.960375,-18107.517712,0.176885,-0.410183,100.000000,100.000000,0.000000,0.000000,4,4,4,0.0000,0.0000,0.0000,0.5000,"PursuitChaseOptimal",-0.024851
690,B0100,aggressive,UNKNOWN,13357.295945,30280.435904,2119.564096,4732.877317,-30927.303445,14966.531149,529.463364,27376.877096,327.746804,6952.057044,-101.111192,0.005297,False,False,False,False,True,True,True,1-circle,-1.000000,1896.960375,-18107.517712,0.176885,-0.410183,100.000000,100.000000,0.000000,0.000000,2,4,4,0.0000,0.0000,0.0000,0.5000,"Accelerate",0.029375
691,A0100,pursuit_chase_v1,UNKNOWN,13357.295945,30280.435904,2119.564096,4732.877317,-30927.303445,14966.531149,529.463364,27376.877096,327.746804,6952.057044,-101.111192,0.005297,False,False,False,False,True,True,True,1-circle,-1.000000,1896.960375,-18107.517712,0.176885,-0.410183,100.000000,100.000000,0.000000,0.000000,4,4,4,0.0000,0.0000,0.0000,0.5000,"PursuitChaseOptimal",-0.033043
691,B0100,aggressive,UNKNOWN,13357.295945,30280.435904,2119.564096,4732.877317,-30927.303445,14966.531149,529.463364,27376.877096,327.746804,6952.057044,-101.111192,0.005297,False,False,False,False,True,True,True,1-circle,-1.000000,1896.960375,-18107.517712,0.176885,-0.410183,100.000000,100.000000,0.000000,0.000000,2,4,4,0.0000,0.0000,0.0000,0.5000,"Accelerate",0.039852
692,A0100,pursuit_chase_v1,UNKNOWN,13379.086515,30280.410131,2119.589869,4734.924735,-30952.480322,14965.724063,529.767508,27390.332030,269.098690,6986.949830,-101.092338,0.030493,False,False,False,False,True,True,True,1-circle,-1.000000,1928.743979,-17980.949261,1.018635,-0.592618,100.000000,100.000000,0.000000,0.000000,4,4,4,0.0000,0.0000,0.0000,0.5000,"PursuitChaseOptimal",-0.042688
692,B0100,aggressive,UNKNOWN,13379.086515,30280.410131,2119.589869,4734.924735,-30952.480322,14965.724063,529.767508,27390.332030,269.098690,6986.949830,-101.092338,0.030493,False,False,False,False,True,True,True,1-circle,-1.000000,1928.743979,-17980.949261,1.018635,-0.592618,100.000000,100.000000,0.000000,0.000000,2,4,4,0.0000,0.0000,0.0000,0.5000,"Accelerate",0.051730
693,A0100,pursuit_chase_v1,UNKNOWN,13379.086515,30280.410131,2119.589869,4734.924735,-30952.480322,14965.724063,529.767508,27390.332030,269.098690,6986.949830,-101.092338,0.030493,False,False,False,False,True,True,True,1-circle,-1.000000,1928.743979,-17980.949261,1.018635,-0.592618,100.000000,100.000000,0.000000,0.000000,4,4,4,0.0000,0.0000,0.0000,0.5000,"PursuitChaseOptimal",-0.051813
693,B0100,aggressive,UNKNOWN,13379.086515,30280.410131,2119.589869,4734.924735,-30952.480322,14965.724063,529.767508,27390.332030,269.098690,6986.949830,-101.092338,0.030493,False,False,False,False,True,True,True,1-circle,-1.000000,1928.743979,-17980.949261,1.018635,-0.592618,100.000000,100.000000,0.000000,0.000000,2,4,4,0.0000,0.0000,0.0000,0.5000,"Accelerate",0.062491
694,A0100,pursuit_chase_v1,UNKNOWN,13401.006788,30281.008270,2118.991730,4748.207201,-30976.483697,14964.953597,530.136674,27406.883655,331.032504,7040.707921,-101.632575,0.010958,False,False,False,False,True,True,True,1-circle,-1.000000,1960.659044,-18255.119704,-0.366320,-0.332779,100.000000,100.000000,0.000000,0.000000,4,4,4,0.0000,0.0000,0.0000,0.5000,"PursuitChaseOptimal",-0.059544
694,B0100,aggressive,UNKNOWN,13401.006788,30281.008270,2118.991730,4748.207201,-30976.483697,14964.953597,530.136674,27406.883655,331.032504,7040.707921,-101.632575,0.010958,False,False,False,False,True,True,True,1-circle,-1.000000,1960.659044,-18255.119704,-0.366320,-0.332779,100.000000,100.000000,0.000000,0.000000,2,4,4,0.0000,0.0000,0.0000,0.5000,"Accelerate",0.071997
695,A0100,pursuit_chase_v1,UNKNOWN,13401.006788,30281.008270,2118.991730,4748.207201,-30976.483697,14964.953597,530.136674,27406.883655,331.032504,7040.707921,-101.632575,0.010958,False,False,False,False,True,True,True,1-circle,-1.000000,1960.659044,-18255.119704,-0.366320,-0.332779,100.000000,100.000000,0.000000,0.000000,4,4,4,0.0000,0.0000,0.0000,0.5000,"PursuitChaseOptimal",-0.054304
695,B0100,aggressive,UNKNOWN,13401.006788,30281.008270,2118.991730,4748.207201,-30976.483697,14964.953597,530.136674,27406.883655,331.032504,7040.707921,-101.632575,0.010958,False,False,False,False,True,True,True,1-circle,-1.000000,1960.659044,-18255.119704,-0.366320,-0.332779,100.000000,100.000000,0.000000,0.000000,2,4,4,0.0000,0.0000,0.0000,0.5000,"Accelerate",0.066105
696,A0100,pursuit_chase_v1,UNKNOWN,13423.197815,30272.421478,2127.578522,4775.444416,-31002.355573,14964.084289,530.600658,27427.802658,418.380060,7113.231007,-102.481686,0.063830,False,False,False,False,True,True,True,1-circle,-1.000000,1993.024638,-17830.082658,2.134569,-0.595172,100.000000,100.000000,0.000000,0.000000,4,4,4,0.0000,0.0000,0.0000,0.5000,"PursuitChaseOptimal",-0.045106
696,B0100,aggressive,UNKNOWN,13423.197815,30272.421478,2127.578522,4775.444416,-31002.355573,14964.084289,530.600658,27427.802658,418.380060,7113.231007,-102.481686,0.063830,False,False,False,False,True,True,True,1-circle,-1.000000,1993.024638,-17830.082658,2.134569,-0.595172,100.000000,100.000000,0.000000,0.000000,2,4,4,0.0000,0.0000,0.0000,0.5000,"Accelerate",0.055607
697,A0100,pursuit_chase_v1,UNKNOWN,13423.197815,30272.421478,2127.578522,4775.444416,-31002.355573,14964.084289,530.600658,27427.802658,418.380060,7113.231007,-102.481686,0.063830,False,False,False,False,True,True,True,1-circle,-1.000000,1993.024638,-17830.082658,2.134569,-0.595172,100.000000,100.000000,0.000000,0.000000,4,4,4,0.0000,0.0000,0.0000,0.5000,"PursuitChaseOptimal",-0.036170
697,B0100,aggressive,UNKNOWN,13423.197815,30272.421478,2127.578522,4775.444416,-31002.355573,14964.084289,530.600658,27427.802658,418.380060,7113.231007,-102.481686,0.063830,False,False,False,False,True,True,True,1-circle,-1.000000,1993.024638,-17830.082658,2.134569,-0.595172,100.000000,100.000000,0.000000,0.000000,2,4,4,0.0000,0.0000,0.0000,0.5000,"Accelerate",0.045031
698,A0100,pursuit_chase_v1,UNKNOWN,13445.616210,30278.081070,2121.918930,4776.181268,-31025.182898,14963.199235,530.818146,27437.137208,186.690991,7158.384345,-102.834662,0.001856,False,False,False,False,True,True,True,1-circle,-1.000000,2025.720695,-18250.741549,-0.062114,-0.455094,100.000000,100.000000,0.000000,0.000000,4,4,4,0.0000,0.0000,0.0000,0.5000,"PursuitChaseOptimal",-0.027919
698,B0100,aggressive,UNKNOWN,13445.616210,30278.081070,2121.918930,4776.181268,-31025.182898,14963.199235,530.818146,27437.137208,186.690991,7158.384345,-102.834662,0.001856,False,False,False,False,True,True,True,1-circle,-1.000000,2025.720695,-18250.741549,-0.062114,-0.455094,100.000000,100.000000,0.000000,0.000000,2,4,4,0.0000,0.0000,0.0000,0.5000,"Accelerate",0.035013
699,A0100,pursuit_chase_v1,UNKNOWN,13445.616210,30278.081070,2121.918930,4776.181268,-31025.182898,14963.199235,530.818146,27437.137208,186.690991,7158.384345,-102.834662,0.001856,False,False,False,False,True,True,True,1-circle,-1.000000,2025.720695,-18250.741549,-0.062114,-0.455094,100.000000,100.000000,0.000000,0.000000,4,4,4,0.0000,0.0000,0.0000,0.5000,"PursuitChaseOptimal",-0.020153
699,B0100,aggressive,UNKNOWN,13445.616210,30278.081070,2121.918930,4776.181268,-31025.182898,14963.199235,530.818146,27437.137208,186.690991,7158.384345,-102.834662,0.001856,False,False,False,False,True,True,True,1-circle,-1.000000,2025.720695,-18250.741549,-0.062114,-0.455094,100.000000,100.000000,0.000000,0.000000,2,4,4,0.0000,0.0000,0.0000,0.5000,"Accelerate",0.024907
700,A0100,pursuit_chase_v1,UNKNOWN,13468.132519,30281.213291,2118.786709,4767.846301,-31048.565902,14962.443508,531.059892,27447.745845,212.172739,7189.830038,-102.709748,0.052149,False,False,False,False,True,True,True,1-circle,-1.000000,2058.421920,-18578.832221,-1.745559,-0.433042,100.000000,100.000000,0.000000,0.000000,4,4,4,0.0000,0.0000,0.0000,0.5000,"PursuitChaseOptimal",-0.022519
700,B0100,aggressive,UNKNOWN,13468.132519,30281.213291,2118.786709,4767.846301,-31048.565902,14962.443508,531.059892,27447.745845,212.172739,7189.830038,-102.709748,0.052149,False,False,False,False,True,True,True,1-circle,-1.000000,2058.421920,-18578.832221,-1.745559,-0.433042,100.000000,100.000000,0.000000,0.000000,2,4,4,0.0000,0.0000,0.0000,0.5000,"Accelerate",0.027630
701,A0100,pursuit_chase_v1,UNKNOWN,13468.132519,30281.213291,2118.786709,4767.846301,-31048.565902,14962.443508,531.059892,27447.745845,212.172739,7189.830038,-102.709748,0.052149,False,False,False,False,True,True,True,1-circle,-1.000000,2058.421920,-18578.832221,-1.745559,-0.433042,100.000000,100.000000,0.000000,0.000000,4,4,4,0.0000,0.0000,0.0000,0.5000,"PursuitChaseOptimal",-0.021048
701,B0100,aggressive,UNKNOWN,13468.132519,30281.213291,2118.786709,4767.846301,-31048.565902,14962.443508,531.059892,27447.745845,212.172739,7189.830038,-102.709748,0.052149,False,False,False,False,True,True,True,1-circle,-1.000000,2058.421920,-18578.832221,-1.745559,-0.433042,100.000000,100.000000,0.000000,0.000000,2,4,4,0.0000,0.0000,0.0000,0.5000,"Accelerate",0.025724
702,A0100,pursuit_chase_v1,UNKNOWN,13490.710531,30266.946275,2133.053725,4774.875316,-31071.796855,14961.621219,531.509200,27468.059087,406.264845,7234.047804,-102.558021,0.029410,False,False,False,False,True,True,True,1-circle,-1.000000,2091.219843,-18112.232174,0.985417,-0.761922,100.000000,100.000000,0.000000,0.000000,4,4,4,0.0000,0.0000,0.0000,0.5000,"PursuitChaseOptimal",-0.020477
702,B0100,aggressive,UNKNOWN,13490.710531,30266.946275,2133.053725,4774.875316,-31071.796855,14961.621219,531.509200,27468.059087,406.264845,7234.047804,-102.558021,0.029410,False,False,False,False,True,True,True,1-circle,-1.000000,2091.219843,-18112.232174,0.985417,-0.761922,100.000000,100.000000,0.000000,0.000000,2,4,4,0.0000,0.0000,0.0000,0.5000,"Accelerate",0.025188
703,A0100,pursuit_chase_v1,UNKNOWN,13490.710531,30266.946275,2133.053725,4774.875316,-31071.796855,14961.621219,531.509200,27468.059087,406.264845,7234.047804,-102.558021,0.029410,False,False,False,False,True,True,True,1-circle,-1.000000,2091.219843,-18112.232174,0.985417,-0.761922,100.000000,100.000000,0.000000,0.000000,4,4,4,0.0000,0.0000,0.0000,0.5000,"PursuitChaseOptimal",-0.019739
703,B0100,aggressive,UNKNOWN,13490.710531,30266.946275,2133.053725,4774.875316,-31071.796855,14961.621219,531.509200,27468.059087,406.264845,7234.047804,-102.558021,0.029410,False,False,False,False,True,True,True,1-circle,-1.000000,2091.219843,-18112.232174,0.985417,-0.761922,100.000000,100.000000,0.000000,0.000000,2,4,4,0.0000,0.0000,0.0000,0.5000,"Accelerate",0.024887
704,A0100,pursuit_chase_v1,UNKNOWN,13513.352125,30262.757867,2137.242133,4770.325595,-31096.357947,14960.673292,531.742537,27478.094465,200.707560,7265.075593,-102.296901,0.059608,False,False,False,False,True,True,True,1-circle,-1.000000,2124.162498,-17955.003743,1.997397,-0.818659,100.000000,100.000000,0.000000,0.000000,4,4,4,0.0000,0.0000,0.0000,0.5000,"PursuitChaseOptimal",-0.021903
704,B0100,aggressive,UNKNOWN,13513.352125,30262.757867,2137.242133,4770.325595,-31096.357947,14960.673292,531.742537,27478.094465,200.707560,7265.075593,-102.296901,0.059608,False,False,False,False,True,True,True,1-circle,-1.000000,2124.162498,-17955.003743,1.997397,-0.818659,100.000000,100.000000,0.000000,0.000000,2,4,4,0.0000,0.0000,0.0000,0.5000,"Accelerate",0.027925
705,A0100,pursuit_chase_v1,UNKNOWN,13513.352125,30262.757867,2137.242133,4770.325595,-31096.357947,14960.673292,531.742537,27478.094465,200.707560,7265.075593,-102.296901,0.059608,False,False,False,False,True,True,True,1-circle,-1.000000,2124.162498,-17955.003743,1.997397,-0.818659,100.000000,100.000000,0.000000,0.000000,4,4,4,0.0000,0.0000,0.0000,0.5000,"PursuitChaseOptimal",-0.027675
705,B0100,aggressive,UNKNOWN,13513.352125,30262.757867,2137.242133,4770.325595,-31096.357947,14960.673292,531.742537,27478.094465,200.707560,7265.075593,-102.296901,0.059608,False,False,False,False,True,True,True,1-circle,-1.000000,2124.162498,-17955.003743,1.997397,-0.818659,100.000000,100.000000,0.000000,0.000000,2,4,4,0.0000,0.0000,0.0000,0.5000,"Accelerate",0.035237
706,A0100,pursuit_chase_v1,UNKNOWN,13536.032913,30270.158351,2129.841649,4759.191338,-31118.482406,14959.814266,531.902476,27484.766623,133.443151,7296.531070,-102.283026,0.043560,False,False,False,False,True,True,True,1-circle,-1.000000,2157.032984,-18602.065119,-1.460319,-0.515599,100.000000,100.000000,0.000000,0.000000,4,4,4,0.0000,0.0000,0.0000,0.5000,"PursuitChaseOptimal",-0.035958
706,B0100,aggressive,UNKNOWN,13536.032913,30270.158351,2129.841649,4759.191338,-31118.482406,14959.814266,531.902476,27484.766623,133.443151,7296.531070,-102.283026,0.043560,False,False,False,False,True,True,True,1-circle,-1.000000,2157.032984,-18602.065119,-1.460319,-0.515599,100.000000,100.000000,0.000000,0.000000,2,4,4,0.0000,0.0000,0.0000,0.5000,"Accelerate",0.045354
707,A0100,pursuit_chase_v1,UNKNOWN,13536.032913,30270.158351,2129.841649,4759.191338,-31118.482406,14959.814266,531.902476,27484.766623,133.443151,7296.531070,-102.283026,0.043560,False,False,False,False,True,True,True,1-circle,-1.000000,2157.032984,-18602.065119,-1.460319,-0.515599,100.000000,100.000000,0.000000,0.000000,4,4,4,0.0000,0.0000,0.0000,0.5000,"PursuitChaseOptimal",-0.044467
707,B0100,aggressive,UNKNOWN,13536.032913,30270.158351,2129.841649,4759.191338,-31118.482406,14959.814266,531.902476,27484.766623,133.443151,7296.531070,-102.283026,0.043560,False,False,False,False,True,True,True,1-circle,-1.000000,2157.032984,-18602.065119,-1.460319,-0.515599,100.000000,100.000000,0.000000,0.000000,2,4,4,0.0000,0.0000,0.0000,0.5000,"Accelerate",0.055916
708,A0100,pursuit_chase_v1,UNKNOWN,13558.829978,30263.964742,2136.035258,4773.119913,-31142.679425,14959.030369,532.255260,27500.602556,316.718656,7351.210719,-102.685005,0.008133,False,False,False,False,True,True,True,1-circle,-1.000000,2189.964618,-18412.868782,-0.272888,-0.468314,100.000000,100.000000,0.000000,0.000000,4,4,4,0.0000,0.0000,0.0000,0.5000,"PursuitChaseOptimal",-0.051854
708,B0100,aggressive,UNKNOWN,13558.829978,30263.964742,2136.035258,4773.119913,-31142.679425,14959.030369,532.255260,27500.602556,316.718656,7351.210719,-102.685005,0.008133,False,False,False,False,True,True,True,1-circle,-1.000000,2189.964618,-18412.868782,-0.272888,-0.468314,100.000000,100.000000,0.000000,0.000000,2,4,4,0.0000,0.0000,0.0000,0.5000,"Accelerate",0.065450
709,A0100,pursuit_chase_v1,UNKNOWN,13558.829978,30263.964742,2136.035258,4773.119913,-31142.679425,14959.030369,532.255260,27500.602556,316.718656,7351.210719,-102.685005,0.008133,False,False,False,False,True,True,True,1-circle,-1.000000,2189.964618,-18412.868782,-0.272888,-0.468314,100.000000,100.000000,0.000000,0.000000,4,4,4,0.0000,0.0000,0.0000,0.5000,"PursuitChaseOptimal",-0.047397
709,B0100,aggressive,UNKNOWN,13558.829978,30263.964742,2136.035258,4773.119913,-31142.679425,14959.030369,532.255260,27500.602556,316.718656,7351.210719,-102.685005,0.008133,False,False,False,False,True,True,True,1-circle,-1.000000,2189.964618,-18412.868782,-0.272888,-0.468314,100.000000,100.000000,0.000000,0.000000,2,4,4,0.0000,0.0000,0.0000,0.5000,"Accelerate",0.060193
710,A0100,pursuit_chase_v1,UNKNOWN,13581.877305,30251.874349,2148.125651,4797.971215,-31167.437405,14958.132862,532.635717,27517.640957,340.768022,7420.166428,-103.353952,0.081208,False,False,False,False,True,True,True,1-circle,-1.000000,2223.326732,-17898.115578,2.724403,-0.785166,100.000000,100.000000,0.000000,0.000000,4,4,4,0.0000,0.0000,0.0000,0.5000,"PursuitChaseOptimal",-0.039391
710,B0100,aggressive,UNKNOWN,13581.877305,30251.874349,2148.125651,4797.971215,-31167.437405,14958.132862,532.635717,27517.640957,340.768022,7420.166428,-103.353952,0.081208,False,False,False,False,True,True,True,1-circle,-1.000000,2223.326732,-17898.115578,2.724403,-0.785166,100.000000,100.000000,0.000000,0.000000,2,4,4,0.0000,0.0000,0.0000,0.5000,"Accelerate",0.050765
711,A0100,pursuit_chase_v1,UNKNOWN,13581.877305,30251.874349,2148.125651,4797.971215,-31167.437405,14958.132862,532.635717,27517.640957,340.768022,7420.166428,-103.353952,0.081208,False,False,False,False,True,True,True,1-circle,-1.000000,2223.326732,-17898.115578,2.724403,-0.785166,100.000000,100.000000,0.000000,0.000000,4,4,4,0.0000,0.0000,0.0000,0.5000,"PursuitChaseOptimal",-0.030304
711,B0100,aggressive,UNKNOWN,13581.877305,30251.874349,2148.125651,4797.971215,-31167.437405,14958.132862,532.635717,27517.640957,340.768022,7420.166428,-103.353952,0.081208,False,False,False,False,True,True,True,1-circle,-1.000000,2223.326732,-17898.115578,2.724403,-0.785166,100.000000,100.000000,0.000000,0.000000,2,4,4,0.0000,0.0000,0.0000,0.5000,"Accelerate",0.039564
712,A0100,pursuit_chase_v1,UNKNOWN,13605.124229,30256.229540,2143.770460,4795.120986,-31189.588705,14957.240400,532.780736,27523.588468,118.950225,7461.905606,-103.574073,0.016820,False,False,False,False,True,True,True,1-circle,-1.000000,2256.969762,-18311.684619,0.564825,-0.567360,100.000000,100.000000,0.000000,0.000000,4,4,4,0.0000,0.0000,0.0000,0.5000,"PursuitChaseOptimal",-0.019187
712,B0100,aggressive,UNKNOWN,13605.124229,30256.229540,2143.770460,4795.120986,-31189.588705,14957.240400,532.780736,27523.588468,118.950225,7461.905606,-103.574073,0.016820,False,False,False,False,True,True,True,1-circle,-1.000000,2256.969762,-18311.684619,0.564825,-0.567360,100.000000,100.000000,0.000000,0.000000,2,4,4,0.0000,0.0000,0.0000,0.5000,"Accelerate",0.025352
713,A0100,pursuit_chase_v1,UNKNOWN,13605.124229,30256.229540,2143.770460,4795.120986,-31189.588705,14957.240400,532.780736,27523.588468,118.950225,7461.905606,-103.574073,0.016820,False,False,False,False,True,True,True,1-circle,-1.000000,2256.969762,-18311.684619,0.564825,-0.567360,100.000000,100.000000,0.000000,0.000000,4,4,4,0.0000,0.0000,0.0000,0.5000,"PursuitChaseOptimal",-0.010058
713,B0100,aggressive,UNKNOWN,13605.124229,30256.229540,2143.770460,4795.120986,-31189.588705,14957.240400,532.780736,27523.588468,118.950225,7461.905606,-103.574073,0.016820,False,False,False,False,True,True,True,1-circle,-1.000000,2256.969762,-18311.684619,0.564825,-0.567360,100.000000,100.000000,0.000000,0.000000,2,4,4,0.0000,0.0000,0.0000,0.5000,"Accelerate",0.013209
714,A0100,pursuit_chase_v1,UNKNOWN,13628.441126,30258.706440,2141.293560,4778.066781,-31212.286143,14956.498665,533.016126,27533.953183,207.294298,7493.953809,-103.358151,0.033454,False,False,False,False,True,True,True,1-circle,-1.000000,2290.537169,-18640.218235,-1.123744,-0.336492,100.000000,100.000000,0.000000,0.000000,4,4,4,0.0000,0.0000,0.0000,0.5000,"PursuitChaseOptimal",-0.010277
714,B0100,aggressive,UNKNOWN,13628.441126,30258.706440,2141.293560,4778.066781,-31212.286143,14956.498665,533.016126,27533.953183,207.294298,7493.953809,-103.358151,0.033454,False,False,False,False,True,True,True,1-circle,-1.000000,2290.537169,-18640.218235,-1.123744,-0.336492,100.000000,100.000000,0.000000,0.000000,2,4,4,0.0000,0.0000,0.0000,0.5000,"Accelerate",0.013120
715,A0100,pursuit_chase_v1,UNKNOWN,13628.441126,30258.706440,2141.293560,4778.066781,-31212.286143,14956.498665,533.016126,27533.953183,207.294298,7493.953809,-103.358151,0.033454,False,False,False,False,True,True,True,1-circle,-1.000000,2290.537169,-18640.218235,-1.123744,-0.336492,100.000000,100.000000,0.000000,0.000000,4,4,4,0.0000,0.0000,0.0000,0.5000,"PursuitChaseOptimal",-0.009662
715,B0100,aggressive,UNKNOWN,13628.441126,30258.706440,2141.293560,4778.066781,-31212.286143,14956.498665,533.016126,27533.953183,207.294298,7493.953809,-103.358151,0.033454,False,False,False,False,True,True,True,1-circle,-1.000000,2290.537169,-18640.218235,-1.123744,-0.336492,100.000000,100.000000,0.000000,0.000000,2,4,4,0.0000,0.0000,0.0000,0.5000,"Accelerate",0.012217
716,A0100,pursuit_chase_v1,UNKNOWN,13651.771238,30244.720677,2155.279323,4772.353550,-31236.413353,14955.731644,533.431639,27552.803305,377.002442,7535.180655,-103.036903,0.040526,False,False,False,False,True,True,True,1-circle,-1.000000,2324.046537,-18217.103929,1.362199,-0.589084,100.000000,100.000000,0.000000,0.000000,4,4,4,0.0000,0.0000,0.0000,0.5000,"PursuitChaseOptimal",-0.008205
716,B0100,aggressive,UNKNOWN,13651.771238,30244.720677,2155.279323,4772.353550,-31236.413353,14955.731644,533.431639,27552.803305,377.002442,7535.180655,-103.036903,0.040526,False,False,False,False,True,True,True,1-circle,-1.000000,2324.046537,-18217.103929,1.362199,-0.589084,100.000000,100.000000,0.000000,0.000000,2,4,4,0.0000,0.0000,0.0000,0.5000,"Accelerate",0.010808
717,A0100,pursuit_chase_v1,UNKNOWN,13651.771238,30244.720677,2155.279323,4772.353550,-31236.413353,14955.731644,533.431639,27552.803305,377.002442,7535.180655,-103.036903,0.040526,False,False,False,False,True,True,True,1-circle,-1.000000,2324.046537,-18217.103929,1.362199,-0.589084,100.000000,100.000000,0.000000,0.000000,4,4,4,0.0000,0.0000,0.0000,0.5000,"PursuitChaseOptimal",-0.006660
717,B0100,aggressive,UNKNOWN,13651.771238,30244.720677,2155.279323,4772.353550,-31236.413353,14955.731644,533.431639,27552.803305,377.002442,7535.180655,-103.036903,0.040526,False,False,False,False,True,True,True,1-circle,-1.000000,2324.046537,-18217.103929,1.362199,-0.589084,100.000000,100.000000,0.000000,0.000000,2,4,4,0.0000,0.0000,0.0000,0.5000,"Accelerate",0.008998
718,A0100,pursuit_chase_v1,UNKNOWN,13675.104571,30237.157335,2162.842665,4758.427128,-31255.262233,14954.907462,533.636762,27561.669002,177.313934,7563.033388,-102.553687,0.018402,False,False,False,False,True,True,True,1-circle,-1.000000,2357.506677,-18597.823794,-0.618853,-0.672341,100.000000,100.000000,0.000000,0.000000,4,4,4,0.0000,0.0000,0.0000,0.5000,"PursuitChaseOptimal",-0.006583
718,B0100,aggressive,UNKNOWN,13675.104571,30237.157335,2162.842665,4758.427128,-31255.262233,14954.907462,533.636762,27561.669002,177.313934,7563.033388,-102.553687,0.018402,False,False,False,False,True,True,True,1-circle,-1.000000,2357.506677,-18597.823794,-0.618853,-0.672341,100.000000,100.000000,0.000000,0.000000,2,4,4,0.0000,0.0000,0.0000,0.5000,"Accelerate",0.008349
719,A0100,pursuit_chase_v1,UNKNOWN,13675.104571,30237.157335,2162.842665,4758.427128,-31255.262233,14954.907462,533.636762,27561.669002,177.313934,7563.033388,-102.553687,0.018402,False,False,False,False,True,True,True,1-circle,-1.000000,2357.506677,-18597.823794,-0.618853,-0.672341,100.000000,100.000000,0.000000,0.000000,4,4,4,0.0000,0.0000,0.0000,0.5000,"PursuitChaseOptimal",-0.009641
719,B0100,aggressive,UNKNOWN,13675.104571,30237.157335,2162.842665,4758.427128,-31255.262233,14954.907462,533.636762,27561.669002,177.313934,7563.033388,-102.553687,0.018402,False,False,False,False,True,True,True,1-circle,-1.000000,2357.506677,-18597.823794,-0.618853,-0.672341,100.000000,100.000000,0.000000,0.000000,2,4,4,0.0000,0.0000,0.0000,0.5000,"Accelerate",0.012061
720,A0100,pursuit_chase_v1,UNKNOWN,13698.436126,30219.309889,2180.690111,4754.469393,-31279.570713,14954.033299,534.086861,27582.070295,408.025877,7609.505797,-102.290877,0.020445,False,False,False,False,True,True,True,1-circle,-1.000000,2390.885169,-18386.448728,0.688098,-0.540943,100.000000,100.000000,0.000000,0.000000,4,4,4,0.0000,0.0000,0.0000,0.5000,"PursuitChaseOptimal",-0.016051
720,B0100,aggressive,UNKNOWN,13698.436126,30219.309889,2180.690111,4754.469393,-31279.570713,14954.033299,534.086861,27582.070295,408.025877,7609.505797,-102.290877,0.020445,False,False,False,False,True,True,True,1-circle,-1.000000,2390.885169,-18386.448728,0.688098,-0.540943,100.000000,100.000000,0.000000,0.000000,2,4,4,0.0000,0.0000,0.0000,0.5000,"Accelerate",0.020624
721,A0100,pursuit_chase_v1,UNKNOWN,13698.436126,30219.309889,2180.690111,4754.469393,-31279.570713,14954.033299,534.086861,27582.070295,408.025877,7609.505797,-102.290877,0.020445,False,False,False,False,True,True,True,1-circle,-1.000000,2390.885169,-18386.448728,0.688098,-0.540943,100.000000,100.000000,0.000000,0.000000,4,4,4,0.0000,0.0000,0.0000,0.5000,"PursuitChaseOptimal",-0.025053
721,B0100,aggressive,UNKNOWN,13698.436126,30219.309889,2180.690111,4754.469393,-31279.570713,14954.033299,534.086861,27582.070295,408.025877,7609.505797,-102.290877,0.020445,False,False,False,False,True,True,True,1-circle,-1.000000,2390.885169,-18386.448728,0.688098,-0.540943,100.000000,100.000000,0.000000,0.000000,2,4,4,0.0000,0.0000,0.0000,0.5000,"Accelerate",0.032917
722,A0100,pursuit_chase_v1,UNKNOWN,13721.824437,30209.778918,2190.221082,4754.352798,-31302.602802,14953.028341,534.374304,27594.661722,251.828528,7650.730877,-102.209115,0.045296,False,False,False,False,True,True,True,1-circle,-1.000000,2424.329730,-18259.578988,1.524910,-0.742720,100.000000,100.000000,0.000000,0.000000,4,4,4,0.0000,0.0000,0.0000,0.5000,"PursuitChaseOptimal",-0.034119
722,B0100,aggressive,UNKNOWN,13721.824437,30209.778918,2190.221082,4754.352798,-31302.602802,14953.028341,534.374304,27594.661722,251.828528,7650.730877,-102.209115,0.045296,False,False,False,False,True,True,True,1-circle,-1.000000,2424.329730,-18259.578988,1.524910,-0.742720,100.000000,100.000000,0.000000,0.000000,2,4,4,0.0000,0.0000,0.0000,0.5000,"Accelerate",0.044903
723,A0100,pursuit_chase_v1,UNKNOWN,13721.824437,30209.778918,2190.221082,4754.352798,-31302.602802,14953.028341,534.374304,27594.661722,251.828528,7650.730877,-102.209115,0.045296,False,False,False,False,True,True,True,1-circle,-1.000000,2424.329730,-18259.578988,1.524910,-0.742720,100.000000,100.000000,0.000000,0.000000,4,4,4,0.0000,0.0000,0.0000,0.5000,"PursuitChaseOptimal",-0.042040
723,B0100,aggressive,UNKNOWN,13721.824437,30209.778918,2190.221082,4754.352798,-31302.602802,14953.028341,534.374304,27594.661722,251.828528,7650.730877,-102.209115,0.045296,False,False,False,False,True,True,True,1-circle,-1.000000,2424.329730,-18259.578988,1.524910,-0.742720,100.000000,100.000000,0.000000,0.000000,2,4,4,0.0000,0.0000,0.0000,0.5000,"Accelerate",0.054997
724,A0100,pursuit_chase_v1,UNKNOWN,13745.340628,30202.866564,2197.133436,4766.474293,-31324.782571,14952.048905,534.737008,27610.849015,323.745867,7712.520520,-102.724311,0.003564,False,False,False,False,True,True,True,1-circle,-1.000000,2457.884488,-18536.123919,0.120091,-0.463888,100.000000,100.000000,0.000000,0.000000,4,4,4,0.0000,0.0000,0.0000,0.5000,"PursuitChaseOptimal",-0.038820
724,B0100,aggressive,UNKNOWN,13745.340628,30202.866564,2197.133436,4766.474293,-31324.782571,14952.048905,534.737008,27610.849015,323.745867,7712.520520,-102.724311,0.003564,False,False,False,False,True,True,True,1-circle,-1.000000,2457.884488,-18536.123919,0.120091,-0.463888,100.000000,100.000000,0.000000,0.000000,2,4,4,0.0000,0.0000,0.0000,0.5000,"Accelerate",0.051086
725,A0100,pursuit_chase_v1,UNKNOWN,13745.340628,30202.866564,2197.133436,4766.474293,-31324.782571,14952.048905,534.737008,27610.849015,323.745867,7712.520520,-102.724311,0.003564,False,False,False,False,True,True,True,1-circle,-1.000000,2457.884488,-18536.123919,0.120091,-0.463888,100.000000,100.000000,0.000000,0.000000,4,4,4,0.0000,0.0000,0.0000,0.5000,"PursuitChaseOptimal",-0.032099
725,B0100,aggressive,UNKNOWN,13745.340628,30202.866564,2197.133436,4766.474293,-31324.782571,14952.048905,534.737008,27610.849015,323.745867,7712.520520,-102.724311,0.003564,False,False,False,False,True,True,True,1-circle,-1.000000,2457.884488,-18536.123919,0.120091,-0.463888,100.000000,100.000000,0.000000,0.000000,2,4,4,0.0000,0.0000,0.0000,0.5000,"Accelerate",0.043026
726,A0100,pursuit_chase_v1,UNKNOWN,13769.089317,30200.138026,2199.861974,4770.026007,-31347.001135,14951.066444,535.085841,27626.387737,310.774437,7774.575528,-103.233075,0.008857,False,False,False,False,True,True,True,1-circle,-1.000000,2491.710121,-18527.738898,0.298615,-0.259062,100.000000,100.000000,0.000000,0.000000,4,4,4,0.0000,0.0000,0.0000,0.5000,"PursuitChaseOptimal",-0.025298
726,B0100,aggressive,UNKNOWN,13769.089317,30200.138026,2199.861974,4770.026007,-31347.001135,14951.066444,535.085841,27626.387737,310.774437,7774.575528,-103.233075,0.008857,False,False,False,False,True,True,True,1-circle,-1.000000,2491.710121,-18527.738898,0.298615,-0.259062,100.000000,100.000000,0.000000,0.000000,2,4,4,0.0000,0.0000,0.0000,0.5000,"Accelerate",0.034155
727,A0100,pursuit_chase_v1,UNKNOWN,13769.089317,30200.138026,2199.861974,4770.026007,-31347.001135,14951.066444,535.085841,27626.387737,310.774437,7774.575528,-103.233075,0.008857,False,False,False,False,True,True,True,1-circle,-1.000000,2491.710121,-18527.738898,0.298615,-0.259062,100.000000,100.000000,0.000000,0.000000,4,4,4,0.0000,0.0000,0.0000,0.5000,"PursuitChaseOptimal",-0.017815
727,B0100,aggressive,UNKNOWN,13769.089317,30200.138026,2199.861974,4770.026007,-31347.001135,14951.066444,535.085841,27626.387737,310.774437,7774.575528,-103.233075,0.008857,False,False,False,False,True,True,True,1-circle,-1.000000,2491.710121,-18527.738898,0.298615,-0.259062,100.000000,100.000000,0.000000,0.000000,2,4,4,0.0000,0.0000,0.0000,0.5000,"Accelerate",0.023628
728,A0100,pursuit_chase_v1,UNKNOWN,13792.966479,30194.370135,2205.629865,4765.552828,-31368.372813,14950.187706,535.412888,27641.008187,292.408990,7819.597996,-103.250679,0.036714,False,False,False,False,True,True,True,1-circle,-1.000000,2525.574066,-18827.988688,-1.238282,-0.296334,100.000000,100.000000,0.000000,0.000000,4,4,4,0.0000,0.0000,0.0000,0.5000,"PursuitChaseOptimal",-0.008139
728,B0100,aggressive,UNKNOWN,13792.966479,30194.370135,2205.629865,4765.552828,-31368.372813,14950.187706,535.412888,27641.008187,292.408990,7819.597996,-103.250679,0.036714,False,False,False,False,True,True,True,1-circle,-1.000000,2525.574066,-18827.988688,-1.238282,-0.296334,100.000000,100.000000,0.000000,0.000000,2,4,4,0.0000,0.0000,0.0000,0.5000,"Accelerate",0.010584
729,A0100,pursuit_chase_v1,UNKNOWN,13792.966479,30194.370135,2205.629865,4765.552828,-31368.372813,14950.187706,535.412888,27641.008187,292.408990,7819.597996,-103.250679,0.036714,False,False,False,False,True,True,True,1-circle,-1.000000,2525.574066,-18827.988688,-1.238282,-0.296334,100.000000,100.000000,0.000000,0.000000,4,4,4,0.0000,0.0000,0.0000,0.5000,"PursuitChaseOptimal",-0.009769
729,B0100,aggressive,UNKNOWN,13792.966479,30194.370135,2205.629865,4765.552828,-31368.372813,14950.187706,535.412888,27641.008187,292.408990,7819.597996,-103.250679,0.036714,False,False,False,False,True,True,True,1-circle,-1.000000,2525.574066,-18827.988688,-1.238282,-0.296334,100.000000,100.000000,0.000000,0.000000,2,4,4,0.0000,0.0000,0.0000,0.5000,"Accelerate",0.012845
730,A0100,pursuit_chase_v1,UNKNOWN,13816.899216,30174.890547,2225.109453,4761.631107,-31391.628693,14949.224017,535.870621,27661.752910,414.894461,7863.444143,-102.915094,0.038335,False,False,False,False,True,True,True,1-circle,-1.000000,2559.486915,-18395.663595,1.293963,-0.675412,100.000000,100.000000,0.000000,0.000000,4,4,4,0.0000,0.0000,0.0000,0.5000,"PursuitChaseOptimal",-0.009602
730,B0100,aggressive,UNKNOWN,13816.899216,30174.890547,2225.109453,4761.631107,-31391.628693,14949.224017,535.870621,27661.752910,414.894461,7863.444143,-102.915094,0.038335,False,False,False,False,True,True,True,1-circle,-1.000000,2559.486915,-18395.663595,1.293963,-0.675412,100.000000,100.000000,0.000000,0.000000,2,4,4,0.0000,0.0000,0.0000,0.5000,"Accelerate",0.013065
731,A0100,pursuit_chase_v1,UNKNOWN,13816.899216,30174.890547,2225.109453,4761.631107,-31391.628693,14949.224017,535.870621,27661.752910,414.894461,7863.444143,-102.915094,0.038335,False,False,False,False,True,True,True,1-circle,-1.000000,2559.486915,-18395.663595,1.293963,-0.675412,100.000000,100.000000,0.000000,0.000000,4,4,4,0.0000,0.0000,0.0000,0.5000,"PursuitChaseOptimal",-0.008291
731,B0100,aggressive,UNKNOWN,13816.899216,30174.890547,2225.109453,4761.631107,-31391.628693,14949.224017,535.870621,27661.752910,414.894461,7863.444143,-102.915094,0.038335,False,False,False,False,True,True,True,1-circle,-1.000000,2559.486915,-18395.663595,1.293963,-0.675412,100.000000,100.000000,0.000000,0.000000,2,4,4,0.0000,0.0000,0.0000,0.5000,"Accelerate",0.011522
732,A0100,pursuit_chase_v1,UNKNOWN,13840.835257,30164.720127,2235.279873,4749.505140,-31409.509409,14948.200422,536.070807,27670.229182,169.525453,7892.344001,-102.456421,0.021009,False,False,False,False,True,True,True,1-circle,-1.000000,2593.369681,-18779.561168,-0.709449,-0.766064,100.000000,100.000000,0.000000,0.000000,4,4,4,0.0000,0.0000,0.0000,0.5000,"PursuitChaseOptimal",-0.006830
732,B0100,aggressive,UNKNOWN,13840.835257,30164.720127,2235.279873,4749.505140,-31409.509409,14948.200422,536.070807,27670.229182,169.525453,7892.344001,-102.456421,0.021009,False,False,False,False,True,True,True,1-circle,-1.000000,2593.369681,-18779.561168,-0.709449,-0.766064,100.000000,100.000000,0.000000,0.000000,2,4,4,0.0000,0.0000,0.0000,0.5000,"Accelerate",0.009029
733,A0100,pursuit_chase_v1,UNKNOWN,13840.835257,30164.720127,2235.279873,4749.505140,-31409.509409,14948.200422,536.070807,27670.229182,169.525453,7892.344001,-102.456421,0.021009,False,False,False,False,True,True,True,1-circle,-1.000000,2593.369681,-18779.561168,-0.709449,-0.766064,100.000000,100.000000,0.000000,0.000000,4,4,4,0.0000,0.0000,0.0000,0.5000,"PursuitChaseOptimal",-0.006724
733,B0100,aggressive,UNKNOWN,13840.835257,30164.720127,2235.279873,4749.505140,-31409.509409,14948.200422,536.070807,27670.229182,169.525453,7892.344001,-102.456421,0.021009,False,False,False,False,True,True,True,1-circle,-1.000000,2593.369681,-18779.561168,-0.709449,-0.766064,100.000000,100.000000,0.000000,0.000000,2,4,4,0.0000,0.0000,0.0000,0.5000,"Accelerate",0.008620
734,A0100,pursuit_chase_v1,UNKNOWN,13864.769021,30143.385500,2256.614500,4744.625563,-31433.029266,14947.128123,536.515158,27690.256282,400.542003,7937.306382,-102.117603,0.018330,False,False,False,False,True,True,True,1-circle,-1.000000,2627.188277,-18563.417341,0.619451,-0.630184,100.000000,100.000000,0.000000,0.000000,4,4,4,0.0000,0.0000,0.0000,0.5000,"PursuitChaseOptimal",-0.009518
734,B0100,aggressive,UNKNOWN,13864.769021,30143.385500,2256.614500,4744.625563,-31433.029266,14947.128123,536.515158,27690.256282,400.542003,7937.306382,-102.117603,0.018330,False,False,False,False,True,True,True,1-circle,-1.000000,2627.188277,-18563.417341,0.619451,-0.630184,100.000000,100.000000,0.000000,0.000000,2,4,4,0.0000,0.0000,0.0000,0.5000,"Accelerate",0.012626
735,A0100,pursuit_chase_v1,UNKNOWN,13864.769021,30143.385500,2256.614500,4744.625563,-31433.029266,14947.128123,536.515158,27690.256282,400.542003,7937.306382,-102.117603,0.018330,False,False,False,False,True,True,True,1-circle,-1.000000,2627.188277,-18563.417341,0.619451,-0.630184,100.000000,100.000000,0.000000,0.000000,4,4,4,0.0000,0.0000,0.0000,0.5000,"PursuitChaseOptimal",-0.015401
735,B0100,aggressive,UNKNOWN,13864.769021,30143.385500,2256.614500,4744.625563,-31433.029266,14947.128123,536.515158,27690.256282,400.542003,7937.306382,-102.117603,0.018330,False,False,False,False,True,True,True,1-circle,-1.000000,2627.188277,-18563.417341,0.619451,-0.630184,100.000000,100.000000,0.000000,0.000000,2,4,4,0.0000,0.0000,0.0000,0.5000,"Accelerate",0.021057
736,A0100,pursuit_chase_v1,UNKNOWN,13888.733913,30131.431790,2268.568210,4737.652092,-31455.145496,14945.930648,536.786388,27701.946390,233.802152,7975.174000,-101.876444,0.042933,False,False,False,False,True,True,True,1-circle,-1.000000,2661.025319,-18436.583704,1.451339,-0.839995,100.000000,100.000000,0.000000,0.000000,4,4,4,0.0000,0.0000,0.0000,0.5000,"PursuitChaseOptimal",-0.023722
736,B0100,aggressive,UNKNOWN,13888.733913,30131.431790,2268.568210,4737.652092,-31455.145496,14945.930648,536.786388,27701.946390,233.802152,7975.174000,-101.876444,0.042933,False,False,False,False,True,True,True,1-circle,-1.000000,2661.025319,-18436.583704,1.451339,-0.839995,100.000000,100.000000,0.000000,0.000000,2,4,4,0.0000,0.0000,0.0000,0.5000,"Accelerate",0.032286
737,A0100,pursuit_chase_v1,UNKNOWN,13888.733913,30131.431790,2268.568210,4737.652092,-31455.145496,14945.930648,536.786388,27701.946390,233.802152,7975.174000,-101.876444,0.042933,False,False,False,False,True,True,True,1-circle,-1.000000,2661.025319,-18436.583704,1.451339,-0.839995,100.000000,100.000000,0.000000,0.000000,4,4,4,0.0000,0.0000,0.0000,0.5000,"PursuitChaseOptimal",-0.032142
737,B0100,aggressive,UNKNOWN,13888.733913,30131.431790,2268.568210,4737.652092,-31455.145496,14945.930648,536.786388,27701.946390,233.802152,7975.174000,-101.876444,0.042933,False,False,False,False,True,True,True,1-circle,-1.000000,2661.025319,-18436.583704,1.451339,-0.839995,100.000000,100.000000,0.000000,0.000000,2,4,4,0.0000,0.0000,0.0000,0.5000,"Accelerate",0.043233
738,A0100,pursuit_chase_v1,UNKNOWN,13912.767179,30122.448934,2277.551066,4742.461779,-31476.572951,14944.765626,537.133709,27717.293970,306.951601,8029.013576,-102.120551,0.001060,False,False,False,False,True,True,True,1-circle,-1.000000,2694.863475,-18714.107862,0.035853,-0.558711,100.000000,100.000000,0.000000,0.000000,4,4,4,0.0000,0.0000,0.0000,0.5000,"PursuitChaseOptimal",-0.039499
738,B0100,aggressive,UNKNOWN,13912.767179,30122.448934,2277.551066,4742.461779,-31476.572951,14944.765626,537.133709,27717.293970,306.951601,8029.013576,-102.120551,0.001060,False,False,False,False,True,True,True,1-circle,-1.000000,2694.863475,-18714.107862,0.035853,-0.558711,100.000000,100.000000,0.000000,0.000000,2,4,4,0.0000,0.0000,0.0000,0.5000,"Accelerate",0.053377
739,A0100,pursuit_chase_v1,UNKNOWN,13912.767179,30122.448934,2277.551066,4742.461779,-31476.572951,14944.765626,537.133709,27717.293970,306.951601,8029.013576,-102.120551,0.001060,False,False,False,False,True,True,True,1-circle,-1.000000,2694.863475,-18714.107862,0.035853,-0.558711,100.000000,100.000000,0.000000,0.000000,4,4,4,0.0000,0.0000,0.0000,0.5000,"PursuitChaseOptimal",-0.036412
739,B0100,aggressive,UNKNOWN,13912.767179,30122.448934,2277.551066,4742.461779,-31476.572951,14944.765626,537.133709,27717.293970,306.951601,8029.013576,-102.120551,0.001060,False,False,False,False,True,True,True,1-circle,-1.000000,2694.863475,-18714.107862,0.035853,-0.558711,100.000000,100.000000,0.000000,0.000000,2,4,4,0.0000,0.0000,0.0000,0.5000,"Accelerate",0.050029
740,A0100,pursuit_chase_v1,UNKNOWN,13937.008160,30117.859009,2282.140991,4751.377226,-31497.907735,14943.603342,537.467006,27731.987559,293.871774,8094.515174,-102.715732,0.006584,False,False,False,False,True,True,True,1-circle,-1.000000,2728.932854,-18703.217582,0.222871,-0.353769,100.000000,100.000000,0.000000,0.000000,4,4,4,0.0000,0.0000,0.0000,0.5000,"PursuitChaseOptimal",-0.030063
740,B0100,aggressive,UNKNOWN,13937.008160,30117.859009,2282.140991,4751.377226,-31497.907735,14943.603342,537.467006,27731.987559,293.871774,8094.515174,-102.715732,0.006584,False,False,False,False,True,True,True,1-circle,-1.000000,2728.932854,-18703.217582,0.222871,-0.353769,100.000000,100.000000,0.000000,0.000000,2,4,4,0.0000,0.0000,0.0000,0.5000,"Accelerate",0.041581
741,A0100,pursuit_chase_v1,UNKNOWN,13937.008160,30117.859009,2282.140991,4751.377226,-31497.907735,14943.603342,537.467006,27731.987559,293.871774,8094.515174,-102.715732,0.006584,False,False,False,False,True,True,True,1-circle,-1.000000,2728.932854,-18703.217582,0.222871,-0.353769,100.000000,100.000000,0.000000,0.000000,4,4,4,0.0000,0.0000,0.0000,0.5000,"PursuitChaseOptimal",-0.023712
741,B0100,aggressive,UNKNOWN,13937.008160,30117.859009,2282.140991,4751.377226,-31497.907735,14943.603342,537.467006,27731.987559,293.871774,8094.515174,-102.715732,0.006584,False,False,False,False,True,True,True,1-circle,-1.000000,2728.932854,-18703.217582,0.222871,-0.353769,100.000000,100.000000,0.000000,0.000000,2,4,4,0.0000,0.0000,0.0000,0.5000,"Accelerate",0.032364
742,A0100,pursuit_chase_v1,UNKNOWN,13961.420878,30110.180845,2289.819155,4753.098535,-31518.519036,14942.550851,537.778430,27745.759300,275.434819,8147.414365,-102.926320,0.039062,False,False,False,False,True,True,True,1-circle,-1.000000,2763.115866,-19004.136561,-1.322745,-0.390924,100.000000,100.000000,0.000000,0.000000,4,4,4,0.0000,0.0000,0.0000,0.5000,"PursuitChaseOptimal",-0.016715
742,B0100,aggressive,UNKNOWN,13961.420878,30110.180845,2289.819155,4753.098535,-31518.519036,14942.550851,537.778430,27745.759300,275.434819,8147.414365,-102.926320,0.039062,False,False,False,False,True,True,True,1-circle,-1.000000,2763.115866,-19004.136561,-1.322745,-0.390924,100.000000,100.000000,0.000000,0.000000,2,4,4,0.0000,0.0000,0.0000,0.5000,"Accelerate",0.022627
743,A0100,pursuit_chase_v1,UNKNOWN,13961.420878,30110.180845,2289.819155,4753.098535,-31518.519036,14942.550851,537.778430,27745.759300,275.434819,8147.414365,-102.926320,0.039062,False,False,False,False,True,True,True,1-circle,-1.000000,2763.115866,-19004.136561,-1.322745,-0.390924,100.000000,100.000000,0.000000,0.000000,4,4,4,0.0000,0.0000,0.0000,0.5000,"PursuitChaseOptimal",-0.007605
743,B0100,aggressive,UNKNOWN,13961.420878,30110.180845,2289.819155,4753.098535,-31518.519036,14942.550851,537.778430,27745.759300,275.434819,8147.414365,-102.926320,0.039062,False,False,False,False,True,True,True,1-circle,-1.000000,2763.115866,-19004.136561,-1.322745,-0.390924,100.000000,100.000000,0.000000,0.000000,2,4,4,0.0000,0.0000,0.0000,0.5000,"Accelerate",0.010376
744,A0100,pursuit_chase_v1,UNKNOWN,13985.935183,30086.678432,2313.321568,4754.671387,-31539.073250,14941.417044,538.229659,27766.119836,407.210731,8194.891489,-102.653787,0.044042,False,False,False,False,True,True,True,1-circle,-1.000000,2797.437098,-18520.070335,1.492430,-0.768815,100.000000,100.000000,0.000000,0.000000,4,4,4,0.0000,0.0000,0.0000,0.5000,"PursuitChaseOptimal",-0.009056
744,B0100,aggressive,UNKNOWN,13985.935183,30086.678432,2313.321568,4754.671387,-31539.073250,14941.417044,538.229659,27766.119836,407.210731,8194.891489,-102.653787,0.044042,False,False,False,False,True,True,True,1-circle,-1.000000,2797.437098,-18520.070335,1.492430,-0.768815,100.000000,100.000000,0.000000,0.000000,2,4,4,0.0000,0.0000,0.0000,0.5000,"Accelerate",0.012492
745,A0100,pursuit_chase_v1,UNKNOWN,13985.935183,30086.678432,2313.321568,4754.671387,-31539.073250,14941.417044,538.229659,27766.119836,407.210731,8194.891489,-102.653787,0.044042,False,False,False,False,True,True,True,1-circle,-1.000000,2797.437098,-18520.070335,1.492430,-0.768815,100.000000,100.000000,0.000000,0.000000,4,4,4,0.0000,0.0000,0.0000,0.5000,"PursuitChaseOptimal",-0.008875
745,B0100,aggressive,UNKNOWN,13985.935183,30086.678432,2313.321568,4754.671387,-31539.073250,14941.417044,538.229659,27766.119836,407.210731,8194.891489,-102.653787,0.044042,False,False,False,False,True,True,True,1-circle,-1.000000,2797.437098,-18520.070335,1.492430,-0.768815,100.000000,100.000000,0.000000,0.000000,2,4,4,0.0000,0.0000,0.0000,0.5000,"Accelerate",0.012863
746,A0100,pursuit_chase_v1,UNKNOWN,14010.458033,30076.759351,2323.240649,4739.924368,-31561.179616,14940.201633,538.421660,27774.055918,158.721645,8223.384699,-102.207342,0.073077,False,False,False,False,True,True,True,1-circle,-1.000000,2831.757084,-18365.505614,2.476156,-0.856673,100.000000,100.000000,0.000000,0.000000,4,4,4,0.0000,0.0000,0.0000,0.5000,"PursuitChaseOptimal",-0.007600
746,B0100,aggressive,UNKNOWN,14010.458033,30076.759351,2323.240649,4739.924368,-31561.179616,14940.201633,538.421660,27774.055918,158.721645,8223.384699,-102.207342,0.073077,False,False,False,False,True,True,True,1-circle,-1.000000,2831.757084,-18365.505614,2.476156,-0.856673,100.000000,100.000000,0.000000,0.000000,2,4,4,0.0000,0.0000,0.0000,0.5000,"Accelerate",0.011464
747,A0100,pursuit_chase_v1,UNKNOWN,14010.458033,30076.759351,2323.240649,4739.924368,-31561.179616,14940.201633,538.421660,27774.055918,158.721645,8223.384699,-102.207342,0.073077,False,False,False,False,True,True,True,1-circle,-1.000000,2831.757084,-18365.505614,2.476156,-0.856673,100.000000,100.000000,0.000000,0.000000,4,4,4,0.0000,0.0000,0.0000,0.5000,"PursuitChaseOptimal",-0.006147
747,B0100,aggressive,UNKNOWN,14010.458033,30076.759351,2323.240649,4739.924368,-31561.179616,14940.201633,538.421660,27774.055918,158.721645,8223.384699,-102.207342,0.073077,False,False,False,False,True,True,True,1-circle,-1.000000,2831.757084,-18365.505614,2.476156,-0.856673,100.000000,100.000000,0.000000,0.000000,2,4,4,0.0000,0.0000,0.0000,0.5000,"Accelerate",0.009399
748,A0100,pursuit_chase_v1,UNKNOWN,14034.950294,30080.243419,2319.756581,4711.975029,-31581.016509,14939.112363,538.545517,27778.871854,96.318706,8248.250111,-101.888373,0.030521,False,False,False,False,True,True,True,1-circle,-1.000000,2865.857076,-19019.659340,-1.034911,-0.572058,100.000000,100.000000,0.000000,0.000000,4,4,4,0.0000,0.0000,0.0000,0.5000,"PursuitChaseOptimal",-0.005968
748,B0100,aggressive,UNKNOWN,14034.950294,30080.243419,2319.756581,4711.975029,-31581.016509,14939.112363,538.545517,27778.871854,96.318706,8248.250111,-101.888373,0.030521,False,False,False,False,True,True,True,1-circle,-1.000000,2865.857076,-19019.659340,-1.034911,-0.572058,100.000000,100.000000,0.000000,0.000000,2,4,4,0.0000,0.0000,0.0000,0.5000,"Accelerate",0.008716
749,A0100,pursuit_chase_v1,UNKNOWN,14034.950294,30080.243419,2319.756581,4711.975029,-31581.016509,14939.112363,538.545517,27778.871854,96.318706,8248.250111,-101.888373,0.030521,False,False,False,False,True,True,True,1-circle,-1.000000,2865.857076,-19019.659340,-1.034911,-0.572058,100.000000,100.000000,0.000000,0.000000,4,4,4,0.0000,0.0000,0.0000,0.5000,"PursuitChaseOptimal",-0.008556
749,B0100,aggressive,UNKNOWN,14034.950294,30080.243419,2319.756581,4711.975029,-31581.016509,14939.112363,538.545517,27778.871854,96.318706,8248.250111,-101.888373,0.030521,False,False,False,False,True,True,True,1-circle,-1.000000,2865.857076,-19019.659340,-1.034911,-0.572058,100.000000,100.000000,0.000000,0.000000,2,4,4,0.0000,0.0000,0.0000,0.5000,"Accelerate",0.011787
750,A0100,pursuit_chase_v1,UNKNOWN,14059.425296,30066.197980,2333.802020,4699.838115,-31602.943454,14938.117028,538.872171,27793.457103,291.704982,8289.142866,-101.630808,0.007096,False,False,False,False,True,True,True,1-circle,-1.000000,2899.743419,-18811.860224,0.240768,-0.541262,100.000000,100.000000,0.000000,0.000000,4,4,4,0.0000,0.0000,0.0000,0.5000,"PursuitChaseOptimal",-0.014083
750,B0100,aggressive,UNKNOWN,14059.425296,30066.197980,2333.802020,4699.838115,-31602.943454,14938.117028,538.872171,27793.457103,291.704982,8289.142866,-101.630808,0.007096,False,False,False,False,True,True,True,1-circle,-1.000000,2899.743419,-18811.860224,0.240768,-0.541262,100.000000,100.000000,0.000000,0.000000,2,4,4,0.0000,0.0000,0.0000,0.5000,"Accelerate",0.019379
751,A0100,pursuit_chase_v1,UNKNOWN,14059.425296,30066.197980,2333.802020,4699.838115,-31602.943454,14938.117028,538.872171,27793.457103,291.704982,8289.142866,-101.630808,0.007096,False,False,False,False,True,True,True,1-circle,-1.000000,2899.743419,-18811.860224,0.240768,-0.541262,100.000000,100.000000,0.000000,0.000000,4,4,4,0.0000,0.0000,0.0000,0.5000,"PursuitChaseOptimal",-0.021918
751,B0100,aggressive,UNKNOWN,14059.425296,30066.197980,2333.802020,4699.838115,-31602.943454,14938.117028,538.872171,27793.457103,291.704982,8289.142866,-101.630808,0.007096,False,False,False,False,True,True,True,1-circle,-1.000000,2899.743419,-18811.860224,0.240768,-0.541262,100.000000,100.000000,0.000000,0.000000,2,4,4,0.0000,0.0000,0.0000,0.5000,"Accelerate",0.030779
752,A0100,pursuit_chase_v1,UNKNOWN,14083.943065,30052.998284,2347.001716,4699.190729,-31623.974294,14937.050657,539.119308,27804.184825,214.554437,8329.805311,-101.513921,0.031489,False,False,False,False,True,True,True,1-circle,-1.000000,2933.644309,-18684.503421,1.068746,-0.718128,100.000000,100.000000,0.000000,0.000000,4,4,4,0.0000,0.0000,0.0000,0.5000,"PursuitChaseOptimal",-0.029817
752,B0100,aggressive,UNKNOWN,14083.943065,30052.998284,2347.001716,4699.190729,-31623.974294,14937.050657,539.119308,27804.184825,214.554437,8329.805311,-101.513921,0.031489,False,False,False,False,True,True,True,1-circle,-1.000000,2933.644309,-18684.503421,1.068746,-0.718128,100.000000,100.000000,0.000000,0.000000,2,4,4,0.0000,0.0000,0.0000,0.5000,"Accelerate",0.041794
753,A0100,pursuit_chase_v1,UNKNOWN,14083.943065,30052.998284,2347.001716,4699.190729,-31623.974294,14937.050657,539.119308,27804.184825,214.554437,8329.805311,-101.513921,0.031489,False,False,False,False,True,True,True,1-circle,-1.000000,2933.644309,-18684.503421,1.068746,-0.718128,100.000000,100.000000,0.000000,0.000000,4,4,4,0.0000,0.0000,0.0000,0.5000,"PursuitChaseOptimal",-0.036739
753,B0100,aggressive,UNKNOWN,14083.943065,30052.998284,2347.001716,4699.190729,-31623.974294,14937.050657,539.119308,27804.184825,214.554437,8329.805311,-101.513921,0.031489,False,False,False,False,True,True,True,1-circle,-1.000000,2933.644309,-18684.503421,1.068746,-0.718128,100.000000,100.000000,0.000000,0.000000,2,4,4,0.0000,0.0000,0.0000,0.5000,"Accelerate",0.050972
754,A0100,pursuit_chase_v1,UNKNOWN,14108.580038,30041.709015,2358.290985,4712.363076,-31644.354051,14936.032219,539.437733,27818.370558,283.714661,8390.435543,-101.921739,0.010551,False,False,False,False,True,True,True,1-circle,-1.000000,2967.635433,-18962.974076,-0.358322,-0.452028,100.000000,100.000000,0.000000,0.000000,4,4,4,0.0000,0.0000,0.0000,0.5000,"PursuitChaseOptimal",-0.033908
754,B0100,aggressive,UNKNOWN,14108.580038,30041.709015,2358.290985,4712.363076,-31644.354051,14936.032219,539.437733,27818.370558,283.714661,8390.435543,-101.921739,0.010551,False,False,False,False,True,True,True,1-circle,-1.000000,2967.635433,-18962.974076,-0.358322,-0.452028,100.000000,100.000000,0.000000,0.000000,2,4,4,0.0000,0.0000,0.0000,0.5000,"Accelerate",0.047095
755,A0100,pursuit_chase_v1,UNKNOWN,14108.580038,30041.709015,2358.290985,4712.363076,-31644.354051,14936.032219,539.437733,27818.370558,283.714661,8390.435543,-101.921739,0.010551,False,False,False,False,True,True,True,1-circle,-1.000000,2967.635433,-18962.974076,-0.358322,-0.452028,100.000000,100.000000,0.000000,0.000000,4,4,4,0.0000,0.0000,0.0000,0.5000,"PursuitChaseOptimal",-0.027977
755,B0100,aggressive,UNKNOWN,14108.580038,30041.709015,2358.290985,4712.363076,-31644.354051,14936.032219,539.437733,27818.370558,283.714661,8390.435543,-101.921739,0.010551,False,False,False,False,True,True,True,1-circle,-1.000000,2967.635433,-18962.974076,-0.358322,-0.452028,100.000000,100.000000,0.000000,0.000000,2,4,4,0.0000,0.0000,0.0000,0.5000,"Accelerate",0.039544
756,A0100,pursuit_chase_v1,UNKNOWN,14133.431671,30026.022512,2373.977488,4725.032304,-31664.414964,14934.960977,539.726944,27831.116363,254.916112,8450.340796,-102.183250,0.004953,False,False,False,False,True,True,True,1-circle,-1.000000,3001.946364,-18950.491010,-0.168307,-0.724083,100.000000,100.000000,0.000000,0.000000,4,4,4,0.0000,0.0000,0.0000,0.5000,"PursuitChaseOptimal",-0.022020
756,B0100,aggressive,UNKNOWN,14133.431671,30026.022512,2373.977488,4725.032304,-31664.414964,14934.960977,539.726944,27831.116363,254.916112,8450.340796,-102.183250,0.004953,False,False,False,False,True,True,True,1-circle,-1.000000,3001.946364,-18950.491010,-0.168307,-0.724083,100.000000,100.000000,0.000000,0.000000,2,4,4,0.0000,0.0000,0.0000,0.5000,"Accelerate",0.031440
757,A0100,pursuit_chase_v1,UNKNOWN,14133.431671,30026.022512,2373.977488,4725.032304,-31664.414964,14934.960977,539.726944,27831.116363,254.916112,8450.340796,-102.183250,0.004953,False,False,False,False,True,True,True,1-circle,-1.000000,3001.946364,-18950.491010,-0.168307,-0.724083,100.000000,100.000000,0.000000,0.000000,4,4,4,0.0000,0.0000,0.0000,0.5000,"PursuitChaseOptimal",-0.015430
757,B0100,aggressive,UNKNOWN,14133.431671,30026.022512,2373.977488,4725.032304,-31664.414964,14934.960977,539.726944,27831.116363,254.916112,8450.340796,-102.183250,0.004953,False,False,False,False,True,True,True,1-circle,-1.000000,3001.946364,-18950.491010,-0.168307,-0.724083,100.000000,100.000000,0.000000,0.000000,2,4,4,0.0000,0.0000,0.0000,0.5000,"Accelerate",0.021708
758,A0100,pursuit_chase_v1,UNKNOWN,14158.392160,30011.347125,2388.652875,4725.286639,-31683.951738,14933.915485,539.989271,27842.609913,229.870989,8493.197020,-102.047044,0.050979,False,False,False,False,True,True,True,1-circle,-1.000000,3036.374565,-19253.708191,-1.732470,-0.608552,100.000000,100.000000,0.000000,0.000000,4,4,4,0.0000,0.0000,0.0000,0.5000,"PursuitChaseOptimal",-0.006849
758,B0100,aggressive,UNKNOWN,14158.392160,30011.347125,2388.652875,4725.286639,-31683.951738,14933.915485,539.989271,27842.609913,229.870989,8493.197020,-102.047044,0.050979,False,False,False,False,True,True,True,1-circle,-1.000000,3036.374565,-19253.708191,-1.732470,-0.608552,100.000000,100.000000,0.000000,0.000000,2,4,4,0.0000,0.0000,0.0000,0.5000,"Accelerate",0.009382
759,A0100,pursuit_chase_v1,UNKNOWN,14158.392160,30011.347125,2388.652875,4725.286639,-31683.951738,14933.915485,539.989271,27842.609913,229.870989,8493.197020,-102.047044,0.050979,False,False,False,False,True,True,True,1-circle,-1.000000,3036.374565,-19253.708191,-1.732470,-0.608552,100.000000,100.000000,0.000000,0.000000,4,4,4,0.0000,0.0000,0.0000,0.5000,"PursuitChaseOptimal",-0.008168
759,B0100,aggressive,UNKNOWN,14158.392160,30011.347125,2388.652875,4725.286639,-31683.951738,14933.915485,539.989271,27842.609913,229.870989,8493.197020,-102.047044,0.050979,False,False,False,False,True,True,True,1-circle,-1.000000,3036.374565,-19253.708191,-1.732470,-0.608552,100.000000,100.000000,0.000000,0.000000,2,4,4,0.0000,0.0000,0.0000,0.5000,"Accelerate",0.011494
760,A0100,pursuit_chase_v1,UNKNOWN,14183.397190,29982.804851,2417.195149,4725.392352,-31703.407180,14932.745081,540.422411,27862.156651,390.934767,8537.585011,-101.613765,0.032690,False,False,False,False,True,True,True,1-circle,-1.000000,3070.894840,-18763.309673,1.111939,-0.843292,100.000000,100.000000,0.000000,0.000000,4,4,4,0.0000,0.0000,0.0000,0.5000,"PursuitChaseOptimal",-0.008047
760,B0100,aggressive,UNKNOWN,14183.397190,29982.804851,2417.195149,4725.392352,-31703.407180,14932.745081,540.422411,27862.156651,390.934767,8537.585011,-101.613765,0.032690,False,False,False,False,True,True,True,1-circle,-1.000000,3070.894840,-18763.309673,1.111939,-0.843292,100.000000,100.000000,0.000000,0.000000,2,4,4,0.0000,0.0000,0.0000,0.5000,"Accelerate",0.011491
761,A0100,pursuit_chase_v1,UNKNOWN,14183.397190,29982.804851,2417.195149,4725.392352,-31703.407180,14932.745081,540.422411,27862.156651,390.934767,8537.585011,-101.613765,0.032690,False,False,False,False,True,True,True,1-circle,-1.000000,3070.894840,-18763.309673,1.111939,-0.843292,100.000000,100.000000,0.000000,0.000000,4,4,4,0.0000,0.0000,0.0000,0.5000,"PursuitChaseOptimal",-0.006862
761,B0100,aggressive,UNKNOWN,14183.397190,29982.804851,2417.195149,4725.392352,-31703.407180,14932.745081,540.422411,27862.156651,390.934767,8537.585011,-101.613765,0.032690,False,False,False,False,True,True,True,1-circle,-1.000000,3070.894840,-18763.309673,1.111939,-0.843292,100.000000,100.000000,0.000000,0.000000,2,4,4,0.0000,0.0000,0.0000,0.5000,"Accelerate",0.010449
762,A0100,pursuit_chase_v1,UNKNOWN,14208.404019,29969.968775,2430.031225,4710.946277,-31724.314038,14931.479957,540.598199,27869.304224,142.951456,8566.971838,-101.160461,0.061289,False,False,False,False,True,True,True,1-circle,-1.000000,3105.422165,-18609.670139,2.084690,-0.911340,100.000000,100.000000,0.000000,0.000000,2,4,4,0.0000,0.0000,0.0000,0.5000,"PursuitChaseOptimal",-0.007987
762,B0100,aggressive,UNKNOWN,14208.404019,29969.968775,2430.031225,4710.946277,-31724.314038,14931.479957,540.598199,27869.304224,142.951456,8566.971838,-101.160461,0.061289,False,False,False,False,True,True,True,1-circle,-1.000000,3105.422165,-18609.670139,2.084690,-0.911340,100.000000,100.000000,0.000000,0.000000,2,4,4,0.0000,0.0000,0.0000,0.5000,"Accelerate",0.012395
763,A0100,pursuit_chase_v1,UNKNOWN,14208.404019,29969.968775,2430.031225,4710.946277,-31724.314038,14931.479957,540.598199,27869.304224,142.951456,8566.971838,-101.160461,0.061289,False,False,False,False,True,True,True,1-circle,-1.000000,3105.422165,-18609.670139,2.084690,-0.911340,100.000000,100.000000,0.000000,0.000000,2,4,4,0.0000,0.0000,0.0000,0.5000,"PursuitChaseOptimal",-0.008124
763,B0100,aggressive,UNKNOWN,14208.404019,29969.968775,2430.031225,4710.946277,-31724.314038,14931.479957,540.598199,27869.304224,142.951456,8566.971838,-101.160461,0.061289,False,False,False,False,True,True,True,1-circle,-1.000000,3105.422165,-18609.670139,2.084690,-0.911340,100.000000,100.000000,0.000000,0.000000,2,4,4,0.0000,0.0000,0.0000,0.5000,"Accelerate",0.012488
764,A0100,pursuit_chase_v1,UNKNOWN,14233.379173,29971.371656,2428.628344,4685.846853,-31742.933962,14930.334160,540.709043,27873.464460,83.204716,8596.353910,-100.952236,0.042573,False,False,False,False,True,True,True,1-circle,-1.000000,3139.735781,-19266.805729,-1.448654,-0.620642,100.000000,100.000000,0.000000,0.000000,2,4,4,0.0000,0.0000,0.0000,0.5000,"PursuitChaseOptimal",0.000106
764,B0100,aggressive,UNKNOWN,14233.379173,29971.371656,2428.628344,4685.846853,-31742.933962,14930.334160,540.709043,27873.464460,83.204716,8596.353910,-100.952236,0.042573,False,False,False,False,True,True,True,1-circle,-1.000000,3139.735781,-19266.805729,-1.448654,-0.620642,100.000000,100.000000,0.000000,0.000000,2,4,4,0.0000,0.0000,0.0000,0.5000,"Accelerate",0.000492
765,A0100,pursuit_chase_v1,UNKNOWN,14233.379173,29971.371656,2428.628344,4685.846853,-31742.933962,14930.334160,540.709043,27873.464460,83.204716,8596.353910,-100.952236,0.042573,False,False,False,False,True,True,True,1-circle,-1.000000,3139.735781,-19266.805729,-1.448654,-0.620642,100.000000,100.000000,0.000000,0.000000,2,4,4,0.0000,0.0000,0.0000,0.5000,"PursuitChaseOptimal",0.012814
765,B0100,aggressive,UNKNOWN,14233.379173,29971.371656,2428.628344,4685.846853,-31742.933962,14930.334160,540.709043,27873.464460,83.204716,8596.353910,-100.952236,0.042573,False,False,False,False,True,True,True,1-circle,-1.000000,3139.735781,-19266.805729,-1.448654,-0.620642,100.000000,100.000000,0.000000,0.000000,2,4,4,0.0000,0.0000,0.0000,0.5000,"Accelerate",-0.017854
766,A0100,pursuit_chase_v1,UNKNOWN,14258.344799,29954.779894,2445.220106,4658.885487,-31763.829978,14929.276315,541.026386,27887.603796,282.786725,8639.915626,-100.610012,0.004184,False,False,False,False,True,True,True,1-circle,-1.000000,3173.801110,-19052.477413,-0.142482,-0.584532,100.000000,100.000000,0.000000,0.000000,2,4,4,0.0000,0.0000,0.0000,0.5000,"PursuitChaseOptimal",0.026162
766,B0100,aggressive,UNKNOWN,14258.344799,29954.779894,2445.220106,4658.885487,-31763.829978,14929.276315,541.026386,27887.603796,282.786725,8639.915626,-100.610012,0.004184,False,False,False,False,True,True,True,1-circle,-1.000000,3173.801110,-19052.477413,-0.142482,-0.584532,100.000000,100.000000,0.000000,0.000000,2,4,4,0.0000,0.0000,0.0000,0.5000,"Accelerate",-0.036493
767,A0100,pursuit_chase_v1,UNKNOWN,14258.344799,29954.779894,2445.220106,4658.885487,-31763.829978,14929.276315,541.026386,27887.603796,282.786725,8639.915626,-100.610012,0.004184,False,False,False,False,True,True,True,1-circle,-1.000000,3173.801110,-19052.477413,-0.142482,-0.584532,100.000000,100.000000,0.000000,0.000000,2,4,4,0.0000,0.0000,0.0000,0.5000,"PursuitChaseOptimal",0.040388
767,B0100,aggressive,UNKNOWN,14258.344799,29954.779894,2445.220106,4658.885487,-31763.829978,14929.276315,541.026386,27887.603796,282.786725,8639.915626,-100.610012,0.004184,False,False,False,False,True,True,True,1-circle,-1.000000,3173.801110,-19052.477413,-0.142482,-0.584532,100.000000,100.000000,0.000000,0.000000,2,4,4,0.0000,0.0000,0.0000,0.5000,"Accelerate",-0.055878
768,A0100,pursuit_chase_v1,UNKNOWN,14283.186452,29937.188880,2462.811120,4603.213218,-31785.596875,14928.132735,541.305199,27899.819535,244.314774,8665.371242,-99.749911,0.085138,False,False,False,False,True,True,True,1-circle,-1.000000,3207.464702,-18525.480919,2.898089,-0.758666,100.000000,100.000000,0.000000,0.000000,2,4,4,0.0000,0.0000,0.0000,0.5000,"PursuitChaseOptimal",0.054273
768,B0100,aggressive,UNKNOWN,14283.186452,29937.188880,2462.811120,4603.213218,-31785.596875,14928.132735,541.305199,27899.819535,244.314774,8665.371242,-99.749911,0.085138,False,False,False,False,True,True,True,1-circle,-1.000000,3207.464702,-18525.480919,2.898089,-0.758666,100.000000,100.000000,0.000000,0.000000,2,4,4,0.0000,0.0000,0.0000,0.5000,"Accelerate",-0.074403
769,A0100,pursuit_chase_v1,UNKNOWN,14283.186452,29937.188880,2462.811120,4603.213218,-31785.596875,14928.132735,541.305199,27899.819535,244.314774,8665.371242,-99.749911,0.085138,False,False,False,False,True,True,True,1-circle,-1.000000,3207.464702,-18525.480919,2.898089,-0.758666,100.000000,100.000000,0.000000,0.000000,2,4,4,0.0000,0.0000,0.0000,0.5000,"PursuitChaseOptimal",0.067991
769,B0100,aggressive,UNKNOWN,14283.186452,29937.188880,2462.811120,4603.213218,-31785.596875,14928.132735,541.305199,27899.819535,244.314774,8665.371242,-99.749911,0.085138,False,False,False,False,True,True,True,1-circle,-1.000000,3207.464702,-18525.480919,2.898089,-0.758666,100.000000,100.000000,0.000000,0.000000,2,4,4,0.0000,0.0000,0.0000,0.5000,"Accelerate",-0.092434
770,A0100,pursuit_chase_v1,UNKNOWN,14307.718705,29941.060053,2458.939947,4498.027984,-31804.850998,14927.058800,541.438682,27905.143900,106.487313,8667.418495,-98.594759,0.018598,False,False,False,False,True,True,True,1-circle,-1.000000,3240.204207,-18952.488565,0.633710,-0.479712,100.000000,100.000000,0.000000,0.000000,0,3,2,0.0000,0.0000,0.0000,0.5000,"PursuitChaseOptimal",0.078597
770,B0100,aggressive,UNKNOWN,14307.718705,29941.060053,2458.939947,4498.027984,-31804.850998,14927.058800,541.438682,27905.143900,106.487313,8667.418495,-98.594759,0.018598,False,False,False,False,True,True,True,1-circle,-1.000000,3240.204207,-18952.488565,0.633710,-0.479712,100.000000,100.000000,0.000000,0.000000,2,4,4,0.0000,0.0000,0.0000,0.5000,"Accelerate",-0.106428
771,A0100,pursuit_chase_v1,UNKNOWN,14307.718705,29941.060053,2458.939947,4498.027984,-31804.850998,14927.058800,541.438682,27905.143900,106.487313,8667.418495,-98.594759,0.018598,False,False,False,False,True,True,True,1-circle,-1.000000,3240.204207,-18952.488565,0.633710,-0.479712,100.000000,100.000000,0.000000,0.000000,0,3,2,0.0000,0.0000,0.0000,0.5000,"PursuitChaseOptimal",0.083168
771,B0100,aggressive,UNKNOWN,14307.718705,29941.060053,2458.939947,4498.027984,-31804.850998,14927.058800,541.438682,27905.143900,106.487313,8667.418495,-98.594759,0.018598,False,False,False,False,True,True,True,1-circle,-1.000000,3240.204207,-18952.488565,0.633710,-0.479712,100.000000,100.000000,0.000000,0.000000,2,4,4,0.0000,0.0000,0.0000,0.5000,"Accelerate",-0.112245
772,A0100,pursuit_chase_v1,UNKNOWN,14331.784500,29941.185180,2458.814820,4372.690692,-31825.166219,14926.191173,541.624981,27913.208837,161.298725,8663.967858,-97.150902,0.029669,False,False,False,False,True,True,True,1-circle,-1.000000,3271.599135,-19266.799933,-1.011216,-0.290502,100.000000,100.000000,0.000000,0.000000,0,3,2,0.0000,0.0000,0.0000,0.5000,"PursuitChaseOptimal",0.087379
772,B0100,aggressive,UNKNOWN,14331.784500,29941.185180,2458.814820,4372.690692,-31825.166219,14926.191173,541.624981,27913.208837,161.298725,8663.967858,-97.150902,0.029669,False,False,False,False,True,True,True,1-circle,-1.000000,3271.599135,-19266.799933,-1.011216,-0.290502,100.000000,100.000000,0.000000,0.000000,2,4,4,0.0000,0.0000,0.0000,0.5000,"Accelerate",-0.117500
773,A0100,pursuit_chase_v1,UNKNOWN,14331.784500,29941.185180,2458.814820,4372.690692,-31825.166219,14926.191173,541.624981,27913.208837,161.298725,8663.967858,-97.150902,0.029669,False,False,False,False,True,True,True,1-circle,-1.000000,3271.599135,-19266.799933,-1.011216,-0.290502,100.000000,100.000000,0.000000,0.000000,0,3,2,0.0000,0.0000,0.0000,0.5000,"PursuitChaseOptimal",0.090821
773,B0100,aggressive,UNKNOWN,14331.784500,29941.185180,2458.814820,4372.690692,-31825.166219,14926.191173,541.624981,27913.208837,161.298725,8663.967858,-97.150902,0.029669,False,False,False,False,True,True,True,1-circle,-1.000000,3271.599135,-19266.799933,-1.011216,-0.290502,100.000000,100.000000,0.000000,0.000000,2,4,4,0.0000,0.0000,0.0000,0.5000,"Accelerate",-0.121026
774,A0100,pursuit_chase_v1,UNKNOWN,14355.366245,29922.931110,2477.068890,4251.562099,-31846.848046,14925.328593,541.960957,27928.463245,305.088174,8668.664171,-95.527968,0.045726,False,False,False,False,True,True,True,1-circle,-1.000000,3301.768327,-18821.303208,1.559158,-0.566957,100.000000,100.000000,0.000000,0.000000,0,3,2,0.0000,0.0000,0.0000,0.5000,"PursuitChaseOptimal",0.089305
774,B0100,aggressive,UNKNOWN,14355.366245,29922.931110,2477.068890,4251.562099,-31846.848046,14925.328593,541.960957,27928.463245,305.088174,8668.664171,-95.527968,0.045726,False,False,False,False,True,True,True,1-circle,-1.000000,3301.768327,-18821.303208,1.559158,-0.566957,100.000000,100.000000,0.000000,0.000000,2,4,4,0.0000,0.0000,0.0000,0.5000,"Accelerate",-0.117363
775,A0100,pursuit_chase_v1,UNKNOWN,14355.366245,29922.931110,2477.068890,4251.562099,-31846.848046,14925.328593,541.960957,27928.463245,305.088174,8668.664171,-95.527968,0.045726,False,False,False,False,True,True,True,1-circle,-1.000000,3301.768327,-18821.303208,1.559158,-0.566957,100.000000,100.000000,0.000000,0.000000,0,3,2,0.0000,0.0000,0.0000,0.5000,"PursuitChaseOptimal",0.082282
775,B0100,aggressive,UNKNOWN,14355.366245,29922.931110,2477.068890,4251.562099,-31846.848046,14925.328593,541.960957,27928.463245,305.088174,8668.664171,-95.527968,0.045726,False,False,False,False,True,True,True,1-circle,-1.000000,3301.768327,-18821.303208,1.559158,-0.566957,100.000000,100.000000,0.000000,0.000000,2,4,4,0.0000,0.0000,0.0000,0.5000,"Accelerate",-0.107140
776,A0100,pursuit_chase_v1,UNKNOWN,14378.455310,29918.933393,2481.066607,4125.309828,-31863.100366,14924.479947,542.138732,27936.146626,153.667608,8668.427992,-94.119607,0.014958,False,False,False,False,True,True,True,1-circle,-1.000000,3330.735998,-19209.977315,-0.510289,-0.414412,100.000000,100.000000,0.000000,0.000000,2,3,4,0.0000,0.0000,0.0000,0.5000,"PursuitChaseOptimal",0.077200
776,B0100,aggressive,UNKNOWN,14378.455310,29918.933393,2481.066607,4125.309828,-31863.100366,14924.479947,542.138732,27936.146626,153.667608,8668.427992,-94.119607,0.014958,False,False,False,False,True,True,True,1-circle,-1.000000,3330.735998,-19209.977315,-0.510289,-0.414412,100.000000,100.000000,0.000000,0.000000,2,4,4,0.0000,0.0000,0.0000,0.5000,"Accelerate",-0.100230
777,A0100,pursuit_chase_v1,UNKNOWN,14378.455310,29918.933393,2481.066607,4125.309828,-31863.100366,14924.479947,542.138732,27936.146626,153.667608,8668.427992,-94.119607,0.014958,False,False,False,False,True,True,True,1-circle,-1.000000,3330.735998,-19209.977315,-0.510289,-0.414412,100.000000,100.000000,0.000000,0.000000,2,3,4,0.0000,0.0000,0.0000,0.5000,"PursuitChaseOptimal",0.073833
777,B0100,aggressive,UNKNOWN,14378.455310,29918.933393,2481.066607,4125.309828,-31863.100366,14924.479947,542.138732,27936.146626,153.667608,8668.427992,-94.119607,0.014958,False,False,False,False,True,True,True,1-circle,-1.000000,3330.735998,-19209.977315,-0.510289,-0.414412,100.000000,100.000000,0.000000,0.000000,2,4,4,0.0000,0.0000,0.0000,0.5000,"Accelerate",-0.095571
778,A0100,pursuit_chase_v1,UNKNOWN,14401.154800,29900.006200,2499.993800,4021.383611,-31884.979556,14923.647480,542.537186,27954.447488,366.017254,8696.912574,-93.153469,0.025550,False,False,False,False,True,True,True,1-circle,-1.000000,3358.668910,-18976.456776,0.872189,-0.407511,100.000000,100.000000,0.000000,0.000000,2,4,4,0.0000,0.0000,0.0000,0.5000,"PursuitChaseOptimal",0.071327
778,B0100,aggressive,UNKNOWN,14401.154800,29900.006200,2499.993800,4021.383611,-31884.979556,14923.647480,542.537186,27954.447488,366.017254,8696.912574,-93.153469,0.025550,False,False,False,False,True,True,True,1-circle,-1.000000,3358.668910,-18976.456776,0.872189,-0.407511,100.000000,100.000000,0.000000,0.000000,2,4,4,0.0000,0.0000,0.0000,0.5000,"Accelerate",-0.091371
779,A0100,pursuit_chase_v1,UNKNOWN,14401.154800,29900.006200,2499.993800,4021.383611,-31884.979556,14923.647480,542.537186,27954.447488,366.017254,8696.912574,-93.153469,0.025550,False,False,False,False,True,True,True,1-circle,-1.000000,3358.668910,-18976.456776,0.872189,-0.407511,100.000000,100.000000,0.000000,0.000000,2,4,4,0.0000,0.0000,0.0000,0.5000,"PursuitChaseOptimal",0.069043
779,B0100,aggressive,UNKNOWN,14401.154800,29900.006200,2499.993800,4021.383611,-31884.979556,14923.647480,542.537186,27954.447488,366.017254,8696.912574,-93.153469,0.025550,False,False,False,False,True,True,True,1-circle,-1.000000,3358.668910,-18976.456776,0.872189,-0.407511,100.000000,100.000000,0.000000,0.000000,2,4,4,0.0000,0.0000,0.0000,0.5000,"Accelerate",-0.087306
780,A0100,pursuit_chase_v1,UNKNOWN,14423.573269,29891.325545,2508.674455,3920.788466,-31905.161932,14922.737147,542.739009,27963.233849,175.727205,8728.740766,-92.632365,0.049567,False,False,False,False,True,True,True,1-circle,-1.000000,3385.753541,-18843.468278,1.692262,-0.580081,100.000000,100.000000,0.000000,0.000000,2,4,4,0.0000,0.0000,0.0000,0.5000,"PursuitChaseOptimal",0.069368
780,B0100,aggressive,UNKNOWN,14423.573269,29891.325545,2508.674455,3920.788466,-31905.161932,14922.737147,542.739009,27963.233849,175.727205,8728.740766,-92.632365,0.049567,False,False,False,False,True,True,True,1-circle,-1.000000,3385.753541,-18843.468278,1.692262,-0.580081,100.000000,100.000000,0.000000,0.000000,2,4,4,0.0000,0.0000,0.0000,0.5000,"Accelerate",-0.086815
781,A0100,pursuit_chase_v1,UNKNOWN,14423.573269,29891.325545,2508.674455,3920.788466,-31905.161932,14922.737147,542.739009,27963.233849,175.727205,8728.740766,-92.632365,0.049567,False,False,False,False,True,True,True,1-circle,-1.000000,3385.753541,-18843.468278,1.692262,-0.580081,100.000000,100.000000,0.000000,0.000000,2,4,4,0.0000,0.0000,0.0000,0.5000,"PursuitChaseOptimal",0.074324
781,B0100,aggressive,UNKNOWN,14423.573269,29891.325545,2508.674455,3920.788466,-31905.161932,14922.737147,542.739009,27963.233849,175.727205,8728.740766,-92.632365,0.049567,False,False,False,False,True,True,True,1-circle,-1.000000,3385.753541,-18843.468278,1.692262,-0.580081,100.000000,100.000000,0.000000,0.000000,2,4,4,0.0000,0.0000,0.0000,0.5000,"Accelerate",-0.092591
782,A0100,pursuit_chase_v1,UNKNOWN,14445.753517,29897.002748,2502.997252,3815.210898,-31922.888752,14921.954244,542.844769,27967.533667,85.996359,8764.199710,-92.603562,0.054380,False,False,False,False,True,True,True,1-circle,-1.000000,3411.798010,-19496.051927,-1.856785,-0.323524,100.000000,100.000000,0.000000,0.000000,2,4,4,0.0000,0.0000,0.0000,0.5000,"PursuitChaseOptimal",0.077367
782,B0100,aggressive,UNKNOWN,14445.753517,29897.002748,2502.997252,3815.210898,-31922.888752,14921.954244,542.844769,27967.533667,85.996359,8764.199710,-92.603562,0.054380,False,False,False,False,True,True,True,1-circle,-1.000000,3411.798010,-19496.051927,-1.856785,-0.323524,100.000000,100.000000,0.000000,0.000000,2,4,4,0.0000,0.0000,0.0000,0.5000,"Accelerate",-0.096406
783,A0100,pursuit_chase_v1,UNKNOWN,14445.753517,29897.002748,2502.997252,3815.210898,-31922.888752,14921.954244,542.844769,27967.533667,85.996359,8764.199710,-92.603562,0.054380,False,False,False,False,True,True,True,1-circle,-1.000000,3411.798010,-19496.051927,-1.856785,-0.323524,100.000000,100.000000,0.000000,0.000000,2,4,4,0.0000,0.0000,0.0000,0.5000,"PursuitChaseOptimal",0.080413
783,B0100,aggressive,UNKNOWN,14445.753517,29897.002748,2502.997252,3815.210898,-31922.888752,14921.954244,542.844769,27967.533667,85.996359,8764.199710,-92.603562,0.054380,False,False,False,False,True,True,True,1-circle,-1.000000,3411.798010,-19496.051927,-1.856785,-0.323524,100.000000,100.000000,0.000000,0.000000,2,4,4,0.0000,0.0000,0.0000,0.5000,"Accelerate",-0.099957
784,A0100,pursuit_chase_v1,UNKNOWN,14467.728830,29881.218018,2518.781982,3723.705031,-31943.135829,14921.237531,543.143062,27981.157963,272.485935,8817.561728,-92.711220,0.015191,False,False,False,False,True,True,True,1-circle,-1.000000,3436.791591,-19268.146782,-0.519124,-0.599508,100.000000,100.000000,0.000000,0.000000,2,4,4,0.0000,0.0000,0.0000,0.5000,"PursuitChaseOptimal",0.088347
784,B0100,aggressive,UNKNOWN,14467.728830,29881.218018,2518.781982,3723.705031,-31943.135829,14921.237531,543.143062,27981.157963,272.485935,8817.561728,-92.711220,0.015191,False,False,False,False,True,True,True,1-circle,-1.000000,3436.791591,-19268.146782,-0.519124,-0.599508,100.000000,100.000000,0.000000,0.000000,2,4,4,0.0000,0.0000,0.0000,0.5000,"Accelerate",-0.109134
785,A0100,pursuit_chase_v1,UNKNOWN,14467.728830,29881.218018,2518.781982,3723.705031,-31943.135829,14921.237531,543.143062,27981.157963,272.485935,8817.561728,-92.711220,0.015191,False,False,False,False,True,True,True,1-circle,-1.000000,3436.791591,-19268.146782,-0.519124,-0.599508,100.000000,100.000000,0.000000,0.000000,2,4,4,0.0000,0.0000,0.0000,0.5000,"PursuitChaseOptimal",0.100912
785,B0100,aggressive,UNKNOWN,14467.728830,29881.218018,2518.781982,3723.705031,-31943.135829,14921.237531,543.143062,27981.157963,272.485935,8817.561728,-92.711220,0.015191,False,False,False,False,True,True,True,1-circle,-1.000000,3436.791591,-19268.146782,-0.519124,-0.599508,100.000000,100.000000,0.000000,0.000000,2,4,4,0.0000,0.0000,0.0000,0.5000,"Accelerate",-0.123362
786,A0100,pursuit_chase_v1,UNKNOWN,14489.545502,29860.271495,2539.728505,3627.457269,-31963.868666,14920.384242,543.442753,27994.720829,271.257307,8869.353470,-92.859299,0.074250,False,False,False,False,True,True,True,1-circle,-1.000000,3460.835222,-18730.114179,2.537001,-0.859709,100.000000,100.000000,0.000000,0.000000,2,4,4,0.0000,0.0000,0.0000,0.5000,"PursuitChaseOptimal",0.113784
786,B0100,aggressive,UNKNOWN,14489.545502,29860.271495,2539.728505,3627.457269,-31963.868666,14920.384242,543.442753,27994.720829,271.257307,8869.353470,-92.859299,0.074250,False,False,False,False,True,True,True,1-circle,-1.000000,3460.835222,-18730.114179,2.537001,-0.859709,100.000000,100.000000,0.000000,0.000000,2,4,4,0.0000,0.0000,0.0000,0.5000,"Accelerate",-0.137196
787,A0100,pursuit_chase_v1,UNKNOWN,14489.545502,29860.271495,2539.728505,3627.457269,-31963.868666,14920.384242,543.442753,27994.720829,271.257307,8869.353470,-92.859299,0.074250,False,False,False,False,True,True,True,1-circle,-1.000000,3460.835222,-18730.114179,2.537001,-0.859709,100.000000,100.000000,0.000000,0.000000,2,4,4,0.0000,0.0000,0.0000,0.5000,"PursuitChaseOptimal",0.125608
787,B0100,aggressive,UNKNOWN,14489.545502,29860.271495,2539.728505,3627.457269,-31963.868666,14920.384242,543.442753,27994.720829,271.257307,8869.353470,-92.859299,0.074250,False,False,False,False,True,True,True,1-circle,-1.000000,3460.835222,-18730.114179,2.537001,-0.859709,100.000000,100.000000,0.000000,0.000000,2,4,4,0.0000,0.0000,0.0000,0.5000,"Accelerate",-0.149626
788,A0100,pursuit_chase_v1,UNKNOWN,14511.103772,29862.853592,2537.146408,3502.244125,-31981.667830,14919.525131,543.500019,27996.617326,37.929950,8889.487325,-92.985747,0.006484,False,False,False,False,True,True,True,1-circle,-1.000000,3483.572188,-19157.860772,0.221714,-0.614865,100.000000,100.000000,0.000000,0.000000,2,3,4,0.0000,0.0000,0.0000,0.5000,"PursuitChaseOptimal",0.127563
788,B0100,aggressive,UNKNOWN,14511.103772,29862.853592,2537.146408,3502.244125,-31981.667830,14919.525131,543.500019,27996.617326,37.929950,8889.487325,-92.985747,0.006484,False,False,False,False,True,True,True,1-circle,-1.000000,3483.572188,-19157.860772,0.221714,-0.614865,100.000000,100.000000,0.000000,0.000000,2,4,4,0.0000,0.0000,0.0000,0.5000,"Accelerate",-0.150509
789,A0100,pursuit_chase_v1,UNKNOWN,14511.103772,29862.853592,2537.146408,3502.244125,-31981.667830,14919.525131,543.500019,27996.617326,37.929950,8889.487325,-92.985747,0.006484,False,False,False,False,True,True,True,1-circle,-1.000000,3483.572188,-19157.860772,0.221714,-0.614865,100.000000,100.000000,0.000000,0.000000,2,3,4,0.0000,0.0000,0.0000,0.5000,"PursuitChaseOptimal",0.120569
789,B0100,aggressive,UNKNOWN,14511.103772,29862.853592,2537.146408,3502.244125,-31981.667830,14919.525131,543.500019,27996.617326,37.929950,8889.487325,-92.985747,0.006484,False,False,False,False,True,True,True,1-circle,-1.000000,3483.572188,-19157.860772,0.221714,-0.614865,100.000000,100.000000,0.000000,0.000000,2,4,4,0.0000,0.0000,0.0000,0.5000,"Accelerate",-0.141212
790,A0100,pursuit_chase_v1,UNKNOWN,14532.346886,29862.894895,2537.105105,3383.438679,-32000.841956,14918.804955,543.676426,28004.387518,155.403846,8913.414754,-93.315805,0.041744,False,False,False,False,True,True,True,1-circle,-1.000000,3504.707387,-19464.414076,-1.427495,-0.367192,100.000000,100.000000,0.000000,0.000000,2,3,4,0.0000,0.0000,0.0000,0.5000,"PursuitChaseOptimal",0.112704
790,B0100,aggressive,UNKNOWN,14532.346886,29862.894895,2537.105105,3383.438679,-32000.841956,14918.804955,543.676426,28004.387518,155.403846,8913.414754,-93.315805,0.041744,False,False,False,False,True,True,True,1-circle,-1.000000,3504.707387,-19464.414076,-1.427495,-0.367192,100.000000,100.000000,0.000000,0.000000,2,4,4,0.0000,0.0000,0.0000,0.5000,"Accelerate",-0.131283
791,A0100,pursuit_chase_v1,UNKNOWN,14532.346886,29862.894895,2537.105105,3383.438679,-32000.841956,14918.804955,543.676426,28004.387518,155.403846,8913.414754,-93.315805,0.041744,False,False,False,False,True,True,True,1-circle,-1.000000,3504.707387,-19464.414076,-1.427495,-0.367192,100.000000,100.000000,0.000000,0.000000,2,3,4,0.0000,0.0000,0.0000,0.5000,"PursuitChaseOptimal",0.105910
791,B0100,aggressive,UNKNOWN,14532.346886,29862.894895,2537.105105,3383.438679,-32000.841956,14918.804955,543.676426,28004.387518,155.403846,8913.414754,-93.315805,0.041744,False,False,False,False,True,True,True,1-circle,-1.000000,3504.707387,-19464.414076,-1.427495,-0.367192,100.000000,100.000000,0.000000,0.000000,2,4,4,0.0000,0.0000,0.0000,0.5000,"Accelerate",-0.122295
792,A0100,pursuit_chase_v1,UNKNOWN,14553.391277,29845.541584,2554.458416,3291.939679,-32021.240221,14918.045700,544.023745,28020.352663,319.302886,8965.938238,-93.987875,0.034007,False,False,False,False,True,True,True,1-circle,-1.000000,3524.562741,-19006.655170,1.163703,-0.615541,100.000000,100.000000,0.000000,0.000000,2,3,4,0.0000,0.0000,0.0000,0.5000,"PursuitChaseOptimal",0.098338
792,B0100,aggressive,UNKNOWN,14553.391277,29845.541584,2554.458416,3291.939679,-32021.240221,14918.045700,544.023745,28020.352663,319.302886,8965.938238,-93.987875,0.034007,False,False,False,False,True,True,True,1-circle,-1.000000,3524.562741,-19006.655170,1.163703,-0.615541,100.000000,100.000000,0.000000,0.000000,2,4,4,0.0000,0.0000,0.0000,0.5000,"Accelerate",-0.112234
793,A0100,pursuit_chase_v1,UNKNOWN,14553.391277,29845.541584,2554.458416,3291.939679,-32021.240221,14918.045700,544.023745,28020.352663,319.302886,8965.938238,-93.987875,0.034007,False,False,False,False,True,True,True,1-circle,-1.000000,3524.562741,-19006.655170,1.163703,-0.615541,100.000000,100.000000,0.000000,0.000000,2,3,4,0.0000,0.0000,0.0000,0.5000,"PursuitChaseOptimal",0.089938
793,B0100,aggressive,UNKNOWN,14553.391277,29845.541584,2554.458416,3291.939679,-32021.240221,14918.045700,544.023745,28020.352663,319.302886,8965.938238,-93.987875,0.034007,False,False,False,False,True,True,True,1-circle,-1.000000,3524.562741,-19006.655170,1.163703,-0.615541,100.000000,100.000000,0.000000,0.000000,2,4,4,0.0000,0.0000,0.0000,0.5000,"Accelerate",-0.101725
794,A0100,pursuit_chase_v1,UNKNOWN,14574.340582,29840.573241,2559.426759,3212.969838,-32035.961496,14917.237675,544.142206,28025.251306,97.972865,9019.221203,-95.010078,0.027604,False,False,False,False,True,True,True,1-circle,-1.000000,3543.322496,-19393.948109,-0.944820,-0.679743,100.000000,100.000000,0.000000,0.000000,2,3,4,0.0000,0.0000,0.0000,0.5000,"PursuitChaseOptimal",0.080910
794,B0100,aggressive,UNKNOWN,14574.340582,29840.573241,2559.426759,3212.969838,-32035.961496,14917.237675,544.142206,28025.251306,97.972865,9019.221203,-95.010078,0.027604,False,False,False,False,True,True,True,1-circle,-1.000000,3543.322496,-19393.948109,-0.944820,-0.679743,100.000000,100.000000,0.000000,0.000000,2,4,4,0.0000,0.0000,0.0000,0.5000,"Accelerate",-0.091401
795,A0100,pursuit_chase_v1,UNKNOWN,14574.340582,29840.573241,2559.426759,3212.969838,-32035.961496,14917.237675,544.142206,28025.251306,97.972865,9019.221203,-95.010078,0.027604,False,False,False,False,True,True,True,1-circle,-1.000000,3543.322496,-19393.948109,-0.944820,-0.679743,100.000000,100.000000,0.000000,0.000000,2,3,4,0.0000,0.0000,0.0000,0.5000,"PursuitChaseOptimal",0.071354
795,B0100,aggressive,UNKNOWN,14574.340582,29840.573241,2559.426759,3212.969838,-32035.961496,14917.237675,544.142206,28025.251306,97.972865,9019.221203,-95.010078,0.027604,False,False,False,False,True,True,True,1-circle,-1.000000,3543.322496,-19393.948109,-0.944820,-0.679743,100.000000,100.000000,0.000000,0.000000,2,4,4,0.0000,0.0000,0.0000,0.5000,"Accelerate",-0.080555
796,A0100,pursuit_chase_v1,UNKNOWN,14595.301166,29821.980721,2578.019279,3156.691918,-32056.844744,14916.390832,544.508407,28042.053479,336.043467,9103.582239,-96.472702,0.013157,False,False,False,False,True,True,True,1-circle,-1.000000,3561.138694,-19149.731327,0.450651,-0.549509,100.000000,100.000000,0.000000,0.000000,2,3,4,0.0000,0.0000,0.0000,0.5000,"PursuitChaseOptimal",0.063842
796,B0100,aggressive,UNKNOWN,14595.301166,29821.980721,2578.019279,3156.691918,-32056.844744,14916.390832,544.508407,28042.053479,336.043467,9103.582239,-96.472702,0.013157,False,False,False,False,True,True,True,1-circle,-1.000000,3561.138694,-19149.731327,0.450651,-0.549509,100.000000,100.000000,0.000000,0.000000,2,4,4,0.0000,0.0000,0.0000,0.5000,"Accelerate",-0.071401
797,A0100,pursuit_chase_v1,UNKNOWN,14595.301166,29821.980721,2578.019279,3156.691918,-32056.844744,14916.390832,544.508407,28042.053479,336.043467,9103.582239,-96.472702,0.013157,False,False,False,False,True,True,True,1-circle,-1.000000,3561.138694,-19149.731327,0.450651,-0.549509,100.000000,100.000000,0.000000,0.000000,2,3,4,0.0000,0.0000,0.0000,0.5000,"PursuitChaseOptimal",0.063504
797,B0100,aggressive,UNKNOWN,14595.301166,29821.980721,2578.019279,3156.691918,-32056.844744,14916.390832,544.508407,28042.053479,336.043467,9103.582239,-96.472702,0.013157,False,False,False,False,True,True,True,1-circle,-1.000000,3561.138694,-19149.731327,0.450651,-0.549509,100.000000,100.000000,0.000000,0.000000,2,4,4,0.0000,0.0000,0.0000,0.5000,"Accelerate",-0.070118
798,A0100,pursuit_chase_v1,UNKNOWN,14616.381971,29814.920822,2585.079178,3106.519134,-32075.850115,14915.424645,544.701312,28050.389069,166.711792,9183.698369,-98.116801,0.036755,False,False,False,False,True,True,True,1-circle,-1.000000,3578.248995,-19010.561879,1.259114,-0.747563,100.000000,100.000000,0.000000,0.000000,2,3,4,0.0000,0.0000,0.0000,0.5000,"PursuitChaseOptimal",0.055379
798,B0100,aggressive,UNKNOWN,14616.381971,29814.920822,2585.079178,3106.519134,-32075.850115,14915.424645,544.701312,28050.389069,166.711792,9183.698369,-98.116801,0.036755,False,False,False,False,True,True,True,1-circle,-1.000000,3578.248995,-19010.561879,1.259114,-0.747563,100.000000,100.000000,0.000000,0.000000,2,4,4,0.0000,0.0000,0.0000,0.5000,"Accelerate",-0.060780
799,A0100,pursuit_chase_v1,UNKNOWN,14616.381971,29814.920822,2585.079178,3106.519134,-32075.850115,14915.424645,544.701312,28050.389069,166.711792,9183.698369,-98.116801,0.036755,False,False,False,False,True,True,True,1-circle,-1.000000,3578.248995,-19010.561879,1.259114,-0.747563,100.000000,100.000000,0.000000,0.000000,2,3,4,0.0000,0.0000,0.0000,0.5000,"PursuitChaseOptimal",0.044465
799,B0100,aggressive,UNKNOWN,14616.381971,29814.920822,2585.079178,3106.519134,-32075.850115,14915.424645,544.701312,28050.389069,166.711792,9183.698369,-98.116801,0.036755,False,False,False,False,True,True,True,1-circle,-1.000000,3578.248995,-19010.561879,1.259114,-0.747563,100.000000,100.000000,0.000000,0.000000,2,4,4,0.0000,0.0000,0.0000,0.5000,"Accelerate",-0.049022
800,A0100,pursuit_chase_v1,UNKNOWN,14637.585317,29810.656578,2589.343422,3063.532902,-32094.663288,14914.500452,544.961504,28062.016450,232.547629,9266.726871,-99.792337,0.005872,False,False,False,False,True,True,True,1-circle,-1.000000,3594.592573,-19279.124044,-0.201284,-0.462610,100.000000,100.000000,0.000000,0.000000,2,3,4,0.0000,0.0000,0.0000,0.5000,"PursuitChaseOptimal",0.034160
800,B0100,aggressive,UNKNOWN,14637.585317,29810.656578,2589.343422,3063.532902,-32094.663288,14914.500452,544.961504,28062.016450,232.547629,9266.726871,-99.792337,0.005872,False,False,False,False,True,True,True,1-circle,-1.000000,3594.592573,-19279.124044,-0.201284,-0.462610,100.000000,100.000000,0.000000,0.000000,2,4,4,0.0000,0.0000,0.0000,0.5000,"Accelerate",-0.037708
801,A0100,pursuit_chase_v1,UNKNOWN,14637.585317,29810.656578,2589.343422,3063.532902,-32094.663288,14914.500452,544.961504,28062.016450,232.547629,9266.726871,-99.792337,0.005872,False,False,False,False,True,True,True,1-circle,-1.000000,3594.592573,-19279.124044,-0.201284,-0.462610,100.000000,100.000000,0.000000,0.000000,2,3,4,0.0000,0.0000,0.0000,0.5000,"PursuitChaseOptimal",0.028034
801,B0100,aggressive,UNKNOWN,14637.585317,29810.656578,2589.343422,3063.532902,-32094.663288,14914.500452,544.961504,28062.016450,232.547629,9266.726871,-99.792337,0.005872,False,False,False,False,True,True,True,1-circle,-1.000000,3594.592573,-19279.124044,-0.201284,-0.462610,100.000000,100.000000,0.000000,0.000000,2,4,4,0.0000,0.0000,0.0000,0.5000,"Accelerate",-0.030387
802,A0100,pursuit_chase_v1,UNKNOWN,14658.932362,29803.113947,2596.886053,3026.098353,-32112.803241,14913.520551,545.196097,28072.358365,206.838298,9332.942397,-100.793546,0.000129,False,False,False,False,True,True,True,1-circle,-1.000000,3610.508677,-19247.419543,0.004407,-0.720619,100.000000,100.000000,0.000000,0.000000,2,3,4,0.0000,0.0000,0.0000,0.5000,"PursuitChaseOptimal",0.025986
802,B0100,aggressive,UNKNOWN,14658.932362,29803.113947,2596.886053,3026.098353,-32112.803241,14913.520551,545.196097,28072.358365,206.838298,9332.942397,-100.793546,0.000129,False,False,False,False,True,True,True,1-circle,-1.000000,3610.508677,-19247.419543,0.004407,-0.720619,100.000000,100.000000,0.000000,0.000000,2,4,4,0.0000,0.0000,0.0000,0.5000,"Accelerate",-0.027961
803,A0100,pursuit_chase_v1,UNKNOWN,14658.932362,29803.113947,2596.886053,3026.098353,-32112.803241,14913.520551,545.196097,28072.358365,206.838298,9332.942397,-100.793546,0.000129,False,False,False,False,True,True,True,1-circle,-1.000000,3610.508677,-19247.419543,0.004407,-0.720619,100.000000,100.000000,0.000000,0.000000,2,3,4,0.0000,0.0000,0.0000,0.5000,"PursuitChaseOptimal",0.026553
803,B0100,aggressive,UNKNOWN,14658.932362,29803.113947,2596.886053,3026.098353,-32112.803241,14913.520551,545.196097,28072.358365,206.838298,9332.942397,-100.793546,0.000129,False,False,False,False,True,True,True,1-circle,-1.000000,3610.508677,-19247.419543,0.004407,-0.720619,100.000000,100.000000,0.000000,0.000000,2,4,4,0.0000,0.0000,0.0000,0.5000,"Accelerate",-0.029044
804,A0100,pursuit_chase_v1,UNKNOWN,14680.356407,29798.893761,2601.106239,2979.567640,-32130.736741,14912.577980,545.404746,28081.489637,182.625427,9392.540787,-101.443749,0.046018,False,False,False,False,True,True,True,1-circle,-1.000000,3626.118565,-19537.357090,-1.578148,-0.527559,100.000000,100.000000,0.000000,0.000000,2,3,4,0.0000,0.0000,0.0000,0.5000,"PursuitChaseOptimal",0.028593
804,B0100,aggressive,UNKNOWN,14680.356407,29798.893761,2601.106239,2979.567640,-32130.736741,14912.577980,545.404746,28081.489637,182.625427,9392.540787,-101.443749,0.046018,False,False,False,False,True,True,True,1-circle,-1.000000,3626.118565,-19537.357090,-1.578148,-0.527559,100.000000,100.000000,0.000000,0.000000,2,4,4,0.0000,0.0000,0.0000,0.5000,"Accelerate",-0.031637
805,A0100,pursuit_chase_v1,UNKNOWN,14680.356407,29798.893761,2601.106239,2979.567640,-32130.736741,14912.577980,545.404746,28081.489637,182.625427,9392.540787,-101.443749,0.046018,False,False,False,False,True,True,True,1-circle,-1.000000,3626.118565,-19537.357090,-1.578148,-0.527559,100.000000,100.000000,0.000000,0.000000,2,3,4,0.0000,0.0000,0.0000,0.5000,"PursuitChaseOptimal",0.031812
805,B0100,aggressive,UNKNOWN,14680.356407,29798.893761,2601.106239,2979.567640,-32130.736741,14912.577980,545.404746,28081.489637,182.625427,9392.540787,-101.443749,0.046018,False,False,False,False,True,True,True,1-circle,-1.000000,3626.118565,-19537.357090,-1.578148,-0.527559,100.000000,100.000000,0.000000,0.000000,2,4,4,0.0000,0.0000,0.0000,0.5000,"Accelerate",-0.034809
806,A0100,pursuit_chase_v1,UNKNOWN,14701.862176,29780.493584,2619.506416,2927.519572,-32148.002258,14911.533855,545.787182,28098.919979,348.606850,9464.092617,-101.793140,0.038463,False,False,False,False,True,True,True,1-circle,-1.000000,3641.660028,-19020.750739,1.319973,-0.732150,100.000000,100.000000,0.000000,0.000000,2,3,4,0.0000,0.0000,0.0000,0.5000,"PursuitChaseOptimal",0.036663
806,B0100,aggressive,UNKNOWN,14701.862176,29780.493584,2619.506416,2927.519572,-32148.002258,14911.533855,545.787182,28098.919979,348.606850,9464.092617,-101.793140,0.038463,False,False,False,False,True,True,True,1-circle,-1.000000,3641.660028,-19020.750739,1.319973,-0.732150,100.000000,100.000000,0.000000,0.000000,2,4,4,0.0000,0.0000,0.0000,0.5000,"Accelerate",-0.039789
807,A0100,pursuit_chase_v1,UNKNOWN,14701.862176,29780.493584,2619.506416,2927.519572,-32148.002258,14911.533855,545.787182,28098.919979,348.606850,9464.092617,-101.793140,0.038463,False,False,False,False,True,True,True,1-circle,-1.000000,3641.660028,-19020.750739,1.319973,-0.732150,100.000000,100.000000,0.000000,0.000000,2,3,4,0.0000,0.0000,0.0000,0.5000,"PursuitChaseOptimal",0.043747
807,B0100,aggressive,UNKNOWN,14701.862176,29780.493584,2619.506416,2927.519572,-32148.002258,14911.533855,545.787182,28098.919979,348.606850,9464.092617,-101.793140,0.038463,False,False,False,False,True,True,True,1-circle,-1.000000,3641.660028,-19020.750739,1.319973,-0.732150,100.000000,100.000000,0.000000,0.000000,2,4,4,0.0000,0.0000,0.0000,0.5000,"Accelerate",-0.046757
808,A0100,pursuit_chase_v1,UNKNOWN,14723.407928,29777.792825,2622.207175,2839.702286,-32166.288153,14910.413792,545.918289,28104.136323,104.326887,9522.887531,-101.763695,0.066068,False,False,False,False,True,True,True,1-circle,-1.000000,3657.183664,-18855.394801,2.267055,-0.801975,100.000000,100.000000,0.000000,0.000000,2,4,4,0.0000,0.0000,0.0000,0.5000,"PursuitChaseOptimal",0.055522
808,B0100,aggressive,UNKNOWN,14723.407928,29777.792825,2622.207175,2839.702286,-32166.288153,14910.413792,545.918289,28104.136323,104.326887,9522.887531,-101.763695,0.066068,False,False,False,False,True,True,True,1-circle,-1.000000,3657.183664,-18855.394801,2.267055,-0.801975,100.000000,100.000000,0.000000,0.000000,2,4,4,0.0000,0.0000,0.0000,0.5000,"Accelerate",-0.058916
809,A0100,pursuit_chase_v1,UNKNOWN,14723.407928,29777.792825,2622.207175,2839.702286,-32166.288153,14910.413792,545.918289,28104.136323,104.326887,9522.887531,-101.763695,0.066068,False,False,False,False,True,True,True,1-circle,-1.000000,3657.183664,-18855.394801,2.267055,-0.801975,100.000000,100.000000,0.000000,0.000000,2,4,4,0.0000,0.0000,0.0000,0.5000,"PursuitChaseOptimal",0.065669
809,B0100,aggressive,UNKNOWN,14723.407928,29777.792825,2622.207175,2839.702286,-32166.288153,14910.413792,545.918289,28104.136323,104.326887,9522.887531,-101.763695,0.066068,False,False,False,False,True,True,True,1-circle,-1.000000,3657.183664,-18855.394801,2.267055,-0.801975,100.000000,100.000000,0.000000,0.000000,2,4,4,0.0000,0.0000,0.0000,0.5000,"Accelerate",-0.069708
810,A0100,pursuit_chase_v1,UNKNOWN,14744.878608,29789.411312,2610.588688,2714.597053,-32181.673819,14909.428160,545.992940,28106.759268,52.458895,9563.803018,-101.310477,0.038206,False,False,False,False,True,True,True,1-circle,-1.000000,3672.526437,-19504.679949,-1.311614,-0.516674,100.000000,100.000000,0.000000,0.000000,2,4,4,0.0000,0.0000,0.0000,0.5000,"PursuitChaseOptimal",0.065865
810,B0100,aggressive,UNKNOWN,14744.878608,29789.411312,2610.588688,2714.597053,-32181.673819,14909.428160,545.992940,28106.759268,52.458895,9563.803018,-101.310477,0.038206,False,False,False,False,True,True,True,1-circle,-1.000000,3672.526437,-19504.679949,-1.311614,-0.516674,100.000000,100.000000,0.000000,0.000000,2,4,4,0.0000,0.0000,0.0000,0.5000,"Accelerate",-0.070035
811,A0100,pursuit_chase_v1,UNKNOWN,14744.878608,29789.411312,2610.588688,2714.597053,-32181.673819,14909.428160,545.992940,28106.759268,52.458895,9563.803018,-101.310477,0.038206,False,False,False,False,True,True,True,1-circle,-1.000000,3672.526437,-19504.679949,-1.311614,-0.516674,100.000000,100.000000,0.000000,0.000000,2,4,4,0.0000,0.0000,0.0000,0.5000,"PursuitChaseOptimal",0.062705
811,B0100,aggressive,UNKNOWN,14744.878608,29789.411312,2610.588688,2714.597053,-32181.673819,14909.428160,545.992940,28106.759268,52.458895,9563.803018,-101.310477,0.038206,False,False,False,False,True,True,True,1-circle,-1.000000,3672.526437,-19504.679949,-1.311614,-0.516674,100.000000,100.000000,0.000000,0.000000,2,4,4,0.0000,0.0000,0.0000,0.5000,"Accelerate",-0.066925
812,A0100,pursuit_chase_v1,UNKNOWN,14766.201843,29781.316669,2618.683331,2596.693946,-32198.491617,14908.536181,546.280503,28119.772433,260.263299,9604.047557,-100.520606,0.002039,False,False,False,False,True,True,True,1-circle,-1.000000,3687.688021,-19261.153508,0.070034,-0.485982,100.000000,100.000000,0.000000,0.000000,2,4,4,0.0000,0.0000,0.0000,0.5000,"PursuitChaseOptimal",0.053009
812,B0100,aggressive,UNKNOWN,14766.201843,29781.316669,2618.683331,2596.693946,-32198.491617,14908.536181,546.280503,28119.772433,260.263299,9604.047557,-100.520606,0.002039,False,False,False,False,True,True,True,1-circle,-1.000000,3687.688021,-19261.153508,0.070034,-0.485982,100.000000,100.000000,0.000000,0.000000,2,4,4,0.0000,0.0000,0.0000,0.5000,"Accelerate",-0.056245
813,A0100,pursuit_chase_v1,UNKNOWN,14766.201843,29781.316669,2618.683331,2596.693946,-32198.491617,14908.536181,546.280503,28119.772433,260.263299,9604.047557,-100.520606,0.002039,False,False,False,False,True,True,True,1-circle,-1.000000,3687.688021,-19261.153508,0.070034,-0.485982,100.000000,100.000000,0.000000,0.000000,2,4,4,0.0000,0.0000,0.0000,0.5000,"PursuitChaseOptimal",0.043899
813,B0100,aggressive,UNKNOWN,14766.201843,29781.316669,2618.683331,2596.693946,-32198.491617,14908.536181,546.280503,28119.772433,260.263299,9604.047557,-100.520606,0.002039,False,False,False,False,True,True,True,1-circle,-1.000000,3687.688021,-19261.153508,0.070034,-0.485982,100.000000,100.000000,0.000000,0.000000,2,4,4,0.0000,0.0000,0.0000,0.5000,"Accelerate",-0.045851
814,A0100,pursuit_chase_v1,UNKNOWN,14787.404509,29776.514895,2623.485105,2506.296596,-32213.325231,14907.580300,546.458062,28127.406118,152.673696,9632.957580,-99.970044,0.025692,False,False,False,False,True,True,True,1-circle,-1.000000,3702.822246,-19120.175098,0.882768,-0.658481,100.000000,100.000000,0.000000,0.000000,2,4,4,0.0000,0.0000,0.0000,0.5000,"PursuitChaseOptimal",0.035097
814,B0100,aggressive,UNKNOWN,14787.404509,29776.514895,2623.485105,2506.296596,-32213.325231,14907.580300,546.458062,28127.406118,152.673696,9632.957580,-99.970044,0.025692,False,False,False,False,True,True,True,1-circle,-1.000000,3702.822246,-19120.175098,0.882768,-0.658481,100.000000,100.000000,0.000000,0.000000,2,4,4,0.0000,0.0000,0.0000,0.5000,"Accelerate",-0.036420
815,A0100,pursuit_chase_v1,UNKNOWN,14787.404509,29776.514895,2623.485105,2506.296596,-32213.325231,14907.580300,546.458062,28127.406118,152.673696,9632.957580,-99.970044,0.025692,False,False,False,False,True,True,True,1-circle,-1.000000,3702.822246,-19120.175098,0.882768,-0.658481,100.000000,100.000000,0.000000,0.000000,2,4,4,0.0000,0.0000,0.0000,0.5000,"PursuitChaseOptimal",0.029090
815,B0100,aggressive,UNKNOWN,14787.404509,29776.514895,2623.485105,2506.296596,-32213.325231,14907.580300,546.458062,28127.406118,152.673696,9632.957580,-99.970044,0.025692,False,False,False,False,True,True,True,1-circle,-1.000000,3702.822246,-19120.175098,0.882768,-0.658481,100.000000,100.000000,0.000000,0.000000,2,4,4,0.0000,0.0000,0.0000,0.5000,"Accelerate",-0.030502
816,A0100,pursuit_chase_v1,UNKNOWN,14808.503613,29773.959187,2626.040813,2458.678209,-32227.586114,14906.690380,546.713054,28138.856545,229.008548,9643.239024,-99.731319,0.016794,False,False,False,False,True,True,True,1-circle,-1.000000,3717.737620,-19388.215129,-0.577292,-0.385831,100.000000,100.000000,0.000000,0.000000,2,4,4,0.0000,0.0000,0.0000,0.5000,"PursuitChaseOptimal",0.031435
816,B0100,aggressive,UNKNOWN,14808.503613,29773.959187,2626.040813,2458.678209,-32227.586114,14906.690380,546.713054,28138.856545,229.008548,9643.239024,-99.731319,0.016794,False,False,False,False,True,True,True,1-circle,-1.000000,3717.737620,-19388.215129,-0.577292,-0.385831,100.000000,100.000000,0.000000,0.000000,2,4,4,0.0000,0.0000,0.0000,0.5000,"Accelerate",-0.033345
817,A0100,pursuit_chase_v1,UNKNOWN,14808.503613,29773.959187,2626.040813,2458.678209,-32227.586114,14906.690380,546.713054,28138.856545,229.008548,9643.239024,-99.731319,0.016794,False,False,False,False,True,True,True,1-circle,-1.000000,3717.737620,-19388.215129,-0.577292,-0.385831,100.000000,100.000000,0.000000,0.000000,2,4,4,0.0000,0.0000,0.0000,0.5000,"PursuitChaseOptimal",0.039861
817,B0100,aggressive,UNKNOWN,14808.503613,29773.959187,2626.040813,2458.678209,-32227.586114,14906.690380,546.713054,28138.856545,229.008548,9643.239024,-99.731319,0.016794,False,False,False,False,True,True,True,1-circle,-1.000000,3717.737620,-19388.215129,-0.577292,-0.385831,100.000000,100.000000,0.000000,0.000000,2,4,4,0.0000,0.0000,0.0000,0.5000,"Accelerate",-0.041710
818,A0100,pursuit_chase_v1,UNKNOWN,14829.513458,29759.353551,2640.646449,2449.027907,-32243.416394,14905.724140,547.050160,28154.213345,307.135988,9635.303511,-99.639448,0.060430,False,False,False,False,True,True,True,1-circle,-1.000000,3732.398796,-18915.354439,2.077653,-0.662630,100.000000,100.000000,0.000000,0.000000,2,4,4,0.0000,0.0000,0.0000,0.5000,"PursuitChaseOptimal",0.048640
818,B0100,aggressive,UNKNOWN,14829.513458,29759.353551,2640.646449,2449.027907,-32243.416394,14905.724140,547.050160,28154.213345,307.135988,9635.303511,-99.639448,0.060430,False,False,False,False,True,True,True,1-circle,-1.000000,3732.398796,-18915.354439,2.077653,-0.662630,100.000000,100.000000,0.000000,0.000000,2,4,4,0.0000,0.0000,0.0000,0.5000,"Accelerate",-0.050204
819,A0100,pursuit_chase_v1,UNKNOWN,14829.513458,29759.353551,2640.646449,2449.027907,-32243.416394,14905.724140,547.050160,28154.213345,307.135988,9635.303511,-99.639448,0.060430,False,False,False,False,True,True,True,1-circle,-1.000000,3732.398796,-18915.354439,2.077653,-0.662630,100.000000,100.000000,0.000000,0.000000,2,4,4,0.0000,0.0000,0.0000,0.5000,"PursuitChaseOptimal",0.059922
819,B0100,aggressive,UNKNOWN,14829.513458,29759.353551,2640.646449,2449.027907,-32243.416394,14905.724140,547.050160,28154.213345,307.135988,9635.303511,-99.639448,0.060430,False,False,False,False,True,True,True,1-circle,-1.000000,3732.398796,-18915.354439,2.077653,-0.662630,100.000000,100.000000,0.000000,0.000000,2,4,4,0.0000,0.0000,0.0000,0.5000,"Accelerate",-0.061389
820,A0100,pursuit_chase_v1,UNKNOWN,14850.424826,29768.060281,2631.939719,2429.398725,-32256.218598,14904.780470,547.128148,28157.047384,56.680782,9622.516941,-100.278106,0.009282,False,False,False,False,True,True,True,1-circle,-1.000000,3746.438756,-19351.294570,-0.319297,-0.479949,100.000000,100.000000,0.000000,0.000000,2,4,4,0.0000,0.0000,0.0000,0.5000,"PursuitChaseOptimal",0.074708
820,B0100,aggressive,UNKNOWN,14850.424826,29768.060281,2631.939719,2429.398725,-32256.218598,14904.780470,547.128148,28157.047384,56.680782,9622.516941,-100.278106,0.009282,False,False,False,False,True,True,True,1-circle,-1.000000,3746.438756,-19351.294570,-0.319297,-0.479949,100.000000,100.000000,0.000000,0.000000,2,4,4,0.0000,0.0000,0.0000,0.5000,"Accelerate",-0.076608
821,A0100,pursuit_chase_v1,UNKNOWN,14850.424826,29768.060281,2631.939719,2429.398725,-32256.218598,14904.780470,547.128148,28157.047384,56.680782,9622.516941,-100.278106,0.009282,False,False,False,False,True,True,True,1-circle,-1.000000,3746.438756,-19351.294570,-0.319297,-0.479949,100.000000,100.000000,0.000000,0.000000,2,4,4,0.0000,0.0000,0.0000,0.5000,"PursuitChaseOptimal",0.089606
821,B0100,aggressive,UNKNOWN,14850.424826,29768.060281,2631.939719,2429.398725,-32256.218598,14904.780470,547.128148,28157.047384,56.680782,9622.516941,-100.278106,0.009282,False,False,False,False,True,True,True,1-circle,-1.000000,3746.438756,-19351.294570,-0.319297,-0.479949,100.000000,100.000000,0.000000,0.000000,2,4,4,0.0000,0.0000,0.0000,0.5000,"Accelerate",-0.092169
822,A0100,pursuit_chase_v1,UNKNOWN,14871.232965,29770.265696,2629.734304,2404.971764,-32270.960049,14903.990922,547.273734,28163.311426,125.280839,9608.675830,-101.067323,0.056148,False,False,False,False,True,True,True,1-circle,-1.000000,3759.489153,-19645.096644,-1.931238,-0.471417,100.000000,100.000000,0.000000,0.000000,2,4,4,0.0000,0.0000,0.0000,0.5000,"PursuitChaseOptimal",0.105717
822,B0100,aggressive,UNKNOWN,14871.232965,29770.265696,2629.734304,2404.971764,-32270.960049,14903.990922,547.273734,28163.311426,125.280839,9608.675830,-101.067323,0.056148,False,False,False,False,True,True,True,1-circle,-1.000000,3759.489153,-19645.096644,-1.931238,-0.471417,100.000000,100.000000,0.000000,0.000000,2,4,4,0.0000,0.0000,0.0000,0.5000,"Accelerate",-0.108563
823,A0100,pursuit_chase_v1,UNKNOWN,14871.232965,29770.265696,2629.734304,2404.971764,-32270.960049,14903.990922,547.273734,28163.311426,125.280839,9608.675830,-101.067323,0.056148,False,False,False,False,True,True,True,1-circle,-1.000000,3759.489153,-19645.096644,-1.931238,-0.471417,100.000000,100.000000,0.000000,0.000000,2,4,4,0.0000,0.0000,0.0000,0.5000,"PursuitChaseOptimal",0.117915
823,B0100,aggressive,UNKNOWN,14871.232965,29770.265696,2629.734304,2404.971764,-32270.960049,14903.990922,547.273734,28163.311426,125.280839,9608.675830,-101.067323,0.056148,False,False,False,False,True,True,True,1-circle,-1.000000,3759.489153,-19645.096644,-1.931238,-0.471417,100.000000,100.000000,0.000000,0.000000,2,4,4,0.0000,0.0000,0.0000,0.5000,"Accelerate",-0.120298
824,A0100,pursuit_chase_v1,UNKNOWN,14891.929519,29752.405385,2647.594615,2380.553879,-32285.582894,14903.137073,547.612998,28178.902005,311.811576,9598.543026,-101.776475,0.028304,False,False,False,False,True,True,True,1-circle,-1.000000,3771.538060,-19124.909055,0.974352,-0.792298,100.000000,100.000000,0.000000,0.000000,2,4,4,0.0000,0.0000,0.0000,0.5000,"PursuitChaseOptimal",0.130811
824,B0100,aggressive,UNKNOWN,14891.929519,29752.405385,2647.594615,2380.553879,-32285.582894,14903.137073,547.612998,28178.902005,311.811576,9598.543026,-101.776475,0.028304,False,False,False,False,True,True,True,1-circle,-1.000000,3771.538060,-19124.909055,0.974352,-0.792298,100.000000,100.000000,0.000000,0.000000,2,4,4,0.0000,0.0000,0.0000,0.5000,"Accelerate",-0.132124
825,A0100,pursuit_chase_v1,UNKNOWN,14891.929519,29752.405385,2647.594615,2380.553879,-32285.582894,14903.137073,547.612998,28178.902005,311.811576,9598.543026,-101.776475,0.028304,False,False,False,False,True,True,True,1-circle,-1.000000,3771.538060,-19124.909055,0.974352,-0.792298,100.000000,100.000000,0.000000,0.000000,2,4,4,0.0000,0.0000,0.0000,0.5000,"PursuitChaseOptimal",0.131747
825,B0100,aggressive,UNKNOWN,14891.929519,29752.405385,2647.594615,2380.553879,-32285.582894,14903.137073,547.612998,28178.902005,311.811576,9598.543026,-101.776475,0.028304,False,False,False,False,True,True,True,1-circle,-1.000000,3771.538060,-19124.909055,0.974352,-0.792298,100.000000,100.000000,0.000000,0.000000,2,4,4,0.0000,0.0000,0.0000,0.5000,"Accelerate",-0.131391
826,A0100,pursuit_chase_v1,UNKNOWN,14912.452282,29748.593537,2651.406463,2336.328807,-32301.579514,14902.171308,547.723283,28183.284073,87.641360,9556.601549,-102.142360,0.055413,False,False,False,False,True,True,True,1-circle,-1.000000,3782.486099,-18958.902907,1.907383,-0.833244,100.000000,100.000000,0.000000,0.000000,2,4,4,0.0000,0.0000,0.0000,0.5000,"PursuitChaseOptimal",0.129449
826,B0100,aggressive,UNKNOWN,14912.452282,29748.593537,2651.406463,2336.328807,-32301.579514,14902.171308,547.723283,28183.284073,87.641360,9556.601549,-102.142360,0.055413,False,False,False,False,True,True,True,1-circle,-1.000000,3782.486099,-18958.902907,1.907383,-0.833244,100.000000,100.000000,0.000000,0.000000,2,4,4,0.0000,0.0000,0.0000,0.5000,"Accelerate",-0.127714
827,A0100,pursuit_chase_v1,UNKNOWN,14912.452282,29748.593537,2651.406463,2336.328807,-32301.579514,14902.171308,547.723283,28183.284073,87.641360,9556.601549,-102.142360,0.055413,False,False,False,False,True,True,True,1-circle,-1.000000,3782.486099,-18958.902907,1.907383,-0.833244,100.000000,100.000000,0.000000,0.000000,2,4,4,0.0000,0.0000,0.0000,0.5000,"PursuitChaseOptimal",0.117730
827,B0100,aggressive,UNKNOWN,14912.452282,29748.593537,2651.406463,2336.328807,-32301.579514,14902.171308,547.723283,28183.284073,87.641360,9556.601549,-102.142360,0.055413,False,False,False,False,True,True,True,1-circle,-1.000000,3782.486099,-18958.902907,1.907383,-0.833244,100.000000,100.000000,0.000000,0.000000,2,4,4,0.0000,0.0000,0.0000,0.5000,"Accelerate",-0.115390
828,A0100,pursuit_chase_v1,UNKNOWN,14932.706991,29760.660607,2639.339393,2284.670972,-32315.736366,14901.312973,547.783337,28185.338256,41.083661,9503.577206,-102.318034,0.049505,False,False,False,False,True,True,True,1-circle,-1.000000,3792.181288,-19610.001739,-1.704322,-0.520742,100.000000,100.000000,0.000000,0.000000,2,4,4,0.0000,0.0000,0.0000,0.5000,"PursuitChaseOptimal",0.107572
828,B0100,aggressive,UNKNOWN,14932.706991,29760.660607,2639.339393,2284.670972,-32315.736366,14901.312973,547.783337,28185.338256,41.083661,9503.577206,-102.318034,0.049505,False,False,False,False,True,True,True,1-circle,-1.000000,3792.181288,-19610.001739,-1.704322,-0.520742,100.000000,100.000000,0.000000,0.000000,2,4,4,0.0000,0.0000,0.0000,0.5000,"Accelerate",-0.105108
829,A0100,pursuit_chase_v1,UNKNOWN,14932.706991,29760.660607,2639.339393,2284.670972,-32315.736366,14901.312973,547.783337,28185.338256,41.083661,9503.577206,-102.318034,0.049505,False,False,False,False,True,True,True,1-circle,-1.000000,3792.181288,-19610.001739,-1.704322,-0.520742,100.000000,100.000000,0.000000,0.000000,2,4,4,0.0000,0.0000,0.0000,0.5000,"PursuitChaseOptimal",0.101815
829,B0100,aggressive,UNKNOWN,14932.706991,29760.660607,2639.339393,2284.670972,-32315.736366,14901.312973,547.783337,28185.338256,41.083661,9503.577206,-102.318034,0.049505,False,False,False,False,True,True,True,1-circle,-1.000000,3792.181288,-19610.001739,-1.704322,-0.520742,100.000000,100.000000,0.000000,0.000000,2,4,4,0.0000,0.0000,0.0000,0.5000,"Accelerate",-0.099441
830,A0100,pursuit_chase_v1,UNKNOWN,14952.738588,29754.138533,2645.861467,2241.903112,-32332.434836,14900.526226,548.058149,28197.883481,250.904508,9479.891709,-102.453400,0.008829,False,False,False,False,True,True,True,1-circle,-1.000000,3800.879674,-19358.237887,-0.304182,-0.474761,100.000000,100.000000,0.000000,0.000000,2,4,4,0.0000,0.0000,0.0000,0.5000,"PursuitChaseOptimal",0.096459
830,B0100,aggressive,UNKNOWN,14952.738588,29754.138533,2645.861467,2241.903112,-32332.434836,14900.526226,548.058149,28197.883481,250.904508,9479.891709,-102.453400,0.008829,False,False,False,False,True,True,True,1-circle,-1.000000,3800.879674,-19358.237887,-0.304182,-0.474761,100.000000,100.000000,0.000000,0.000000,2,4,4,0.0000,0.0000,0.0000,0.5000,"Accelerate",-0.093680
831,A0100,pursuit_chase_v1,UNKNOWN,14952.738588,29754.138533,2645.861467,2241.903112,-32332.434836,14900.526226,548.058149,28197.883481,250.904508,9479.891709,-102.453400,0.008829,False,False,False,False,True,True,True,1-circle,-1.000000,3800.879674,-19358.237887,-0.304182,-0.474761,100.000000,100.000000,0.000000,0.000000,2,4,4,0.0000,0.0000,0.0000,0.5000,"PursuitChaseOptimal",0.094698
831,B0100,aggressive,UNKNOWN,14952.738588,29754.138533,2645.861467,2241.903112,-32332.434836,14900.526226,548.058149,28197.883481,250.904508,9479.891709,-102.453400,0.008829,False,False,False,False,True,True,True,1-circle,-1.000000,3800.879674,-19358.237887,-0.304182,-0.474761,100.000000,100.000000,0.000000,0.000000,2,4,4,0.0000,0.0000,0.0000,0.5000,"Accelerate",-0.091258
832,A0100,pursuit_chase_v1,UNKNOWN,14972.633221,29744.420124,2655.579876,2205.903712,-32349.708010,14899.631913,548.315124,28209.461931,231.569007,9464.857856,-102.682804,0.080179,False,False,False,False,True,True,True,1-circle,-1.000000,3808.908042,-18806.206881,2.761438,-0.789515,100.000000,100.000000,0.000000,0.000000,2,4,4,0.0000,0.0000,0.0000,0.5000,"PursuitChaseOptimal",0.110401
832,B0100,aggressive,UNKNOWN,14972.633221,29744.420124,2655.579876,2205.903712,-32349.708010,14899.631913,548.315124,28209.461931,231.569007,9464.857856,-102.682804,0.080179,False,False,False,False,True,True,True,1-circle,-1.000000,3808.908042,-18806.206881,2.761438,-0.789515,100.000000,100.000000,0.000000,0.000000,2,4,4,0.0000,0.0000,0.0000,0.5000,"Accelerate",-0.105185
833,A0100,pursuit_chase_v1,UNKNOWN,14972.633221,29744.420124,2655.579876,2205.903712,-32349.708010,14899.631913,548.315124,28209.461931,231.569007,9464.857856,-102.682804,0.080179,False,False,False,False,True,True,True,1-circle,-1.000000,3808.908042,-18806.206881,2.761438,-0.789515,100.000000,100.000000,0.000000,0.000000,2,4,4,0.0000,0.0000,0.0000,0.5000,"PursuitChaseOptimal",0.137089
833,B0100,aggressive,UNKNOWN,14972.633221,29744.420124,2655.579876,2205.903712,-32349.708010,14899.631913,548.315124,28209.461931,231.569007,9464.857856,-102.682804,0.080179,False,False,False,False,True,True,True,1-circle,-1.000000,3808.908042,-18806.206881,2.761438,-0.789515,100.000000,100.000000,0.000000,0.000000,2,4,4,0.0000,0.0000,0.0000,0.5000,"Accelerate",-0.129462
834,A0100,pursuit_chase_v1,UNKNOWN,14992.389032,29757.100678,2642.899322,2161.862691,-32363.933742,14898.765670,548.345166,28210.054163,11.844633,9436.937076,-103.347342,0.011176,False,False,False,False,True,True,True,1-circle,-1.000000,3816.103011,-19233.107534,0.385209,-0.550875,100.000000,100.000000,0.000000,0.000000,2,4,4,0.0000,0.0000,0.0000,0.5000,"PursuitChaseOptimal",0.148991
834,B0100,aggressive,UNKNOWN,14992.389032,29757.100678,2642.899322,2161.862691,-32363.933742,14898.765670,548.345166,28210.054163,11.844633,9436.937076,-103.347342,0.011176,False,False,False,False,True,True,True,1-circle,-1.000000,3816.103011,-19233.107534,0.385209,-0.550875,100.000000,100.000000,0.000000,0.000000,2,4,4,0.0000,0.0000,0.0000,0.5000,"Accelerate",-0.139853
835,A0100,pursuit_chase_v1,UNKNOWN,14992.389032,29757.100678,2642.899322,2161.862691,-32363.933742,14898.765670,548.345166,28210.054163,11.844633,9436.937076,-103.347342,0.011176,False,False,False,False,True,True,True,1-circle,-1.000000,3816.103011,-19233.107534,0.385209,-0.550875,100.000000,100.000000,0.000000,0.000000,2,4,4,0.0000,0.0000,0.0000,0.5000,"PursuitChaseOptimal",0.146052
835,B0100,aggressive,UNKNOWN,14992.389032,29757.100678,2642.899322,2161.862691,-32363.933742,14898.765670,548.345166,28210.054163,11.844633,9436.937076,-103.347342,0.011176,False,False,False,False,True,True,True,1-circle,-1.000000,3816.103011,-19233.107534,0.385209,-0.550875,100.000000,100.000000,0.000000,0.000000,2,4,4,0.0000,0.0000,0.0000,0.5000,"Accelerate",-0.136441
836,A0100,pursuit_chase_v1,UNKNOWN,15011.994093,29765.732582,2634.267418,2123.222910,-32379.732590,14898.059141,548.496367,28216.689593,132.708597,9417.848098,-104.423766,0.035779,False,False,False,False,True,True,True,1-circle,-1.000000,3822.069548,-19522.730385,-1.233396,-0.318456,100.000000,100.000000,0.000000,0.000000,2,4,4,0.0000,0.0000,0.0000,0.5000,"PursuitChaseOptimal",0.154584
836,B0100,aggressive,UNKNOWN,15011.994093,29765.732582,2634.267418,2123.222910,-32379.732590,14898.059141,548.496367,28216.689593,132.708597,9417.848098,-104.423766,0.035779,False,False,False,False,True,True,True,1-circle,-1.000000,3822.069548,-19522.730385,-1.233396,-0.318456,100.000000,100.000000,0.000000,0.000000,2,4,4,0.0000,0.0000,0.0000,0.5000,"Accelerate",-0.143875
837,A0100,pursuit_chase_v1,UNKNOWN,15011.994093,29765.732582,2634.267418,2123.222910,-32379.732590,14898.059141,548.496367,28216.689593,132.708597,9417.848098,-104.423766,0.035779,False,False,False,False,True,True,True,1-circle,-1.000000,3822.069548,-19522.730385,-1.233396,-0.318456,100.000000,100.000000,0.000000,0.000000,2,4,4,0.0000,0.0000,0.0000,0.5000,"PursuitChaseOptimal",0.132920
837,B0100,aggressive,UNKNOWN,15011.994093,29765.732582,2634.267418,2123.222910,-32379.732590,14898.059141,548.496367,28216.689593,132.708597,9417.848098,-104.423766,0.035779,False,False,False,False,True,True,True,1-circle,-1.000000,3822.069548,-19522.730385,-1.233396,-0.318456,100.000000,100.000000,0.000000,0.000000,2,4,4,0.0000,0.0000,0.0000,0.5000,"Accelerate",-0.122770
838,A0100,pursuit_chase_v1,UNKNOWN,15031.500054,29756.411955,2643.588045,2098.595270,-32396.651719,14897.325746,548.809480,28231.166616,289.540467,9402.506474,-105.333635,0.040743,False,False,False,False,True,True,True,1-circle,-1.000000,3826.949591,-19045.261912,1.405165,-0.578952,100.000000,100.000000,0.000000,0.000000,2,4,4,0.0000,0.0000,0.0000,0.5000,"PursuitChaseOptimal",0.111702
838,B0100,aggressive,UNKNOWN,15031.500054,29756.411955,2643.588045,2098.595270,-32396.651719,14897.325746,548.809480,28231.166616,289.540467,9402.506474,-105.333635,0.040743,False,False,False,False,True,True,True,1-circle,-1.000000,3826.949591,-19045.261912,1.405165,-0.578952,100.000000,100.000000,0.000000,0.000000,2,4,4,0.0000,0.0000,0.0000,0.5000,"Accelerate",-0.102205
839,A0100,pursuit_chase_v1,UNKNOWN,15031.500054,29756.411955,2643.588045,2098.595270,-32396.651719,14897.325746,548.809480,28231.166616,289.540467,9402.506474,-105.333635,0.040743,False,False,False,False,True,True,True,1-circle,-1.000000,3826.949591,-19045.261912,1.405165,-0.578952,100.000000,100.000000,0.000000,0.000000,2,4,4,0.0000,0.0000,0.0000,0.5000,"PursuitChaseOptimal",0.098067
839,B0100,aggressive,UNKNOWN,15031.500054,29756.411955,2643.588045,2098.595270,-32396.651719,14897.325746,548.809480,28231.166616,289.540467,9402.506474,-105.333635,0.040743,False,False,False,False,True,True,True,1-circle,-1.000000,3826.949591,-19045.261912,1.405165,-0.578952,100.000000,100.000000,0.000000,0.000000,2,4,4,0.0000,0.0000,0.0000,0.5000,"Accelerate",-0.089112
840,A0100,pursuit_chase_v1,UNKNOWN,15050.914189,29760.542408,2639.457592,2083.571542,32392.107592,14896.560087,548.884783,28234.060305,57.873777,9377.832758,-105.956417,0.022008,False,False,False,False,True,True,True,1-circle,1.000000,3830.941541,-19431.674119,-0.759217,-0.642643,100.000000,100.000000,0.000000,0.000000,2,4,4,0.0000,0.0000,0.0000,0.5000,"PursuitChaseOptimal",0.101844
840,B0100,aggressive,UNKNOWN,15050.914189,29760.542408,2639.457592,2083.571542,32392.107592,14896.560087,548.884783,28234.060305,57.873777,9377.832758,-105.956417,0.022008,False,False,False,False,True,True,True,1-circle,1.000000,3830.941541,-19431.674119,-0.759217,-0.642643,100.000000,100.000000,0.000000,0.000000,2,4,4,0.0000,0.0000,0.0000,0.5000,"Accelerate",-0.092580
841,A0100,pursuit_chase_v1,UNKNOWN,15050.914189,29760.542408,2639.457592,2083.571542,32392.107592,14896.560087,548.884783,28234.060305,57.873777,9377.832758,-105.956417,0.022008,False,False,False,False,True,True,True,1-circle,1.000000,3830.941541,-19431.674119,-0.759217,-0.642643,100.000000,100.000000,0.000000,0.000000,2,4,4,0.0000,0.0000,0.0000,0.5000,"PursuitChaseOptimal",0.103542
841,B0100,aggressive,UNKNOWN,15050.914189,29760.542408,2639.457592,2083.571542,32392.107592,14896.560087,548.884783,28234.060305,57.873777,9377.832758,-105.956417,0.022008,False,False,False,False,True,True,True,1-circle,1.000000,3830.941541,-19431.674119,-0.759217,-0.642643,100.000000,100.000000,0.000000,0.000000,2,4,4,0.0000,0.0000,0.0000,0.5000,"Accelerate",-0.094089
842,A0100,pursuit_chase_v1,UNKNOWN,15070.239370,29749.443241,2650.556759,2073.986587,32374.427473,14895.769335,549.211493,28249.151901,301.831923,9356.535529,-106.488160,0.019757,False,False,False,False,True,True,True,1-circle,1.000000,3834.186949,-19168.547736,0.681961,-0.519405,100.000000,100.000000,0.000000,0.000000,2,4,4,0.0000,0.0000,0.0000,0.5000,"PursuitChaseOptimal",0.080029
842,B0100,aggressive,UNKNOWN,15070.239370,29749.443241,2650.556759,2073.986587,32374.427473,14895.769335,549.211493,28249.151901,301.831923,9356.535529,-106.488160,0.019757,False,False,False,False,True,True,True,1-circle,1.000000,3834.186949,-19168.547736,0.681961,-0.519405,100.000000,100.000000,0.000000,0.000000,2,4,4,0.0000,0.0000,0.0000,0.5000,"Accelerate",-0.072177
843,A0100,pursuit_chase_v1,UNKNOWN,15070.239370,29749.443241,2650.556759,2073.986587,32374.427473,14895.769335,549.211493,28249.151901,301.831923,9356.535529,-106.488160,0.019757,False,False,False,False,True,True,True,1-circle,1.000000,3834.186949,-19168.547736,0.681961,-0.519405,100.000000,100.000000,0.000000,0.000000,2,4,4,0.0000,0.0000,0.0000,0.5000,"PursuitChaseOptimal",0.065377
843,B0100,aggressive,UNKNOWN,15070.239370,29749.443241,2650.556759,2073.986587,32374.427473,14895.769335,549.211493,28249.151901,301.831923,9356.535529,-106.488160,0.019757,False,False,False,False,True,True,True,1-circle,1.000000,3834.186949,-19168.547736,0.681961,-0.519405,100.000000,100.000000,0.000000,0.000000,2,4,4,0.0000,0.0000,0.0000,0.5000,"Accelerate",-0.058271
844,A0100,pursuit_chase_v1,UNKNOWN,15089.486462,29750.144216,2649.855784,2067.485311,32358.737136,14894.869331,549.358020,28255.378096,124.523884,9326.492613,-106.789038,0.042781,False,False,False,False,True,True,True,1-circle,1.000000,3836.841778,-19021.351439,1.476752,-0.717229,100.000000,100.000000,0.000000,0.000000,2,3,4,0.0000,0.0000,0.0000,0.5000,"PursuitChaseOptimal",0.044620
844,B0100,aggressive,UNKNOWN,15089.486462,29750.144216,2649.855784,2067.485311,32358.737136,14894.869331,549.358020,28255.378096,124.523884,9326.492613,-106.789038,0.042781,False,False,False,False,True,True,True,1-circle,1.000000,3836.841778,-19021.351439,1.476752,-0.717229,100.000000,100.000000,0.000000,0.000000,2,4,4,0.0000,0.0000,0.0000,0.5000,"Accelerate",-0.039565
845,A0100,pursuit_chase_v1,UNKNOWN,15089.486462,29750.144216,2649.855784,2067.485311,32358.737136,14894.869331,549.358020,28255.378096,124.523884,9326.492613,-106.789038,0.042781,False,False,False,False,True,True,True,1-circle,1.000000,3836.841778,-19021.351439,1.476752,-0.717229,100.000000,100.000000,0.000000,0.000000,2,3,4,0.0000,0.0000,0.0000,0.5000,"PursuitChaseOptimal",0.025761
845,B0100,aggressive,UNKNOWN,15089.486462,29750.144216,2649.855784,2067.485311,32358.737136,14894.869331,549.358020,28255.378096,124.523884,9326.492613,-106.789038,0.042781,False,False,False,False,True,True,True,1-circle,1.000000,3836.841778,-19021.351439,1.476752,-0.717229,100.000000,100.000000,0.000000,0.000000,2,4,4,0.0000,0.0000,0.0000,0.5000,"Accelerate",-0.023154
846,A0100,pursuit_chase_v1,UNKNOWN,15108.654974,29753.424907,2646.575093,2064.511439,32342.900811,14894.023270,549.574600,28265.068667,193.811439,9309.323913,-107.044890,0.000114,False,False,False,False,True,True,True,1-circle,1.000000,3838.982817,-19283.379593,-0.003926,-0.425369,100.000000,100.000000,0.000000,0.000000,2,3,4,0.0000,0.0000,0.0000,0.5000,"PursuitChaseOptimal",0.004172
846,B0100,aggressive,UNKNOWN,15108.654974,29753.424907,2646.575093,2064.511439,32342.900811,14894.023270,549.574600,28265.068667,193.811439,9309.323913,-107.044890,0.000114,False,False,False,False,True,True,True,1-circle,1.000000,3838.982817,-19283.379593,-0.003926,-0.425369,100.000000,100.000000,0.000000,0.000000,2,4,4,0.0000,0.0000,0.0000,0.5000,"Accelerate",-0.004081
847,A0100,pursuit_chase_v1,UNKNOWN,15108.654974,29753.424907,2646.575093,2064.511439,32342.900811,14894.023270,549.574600,28265.068667,193.811439,9309.323913,-107.044890,0.000114,False,False,False,False,True,True,True,1-circle,1.000000,3838.982817,-19283.379593,-0.003926,-0.425369,100.000000,100.000000,0.000000,0.000000,2,3,4,0.0000,0.0000,0.0000,0.5000,"PursuitChaseOptimal",-0.015835
847,B0100,aggressive,UNKNOWN,15108.654974,29753.424907,2646.575093,2064.511439,32342.900811,14894.023270,549.574600,28265.068667,193.811439,9309.323913,-107.044890,0.000114,False,False,False,False,True,True,True,1-circle,1.000000,3838.982817,-19283.379593,-0.003926,-0.425369,100.000000,100.000000,0.000000,0.000000,2,4,4,0.0000,0.0000,0.0000,0.5000,"Accelerate",0.014209
848,A0100,pursuit_chase_v1,UNKNOWN,15127.801786,29753.155684,2646.844316,2062.659709,32328.009156,14893.130163,549.765498,28273.466192,167.950495,9301.701363,-106.995130,0.006343,False,False,False,False,True,True,True,1-circle,1.000000,3840.990870,-19238.660914,0.219146,-0.690480,100.000000,100.000000,0.000000,0.000000,2,3,4,0.0000,0.0000,0.0000,0.5000,"PursuitChaseOptimal",-0.031397
848,B0100,aggressive,UNKNOWN,15127.801786,29753.155684,2646.844316,2062.659709,32328.009156,14893.130163,549.765498,28273.466192,167.950495,9301.701363,-106.995130,0.006343,False,False,False,False,True,True,True,1-circle,1.000000,3840.990870,-19238.660914,0.219146,-0.690480,100.000000,100.000000,0.000000,0.000000,2,4,4,0.0000,0.0000,0.0000,0.5000,"Accelerate",0.028230
849,A0100,pursuit_chase_v1,UNKNOWN,15127.801786,29753.155684,2646.844316,2062.659709,32328.009156,14893.130163,549.765498,28273.466192,167.950495,9301.701363,-106.995130,0.006343,False,False,False,False,True,True,True,1-circle,1.000000,3840.990870,-19238.660914,0.219146,-0.690480,100.000000,100.000000,0.000000,0.000000,2,3,4,0.0000,0.0000,0.0000,0.5000,"PursuitChaseOptimal",-0.042009
849,B0100,aggressive,UNKNOWN,15127.801786,29753.155684,2646.844316,2062.659709,32328.009156,14893.130163,549.765498,28273.466192,167.950495,9301.701363,-106.995130,0.006343,False,False,False,False,True,True,True,1-circle,1.000000,3840.990870,-19238.660914,0.219146,-0.690480,100.000000,100.000000,0.000000,0.000000,2,4,4,0.0000,0.0000,0.0000,0.5000,"Accelerate",0.037291
850,A0100,pursuit_chase_v1,UNKNOWN,15146.937066,29756.246727,2643.753273,2055.777057,32312.771264,14892.284563,549.928982,28280.579622,142.268594,9306.553284,-106.818031,0.039713,False,False,False,False,True,True,True,1-circle,1.000000,3843.043729,-19520.592682,-1.372177,-0.479293,100.000000,100.000000,0.000000,0.000000,2,3,4,0.0000,0.0000,0.0000,0.5000,"PursuitChaseOptimal",-0.045515
850,B0100,aggressive,UNKNOWN,15146.937066,29756.246727,2643.753273,2055.777057,32312.771264,14892.284563,549.928982,28280.579622,142.268594,9306.553284,-106.818031,0.039713,False,False,False,False,True,True,True,1-circle,1.000000,3843.043729,-19520.592682,-1.372177,-0.479293,100.000000,100.000000,0.000000,0.000000,2,4,4,0.0000,0.0000,0.0000,0.5000,"Accelerate",0.040048
851,A0100,pursuit_chase_v1,UNKNOWN,15146.937066,29756.246727,2643.753273,2055.777057,32312.771264,14892.284563,549.928982,28280.579622,142.268594,9306.553284,-106.818031,0.039713,False,False,False,False,True,True,True,1-circle,1.000000,3843.043729,-19520.592682,-1.372177,-0.479293,100.000000,100.000000,0.000000,0.000000,2,3,4,0.0000,0.0000,0.0000,0.5000,"PursuitChaseOptimal",-0.030788
851,B0100,aggressive,UNKNOWN,15146.937066,29756.246727,2643.753273,2055.777057,32312.771264,14892.284563,549.928982,28280.579622,142.268594,9306.553284,-106.818031,0.039713,False,False,False,False,True,True,True,1-circle,1.000000,3843.043729,-19520.592682,-1.372177,-0.479293,100.000000,100.000000,0.000000,0.000000,2,4,4,0.0000,0.0000,0.0000,0.5000,"Accelerate",0.027299
852,A0100,pursuit_chase_v1,UNKNOWN,15166.120673,29746.020843,2653.979157,2036.422583,32296.325313,14891.348783,550.245412,28295.055562,289.518795,9330.627985,-106.457436,0.037701,False,False,False,False,True,True,True,1-circle,1.000000,3845.484384,-19034.813037,1.303374,-0.676720,100.000000,100.000000,0.000000,0.000000,2,3,4,0.0000,0.0000,0.0000,0.5000,"PursuitChaseOptimal",-0.019450
852,B0100,aggressive,UNKNOWN,15166.120673,29746.020843,2653.979157,2036.422583,32296.325313,14891.348783,550.245412,28295.055562,289.518795,9330.627985,-106.457436,0.037701,False,False,False,False,True,True,True,1-circle,1.000000,3845.484384,-19034.813037,1.303374,-0.676720,100.000000,100.000000,0.000000,0.000000,2,4,4,0.0000,0.0000,0.0000,0.5000,"Accelerate",0.017697
853,A0100,pursuit_chase_v1,UNKNOWN,15166.120673,29746.020843,2653.979157,2036.422583,32296.325313,14891.348783,550.245412,28295.055562,289.518795,9330.627985,-106.457436,0.037701,False,False,False,False,True,True,True,1-circle,1.000000,3845.484384,-19034.813037,1.303374,-0.676720,100.000000,100.000000,0.000000,0.000000,2,3,4,0.0000,0.0000,0.0000,0.5000,"PursuitChaseOptimal",-0.009012
853,B0100,aggressive,UNKNOWN,15166.120673,29746.020843,2653.979157,2036.422583,32296.325313,14891.348783,550.245412,28295.055562,289.518795,9330.627985,-106.457436,0.037701,False,False,False,False,True,True,True,1-circle,1.000000,3845.484384,-19034.813037,1.303374,-0.676720,100.000000,100.000000,0.000000,0.000000,2,4,4,0.0000,0.0000,0.0000,0.5000,"Accelerate",0.008376
854,A0100,pursuit_chase_v1,UNKNOWN,15185.308365,29754.459226,2645.540774,2008.386029,32285.553462,14890.408037,550.326062,28298.044281,59.774393,9336.974190,-106.089846,0.025171,False,False,False,False,True,True,True,1-circle,1.000000,3848.210436,-19422.173598,-0.870369,-0.570740,100.000000,100.000000,0.000000,0.000000,2,3,4,0.0000,0.0000,0.0000,0.5000,"PursuitChaseOptimal",0.000934
854,B0100,aggressive,UNKNOWN,15185.308365,29754.459226,2645.540774,2008.386029,32285.553462,14890.408037,550.326062,28298.044281,59.774393,9336.974190,-106.089846,0.025171,False,False,False,False,True,True,True,1-circle,1.000000,3848.210436,-19422.173598,-0.870369,-0.570740,100.000000,100.000000,0.000000,0.000000,2,4,4,0.0000,0.0000,0.0000,0.5000,"Accelerate",-0.001002
855,A0100,pursuit_chase_v1,UNKNOWN,15185.308365,29754.459226,2645.540774,2008.386029,32285.553462,14890.408037,550.326062,28298.044281,59.774393,9336.974190,-106.089846,0.025171,False,False,False,False,True,True,True,1-circle,1.000000,3848.210436,-19422.173598,-0.870369,-0.570740,100.000000,100.000000,0.000000,0.000000,2,3,4,0.0000,0.0000,0.0000,0.5000,"PursuitChaseOptimal",0.009979
855,B0100,aggressive,UNKNOWN,15185.308365,29754.459226,2645.540774,2008.386029,32285.553462,14890.408037,550.326062,28298.044281,59.774393,9336.974190,-106.089846,0.025171,False,False,False,False,True,True,True,1-circle,1.000000,3848.210436,-19422.173598,-0.870369,-0.570740,100.000000,100.000000,0.000000,0.000000,2,4,4,0.0000,0.0000,0.0000,0.5000,"Accelerate",-0.009569
856,A0100,pursuit_chase_v1,UNKNOWN,15204.486754,29745.627745,2654.372255,1959.945565,32268.619443,14889.475342,550.656621,28313.223285,303.580074,9365.134339,-105.669309,0.017164,False,False,False,False,True,True,True,1-circle,1.000000,3851.155499,-19154.930586,0.593876,-0.537499,100.000000,100.000000,0.000000,0.000000,2,4,4,0.0000,0.0000,0.0000,0.5000,"PursuitChaseOptimal",0.026692
856,B0100,aggressive,UNKNOWN,15204.486754,29745.627745,2654.372255,1959.945565,32268.619443,14889.475342,550.656621,28313.223285,303.580074,9365.134339,-105.669309,0.017164,False,False,False,False,True,True,True,1-circle,1.000000,3851.155499,-19154.930586,0.593876,-0.537499,100.000000,100.000000,0.000000,0.000000,2,4,4,0.0000,0.0000,0.0000,0.5000,"Accelerate",-0.024137
857,A0100,pursuit_chase_v1,UNKNOWN,15204.486754,29745.627745,2654.372255,1959.945565,32268.619443,14889.475342,550.656621,28313.223285,303.580074,9365.134339,-105.669309,0.017164,False,False,False,False,True,True,True,1-circle,1.000000,3851.155499,-19154.930586,0.593876,-0.537499,100.000000,100.000000,0.000000,0.000000,2,4,4,0.0000,0.0000,0.0000,0.5000,"PursuitChaseOptimal",0.036258
857,B0100,aggressive,UNKNOWN,15204.486754,29745.627745,2654.372255,1959.945565,32268.619443,14889.475342,550.656621,28313.223285,303.580074,9365.134339,-105.669309,0.017164,False,False,False,False,True,True,True,1-circle,1.000000,3851.155499,-19154.930586,0.593876,-0.537499,100.000000,100.000000,0.000000,0.000000,2,4,4,0.0000,0.0000,0.0000,0.5000,"Accelerate",-0.032134
858,A0100,pursuit_chase_v1,UNKNOWN,15223.640749,29748.057464,2651.942536,1893.395152,32254.092688,14888.461968,550.783282,28318.386029,103.254884,9372.902331,-104.966393,0.040193,False,False,False,False,True,True,True,1-circle,1.000000,3854.391982,-19008.139149,1.390696,-0.685912,100.000000,100.000000,0.000000,0.000000,2,4,4,0.0000,0.0000,0.0000,0.5000,"PursuitChaseOptimal",0.036234
858,B0100,aggressive,UNKNOWN,15223.640749,29748.057464,2651.942536,1893.395152,32254.092688,14888.461968,550.783282,28318.386029,103.254884,9372.902331,-104.966393,0.040193,False,False,False,False,True,True,True,1-circle,1.000000,3854.391982,-19008.139149,1.390696,-0.685912,100.000000,100.000000,0.000000,0.000000,2,4,4,0.0000,0.0000,0.0000,0.5000,"Accelerate",-0.032028
859,A0100,pursuit_chase_v1,UNKNOWN,15223.640749,29748.057464,2651.942536,1893.395152,32254.092688,14888.461968,550.783282,28318.386029,103.254884,9372.902331,-104.966393,0.040193,False,False,False,False,True,True,True,1-circle,1.000000,3854.391982,-19008.139149,1.390696,-0.685912,100.000000,100.000000,0.000000,0.000000,2,4,4,0.0000,0.0000,0.0000,0.5000,"PursuitChaseOptimal",0.039699
859,B0100,aggressive,UNKNOWN,15223.640749,29748.057464,2651.942536,1893.395152,32254.092688,14888.461968,550.783282,28318.386029,103.254884,9372.902331,-104.966393,0.040193,False,False,False,False,True,True,True,1-circle,1.000000,3854.391982,-19008.139149,1.390696,-0.685912,100.000000,100.000000,0.000000,0.000000,2,4,4,0.0000,0.0000,0.0000,0.5000,"Accelerate",-0.035494
860,A0100,pursuit_chase_v1,UNKNOWN,15242.678998,29752.272484,2647.727516,1831.883422,32239.826922,14887.528971,551.000814,28328.063461,193.548628,9371.471837,-104.299424,0.002517,False,False,False,False,True,True,True,1-circle,1.000000,3857.671863,-19270.930769,-0.087138,-0.409988,100.000000,100.000000,0.000000,0.000000,2,4,4,0.0000,0.0000,0.0000,0.5000,"PursuitChaseOptimal",0.040355
860,B0100,aggressive,UNKNOWN,15242.678998,29752.272484,2647.727516,1831.883422,32239.826922,14887.528971,551.000814,28328.063461,193.548628,9371.471837,-104.299424,0.002517,False,False,False,False,True,True,True,1-circle,1.000000,3857.671863,-19270.930769,-0.087138,-0.409988,100.000000,100.000000,0.000000,0.000000,2,4,4,0.0000,0.0000,0.0000,0.5000,"Accelerate",-0.036191
861,A0100,pursuit_chase_v1,UNKNOWN,15242.678998,29752.272484,2647.727516,1831.883422,32239.826922,14887.528971,551.000814,28328.063461,193.548628,9371.471837,-104.299424,0.002517,False,False,False,False,True,True,True,1-circle,1.000000,3857.671863,-19270.930769,-0.087138,-0.409988,100.000000,100.000000,0.000000,0.000000,2,4,4,0.0000,0.0000,0.0000,0.5000,"PursuitChaseOptimal",0.038222
861,B0100,aggressive,UNKNOWN,15242.678998,29752.272484,2647.727516,1831.883422,32239.826922,14887.528971,551.000814,28328.063461,193.548628,9371.471837,-104.299424,0.002517,False,False,False,False,True,True,True,1-circle,1.000000,3857.671863,-19270.930769,-0.087138,-0.409988,100.000000,100.000000,0.000000,0.000000,2,4,4,0.0000,0.0000,0.0000,0.5000,"Accelerate",-0.033763
862,A0100,pursuit_chase_v1,UNKNOWN,15261.613368,29752.346583,2647.653417,1792.930207,32226.900211,14886.569612,551.178459,28335.772028,154.171353,9352.066215,-103.679501,0.004171,False,False,False,False,True,True,True,1-circle,1.000000,3860.977785,-19226.142835,0.144443,-0.683927,100.000000,100.000000,0.000000,0.000000,2,4,4,0.0000,0.0000,0.0000,0.5000,"PursuitChaseOptimal",0.035367
862,B0100,aggressive,UNKNOWN,15261.613368,29752.346583,2647.653417,1792.930207,32226.900211,14886.569612,551.178459,28335.772028,154.171353,9352.066215,-103.679501,0.004171,False,False,False,False,True,True,True,1-circle,1.000000,3860.977785,-19226.142835,0.144443,-0.683927,100.000000,100.000000,0.000000,0.000000,2,4,4,0.0000,0.0000,0.0000,0.5000,"Accelerate",-0.031050
863,A0100,pursuit_chase_v1,UNKNOWN,15261.613368,29752.346583,2647.653417,1792.930207,32226.900211,14886.569612,551.178459,28335.772028,154.171353,9352.066215,-103.679501,0.004171,False,False,False,False,True,True,True,1-circle,1.000000,3860.977785,-19226.142835,0.144443,-0.683927,100.000000,100.000000,0.000000,0.000000,2,4,4,0.0000,0.0000,0.0000,0.5000,"PursuitChaseOptimal",0.034039
863,B0100,aggressive,UNKNOWN,15261.613368,29752.346583,2647.653417,1792.930207,32226.900211,14886.569612,551.178459,28335.772028,154.171353,9352.066215,-103.679501,0.004171,False,False,False,False,True,True,True,1-circle,1.000000,3860.977785,-19226.142835,0.144443,-0.683927,100.000000,100.000000,0.000000,0.000000,2,4,4,0.0000,0.0000,0.0000,0.5000,"Accelerate",-0.030283
864,A0100,pursuit_chase_v1,UNKNOWN,15280.389634,29755.512882,2644.487118,1777.629600,32213.657821,14885.674166,551.333360,28342.437088,133.301196,9312.328530,-103.182353,0.041710,False,False,False,False,True,True,True,1-circle,1.000000,3864.070904,-19508.953067,-1.444483,-0.472653,100.000000,100.000000,0.000000,0.000000,2,4,4,0.0000,0.0000,0.0000,0.5000,"PursuitChaseOptimal",0.035721
864,B0100,aggressive,UNKNOWN,15280.389634,29755.512882,2644.487118,1777.629600,32213.657821,14885.674166,551.333360,28342.437088,133.301196,9312.328530,-103.182353,0.041710,False,False,False,False,True,True,True,1-circle,1.000000,3864.070904,-19508.953067,-1.444483,-0.472653,100.000000,100.000000,0.000000,0.000000,2,4,4,0.0000,0.0000,0.0000,0.5000,"Accelerate",-0.032206
865,A0100,pursuit_chase_v1,UNKNOWN,15280.389634,29755.512882,2644.487118,1777.629600,32213.657821,14885.674166,551.333360,28342.437088,133.301196,9312.328530,-103.182353,0.041710,False,False,False,False,True,True,True,1-circle,1.000000,3864.070904,-19508.953067,-1.444483,-0.472653,100.000000,100.000000,0.000000,0.000000,2,4,4,0.0000,0.0000,0.0000,0.5000,"PursuitChaseOptimal",0.039737
865,B0100,aggressive,UNKNOWN,15280.389634,29755.512882,2644.487118,1777.629600,32213.657821,14885.674166,551.333360,28342.437088,133.301196,9312.328530,-103.182353,0.041710,False,False,False,False,True,True,True,1-circle,1.000000,3864.070904,-19508.953067,-1.444483,-0.472653,100.000000,100.000000,0.000000,0.000000,2,4,4,0.0000,0.0000,0.0000,0.5000,"Accelerate",-0.035330
866,A0100,pursuit_chase_v1,UNKNOWN,15299.031757,29745.279806,2654.720194,1782.699524,32199.081534,14884.699336,551.638353,28356.354704,278.352311,9265.841002,-102.753279,0.035929,False,False,False,False,True,True,True,1-circle,1.000000,3866.946699,-19021.528689,1.244974,-0.683251,100.000000,100.000000,0.000000,0.000000,2,4,4,0.0000,0.0000,0.0000,0.5000,"PursuitChaseOptimal",0.040434
866,B0100,aggressive,UNKNOWN,15299.031757,29745.279806,2654.720194,1782.699524,32199.081534,14884.699336,551.638353,28356.354704,278.352311,9265.841002,-102.753279,0.035929,False,False,False,False,True,True,True,1-circle,1.000000,3866.946699,-19021.528689,1.244974,-0.683251,100.000000,100.000000,0.000000,0.000000,2,4,4,0.0000,0.0000,0.0000,0.5000,"Accelerate",-0.035361
867,A0100,pursuit_chase_v1,UNKNOWN,15299.031757,29745.279806,2654.720194,1782.699524,32199.081534,14884.699336,551.638353,28356.354704,278.352311,9265.841002,-102.753279,0.035929,False,False,False,False,True,True,True,1-circle,1.000000,3866.946699,-19021.528689,1.244974,-0.683251,100.000000,100.000000,0.000000,0.000000,2,4,4,0.0000,0.0000,0.0000,0.5000,"PursuitChaseOptimal",0.041501
867,B0100,aggressive,UNKNOWN,15299.031757,29745.279806,2654.720194,1782.699524,32199.081534,14884.699336,551.638353,28356.354704,278.352311,9265.841002,-102.753279,0.035929,False,False,False,False,True,True,True,1-circle,1.000000,3866.946699,-19021.528689,1.244974,-0.683251,100.000000,100.000000,0.000000,0.000000,2,4,4,0.0000,0.0000,0.0000,0.5000,"Accelerate",-0.036206
868,A0100,pursuit_chase_v1,UNKNOWN,15317.501763,29754.161437,2645.838563,1788.573019,32189.941466,14883.727854,551.707396,28358.755663,48.019185,9204.130167,-102.385218,0.027224,False,False,False,False,True,True,True,1-circle,1.000000,3869.424624,-19411.861794,-0.943483,-0.573223,100.000000,100.000000,0.000000,0.000000,2,4,4,0.0000,0.0000,0.0000,0.5000,"PursuitChaseOptimal",0.042770
868,B0100,aggressive,UNKNOWN,15317.501763,29754.161437,2645.838563,1788.573019,32189.941466,14883.727854,551.707396,28358.755663,48.019185,9204.130167,-102.385218,0.027224,False,False,False,False,True,True,True,1-circle,1.000000,3869.424624,-19411.861794,-0.943483,-0.573223,100.000000,100.000000,0.000000,0.000000,2,4,4,0.0000,0.0000,0.0000,0.5000,"Accelerate",-0.037692
869,A0100,pursuit_chase_v1,UNKNOWN,15317.501763,29754.161437,2645.838563,1788.573019,32189.941466,14883.727854,551.707396,28358.755663,48.019185,9204.130167,-102.385218,0.027224,False,False,False,False,True,True,True,1-circle,1.000000,3869.424624,-19411.861794,-0.943483,-0.573223,100.000000,100.000000,0.000000,0.000000,2,4,4,0.0000,0.0000,0.0000,0.5000,"PursuitChaseOptimal",0.044102
869,B0100,aggressive,UNKNOWN,15317.501763,29754.161437,2645.838563,1788.573019,32189.941466,14883.727854,551.707396,28358.755663,48.019185,9204.130167,-102.385218,0.027224,False,False,False,False,True,True,True,1-circle,1.000000,3869.424624,-19411.861794,-0.943483,-0.573223,100.000000,100.000000,0.000000,0.000000,2,4,4,0.0000,0.0000,0.0000,0.5000,"Accelerate",-0.039250
870,A0100,pursuit_chase_v1,UNKNOWN,15335.813656,29745.727835,2654.272165,1787.785504,32174.213357,14882.770942,552.026818,28373.406522,293.017173,9161.828795,-102.044322,0.015443,False,False,False,False,True,True,True,1-circle,1.000000,3871.509907,-19141.793716,0.535522,-0.544899,100.000000,100.000000,0.000000,0.000000,2,4,4,0.0000,0.0000,0.0000,0.5000,"PursuitChaseOptimal",0.045357
870,B0100,aggressive,UNKNOWN,15335.813656,29745.727835,2654.272165,1787.785504,32174.213357,14882.770942,552.026818,28373.406522,293.017173,9161.828795,-102.044322,0.015443,False,False,False,False,True,True,True,1-circle,1.000000,3871.509907,-19141.793716,0.535522,-0.544899,100.000000,100.000000,0.000000,0.000000,2,4,4,0.0000,0.0000,0.0000,0.5000,"Accelerate",-0.039854
871,A0100,pursuit_chase_v1,UNKNOWN,15335.813656,29745.727835,2654.272165,1787.785504,32174.213357,14882.770942,552.026818,28373.406522,293.017173,9161.828795,-102.044322,0.015443,False,False,False,False,True,True,True,1-circle,1.000000,3871.509907,-19141.793716,0.535522,-0.544899,100.000000,100.000000,0.000000,0.000000,2,4,4,0.0000,0.0000,0.0000,0.5000,"PursuitChaseOptimal",0.053172
871,B0100,aggressive,UNKNOWN,15335.813656,29745.727835,2654.272165,1787.785504,32174.213357,14882.770942,552.026818,28373.406522,293.017173,9161.828795,-102.044322,0.015443,False,False,False,False,True,True,True,1-circle,1.000000,3871.509907,-19141.793716,0.535522,-0.544899,100.000000,100.000000,0.000000,0.000000,2,4,4,0.0000,0.0000,0.0000,0.5000,"Accelerate",-0.046070
872,A0100,pursuit_chase_v1,UNKNOWN,15353.988728,29748.897318,2651.102682,1787.255415,32160.522169,14881.738002,552.140412,28377.926270,90.394966,9106.769336,-101.732459,0.038304,False,False,False,False,True,True,True,1-circle,1.000000,3873.284921,-18995.047785,1.328321,-0.692015,100.000000,100.000000,0.000000,0.000000,2,4,4,0.0000,0.0000,0.0000,0.5000,"PursuitChaseOptimal",0.067718
872,B0100,aggressive,UNKNOWN,15353.988728,29748.897318,2651.102682,1787.255415,32160.522169,14881.738002,552.140412,28377.926270,90.394966,9106.769336,-101.732459,0.038304,False,False,False,False,True,True,True,1-circle,1.000000,3873.284921,-18995.047785,1.328321,-0.692015,100.000000,100.000000,0.000000,0.000000,2,4,4,0.0000,0.0000,0.0000,0.5000,"Accelerate",-0.058589
873,A0100,pursuit_chase_v1,UNKNOWN,15353.988728,29748.897318,2651.102682,1787.255415,32160.522169,14881.738002,552.140412,28377.926270,90.394966,9106.769336,-101.732459,0.038304,False,False,False,False,True,True,True,1-circle,1.000000,3873.284921,-18995.047785,1.328321,-0.692015,100.000000,100.000000,0.000000,0.000000,2,4,4,0.0000,0.0000,0.0000,0.5000,"PursuitChaseOptimal",0.059149
873,B0100,aggressive,UNKNOWN,15353.988728,29748.897318,2651.102682,1787.255415,32160.522169,14881.738002,552.140412,28377.926270,90.394966,9106.769336,-101.732459,0.038304,False,False,False,False,True,True,True,1-circle,1.000000,3873.284921,-18995.047785,1.328321,-0.692015,100.000000,100.000000,0.000000,0.000000,2,4,4,0.0000,0.0000,0.0000,0.5000,"Accelerate",-0.051409
874,A0100,pursuit_chase_v1,UNKNOWN,15371.986661,29754.128366,2645.871634,1789.789153,32146.541640,14880.790183,552.346218,28387.041538,182.305372,9049.101718,-101.598333,0.004459,False,False,False,False,True,True,True,1-circle,1.000000,3874.493476,-19257.572508,-0.154721,-0.415411,100.000000,100.000000,0.000000,0.000000,2,4,4,0.0000,0.0000,0.0000,0.5000,"PursuitChaseOptimal",0.053840
874,B0100,aggressive,UNKNOWN,15371.986661,29754.128366,2645.871634,1789.789153,32146.541640,14880.790183,552.346218,28387.041538,182.305372,9049.101718,-101.598333,0.004459,False,False,False,False,True,True,True,1-circle,1.000000,3874.493476,-19257.572508,-0.154721,-0.415411,100.000000,100.000000,0.000000,0.000000,2,4,4,0.0000,0.0000,0.0000,0.5000,"Accelerate",-0.046873
875,A0100,pursuit_chase_v1,UNKNOWN,15371.986661,29754.128366,2645.871634,1789.789153,32146.541640,14880.790183,552.346218,28387.041538,182.305372,9049.101718,-101.598333,0.004459,False,False,False,False,True,True,True,1-circle,1.000000,3874.493476,-19257.572508,-0.154721,-0.415411,100.000000,100.000000,0.000000,0.000000,2,4,4,0.0000,0.0000,0.0000,0.5000,"PursuitChaseOptimal",0.037093
875,B0100,aggressive,UNKNOWN,15371.986661,29754.128366,2645.871634,1789.789153,32146.541640,14880.790183,552.346218,28387.041538,182.305372,9049.101718,-101.598333,0.004459,False,False,False,False,True,True,True,1-circle,1.000000,3874.493476,-19257.572508,-0.154721,-0.415411,100.000000,100.000000,0.000000,0.000000,2,4,4,0.0000,0.0000,0.0000,0.5000,"Accelerate",-0.031861
876,A0100,pursuit_chase_v1,UNKNOWN,15389.833609,29755.455338,2644.544662,1787.215567,32133.654956,14879.819592,552.511493,28394.154916,142.267544,9000.517787,-101.258515,0.002357,False,False,False,False,True,True,True,1-circle,1.000000,3875.281824,-19210.310733,0.081787,-0.691143,100.000000,100.000000,0.000000,0.000000,2,4,4,0.0000,0.0000,0.0000,0.5000,"PursuitChaseOptimal",0.025348
876,B0100,aggressive,UNKNOWN,15389.833609,29755.455338,2644.544662,1787.215567,32133.654956,14879.819592,552.511493,28394.154916,142.267544,9000.517787,-101.258515,0.002357,False,False,False,False,True,True,True,1-circle,1.000000,3875.281824,-19210.310733,0.081787,-0.691143,100.000000,100.000000,0.000000,0.000000,2,4,4,0.0000,0.0000,0.0000,0.5000,"Accelerate",-0.021563
877,A0100,pursuit_chase_v1,UNKNOWN,15389.833609,29755.455338,2644.544662,1787.215567,32133.654956,14879.819592,552.511493,28394.154916,142.267544,9000.517787,-101.258515,0.002357,False,False,False,False,True,True,True,1-circle,1.000000,3875.281824,-19210.310733,0.081787,-0.691143,100.000000,100.000000,0.000000,0.000000,2,4,4,0.0000,0.0000,0.0000,0.5000,"PursuitChaseOptimal",0.010508
877,B0100,aggressive,UNKNOWN,15389.833609,29755.455338,2644.544662,1787.215567,32133.654956,14879.819592,552.511493,28394.154916,142.267544,9000.517787,-101.258515,0.002357,False,False,False,False,True,True,True,1-circle,1.000000,3875.281824,-19210.310733,0.081787,-0.691143,100.000000,100.000000,0.000000,0.000000,2,4,4,0.0000,0.0000,0.0000,0.5000,"Accelerate",-0.009194
878,A0100,pursuit_chase_v1,UNKNOWN,15407.539393,29759.894441,2640.105559,1784.950867,32120.208544,14878.916452,552.653979,28400.223071,121.363116,8963.729865,-100.953910,0.043499,False,False,False,False,True,True,True,1-circle,1.000000,3875.743568,-19491.874560,-1.509625,-0.476184,100.000000,100.000000,0.000000,0.000000,2,4,4,0.0000,0.0000,0.0000,0.5000,"PursuitChaseOptimal",-0.009075
878,B0100,aggressive,UNKNOWN,15407.539393,29759.894441,2640.105559,1784.950867,32120.208544,14878.916452,552.653979,28400.223071,121.363116,8963.729865,-100.953910,0.043499,False,False,False,False,True,True,True,1-circle,1.000000,3875.743568,-19491.874560,-1.509625,-0.476184,100.000000,100.000000,0.000000,0.000000,2,4,4,0.0000,0.0000,0.0000,0.5000,"Accelerate",0.007204
879,A0100,pursuit_chase_v1,UNKNOWN,15407.539393,29759.894441,2640.105559,1784.950867,32120.208544,14878.916452,552.653979,28400.223071,121.363116,8963.729865,-100.953910,0.043499,False,False,False,False,True,True,True,1-circle,1.000000,3875.743568,-19491.874560,-1.509625,-0.476184,100.000000,100.000000,0.000000,0.000000,2,4,4,0.0000,0.0000,0.0000,0.5000,"PursuitChaseOptimal",-0.024734
879,B0100,aggressive,UNKNOWN,15407.539393,29759.894441,2640.105559,1784.950867,32120.208544,14878.916452,552.653979,28400.223071,121.363116,8963.729865,-100.953910,0.043499,False,False,False,False,True,True,True,1-circle,1.000000,3875.743568,-19491.874560,-1.509625,-0.476184,100.000000,100.000000,0.000000,0.000000,2,4,4,0.0000,0.0000,0.0000,0.5000,"Accelerate",0.021097
880,A0100,pursuit_chase_v1,UNKNOWN,15425.191483,29750.738594,2649.261406,1785.413208,32105.483290,14877.936829,552.947362,28413.603152,267.601608,8953.430368,-100.662689,0.034330,False,False,False,False,True,True,True,1-circle,1.000000,3876.194445,-19000.692211,1.192110,-0.687392,100.000000,100.000000,0.000000,0.000000,2,4,4,0.0000,0.0000,0.0000,0.5000,"PursuitChaseOptimal",-0.020231
880,B0100,aggressive,UNKNOWN,15425.191483,29750.738594,2649.261406,1785.413208,32105.483290,14877.936829,552.947362,28413.603152,267.601608,8953.430368,-100.662689,0.034330,False,False,False,False,True,True,True,1-circle,1.000000,3876.194445,-19000.692211,1.192110,-0.687392,100.000000,100.000000,0.000000,0.000000,2,4,4,0.0000,0.0000,0.0000,0.5000,"Accelerate",0.017739
881,A0100,pursuit_chase_v1,UNKNOWN,15425.191483,29750.738594,2649.261406,1785.413208,32105.483290,14877.936829,552.947362,28413.603152,267.601608,8953.430368,-100.662689,0.034330,False,False,False,False,True,True,True,1-circle,1.000000,3876.194445,-19000.692211,1.192110,-0.687392,100.000000,100.000000,0.000000,0.000000,2,4,4,0.0000,0.0000,0.0000,0.5000,"PursuitChaseOptimal",-0.006971
881,B0100,aggressive,UNKNOWN,15425.191483,29750.738594,2649.261406,1785.413208,32105.483290,14877.936829,552.947362,28413.603152,267.601608,8953.430368,-100.662689,0.034330,False,False,False,False,True,True,True,1-circle,1.000000,3876.194445,-19000.692211,1.192110,-0.687392,100.000000,100.000000,0.000000,0.000000,2,4,4,0.0000,0.0000,0.0000,0.5000,"Accelerate",0.006320
882,A0100,pursuit_chase_v1,UNKNOWN,15442.794740,29760.555746,2639.444254,1788.592644,32096.335499,14876.962957,553.003205,28415.363398,35.204920,8924.542387,-100.342105,0.029181,False,False,False,False,True,True,True,1-circle,1.000000,3876.695055,-19392.882535,-1.013430,-0.578042,100.000000,100.000000,0.000000,0.000000,2,3,4,0.0000,0.0000,0.0000,0.5000,"PursuitChaseOptimal",-0.010061
882,B0100,aggressive,UNKNOWN,15442.794740,29760.555746,2639.444254,1788.592644,32096.335499,14876.962957,553.003205,28415.363398,35.204920,8924.542387,-100.342105,0.029181,False,False,False,False,True,True,True,1-circle,1.000000,3876.695055,-19392.882535,-1.013430,-0.578042,100.000000,100.000000,0.000000,0.000000,2,4,4,0.0000,0.0000,0.0000,0.5000,"Accelerate",0.008571
883,A0100,pursuit_chase_v1,UNKNOWN,15442.794740,29760.555746,2639.444254,1788.592644,32096.335499,14876.962957,553.003205,28415.363398,35.204920,8924.542387,-100.342105,0.029181,False,False,False,False,True,True,True,1-circle,1.000000,3876.695055,-19392.882535,-1.013430,-0.578042,100.000000,100.000000,0.000000,0.000000,2,3,4,0.0000,0.0000,0.0000,0.5000,"PursuitChaseOptimal",-0.022321
883,B0100,aggressive,UNKNOWN,15442.794740,29760.555746,2639.444254,1788.592644,32096.335499,14876.962957,553.003205,28415.363398,35.204920,8924.542387,-100.342105,0.029181,False,False,False,False,True,True,True,1-circle,1.000000,3876.695055,-19392.882535,-1.013430,-0.578042,100.000000,100.000000,0.000000,0.000000,2,4,4,0.0000,0.0000,0.0000,0.5000,"Accelerate",0.018717
884,A0100,pursuit_chase_v1,UNKNOWN,15460.342662,29752.622990,2647.377010,1789.480363,32080.542492,14876.005807,553.310823,28429.472379,282.179627,8913.008613,-100.090961,0.013761,False,False,False,False,True,True,True,1-circle,1.000000,3877.136356,-19119.561774,0.478203,-0.549479,100.000000,100.000000,0.000000,0.000000,2,3,4,0.0000,0.0000,0.0000,0.5000,"PursuitChaseOptimal",-0.035236
884,B0100,aggressive,UNKNOWN,15460.342662,29752.622990,2647.377010,1789.480363,32080.542492,14876.005807,553.310823,28429.472379,282.179627,8913.008613,-100.090961,0.013761,False,False,False,False,True,True,True,1-circle,1.000000,3877.136356,-19119.561774,0.478203,-0.549479,100.000000,100.000000,0.000000,0.000000,2,4,4,0.0000,0.0000,0.0000,0.5000,"Accelerate",0.030356
885,A0100,pursuit_chase_v1,UNKNOWN,15460.342662,29752.622990,2647.377010,1789.480363,32080.542492,14876.005807,553.310823,28429.472379,282.179627,8913.008613,-100.090961,0.013761,False,False,False,False,True,True,True,1-circle,1.000000,3877.136356,-19119.561774,0.478203,-0.549479,100.000000,100.000000,0.000000,0.000000,2,3,4,0.0000,0.0000,0.0000,0.5000,"PursuitChaseOptimal",-0.047803
885,B0100,aggressive,UNKNOWN,15460.342662,29752.622990,2647.377010,1789.480363,32080.542492,14876.005807,553.310823,28429.472379,282.179627,8913.008613,-100.090961,0.013761,False,False,False,False,True,True,True,1-circle,1.000000,3877.136356,-19119.561774,0.478203,-0.549479,100.000000,100.000000,0.000000,0.000000,2,4,4,0.0000,0.0000,0.0000,0.5000,"Accelerate",0.041832
886,A0100,pursuit_chase_v1,UNKNOWN,15477.874255,29756.081735,2643.918265,1784.914489,32066.916768,14874.974318,553.411730,28433.384829,78.248991,8902.205981,-99.653773,0.036422,False,False,False,False,True,True,True,1-circle,1.000000,3877.771436,-18973.155336,1.265678,-0.694094,100.000000,100.000000,0.000000,0.000000,2,3,4,0.0000,0.0000,0.0000,0.5000,"PursuitChaseOptimal",-0.056934
886,B0100,aggressive,UNKNOWN,15477.874255,29756.081735,2643.918265,1784.914489,32066.916768,14874.974318,553.411730,28433.384829,78.248991,8902.205981,-99.653773,0.036422,False,False,False,False,True,True,True,1-circle,1.000000,3877.771436,-18973.155336,1.265678,-0.694094,100.000000,100.000000,0.000000,0.000000,2,4,4,0.0000,0.0000,0.0000,0.5000,"Accelerate",0.049898
887,A0100,pursuit_chase_v1,UNKNOWN,15477.874255,29756.081735,2643.918265,1784.914489,32066.916768,14874.974318,553.411730,28433.384829,78.248991,8902.205981,-99.653773,0.036422,False,False,False,False,True,True,True,1-circle,1.000000,3877.771436,-18973.155336,1.265678,-0.694094,100.000000,100.000000,0.000000,0.000000,2,3,4,0.0000,0.0000,0.0000,0.5000,"PursuitChaseOptimal",-0.061425
887,B0100,aggressive,UNKNOWN,15477.874255,29756.081735,2643.918265,1784.914489,32066.916768,14874.974318,553.411730,28433.384829,78.248991,8902.205981,-99.653773,0.036422,False,False,False,False,True,True,True,1-circle,1.000000,3877.771436,-18973.155336,1.265678,-0.694094,100.000000,100.000000,0.000000,0.000000,2,4,4,0.0000,0.0000,0.0000,0.5000,"Accelerate",0.053550
888,A0100,pursuit_chase_v1,UNKNOWN,15495.391944,29761.128453,2638.871547,1771.571524,32053.030276,14874.030538,553.605740,28441.949060,171.284629,8911.455012,-99.227594,0.006435,False,False,False,False,True,True,True,1-circle,1.000000,3878.637640,-19236.782445,-0.223718,-0.415647,100.000000,100.000000,0.000000,0.000000,2,3,4,0.0000,0.0000,0.0000,0.5000,"PursuitChaseOptimal",-0.056450
888,B0100,aggressive,UNKNOWN,15495.391944,29761.128453,2638.871547,1771.571524,32053.030276,14874.030538,553.605740,28441.949060,171.284629,8911.455012,-99.227594,0.006435,False,False,False,False,True,True,True,1-circle,1.000000,3878.637640,-19236.782445,-0.223718,-0.415647,100.000000,100.000000,0.000000,0.000000,2,4,4,0.0000,0.0000,0.0000,0.5000,"Accelerate",0.049160
889,A0100,pursuit_chase_v1,UNKNOWN,15495.391944,29761.128453,2638.871547,1771.571524,32053.030276,14874.030538,553.605740,28441.949060,171.284629,8911.455012,-99.227594,0.006435,False,False,False,False,True,True,True,1-circle,1.000000,3878.637640,-19236.782445,-0.223718,-0.415647,100.000000,100.000000,0.000000,0.000000,2,3,4,0.0000,0.0000,0.0000,0.5000,"PursuitChaseOptimal",-0.035297
889,B0100,aggressive,UNKNOWN,15495.391944,29761.128453,2638.871547,1771.571524,32053.030276,14874.030538,553.605740,28441.949060,171.284629,8911.455012,-99.227594,0.006435,False,False,False,False,True,True,True,1-circle,1.000000,3878.637640,-19236.782445,-0.223718,-0.415647,100.000000,100.000000,0.000000,0.000000,2,4,4,0.0000,0.0000,0.0000,0.5000,"Accelerate",0.031164
890,A0100,pursuit_chase_v1,UNKNOWN,15512.931822,29761.815787,2638.184213,1746.021007,32040.520253,14873.066152,553.759100,28448.502892,131.076647,8925.070040,-98.625372,0.000469,False,False,False,False,True,True,True,1-circle,1.000000,3879.980353,-19189.502798,0.016309,-0.692051,100.000000,100.000000,0.000000,0.000000,2,3,4,0.0000,0.0000,0.0000,0.5000,"PursuitChaseOptimal",-0.020851
890,B0100,aggressive,UNKNOWN,15512.931822,29761.815787,2638.184213,1746.021007,32040.520253,14873.066152,553.759100,28448.502892,131.076647,8925.070040,-98.625372,0.000469,False,False,False,False,True,True,True,1-circle,1.000000,3879.980353,-19189.502798,0.016309,-0.692051,100.000000,100.000000,0.000000,0.000000,2,4,4,0.0000,0.0000,0.0000,0.5000,"Accelerate",0.018655
891,A0100,pursuit_chase_v1,UNKNOWN,15512.931822,29761.815787,2638.184213,1746.021007,32040.520253,14873.066152,553.759100,28448.502892,131.076647,8925.070040,-98.625372,0.000469,False,False,False,False,True,True,True,1-circle,1.000000,3879.980353,-19189.502798,0.016309,-0.692051,100.000000,100.000000,0.000000,0.000000,2,3,4,0.0000,0.0000,0.0000,0.5000,"PursuitChaseOptimal",-0.007738
891,B0100,aggressive,UNKNOWN,15512.931822,29761.815787,2638.184213,1746.021007,32040.520253,14873.066152,553.759100,28448.502892,131.076647,8925.070040,-98.625372,0.000469,False,False,False,False,True,True,True,1-circle,1.000000,3879.980353,-19189.502798,0.016309,-0.692051,100.000000,100.000000,0.000000,0.000000,2,4,4,0.0000,0.0000,0.0000,0.5000,"Accelerate",0.006730
892,A0100,pursuit_chase_v1,UNKNOWN,15530.439847,29765.260723,2634.739277,1708.912992,32027.569792,14872.171690,553.889421,28453.998863,109.919419,8933.739659,-98.055651,0.045390,False,False,False,False,True,True,True,1-circle,1.000000,3881.614334,-19472.743709,-1.578398,-0.473261,100.000000,100.000000,0.000000,0.000000,2,4,4,0.0000,0.0000,0.0000,0.5000,"PursuitChaseOptimal",0.012607
892,B0100,aggressive,UNKNOWN,15530.439847,29765.260723,2634.739277,1708.912992,32027.569792,14872.171690,553.889421,28453.998863,109.919419,8933.739659,-98.055651,0.045390,False,False,False,False,True,True,True,1-circle,1.000000,3881.614334,-19472.743709,-1.578398,-0.473261,100.000000,100.000000,0.000000,0.000000,2,4,4,0.0000,0.0000,0.0000,0.5000,"Accelerate",-0.011626
893,A0100,pursuit_chase_v1,UNKNOWN,15530.439847,29765.260723,2634.739277,1708.912992,32027.569792,14872.171690,553.889421,28453.998863,109.919419,8933.739659,-98.055651,0.045390,False,False,False,False,True,True,True,1-circle,1.000000,3881.614334,-19472.743709,-1.578398,-0.473261,100.000000,100.000000,0.000000,0.000000,2,4,4,0.0000,0.0000,0.0000,0.5000,"PursuitChaseOptimal",0.025025
893,B0100,aggressive,UNKNOWN,15530.439847,29765.260723,2634.739277,1708.912992,32027.569792,14872.171690,553.889421,28453.998863,109.919419,8933.739659,-98.055651,0.045390,False,False,False,False,True,True,True,1-circle,1.000000,3881.614334,-19472.743709,-1.578398,-0.473261,100.000000,100.000000,0.000000,0.000000,2,4,4,0.0000,0.0000,0.0000,0.5000,"Accelerate",-0.022156
894,A0100,pursuit_chase_v1,UNKNOWN,15547.922290,29754.634839,2645.365161,1663.357842,32013.676008,14871.202897,554.179819,28467.275375,265.530234,8947.604398,-97.481044,0.032598,False,False,False,False,True,True,True,1-circle,1.000000,3883.557416,-18980.956191,1.134249,-0.684623,100.000000,100.000000,0.000000,0.000000,2,4,4,0.0000,0.0000,0.0000,0.5000,"PursuitChaseOptimal",0.025722
894,B0100,aggressive,UNKNOWN,15547.922290,29754.634839,2645.365161,1663.357842,32013.676008,14871.202897,554.179819,28467.275375,265.530234,8947.604398,-97.481044,0.032598,False,False,False,False,True,True,True,1-circle,1.000000,3883.557416,-18980.956191,1.134249,-0.684623,100.000000,100.000000,0.000000,0.000000,2,4,4,0.0000,0.0000,0.0000,0.5000,"Accelerate",-0.022401
895,A0100,pursuit_chase_v1,UNKNOWN,15547.922290,29754.634839,2645.365161,1663.357842,32013.676008,14871.202897,554.179819,28467.275375,265.530234,8947.604398,-97.481044,0.032598,False,False,False,False,True,True,True,1-circle,1.000000,3883.557416,-18980.956191,1.134249,-0.684623,100.000000,100.000000,0.000000,0.000000,2,4,4,0.0000,0.0000,0.0000,0.5000,"PursuitChaseOptimal",0.030330
895,B0100,aggressive,UNKNOWN,15547.922290,29754.634839,2645.365161,1663.357842,32013.676008,14871.202897,554.179819,28467.275375,265.530234,8947.604398,-97.481044,0.032598,False,False,False,False,True,True,True,1-circle,1.000000,3883.557416,-18980.956191,1.134249,-0.684623,100.000000,100.000000,0.000000,0.000000,2,4,4,0.0000,0.0000,0.0000,0.5000,"Accelerate",-0.026277
896,A0100,pursuit_chase_v1,UNKNOWN,15565.325498,29760.155092,2639.844908,1635.630894,32005.742094,14870.216094,554.204358,28467.492677,4.346042,8928.830873,-97.001409,0.031314,False,False,False,False,True,True,True,1-circle,1.000000,3885.571562,-19377.859214,-1.089596,-0.742122,100.000000,100.000000,0.000000,0.000000,2,4,4,0.0000,0.0000,0.0000,0.5000,"PursuitChaseOptimal",0.033361
896,B0100,aggressive,UNKNOWN,15565.325498,29760.155092,2639.844908,1635.630894,32005.742094,14870.216094,554.204358,28467.492677,4.346042,8928.830873,-97.001409,0.031314,False,False,False,False,True,True,True,1-circle,1.000000,3885.571562,-19377.859214,-1.089596,-0.742122,100.000000,100.000000,0.000000,0.000000,2,4,4,0.0000,0.0000,0.0000,0.5000,"Accelerate",-0.029306
897,A0100,pursuit_chase_v1,UNKNOWN,15565.325498,29760.155092,2639.844908,1635.630894,32005.742094,14870.216094,554.204358,28467.492677,4.346042,8928.830873,-97.001409,0.031314,False,False,False,False,True,True,True,1-circle,1.000000,3885.571562,-19377.859214,-1.089596,-0.742122,100.000000,100.000000,0.000000,0.000000,2,4,4,0.0000,0.0000,0.0000,0.5000,"PursuitChaseOptimal",0.034454
897,B0100,aggressive,UNKNOWN,15565.325498,29760.155092,2639.844908,1635.630894,32005.742094,14870.216094,554.204358,28467.492677,4.346042,8928.830873,-97.001409,0.031314,False,False,False,False,True,True,True,1-circle,1.000000,3885.571562,-19377.859214,-1.089596,-0.742122,100.000000,100.000000,0.000000,0.000000,2,4,4,0.0000,0.0000,0.0000,0.5000,"Accelerate",-0.030690
898,A0100,pursuit_chase_v1,UNKNOWN,15582.633063,29748.763547,2651.236453,1619.910240,31991.137059,14869.220399,554.487700,28480.403981,258.226070,8910.921979,-96.657423,0.011881,False,False,False,False,True,True,True,1-circle,1.000000,3887.476044,-19103.860203,0.413641,-0.624919,100.000000,100.000000,0.000000,0.000000,2,4,4,0.0000,0.0000,0.0000,0.5000,"PursuitChaseOptimal",0.035707
898,B0100,aggressive,UNKNOWN,15582.633063,29748.763547,2651.236453,1619.910240,31991.137059,14869.220399,554.487700,28480.403981,258.226070,8910.921979,-96.657423,0.011881,False,False,False,False,True,True,True,1-circle,1.000000,3887.476044,-19103.860203,0.413641,-0.624919,100.000000,100.000000,0.000000,0.000000,2,4,4,0.0000,0.0000,0.0000,0.5000,"Accelerate",-0.031317
899,A0100,pursuit_chase_v1,UNKNOWN,15582.633063,29748.763547,2651.236453,1619.910240,31991.137059,14869.220399,554.487700,28480.403981,258.226070,8910.921979,-96.657423,0.011881,False,False,False,False,True,True,True,1-circle,1.000000,3887.476044,-19103.860203,0.413641,-0.624919,100.000000,100.000000,0.000000,0.000000,2,4,4,0.0000,0.0000,0.0000,0.5000,"PursuitChaseOptimal",0.038562
899,B0100,aggressive,UNKNOWN,15582.633063,29748.763547,2651.236453,1619.910240,31991.137059,14869.220399,554.487700,28480.403981,258.226070,8910.921979,-96.657423,0.011881,False,False,False,False,True,True,True,1-circle,1.000000,3887.476044,-19103.860203,0.413641,-0.624919,100.000000,100.000000,0.000000,0.000000,2,4,4,0.0000,0.0000,0.0000,0.5000,"Accelerate",-0.033242
900,A0100,pursuit_chase_v1,UNKNOWN,15599.847899,29749.037103,2650.962897,1622.544139,31978.852091,14868.126711,554.584392,28484.057777,73.075919,8866.847787,-96.458442,0.034338,False,False,False,False,True,True,True,1-circle,1.000000,3889.202181,-18959.605329,1.195534,-0.822651,100.000000,100.000000,0.000000,0.000000,2,4,4,0.0000,0.0000,0.0000,0.5000,"PursuitChaseOptimal",0.043495
900,B0100,aggressive,UNKNOWN,15599.847899,29749.037103,2650.962897,1622.544139,31978.852091,14868.126711,554.584392,28484.057777,73.075919,8866.847787,-96.458442,0.034338,False,False,False,False,True,True,True,1-circle,1.000000,3889.202181,-18959.605329,1.195534,-0.822651,100.000000,100.000000,0.000000,0.000000,2,4,4,0.0000,0.0000,0.0000,0.5000,"Accelerate",-0.037433
901,A0100,pursuit_chase_v1,UNKNOWN,15599.847899,29749.037103,2650.962897,1622.544139,31978.852091,14868.126711,554.584392,28484.057777,73.075919,8866.847787,-96.458442,0.034338,False,False,False,False,True,True,True,1-circle,1.000000,3889.202181,-18959.605329,1.195534,-0.822651,100.000000,100.000000,0.000000,0.000000,2,4,4,0.0000,0.0000,0.0000,0.5000,"PursuitChaseOptimal",0.048837
901,B0100,aggressive,UNKNOWN,15599.847899,29749.037103,2650.962897,1622.544139,31978.852091,14868.126711,554.584392,28484.057777,73.075919,8866.847787,-96.458442,0.034338,False,False,False,False,True,True,True,1-circle,1.000000,3889.202181,-18959.605329,1.195534,-0.822651,100.000000,100.000000,0.000000,0.000000,2,4,4,0.0000,0.0000,0.0000,0.5000,"Accelerate",-0.042378
902,A0100,pursuit_chase_v1,UNKNOWN,15616.925047,29751.741550,2648.258450,1635.934605,31966.010262,14867.100318,554.753410,28491.331982,145.484113,8812.844802,-96.448852,0.008691,False,False,False,False,True,True,True,1-circle,1.000000,3890.431312,-19225.432764,-0.302700,-0.520096,100.000000,100.000000,0.000000,0.000000,2,4,4,0.0000,0.0000,0.0000,0.5000,"PursuitChaseOptimal",0.048429
902,B0100,aggressive,UNKNOWN,15616.925047,29751.741550,2648.258450,1635.934605,31966.010262,14867.100318,554.753410,28491.331982,145.484113,8812.844802,-96.448852,0.008691,False,False,False,False,True,True,True,1-circle,1.000000,3890.431312,-19225.432764,-0.302700,-0.520096,100.000000,100.000000,0.000000,0.000000,2,4,4,0.0000,0.0000,0.0000,0.5000,"Accelerate",-0.042105
903,A0100,pursuit_chase_v1,UNKNOWN,15616.925047,29751.741550,2648.258450,1635.934605,31966.010262,14867.100318,554.753410,28491.331982,145.484113,8812.844802,-96.448852,0.008691,False,False,False,False,True,True,True,1-circle,1.000000,3890.431312,-19225.432764,-0.302700,-0.520096,100.000000,100.000000,0.000000,0.000000,2,4,4,0.0000,0.0000,0.0000,0.5000,"PursuitChaseOptimal",0.049087
903,B0100,aggressive,UNKNOWN,15616.925047,29751.741550,2648.258450,1635.934605,31966.010262,14867.100318,554.753410,28491.331982,145.484113,8812.844802,-96.448852,0.008691,False,False,False,False,True,True,True,1-circle,1.000000,3890.431312,-19225.432764,-0.302700,-0.520096,100.000000,100.000000,0.000000,0.000000,2,4,4,0.0000,0.0000,0.0000,0.5000,"Accelerate",-0.042173
904,A0100,pursuit_chase_v1,UNKNOWN,15633.870235,29751.182060,2648.817940,1645.684917,31954.400455,14866.037164,554.898700,28497.406108,121.482505,8757.693424,-96.276847,0.001632,False,False,False,False,True,True,True,1-circle,1.000000,3891.202801,-19177.017430,-0.056858,-0.793705,100.000000,100.000000,0.000000,0.000000,2,3,4,0.0000,0.0000,0.0000,0.5000,"PursuitChaseOptimal",0.038792
904,B0100,aggressive,UNKNOWN,15633.870235,29751.182060,2648.817940,1645.684917,31954.400455,14866.037164,554.898700,28497.406108,121.482505,8757.693424,-96.276847,0.001632,False,False,False,False,True,True,True,1-circle,1.000000,3891.202801,-19177.017430,-0.056858,-0.793705,100.000000,100.000000,0.000000,0.000000,2,4,4,0.0000,0.0000,0.0000,0.5000,"Accelerate",-0.033093
905,A0100,pursuit_chase_v1,UNKNOWN,15633.870235,29751.182060,2648.817940,1645.684917,31954.400455,14866.037164,554.898700,28497.406108,121.482505,8757.693424,-96.276847,0.001632,False,False,False,False,True,True,True,1-circle,1.000000,3891.202801,-19177.017430,-0.056858,-0.793705,100.000000,100.000000,0.000000,0.000000,2,3,4,0.0000,0.0000,0.0000,0.5000,"PursuitChaseOptimal",0.031927
905,B0100,aggressive,UNKNOWN,15633.870235,29751.182060,2648.817940,1645.684917,31954.400455,14866.037164,554.898700,28497.406108,121.482505,8757.693424,-96.276847,0.001632,False,False,False,False,True,True,True,1-circle,1.000000,3891.202801,-19177.017430,-0.056858,-0.793705,100.000000,100.000000,0.000000,0.000000,2,4,4,0.0000,0.0000,0.0000,0.5000,"Accelerate",-0.027540
906,A0100,pursuit_chase_v1,UNKNOWN,15650.661130,29754.285362,2645.714638,1649.934893,31941.927160,14865.032850,555.015296,28502.130878,94.495405,8709.650897,-96.065928,0.047511,False,False,False,False,True,True,True,1-circle,1.000000,3891.494294,-19460.215811,-1.655086,-0.564021,100.000000,100.000000,0.000000,0.000000,2,3,4,0.0000,0.0000,0.0000,0.5000,"PursuitChaseOptimal",0.019756
906,B0100,aggressive,UNKNOWN,15650.661130,29754.285362,2645.714638,1649.934893,31941.927160,14865.032850,555.015296,28502.130878,94.495405,8709.650897,-96.065928,0.047511,False,False,False,False,True,True,True,1-circle,1.000000,3891.494294,-19460.215811,-1.655086,-0.564021,100.000000,100.000000,0.000000,0.000000,2,4,4,0.0000,0.0000,0.0000,0.5000,"Accelerate",-0.017554
907,A0100,pursuit_chase_v1,UNKNOWN,15650.661130,29754.285362,2645.714638,1649.934893,31941.927160,14865.032850,555.015296,28502.130878,94.495405,8709.650897,-96.065928,0.047511,False,False,False,False,True,True,True,1-circle,1.000000,3891.494294,-19460.215811,-1.655086,-0.564021,100.000000,100.000000,0.000000,0.000000,2,3,4,0.0000,0.0000,0.0000,0.5000,"PursuitChaseOptimal",0.007527
907,B0100,aggressive,UNKNOWN,15650.661130,29754.285362,2645.714638,1649.934893,31941.927160,14865.032850,555.015296,28502.130878,94.495405,8709.650897,-96.065928,0.047511,False,False,False,False,True,True,True,1-circle,1.000000,3891.494294,-19460.215811,-1.655086,-0.564021,100.000000,100.000000,0.000000,0.000000,2,4,4,0.0000,0.0000,0.0000,0.5000,"Accelerate",-0.006673
908,A0100,pursuit_chase_v1,UNKNOWN,15667.362530,29744.198464,2655.801536,1641.307171,31928.288342,14863.949138,555.288769,28514.489307,247.168593,8687.908990,-95.635098,0.030703,False,False,False,False,True,True,True,1-circle,1.000000,3891.645215,-18965.113109,1.070205,-0.758672,100.000000,100.000000,0.000000,0.000000,2,3,4,0.0000,0.0000,0.0000,0.5000,"PursuitChaseOptimal",-0.004335
908,B0100,aggressive,UNKNOWN,15667.362530,29744.198464,2655.801536,1641.307171,31928.288342,14863.949138,555.288769,28514.489307,247.168593,8687.908990,-95.635098,0.030703,False,False,False,False,True,True,True,1-circle,1.000000,3891.645215,-18965.113109,1.070205,-0.758672,100.000000,100.000000,0.000000,0.000000,2,4,4,0.0000,0.0000,0.0000,0.5000,"Accelerate",0.003986
909,A0100,pursuit_chase_v1,UNKNOWN,15667.362530,29744.198464,2655.801536,1641.307171,31928.288342,14863.949138,555.288769,28514.489307,247.168593,8687.908990,-95.635098,0.030703,False,False,False,False,True,True,True,1-circle,1.000000,3891.645215,-18965.113109,1.070205,-0.758672,100.000000,100.000000,0.000000,0.000000,2,3,4,0.0000,0.0000,0.0000,0.5000,"PursuitChaseOptimal",-0.012252
909,B0100,aggressive,UNKNOWN,15667.362530,29744.198464,2655.801536,1641.307171,31928.288342,14863.949138,555.288769,28514.489307,247.168593,8687.908990,-95.635098,0.030703,False,False,False,False,True,True,True,1-circle,1.000000,3891.645215,-18965.113109,1.070205,-0.758672,100.000000,100.000000,0.000000,0.000000,2,4,4,0.0000,0.0000,0.0000,0.5000,"Accelerate",0.010821
910,A0100,pursuit_chase_v1,UNKNOWN,15683.971507,29753.309924,2646.690076,1630.391630,31920.373735,14862.868205,555.318382,28514.864376,7.501362,8662.328836,-95.088462,0.033495,False,False,False,False,True,True,True,1-circle,1.000000,3891.791194,-19363.399788,-1.167568,-0.665007,100.000000,100.000000,0.000000,0.000000,2,3,4,0.0000,0.0000,0.0000,0.5000,"PursuitChaseOptimal",-0.015424
910,B0100,aggressive,UNKNOWN,15683.971507,29753.309924,2646.690076,1630.391630,31920.373735,14862.868205,555.318382,28514.864376,7.501362,8662.328836,-95.088462,0.033495,False,False,False,False,True,True,True,1-circle,1.000000,3891.791194,-19363.399788,-1.167568,-0.665007,100.000000,100.000000,0.000000,0.000000,2,4,4,0.0000,0.0000,0.0000,0.5000,"Accelerate",0.013164
911,A0100,pursuit_chase_v1,UNKNOWN,15683.971507,29753.309924,2646.690076,1630.391630,31920.373735,14862.868205,555.318382,28514.864376,7.501362,8662.328836,-95.088462,0.033495,False,False,False,False,True,True,True,1-circle,1.000000,3891.791194,-19363.399788,-1.167568,-0.665007,100.000000,100.000000,0.000000,0.000000,2,3,4,0.0000,0.0000,0.0000,0.5000,"PursuitChaseOptimal",-0.013318
911,B0100,aggressive,UNKNOWN,15683.971507,29753.309924,2646.690076,1630.391630,31920.373735,14862.868205,555.318382,28514.864376,7.501362,8662.328836,-95.088462,0.033495,False,False,False,False,True,True,True,1-circle,1.000000,3891.791194,-19363.399788,-1.167568,-0.665007,100.000000,100.000000,0.000000,0.000000,2,4,4,0.0000,0.0000,0.0000,0.5000,"Accelerate",0.010888
912,A0100,pursuit_chase_v1,UNKNOWN,15700.518364,29744.333047,2655.666953,1598.417928,31905.782336,14861.802234,555.604826,28527.885954,260.431577,8668.265164,-94.405351,0.009977,False,False,False,False,True,True,True,1-circle,1.000000,3892.105215,-19086.257319,0.347984,-0.626208,100.000000,100.000000,0.000000,0.000000,2,3,4,0.0000,0.0000,0.0000,0.5000,"PursuitChaseOptimal",-0.007433
912,B0100,aggressive,UNKNOWN,15700.518364,29744.333047,2655.666953,1598.417928,31905.782336,14861.802234,555.604826,28527.885954,260.431577,8668.265164,-94.405351,0.009977,False,False,False,False,True,True,True,1-circle,1.000000,3892.105215,-19086.257319,0.347984,-0.626208,100.000000,100.000000,0.000000,0.000000,2,4,4,0.0000,0.0000,0.0000,0.5000,"Accelerate",0.006263
913,A0100,pursuit_chase_v1,UNKNOWN,15700.518364,29744.333047,2655.666953,1598.417928,31905.782336,14861.802234,555.604826,28527.885954,260.431577,8668.265164,-94.405351,0.009977,False,False,False,False,True,True,True,1-circle,1.000000,3892.105215,-19086.257319,0.347984,-0.626208,100.000000,100.000000,0.000000,0.000000,2,3,4,0.0000,0.0000,0.0000,0.5000,"PursuitChaseOptimal",0.004141
913,B0100,aggressive,UNKNOWN,15700.518364,29744.333047,2655.666953,1598.417928,31905.782336,14861.802234,555.604826,28527.885954,260.431577,8668.265164,-94.405351,0.009977,False,False,False,False,True,True,True,1-circle,1.000000,3892.105215,-19086.257319,0.347984,-0.626208,100.000000,100.000000,0.000000,0.000000,2,4,4,0.0000,0.0000,0.0000,0.5000,"Accelerate",-0.003198
914,A0100,pursuit_chase_v1,UNKNOWN,15717.027400,29746.780870,2653.219130,1548.223910,31893.756733,14860.659876,555.686186,28530.746280,57.206512,8676.758841,-93.638350,0.032270,False,False,False,False,True,True,True,1-circle,1.000000,3892.799230,-18942.291983,1.125540,-0.771874,100.000000,100.000000,0.000000,0.000000,2,4,4,0.0000,0.0000,0.0000,0.5000,"PursuitChaseOptimal",0.024115
914,B0100,aggressive,UNKNOWN,15717.027400,29746.780870,2653.219130,1548.223910,31893.756733,14860.659876,555.686186,28530.746280,57.206512,8676.758841,-93.638350,0.032270,False,False,False,False,True,True,True,1-circle,1.000000,3892.799230,-18942.291983,1.125540,-0.771874,100.000000,100.000000,0.000000,0.000000,2,4,4,0.0000,0.0000,0.0000,0.5000,"Accelerate",-0.020339
915,A0100,pursuit_chase_v1,UNKNOWN,15717.027400,29746.780870,2653.219130,1548.223910,31893.756733,14860.659876,555.686186,28530.746280,57.206512,8676.758841,-93.638350,0.032270,False,False,False,False,True,True,True,1-circle,1.000000,3892.799230,-18942.291983,1.125540,-0.771874,100.000000,100.000000,0.000000,0.000000,2,4,4,0.0000,0.0000,0.0000,0.5000,"PursuitChaseOptimal",0.035359
915,B0100,aggressive,UNKNOWN,15717.027400,29746.780870,2653.219130,1548.223910,31893.756733,14860.659876,555.686186,28530.746280,57.206512,8676.758841,-93.638350,0.032270,False,False,False,False,True,True,True,1-circle,1.000000,3892.799230,-18942.291983,1.125540,-0.771874,100.000000,100.000000,0.000000,0.000000,2,4,4,0.0000,0.0000,0.0000,0.5000,"Accelerate",-0.030328
916,A0100,pursuit_chase_v1,UNKNOWN,15733.461734,29750.969589,2649.030411,1480.851312,31881.628257,14859.605220,555.860662,28538.277339,150.621181,8685.419607,-92.832424,0.010758,False,False,False,False,True,True,True,1-circle,1.000000,3893.714716,-19208.699359,-0.375375,-0.486898,100.000000,100.000000,0.000000,0.000000,2,4,4,0.0000,0.0000,0.0000,0.5000,"PursuitChaseOptimal",0.037378
916,B0100,aggressive,UNKNOWN,15733.461734,29750.969589,2649.030411,1480.851312,31881.628257,14859.605220,555.860662,28538.277339,150.621181,8685.419607,-92.832424,0.010758,False,False,False,False,True,True,True,1-circle,1.000000,3893.714716,-19208.699359,-0.375375,-0.486898,100.000000,100.000000,0.000000,0.000000,2,4,4,0.0000,0.0000,0.0000,0.5000,"Accelerate",-0.032197
917,A0100,pursuit_chase_v1,UNKNOWN,15733.461734,29750.969589,2649.030411,1480.851312,31881.628257,14859.605220,555.860662,28538.277339,150.621181,8685.419607,-92.832424,0.010758,False,False,False,False,True,True,True,1-circle,1.000000,3893.714716,-19208.699359,-0.375375,-0.486898,100.000000,100.000000,0.000000,0.000000,2,4,4,0.0000,0.0000,0.0000,0.5000,"PursuitChaseOptimal",0.042748
917,B0100,aggressive,UNKNOWN,15733.461734,29750.969589,2649.030411,1480.851312,31881.628257,14859.605220,555.860662,28538.277339,150.621181,8685.419607,-92.832424,0.010758,False,False,False,False,True,True,True,1-circle,1.000000,3893.714716,-19208.699359,-0.375375,-0.486898,100.000000,100.000000,0.000000,0.000000,2,4,4,0.0000,0.0000,0.0000,0.5000,"Accelerate",-0.036333
918,A0100,pursuit_chase_v1,UNKNOWN,15749.781847,29751.253450,2648.746550,1419.376113,31871.327333,14858.530405,555.995971,28543.862728,111.707778,8676.893192,-91.857827,0.003679,False,False,False,False,True,True,True,1-circle,1.000000,3894.856901,-19160.755203,-0.128405,-0.762829,100.000000,100.000000,0.000000,0.000000,2,4,4,0.0000,0.0000,0.0000,0.5000,"PursuitChaseOptimal",0.043514
918,B0100,aggressive,UNKNOWN,15749.781847,29751.253450,2648.746550,1419.376113,31871.327333,14858.530405,555.995971,28543.862728,111.707778,8676.893192,-91.857827,0.003679,False,False,False,False,True,True,True,1-circle,1.000000,3894.856901,-19160.755203,-0.128405,-0.762829,100.000000,100.000000,0.000000,0.000000,2,4,4,0.0000,0.0000,0.0000,0.5000,"Accelerate",-0.036794
919,A0100,pursuit_chase_v1,UNKNOWN,15749.781847,29751.253450,2648.746550,1419.376113,31871.327333,14858.530405,555.995971,28543.862728,111.707778,8676.893192,-91.857827,0.003679,False,False,False,False,True,True,True,1-circle,1.000000,3894.856901,-19160.755203,-0.128405,-0.762829,100.000000,100.000000,0.000000,0.000000,2,4,4,0.0000,0.0000,0.0000,0.5000,"PursuitChaseOptimal",0.040545
919,B0100,aggressive,UNKNOWN,15749.781847,29751.253450,2648.746550,1419.376113,31871.327333,14858.530405,555.995971,28543.862728,111.707778,8676.893192,-91.857827,0.003679,False,False,False,False,True,True,True,1-circle,1.000000,3894.856901,-19160.755203,-0.128405,-0.762829,100.000000,100.000000,0.000000,0.000000,2,4,4,0.0000,0.0000,0.0000,0.5000,"Accelerate",-0.034589
920,A0100,pursuit_chase_v1,UNKNOWN,15765.954438,29754.529293,2645.470707,1379.849125,31860.489920,14857.527469,556.107175,28548.334677,89.438985,8651.293088,-91.138629,0.049538,False,False,False,False,True,True,True,1-circle,1.000000,3895.986176,-19445.392318,-1.728672,-0.536023,100.000000,100.000000,0.000000,0.000000,2,4,4,0.0000,0.0000,0.0000,0.5000,"PursuitChaseOptimal",0.036526
920,B0100,aggressive,UNKNOWN,15765.954438,29754.529293,2645.470707,1379.849125,31860.489920,14857.527469,556.107175,28548.334677,89.438985,8651.293088,-91.138629,0.049538,False,False,False,False,True,True,True,1-circle,1.000000,3895.986176,-19445.392318,-1.728672,-0.536023,100.000000,100.000000,0.000000,0.000000,2,4,4,0.0000,0.0000,0.0000,0.5000,"Accelerate",-0.031621
921,A0100,pursuit_chase_v1,UNKNOWN,15765.954438,29754.529293,2645.470707,1379.849125,31860.489920,14857.527469,556.107175,28548.334677,89.438985,8651.293088,-91.138629,0.049538,False,False,False,False,True,True,True,1-circle,1.000000,3895.986176,-19445.392318,-1.728672,-0.536023,100.000000,100.000000,0.000000,0.000000,2,4,4,0.0000,0.0000,0.0000,0.5000,"PursuitChaseOptimal",0.034330
921,B0100,aggressive,UNKNOWN,15765.954438,29754.529293,2645.470707,1379.849125,31860.489920,14857.527469,556.107175,28548.334677,89.438985,8651.293088,-91.138629,0.049538,False,False,False,False,True,True,True,1-circle,1.000000,3895.986176,-19445.392318,-1.728672,-0.536023,100.000000,100.000000,0.000000,0.000000,2,4,4,0.0000,0.0000,0.0000,0.5000,"Accelerate",-0.029486
922,A0100,pursuit_chase_v1,UNKNOWN,15781.997619,29743.161312,2656.838688,1369.654503,31850.529897,14856.451137,556.397473,28561.555794,264.422340,8619.990247,-90.571539,0.036634,False,False,False,False,True,True,True,1-circle,1.000000,3897.070414,-18900.599388,1.279150,-0.746461,100.000000,100.000000,0.000000,0.000000,2,4,4,0.0000,0.0000,0.0000,0.5000,"PursuitChaseOptimal",0.035382
922,B0100,aggressive,UNKNOWN,15781.997619,29743.161312,2656.838688,1369.654503,31850.529897,14856.451137,556.397473,28561.555794,264.422340,8619.990247,-90.571539,0.036634,False,False,False,False,True,True,True,1-circle,1.000000,3897.070414,-18900.599388,1.279150,-0.746461,100.000000,100.000000,0.000000,0.000000,2,4,4,0.0000,0.0000,0.0000,0.5000,"Accelerate",-0.030089
923,A0100,pursuit_chase_v1,UNKNOWN,15781.997619,29743.161312,2656.838688,1369.654503,31850.529897,14856.451137,556.397473,28561.555794,264.422340,8619.990247,-90.571539,0.036634,False,False,False,False,True,True,True,1-circle,1.000000,3897.070414,-18900.599388,1.279150,-0.746461,100.000000,100.000000,0.000000,0.000000,2,4,4,0.0000,0.0000,0.0000,0.5000,"PursuitChaseOptimal",0.039518
923,B0100,aggressive,UNKNOWN,15781.997619,29743.161312,2656.838688,1369.654503,31850.529897,14856.451137,556.397473,28561.555794,264.422340,8619.990247,-90.571539,0.036634,False,False,False,False,True,True,True,1-circle,1.000000,3897.070414,-18900.599388,1.279150,-0.746461,100.000000,100.000000,0.000000,0.000000,2,4,4,0.0000,0.0000,0.0000,0.5000,"Accelerate",-0.033060
924,A0100,pursuit_chase_v1,UNKNOWN,15797.898351,29746.443155,2653.556845,1377.957813,31839.102293,14855.315165,556.443580,28562.691285,22.709822,8554.946284,-90.116924,0.062172,False,False,False,False,True,True,True,1-circle,1.000000,3897.934155,-18736.678266,2.170328,-0.798829,100.000000,100.000000,0.000000,0.000000,2,4,4,0.0000,0.0000,0.0000,0.5000,"PursuitChaseOptimal",0.039842
924,B0100,aggressive,UNKNOWN,15797.898351,29746.443155,2653.556845,1377.957813,31839.102293,14855.315165,556.443580,28562.691285,22.709822,8554.946284,-90.116924,0.062172,False,False,False,False,True,True,True,1-circle,1.000000,3897.934155,-18736.678266,2.170328,-0.798829,100.000000,100.000000,0.000000,0.000000,2,4,4,0.0000,0.0000,0.0000,0.5000,"Accelerate",-0.032925
925,A0100,pursuit_chase_v1,UNKNOWN,15797.898351,29746.443155,2653.556845,1377.957813,31839.102293,14855.315165,556.443580,28562.691285,22.709822,8554.946284,-90.116924,0.062172,False,False,False,False,True,True,True,1-circle,1.000000,3897.934155,-18736.678266,2.170328,-0.798829,100.000000,100.000000,0.000000,0.000000,2,4,4,0.0000,0.0000,0.0000,0.5000,"PursuitChaseOptimal",0.040650
925,B0100,aggressive,UNKNOWN,15797.898351,29746.443155,2653.556845,1377.957813,31839.102293,14855.315165,556.443580,28562.691285,22.709822,8554.946284,-90.116924,0.062172,False,False,False,False,True,True,True,1-circle,1.000000,3897.934155,-18736.678266,2.170328,-0.798829,100.000000,100.000000,0.000000,0.000000,2,4,4,0.0000,0.0000,0.0000,0.5000,"Accelerate",-0.033749
926,A0100,pursuit_chase_v1,UNKNOWN,15813.611088,29763.506852,2636.493148,1386.137458,31829.397185,14854.329102,556.452828,28562.160889,-10.607924,8490.056136,-89.874729,0.042959,False,False,False,False,True,True,True,1-circle,1.000000,3898.268969,-19393.481874,-1.500010,-0.508938,100.000000,100.000000,0.000000,0.000000,2,4,4,0.0000,0.0000,0.0000,0.5000,"PursuitChaseOptimal",0.041568
926,B0100,aggressive,UNKNOWN,15813.611088,29763.506852,2636.493148,1386.137458,31829.397185,14854.329102,556.452828,28562.160889,-10.607924,8490.056136,-89.874729,0.042959,False,False,False,False,True,True,True,1-circle,1.000000,3898.268969,-19393.481874,-1.500010,-0.508938,100.000000,100.000000,0.000000,0.000000,2,4,4,0.0000,0.0000,0.0000,0.5000,"Accelerate",-0.034845
927,A0100,pursuit_chase_v1,UNKNOWN,15813.611088,29763.506852,2636.493148,1386.137458,31829.397185,14854.329102,556.452828,28562.160889,-10.607924,8490.056136,-89.874729,0.042959,False,False,False,False,True,True,True,1-circle,1.000000,3898.268969,-19393.481874,-1.500010,-0.508938,100.000000,100.000000,0.000000,0.000000,2,4,4,0.0000,0.0000,0.0000,0.5000,"PursuitChaseOptimal",0.042442
927,B0100,aggressive,UNKNOWN,15813.611088,29763.506852,2636.493148,1386.137458,31829.397185,14854.329102,556.452828,28562.160889,-10.607924,8490.056136,-89.874729,0.042959,False,False,False,False,True,True,True,1-circle,1.000000,3898.268969,-19393.481874,-1.500010,-0.508938,100.000000,100.000000,0.000000,0.000000,2,4,4,0.0000,0.0000,0.0000,0.5000,"Accelerate",-0.036134
928,A0100,pursuit_chase_v1,UNKNOWN,15829.171384,29760.063287,2639.936713,1389.634712,31817.130586,14853.437956,556.687387,28572.828562,213.353467,8444.635187,-89.588021,0.001130,False,False,False,False,True,True,True,1-circle,1.000000,3898.159099,-19112.231946,0.039476,-0.480375,100.000000,100.000000,0.000000,0.000000,2,4,4,0.0000,0.0000,0.0000,0.5000,"PursuitChaseOptimal",0.043279
928,B0100,aggressive,UNKNOWN,15829.171384,29760.063287,2639.936713,1389.634712,31817.130586,14853.437956,556.687387,28572.828562,213.353467,8444.635187,-89.588021,0.001130,False,False,False,False,True,True,True,1-circle,1.000000,3898.159099,-19112.231946,0.039476,-0.480375,100.000000,100.000000,0.000000,0.000000,2,4,4,0.0000,0.0000,0.0000,0.5000,"Accelerate",-0.036478
929,A0100,pursuit_chase_v1,UNKNOWN,15829.171384,29760.063287,2639.936713,1389.634712,31817.130586,14853.437956,556.687387,28572.828562,213.353467,8444.635187,-89.588021,0.001130,False,False,False,False,True,True,True,1-circle,1.000000,3898.159099,-19112.231946,0.039476,-0.480375,100.000000,100.000000,0.000000,0.000000,2,4,4,0.0000,0.0000,0.0000,0.5000,"PursuitChaseOptimal",0.044159
929,B0100,aggressive,UNKNOWN,15829.171384,29760.063287,2639.936713,1389.634712,31817.130586,14853.437956,556.687387,28572.828562,213.353467,8444.635187,-89.588021,0.001130,False,False,False,False,True,True,True,1-circle,1.000000,3898.159099,-19112.231946,0.039476,-0.480375,100.000000,100.000000,0.000000,0.000000,2,4,4,0.0000,0.0000,0.0000,0.5000,"Accelerate",-0.036681
930,A0100,pursuit_chase_v1,UNKNOWN,15844.601202,29763.207006,2636.792994,1394.749575,31806.436897,14852.493940,556.767339,28575.825606,59.940877,8389.047470,-89.249420,0.023355,False,False,False,False,True,True,True,1-circle,1.000000,3897.752852,-18968.125692,0.816050,-0.652669,100.000000,100.000000,0.000000,0.000000,2,4,4,0.0000,0.0000,0.0000,0.5000,"PursuitChaseOptimal",0.032667
930,B0100,aggressive,UNKNOWN,15844.601202,29763.207006,2636.792994,1394.749575,31806.436897,14852.493940,556.767339,28575.825606,59.940877,8389.047470,-89.249420,0.023355,False,False,False,False,True,True,True,1-circle,1.000000,3897.752852,-18968.125692,0.816050,-0.652669,100.000000,100.000000,0.000000,0.000000,2,4,4,0.0000,0.0000,0.0000,0.5000,"Accelerate",-0.026990
931,A0100,pursuit_chase_v1,UNKNOWN,15844.601202,29763.207006,2636.792994,1394.749575,31806.436897,14852.493940,556.767339,28575.825606,59.940877,8389.047470,-89.249420,0.023355,False,False,False,False,True,True,True,1-circle,1.000000,3897.752852,-18968.125692,0.816050,-0.652669,100.000000,100.000000,0.000000,0.000000,2,4,4,0.0000,0.0000,0.0000,0.5000,"PursuitChaseOptimal",0.030248
931,B0100,aggressive,UNKNOWN,15844.601202,29763.207006,2636.792994,1394.749575,31806.436897,14852.493940,556.767339,28575.825606,59.940877,8389.047470,-89.249420,0.023355,False,False,False,False,True,True,True,1-circle,1.000000,3897.752852,-18968.125692,0.816050,-0.652669,100.000000,100.000000,0.000000,0.000000,2,4,4,0.0000,0.0000,0.0000,0.5000,"Accelerate",-0.025291
932,A0100,pursuit_chase_v1,UNKNOWN,15859.884941,29768.116939,2631.883061,1397.925255,31795.152106,14851.641991,556.931675,28583.076038,145.008627,8345.531109,-89.011739,0.019733,False,False,False,False,True,True,True,1-circle,1.000000,3896.932105,-19234.570591,-0.689680,-0.371468,100.000000,100.000000,0.000000,0.000000,2,4,4,0.0000,0.0000,0.0000,0.5000,"PursuitChaseOptimal",0.017846
932,B0100,aggressive,UNKNOWN,15859.884941,29768.116939,2631.883061,1397.925255,31795.152106,14851.641991,556.931675,28583.076038,145.008627,8345.531109,-89.011739,0.019733,False,False,False,False,True,True,True,1-circle,1.000000,3896.932105,-19234.570591,-0.689680,-0.371468,100.000000,100.000000,0.000000,0.000000,2,4,4,0.0000,0.0000,0.0000,0.5000,"Accelerate",-0.015415
933,A0100,pursuit_chase_v1,UNKNOWN,15859.884941,29768.116939,2631.883061,1397.925255,31795.152106,14851.641991,556.931675,28583.076038,145.008627,8345.531109,-89.011739,0.019733,False,False,False,False,True,True,True,1-circle,1.000000,3896.932105,-19234.570591,-0.689680,-0.371468,100.000000,100.000000,0.000000,0.000000,2,4,4,0.0000,0.0000,0.0000,0.5000,"PursuitChaseOptimal",0.007377
933,B0100,aggressive,UNKNOWN,15859.884941,29768.116939,2631.883061,1397.925255,31795.152106,14851.641991,556.931675,28583.076038,145.008627,8345.531109,-89.011739,0.019733,False,False,False,False,True,True,True,1-circle,1.000000,3896.932105,-19234.570591,-0.689680,-0.371468,100.000000,100.000000,0.000000,0.000000,2,4,4,0.0000,0.0000,0.0000,0.5000,"Accelerate",-0.006236
934,A0100,pursuit_chase_v1,UNKNOWN,15875.078595,29760.532424,2639.467576,1394.715733,31782.699795,14850.731762,557.178911,28594.360007,225.679380,8319.754654,-88.642826,0.058851,False,False,False,False,True,True,True,1-circle,1.000000,3895.984638,-18735.532966,2.056945,-0.657041,100.000000,100.000000,0.000000,0.000000,2,4,4,0.0000,0.0000,0.0000,0.5000,"PursuitChaseOptimal",0.014587
934,B0100,aggressive,UNKNOWN,15875.078595,29760.532424,2639.467576,1394.715733,31782.699795,14850.731762,557.178911,28594.360007,225.679380,8319.754654,-88.642826,0.058851,False,False,False,False,True,True,True,1-circle,1.000000,3895.984638,-18735.532966,2.056945,-0.657041,100.000000,100.000000,0.000000,0.000000,2,4,4,0.0000,0.0000,0.0000,0.5000,"Accelerate",-0.011786
935,A0100,pursuit_chase_v1,UNKNOWN,15875.078595,29760.532424,2639.467576,1394.715733,31782.699795,14850.731762,557.178911,28594.360007,225.679380,8319.754654,-88.642826,0.058851,False,False,False,False,True,True,True,1-circle,1.000000,3895.984638,-18735.532966,2.056945,-0.657041,100.000000,100.000000,0.000000,0.000000,2,4,4,0.0000,0.0000,0.0000,0.5000,"PursuitChaseOptimal",0.018287
935,B0100,aggressive,UNKNOWN,15875.078595,29760.532424,2639.467576,1394.715733,31782.699795,14850.731762,557.178911,28594.360007,225.679380,8319.754654,-88.642826,0.058851,False,False,False,False,True,True,True,1-circle,1.000000,3895.984638,-18735.532966,2.056945,-0.657041,100.000000,100.000000,0.000000,0.000000,2,4,4,0.0000,0.0000,0.0000,0.5000,"Accelerate",-0.014482
936,A0100,pursuit_chase_v1,UNKNOWN,15890.174261,29776.626185,2623.373815,1400.430298,31773.794393,14849.866130,557.165201,28592.818016,-30.839816,8275.858836,-88.460736,0.013683,False,False,False,False,True,True,True,1-circle,1.000000,3894.855585,-19187.156070,-0.478429,-0.445111,100.000000,100.000000,0.000000,0.000000,2,4,4,0.0000,0.0000,0.0000,0.5000,"PursuitChaseOptimal",0.017864
936,B0100,aggressive,UNKNOWN,15890.174261,29776.626185,2623.373815,1400.430298,31773.794393,14849.866130,557.165201,28592.818016,-30.839816,8275.858836,-88.460736,0.013683,False,False,False,False,True,True,True,1-circle,1.000000,3894.855585,-19187.156070,-0.478429,-0.445111,100.000000,100.000000,0.000000,0.000000,2,4,4,0.0000,0.0000,0.0000,0.5000,"Accelerate",-0.014416
937,A0100,pursuit_chase_v1,UNKNOWN,15890.174261,29776.626185,2623.373815,1400.430298,31773.794393,14849.866130,557.165201,28592.818016,-30.839816,8275.858836,-88.460736,0.013683,False,False,False,False,True,True,True,1-circle,1.000000,3894.855585,-19187.156070,-0.478429,-0.445111,100.000000,100.000000,0.000000,0.000000,2,4,4,0.0000,0.0000,0.0000,0.5000,"PursuitChaseOptimal",0.019756
937,B0100,aggressive,UNKNOWN,15890.174261,29776.626185,2623.373815,1400.430298,31773.794393,14849.866130,557.165201,28592.818016,-30.839816,8275.858836,-88.460736,0.013683,False,False,False,False,True,True,True,1-circle,1.000000,3894.855585,-19187.156070,-0.478429,-0.445111,100.000000,100.000000,0.000000,0.000000,2,4,4,0.0000,0.0000,0.0000,0.5000,"Accelerate",-0.016507
938,A0100,pursuit_chase_v1,UNKNOWN,15905.163660,29782.629241,2617.370759,1403.836922,31762.659271,14849.162359,557.254208,28596.505434,73.748372,8240.401354,-88.290146,0.057910,False,False,False,False,True,True,True,1-circle,1.000000,3893.386852,-19460.455115,-2.024288,-0.444701,100.000000,100.000000,0.000000,0.000000,2,4,4,0.0000,0.0000,0.0000,0.5000,"PursuitChaseOptimal",0.013377
938,B0100,aggressive,UNKNOWN,15905.163660,29782.629241,2617.370759,1403.836922,31762.659271,14849.162359,557.254208,28596.505434,73.748372,8240.401354,-88.290146,0.057910,False,False,False,False,True,True,True,1-circle,1.000000,3893.386852,-19460.455115,-2.024288,-0.444701,100.000000,100.000000,0.000000,0.000000,2,4,4,0.0000,0.0000,0.0000,0.5000,"Accelerate",-0.011691
939,A0100,pursuit_chase_v1,UNKNOWN,15905.163660,29782.629241,2617.370759,1403.836922,31762.659271,14849.162359,557.254208,28596.505434,73.748372,8240.401354,-88.290146,0.057910,False,False,False,False,True,True,True,1-circle,1.000000,3893.386852,-19460.455115,-2.024288,-0.444701,100.000000,100.000000,0.000000,0.000000,2,4,4,0.0000,0.0000,0.0000,0.5000,"PursuitChaseOptimal",-0.003074
939,B0100,aggressive,UNKNOWN,15905.163660,29782.629241,2617.370759,1403.836922,31762.659271,14849.162359,557.254208,28596.505434,73.748372,8240.401354,-88.290146,0.057910,False,False,False,False,True,True,True,1-circle,1.000000,3893.386852,-19460.455115,-2.024288,-0.444701,100.000000,100.000000,0.000000,0.000000,2,4,4,0.0000,0.0000,0.0000,0.5000,"Accelerate",0.002012
940,A0100,pursuit_chase_v1,UNKNOWN,15920.076945,29769.842013,2630.157987,1406.362929,31752.285112,14848.388519,557.524155,28609.053912,250.969546,8214.436196,-87.882242,0.028220,False,False,False,False,True,True,True,1-circle,1.000000,3891.809005,-18913.378977,0.987199,-0.760130,100.000000,100.000000,0.000000,0.000000,2,4,3,0.0000,0.0000,0.0000,0.5000,"PursuitChaseOptimal",-0.005389
940,B0100,aggressive,UNKNOWN,15920.076945,29769.842013,2630.157987,1406.362929,31752.285112,14848.388519,557.524155,28609.053912,250.969546,8214.436196,-87.882242,0.028220,False,False,False,False,True,True,True,1-circle,1.000000,3891.809005,-18913.378977,0.987199,-0.760130,100.000000,100.000000,0.000000,0.000000,2,4,4,0.0000,0.0000,0.0000,0.5000,"Accelerate",0.004227
941,A0100,pursuit_chase_v1,UNKNOWN,15920.076945,29769.842013,2630.157987,1406.362929,31752.285112,14848.388519,557.524155,28609.053912,250.969546,8214.436196,-87.882242,0.028220,False,False,False,False,True,True,True,1-circle,1.000000,3891.809005,-18913.378977,0.987199,-0.760130,100.000000,100.000000,0.000000,0.000000,2,4,3,0.0000,0.0000,0.0000,0.5000,"PursuitChaseOptimal",0.002630
941,B0100,aggressive,UNKNOWN,15920.076945,29769.842013,2630.157987,1406.362929,31752.285112,14848.388519,557.524155,28609.053912,250.969546,8214.436196,-87.882242,0.028220,False,False,False,False,True,True,True,1-circle,1.000000,3891.809005,-18913.378977,0.987199,-0.760130,100.000000,100.000000,0.000000,0.000000,2,4,4,0.0000,0.0000,0.0000,0.5000,"Accelerate",-0.001915
942,A0100,pursuit_chase_v1,UNKNOWN,15934.913911,29770.435039,2629.564961,1407.277142,31740.977597,14847.510216,557.553828,28609.640405,11.729872,8174.421411,-87.363739,0.053200,False,False,False,False,True,True,True,1-circle,1.000000,3890.285599,-18751.213723,1.860652,-0.792234,100.000000,100.000000,0.000000,0.000000,2,4,3,0.0000,0.0000,0.0000,0.5000,"PursuitChaseOptimal",0.002610
942,B0100,aggressive,UNKNOWN,15934.913911,29770.435039,2629.564961,1407.277142,31740.977597,14847.510216,557.553828,28609.640405,11.729872,8174.421411,-87.363739,0.053200,False,False,False,False,True,True,True,1-circle,1.000000,3890.285599,-18751.213723,1.860652,-0.792234,100.000000,100.000000,0.000000,0.000000,2,4,4,0.0000,0.0000,0.0000,0.5000,"Accelerate",-0.007041
943,A0100,pursuit_chase_v1,UNKNOWN,15934.913911,29770.435039,2629.564961,1407.277142,31740.977597,14847.510216,557.553828,28609.640405,11.729872,8174.421411,-87.363739,0.053200,False,False,False,False,True,True,True,1-circle,1.000000,3890.285599,-18751.213723,1.860652,-0.792234,100.000000,100.000000,0.000000,0.000000,2,4,3,0.0000,0.0000,0.0000,0.5000,"PursuitChaseOptimal",-0.020290
943,B0100,aggressive,UNKNOWN,15934.913911,29770.435039,2629.564961,1407.277142,31740.977597,14847.510216,557.553828,28609.640405,11.729872,8174.421411,-87.363739,0.053200,False,False,False,False,True,True,True,1-circle,1.000000,3890.285599,-18751.213723,1.860652,-0.792234,100.000000,100.000000,0.000000,0.000000,2,4,4,0.0000,0.0000,0.0000,0.5000,"Accelerate",0.010480
944,A0100,pursuit_chase_v1,UNKNOWN,15949.627734,29783.632417,2616.367583,1414.077047,31731.258387,14846.747536,557.530282,28607.715385,-38.500413,8128.687715,-86.989870,0.052588,False,False,False,False,True,True,True,1-circle,1.000000,3888.544078,-19412.113682,-1.839168,-0.487813,100.000000,100.000000,0.000000,0.000000,2,4,3,0.0000,0.0000,0.0000,0.5000,"PursuitChaseOptimal",-0.012124
944,B0100,aggressive,UNKNOWN,15949.627734,29783.632417,2616.367583,1414.077047,31731.258387,14846.747536,557.530282,28607.715385,-38.500413,8128.687715,-86.989870,0.052588,False,False,False,False,True,True,True,1-circle,1.000000,3888.544078,-19412.113682,-1.839168,-0.487813,100.000000,100.000000,0.000000,0.000000,2,4,4,0.0000,0.0000,0.0000,0.5000,"Accelerate",0.003188
945,A0100,pursuit_chase_v1,UNKNOWN,15949.627734,29783.632417,2616.367583,1414.077047,31731.258387,14846.747536,557.530282,28607.715385,-38.500413,8128.687715,-86.989870,0.052588,False,False,False,False,True,True,True,1-circle,1.000000,3888.544078,-19412.113682,-1.839168,-0.487813,100.000000,100.000000,0.000000,0.000000,2,4,3,0.0000,0.0000,0.0000,0.5000,"PursuitChaseOptimal",-0.003476
945,B0100,aggressive,UNKNOWN,15949.627734,29783.632417,2616.367583,1414.077047,31731.258387,14846.747536,557.530282,28607.715385,-38.500413,8128.687715,-86.989870,0.052588,False,False,False,False,True,True,True,1-circle,1.000000,3888.544078,-19412.113682,-1.839168,-0.487813,100.000000,100.000000,0.000000,0.000000,2,4,4,0.0000,0.0000,0.0000,0.5000,"Accelerate",-0.004496
946,A0100,pursuit_chase_v1,UNKNOWN,15964.245683,29772.933037,2627.066963,1409.258968,31718.708466,14846.000027,557.746391,28617.637961,198.451524,8100.339099,-86.409315,0.008267,False,False,False,False,True,True,True,1-circle,1.000000,3886.775040,-19128.082132,-0.289314,-0.730952,100.000000,100.000000,0.000000,0.000000,2,3,3,0.0000,0.0000,0.0000,0.5000,"PursuitChaseOptimal",-0.014041
946,B0100,aggressive,UNKNOWN,15964.245683,29772.933037,2627.066963,1409.258968,31718.708466,14846.000027,557.746391,28617.637961,198.451524,8100.339099,-86.409315,0.008267,False,False,False,False,True,True,True,1-circle,1.000000,3886.775040,-19128.082132,-0.289314,-0.730952,100.000000,100.000000,0.000000,0.000000,2,4,4,0.0000,0.0000,0.0000,0.5000,"Accelerate",0.004471
947,A0100,pursuit_chase_v1,UNKNOWN,15964.245683,29772.933037,2627.066963,1409.258968,31718.708466,14846.000027,557.746391,28617.637961,198.451524,8100.339099,-86.409315,0.008267,False,False,False,False,True,True,True,1-circle,1.000000,3886.775040,-19128.082132,-0.289314,-0.730952,100.000000,100.000000,0.000000,0.000000,2,3,3,0.0000,0.0000,0.0000,0.5000,"PursuitChaseOptimal",-0.024421
947,B0100,aggressive,UNKNOWN,15964.245683,29772.933037,2627.066963,1409.258968,31718.708466,14846.000027,557.746391,28617.637961,198.451524,8100.339099,-86.409315,0.008267,False,False,False,False,True,True,True,1-circle,1.000000,3886.775040,-19128.082132,-0.289314,-0.730952,100.000000,100.000000,0.000000,0.000000,2,4,4,0.0000,0.0000,0.0000,0.5000,"Accelerate",0.013455
948,A0100,pursuit_chase_v1,UNKNOWN,15978.786917,29765.924921,2634.075079,1410.507673,31708.237526,14845.108161,557.863426,28622.526255,97.765887,8066.423175,-85.791508,0.013532,False,False,False,False,True,True,True,1-circle,1.000000,3885.096474,-18985.774339,0.473679,-0.958942,100.000000,100.000000,0.000000,0.000000,2,3,2,0.0000,0.0000,0.0000,0.5000,"PursuitChaseOptimal",-0.038269
948,B0100,aggressive,UNKNOWN,15978.786917,29765.924921,2634.075079,1410.507673,31708.237526,14845.108161,557.863426,28622.526255,97.765887,8066.423175,-85.791508,0.013532,False,False,False,False,True,True,True,1-circle,1.000000,3885.096474,-18985.774339,0.473679,-0.958942,100.000000,100.000000,0.000000,0.000000,2,4,4,0.0000,0.0000,0.0000,0.5000,"Accelerate",0.025218
949,A0100,pursuit_chase_v1,UNKNOWN,15978.786917,29765.924921,2634.075079,1410.507673,31708.237526,14845.108161,557.863426,28622.526255,97.765887,8066.423175,-85.791508,0.013532,False,False,False,False,True,True,True,1-circle,1.000000,3885.096474,-18985.774339,0.473679,-0.958942,100.000000,100.000000,0.000000,0.000000,2,3,2,0.0000,0.0000,0.0000,0.5000,"PursuitChaseOptimal",-0.049720
949,B0100,aggressive,UNKNOWN,15978.786917,29765.924921,2634.075079,1410.507673,31708.237526,14845.108161,557.863426,28622.526255,97.765887,8066.423175,-85.791508,0.013532,False,False,False,False,True,True,True,1-circle,1.000000,3885.096474,-18985.774339,0.473679,-0.958942,100.000000,100.000000,0.000000,0.000000,2,4,4,0.0000,0.0000,0.0000,0.5000,"Accelerate",0.034487
950,A0100,pursuit_chase_v1,UNKNOWN,15993.238815,29763.396950,2636.603050,1404.637391,31696.960135,14844.204665,557.944957,28625.650127,62.477431,8043.831907,-85.100912,0.030666,False,False,False,False,True,True,True,1-circle,1.000000,3883.534811,-19259.394810,-1.073445,-0.684910,100.000000,100.000000,0.000000,0.000000,2,3,2,0.0000,0.0000,0.0000,0.5000,"PursuitChaseOptimal",-0.056521
950,B0100,aggressive,UNKNOWN,15993.238815,29763.396950,2636.603050,1404.637391,31696.960135,14844.204665,557.944957,28625.650127,62.477431,8043.831907,-85.100912,0.030666,False,False,False,False,True,True,True,1-circle,1.000000,3883.534811,-19259.394810,-1.073445,-0.684910,100.000000,100.000000,0.000000,0.000000,2,4,4,0.0000,0.0000,0.0000,0.5000,"Accelerate",0.039749
951,A0100,pursuit_chase_v1,UNKNOWN,15993.238815,29763.396950,2636.603050,1404.637391,31696.960135,14844.204665,557.944957,28625.650127,62.477431,8043.831907,-85.100912,0.030666,False,False,False,False,True,True,True,1-circle,1.000000,3883.534811,-19259.394810,-1.073445,-0.684910,100.000000,100.000000,0.000000,0.000000,2,3,2,0.0000,0.0000,0.0000,0.5000,"PursuitChaseOptimal",-0.058892
951,B0100,aggressive,UNKNOWN,15993.238815,29763.396950,2636.603050,1404.637391,31696.960135,14844.204665,557.944957,28625.650127,62.477431,8043.831907,-85.100912,0.030666,False,False,False,False,True,True,True,1-circle,1.000000,3883.534811,-19259.394810,-1.073445,-0.684910,100.000000,100.000000,0.000000,0.000000,2,4,4,0.0000,0.0000,0.0000,0.5000,"Accelerate",0.042219
952,A0100,pursuit_chase_v1,UNKNOWN,16007.662171,29749.686526,2650.313474,1387.328987,31684.653607,14843.170463,558.176172,28636.040515,207.807760,8046.607289,-84.330141,0.048014,False,False,False,False,True,True,True,1-circle,1.000000,3882.386723,-18759.036338,1.681066,-0.876447,100.000000,100.000000,0.000000,0.000000,2,3,2,0.0000,0.0000,0.0000,0.5000,"PursuitChaseOptimal",-0.056157
952,B0100,aggressive,UNKNOWN,16007.662171,29749.686526,2650.313474,1387.328987,31684.653607,14843.170463,558.176172,28636.040515,207.807760,8046.607289,-84.330141,0.048014,False,False,False,False,True,True,True,1-circle,1.000000,3882.386723,-18759.036338,1.681066,-0.876447,100.000000,100.000000,0.000000,0.000000,2,4,4,0.0000,0.0000,0.0000,0.5000,"Accelerate",0.040461
953,A0100,pursuit_chase_v1,UNKNOWN,16007.662171,29749.686526,2650.313474,1387.328987,31684.653607,14843.170463,558.176172,28636.040515,207.807760,8046.607289,-84.330141,0.048014,False,False,False,False,True,True,True,1-circle,1.000000,3882.386723,-18759.036338,1.681066,-0.876447,100.000000,100.000000,0.000000,0.000000,2,3,2,0.0000,0.0000,0.0000,0.5000,"PursuitChaseOptimal",-0.047437
953,B0100,aggressive,UNKNOWN,16007.662171,29749.686526,2650.313474,1387.328987,31684.653607,14843.170463,558.176172,28636.040515,207.807760,8046.607289,-84.330141,0.048014,False,False,False,False,True,True,True,1-circle,1.000000,3882.386723,-18759.036338,1.681066,-0.876447,100.000000,100.000000,0.000000,0.000000,2,4,4,0.0000,0.0000,0.0000,0.5000,"Accelerate",0.033209
954,A0100,pursuit_chase_v1,UNKNOWN,16022.053645,29756.998575,2643.001425,1361.763176,31677.988522,14842.116466,558.181287,28635.239310,-16.024097,8047.672146,-83.569278,0.017833,False,False,False,False,True,True,True,1-circle,1.000000,3881.680507,-19169.840778,-0.624523,-0.706113,100.000000,100.000000,0.000000,0.000000,2,3,2,0.0000,0.0000,0.0000,0.5000,"PursuitChaseOptimal",-0.036416
954,B0100,aggressive,UNKNOWN,16022.053645,29756.998575,2643.001425,1361.763176,31677.988522,14842.116466,558.181287,28635.239310,-16.024097,8047.672146,-83.569278,0.017833,False,False,False,False,True,True,True,1-circle,1.000000,3881.680507,-19169.840778,-0.624523,-0.706113,100.000000,100.000000,0.000000,0.000000,2,4,4,0.0000,0.0000,0.0000,0.5000,"Accelerate",0.023599
955,A0100,pursuit_chase_v1,UNKNOWN,16022.053645,29756.998575,2643.001425,1361.763176,31677.988522,14842.116466,558.181287,28635.239310,-16.024097,8047.672146,-83.569278,0.017833,False,False,False,False,True,True,True,1-circle,1.000000,3881.680507,-19169.840778,-0.624523,-0.706113,100.000000,100.000000,0.000000,0.000000,2,3,2,0.0000,0.0000,0.0000,0.5000,"PursuitChaseOptimal",-0.030377
955,B0100,aggressive,UNKNOWN,16022.053645,29756.998575,2643.001425,1361.763176,31677.988522,14842.116466,558.181287,28635.239310,-16.024097,8047.672146,-83.569278,0.017833,False,False,False,False,True,True,True,1-circle,1.000000,3881.680507,-19169.840778,-0.624523,-0.706113,100.000000,100.000000,0.000000,0.000000,2,4,4,0.0000,0.0000,0.0000,0.5000,"Accelerate",0.018313
956,A0100,pursuit_chase_v1,UNKNOWN,16036.422261,29749.459768,2650.540232,1306.538803,31662.704560,14841.073282,558.387356,28644.382255,182.858910,8073.778454,-82.679394,0.017063,False,False,False,False,True,True,True,1-circle,1.000000,3881.442896,-18946.010751,0.597749,-0.667651,100.000000,100.000000,0.000000,0.000000,2,4,2,0.0000,0.0000,0.0000,0.5000,"PursuitChaseOptimal",-0.015242
956,B0100,aggressive,UNKNOWN,16036.422261,29749.459768,2650.540232,1306.538803,31662.704560,14841.073282,558.387356,28644.382255,182.858910,8073.778454,-82.679394,0.017063,False,False,False,False,True,True,True,1-circle,1.000000,3881.442896,-18946.010751,0.597749,-0.667651,100.000000,100.000000,0.000000,0.000000,2,4,4,0.0000,0.0000,0.0000,0.5000,"Accelerate",0.005844
957,A0100,pursuit_chase_v1,UNKNOWN,16036.422261,29749.459768,2650.540232,1306.538803,31662.704560,14841.073282,558.387356,28644.382255,182.858910,8073.778454,-82.679394,0.017063,False,False,False,False,True,True,True,1-circle,1.000000,3881.442896,-18946.010751,0.597749,-0.667651,100.000000,100.000000,0.000000,0.000000,2,4,2,0.0000,0.0000,0.0000,0.5000,"PursuitChaseOptimal",-0.016190
957,B0100,aggressive,UNKNOWN,16036.422261,29749.459768,2650.540232,1306.538803,31662.704560,14841.073282,558.387356,28644.382255,182.858910,8073.778454,-82.679394,0.017063,False,False,False,False,True,True,True,1-circle,1.000000,3881.442896,-18946.010751,0.597749,-0.667651,100.000000,100.000000,0.000000,0.000000,2,4,4,0.0000,0.0000,0.0000,0.5000,"Accelerate",0.006775
958,A0100,pursuit_chase_v1,UNKNOWN,16050.743380,29756.194722,2643.805278,1226.197693,31657.751274,14840.026202,558.360340,28641.999534,-47.654427,8090.465413,-81.245279,0.056699,False,False,False,False,True,True,True,1-circle,1.000000,3881.818200,-19407.677524,-1.985439,-0.786674,100.000000,100.000000,0.000000,0.000000,2,4,2,0.0000,0.0000,0.0000,0.5000,"PursuitChaseOptimal",-0.007689
958,B0100,aggressive,UNKNOWN,16050.743380,29756.194722,2643.805278,1226.197693,31657.751274,14840.026202,558.360340,28641.999534,-47.654427,8090.465413,-81.245279,0.056699,False,False,False,False,True,True,True,1-circle,1.000000,3881.818200,-19407.677524,-1.985439,-0.786674,100.000000,100.000000,0.000000,0.000000,2,4,4,0.0000,0.0000,0.0000,0.5000,"Accelerate",-0.000779
959,A0100,pursuit_chase_v1,UNKNOWN,16050.743380,29756.194722,2643.805278,1226.197693,31657.751274,14840.026202,558.360340,28641.999534,-47.654427,8090.465413,-81.245279,0.056699,False,False,False,False,True,True,True,1-circle,1.000000,3881.818200,-19407.677524,-1.985439,-0.786674,100.000000,100.000000,0.000000,0.000000,2,4,2,0.0000,0.0000,0.0000,0.5000,"PursuitChaseOptimal",-0.011350
959,B0100,aggressive,UNKNOWN,16050.743380,29756.194722,2643.805278,1226.197693,31657.751274,14840.026202,558.360340,28641.999534,-47.654427,8090.465413,-81.245279,0.056699,False,False,False,False,True,True,True,1-circle,1.000000,3881.818200,-19407.677524,-1.985439,-0.786674,100.000000,100.000000,0.000000,0.000000,2,4,4,0.0000,0.0000,0.0000,0.5000,"Accelerate",0.001769
960,A0100,pursuit_chase_v1,UNKNOWN,16064.938110,29745.683685,2654.316315,1115.960650,31646.322198,14838.987458,558.605012,28653.059428,221.197870,8116.090069,-79.208953,0.013702,False,False,False,False,True,True,True,1-circle,1.000000,3882.952126,-19134.085226,-0.480188,-0.594826,100.000000,100.000000,0.000000,0.000000,2,4,2,0.0000,0.0000,0.0000,0.5000,"PursuitChaseOptimal",-0.019535
960,B0100,aggressive,UNKNOWN,16064.938110,29745.683685,2654.316315,1115.960650,31646.322198,14838.987458,558.605012,28653.059428,221.197870,8116.090069,-79.208953,0.013702,False,False,False,False,True,True,True,1-circle,1.000000,3882.952126,-19134.085226,-0.480188,-0.594826,100.000000,100.000000,0.000000,0.000000,2,4,4,0.0000,0.0000,0.0000,0.5000,"Accelerate",0.008869
961,A0100,pursuit_chase_v1,UNKNOWN,16064.938110,29745.683685,2654.316315,1115.960650,31646.322198,14838.987458,558.605012,28653.059428,221.197870,8116.090069,-79.208953,0.013702,False,False,False,False,True,True,True,1-circle,1.000000,3882.952126,-19134.085226,-0.480188,-0.594826,100.000000,100.000000,0.000000,0.000000,2,4,2,0.0000,0.0000,0.0000,0.5000,"PursuitChaseOptimal",-0.026254
961,B0100,aggressive,UNKNOWN,16064.938110,29745.683685,2654.316315,1115.960650,31646.322198,14838.987458,558.605012,28653.059428,221.197870,8116.090069,-79.208953,0.013702,False,False,False,False,True,True,True,1-circle,1.000000,3882.952126,-19134.085226,-0.480188,-0.594826,100.000000,100.000000,0.000000,0.000000,2,4,4,0.0000,0.0000,0.0000,0.5000,"Accelerate",0.014797
962,A0100,pursuit_chase_v1,UNKNOWN,16079.000969,29737.317280,2662.682720,1018.768551,31635.777459,14837.832788,558.778190,28660.471323,148.237917,8137.224746,-77.265334,0.074768,False,False,False,False,True,True,True,1-circle,1.000000,3885.052978,-18574.378667,2.619146,-0.925515,100.000000,100.000000,0.000000,0.000000,2,4,2,0.0000,0.0000,0.0000,0.5000,"PursuitChaseOptimal",-0.024308
962,B0100,aggressive,UNKNOWN,16079.000969,29737.317280,2662.682720,1018.768551,31635.777459,14837.832788,558.778190,28660.471323,148.237917,8137.224746,-77.265334,0.074768,False,False,False,False,True,True,True,1-circle,1.000000,3885.052978,-18574.378667,2.619146,-0.925515,100.000000,100.000000,0.000000,0.000000,2,4,4,0.0000,0.0000,0.0000,0.5000,"Accelerate",0.013584
963,A0100,pursuit_chase_v1,UNKNOWN,16079.000969,29737.317280,2662.682720,1018.768551,31635.777459,14837.832788,558.778190,28660.471323,148.237917,8137.224746,-77.265334,0.074768,False,False,False,False,True,True,True,1-circle,1.000000,3885.052978,-18574.378667,2.619146,-0.925515,100.000000,100.000000,0.000000,0.000000,2,4,2,0.0000,0.0000,0.0000,0.5000,"PursuitChaseOptimal",-0.010519
963,B0100,aggressive,UNKNOWN,16079.000969,29737.317280,2662.682720,1018.768551,31635.777459,14837.832788,558.778190,28660.471323,148.237917,8137.224746,-77.265334,0.074768,False,False,False,False,True,True,True,1-circle,1.000000,3885.052978,-18574.378667,2.619146,-0.925515,100.000000,100.000000,0.000000,0.000000,2,4,4,0.0000,0.0000,0.0000,0.5000,"Accelerate",0.002246
964,A0100,pursuit_chase_v1,UNKNOWN,16092.946479,29750.248442,2649.751558,968.008963,31629.310504,14836.723651,558.743051,28657.623766,-56.951148,8129.372106,-76.258226,0.002605,False,False,False,False,True,True,True,1-circle,1.000000,3887.756707,-19028.097426,0.091305,-0.655765,100.000000,100.000000,0.000000,0.000000,2,4,2,0.0000,0.0000,0.0000,0.5000,"PursuitChaseOptimal",0.018313
964,B0100,aggressive,UNKNOWN,16092.946479,29750.248442,2649.751558,968.008963,31629.310504,14836.723651,558.743051,28657.623766,-56.951148,8129.372106,-76.258226,0.002605,False,False,False,False,True,True,True,1-circle,1.000000,3887.756707,-19028.097426,0.091305,-0.655765,100.000000,100.000000,0.000000,0.000000,2,4,4,0.0000,0.0000,0.0000,0.5000,"Accelerate",-0.022380
965,A0100,pursuit_chase_v1,UNKNOWN,16092.946479,29750.248442,2649.751558,968.008963,31629.310504,14836.723651,558.743051,28657.623766,-56.951148,8129.372106,-76.258226,0.002605,False,False,False,False,True,True,True,1-circle,1.000000,3887.756707,-19028.097426,0.091305,-0.655765,100.000000,100.000000,0.000000,0.000000,2,4,2,0.0000,0.0000,0.0000,0.5000,"PursuitChaseOptimal",0.046806
965,B0100,aggressive,UNKNOWN,16092.946479,29750.248442,2649.751558,968.008963,31629.310504,14836.723651,558.743051,28657.623766,-56.951148,8129.372106,-76.258226,0.002605,False,False,False,False,True,True,True,1-circle,1.000000,3887.756707,-19028.097426,0.091305,-0.655765,100.000000,100.000000,0.000000,0.000000,2,4,4,0.0000,0.0000,0.0000,0.5000,"Accelerate",-0.046788
966,A0100,pursuit_chase_v1,UNKNOWN,16106.766818,29757.121748,2642.878252,957.222266,31620.788340,14835.782096,558.840431,28661.500152,77.527726,8096.647821,-76.101342,0.041400,False,False,False,False,True,True,True,1-circle,1.000000,3890.366405,-19304.422196,-1.451095,-0.426414,100.000000,100.000000,0.000000,0.000000,2,4,2,0.0000,0.0000,0.0000,0.5000,"PursuitChaseOptimal",0.076918
966,B0100,aggressive,UNKNOWN,16106.766818,29757.121748,2642.878252,957.222266,31620.788340,14835.782096,558.840431,28661.500152,77.527726,8096.647821,-76.101342,0.041400,False,False,False,False,True,True,True,1-circle,1.000000,3890.366405,-19304.422196,-1.451095,-0.426414,100.000000,100.000000,0.000000,0.000000,2,4,4,0.0000,0.0000,0.0000,0.5000,"Accelerate",-0.072677
967,A0100,pursuit_chase_v1,UNKNOWN,16106.766818,29757.121748,2642.878252,957.222266,31620.788340,14835.782096,558.840431,28661.500152,77.527726,8096.647821,-76.101342,0.041400,False,False,False,False,True,True,True,1-circle,1.000000,3890.366405,-19304.422196,-1.451095,-0.426414,100.000000,100.000000,0.000000,0.000000,2,4,2,0.0000,0.0000,0.0000,0.5000,"PursuitChaseOptimal",0.101644
967,B0100,aggressive,UNKNOWN,16106.766818,29757.121748,2642.878252,957.222266,31620.788340,14835.782096,558.840431,28661.500152,77.527726,8096.647821,-76.101342,0.041400,False,False,False,False,True,True,True,1-circle,1.000000,3890.366405,-19304.422196,-1.451095,-0.426414,100.000000,100.000000,0.000000,0.000000,2,4,4,0.0000,0.0000,0.0000,0.5000,"Accelerate",-0.092862
968,A0100,pursuit_chase_v1,UNKNOWN,16120.526513,29748.071115,2651.928885,960.760325,31611.318805,14834.817648,559.061589,28671.480745,199.611851,8089.989604,-76.939513,0.036762,False,False,False,False,True,True,True,1-circle,1.000000,3892.501176,-18809.566012,1.289029,-0.688598,100.000000,100.000000,0.000000,0.000000,2,4,2,0.0000,0.0000,0.0000,0.5000,"PursuitChaseOptimal",0.105374
968,B0100,aggressive,UNKNOWN,16120.526513,29748.071115,2651.928885,960.760325,31611.318805,14834.817648,559.061589,28671.480745,199.611851,8089.989604,-76.939513,0.036762,False,False,False,False,True,True,True,1-circle,1.000000,3892.501176,-18809.566012,1.289029,-0.688598,100.000000,100.000000,0.000000,0.000000,2,4,4,0.0000,0.0000,0.0000,0.5000,"Accelerate",-0.095138
969,A0100,pursuit_chase_v1,UNKNOWN,16120.526513,29748.071115,2651.928885,960.760325,31611.318805,14834.817648,559.061589,28671.480745,199.611851,8089.989604,-76.939513,0.036762,False,False,False,False,True,True,True,1-circle,1.000000,3892.501176,-18809.566012,1.289029,-0.688598,100.000000,100.000000,0.000000,0.000000,2,4,2,0.0000,0.0000,0.0000,0.5000,"PursuitChaseOptimal",0.099189
969,B0100,aggressive,UNKNOWN,16120.526513,29748.071115,2651.928885,960.760325,31611.318805,14834.817648,559.061589,28671.480745,199.611851,8089.989604,-76.939513,0.036762,False,False,False,False,True,True,True,1-circle,1.000000,3892.501176,-18809.566012,1.289029,-0.688598,100.000000,100.000000,0.000000,0.000000,2,4,4,0.0000,0.0000,0.0000,0.5000,"Accelerate",-0.089559
970,A0100,pursuit_chase_v1,UNKNOWN,16134.305035,29758.356470,2641.643530,964.327578,31607.586707,14833.885120,559.085731,28671.743288,5.250862,8092.205627,-78.259449,0.028747,False,False,False,False,True,True,True,1-circle,1.000000,3893.842451,-19220.844599,-1.008074,-0.499508,100.000000,100.000000,0.000000,0.000000,2,4,2,0.0000,0.0000,0.0000,0.5000,"PursuitChaseOptimal",0.065805
970,B0100,aggressive,UNKNOWN,16134.305035,29758.356470,2641.643530,964.327578,31607.586707,14833.885120,559.085731,28671.743288,5.250862,8092.205627,-78.259449,0.028747,False,False,False,False,True,True,True,1-circle,1.000000,3893.842451,-19220.844599,-1.008074,-0.499508,100.000000,100.000000,0.000000,0.000000,2,4,4,0.0000,0.0000,0.0000,0.5000,"Accelerate",-0.061848
971,A0100,pursuit_chase_v1,UNKNOWN,16134.305035,29758.356470,2641.643530,964.327578,31607.586707,14833.885120,559.085731,28671.743288,5.250862,8092.205627,-78.259449,0.028747,False,False,False,False,True,True,True,1-circle,1.000000,3893.842451,-19220.844599,-1.008074,-0.499508,100.000000,100.000000,0.000000,0.000000,2,4,2,0.0000,0.0000,0.0000,0.5000,"PursuitChaseOptimal",0.042877
971,B0100,aggressive,UNKNOWN,16134.305035,29758.356470,2641.643530,964.327578,31607.586707,14833.885120,559.085731,28671.743288,5.250862,8092.205627,-78.259449,0.028747,False,False,False,False,True,True,True,1-circle,1.000000,3893.842451,-19220.844599,-1.008074,-0.499508,100.000000,100.000000,0.000000,0.000000,2,4,4,0.0000,0.0000,0.0000,0.5000,"Accelerate",-0.043262
972,A0100,pursuit_chase_v1,UNKNOWN,16148.134190,29750.392829,2649.607171,958.002124,31596.952623,14832.993363,559.348666,28683.870317,242.540570,8116.718624,-79.077322,0.015285,False,False,False,False,True,True,True,1-circle,1.000000,3894.605249,-18940.256211,0.536283,-0.496294,100.000000,100.000000,0.000000,0.000000,2,4,2,0.0000,0.0000,0.0000,0.5000,"PursuitChaseOptimal",0.022576
972,B0100,aggressive,UNKNOWN,16148.134190,29750.392829,2649.607171,958.002124,31596.952623,14832.993363,559.348666,28683.870317,242.540570,8116.718624,-79.077322,0.015285,False,False,False,False,True,True,True,1-circle,1.000000,3894.605249,-18940.256211,0.536283,-0.496294,100.000000,100.000000,0.000000,0.000000,2,4,4,0.0000,0.0000,0.0000,0.5000,"Accelerate",-0.025999
973,A0100,pursuit_chase_v1,UNKNOWN,16148.134190,29750.392829,2649.607171,958.002124,31596.952623,14832.993363,559.348666,28683.870317,242.540570,8116.718624,-79.077322,0.015285,False,False,False,False,True,True,True,1-circle,1.000000,3894.605249,-18940.256211,0.536283,-0.496294,100.000000,100.000000,0.000000,0.000000,2,4,2,0.0000,0.0000,0.0000,0.5000,"PursuitChaseOptimal",-0.006424
973,B0100,aggressive,UNKNOWN,16148.134190,29750.392829,2649.607171,958.002124,31596.952623,14832.993363,559.348666,28683.870317,242.540570,8116.718624,-79.077322,0.015285,False,False,False,False,True,True,True,1-circle,1.000000,3894.605249,-18940.256211,0.536283,-0.496294,100.000000,100.000000,0.000000,0.000000,2,4,4,0.0000,0.0000,0.0000,0.5000,"Accelerate",-0.001580
974,A0100,pursuit_chase_v1,UNKNOWN,16162.002819,29753.792736,2646.207264,956.587342,31588.751165,14832.045937,559.394962,28685.215793,26.909532,8113.627729,-79.267195,0.036700,False,False,False,False,True,True,True,1-circle,1.000000,3895.180643,-18802.298619,1.287542,-0.633307,100.000000,100.000000,0.000000,0.000000,2,4,2,0.0000,0.0000,0.0000,0.5000,"PursuitChaseOptimal",-0.025196
974,B0100,aggressive,UNKNOWN,16162.002819,29753.792736,2646.207264,956.587342,31588.751165,14832.045937,559.394962,28685.215793,26.909532,8113.627729,-79.267195,0.036700,False,False,False,False,True,True,True,1-circle,1.000000,3895.180643,-18802.298619,1.287542,-0.633307,100.000000,100.000000,0.000000,0.000000,2,4,4,0.0000,0.0000,0.0000,0.5000,"Accelerate",0.013948
975,A0100,pursuit_chase_v1,UNKNOWN,16162.002819,29753.792736,2646.207264,956.587342,31588.751165,14832.045937,559.394962,28685.215793,26.909532,8113.627729,-79.267195,0.036700,False,False,False,False,True,True,True,1-circle,1.000000,3895.180643,-18802.298619,1.287542,-0.633307,100.000000,100.000000,0.000000,0.000000,2,4,2,0.0000,0.0000,0.0000,0.5000,"PursuitChaseOptimal",-0.027941
975,B0100,aggressive,UNKNOWN,16162.002819,29753.792736,2646.207264,956.587342,31588.751165,14832.045937,559.394962,28685.215793,26.909532,8113.627729,-79.267195,0.036700,False,False,False,False,True,True,True,1-circle,1.000000,3895.180643,-18802.298619,1.287542,-0.633307,100.000000,100.000000,0.000000,0.000000,2,4,4,0.0000,0.0000,0.0000,0.5000,"Accelerate",0.015886
976,A0100,pursuit_chase_v1,UNKNOWN,16175.871985,29758.569214,2641.430786,956.064921,31579.857150,14831.205213,559.536532,28691.387797,123.440073,8122.241524,-79.424913,0.006730,False,False,False,False,True,True,True,1-circle,1.000000,3895.657318,-19073.778177,-0.236200,-0.355721,100.000000,100.000000,0.000000,0.000000,2,4,2,0.0000,0.0000,0.0000,0.5000,"PursuitChaseOptimal",-0.029920
976,B0100,aggressive,UNKNOWN,16175.871985,29758.569214,2641.430786,956.064921,31579.857150,14831.205213,559.536532,28691.387797,123.440073,8122.241524,-79.424913,0.006730,False,False,False,False,True,True,True,1-circle,1.000000,3895.657318,-19073.778177,-0.236200,-0.355721,100.000000,100.000000,0.000000,0.000000,2,4,4,0.0000,0.0000,0.0000,0.5000,"Accelerate",0.017293
977,A0100,pursuit_chase_v1,UNKNOWN,16175.871985,29758.569214,2641.430786,956.064921,31579.857150,14831.205213,559.536532,28691.387797,123.440073,8122.241524,-79.424913,0.006730,False,False,False,False,True,True,True,1-circle,1.000000,3895.657318,-19073.778177,-0.236200,-0.355721,100.000000,100.000000,0.000000,0.000000,2,4,2,0.0000,0.0000,0.0000,0.5000,"PursuitChaseOptimal",-0.041055
977,B0100,aggressive,UNKNOWN,16175.871985,29758.569214,2641.430786,956.064921,31579.857150,14831.205213,559.536532,28691.387797,123.440073,8122.241524,-79.424913,0.006730,False,False,False,False,True,True,True,1-circle,1.000000,3895.657318,-19073.778177,-0.236200,-0.355721,100.000000,100.000000,0.000000,0.000000,2,4,4,0.0000,0.0000,0.0000,0.5000,"Accelerate",0.026864
978,A0100,pursuit_chase_v1,UNKNOWN,16189.779767,29759.500433,2640.499567,960.497770,31572.717334,14830.357456,559.634973,28695.417390,80.591866,8130.251318,-79.499894,0.000378,False,False,False,False,True,True,True,1-circle,1.000000,3896.227179,-19026.146259,0.013271,-0.638654,100.000000,100.000000,0.000000,0.000000,2,4,2,0.0000,0.0000,0.0000,0.5000,"PursuitChaseOptimal",-0.049760
978,B0100,aggressive,UNKNOWN,16189.779767,29759.500433,2640.499567,960.497770,31572.717334,14830.357456,559.634973,28695.417390,80.591866,8130.251318,-79.499894,0.000378,False,False,False,False,True,True,True,1-circle,1.000000,3896.227179,-19026.146259,0.013271,-0.638654,100.000000,100.000000,0.000000,0.000000,2,4,4,0.0000,0.0000,0.0000,0.5000,"Accelerate",0.034241
979,A0100,pursuit_chase_v1,UNKNOWN,16189.779767,29759.500433,2640.499567,960.497770,31572.717334,14830.357456,559.634973,28695.417390,80.591866,8130.251318,-79.499894,0.000378,False,False,False,False,True,True,True,1-circle,1.000000,3896.227179,-19026.146259,0.013271,-0.638654,100.000000,100.000000,0.000000,0.000000,2,4,2,0.0000,0.0000,0.0000,0.5000,"PursuitChaseOptimal",-0.040016
979,B0100,aggressive,UNKNOWN,16189.779767,29759.500433,2640.499567,960.497770,31572.717334,14830.357456,559.634973,28695.417390,80.591866,8130.251318,-79.499894,0.000378,False,False,False,False,True,True,True,1-circle,1.000000,3896.227179,-19026.146259,0.013271,-0.638654,100.000000,100.000000,0.000000,0.000000,2,4,4,0.0000,0.0000,0.0000,0.5000,"Accelerate",0.025800
980,A0100,pursuit_chase_v1,UNKNOWN,16203.723619,29762.953484,2637.046516,960.164856,31564.414228,14829.593326,559.710295,28698.385758,59.367365,8146.116010,-79.609518,0.045585,False,False,False,False,True,True,True,1-circle,1.000000,3896.874059,-19313.837175,-1.599889,-0.405322,100.000000,100.000000,0.000000,0.000000,2,4,2,0.0000,0.0000,0.0000,0.5000,"PursuitChaseOptimal",-0.023356
980,B0100,aggressive,UNKNOWN,16203.723619,29762.953484,2637.046516,960.164856,31564.414228,14829.593326,559.710295,28698.385758,59.367365,8146.116010,-79.609518,0.045585,False,False,False,False,True,True,True,1-circle,1.000000,3896.874059,-19313.837175,-1.599889,-0.405322,100.000000,100.000000,0.000000,0.000000,2,4,4,0.0000,0.0000,0.0000,0.5000,"Accelerate",0.011371
981,A0100,pursuit_chase_v1,UNKNOWN,16203.723619,29762.953484,2637.046516,960.164856,31564.414228,14829.593326,559.710295,28698.385758,59.367365,8146.116010,-79.609518,0.045585,False,False,False,False,True,True,True,1-circle,1.000000,3896.874059,-19313.837175,-1.599889,-0.405322,100.000000,100.000000,0.000000,0.000000,2,4,2,0.0000,0.0000,0.0000,0.5000,"PursuitChaseOptimal",-0.004692
981,B0100,aggressive,UNKNOWN,16203.723619,29762.953484,2637.046516,960.164856,31564.414228,14829.593326,559.710295,28698.385758,59.367365,8146.116010,-79.609518,0.045585,False,False,False,False,True,True,True,1-circle,1.000000,3896.874059,-19313.837175,-1.599889,-0.405322,100.000000,100.000000,0.000000,0.000000,2,4,4,0.0000,0.0000,0.0000,0.5000,"Accelerate",-0.003861
982,A0100,pursuit_chase_v1,UNKNOWN,16217.725670,29752.740015,2647.259985,961.431837,31555.167544,14828.766128,559.945864,28709.235137,216.987578,8160.104865,-79.740058,0.033064,False,False,False,False,True,True,True,1-circle,1.000000,3897.685464,-18814.305748,1.161034,-0.620421,100.000000,100.000000,0.000000,0.000000,2,4,2,0.0000,0.0000,0.0000,0.5000,"PursuitChaseOptimal",-0.017810
982,B0100,aggressive,UNKNOWN,16217.725670,29752.740015,2647.259985,961.431837,31555.167544,14828.766128,559.945864,28709.235137,216.987578,8160.104865,-79.740058,0.033064,False,False,False,False,True,True,True,1-circle,1.000000,3897.685464,-18814.305748,1.161034,-0.620421,100.000000,100.000000,0.000000,0.000000,2,4,4,0.0000,0.0000,0.0000,0.5000,"Accelerate",0.007326
983,A0100,pursuit_chase_v1,UNKNOWN,16217.725670,29752.740015,2647.259985,961.431837,31555.167544,14828.766128,559.945864,28709.235137,216.987578,8160.104865,-79.740058,0.033064,False,False,False,False,True,True,True,1-circle,1.000000,3897.685464,-18814.305748,1.161034,-0.620421,100.000000,100.000000,0.000000,0.000000,2,4,2,0.0000,0.0000,0.0000,0.5000,"PursuitChaseOptimal",-0.028525
983,B0100,aggressive,UNKNOWN,16217.725670,29752.740015,2647.259985,961.431837,31555.167544,14828.766128,559.945864,28709.235137,216.987578,8160.104865,-79.740058,0.033064,False,False,False,False,True,True,True,1-circle,1.000000,3897.685464,-18814.305748,1.161034,-0.620421,100.000000,100.000000,0.000000,0.000000,2,4,4,0.0000,0.0000,0.0000,0.5000,"Accelerate",0.016364
984,A0100,pursuit_chase_v1,UNKNOWN,16231.746464,29759.292443,2640.707557,967.529644,31551.742104,14827.933342,559.910522,28706.650195,-51.698842,8160.362706,-79.851573,0.032754,False,False,False,False,True,True,True,1-circle,1.000000,3898.489723,-19227.736353,-1.150079,-0.666827,100.000000,100.000000,0.000000,0.000000,2,4,2,0.0000,0.0000,0.0000,0.5000,"PursuitChaseOptimal",-0.023496
984,B0100,aggressive,UNKNOWN,16231.746464,29759.292443,2640.707557,967.529644,31551.742104,14827.933342,559.910522,28706.650195,-51.698842,8160.362706,-79.851573,0.032754,False,False,False,False,True,True,True,1-circle,1.000000,3898.489723,-19227.736353,-1.150079,-0.666827,100.000000,100.000000,0.000000,0.000000,2,4,4,0.0000,0.0000,0.0000,0.5000,"Accelerate",0.011816
985,A0100,pursuit_chase_v1,UNKNOWN,16231.746464,29759.292443,2640.707557,967.529644,31551.742104,14827.933342,559.910522,28706.650195,-51.698842,8160.362706,-79.851573,0.032754,False,False,False,False,True,True,True,1-circle,1.000000,3898.489723,-19227.736353,-1.150079,-0.666827,100.000000,100.000000,0.000000,0.000000,2,4,2,0.0000,0.0000,0.0000,0.5000,"PursuitChaseOptimal",-0.009842
985,B0100,aggressive,UNKNOWN,16231.746464,29759.292443,2640.707557,967.529644,31551.742104,14827.933342,559.910522,28706.650195,-51.698842,8160.362706,-79.851573,0.032754,False,False,False,False,True,True,True,1-circle,1.000000,3898.489723,-19227.736353,-1.150079,-0.666827,100.000000,100.000000,0.000000,0.000000,2,4,4,0.0000,0.0000,0.0000,0.5000,"Accelerate",-0.000137
986,A0100,pursuit_chase_v1,UNKNOWN,16245.801502,29748.056766,2651.943234,964.438679,31541.220307,14827.104011,560.138582,28717.129194,209.579978,8178.010127,-79.944195,0.011634,False,False,False,False,True,True,True,1-circle,1.000000,3899.366255,-18944.636142,0.408713,-0.546962,100.000000,100.000000,0.000000,0.000000,2,4,2,0.0000,0.0000,0.0000,0.5000,"PursuitChaseOptimal",0.003526
986,B0100,aggressive,UNKNOWN,16245.801502,29748.056766,2651.943234,964.438679,31541.220307,14827.104011,560.138582,28717.129194,209.579978,8178.010127,-79.944195,0.011634,False,False,False,False,True,True,True,1-circle,1.000000,3899.366255,-18944.636142,0.408713,-0.546962,100.000000,100.000000,0.000000,0.000000,2,4,4,0.0000,0.0000,0.0000,0.5000,"Accelerate",-0.010920
987,A0100,pursuit_chase_v1,UNKNOWN,16245.801502,29748.056766,2651.943234,964.438679,31541.220307,14827.104011,560.138582,28717.129194,209.579978,8178.010127,-79.944195,0.011634,False,False,False,False,True,True,True,1-circle,1.000000,3899.366255,-18944.636142,0.408713,-0.546962,100.000000,100.000000,0.000000,0.000000,2,4,2,0.0000,0.0000,0.0000,0.5000,"PursuitChaseOptimal",-0.013833
987,B0100,aggressive,UNKNOWN,16245.801502,29748.056766,2651.943234,964.438679,31541.220307,14827.104011,560.138582,28717.129194,209.579978,8178.010127,-79.944195,0.011634,False,False,False,False,True,True,True,1-circle,1.000000,3899.366255,-18944.636142,0.408713,-0.546962,100.000000,100.000000,0.000000,0.000000,2,4,4,0.0000,0.0000,0.0000,0.5000,"Accelerate",0.004001
988,A0100,pursuit_chase_v1,UNKNOWN,16259.884730,29748.231733,2651.768267,965.744161,31533.305250,14826.185083,560.178446,28718.187403,21.164174,8176.828896,-80.064086,0.032976,False,False,False,False,True,True,True,1-circle,1.000000,3900.284096,-18807.211956,1.158365,-0.746958,100.000000,100.000000,0.000000,0.000000,2,4,2,0.0000,0.0000,0.0000,0.5000,"PursuitChaseOptimal",-0.025604
988,B0100,aggressive,UNKNOWN,16259.884730,29748.231733,2651.768267,965.744161,31533.305250,14826.185083,560.178446,28718.187403,21.164174,8176.828896,-80.064086,0.032976,False,False,False,False,True,True,True,1-circle,1.000000,3900.284096,-18807.211956,1.158365,-0.746958,100.000000,100.000000,0.000000,0.000000,2,4,4,0.0000,0.0000,0.0000,0.5000,"Accelerate",0.013849
989,A0100,pursuit_chase_v1,UNKNOWN,16259.884730,29748.231733,2651.768267,965.744161,31533.305250,14826.185083,560.178446,28718.187403,21.164174,8176.828896,-80.064086,0.032976,False,False,False,False,True,True,True,1-circle,1.000000,3900.284096,-18807.211956,1.158365,-0.746958,100.000000,100.000000,0.000000,0.000000,2,4,2,0.0000,0.0000,0.0000,0.5000,"PursuitChaseOptimal",-0.021417
989,B0100,aggressive,UNKNOWN,16259.884730,29748.231733,2651.768267,965.744161,31533.305250,14826.185083,560.178446,28718.187403,21.164174,8176.828896,-80.064086,0.032976,False,False,False,False,True,True,True,1-circle,1.000000,3900.284096,-18807.211956,1.158365,-0.746958,100.000000,100.000000,0.000000,0.000000,2,4,4,0.0000,0.0000,0.0000,0.5000,"Accelerate",0.010013
990,A0100,pursuit_chase_v1,UNKNOWN,16273.985265,29750.362476,2649.637524,962.494911,31524.546830,14825.344042,560.288632,28722.811962,92.491181,8190.442091,-80.238379,0.010521,False,False,False,False,True,True,True,1-circle,1.000000,3901.149371,-19079.738626,-0.369680,-0.433395,100.000000,100.000000,0.000000,0.000000,2,4,2,0.0000,0.0000,0.0000,0.5000,"PursuitChaseOptimal",-0.008494
990,B0100,aggressive,UNKNOWN,16273.985265,29750.362476,2649.637524,962.494911,31524.546830,14825.344042,560.288632,28722.811962,92.491181,8190.442091,-80.238379,0.010521,False,False,False,False,True,True,True,1-circle,1.000000,3901.149371,-19079.738626,-0.369680,-0.433395,100.000000,100.000000,0.000000,0.000000,2,4,4,0.0000,0.0000,0.0000,0.5000,"Accelerate",-0.001014
991,A0100,pursuit_chase_v1,UNKNOWN,16273.985265,29750.362476,2649.637524,962.494911,31524.546830,14825.344042,560.288632,28722.811962,92.491181,8190.442091,-80.238379,0.010521,False,False,False,False,True,True,True,1-circle,1.000000,3901.149371,-19079.738626,-0.369680,-0.433395,100.000000,100.000000,0.000000,0.000000,2,4,2,0.0000,0.0000,0.0000,0.5000,"PursuitChaseOptimal",-0.010205
991,B0100,aggressive,UNKNOWN,16273.985265,29750.362476,2649.637524,962.494911,31524.546830,14825.344042,560.288632,28722.811962,92.491181,8190.442091,-80.238379,0.010521,False,False,False,False,True,True,True,1-circle,1.000000,3901.149371,-19079.738626,-0.369680,-0.433395,100.000000,100.000000,0.000000,0.000000,2,4,4,0.0000,0.0000,0.0000,0.5000,"Accelerate",0.000718
992,A0100,pursuit_chase_v1,UNKNOWN,16288.121598,29749.427397,2650.572603,965.644323,31517.649473,14824.473680,560.379427,28726.446138,72.683523,8194.922531,-80.416147,0.003166,False,False,False,False,True,True,True,1-circle,1.000000,3902.062573,-19030.737166,-0.111247,-0.715635,100.000000,100.000000,0.000000,0.000000,2,4,2,0.0000,0.0000,0.0000,0.5000,"PursuitChaseOptimal",-0.021689
992,B0100,aggressive,UNKNOWN,16288.121598,29749.427397,2650.572603,965.644323,31517.649473,14824.473680,560.379427,28726.446138,72.683523,8194.922531,-80.416147,0.003166,False,False,False,False,True,True,True,1-circle,1.000000,3902.062573,-19030.737166,-0.111247,-0.715635,100.000000,100.000000,0.000000,0.000000,2,4,4,0.0000,0.0000,0.0000,0.5000,"Accelerate",0.010462
993,A0100,pursuit_chase_v1,UNKNOWN,16288.121598,29749.427397,2650.572603,965.644323,31517.649473,14824.473680,560.379427,28726.446138,72.683523,8194.922531,-80.416147,0.003166,False,False,False,False,True,True,True,1-circle,1.000000,3902.062573,-19030.737166,-0.111247,-0.715635,100.000000,100.000000,0.000000,0.000000,2,4,2,0.0000,0.0000,0.0000,0.5000,"PursuitChaseOptimal",-0.018131
993,B0100,aggressive,UNKNOWN,16288.121598,29749.427397,2650.572603,965.644323,31517.649473,14824.473680,560.379427,28726.446138,72.683523,8194.922531,-80.416147,0.003166,False,False,False,False,True,True,True,1-circle,1.000000,3902.062573,-19030.737166,-0.111247,-0.715635,100.000000,100.000000,0.000000,0.000000,2,4,4,0.0000,0.0000,0.0000,0.5000,"Accelerate",0.007144
994,A0100,pursuit_chase_v1,UNKNOWN,16302.271113,29751.679346,2648.320654,961.820492,31509.476487,14823.671229,560.440638,28728.680917,44.695582,8204.880788,-80.540822,0.049061,False,False,False,False,True,True,True,1-circle,1.000000,3902.922354,-19318.477348,-1.723799,-0.468444,100.000000,100.000000,0.000000,0.000000,2,4,2,0.0000,0.0000,0.0000,0.5000,"PursuitChaseOptimal",-0.006109
994,B0100,aggressive,UNKNOWN,16302.271113,29751.679346,2648.320654,961.820492,31509.476487,14823.671229,560.440638,28728.680917,44.695582,8204.880788,-80.540822,0.049061,False,False,False,False,True,True,True,1-circle,1.000000,3902.922354,-19318.477348,-1.723799,-0.468444,100.000000,100.000000,0.000000,0.000000,2,4,4,0.0000,0.0000,0.0000,0.5000,"Accelerate",-0.003487
995,A0100,pursuit_chase_v1,UNKNOWN,16302.271113,29751.679346,2648.320654,961.820492,31509.476487,14823.671229,560.440638,28728.680917,44.695582,8204.880788,-80.540822,0.049061,False,False,False,False,True,True,True,1-circle,1.000000,3902.922354,-19318.477348,-1.723799,-0.468444,100.000000,100.000000,0.000000,0.000000,2,4,2,0.0000,0.0000,0.0000,0.5000,"PursuitChaseOptimal",0.006249
995,B0100,aggressive,UNKNOWN,16302.271113,29751.679346,2648.320654,961.820492,31509.476487,14823.671229,560.440638,28728.680917,44.695582,8204.880788,-80.540822,0.049061,False,False,False,False,True,True,True,1-circle,1.000000,3902.922354,-19318.477348,-1.723799,-0.468444,100.000000,100.000000,0.000000,0.000000,2,4,4,0.0000,0.0000,0.0000,0.5000,"Accelerate",-0.013510
996,A0100,pursuit_chase_v1,UNKNOWN,16316.459837,29740.855367,2659.144633,960.721210,31500.416737,14822.798183,560.665561,28738.971179,205.805232,8215.770954,-80.682648,0.029846,False,False,False,False,True,True,True,1-circle,1.000000,3903.855525,-18816.867458,1.049230,-0.661931,100.000000,100.000000,0.000000,0.000000,2,4,2,0.0000,0.0000,0.0000,0.5000,"PursuitChaseOptimal",-0.011515
996,B0100,aggressive,UNKNOWN,16316.459837,29740.855367,2659.144633,960.721210,31500.416737,14822.798183,560.665561,28738.971179,205.805232,8215.770954,-80.682648,0.029846,False,False,False,False,True,True,True,1-circle,1.000000,3903.855525,-18816.867458,1.049230,-0.661931,100.000000,100.000000,0.000000,0.000000,2,4,4,0.0000,0.0000,0.0000,0.5000,"Accelerate",0.001623
997,A0100,pursuit_chase_v1,UNKNOWN,16316.459837,29740.855367,2659.144633,960.721210,31500.416737,14822.798183,560.665561,28738.971179,205.805232,8215.770954,-80.682648,0.029846,False,False,False,False,True,True,True,1-circle,1.000000,3903.855525,-18816.867458,1.049230,-0.661931,100.000000,100.000000,0.000000,0.000000,2,4,2,0.0000,0.0000,0.0000,0.5000,"PursuitChaseOptimal",-0.023755
997,B0100,aggressive,UNKNOWN,16316.459837,29740.855367,2659.144633,960.721210,31500.416737,14822.798183,560.665561,28738.971179,205.805232,8215.770954,-80.682648,0.029846,False,False,False,False,True,True,True,1-circle,1.000000,3903.855525,-18816.867458,1.049230,-0.661931,100.000000,100.000000,0.000000,0.000000,2,4,4,0.0000,0.0000,0.0000,0.5000,"Accelerate",0.011972
998,A0100,pursuit_chase_v1,UNKNOWN,16330.660006,29747.173324,2652.826676,965.110862,31497.211860,14821.915956,560.621023,28735.878077,-61.862024,8215.760090,-80.802057,0.036137,False,False,False,False,True,True,True,1-circle,1.000000,3904.745831,-19231.879342,-1.270230,-0.703885,100.000000,100.000000,0.000000,0.000000,2,4,2,0.0000,0.0000,0.0000,0.5000,"PursuitChaseOptimal",-0.020063
998,B0100,aggressive,UNKNOWN,16330.660006,29747.173324,2652.826676,965.110862,31497.211860,14821.915956,560.621023,28735.878077,-61.862024,8215.760090,-80.802057,0.036137,False,False,False,False,True,True,True,1-circle,1.000000,3904.745831,-19231.879342,-1.270230,-0.703885,100.000000,100.000000,0.000000,0.000000,2,4,4,0.0000,0.0000,0.0000,0.5000,"Accelerate",0.008541
999,A0100,pursuit_chase_v1,UNKNOWN,16330.660006,29747.173324,2652.826676,965.110862,31497.211860,14821.915956,560.621023,28735.878077,-61.862024,8215.760090,-80.802057,0.036137,False,False,False,False,True,True,True,1-circle,1.000000,3904.745831,-19231.879342,-1.270230,-0.703885,100.000000,100.000000,0.000000,0.000000,2,4,2,0.0000,0.0000,0.0000,0.5000,"PursuitChaseOptimal",-0.008049
999,B0100,aggressive,UNKNOWN,16330.660006,29747.173324,2652.826676,965.110862,31497.211860,14821.915956,560.621023,28735.878077,-61.862024,8215.760090,-80.802057,0.036137,False,False,False,False,True,True,True,1-circle,1.000000,3904.745831,-19231.879342,-1.270230,-0.703885,100.000000,100.000000,0.000000,0.000000,2,4,4,0.0000,0.0000,0.0000,0.5000,"Accelerate",-0.002086
1000,A0100,pursuit_chase_v1,UNKNOWN,16344.891927,29735.804689,2664.195311,960.906238,31486.840076,14821.036277,560.841274,28745.933334,201.105124,8233.686744,-80.896790,0.008552,False,False,False,False,True,True,True,1-circle,1.000000,3905.693890,-18946.655556,0.300748,-0.577506,100.000000,100.000000,0.000000,0.000000,2,4,2,0.0000,0.0000,0.0000,0.5000,"PursuitChaseOptimal",-0.010057
1000,B0100,aggressive,UNKNOWN,16344.891927,29735.804689,2664.195311,960.906238,31486.840076,14821.036277,560.841274,28745.933334,201.105124,8233.686744,-80.896790,0.008552,False,False,False,False,True,True,True,1-circle,1.000000,3905.693890,-18946.655556,0.300748,-0.577506,100.000000,100.000000,0.000000,0.000000,2,4,4,0.0000,0.0000,0.0000,0.5000,"Accelerate",-0.000026
1001,A0100,pursuit_chase_v1,UNKNOWN,16344.891927,29735.804689,2664.195311,960.906238,31486.840076,14821.036277,560.841274,28745.933334,201.105124,8233.686744,-80.896790,0.008552,False,False,False,False,True,True,True,1-circle,1.000000,3905.693890,-18946.655556,0.300748,-0.577506,100.000000,100.000000,0.000000,0.000000,2,4,2,0.0000,0.0000,0.0000,0.5000,"PursuitChaseOptimal",-0.021734
1001,B0100,aggressive,UNKNOWN,16344.891927,29735.804689,2664.195311,960.906238,31486.840076,14821.036277,560.841274,28745.933334,201.105124,8233.686744,-80.896790,0.008552,False,False,False,False,True,True,True,1-circle,1.000000,3905.693890,-18946.655556,0.300748,-0.577506,100.000000,100.000000,0.000000,0.000000,2,4,4,0.0000,0.0000,0.0000,0.5000,"Accelerate",0.010174
1002,A0100,pursuit_chase_v1,UNKNOWN,16359.159894,29735.805525,2664.194475,961.386490,31479.134571,14820.066606,560.875256,28746.651163,14.356580,8238.426777,-81.010014,0.029832,False,False,False,False,True,True,True,1-circle,1.000000,3906.709741,-18809.556624,1.049076,-0.780121,100.000000,100.000000,0.000000,0.000000,2,4,2,0.0000,0.0000,0.0000,0.5000,"PursuitChaseOptimal",-0.018399
1002,B0100,aggressive,UNKNOWN,16359.159894,29735.805525,2664.194475,961.386490,31479.134571,14820.066606,560.875256,28746.651163,14.356580,8238.426777,-81.010014,0.029832,False,False,False,False,True,True,True,1-circle,1.000000,3906.709741,-18809.556624,1.049076,-0.780121,100.000000,100.000000,0.000000,0.000000,2,4,4,0.0000,0.0000,0.0000,0.5000,"Accelerate",0.007384
1003,A0100,pursuit_chase_v1,UNKNOWN,16359.159894,29735.805525,2664.194475,961.386490,31479.134571,14820.066606,560.875256,28746.651163,14.356580,8238.426777,-81.010014,0.029832,False,False,False,False,True,True,True,1-circle,1.000000,3906.709741,-18809.556624,1.049076,-0.780121,100.000000,100.000000,0.000000,0.000000,2,4,2,0.0000,0.0000,0.0000,0.5000,"PursuitChaseOptimal",-0.006812
1003,B0100,aggressive,UNKNOWN,16359.159894,29735.805525,2664.194475,961.386490,31479.134571,14820.066606,560.875256,28746.651163,14.356580,8238.426777,-81.010014,0.029832,False,False,False,False,True,True,True,1-circle,1.000000,3906.709741,-18809.556624,1.049076,-0.780121,100.000000,100.000000,0.000000,0.000000,2,4,4,0.0000,0.0000,0.0000,0.5000,"Accelerate",-0.002668
1004,A0100,pursuit_chase_v1,UNKNOWN,16373.447930,29737.750936,2662.249064,957.304130,31470.552063,14819.174950,560.977748,28750.849721,83.971170,8248.395234,-81.197376,0.013635,False,False,False,False,True,True,True,1-circle,1.000000,3907.701380,-19082.306573,-0.479604,-0.463203,100.000000,100.000000,0.000000,0.000000,2,4,2,0.0000,0.0000,0.0000,0.5000,"PursuitChaseOptimal",0.005808
1004,B0100,aggressive,UNKNOWN,16373.447930,29737.750936,2662.249064,957.304130,31470.552063,14819.174950,560.977748,28750.849721,83.971170,8248.395234,-81.197376,0.013635,False,False,False,False,True,True,True,1-circle,1.000000,3907.701380,-19082.306573,-0.479604,-0.463203,100.000000,100.000000,0.000000,0.000000,2,4,4,0.0000,0.0000,0.0000,0.5000,"Accelerate",-0.013474
1005,A0100,pursuit_chase_v1,UNKNOWN,16373.447930,29737.750936,2662.249064,957.304130,31470.552063,14819.174950,560.977748,28750.849721,83.971170,8248.395234,-81.197376,0.013635,False,False,False,False,True,True,True,1-circle,1.000000,3907.701380,-19082.306573,-0.479604,-0.463203,100.000000,100.000000,0.000000,0.000000,2,4,2,0.0000,0.0000,0.0000,0.5000,"PursuitChaseOptimal",-0.011438
1005,B0100,aggressive,UNKNOWN,16373.447930,29737.750936,2662.249064,957.304130,31470.552063,14819.174950,560.977748,28750.849721,83.971170,8248.395234,-81.197376,0.013635,False,False,False,False,True,True,True,1-circle,1.000000,3907.701380,-19082.306573,-0.479604,-0.463203,100.000000,100.000000,0.000000,0.000000,2,4,4,0.0000,0.0000,0.0000,0.5000,"Accelerate",0.001290
1006,A0100,pursuit_chase_v1,UNKNOWN,16387.755996,29736.733451,2663.266549,958.170338,31463.883379,14818.254031,561.062975,28754.162280,66.251187,8250.992345,-81.354610,0.006153,False,False,False,False,True,True,True,1-circle,1.000000,3908.664682,-19032.519238,-0.216481,-0.747208,100.000000,100.000000,0.000000,0.000000,2,4,2,0.0000,0.0000,0.0000,0.5000,"PursuitChaseOptimal",-0.023873
1006,B0100,aggressive,UNKNOWN,16387.755996,29736.733451,2663.266549,958.170338,31463.883379,14818.254031,561.062975,28754.162280,66.251187,8250.992345,-81.354610,0.006153,False,False,False,False,True,True,True,1-circle,1.000000,3908.664682,-19032.519238,-0.216481,-0.747208,100.000000,100.000000,0.000000,0.000000,2,4,4,0.0000,0.0000,0.0000,0.5000,"Accelerate",0.011868
1007,A0100,pursuit_chase_v1,UNKNOWN,16387.755996,29736.733451,2663.266549,958.170338,31463.883379,14818.254031,561.062975,28754.162280,66.251187,8250.992345,-81.354610,0.006153,False,False,False,False,True,True,True,1-circle,1.000000,3908.664682,-19032.519238,-0.216481,-0.747208,100.000000,100.000000,0.000000,0.000000,2,4,2,0.0000,0.0000,0.0000,0.5000,"PursuitChaseOptimal",-0.020360
1007,B0100,aggressive,UNKNOWN,16387.755996,29736.733451,2663.266549,958.170338,31463.883379,14818.254031,561.062975,28754.162280,66.251187,8250.992345,-81.354610,0.006153,False,False,False,False,True,True,True,1-circle,1.000000,3908.664682,-19032.519238,-0.216481,-0.747208,100.000000,100.000000,0.000000,0.000000,2,4,4,0.0000,0.0000,0.0000,0.5000,"Accelerate",0.008592
1008,A0100,pursuit_chase_v1,UNKNOWN,16402.076362,29738.908303,2661.091697,954.498436,31455.883950,14817.401284,561.117632,28756.024882,37.252031,8261.828183,-81.476801,0.051984,False,False,False,False,True,True,True,1-circle,1.000000,3909.580863,-19320.201689,-1.828355,-0.497602,100.000000,100.000000,0.000000,0.000000,2,4,2,0.0000,0.0000,0.0000,0.5000,"PursuitChaseOptimal",-0.008599
1008,B0100,aggressive,UNKNOWN,16402.076362,29738.908303,2661.091697,954.498436,31455.883950,14817.401284,561.117632,28756.024882,37.252031,8261.828183,-81.476801,0.051984,False,False,False,False,True,True,True,1-circle,1.000000,3909.580863,-19320.201689,-1.828355,-0.497602,100.000000,100.000000,0.000000,0.000000,2,4,4,0.0000,0.0000,0.0000,0.5000,"Accelerate",-0.001857
1009,A0100,pursuit_chase_v1,UNKNOWN,16402.076362,29738.908303,2661.091697,954.498436,31455.883950,14817.401284,561.117632,28756.024882,37.252031,8261.828183,-81.476801,0.051984,False,False,False,False,True,True,True,1-circle,1.000000,3909.580863,-19320.201689,-1.828355,-0.497602,100.000000,100.000000,0.000000,0.000000,2,4,2,0.0000,0.0000,0.0000,0.5000,"PursuitChaseOptimal",-0.010613
1009,B0100,aggressive,UNKNOWN,16402.076362,29738.908303,2661.091697,954.498436,31455.883950,14817.401284,561.117632,28756.024882,37.252031,8261.828183,-81.476801,0.051984,False,False,False,False,True,True,True,1-circle,1.000000,3909.580863,-19320.201689,-1.828355,-0.497602,100.000000,100.000000,0.000000,0.000000,2,4,4,0.0000,0.0000,0.0000,0.5000,"Accelerate",-0.000012
1010,A0100,pursuit_chase_v1,UNKNOWN,16416.440765,29727.347922,2672.652078,957.488261,31448.919591,14816.477202,561.357066,28766.998808,219.478513,8277.304038,-81.644840,0.035008,False,False,False,False,True,True,True,1-circle,1.000000,3910.589188,-18766.949655,1.231991,-0.688294,100.000000,100.000000,0.000000,0.000000,2,4,2,0.0000,0.0000,0.0000,0.5000,"PursuitChaseOptimal",-0.022566
1010,B0100,aggressive,UNKNOWN,16416.440765,29727.347922,2672.652078,957.488261,31448.919591,14816.477202,561.357066,28766.998808,219.478513,8277.304038,-81.644840,0.035008,False,False,False,False,True,True,True,1-circle,1.000000,3910.589188,-18766.949655,1.231991,-0.688294,100.000000,100.000000,0.000000,0.000000,3,8,0,0.0000,0.0000,0.0000,0.5000,"Pursue",0.009841
1011,A0100,pursuit_chase_v1,UNKNOWN,16416.440765,29727.347922,2672.652078,957.488261,31448.919591,14816.477202,561.357066,28766.998808,219.478513,8277.304038,-81.644840,0.035008,False,False,False,False,True,True,True,1-circle,1.000000,3910.589188,-18766.949655,1.231991,-0.688294,100.000000,100.000000,0.000000,0.000000,2,4,2,0.0000,0.0000,0.0000,0.5000,"PursuitChaseOptimal",-0.019485
1011,B0100,aggressive,UNKNOWN,16416.440765,29727.347922,2672.652078,957.488261,31448.919591,14816.477202,561.357066,28766.998808,219.478513,8277.304038,-81.644840,0.035008,False,False,False,False,True,True,True,1-circle,1.000000,3910.589188,-18766.949655,1.231991,-0.688294,100.000000,100.000000,0.000000,0.000000,3,8,0,0.0000,0.0000,0.0000,0.5000,"Pursue",0.007153
1012,A0100,pursuit_chase_v1,UNKNOWN,16430.863920,29713.066387,2686.933613,955.141203,31440.915804,14815.430969,561.656922,28780.860241,277.228674,8304.461824,-81.757679,0.180711,False,False,False,False,True,True,True,1-circle,1.000000,3911.739897,-17845.637179,6.337636,-0.706618,100.000000,100.000000,0.000000,0.000000,2,4,2,0.0000,0.0000,0.0000,0.5000,"PursuitChaseOptimal",-0.008126
1012,B0100,aggressive,UNKNOWN,16430.863920,29713.066387,2686.933613,955.141203,31440.915804,14815.430969,561.656922,28780.860241,277.228674,8304.461824,-81.757679,0.180711,False,False,False,False,True,True,True,1-circle,1.000000,3911.739897,-17845.637179,6.337636,-0.706618,100.000000,100.000000,0.000000,0.000000,3,8,0,0.0000,0.0000,0.0000,0.5000,"Pursue",-0.002455
1013,A0100,pursuit_chase_v1,UNKNOWN,16430.863920,29713.066387,2686.933613,955.141203,31440.915804,14815.430969,561.656922,28780.860241,277.228674,8304.461824,-81.757679,0.180711,False,False,False,False,True,True,True,1-circle,1.000000,3911.739897,-17845.637179,6.337636,-0.706618,100.000000,100.000000,0.000000,0.000000,2,4,2,0.0000,0.0000,0.0000,0.5000,"PursuitChaseOptimal",-0.010147
1013,B0100,aggressive,UNKNOWN,16430.863920,29713.066387,2686.933613,955.141203,31440.915804,14815.430969,561.656922,28780.860241,277.228674,8304.461824,-81.757679,0.180711,False,False,False,False,True,True,True,1-circle,1.000000,3911.739897,-17845.637179,6.337636,-0.706618,100.000000,100.000000,0.000000,0.000000,3,8,0,0.0000,0.0000,0.0000,0.5000,"Pursue",0.000341
1014,A0100,pursuit_chase_v1,UNKNOWN,16445.368241,29709.810912,2690.189088,951.223431,31428.452266,14814.252025,562.034366,28798.457652,351.948214,8329.215556,-82.211496,0.457724,False,False,False,False,True,True,True,1-circle,1.000000,3913.040387,-16154.339938,15.721528,0.109613,100.000000,100.000000,0.000000,0.000000,2,4,2,0.0000,0.0000,0.0000,0.5000,"PursuitChaseOptimal",-0.021627
1014,B0100,aggressive,UNKNOWN,16445.368241,29709.810912,2690.189088,951.223431,31428.452266,14814.252025,562.034366,28798.457652,351.948214,8329.215556,-82.211496,0.457724,False,False,False,False,True,True,True,1-circle,1.000000,3913.040387,-16154.339938,15.721528,0.109613,100.000000,100.000000,0.000000,0.000000,3,8,0,0.0000,0.0000,0.0000,0.5000,"Pursue",0.011334
1015,A0100,pursuit_chase_v1,UNKNOWN,16445.368241,29709.810912,2690.189088,951.223431,31428.452266,14814.252025,562.034366,28798.457652,351.948214,8329.215556,-82.211496,0.457724,False,False,False,False,True,True,True,1-circle,1.000000,3913.040387,-16154.339938,15.721528,0.109613,100.000000,100.000000,0.000000,0.000000,2,4,2,0.0000,0.0000,0.0000,0.5000,"PursuitChaseOptimal",-0.018034
1015,B0100,aggressive,UNKNOWN,16445.368241,29709.810912,2690.189088,951.223431,31428.452266,14814.252025,562.034366,28798.457652,351.948214,8329.215556,-82.211496,0.457724,False,False,False,False,True,True,True,1-circle,1.000000,3913.040387,-16154.339938,15.721528,0.109613,100.000000,100.000000,0.000000,0.000000,3,8,0,0.0000,0.0000,0.0000,0.5000,"Pursue",0.009667
1016,A0100,pursuit_chase_v1,UNKNOWN,16459.900213,29753.269233,2646.730767,912.807511,31391.242061,14813.397169,562.053070,28798.533574,1.518443,8337.544218,-82.979574,0.773903,False,False,False,False,True,True,True,1-circle,1.000000,3914.034578,-14400.467043,25.452012,2.338653,100.000000,100.000000,0.000000,0.000000,2,4,2,0.0000,0.0000,0.0000,0.5000,"PursuitChaseOptimal",-0.006232
1016,B0100,aggressive,UNKNOWN,16459.900213,29753.269233,2646.730767,912.807511,31391.242061,14813.397169,562.053070,28798.533574,1.518443,8337.544218,-82.979574,0.773903,False,False,False,False,True,True,True,1-circle,1.000000,3914.034578,-14400.467043,25.452012,2.338653,100.000000,100.000000,0.000000,0.000000,3,8,0,0.0000,0.0000,0.0000,0.5000,"Pursue",0.000851
1017,A0100,pursuit_chase_v1,UNKNOWN,16459.900213,29753.269233,2646.730767,912.807511,31391.242061,14813.397169,562.053070,28798.533574,1.518443,8337.544218,-82.979574,0.773903,False,False,False,False,True,True,True,1-circle,1.000000,3914.034578,-14400.467043,25.452012,2.338653,100.000000,100.000000,0.000000,0.000000,2,4,2,0.0000,0.0000,0.0000,0.5000,"PursuitChaseOptimal",-0.007471
1017,B0100,aggressive,UNKNOWN,16459.900213,29753.269233,2646.730767,912.807511,31391.242061,14813.397169,562.053070,28798.533574,1.518443,8337.544218,-82.979574,0.773903,False,False,False,False,True,True,True,1-circle,1.000000,3914.034578,-14400.467043,25.452012,2.338653,100.000000,100.000000,0.000000,0.000000,3,8,0,0.0000,0.0000,0.0000,0.5000,"Pursue",0.002521
1018,A0100,pursuit_chase_v1,UNKNOWN,16474.394175,29816.899666,2583.100334,847.108121,31317.068645,14813.455057,562.042103,28798.045714,-9.757199,8335.798839,-84.101062,1.147224,False,False,False,False,True,True,True,1-circle,1.000000,3914.131269,-12642.182979,35.203995,4.491718,100.000000,100.000000,0.000000,0.000000,2,4,2,0.0000,0.0000,0.0000,0.5000,"PursuitChaseOptimal",-0.018068
1018,B0100,aggressive,UNKNOWN,16474.394175,29816.899666,2583.100334,847.108121,31317.068645,14813.455057,562.042103,28798.045714,-9.757199,8335.798839,-84.101062,1.147224,False,False,False,False,True,True,True,1-circle,1.000000,3914.131269,-12642.182979,35.203995,4.491718,100.000000,100.000000,0.000000,0.000000,3,8,0,0.0000,0.0000,0.0000,0.5000,"Pursue",0.011859
1019,A0100,pursuit_chase_v1,UNKNOWN,16474.394175,29816.899666,2583.100334,847.108121,31317.068645,14813.455057,562.042103,28798.045714,-9.757199,8335.798839,-84.101062,1.147224,False,False,False,False,True,True,True,1-circle,1.000000,3914.131269,-12642.182979,35.203995,4.491718,100.000000,100.000000,0.000000,0.000000,2,4,2,0.0000,0.0000,0.0000,0.5000,"PursuitChaseOptimal",-0.013924
1019,B0100,aggressive,UNKNOWN,16474.394175,29816.899666,2583.100334,847.108121,31317.068645,14813.455057,562.042103,28798.045714,-9.757199,8335.798839,-84.101062,1.147224,False,False,False,False,True,True,True,1-circle,1.000000,3914.131269,-12642.182979,35.203995,4.491718,100.000000,100.000000,0.000000,0.000000,3,8,0,0.0000,0.0000,0.0000,0.5000,"Pursue",0.008692
1020,A0100,pursuit_chase_v1,UNKNOWN,16488.761023,29864.655612,2535.344388,754.799093,31210.163291,14814.634649,561.634263,28778.937131,-382.171658,8314.695876,-84.434915,1.642401,False,False,False,False,True,True,True,1-circle,1.000000,3913.122806,-10827.193526,45.267500,5.275990,100.000000,100.000000,0.000000,0.000000,2,4,2,0.0000,0.0000,0.0000,0.5000,"PursuitChaseOptimal",-0.002016
1020,B0100,aggressive,UNKNOWN,16488.761023,29864.655612,2535.344388,754.799093,31210.163291,14814.634649,561.634263,28778.937131,-382.171658,8314.695876,-84.434915,1.642401,False,False,False,False,True,True,True,1-circle,1.000000,3913.122806,-10827.193526,45.267500,5.275990,100.000000,100.000000,0.000000,0.000000,3,8,0,0.0000,0.0000,0.0000,0.5000,"Pursue",-0.001047
1021,A0100,pursuit_chase_v1,UNKNOWN,16488.761023,29864.655612,2535.344388,754.799093,31210.163291,14814.634649,561.634263,28778.937131,-382.171658,8314.695876,-84.434915,1.642401,False,False,False,False,True,True,True,1-circle,1.000000,3913.122806,-10827.193526,45.267500,5.275990,100.000000,100.000000,0.000000,0.000000,2,4,2,0.0000,0.0000,0.0000,0.5000,"PursuitChaseOptimal",-0.003008
1021,B0100,aggressive,UNKNOWN,16488.761023,29864.655612,2535.344388,754.799093,31210.163291,14814.634649,561.634263,28778.937131,-382.171658,8314.695876,-84.434915,1.642401,False,False,False,False,True,True,True,1-circle,1.000000,3913.122806,-10827.193526,45.267500,5.275990,100.000000,100.000000,0.000000,0.000000,3,8,0,0.0000,0.0000,0.0000,0.5000,"Pursue",0.000525
1022,A0100,pursuit_chase_v1,UNKNOWN,16502.865952,29887.339979,2512.660021,658.613892,31071.735206,14816.909272,560.979905,28748.691197,-604.918696,8269.039881,-84.160615,2.155672,False,False,False,False,True,True,True,1-circle,1.000000,3911.033434,-9444.804355,52.924574,6.082049,100.000000,100.000000,0.000000,0.000000,2,4,2,0.0000,0.0000,0.0000,0.5000,"PursuitChaseOptimal",-0.013179
1022,B0100,aggressive,UNKNOWN,16502.865952,29887.339979,2512.660021,658.613892,31071.735206,14816.909272,560.979905,28748.691197,-604.918696,8269.039881,-84.160615,2.155672,False,False,False,False,True,True,True,1-circle,1.000000,3911.033434,-9444.804355,52.924574,6.082049,100.000000,100.000000,0.000000,0.000000,3,8,0,0.0000,0.0000,0.0000,0.5000,"Pursue",0.009584
1023,A0100,pursuit_chase_v1,UNKNOWN,16502.865952,29887.339979,2512.660021,658.613892,31071.735206,14816.909272,560.979905,28748.691197,-604.918696,8269.039881,-84.160615,2.155672,False,False,False,False,True,True,True,1-circle,1.000000,3911.033434,-9444.804355,52.924574,6.082049,100.000000,100.000000,0.000000,0.000000,2,4,2,0.0000,0.0000,0.0000,0.5000,"PursuitChaseOptimal",-0.008776
1023,B0100,aggressive,UNKNOWN,16502.865952,29887.339979,2512.660021,658.613892,31071.735206,14816.909272,560.979905,28748.691197,-604.918696,8269.039881,-84.160615,2.155672,False,False,False,False,True,True,True,1-circle,1.000000,3911.033434,-9444.804355,52.924574,6.082049,100.000000,100.000000,0.000000,0.000000,3,8,0,0.0000,0.0000,0.0000,0.5000,"Pursue",0.006067
1024,A0100,pursuit_chase_v1,UNKNOWN,16516.595553,29884.646661,2515.353339,563.177557,30908.547275,14820.303401,560.048643,28705.868425,-856.455429,8213.860543,-83.132879,2.436727,False,False,False,False,True,True,True,1-circle,1.000000,3907.840216,-8850.849322,56.198529,6.624606,100.000000,100.000000,0.000000,0.000000,2,4,2,0.0000,0.0000,0.0000,0.5000,"PursuitChaseOptimal",0.003123
1024,B0100,aggressive,UNKNOWN,16516.595553,29884.646661,2515.353339,563.177557,30908.547275,14820.303401,560.048643,28705.868425,-856.455429,8213.860543,-83.132879,2.436727,False,False,False,False,True,True,True,1-circle,1.000000,3907.840216,-8850.849322,56.198529,6.624606,100.000000,100.000000,0.000000,0.000000,3,8,0,0.0000,0.0000,0.0000,0.5000,"Pursue",-0.003640
1025,A0100,pursuit_chase_v1,UNKNOWN,16516.595553,29884.646661,2515.353339,563.177557,30908.547275,14820.303401,560.048643,28705.868425,-856.455429,8213.860543,-83.132879,2.436727,False,False,False,False,True,True,True,1-circle,1.000000,3907.840216,-8850.849322,56.198529,6.624606,100.000000,100.000000,0.000000,0.000000,2,4,2,0.0000,0.0000,0.0000,0.5000,"PursuitChaseOptimal",0.002224
1025,B0100,aggressive,UNKNOWN,16516.595553,29884.646661,2515.353339,563.177557,30908.547275,14820.303401,560.048643,28705.868425,-856.455429,8213.860543,-83.132879,2.436727,False,False,False,False,True,True,True,1-circle,1.000000,3907.840216,-8850.849322,56.198529,6.624606,100.000000,100.000000,0.000000,0.000000,3,8,0,0.0000,0.0000,0.0000,0.5000,"Pursue",-0.002685
1026,A0100,pursuit_chase_v1,UNKNOWN,16529.865530,29856.835002,2543.164998,522.650945,30735.967177,14824.754645,559.034888,28660.096124,-915.446020,8148.421040,-81.743176,2.791492,False,False,False,False,True,True,True,1-circle,1.000000,3903.603215,-8223.197332,59.657165,7.071597,100.000000,100.000000,0.000000,0.000000,2,4,2,0.0000,0.0000,0.0000,0.5000,"PursuitChaseOptimal",-0.007853
1026,B0100,aggressive,UNKNOWN,16529.865530,29856.835002,2543.164998,522.650945,30735.967177,14824.754645,559.034888,28660.096124,-915.446020,8148.421040,-81.743176,2.791492,False,False,False,False,True,True,True,1-circle,1.000000,3903.603215,-8223.197332,59.657165,7.071597,100.000000,100.000000,0.000000,0.000000,3,8,0,0.0000,0.0000,0.0000,0.5000,"Pursue",0.006002
1027,A0100,pursuit_chase_v1,UNKNOWN,16529.865530,29856.835002,2543.164998,522.650945,30735.967177,14824.754645,559.034888,28660.096124,-915.446020,8148.421040,-81.743176,2.791492,False,False,False,False,True,True,True,1-circle,1.000000,3903.603215,-8223.197332,59.657165,7.071597,100.000000,100.000000,0.000000,0.000000,2,4,2,0.0000,0.0000,0.0000,0.5000,"PursuitChaseOptimal",-0.003462
1027,B0100,aggressive,UNKNOWN,16529.865530,29856.835002,2543.164998,522.650945,30735.967177,14824.754645,559.034888,28660.096124,-915.446020,8148.421040,-81.743176,2.791492,False,False,False,False,True,True,True,1-circle,1.000000,3903.603215,-8223.197332,59.657165,7.071597,100.000000,100.000000,0.000000,0.000000,3,8,0,0.0000,0.0000,0.0000,0.5000,"Pursue",0.002482
1028,A0100,pursuit_chase_v1,UNKNOWN,16542.626414,29803.675208,2596.324792,528.712063,30557.662367,14830.167391,558.002886,28614.474776,-912.426964,8093.346180,-79.917169,3.233290,False,False,False,False,True,True,True,1-circle,1.000000,3898.419962,-7588.862406,63.150838,7.429115,100.000000,100.000000,0.000000,0.000000,2,4,2,0.0000,0.0000,0.0000,0.5000,"PursuitChaseOptimal",0.008270
1028,B0100,aggressive,UNKNOWN,16542.626414,29803.675208,2596.324792,528.712063,30557.662367,14830.167391,558.002886,28614.474776,-912.426964,8093.346180,-79.917169,3.233290,False,False,False,False,True,True,True,1-circle,1.000000,3898.419962,-7588.862406,63.150838,7.429115,100.000000,100.000000,0.000000,0.000000,3,8,0,0.0000,0.0000,0.0000,0.5000,"Pursue",-0.007225
1029,A0100,pursuit_chase_v1,UNKNOWN,16542.626414,29803.675208,2596.324792,528.712063,30557.662367,14830.167391,558.002886,28614.474776,-912.426964,8093.346180,-79.917169,3.233290,False,False,False,False,True,True,True,1-circle,1.000000,3898.419962,-7588.862406,63.150838,7.429115,100.000000,100.000000,0.000000,0.000000,2,4,2,0.0000,0.0000,0.0000,0.5000,"PursuitChaseOptimal",0.021620
1029,B0100,aggressive,UNKNOWN,16542.626414,29803.675208,2596.324792,528.712063,30557.662367,14830.167391,558.002886,28614.474776,-912.426964,8093.346180,-79.917169,3.233290,False,False,False,False,True,True,True,1-circle,1.000000,3898.419962,-7588.862406,63.150838,7.429115,100.000000,100.000000,0.000000,0.000000,3,8,0,0.0000,0.0000,0.0000,0.5000,"Pursue",-0.018267
1030,A0100,pursuit_chase_v1,UNKNOWN,16554.848616,29726.691305,2673.308695,607.050805,30374.416239,14836.426485,556.959688,28569.241925,-904.657013,8031.157973,-77.786421,3.806400,False,False,False,False,True,True,True,1-circle,1.000000,3892.398411,-6944.665056,66.697679,7.703606,100.000000,100.000000,0.000000,0.000000,2,4,2,0.0000,0.0000,0.0000,0.5000,"PursuitChaseOptimal",0.005744
1030,B0100,aggressive,UNKNOWN,16554.848616,29726.691305,2673.308695,607.050805,30374.416239,14836.426485,556.959688,28569.241925,-904.657013,8031.157973,-77.786421,3.806400,False,False,False,False,True,True,True,1-circle,1.000000,3892.398411,-6944.665056,66.697679,7.703606,100.000000,100.000000,0.000000,0.000000,3,8,0,0.0000,0.0000,0.0000,0.5000,"Pursue",-0.004697
1031,A0100,pursuit_chase_v1,UNKNOWN,16554.848616,29726.691305,2673.308695,607.050805,30374.416239,14836.426485,556.959688,28569.241925,-904.657013,8031.157973,-77.786421,3.806400,False,False,False,False,True,True,True,1-circle,1.000000,3892.398411,-6944.665056,66.697679,7.703606,100.000000,100.000000,0.000000,0.000000,2,4,2,0.0000,0.0000,0.0000,0.5000,"PursuitChaseOptimal",-0.005516
1031,B0100,aggressive,UNKNOWN,16554.848616,29726.691305,2673.308695,607.050805,30374.416239,14836.426485,556.959688,28569.241925,-904.657013,8031.157973,-77.786421,3.806400,False,False,False,False,True,True,True,1-circle,1.000000,3892.398411,-6944.665056,66.697679,7.703606,100.000000,100.000000,0.000000,0.000000,3,8,0,0.0000,0.0000,0.0000,0.5000,"Pursue",0.004952
1032,A0100,pursuit_chase_v1,UNKNOWN,16566.480628,29627.941228,2772.058772,714.840849,30187.030774,14843.410049,555.912721,28524.644393,-891.950647,7976.800596,-75.255894,4.585146,False,False,False,False,True,True,True,1-circle,1.000000,3885.605249,-6291.246681,70.294420,7.894686,100.000000,100.000000,0.000000,0.000000,2,4,3,0.0000,0.0000,0.0000,0.5000,"PursuitChaseOptimal",-0.019700
1032,B0100,aggressive,UNKNOWN,16566.480628,29627.941228,2772.058772,714.840849,30187.030774,14843.410049,555.912721,28524.644393,-891.950647,7976.800596,-75.255894,4.585146,False,False,False,False,True,True,True,1-circle,1.000000,3885.605249,-6291.246681,70.294420,7.894686,100.000000,100.000000,0.000000,0.000000,3,8,0,0.0000,0.0000,0.0000,0.5000,"Pursue",0.017051
1033,A0100,pursuit_chase_v1,UNKNOWN,16566.480628,29627.941228,2772.058772,714.840849,30187.030774,14843.410049,555.912721,28524.644393,-891.950647,7976.800596,-75.255894,4.585146,False,False,False,False,True,True,True,1-circle,1.000000,3885.605249,-6291.246681,70.294420,7.894686,100.000000,100.000000,0.000000,0.000000,2,4,3,0.0000,0.0000,0.0000,0.5000,"PursuitChaseOptimal",-0.016062
1033,B0100,aggressive,UNKNOWN,16566.480628,29627.941228,2772.058772,714.840849,30187.030774,14843.410049,555.912721,28524.644393,-891.950647,7976.800596,-75.255894,4.585146,False,False,False,False,True,True,True,1-circle,1.000000,3885.605249,-6291.246681,70.294420,7.894686,100.000000,100.000000,0.000000,0.000000,3,8,0,0.0000,0.0000,0.0000,0.5000,"Pursue",0.014142
1034,A0100,pursuit_chase_v1,UNKNOWN,16577.524160,29509.833369,2890.166631,836.949298,29996.284236,14850.990688,554.867204,28480.812276,-876.642340,7933.903604,-72.310698,5.713356,False,False,False,False,True,True,True,1-circle,1.000000,3878.334355,-5629.345662,73.938080,8.000853,100.000000,100.000000,0.000000,0.000000,2,4,3,0.0000,0.0000,0.0000,0.5000,"PursuitChaseOptimal",-0.001291
1034,B0100,aggressive,UNKNOWN,16577.524160,29509.833369,2890.166631,836.949298,29996.284236,14850.990688,554.867204,28480.812276,-876.642340,7933.903604,-72.310698,5.713356,False,False,False,False,True,True,True,1-circle,1.000000,3878.334355,-5629.345662,73.938080,8.000853,100.000000,100.000000,0.000000,0.000000,3,8,0,0.0000,0.0000,0.0000,0.5000,"Pursue",0.001859
1035,A0100,pursuit_chase_v1,UNKNOWN,16577.524160,29509.833369,2890.166631,836.949298,29996.284236,14850.990688,554.867204,28480.812276,-876.642340,7933.903604,-72.310698,5.713356,False,False,False,False,True,True,True,1-circle,1.000000,3878.334355,-5629.345662,73.938080,8.000853,100.000000,100.000000,0.000000,0.000000,2,4,3,0.0000,0.0000,0.0000,0.5000,"PursuitChaseOptimal",-0.001585
1035,B0100,aggressive,UNKNOWN,16577.524160,29509.833369,2890.166631,836.949298,29996.284236,14850.990688,554.867204,28480.812276,-876.642340,7933.903604,-72.310698,5.713356,False,False,False,False,True,True,True,1-circle,1.000000,3878.334355,-5629.345662,73.938080,8.000853,100.000000,100.000000,0.000000,0.000000,3,8,0,0.0000,0.0000,0.0000,0.5000,"Pursue",0.002285
1036,A0100,pursuit_chase_v1,UNKNOWN,16587.931200,29374.967202,3025.032798,983.854062,29802.935759,14859.036560,553.827366,28437.820621,-859.833102,7865.490360,-68.711978,7.509731,False,False,False,False,True,True,True,1-circle,1.000000,3870.708683,-4959.709999,77.625009,8.020130,100.000000,100.000000,0.000000,0.000000,2,4,3,0.0000,0.0000,0.0000,0.5000,"PursuitChaseOptimal",-0.011107
1036,B0100,aggressive,UNKNOWN,16587.931200,29374.967202,3025.032798,983.854062,29802.935759,14859.036560,553.827366,28437.820621,-859.833102,7865.490360,-68.711978,7.509731,False,False,False,False,True,True,True,1-circle,1.000000,3870.708683,-4959.709999,77.625009,8.020130,100.000000,100.000000,0.000000,0.000000,3,8,0,0.0000,0.0000,0.0000,0.5000,"Pursue",0.010502
1037,A0100,pursuit_chase_v1,UNKNOWN,16587.931200,29374.967202,3025.032798,983.854062,29802.935759,14859.036560,553.827366,28437.820621,-859.833102,7865.490360,-68.711978,7.509731,False,False,False,False,True,True,True,1-circle,1.000000,3870.708683,-4959.709999,77.625009,8.020130,100.000000,100.000000,0.000000,0.000000,2,4,3,0.0000,0.0000,0.0000,0.5000,"PursuitChaseOptimal",-0.006093
1037,B0100,aggressive,UNKNOWN,16587.931200,29374.967202,3025.032798,983.854062,29802.935759,14859.036560,553.827366,28437.820621,-859.833102,7865.490360,-68.711978,7.509731,False,False,False,False,True,True,True,1-circle,1.000000,3870.708683,-4959.709999,77.625009,8.020130,100.000000,100.000000,0.000000,0.000000,3,8,0,0.0000,0.0000,0.0000,0.5000,"Pursue",0.006466
1038,A0100,pursuit_chase_v1,UNKNOWN,16597.565244,29225.873183,3174.126817,1137.942587,29607.743686,14867.412193,552.796901,28395.713189,-842.148639,7779.337447,-64.198711,10.849946,False,False,False,False,True,True,True,1-circle,1.000000,3862.856859,-4283.195079,81.351044,7.950549,100.000000,100.000000,0.000000,0.000000,2,4,3,0.0000,0.0000,0.0000,0.5000,"PursuitChaseOptimal",0.006114
1038,B0100,aggressive,UNKNOWN,16597.565244,29225.873183,3174.126817,1137.942587,29607.743686,14867.412193,552.796901,28395.713189,-842.148639,7779.337447,-64.198711,10.849946,False,False,False,False,True,True,True,1-circle,1.000000,3862.856859,-4283.195079,81.351044,7.950549,100.000000,100.000000,0.000000,0.000000,3,8,0,0.0000,0.0000,0.0000,0.5000,"Pursue",-0.003622
1039,A0100,pursuit_chase_v1,UNKNOWN,16597.565244,29225.873183,3174.126817,1137.942587,29607.743686,14867.412193,552.796901,28395.713189,-842.148639,7779.337447,-64.198711,10.849946,False,False,False,False,True,True,True,1-circle,1.000000,3862.856859,-4283.195079,81.351044,7.950549,100.000000,100.000000,0.000000,0.000000,2,4,3,0.0000,0.0000,0.0000,0.5000,"PursuitChaseOptimal",0.005236
1039,B0100,aggressive,UNKNOWN,16597.565244,29225.873183,3174.126817,1137.942587,29607.743686,14867.412193,552.796901,28395.713189,-842.148639,7779.337447,-64.198711,10.849946,False,False,False,False,True,True,True,1-circle,1.000000,3862.856859,-4283.195079,81.351044,7.950549,100.000000,100.000000,0.000000,0.000000,3,8,0,0.0000,0.0000,0.0000,0.5000,"Pursue",-0.002607
1040,A0100,pursuit_chase_v1,UNKNOWN,16606.361079,29062.313185,3337.686815,1303.964589,29409.137359,14875.976470,551.750227,28353.096606,-852.331655,7683.235419,-59.295301,18.571398,False,False,False,False,True,True,True,1-circle,1.000000,3854.909779,-3636.433801,84.913224,7.802837,100.000000,100.000000,0.000000,0.000000,2,4,3,0.0000,0.0000,0.0000,0.5000,"PursuitChaseOptimal",-0.004778
1040,B0100,aggressive,UNKNOWN,16606.361079,29062.313185,3337.686815,1303.964589,29409.137359,14875.976470,551.750227,28353.096606,-852.331655,7683.235419,-59.295301,18.571398,False,False,False,False,True,True,True,1-circle,1.000000,3854.909779,-3636.433801,84.913224,7.802837,100.000000,100.000000,0.000000,0.000000,3,8,0,0.0000,0.0000,0.0000,0.5000,"Pursue",0.006659
1041,A0100,pursuit_chase_v1,UNKNOWN,16606.361079,29062.313185,3337.686815,1303.964589,29409.137359,14875.976470,551.750227,28353.096606,-852.331655,7683.235419,-59.295301,18.571398,False,False,False,False,True,True,True,1-circle,1.000000,3854.909779,-3636.433801,84.913224,7.802837,100.000000,100.000000,0.000000,0.000000,2,4,3,0.0000,0.0000,0.0000,0.5000,"PursuitChaseOptimal",-0.000062
1041,B0100,aggressive,UNKNOWN,16606.361079,29062.313185,3337.686815,1303.964589,29409.137359,14875.976470,551.750227,28353.096606,-852.331655,7683.235419,-59.295301,18.571398,False,False,False,False,True,True,True,1-circle,1.000000,3854.909779,-3636.433801,84.913224,7.802837,100.000000,100.000000,0.000000,0.000000,3,8,0,0.0000,0.0000,0.0000,0.5000,"Pursue",0.003523
1042,A0100,pursuit_chase_v1,UNKNOWN,16614.232144,28879.472867,3520.527133,1495.122911,29192.954079,14884.625869,550.471577,28299.353439,-1074.863346,7578.612694,-53.496811,15.387507,False,False,False,False,True,True,True,1-circle,1.000000,3846.966346,-3821.601835,83.855495,7.715418,100.000000,100.000000,0.000000,0.000000,2,4,3,0.0000,0.0000,0.0000,0.5000,"PursuitChaseOptimal",0.011848
1042,B0100,aggressive,UNKNOWN,16614.232144,28879.472867,3520.527133,1495.122911,29192.954079,14884.625869,550.471577,28299.353439,-1074.863346,7578.612694,-53.496811,15.387507,False,False,False,False,True,True,True,1-circle,1.000000,3846.966346,-3821.601835,83.855495,7.715418,100.000000,100.000000,0.000000,0.000000,3,8,0,0.0000,0.0000,0.0000,0.5000,"Pursue",-0.005935
1043,A0100,pursuit_chase_v1,UNKNOWN,16614.232144,28879.472867,3520.527133,1495.122911,29192.954079,14884.625869,550.471577,28299.353439,-1074.863346,7578.612694,-53.496811,15.387507,False,False,False,False,True,True,True,1-circle,1.000000,3846.966346,-3821.601835,83.855495,7.715418,100.000000,100.000000,0.000000,0.000000,2,4,3,0.0000,0.0000,0.0000,0.5000,"PursuitChaseOptimal",0.010841
1043,B0100,aggressive,UNKNOWN,16614.232144,28879.472867,3520.527133,1495.122911,29192.954079,14884.625869,550.471577,28299.353439,-1074.863346,7578.612694,-53.496811,15.387507,False,False,False,False,True,True,True,1-circle,1.000000,3846.966346,-3821.601835,83.855495,7.715418,100.000000,100.000000,0.000000,0.000000,3,8,0,0.0000,0.0000,0.0000,0.5000,"Pursue",-0.004515
1044,A0100,pursuit_chase_v1,UNKNOWN,16621.044664,28692.893246,3707.106754,1701.975733,28973.540659,14893.399667,549.111516,28241.921058,-1148.647611,7460.897211,-47.404294,9.774835,False,False,False,False,True,True,True,1-circle,1.000000,3838.980044,-4445.789990,80.360695,7.604955,100.000000,100.000000,0.000000,0.000000,2,4,2,0.0000,0.0000,0.0000,0.5000,"PursuitChaseOptimal",0.019204
1044,B0100,aggressive,UNKNOWN,16621.044664,28692.893246,3707.106754,1701.975733,28973.540659,14893.399667,549.111516,28241.921058,-1148.647611,7460.897211,-47.404294,9.774835,False,False,False,False,True,True,True,1-circle,1.000000,3838.980044,-4445.789990,80.360695,7.604955,100.000000,100.000000,0.000000,0.000000,3,8,0,0.0000,0.0000,0.0000,0.5000,"Pursue",-0.011002
1045,A0100,pursuit_chase_v1,UNKNOWN,16621.044664,28692.893246,3707.106754,1701.975733,28973.540659,14893.399667,549.111516,28241.921058,-1148.647611,7460.897211,-47.404294,9.774835,False,False,False,False,True,True,True,1-circle,1.000000,3838.980044,-4445.789990,80.360695,7.604955,100.000000,100.000000,0.000000,0.000000,2,4,2,0.0000,0.0000,0.0000,0.5000,"PursuitChaseOptimal",0.013368
1045,B0100,aggressive,UNKNOWN,16621.044664,28692.893246,3707.106754,1701.975733,28973.540659,14893.399667,549.111516,28241.921058,-1148.647611,7460.897211,-47.404294,9.774835,False,False,False,False,True,True,True,1-circle,1.000000,3838.980044,-4445.789990,80.360695,7.604955,100.000000,100.000000,0.000000,0.000000,3,8,0,0.0000,0.0000,0.0000,0.5000,"Pursue",-0.006270
1046,A0100,pursuit_chase_v1,UNKNOWN,16626.813242,28517.995128,3882.004872,1908.028646,28767.389261,14902.393721,547.880926,28191.152583,-1015.369501,7388.317854,-42.147834,8.774790,False,False,False,False,True,True,True,1-circle,1.000000,3830.806415,-4638.281220,79.265538,7.491262,100.000000,100.000000,0.000000,0.000000,2,4,2,0.0000,0.0000,0.0000,0.5000,"PursuitChaseOptimal",0.019282
1046,B0100,aggressive,UNKNOWN,16626.813242,28517.995128,3882.004872,1908.028646,28767.389261,14902.393721,547.880926,28191.152583,-1015.369501,7388.317854,-42.147834,8.774790,False,False,False,False,True,True,True,1-circle,1.000000,3830.806415,-4638.281220,79.265538,7.491262,100.000000,100.000000,0.000000,0.000000,3,8,0,0.0000,0.0000,0.0000,0.5000,"Pursue",-0.011300
1047,A0100,pursuit_chase_v1,UNKNOWN,16626.813242,28517.995128,3882.004872,1908.028646,28767.389261,14902.393721,547.880926,28191.152583,-1015.369501,7388.317854,-42.147834,8.774790,False,False,False,False,True,True,True,1-circle,1.000000,3830.806415,-4638.281220,79.265538,7.491262,100.000000,100.000000,0.000000,0.000000,2,4,2,0.0000,0.0000,0.0000,0.5000,"PursuitChaseOptimal",0.032880
1047,B0100,aggressive,UNKNOWN,16626.813242,28517.995128,3882.004872,1908.028646,28767.389261,14902.393721,547.880926,28191.152583,-1015.369501,7388.317854,-42.147834,8.774790,False,False,False,False,True,True,True,1-circle,1.000000,3830.806415,-4638.281220,79.265538,7.491262,100.000000,100.000000,0.000000,0.000000,3,8,0,0.0000,0.0000,0.0000,0.5000,"Pursue",-0.022382
1048,A0100,pursuit_chase_v1,UNKNOWN,16631.691275,28351.467581,4048.532419,2102.294459,28577.136291,14911.569427,546.867933,28151.233742,-798.376832,7337.756721,-37.331258,12.958815,False,False,False,False,True,True,True,1-circle,1.000000,3822.481972,-4020.444463,82.673457,7.448199,100.000000,100.000000,0.000000,0.000000,2,4,3,0.0000,0.0000,0.0000,0.5000,"PursuitChaseOptimal",0.030078
1048,B0100,aggressive,UNKNOWN,16631.691275,28351.467581,4048.532419,2102.294459,28577.136291,14911.569427,546.867933,28151.233742,-798.376832,7337.756721,-37.331258,12.958815,False,False,False,False,True,True,True,1-circle,1.000000,3822.481972,-4020.444463,82.673457,7.448199,100.000000,100.000000,0.000000,0.000000,3,8,0,0.0000,0.0000,0.0000,0.5000,"Pursue",-0.019715
1049,A0100,pursuit_chase_v1,UNKNOWN,16631.691275,28351.467581,4048.532419,2102.294459,28577.136291,14911.569427,546.867933,28151.233742,-798.376832,7337.756721,-37.331258,12.958815,False,False,False,False,True,True,True,1-circle,1.000000,3822.481972,-4020.444463,82.673457,7.448199,100.000000,100.000000,0.000000,0.000000,2,4,3,0.0000,0.0000,0.0000,0.5000,"PursuitChaseOptimal",0.017633
1049,B0100,aggressive,UNKNOWN,16631.691275,28351.467581,4048.532419,2102.294459,28577.136291,14911.569427,546.867933,28151.233742,-798.376832,7337.756721,-37.331258,12.958815,False,False,False,False,True,True,True,1-circle,1.000000,3822.481972,-4020.444463,82.673457,7.448199,100.000000,100.000000,0.000000,0.000000,3,8,0,0.0000,0.0000,0.0000,0.5000,"Pursue",-0.008355
1050,A0100,pursuit_chase_v1,UNKNOWN,16635.611667,28171.651764,4228.348236,2301.684453,28378.019026,14920.829675,545.756037,28106.710770,-890.459433,7240.208729,-31.214531,16.368563,False,False,False,False,True,True,True,1-circle,1.000000,3814.030427,-3745.541726,84.177551,7.416255,100.000000,100.000000,0.000000,0.000000,2,4,3,0.0000,0.0000,0.0000,0.5000,"PursuitChaseOptimal",0.002189
1050,B0100,aggressive,UNKNOWN,16635.611667,28171.651764,4228.348236,2301.684453,28378.019026,14920.829675,545.756037,28106.710770,-890.459433,7240.208729,-31.214531,16.368563,False,False,False,False,True,True,True,1-circle,1.000000,3814.030427,-3745.541726,84.177551,7.416255,100.000000,100.000000,0.000000,0.000000,3,8,0,0.0000,0.0000,0.0000,0.5000,"Pursue",0.005484
1051,A0100,pursuit_chase_v1,UNKNOWN,16635.611667,28171.651764,4228.348236,2301.684453,28378.019026,14920.829675,545.756037,28106.710770,-890.459433,7240.208729,-31.214531,16.368563,False,False,False,False,True,True,True,1-circle,1.000000,3814.030427,-3745.541726,84.177551,7.416255,100.000000,100.000000,0.000000,0.000000,2,4,3,0.0000,0.0000,0.0000,0.5000,"PursuitChaseOptimal",0.005155
1051,B0100,aggressive,UNKNOWN,16635.611667,28171.651764,4228.348236,2301.684453,28378.019026,14920.829675,545.756037,28106.710770,-890.459433,7240.208729,-31.214531,16.368563,False,False,False,False,True,True,True,1-circle,1.000000,3814.030427,-3745.541726,84.177551,7.416255,100.000000,100.000000,0.000000,0.000000,3,8,0,0.0000,0.0000,0.0000,0.5000,"Pursue",0.003539
1052,A0100,pursuit_chase_v1,UNKNOWN,16638.386374,27980.064619,4419.935381,2517.202444,28165.480942,14930.166753,544.443210,28052.686361,-1080.488189,7136.424884,-24.294594,10.449390,False,False,False,False,True,True,True,1-circle,1.000000,3805.597624,-4330.732367,80.905490,7.370187,100.000000,100.000000,0.000000,0.000000,2,4,2,0.0000,0.0000,0.0000,0.5000,"PursuitChaseOptimal",0.019810
1052,B0100,aggressive,UNKNOWN,16638.386374,27980.064619,4419.935381,2517.202444,28165.480942,14930.166753,544.443210,28052.686361,-1080.488189,7136.424884,-24.294594,10.449390,False,False,False,False,True,True,True,1-circle,1.000000,3805.597624,-4330.732367,80.905490,7.370187,100.000000,100.000000,0.000000,0.000000,3,8,0,0.0000,0.0000,0.0000,0.5000,"Pursue",-0.008162
1053,A0100,pursuit_chase_v1,UNKNOWN,16638.386374,27980.064619,4419.935381,2517.202444,28165.480942,14930.166753,544.443210,28052.686361,-1080.488189,7136.424884,-24.294594,10.449390,False,False,False,False,True,True,True,1-circle,1.000000,3805.597624,-4330.732367,80.905490,7.370187,100.000000,100.000000,0.000000,0.000000,2,4,2,0.0000,0.0000,0.0000,0.5000,"PursuitChaseOptimal",0.019086
1053,B0100,aggressive,UNKNOWN,16638.386374,27980.064619,4419.935381,2517.202444,28165.480942,14930.166753,544.443210,28052.686361,-1080.488189,7136.424884,-24.294594,10.449390,False,False,False,False,True,True,True,1-circle,1.000000,3805.597624,-4330.732367,80.905490,7.370187,100.000000,100.000000,0.000000,0.000000,3,8,0,0.0000,0.0000,0.0000,0.5000,"Pursue",-0.007096
1054,A0100,pursuit_chase_v1,UNKNOWN,16640.001909,27797.955416,4602.044584,2731.231349,27960.578613,14939.667406,543.175805,28001.162481,-1030.477586,7066.935890,-18.254768,7.486003,False,False,False,False,True,True,True,1-circle,1.000000,3797.093260,-4961.957427,77.379500,7.385982,100.000000,100.000000,0.000000,0.000000,2,4,3,0.0000,0.0000,0.0000,0.5000,"PursuitChaseOptimal",0.008732
1054,B0100,aggressive,UNKNOWN,16640.001909,27797.955416,4602.044584,2731.231349,27960.578613,14939.667406,543.175805,28001.162481,-1030.477586,7066.935890,-18.254768,7.486003,False,False,False,False,True,True,True,1-circle,1.000000,3797.093260,-4961.957427,77.379500,7.385982,100.000000,100.000000,0.000000,0.000000,3,8,0,0.0000,0.0000,0.0000,0.5000,"Pursue",0.001388
1055,A0100,pursuit_chase_v1,UNKNOWN,16640.001909,27797.955416,4602.044584,2731.231349,27960.578613,14939.667406,543.175805,28001.162481,-1030.477586,7066.935890,-18.254768,7.486003,False,False,False,False,True,True,True,1-circle,1.000000,3797.093260,-4961.957427,77.379500,7.385982,100.000000,100.000000,0.000000,0.000000,2,4,3,0.0000,0.0000,0.0000,0.5000,"PursuitChaseOptimal",0.013126
1055,B0100,aggressive,UNKNOWN,16640.001909,27797.955416,4602.044584,2731.231349,27960.578613,14939.667406,543.175805,28001.162481,-1030.477586,7066.935890,-18.254768,7.486003,False,False,False,False,True,True,True,1-circle,1.000000,3797.093260,-4961.957427,77.379500,7.385982,100.000000,100.000000,0.000000,0.000000,3,8,0,0.0000,0.0000,0.0000,0.5000,"Pursue",-0.002326
1056,A0100,pursuit_chase_v1,UNKNOWN,16640.536483,27630.343972,4769.656028,2930.886507,27774.463486,14949.401092,542.144973,27961.367331,-795.903003,6986.523866,-12.010889,8.721329,False,False,False,False,True,True,True,1-circle,1.000000,3788.445184,-4648.423647,79.103581,7.368002,100.000000,100.000000,0.000000,0.000000,2,4,3,0.0000,0.0000,0.0000,0.5000,"PursuitChaseOptimal",0.025418
1056,B0100,aggressive,UNKNOWN,16640.536483,27630.343972,4769.656028,2930.886507,27774.463486,14949.401092,542.144973,27961.367331,-795.903003,6986.523866,-12.010889,8.721329,False,False,False,False,True,True,True,1-circle,1.000000,3788.445184,-4648.423647,79.103581,7.368002,100.000000,100.000000,0.000000,0.000000,3,8,0,0.0000,0.0000,0.0000,0.5000,"Pursue",-0.012192
1057,A0100,pursuit_chase_v1,UNKNOWN,16640.536483,27630.343972,4769.656028,2930.886507,27774.463486,14949.401092,542.144973,27961.367331,-795.903003,6986.523866,-12.010889,8.721329,False,False,False,False,True,True,True,1-circle,1.000000,3788.445184,-4648.423647,79.103581,7.368002,100.000000,100.000000,0.000000,0.000000,2,4,3,0.0000,0.0000,0.0000,0.5000,"PursuitChaseOptimal",0.043261
1057,B0100,aggressive,UNKNOWN,16640.536483,27630.343972,4769.656028,2930.886507,27774.463486,14949.401092,542.144973,27961.367331,-795.903003,6986.523866,-12.010889,8.721329,False,False,False,False,True,True,True,1-circle,1.000000,3788.445184,-4648.423647,79.103581,7.368002,100.000000,100.000000,0.000000,0.000000,3,8,0,0.0000,0.0000,0.0000,0.5000,"Pursue",-0.026745
1058,A0100,pursuit_chase_v1,UNKNOWN,16639.971085,27464.380048,4935.619952,3125.949343,27593.563023,14959.291811,541.192167,27925.561866,-716.109311,6895.861633,-5.704846,12.574131,False,False,False,False,True,True,True,1-circle,1.000000,3779.718894,-4055.138584,82.383451,7.384537,100.000000,100.000000,0.000000,0.000000,2,4,2,0.0000,0.0000,0.0000,0.5000,"PursuitChaseOptimal",0.049485
1058,B0100,aggressive,UNKNOWN,16639.971085,27464.380048,4935.619952,3125.949343,27593.563023,14959.291811,541.192167,27925.561866,-716.109311,6895.861633,-5.704846,12.574131,False,False,False,False,True,True,True,1-circle,1.000000,3779.718894,-4055.138584,82.383451,7.384537,100.000000,100.000000,0.000000,0.000000,3,8,0,0.0000,0.0000,0.0000,0.5000,"Pursue",-0.031407
1059,A0100,pursuit_chase_v1,UNKNOWN,16639.971085,27464.380048,4935.619952,3125.949343,27593.563023,14959.291811,541.192167,27925.561866,-716.109311,6895.861633,-5.704846,12.574131,False,False,False,False,True,True,True,1-circle,1.000000,3779.718894,-4055.138584,82.383451,7.384537,100.000000,100.000000,0.000000,0.000000,2,4,2,0.0000,0.0000,0.0000,0.5000,"PursuitChaseOptimal",0.034668
1059,B0100,aggressive,UNKNOWN,16639.971085,27464.380048,4935.619952,3125.949343,27593.563023,14959.291811,541.192167,27925.561866,-716.109311,6895.861633,-5.704846,12.574131,False,False,False,False,True,True,True,1-circle,1.000000,3779.718894,-4055.138584,82.383451,7.384537,100.000000,100.000000,0.000000,0.000000,3,8,0,0.0000,0.0000,0.0000,0.5000,"Pursue",-0.018106
1060,A0100,pursuit_chase_v1,UNKNOWN,16638.292166,27285.829859,5114.170141,3330.504967,27402.997260,14969.238179,540.126899,27884.513578,-820.965745,6833.318309,0.535661,15.275301,False,False,False,False,True,True,True,1-circle,1.000000,3770.876759,-3814.127990,83.707729,7.395524,100.000000,100.000000,0.000000,0.000000,2,4,3,0.0000,0.0000,0.0000,0.5000,"PursuitChaseOptimal",0.020015
1060,B0100,aggressive,UNKNOWN,16638.292166,27285.829859,5114.170141,3330.504967,27402.997260,14969.238179,540.126899,27884.513578,-820.965745,6833.318309,0.535661,15.275301,False,False,False,False,True,True,True,1-circle,1.000000,3770.876759,-3814.127990,83.707729,7.395524,100.000000,100.000000,0.000000,0.000000,3,8,0,0.0000,0.0000,0.0000,0.5000,"Pursue",-0.004994
1061,A0100,pursuit_chase_v1,UNKNOWN,16638.292166,27285.829859,5114.170141,3330.504967,27402.997260,14969.238179,540.126899,27884.513578,-820.965745,6833.318309,0.535661,15.275301,False,False,False,False,True,True,True,1-circle,1.000000,3770.876759,-3814.127990,83.707729,7.395524,100.000000,100.000000,0.000000,0.000000,2,4,3,0.0000,0.0000,0.0000,0.5000,"PursuitChaseOptimal",0.004036
1061,B0100,aggressive,UNKNOWN,16638.292166,27285.829859,5114.170141,3330.504967,27402.997260,14969.238179,540.126899,27884.513578,-820.965745,6833.318309,0.535661,15.275301,False,False,False,False,True,True,True,1-circle,1.000000,3770.876759,-3814.127990,83.707729,7.395524,100.000000,100.000000,0.000000,0.000000,3,8,0,0.0000,0.0000,0.0000,0.5000,"Pursue",0.008853
1062,A0100,pursuit_chase_v1,UNKNOWN,16635.417714,27095.893739,5304.106261,3547.468282,27199.043838,14979.244027,538.861764,27834.087545,-1008.520676,6737.136769,8.103180,9.887509,False,False,False,False,True,True,True,1-circle,1.000000,3762.014918,-4422.895995,80.313003,7.391441,100.000000,100.000000,0.000000,0.000000,2,4,2,0.0000,0.0000,0.0000,0.5000,"PursuitChaseOptimal",0.008725
1062,B0100,aggressive,UNKNOWN,16635.417714,27095.893739,5304.106261,3547.468282,27199.043838,14979.244027,538.861764,27834.087545,-1008.520676,6737.136769,8.103180,9.887509,False,False,False,False,True,True,True,1-circle,1.000000,3762.014918,-4422.895995,80.313003,7.391441,100.000000,100.000000,0.000000,0.000000,3,8,0,0.0000,0.0000,0.0000,0.5000,"Pursue",0.005310
1063,A0100,pursuit_chase_v1,UNKNOWN,16635.417714,27095.893739,5304.106261,3547.468282,27199.043838,14979.244027,538.861764,27834.087545,-1008.520676,6737.136769,8.103180,9.887509,False,False,False,False,True,True,True,1-circle,1.000000,3762.014918,-4422.895995,80.313003,7.391441,100.000000,100.000000,0.000000,0.000000,2,4,2,0.0000,0.0000,0.0000,0.5000,"PursuitChaseOptimal",0.024405
1063,B0100,aggressive,UNKNOWN,16635.417714,27095.893739,5304.106261,3547.468282,27199.043838,14979.244027,538.861764,27834.087545,-1008.520676,6737.136769,8.103180,9.887509,False,False,False,False,True,True,True,1-circle,1.000000,3762.014918,-4422.895995,80.313003,7.391441,100.000000,100.000000,0.000000,0.000000,3,8,0,0.0000,0.0000,0.0000,0.5000,"Pursue",-0.007847
1064,A0100,pursuit_chase_v1,UNKNOWN,16631.305088,26920.659513,5479.340487,3754.711950,27009.293193,14989.400311,537.740283,27790.792461,-865.901672,6686.313229,14.558908,8.540723,False,False,False,False,True,True,True,1-circle,1.000000,3753.164877,-4693.046043,78.801638,7.360527,100.000000,100.000000,0.000000,0.000000,2,4,3,0.0000,0.0000,0.0000,0.5000,"PursuitChaseOptimal",0.023950
1064,B0100,aggressive,UNKNOWN,16631.305088,26920.659513,5479.340487,3754.711950,27009.293193,14989.400311,537.740283,27790.792461,-865.901672,6686.313229,14.558908,8.540723,False,False,False,False,True,True,True,1-circle,1.000000,3753.164877,-4693.046043,78.801638,7.360527,100.000000,100.000000,0.000000,0.000000,3,8,0,0.0000,0.0000,0.0000,0.5000,"Pursue",-0.007546
1065,A0100,pursuit_chase_v1,UNKNOWN,16631.305088,26920.659513,5479.340487,3754.711950,27009.293193,14989.400311,537.740283,27790.792461,-865.901672,6686.313229,14.558908,8.540723,False,False,False,False,True,True,True,1-circle,1.000000,3753.164877,-4693.046043,78.801638,7.360527,100.000000,100.000000,0.000000,0.000000,2,4,3,0.0000,0.0000,0.0000,0.5000,"PursuitChaseOptimal",0.011839
1065,B0100,aggressive,UNKNOWN,16631.305088,26920.659513,5479.340487,3754.711950,27009.293193,14989.400311,537.740283,27790.792461,-865.901672,6686.313229,14.558908,8.540723,False,False,False,False,True,True,True,1-circle,1.000000,3753.164877,-4693.046043,78.801638,7.360527,100.000000,100.000000,0.000000,0.000000,3,8,0,0.0000,0.0000,0.0000,0.5000,"Pursue",0.002861
1066,A0100,pursuit_chase_v1,UNKNOWN,16626.071890,26757.271957,5642.728043,3945.440540,26834.728069,14999.689492,536.822392,27757.416474,-667.519736,6611.965427,21.215308,11.778728,False,False,False,False,True,True,True,1-circle,1.000000,3744.255074,-4148.308309,81.819121,7.391451,100.000000,100.000000,0.000000,0.000000,2,4,3,0.0000,0.0000,0.0000,0.5000,"PursuitChaseOptimal",0.000404
1066,B0100,aggressive,UNKNOWN,16626.071890,26757.271957,5642.728043,3945.440540,26834.728069,14999.689492,536.822392,27757.416474,-667.519736,6611.965427,21.215308,11.778728,False,False,False,False,True,True,True,1-circle,1.000000,3744.255074,-4148.308309,81.819121,7.391451,100.000000,100.000000,0.000000,0.000000,3,8,0,0.0000,0.0000,0.0000,0.5000,"Pursue",0.012760
1067,A0100,pursuit_chase_v1,UNKNOWN,16626.071890,26757.271957,5642.728043,3945.440540,26834.728069,14999.689492,536.822392,27757.416474,-667.519736,6611.965427,21.215308,11.778728,False,False,False,False,True,True,True,1-circle,1.000000,3744.255074,-4148.308309,81.819121,7.391451,100.000000,100.000000,0.000000,0.000000,2,4,3,0.0000,0.0000,0.0000,0.5000,"PursuitChaseOptimal",0.021385
1067,B0100,aggressive,UNKNOWN,16626.071890,26757.271957,5642.728043,3945.440540,26834.728069,14999.689492,536.822392,27757.416474,-667.519736,6611.965427,21.215308,11.778728,False,False,False,False,True,True,True,1-circle,1.000000,3744.255074,-4148.308309,81.819121,7.391451,100.000000,100.000000,0.000000,0.000000,3,8,0,0.0000,0.0000,0.0000,0.5000,"Pursue",-0.003592
1068,A0100,pursuit_chase_v1,UNKNOWN,16619.656054,26582.125648,5817.874352,4148.847281,26650.343857,15010.033932,535.788717,27718.677077,-774.787951,6532.118775,28.601300,13.898346,False,False,False,False,True,True,True,1-circle,1.000000,3735.466821,-3927.029700,83.042052,7.434975,100.000000,100.000000,0.000000,0.000000,2,4,3,0.0000,0.0000,0.0000,0.5000,"PursuitChaseOptimal",0.038593
1068,B0100,aggressive,UNKNOWN,16619.656054,26582.125648,5817.874352,4148.847281,26650.343857,15010.033932,535.788717,27718.677077,-774.787951,6532.118775,28.601300,13.898346,False,False,False,False,True,True,True,1-circle,1.000000,3735.466821,-3927.029700,83.042052,7.434975,100.000000,100.000000,0.000000,0.000000,3,8,0,0.0000,0.0000,0.0000,0.5000,"Pursue",-0.016788
1069,A0100,pursuit_chase_v1,UNKNOWN,16619.656054,26582.125648,5817.874352,4148.847281,26650.343857,15010.033932,535.788717,27718.677077,-774.787951,6532.118775,28.601300,13.898346,False,False,False,False,True,True,True,1-circle,1.000000,3735.466821,-3927.029700,83.042052,7.434975,100.000000,100.000000,0.000000,0.000000,2,4,3,0.0000,0.0000,0.0000,0.5000,"PursuitChaseOptimal",0.060947
1069,B0100,aggressive,UNKNOWN,16619.656054,26582.125648,5817.874352,4148.847281,26650.343857,15010.033932,535.788717,27718.677077,-774.787951,6532.118775,28.601300,13.898346,False,False,False,False,True,True,True,1-circle,1.000000,3735.466821,-3927.029700,83.042052,7.434975,100.000000,100.000000,0.000000,0.000000,3,8,0,0.0000,0.0000,0.0000,0.5000,"Pursue",-0.034552
1070,A0100,pursuit_chase_v1,UNKNOWN,16611.891468,26396.068696,6003.931304,4369.935485,26453.033074,15020.442436,534.560745,27670.898584,-955.569849,6425.354728,36.658007,9.248262,False,False,False,False,True,True,True,1-circle,1.000000,3726.687614,-4548.199630,79.586945,7.463478,100.000000,100.000000,0.000000,0.000000,2,4,2,0.0000,0.0000,0.0000,0.5000,"PursuitChaseOptimal",0.068072
1070,B0100,aggressive,UNKNOWN,16611.891468,26396.068696,6003.931304,4369.935485,26453.033074,15020.442436,534.560745,27670.898584,-955.569849,6425.354728,36.658007,9.248262,False,False,False,False,True,True,True,1-circle,1.000000,3726.687614,-4548.199630,79.586945,7.463478,100.000000,100.000000,0.000000,0.000000,3,8,0,0.0000,0.0000,0.0000,0.5000,"Pursue",-0.039975
1071,A0100,pursuit_chase_v1,UNKNOWN,16611.891468,26396.068696,6003.931304,4369.935485,26453.033074,15020.442436,534.560745,27670.898584,-955.569849,6425.354728,36.658007,9.248262,False,False,False,False,True,True,True,1-circle,1.000000,3726.687614,-4548.199630,79.586945,7.463478,100.000000,100.000000,0.000000,0.000000,2,4,2,0.0000,0.0000,0.0000,0.5000,"PursuitChaseOptimal",0.054706
1071,B0100,aggressive,UNKNOWN,16611.891468,26396.068696,6003.931304,4369.935485,26453.033074,15020.442436,534.560745,27670.898584,-955.569849,6425.354728,36.658007,9.248262,False,False,False,False,True,True,True,1-circle,1.000000,3726.687614,-4548.199630,79.586945,7.463478,100.000000,100.000000,0.000000,0.000000,3,8,0,0.0000,0.0000,0.0000,0.5000,"Pursue",-0.029056
1072,A0100,pursuit_chase_v1,UNKNOWN,16602.759159,26225.317960,6174.682040,4580.237012,26270.249413,15031.009235,533.479130,27630.324024,-811.491195,6361.974300,43.506456,7.985145,False,False,False,False,True,True,True,1-circle,1.000000,3717.651810,-4839.792750,77.964053,7.470142,100.000000,100.000000,0.000000,0.000000,2,4,3,0.0000,0.0000,0.0000,0.5000,"PursuitChaseOptimal",0.038318
1072,B0100,aggressive,UNKNOWN,16602.759159,26225.317960,6174.682040,4580.237012,26270.249413,15031.009235,533.479130,27630.324024,-811.491195,6361.974300,43.506456,7.985145,False,False,False,False,True,True,True,1-circle,1.000000,3717.651810,-4839.792750,77.964053,7.470142,100.000000,100.000000,0.000000,0.000000,3,8,0,0.0000,0.0000,0.0000,0.5000,"Pursue",-0.015678
1073,A0100,pursuit_chase_v1,UNKNOWN,16602.759159,26225.317960,6174.682040,4580.237012,26270.249413,15031.009235,533.479130,27630.324024,-811.491195,6361.974300,43.506456,7.985145,False,False,False,False,True,True,True,1-circle,1.000000,3717.651810,-4839.792750,77.964053,7.470142,100.000000,100.000000,0.000000,0.000000,2,4,3,0.0000,0.0000,0.0000,0.5000,"PursuitChaseOptimal",0.038812
1073,B0100,aggressive,UNKNOWN,16602.759159,26225.317960,6174.682040,4580.237012,26270.249413,15031.009235,533.479130,27630.324024,-811.491195,6361.974300,43.506456,7.985145,False,False,False,False,True,True,True,1-circle,1.000000,3717.651810,-4839.792750,77.964053,7.470142,100.000000,100.000000,0.000000,0.000000,3,8,0,0.0000,0.0000,0.0000,0.5000,"Pursue",-0.015682
1074,A0100,pursuit_chase_v1,UNKNOWN,16592.427421,26066.952769,6333.047231,4774.914006,26102.533948,15041.721198,532.598203,27599.460167,-617.277143,6288.752894,50.467686,10.598702,False,False,False,False,True,True,True,1-circle,1.000000,3708.460251,-4317.960186,80.861602,7.534824,100.000000,100.000000,0.000000,0.000000,2,4,2,0.0000,0.0000,0.0000,0.5000,"PursuitChaseOptimal",0.060560
1074,B0100,aggressive,UNKNOWN,16592.427421,26066.952769,6333.047231,4774.914006,26102.533948,15041.721198,532.598203,27599.460167,-617.277143,6288.752894,50.467686,10.598702,False,False,False,False,True,True,True,1-circle,1.000000,3708.460251,-4317.960186,80.861602,7.534824,100.000000,100.000000,0.000000,0.000000,3,8,0,0.0000,0.0000,0.0000,0.5000,"Pursue",-0.033071
1075,A0100,pursuit_chase_v1,UNKNOWN,16592.427421,26066.952769,6333.047231,4774.914006,26102.533948,15041.721198,532.598203,27599.460167,-617.277143,6288.752894,50.467686,10.598702,False,False,False,False,True,True,True,1-circle,1.000000,3708.460251,-4317.960186,80.861602,7.534824,100.000000,100.000000,0.000000,0.000000,2,4,2,0.0000,0.0000,0.0000,0.5000,"PursuitChaseOptimal",0.064008
1075,B0100,aggressive,UNKNOWN,16592.427421,26066.952769,6333.047231,4774.914006,26102.533948,15041.721198,532.598203,27599.460167,-617.277143,6288.752894,50.467686,10.598702,False,False,False,False,True,True,True,1-circle,1.000000,3708.460251,-4317.960186,80.861602,7.534824,100.000000,100.000000,0.000000,0.000000,3,8,0,0.0000,0.0000,0.0000,0.5000,"Pursue",-0.035315
1076,A0100,pursuit_chase_v1,UNKNOWN,16580.898806,25902.927547,6497.072453,4971.395145,25931.676333,15052.504923,531.691300,27567.513930,-638.924745,6242.789249,57.038876,15.702639,False,False,False,False,True,True,True,1-circle,1.000000,3699.185614,-3790.080637,83.794430,7.537692,100.000000,100.000000,0.000000,0.000000,2,4,3,0.0000,0.0000,0.0000,0.5000,"PursuitChaseOptimal",0.047971
1076,B0100,aggressive,UNKNOWN,16580.898806,25902.927547,6497.072453,4971.395145,25931.676333,15052.504923,531.691300,27567.513930,-638.924745,6242.789249,57.038876,15.702639,False,False,False,False,True,True,True,1-circle,1.000000,3699.185614,-3790.080637,83.794430,7.537692,100.000000,100.000000,0.000000,0.000000,3,8,0,0.0000,0.0000,0.0000,0.5000,"Pursue",-0.021191
1077,A0100,pursuit_chase_v1,UNKNOWN,16580.898806,25902.927547,6497.072453,4971.395145,25931.676333,15052.504923,531.691300,27567.513930,-638.924745,6242.789249,57.038876,15.702639,False,False,False,False,True,True,True,1-circle,1.000000,3699.185614,-3790.080637,83.794430,7.537692,100.000000,100.000000,0.000000,0.000000,2,4,3,0.0000,0.0000,0.0000,0.5000,"PursuitChaseOptimal",0.048668
1077,B0100,aggressive,UNKNOWN,16580.898806,25902.927547,6497.072453,4971.395145,25931.676333,15052.504923,531.691300,27567.513930,-638.924745,6242.789249,57.038876,15.702639,False,False,False,False,True,True,True,1-circle,1.000000,3699.185614,-3790.080637,83.794430,7.537692,100.000000,100.000000,0.000000,0.000000,3,8,0,0.0000,0.0000,0.0000,0.5000,"Pursue",-0.020708
1078,A0100,pursuit_chase_v1,UNKNOWN,16568.113663,25723.733795,6676.266205,5188.036626,25744.861435,15063.292434,530.571809,27525.655529,-837.168028,6158.667623,65.118301,12.389113,False,False,False,False,True,True,True,1-circle,1.000000,3689.869467,-4088.419775,82.139097,7.588640,100.000000,100.000000,0.000000,0.000000,2,4,3,0.0000,0.0000,0.0000,0.5000,"PursuitChaseOptimal",0.043245
1078,B0100,aggressive,UNKNOWN,16568.113663,25723.733795,6676.266205,5188.036626,25744.861435,15063.292434,530.571809,27525.655529,-837.168028,6158.667623,65.118301,12.389113,False,False,False,False,True,True,True,1-circle,1.000000,3689.869467,-4088.419775,82.139097,7.588640,100.000000,100.000000,0.000000,0.000000,3,8,0,0.0000,0.0000,0.0000,0.5000,"Pursue",-0.015609
1079,A0100,pursuit_chase_v1,UNKNOWN,16568.113663,25723.733795,6676.266205,5188.036626,25744.861435,15063.292434,530.571809,27525.655529,-837.168028,6158.667623,65.118301,12.389113,False,False,False,False,True,True,True,1-circle,1.000000,3689.869467,-4088.419775,82.139097,7.588640,100.000000,100.000000,0.000000,0.000000,2,4,3,0.0000,0.0000,0.0000,0.5000,"PursuitChaseOptimal",0.048490
1079,B0100,aggressive,UNKNOWN,16568.113663,25723.733795,6676.266205,5188.036626,25744.861435,15063.292434,530.571809,27525.655529,-837.168028,6158.667623,65.118301,12.389113,False,False,False,False,True,True,True,1-circle,1.000000,3689.869467,-4088.419775,82.139097,7.588640,100.000000,100.000000,0.000000,0.000000,3,8,0,0.0000,0.0000,0.0000,0.5000,"Pursue",-0.019580
1080,A0100,pursuit_chase_v1,UNKNOWN,16553.867028,25546.360538,6853.639462,5404.346232,25557.902703,15074.155170,529.410409,27482.018765,-872.735274,6062.330563,73.446176,8.411347,False,False,False,False,True,True,True,1-circle,1.000000,3680.502809,-4747.122199,78.483892,7.614115,100.000000,100.000000,0.000000,0.000000,2,4,2,0.0000,0.0000,0.0000,0.5000,"PursuitChaseOptimal",0.068308
1080,B0100,aggressive,UNKNOWN,16553.867028,25546.360538,6853.639462,5404.346232,25557.902703,15074.155170,529.410409,27482.018765,-872.735274,6062.330563,73.446176,8.411347,False,False,False,False,True,True,True,1-circle,1.000000,3680.502809,-4747.122199,78.483892,7.614115,100.000000,100.000000,0.000000,0.000000,3,8,0,0.0000,0.0000,0.0000,0.5000,"Pursue",-0.035721
1081,A0100,pursuit_chase_v1,UNKNOWN,16553.867028,25546.360538,6853.639462,5404.346232,25557.902703,15074.155170,529.410409,27482.018765,-872.735274,6062.330563,73.446176,8.411347,False,False,False,False,True,True,True,1-circle,1.000000,3680.502809,-4747.122199,78.483892,7.614115,100.000000,100.000000,0.000000,0.000000,2,4,2,0.0000,0.0000,0.0000,0.5000,"PursuitChaseOptimal",0.074720
1081,B0100,aggressive,UNKNOWN,16553.867028,25546.360538,6853.639462,5404.346232,25557.902703,15074.155170,529.410409,27482.018765,-872.735274,6062.330563,73.446176,8.411347,False,False,False,False,True,True,True,1-circle,1.000000,3680.502809,-4747.122199,78.483892,7.614115,100.000000,100.000000,0.000000,0.000000,3,8,0,0.0000,0.0000,0.0000,0.5000,"Pursue",-0.040916
1082,A0100,pursuit_chase_v1,UNKNOWN,16538.223078,25387.306620,7012.693380,5602.892684,25390.787038,15085.159040,528.493382,27450.074901,-638.877278,5990.616221,80.642185,9.587221,False,False,False,False,True,True,True,1-circle,1.000000,3670.968166,-4502.194112,79.850456,7.618058,100.000000,100.000000,0.000000,0.000000,2,4,2,0.0000,0.0000,0.0000,0.5000,"PursuitChaseOptimal",0.079442
1082,B0100,aggressive,UNKNOWN,16538.223078,25387.306620,7012.693380,5602.892684,25390.787038,15085.159040,528.493382,27450.074901,-638.877278,5990.616221,80.642185,9.587221,False,False,False,False,True,True,True,1-circle,1.000000,3670.968166,-4502.194112,79.850456,7.618058,100.000000,100.000000,0.000000,0.000000,3,8,0,0.0000,0.0000,0.0000,0.5000,"Pursue",-0.044302
1083,A0100,pursuit_chase_v1,UNKNOWN,16538.223078,25387.306620,7012.693380,5602.892684,25390.787038,15085.159040,528.493382,27450.074901,-638.877278,5990.616221,80.642185,9.587221,False,False,False,False,True,True,True,1-circle,1.000000,3670.968166,-4502.194112,79.850456,7.618058,100.000000,100.000000,0.000000,0.000000,2,4,2,0.0000,0.0000,0.0000,0.5000,"PursuitChaseOptimal",0.073621
1083,B0100,aggressive,UNKNOWN,16538.223078,25387.306620,7012.693380,5602.892684,25390.787038,15085.159040,528.493382,27450.074901,-638.877278,5990.616221,80.642185,9.587221,False,False,False,False,True,True,True,1-circle,1.000000,3670.968166,-4502.194112,79.850456,7.618058,100.000000,100.000000,0.000000,0.000000,3,8,0,0.0000,0.0000,0.0000,0.5000,"Pursue",-0.039175
1084,A0100,pursuit_chase_v1,UNKNOWN,16521.383356,25231.881407,7168.118593,5799.018683,25228.966675,15096.245519,527.651587,27421.802559,-565.446849,5955.443746,87.167083,13.888965,False,False,False,False,True,True,True,1-circle,1.000000,3661.247458,-3946.263835,82.946137,7.652303,100.000000,100.000000,0.000000,0.000000,2,4,3,0.0000,0.0000,0.0000,0.5000,"PursuitChaseOptimal",0.057051
1084,B0100,aggressive,UNKNOWN,16521.383356,25231.881407,7168.118593,5799.018683,25228.966675,15096.245519,527.651587,27421.802559,-565.446849,5955.443746,87.167083,13.888965,False,False,False,False,True,True,True,1-circle,1.000000,3661.247458,-3946.263835,82.946137,7.652303,100.000000,100.000000,0.000000,0.000000,3,8,0,0.0000,0.0000,0.0000,0.5000,"Pursue",-0.025320
1085,A0100,pursuit_chase_v1,UNKNOWN,16521.383356,25231.881407,7168.118593,5799.018683,25228.966675,15096.245519,527.651587,27421.802559,-565.446849,5955.443746,87.167083,13.888965,False,False,False,False,True,True,True,1-circle,1.000000,3661.247458,-3946.263835,82.946137,7.652303,100.000000,100.000000,0.000000,0.000000,2,4,3,0.0000,0.0000,0.0000,0.5000,"PursuitChaseOptimal",0.054559
1085,B0100,aggressive,UNKNOWN,16521.383356,25231.881407,7168.118593,5799.018683,25228.966675,15096.245519,527.651587,27421.802559,-565.446849,5955.443746,87.167083,13.888965,False,False,False,False,True,True,True,1-circle,1.000000,3661.247458,-3946.263835,82.946137,7.652303,100.000000,100.000000,0.000000,0.000000,3,8,0,0.0000,0.0000,0.0000,0.5000,"Pursue",-0.022263
1086,A0100,pursuit_chase_v1,UNKNOWN,16503.303153,25064.777190,7335.222810,6004.762384,25056.997057,15107.327717,526.690572,27388.028396,-675.483258,5878.326796,95.146974,16.854590,False,False,False,False,True,True,True,1-circle,1.000000,3651.484565,-3727.817327,84.168863,7.674753,100.000000,100.000000,0.000000,0.000000,2,4,2,0.0000,0.0000,0.0000,0.5000,"PursuitChaseOptimal",0.068645
1086,B0100,aggressive,UNKNOWN,16503.303153,25064.777190,7335.222810,6004.762384,25056.997057,15107.327717,526.690572,27388.028396,-675.483258,5878.326796,95.146974,16.854590,False,False,False,False,True,True,True,1-circle,1.000000,3651.484565,-3727.817327,84.168863,7.674753,100.000000,100.000000,0.000000,0.000000,3,8,0,0.0000,0.0000,0.0000,0.5000,"Pursue",-0.032455
1087,A0100,pursuit_chase_v1,UNKNOWN,16503.303153,25064.777190,7335.222810,6004.762384,25056.997057,15107.327717,526.690572,27388.028396,-675.483258,5878.326796,95.146974,16.854590,False,False,False,False,True,True,True,1-circle,1.000000,3651.484565,-3727.817327,84.168863,7.674753,100.000000,100.000000,0.000000,0.000000,2,4,2,0.0000,0.0000,0.0000,0.5000,"PursuitChaseOptimal",0.065377
1087,B0100,aggressive,UNKNOWN,16503.303153,25064.777190,7335.222810,6004.762384,25056.997057,15107.327717,526.690572,27388.028396,-675.483258,5878.326796,95.146974,16.854590,False,False,False,False,True,True,True,1-circle,1.000000,3651.484565,-3727.817327,84.168863,7.674753,100.000000,100.000000,0.000000,0.000000,3,8,0,0.0000,0.0000,0.0000,0.5000,"Pursue",-0.029144
1088,A0100,pursuit_chase_v1,UNKNOWN,16483.799987,24885.923215,7514.076785,6221.868615,24871.480743,15118.410056,525.535422,27345.301212,-854.543671,5815.297377,103.252960,10.631880,False,False,False,False,True,True,True,1-circle,1.000000,3641.703464,-4338.696216,80.786510,7.684828,100.000000,100.000000,0.000000,0.000000,2,4,3,0.0000,0.0000,0.0000,0.5000,"PursuitChaseOptimal",0.046690
1088,B0100,aggressive,UNKNOWN,16483.799987,24885.923215,7514.076785,6221.868615,24871.480743,15118.410056,525.535422,27345.301212,-854.543671,5815.297377,103.252960,10.631880,False,False,False,False,True,True,True,1-circle,1.000000,3641.703464,-4338.696216,80.786510,7.684828,100.000000,100.000000,0.000000,0.000000,3,8,0,0.0000,0.0000,0.0000,0.5000,"Pursue",-0.014066
1089,A0100,pursuit_chase_v1,UNKNOWN,16483.799987,24885.923215,7514.076785,6221.868615,24871.480743,15118.410056,525.535422,27345.301212,-854.543671,5815.297377,103.252960,10.631880,False,False,False,False,True,True,True,1-circle,1.000000,3641.703464,-4338.696216,80.786510,7.684828,100.000000,100.000000,0.000000,0.000000,2,4,3,0.0000,0.0000,0.0000,0.5000,"PursuitChaseOptimal",0.044920
1089,B0100,aggressive,UNKNOWN,16483.799987,24885.923215,7514.076785,6221.868615,24871.480743,15118.410056,525.535422,27345.301212,-854.543671,5815.297377,103.252960,10.631880,False,False,False,False,True,True,True,1-circle,1.000000,3641.703464,-4338.696216,80.786510,7.684828,100.000000,100.000000,0.000000,0.000000,3,8,0,0.0000,0.0000,0.0000,0.5000,"Pursue",-0.012878
1090,A0100,pursuit_chase_v1,UNKNOWN,16462.870096,24722.113237,7677.886763,6431.002070,24699.948879,15129.586279,524.521596,27309.348380,-719.056636,5734.125344,111.442447,8.976102,False,False,False,False,True,True,True,1-circle,1.000000,3631.837170,-4643.459029,79.106840,7.676321,100.000000,100.000000,0.000000,0.000000,2,4,3,0.0000,0.0000,0.0000,0.5000,"PursuitChaseOptimal",0.061263
1090,B0100,aggressive,UNKNOWN,16462.870096,24722.113237,7677.886763,6431.002070,24699.948879,15129.586279,524.521596,27309.348380,-719.056636,5734.125344,111.442447,8.976102,False,False,False,False,True,True,True,1-circle,1.000000,3631.837170,-4643.459029,79.106840,7.676321,100.000000,100.000000,0.000000,0.000000,3,8,0,0.0000,0.0000,0.0000,0.5000,"Pursue",-0.026016
1091,A0100,pursuit_chase_v1,UNKNOWN,16462.870096,24722.113237,7677.886763,6431.002070,24699.948879,15129.586279,524.521596,27309.348380,-719.056636,5734.125344,111.442447,8.976102,False,False,False,False,True,True,True,1-circle,1.000000,3631.837170,-4643.459029,79.106840,7.676321,100.000000,100.000000,0.000000,0.000000,2,4,3,0.0000,0.0000,0.0000,0.5000,"PursuitChaseOptimal",0.082026
1091,B0100,aggressive,UNKNOWN,16462.870096,24722.113237,7677.886763,6431.002070,24699.948879,15129.586279,524.521596,27309.348380,-719.056636,5734.125344,111.442447,8.976102,False,False,False,False,True,True,True,1-circle,1.000000,3631.837170,-4643.459029,79.106840,7.676321,100.000000,100.000000,0.000000,0.000000,3,8,0,0.0000,0.0000,0.0000,0.5000,"Pursue",-0.042135
1092,A0100,pursuit_chase_v1,UNKNOWN,16440.564752,24572.029021,7827.970979,6622.874384,24544.054242,15140.851300,523.711989,27283.043124,-526.105121,5648.696590,119.097527,12.153069,False,False,False,False,True,True,True,1-circle,1.000000,3621.910964,-4143.494792,81.899938,7.720800,100.000000,100.000000,0.000000,0.000000,2,4,2,0.0000,0.0000,0.0000,0.5000,"PursuitChaseOptimal",0.072516
1092,B0100,aggressive,UNKNOWN,16440.564752,24572.029021,7827.970979,6622.874384,24544.054242,15140.851300,523.711989,27283.043124,-526.105121,5648.696590,119.097527,12.153069,False,False,False,False,True,True,True,1-circle,1.000000,3621.910964,-4143.494792,81.899938,7.720800,100.000000,100.000000,0.000000,0.000000,3,8,0,0.0000,0.0000,0.0000,0.5000,"Pursue",-0.034155
1093,A0100,pursuit_chase_v1,UNKNOWN,16440.564752,24572.029021,7827.970979,6622.874384,24544.054242,15140.851300,523.711989,27283.043124,-526.105121,5648.696590,119.097527,12.153069,False,False,False,False,True,True,True,1-circle,1.000000,3621.910964,-4143.494792,81.899938,7.720800,100.000000,100.000000,0.000000,0.000000,2,4,2,0.0000,0.0000,0.0000,0.5000,"PursuitChaseOptimal",0.057398
1093,B0100,aggressive,UNKNOWN,16440.564752,24572.029021,7827.970979,6622.874384,24544.054242,15140.851300,523.711989,27283.043124,-526.105121,5648.696590,119.097527,12.153069,False,False,False,False,True,True,True,1-circle,1.000000,3621.910964,-4143.494792,81.899938,7.720800,100.000000,100.000000,0.000000,0.000000,3,8,0,0.0000,0.0000,0.0000,0.5000,"Pursue",-0.021699
1094,A0100,pursuit_chase_v1,UNKNOWN,16416.954009,24416.903720,7983.096280,6816.520859,24385.017401,15152.135762,522.875222,27255.557963,-549.703228,5602.756039,126.341271,19.059010,False,False,False,False,True,True,True,1-circle,1.000000,3611.897614,-3623.261757,84.807534,7.707626,100.000000,100.000000,0.000000,0.000000,2,4,2,0.0000,0.0000,0.0000,0.5000,"PursuitChaseOptimal",0.037195
1094,B0100,aggressive,UNKNOWN,16416.954009,24416.903720,7983.096280,6816.520859,24385.017401,15152.135762,522.875222,27255.557963,-549.703228,5602.756039,126.341271,19.059010,False,False,False,False,True,True,True,1-circle,1.000000,3611.897614,-3623.261757,84.807534,7.707626,100.000000,100.000000,0.000000,0.000000,3,8,0,0.0000,0.0000,0.0000,0.5000,"Pursue",-0.004798
1095,A0100,pursuit_chase_v1,UNKNOWN,16416.954009,24416.903720,7983.096280,6816.520859,24385.017401,15152.135762,522.875222,27255.557963,-549.703228,5602.756039,126.341271,19.059010,False,False,False,False,True,True,True,1-circle,1.000000,3611.897614,-3623.261757,84.807534,7.707626,100.000000,100.000000,0.000000,0.000000,2,4,2,0.0000,0.0000,0.0000,0.5000,"PursuitChaseOptimal",0.016157
1095,B0100,aggressive,UNKNOWN,16416.954009,24416.903720,7983.096280,6816.520859,24385.017401,15152.135762,522.875222,27255.557963,-549.703228,5602.756039,126.341271,19.059010,False,False,False,False,True,True,True,1-circle,1.000000,3611.897614,-3623.261757,84.807534,7.707626,100.000000,100.000000,0.000000,0.000000,3,8,0,0.0000,0.0000,0.0000,0.5000,"Pursue",0.012702
1096,A0100,pursuit_chase_v1,UNKNOWN,16392.059200,24246.580860,8153.419140,7024.765443,24210.150234,15163.371793,521.833224,27218.602066,-739.117946,5562.519627,134.356602,14.630995,False,False,False,False,True,True,True,1-circle,1.000000,3601.986719,-3909.500539,83.237427,7.735595,100.000000,100.000000,0.000000,0.000000,2,4,3,0.0000,0.0000,0.0000,0.5000,"PursuitChaseOptimal",0.013950
1096,B0100,aggressive,UNKNOWN,16392.059200,24246.580860,8153.419140,7024.765443,24210.150234,15163.371793,521.833224,27218.602066,-739.117946,5562.519627,134.356602,14.630995,False,False,False,False,True,True,True,1-circle,1.000000,3601.986719,-3909.500539,83.237427,7.735595,100.000000,100.000000,0.000000,0.000000,2,4,4,0.0000,0.0000,0.0000,0.5000,"Accelerate",0.015195
1097,A0100,pursuit_chase_v1,UNKNOWN,16392.059200,24246.580860,8153.419140,7024.765443,24210.150234,15163.371793,521.833224,27218.602066,-739.117946,5562.519627,134.356602,14.630995,False,False,False,False,True,True,True,1-circle,1.000000,3601.986719,-3909.500539,83.237427,7.735595,100.000000,100.000000,0.000000,0.000000,2,4,3,0.0000,0.0000,0.0000,0.5000,"PursuitChaseOptimal",0.040152
1097,B0100,aggressive,UNKNOWN,16392.059200,24246.580860,8153.419140,7024.765443,24210.150234,15163.371793,521.833224,27218.602066,-739.117946,5562.519627,134.356602,14.630995,False,False,False,False,True,True,True,1-circle,1.000000,3601.986719,-3909.500539,83.237427,7.735595,100.000000,100.000000,0.000000,0.000000,2,4,4,0.0000,0.0000,0.0000,0.5000,"Accelerate",-0.004533
1098,A0100,pursuit_chase_v1,UNKNOWN,16365.700091,24067.319705,8332.680295,7247.918800,24024.170346,15174.619994,520.628260,27174.241146,-887.218390,5474.379145,143.699790,8.359354,False,False,False,False,True,True,True,1-circle,1.000000,3592.244935,-4811.062246,78.252067,7.786495,100.000000,100.000000,0.000000,0.000000,2,4,3,0.0000,0.0000,0.0000,0.5000,"PursuitChaseOptimal",0.080296
1098,B0100,aggressive,UNKNOWN,16365.700091,24067.319705,8332.680295,7247.918800,24024.170346,15174.619994,520.628260,27174.241146,-887.218390,5474.379145,143.699790,8.359354,False,False,False,False,True,True,True,1-circle,1.000000,3592.244935,-4811.062246,78.252067,7.786495,100.000000,100.000000,0.000000,0.000000,2,4,4,0.0000,0.0000,0.0000,0.5000,"Accelerate",-0.035123
1099,A0100,pursuit_chase_v1,UNKNOWN,16365.700091,24067.319705,8332.680295,7247.918800,24024.170346,15174.619994,520.628260,27174.241146,-887.218390,5474.379145,143.699790,8.359354,False,False,False,False,True,True,True,1-circle,1.000000,3592.244935,-4811.062246,78.252067,7.786495,100.000000,100.000000,0.000000,0.000000,2,4,3,0.0000,0.0000,0.0000,0.5000,"PursuitChaseOptimal",0.132432
1099,B0100,aggressive,UNKNOWN,16365.700091,24067.319705,8332.680295,7247.918800,24024.170346,15174.619994,520.628260,27174.241146,-887.218390,5474.379145,143.699790,8.359354,False,False,False,False,True,True,True,1-circle,1.000000,3592.244935,-4811.062246,78.252067,7.786495,100.000000,100.000000,0.000000,0.000000,2,4,4,0.0000,0.0000,0.0000,0.5000,"Accelerate",-0.075205
1100,A0100,pursuit_chase_v1,UNKNOWN,16337.669271,23890.587155,8509.412845,7481.499387,23835.852195,15186.070802,519.261801,27122.785374,-1029.115451,5365.106399,152.940696,4.658293,False,False,False,False,True,True,True,1-circle,1.000000,3582.296166,-6392.474608,69.491700,7.991322,100.000000,100.000000,0.000000,0.000000,2,4,3,0.0000,0.0000,0.0000,0.5000,"PursuitChaseOptimal",0.153829
1100,B0100,aggressive,UNKNOWN,16337.669271,23890.587155,8509.412845,7481.499387,23835.852195,15186.070802,519.261801,27122.785374,-1029.115451,5365.106399,152.940696,4.658293,False,False,False,False,True,True,True,1-circle,1.000000,3582.296166,-6392.474608,69.491700,7.991322,100.000000,100.000000,0.000000,0.000000,2,4,4,0.0000,0.0000,0.0000,0.5000,"Accelerate",-0.092450
1101,A0100,pursuit_chase_v1,UNKNOWN,16337.669271,23890.587155,8509.412845,7481.499387,23835.852195,15186.070802,519.261801,27122.785374,-1029.115451,5365.106399,152.940696,4.658293,False,False,False,False,True,True,True,1-circle,1.000000,3582.296166,-6392.474608,69.491700,7.991322,100.000000,100.000000,0.000000,0.000000,2,4,3,0.0000,0.0000,0.0000,0.5000,"PursuitChaseOptimal",0.152285
1101,B0100,aggressive,UNKNOWN,16337.669271,23890.587155,8509.412845,7481.499387,23835.852195,15186.070802,519.261801,27122.785374,-1029.115451,5365.106399,152.940696,4.658293,False,False,False,False,True,True,True,1-circle,1.000000,3582.296166,-6392.474608,69.491700,7.991322,100.000000,100.000000,0.000000,0.000000,2,4,4,0.0000,0.0000,0.0000,0.5000,"Accelerate",-0.092628
1102,A0100,pursuit_chase_v1,UNKNOWN,16308.059581,23765.182885,8634.817115,7674.430330,23696.513456,15197.979654,518.311643,27091.050008,-634.707304,5280.169777,159.461206,2.834365,False,False,False,False,True,True,True,1-circle,1.000000,3571.569250,-8397.207408,58.379059,8.210794,100.000000,100.000000,0.000000,0.000000,2,4,2,0.0000,0.0000,0.0000,0.5000,"PursuitChaseOptimal",0.154345
1102,B0100,aggressive,UNKNOWN,16308.059581,23765.182885,8634.817115,7674.430330,23696.513456,15197.979654,518.311643,27091.050008,-634.707304,5280.169777,159.461206,2.834365,False,False,False,False,True,True,True,1-circle,1.000000,3571.569250,-8397.207408,58.379059,8.210794,100.000000,100.000000,0.000000,0.000000,2,4,4,0.0000,0.0000,0.0000,0.5000,"Accelerate",-0.095844
1103,A0100,pursuit_chase_v1,UNKNOWN,16308.059581,23765.182885,8634.817115,7674.430330,23696.513456,15197.979654,518.311643,27091.050008,-634.707304,5280.169777,159.461206,2.834365,False,False,False,False,True,True,True,1-circle,1.000000,3571.569250,-8397.207408,58.379059,8.210794,100.000000,100.000000,0.000000,0.000000,2,4,2,0.0000,0.0000,0.0000,0.5000,"PursuitChaseOptimal",0.140586
1103,B0100,aggressive,UNKNOWN,16308.059581,23765.182885,8634.817115,7674.430330,23696.513456,15197.979654,518.311643,27091.050008,-634.707304,5280.169777,159.461206,2.834365,False,False,False,False,True,True,True,1-circle,1.000000,3571.569250,-8397.207408,58.379059,8.210794,100.000000,100.000000,0.000000,0.000000,2,4,4,0.0000,0.0000,0.0000,0.5000,"Accelerate",-0.086740
1104,A0100,pursuit_chase_v1,UNKNOWN,16277.491640,23707.386317,8692.613683,7797.870980,23627.942484,15210.431577,517.601492,27070.934298,-402.314210,5249.174143,162.098046,1.981743,False,False,False,False,True,True,True,1-circle,1.000000,3559.962792,-10161.454596,48.600774,7.657324,100.000000,100.000000,0.000000,0.000000,2,4,3,0.0000,0.0000,0.0000,0.5000,"PursuitChaseOptimal",0.103846
1104,B0100,aggressive,UNKNOWN,16277.491640,23707.386317,8692.613683,7797.870980,23627.942484,15210.431577,517.601492,27070.934298,-402.314210,5249.174143,162.098046,1.981743,False,False,False,False,True,True,True,1-circle,1.000000,3559.962792,-10161.454596,48.600774,7.657324,100.000000,100.000000,0.000000,0.000000,2,4,4,0.0000,0.0000,0.0000,0.5000,"Accelerate",-0.059756
1105,A0100,pursuit_chase_v1,UNKNOWN,16277.491640,23707.386317,8692.613683,7797.870980,23627.942484,15210.431577,517.601492,27070.934298,-402.314210,5249.174143,162.098046,1.981743,False,False,False,False,True,True,True,1-circle,1.000000,3559.962792,-10161.454596,48.600774,7.657324,100.000000,100.000000,0.000000,0.000000,2,4,3,0.0000,0.0000,0.0000,0.5000,"PursuitChaseOptimal",0.091574
1105,B0100,aggressive,UNKNOWN,16277.491640,23707.386317,8692.613683,7797.870980,23627.942484,15210.431577,517.601492,27070.934298,-402.314210,5249.174143,162.098046,1.981743,False,False,False,False,True,True,True,1-circle,1.000000,3559.962792,-10161.454596,48.600774,7.657324,100.000000,100.000000,0.000000,0.000000,2,4,4,0.0000,0.0000,0.0000,0.5000,"Accelerate",-0.051243
1106,A0100,pursuit_chase_v1,UNKNOWN,16246.468972,23689.377914,8710.622086,7874.392943,23603.477995,15223.271654,517.168536,27063.940841,-139.869142,5206.490481,163.522971,1.601099,False,False,False,False,True,True,True,1-circle,1.000000,3547.757301,-11266.113579,42.485632,7.460026,100.000000,100.000000,0.000000,0.000000,2,4,2,0.0000,0.0000,0.0000,0.5000,"PursuitChaseOptimal",0.094904
1106,B0100,aggressive,UNKNOWN,16246.468972,23689.377914,8710.622086,7874.392943,23603.477995,15223.271654,517.168536,27063.940841,-139.869142,5206.490481,163.522971,1.601099,False,False,False,False,True,True,True,1-circle,1.000000,3547.757301,-11266.113579,42.485632,7.460026,100.000000,100.000000,0.000000,0.000000,2,4,4,0.0000,0.0000,0.0000,0.5000,"Accelerate",-0.054452
1107,A0100,pursuit_chase_v1,UNKNOWN,16246.468972,23689.377914,8710.622086,7874.392943,23603.477995,15223.271654,517.168536,27063.940841,-139.869142,5206.490481,163.522971,1.601099,False,False,False,False,True,True,True,1-circle,1.000000,3547.757301,-11266.113579,42.485632,7.460026,100.000000,100.000000,0.000000,0.000000,2,4,2,0.0000,0.0000,0.0000,0.5000,"PursuitChaseOptimal",0.084928
1107,B0100,aggressive,UNKNOWN,16246.468972,23689.377914,8710.622086,7874.392943,23603.477995,15223.271654,517.168536,27063.940841,-139.869142,5206.490481,163.522971,1.601099,False,False,False,False,True,True,True,1-circle,1.000000,3547.757301,-11266.113579,42.485632,7.460026,100.000000,100.000000,0.000000,0.000000,2,4,4,0.0000,0.0000,0.0000,0.5000,"Accelerate",-0.047778
1108,A0100,pursuit_chase_v1,UNKNOWN,16215.212112,23690.379129,8709.620871,7921.250501,23601.452234,15236.366925,516.925577,27065.913568,39.454542,5174.966169,163.922238,1.296349,False,False,False,False,True,True,True,1-circle,1.000000,3535.205721,-12338.168618,36.551113,7.198859,100.000000,100.000000,0.000000,0.000000,2,4,2,0.0000,0.0000,0.0000,0.5000,"PursuitChaseOptimal",0.077419
1108,B0100,aggressive,UNKNOWN,16215.212112,23690.379129,8709.620871,7921.250501,23601.452234,15236.366925,516.925577,27065.913568,39.454542,5174.966169,163.922238,1.296349,False,False,False,False,True,True,True,1-circle,1.000000,3535.205721,-12338.168618,36.551113,7.198859,100.000000,100.000000,0.000000,0.000000,2,4,4,0.0000,0.0000,0.0000,0.5000,"Accelerate",-0.043527
1109,A0100,pursuit_chase_v1,UNKNOWN,16215.212112,23690.379129,8709.620871,7921.250501,23601.452234,15236.366925,516.925577,27065.913568,39.454542,5174.966169,163.922238,1.296349,False,False,False,False,True,True,True,1-circle,1.000000,3535.205721,-12338.168618,36.551113,7.198859,100.000000,100.000000,0.000000,0.000000,2,4,2,0.0000,0.0000,0.0000,0.5000,"PursuitChaseOptimal",0.095416
1109,B0100,aggressive,UNKNOWN,16215.212112,23690.379129,8709.620871,7921.250501,23601.452234,15236.366925,516.925577,27065.913568,39.454542,5174.966169,163.922238,1.296349,False,False,False,False,True,True,True,1-circle,1.000000,3535.205721,-12338.168618,36.551113,7.198859,100.000000,100.000000,0.000000,0.000000,2,4,4,0.0000,0.0000,0.0000,0.5000,"Accelerate",-0.058605
1110,A0100,pursuit_chase_v1,UNKNOWN,16183.993668,23715.725675,8684.274325,7939.520179,23629.776419,15249.484509,516.637085,27065.830870,-1.653965,5154.789287,163.052814,1.039265,False,False,False,False,True,True,True,1-circle,1.000000,3522.582512,-13392.539256,30.715113,5.848432,100.000000,100.000000,0.000000,0.000000,2,4,2,0.0000,0.0000,0.0000,0.5000,"PursuitChaseOptimal",0.089259
1110,B0100,aggressive,UNKNOWN,16183.993668,23715.725675,8684.274325,7939.520179,23629.776419,15249.484509,516.637085,27065.830870,-1.653965,5154.789287,163.052814,1.039265,False,False,False,False,True,True,True,1-circle,1.000000,3522.582512,-13392.539256,30.715113,5.848432,100.000000,100.000000,0.000000,0.000000,2,4,4,0.0000,0.0000,0.0000,0.5000,"Accelerate",-0.055037
1111,A0100,pursuit_chase_v1,UNKNOWN,16183.993668,23715.725675,8684.274325,7939.520179,23629.776419,15249.484509,516.637085,27065.830870,-1.653965,5154.789287,163.052814,1.039265,False,False,False,False,True,True,True,1-circle,1.000000,3522.582512,-13392.539256,30.715113,5.848432,100.000000,100.000000,0.000000,0.000000,2,4,2,0.0000,0.0000,0.0000,0.5000,"PursuitChaseOptimal",0.059457
1111,B0100,aggressive,UNKNOWN,16183.993668,23715.725675,8684.274325,7939.520179,23629.776419,15249.484509,516.637085,27065.830870,-1.653965,5154.789287,163.052814,1.039265,False,False,False,False,True,True,True,1-circle,1.000000,3522.582512,-13392.539256,30.715113,5.848432,100.000000,100.000000,0.000000,0.000000,2,4,4,0.0000,0.0000,0.0000,0.5000,"Accelerate",-0.033497
1112,A0100,pursuit_chase_v1,UNKNOWN,16153.055570,23757.001188,8642.998812,7927.492583,23680.277445,15262.290896,516.289874,27062.760027,-61.416856,5136.051372,161.418415,0.808167,False,False,False,False,True,True,True,1-circle,1.000000,3510.190248,-14463.724717,24.786898,4.482847,100.000000,100.000000,0.000000,0.000000,2,4,3,0.0000,0.0000,0.0000,0.5000,"PursuitChaseOptimal",0.030475
1112,B0100,aggressive,UNKNOWN,16153.055570,23757.001188,8642.998812,7927.492583,23680.277445,15262.290896,516.289874,27062.760027,-61.416856,5136.051372,161.418415,0.808167,False,False,False,False,True,True,True,1-circle,1.000000,3510.190248,-14463.724717,24.786898,4.482847,100.000000,100.000000,0.000000,0.000000,2,4,4,0.0000,0.0000,0.0000,0.5000,"Accelerate",-0.012286
1113,A0100,pursuit_chase_v1,UNKNOWN,16153.055570,23757.001188,8642.998812,7927.492583,23680.277445,15262.290896,516.289874,27062.760027,-61.416856,5136.051372,161.418415,0.808167,False,False,False,False,True,True,True,1-circle,1.000000,3510.190248,-14463.724717,24.786898,4.482847,100.000000,100.000000,0.000000,0.000000,2,4,3,0.0000,0.0000,0.0000,0.5000,"PursuitChaseOptimal",0.024151
1113,B0100,aggressive,UNKNOWN,16153.055570,23757.001188,8642.998812,7927.492583,23680.277445,15262.290896,516.289874,27062.760027,-61.416856,5136.051372,161.418415,0.808167,False,False,False,False,True,True,True,1-circle,1.000000,3510.190248,-14463.724717,24.786898,4.482847,100.000000,100.000000,0.000000,0.000000,2,4,4,0.0000,0.0000,0.0000,0.5000,"Accelerate",-0.007996
1114,A0100,pursuit_chase_v1,UNKNOWN,16122.522892,23802.299832,8597.700168,7905.680833,23739.108357,15274.502844,515.806207,27052.872668,-197.747173,5090.074101,160.290032,0.602513,False,False,False,False,True,True,True,1-circle,1.000000,3498.468796,-15512.736852,18.984739,3.545147,100.000000,100.000000,0.000000,0.000000,2,4,2,0.0000,0.0000,0.0000,0.5000,"PursuitChaseOptimal",0.044812
1114,B0100,aggressive,UNKNOWN,16122.522892,23802.299832,8597.700168,7905.680833,23739.108357,15274.502844,515.806207,27052.872668,-197.747173,5090.074101,160.290032,0.602513,False,False,False,False,True,True,True,1-circle,1.000000,3498.468796,-15512.736852,18.984739,3.545147,100.000000,100.000000,0.000000,0.000000,2,4,4,0.0000,0.0000,0.0000,0.5000,"Accelerate",-0.023956
1115,A0100,pursuit_chase_v1,UNKNOWN,16122.522892,23802.299832,8597.700168,7905.680833,23739.108357,15274.502844,515.806207,27052.872668,-197.747173,5090.074101,160.290032,0.602513,False,False,False,False,True,True,True,1-circle,1.000000,3498.468796,-15512.736852,18.984739,3.545147,100.000000,100.000000,0.000000,0.000000,2,4,2,0.0000,0.0000,0.0000,0.5000,"PursuitChaseOptimal",0.043405
1115,B0100,aggressive,UNKNOWN,16122.522892,23802.299832,8597.700168,7905.680833,23739.108357,15274.502844,515.806207,27052.872668,-197.747173,5090.074101,160.290032,0.602513,False,False,False,False,True,True,True,1-circle,1.000000,3498.468796,-15512.736852,18.984739,3.545147,100.000000,100.000000,0.000000,0.000000,2,4,4,0.0000,0.0000,0.0000,0.5000,"Accelerate",-0.023160
1116,A0100,pursuit_chase_v1,UNKNOWN,16092.356413,23846.007033,8553.992967,7879.361004,23798.760310,15285.966169,515.248085,27038.860473,-280.243906,5041.553238,159.125673,0.417401,False,False,False,False,True,True,True,1-circle,1.000000,3487.596463,-16524.314574,13.394214,2.736337,100.000000,100.000000,0.000000,0.000000,2,4,2,0.0000,0.0000,0.0000,0.5000,"PursuitChaseOptimal",0.042409
1116,B0100,aggressive,UNKNOWN,16092.356413,23846.007033,8553.992967,7879.361004,23798.760310,15285.966169,515.248085,27038.860473,-280.243906,5041.553238,159.125673,0.417401,False,False,False,False,True,True,True,1-circle,1.000000,3487.596463,-16524.314574,13.394214,2.736337,100.000000,100.000000,0.000000,0.000000,2,4,4,0.0000,0.0000,0.0000,0.5000,"Accelerate",-0.022633
1117,A0100,pursuit_chase_v1,UNKNOWN,16092.356413,23846.007033,8553.992967,7879.361004,23798.760310,15285.966169,515.248085,27038.860473,-280.243906,5041.553238,159.125673,0.417401,False,False,False,False,True,True,True,1-circle,1.000000,3487.596463,-16524.314574,13.394214,2.736337,100.000000,100.000000,0.000000,0.000000,2,4,2,0.0000,0.0000,0.0000,0.5000,"PursuitChaseOptimal",0.065608
1117,B0100,aggressive,UNKNOWN,16092.356413,23846.007033,8553.992967,7879.361004,23798.760310,15285.966169,515.248085,27038.860473,-280.243906,5041.553238,159.125673,0.417401,False,False,False,False,True,True,True,1-circle,1.000000,3487.596463,-16524.314574,13.394214,2.736337,100.000000,100.000000,0.000000,0.000000,2,4,4,0.0000,0.0000,0.0000,0.5000,"Accelerate",-0.040281
1118,A0100,pursuit_chase_v1,UNKNOWN,16062.616482,23886.166855,8513.833145,7861.009062,23856.504868,15296.599773,514.648920,27022.175874,-333.691983,5014.423350,157.701164,0.246705,False,False,False,False,True,True,True,1-circle,1.000000,3477.609686,-17500.529866,8.003963,2.003804,100.000000,100.000000,0.000000,0.000000,2,4,3,0.0000,0.0000,0.0000,0.5000,"PursuitChaseOptimal",0.063027
1118,B0100,aggressive,UNKNOWN,16062.616482,23886.166855,8513.833145,7861.009062,23856.504868,15296.599773,514.648920,27022.175874,-333.691983,5014.423350,157.701164,0.246705,False,False,False,False,True,True,True,1-circle,1.000000,3477.609686,-17500.529866,8.003963,2.003804,100.000000,100.000000,0.000000,0.000000,2,4,4,0.0000,0.0000,0.0000,0.5000,"Accelerate",-0.038411
1119,A0100,pursuit_chase_v1,UNKNOWN,16062.616482,23886.166855,8513.833145,7861.009062,23856.504868,15296.599773,514.648920,27022.175874,-333.691983,5014.423350,157.701164,0.246705,False,False,False,False,True,True,True,1-circle,1.000000,3477.609686,-17500.529866,8.003963,2.003804,100.000000,100.000000,0.000000,0.000000,2,4,3,0.0000,0.0000,0.0000,0.5000,"PursuitChaseOptimal",0.029388
1119,B0100,aggressive,UNKNOWN,16062.616482,23886.166855,8513.833145,7861.009062,23856.504868,15296.599773,514.648920,27022.175874,-333.691983,5014.423350,157.701164,0.246705,False,False,False,False,True,True,True,1-circle,1.000000,3477.609686,-17500.529866,8.003963,2.003804,100.000000,100.000000,0.000000,0.000000,2,4,4,0.0000,0.0000,0.0000,0.5000,"Accelerate",-0.013264
1120,A0100,pursuit_chase_v1,UNKNOWN,16033.247097,23921.303230,8478.696770,7842.739208,23910.428162,15306.360752,514.031857,27003.835827,-366.800934,4951.768382,157.143426,0.085519,False,False,False,False,True,True,True,1-circle,1.000000,3468.478072,-18446.102234,2.787747,1.316352,100.000000,100.000000,0.000000,0.000000,2,4,2,0.0000,0.0000,0.0000,0.5000,"PursuitChaseOptimal",0.013387
1120,B0100,aggressive,UNKNOWN,16033.247097,23921.303230,8478.696770,7842.739208,23910.428162,15306.360752,514.031857,27003.835827,-366.800934,4951.768382,157.143426,0.085519,False,False,False,False,True,True,True,1-circle,1.000000,3468.478072,-18446.102234,2.787747,1.316352,100.000000,100.000000,0.000000,0.000000,2,4,4,0.0000,0.0000,0.0000,0.5000,"Accelerate",-0.015397
1121,A0100,pursuit_chase_v1,UNKNOWN,16033.247097,23921.303230,8478.696770,7842.739208,23910.428162,15306.360752,514.031857,27003.835827,-366.800934,4951.768382,157.143426,0.085519,False,False,False,False,True,True,True,1-circle,1.000000,3468.478072,-18446.102234,2.787747,1.316352,100.000000,100.000000,0.000000,0.000000,2,4,2,0.0000,0.0000,0.0000,0.5000,"PursuitChaseOptimal",0.039046
1121,B0100,aggressive,UNKNOWN,16033.247097,23921.303230,8478.696770,7842.739208,23910.428162,15306.360752,514.031857,27003.835827,-366.800934,4951.768382,157.143426,0.085519,False,False,False,False,True,True,True,1-circle,1.000000,3468.478072,-18446.102234,2.787747,1.316352,100.000000,100.000000,0.000000,0.000000,2,4,4,0.0000,0.0000,0.0000,0.5000,"Accelerate",-0.034327
1122,A0100,pursuit_chase_v1,UNKNOWN,16004.221843,23951.009347,8448.990653,7829.851295,23961.713933,15315.200693,513.564969,26991.436105,-247.994450,4934.919007,156.080584,0.012000,False,False,False,False,True,True,True,1-circle,1.000000,3460.346476,-18884.949748,0.391183,0.673217,100.000000,100.000000,0.000000,0.000000,2,4,2,0.0000,0.0000,0.0000,0.5000,"PursuitChaseOptimal",0.057926
1122,B0100,aggressive,UNKNOWN,16004.221843,23951.009347,8448.990653,7829.851295,23961.713933,15315.200693,513.564969,26991.436105,-247.994450,4934.919007,156.080584,0.012000,False,False,False,False,True,True,True,1-circle,1.000000,3460.346476,-18884.949748,0.391183,0.673217,100.000000,100.000000,0.000000,0.000000,2,4,4,0.0000,0.0000,0.0000,0.5000,"Accelerate",-0.048399
1123,A0100,pursuit_chase_v1,UNKNOWN,16004.221843,23951.009347,8448.990653,7829.851295,23961.713933,15315.200693,513.564969,26991.436105,-247.994450,4934.919007,156.080584,0.012000,False,False,False,False,True,True,True,1-circle,1.000000,3460.346476,-18884.949748,0.391183,0.673217,100.000000,100.000000,0.000000,0.000000,2,4,2,0.0000,0.0000,0.0000,0.5000,"PursuitChaseOptimal",0.030426
1123,B0100,aggressive,UNKNOWN,16004.221843,23951.009347,8448.990653,7829.851295,23961.713933,15315.200693,513.564969,26991.436105,-247.994450,4934.919007,156.080584,0.012000,False,False,False,False,True,True,True,1-circle,1.000000,3460.346476,-18884.949748,0.391183,0.673217,100.000000,100.000000,0.000000,0.000000,2,4,4,0.0000,0.0000,0.0000,0.5000,"Accelerate",-0.027431
1124,A0100,pursuit_chase_v1,UNKNOWN,15975.603148,23978.173813,8421.826187,7818.520337,24010.108561,15323.043581,513.426835,26992.998722,31.252345,4936.715991,154.796854,0.105361,False,False,False,False,True,True,True,1-circle,1.000000,3453.186051,-18346.207427,3.430116,0.791896,100.000000,100.000000,0.000000,0.000000,2,4,3,0.0000,0.0000,0.0000,0.5000,"PursuitChaseOptimal",0.003067
1124,B0100,aggressive,UNKNOWN,15975.603148,23978.173813,8421.826187,7818.520337,24010.108561,15323.043581,513.426835,26992.998722,31.252345,4936.715991,154.796854,0.105361,False,False,False,False,True,True,True,1-circle,1.000000,3453.186051,-18346.207427,3.430116,0.791896,100.000000,100.000000,0.000000,0.000000,2,4,4,0.0000,0.0000,0.0000,0.5000,"Accelerate",-0.006728
1125,A0100,pursuit_chase_v1,UNKNOWN,15975.603148,23978.173813,8421.826187,7818.520337,24010.108561,15323.043581,513.426835,26992.998722,31.252345,4936.715991,154.796854,0.105361,False,False,False,False,True,True,True,1-circle,1.000000,3453.186051,-18346.207427,3.430116,0.791896,100.000000,100.000000,0.000000,0.000000,2,4,3,0.0000,0.0000,0.0000,0.5000,"PursuitChaseOptimal",-0.029099
1125,B0100,aggressive,UNKNOWN,15975.603148,23978.173813,8421.826187,7818.520337,24010.108561,15323.043581,513.426835,26992.998722,31.252345,4936.715991,154.796854,0.105361,False,False,False,False,True,True,True,1-circle,1.000000,3453.186051,-18346.207427,3.430116,0.791896,100.000000,100.000000,0.000000,0.000000,2,4,4,0.0000,0.0000,0.0000,0.5000,"Accelerate",0.018045
1126,A0100,pursuit_chase_v1,UNKNOWN,15947.350802,24016.351572,8383.648428,7808.041060,24061.092238,15330.164612,513.036837,26982.397537,-212.023690,4898.138639,153.921440,0.055953,False,False,False,False,True,True,True,1-circle,1.000000,3446.803223,-18644.591787,1.822032,1.389418,100.000000,100.000000,0.000000,0.000000,2,4,3,0.0000,0.0000,0.0000,0.5000,"PursuitChaseOptimal",-0.040274
1126,B0100,aggressive,UNKNOWN,15947.350802,24016.351572,8383.648428,7808.041060,24061.092238,15330.164612,513.036837,26982.397537,-212.023690,4898.138639,153.921440,0.055953,False,False,False,False,True,True,True,1-circle,1.000000,3446.803223,-18644.591787,1.822032,1.389418,100.000000,100.000000,0.000000,0.000000,2,4,4,0.0000,0.0000,0.0000,0.5000,"Accelerate",0.026440
1127,A0100,pursuit_chase_v1,UNKNOWN,15947.350802,24016.351572,8383.648428,7808.041060,24061.092238,15330.164612,513.036837,26982.397537,-212.023690,4898.138639,153.921440,0.055953,False,False,False,False,True,True,True,1-circle,1.000000,3446.803223,-18644.591787,1.822032,1.389418,100.000000,100.000000,0.000000,0.000000,2,4,3,0.0000,0.0000,0.0000,0.5000,"PursuitChaseOptimal",-0.021216
1127,B0100,aggressive,UNKNOWN,15947.350802,24016.351572,8383.648428,7808.041060,24061.092238,15330.164612,513.036837,26982.397537,-212.023690,4898.138639,153.921440,0.055953,False,False,False,False,True,True,True,1-circle,1.000000,3446.803223,-18644.591787,1.822032,1.389418,100.000000,100.000000,0.000000,0.000000,2,4,4,0.0000,0.0000,0.0000,0.5000,"Accelerate",0.012553
1128,A0100,pursuit_chase_v1,UNKNOWN,15919.378957,24055.410741,8344.589259,7802.711450,24109.271024,15336.901805,512.769985,26977.016244,-107.625860,4866.245791,152.995848,0.009878,False,False,False,False,True,True,True,1-circle,1.000000,3441.013031,-19039.926556,-0.321649,1.647744,100.000000,100.000000,0.000000,0.000000,2,4,2,0.0000,0.0000,0.0000,0.5000,"PursuitChaseOptimal",0.006466
1128,B0100,aggressive,UNKNOWN,15919.378957,24055.410741,8344.589259,7802.711450,24109.271024,15336.901805,512.769985,26977.016244,-107.625860,4866.245791,152.995848,0.009878,False,False,False,False,True,True,True,1-circle,1.000000,3441.013031,-19039.926556,-0.321649,1.647744,100.000000,100.000000,0.000000,0.000000,2,4,4,0.0000,0.0000,0.0000,0.5000,"Accelerate",-0.008400
1129,A0100,pursuit_chase_v1,UNKNOWN,15919.378957,24055.410741,8344.589259,7802.711450,24109.271024,15336.901805,512.769985,26977.016244,-107.625860,4866.245791,152.995848,0.009878,False,False,False,False,True,True,True,1-circle,1.000000,3441.013031,-19039.926556,-0.321649,1.647744,100.000000,100.000000,0.000000,0.000000,2,4,2,0.0000,0.0000,0.0000,0.5000,"PursuitChaseOptimal",0.039073
1129,B0100,aggressive,UNKNOWN,15919.378957,24055.410741,8344.589259,7802.711450,24109.271024,15336.901805,512.769985,26977.016244,-107.625860,4866.245791,152.995848,0.009878,False,False,False,False,True,True,True,1-circle,1.000000,3441.013031,-19039.926556,-0.321649,1.647744,100.000000,100.000000,0.000000,0.000000,2,4,4,0.0000,0.0000,0.0000,0.5000,"Accelerate",-0.032788
1130,A0100,pursuit_chase_v1,UNKNOWN,15891.679406,24091.562900,8308.437100,7798.944303,24156.000372,15343.253742,512.763919,26983.092767,121.530454,4852.404131,151.718577,0.074463,False,False,False,False,True,True,True,1-circle,1.000000,3435.721669,-18555.781169,2.423387,1.801369,100.000000,100.000000,0.000000,0.000000,2,4,2,0.0000,0.0000,0.0000,0.5000,"PursuitChaseOptimal",0.036624
1130,B0100,aggressive,UNKNOWN,15891.679406,24091.562900,8308.437100,7798.944303,24156.000372,15343.253742,512.763919,26983.092767,121.530454,4852.404131,151.718577,0.074463,False,False,False,False,True,True,True,1-circle,1.000000,3435.721669,-18555.781169,2.423387,1.801369,100.000000,100.000000,0.000000,0.000000,2,4,4,0.0000,0.0000,0.0000,0.5000,"Accelerate",-0.030616
1131,A0100,pursuit_chase_v1,UNKNOWN,15891.679406,24091.562900,8308.437100,7798.944303,24156.000372,15343.253742,512.763919,26983.092767,121.530454,4852.404131,151.718577,0.074463,False,False,False,False,True,True,True,1-circle,1.000000,3435.721669,-18555.781169,2.423387,1.801369,100.000000,100.000000,0.000000,0.000000,2,4,2,0.0000,0.0000,0.0000,0.5000,"PursuitChaseOptimal",0.017783
1131,B0100,aggressive,UNKNOWN,15891.679406,24091.562900,8308.437100,7798.944303,24156.000372,15343.253742,512.763919,26983.092767,121.530454,4852.404131,151.718577,0.074463,False,False,False,False,True,True,True,1-circle,1.000000,3435.721669,-18555.781169,2.423387,1.801369,100.000000,100.000000,0.000000,0.000000,2,4,4,0.0000,0.0000,0.0000,0.5000,"Accelerate",-0.016326
1132,A0100,pursuit_chase_v1,UNKNOWN,15864.332183,24133.236491,8266.763509,7795.486288,24203.425450,15349.311082,512.578414,26980.729636,-47.262621,4856.045352,149.778611,0.050308,False,False,False,False,True,True,True,1-circle,1.000000,3430.691410,-18707.524123,1.637358,1.861621,100.000000,100.000000,0.000000,0.000000,2,4,2,0.0000,0.0000,0.0000,0.5000,"PursuitChaseOptimal",-0.011833
1132,B0100,aggressive,UNKNOWN,15864.332183,24133.236491,8266.763509,7795.486288,24203.425450,15349.311082,512.578414,26980.729636,-47.262621,4856.045352,149.778611,0.050308,False,False,False,False,True,True,True,1-circle,1.000000,3430.691410,-18707.524123,1.637358,1.861621,100.000000,100.000000,0.000000,0.000000,2,4,4,0.0000,0.0000,0.0000,0.5000,"Accelerate",0.005492
1133,A0100,pursuit_chase_v1,UNKNOWN,15864.332183,24133.236491,8266.763509,7795.486288,24203.425450,15349.311082,512.578414,26980.729636,-47.262621,4856.045352,149.778611,0.050308,False,False,False,False,True,True,True,1-circle,1.000000,3430.691410,-18707.524123,1.637358,1.861621,100.000000,100.000000,0.000000,0.000000,2,4,2,0.0000,0.0000,0.0000,0.5000,"PursuitChaseOptimal",-0.040365
1133,B0100,aggressive,UNKNOWN,15864.332183,24133.236491,8266.763509,7795.486288,24203.425450,15349.311082,512.578414,26980.729636,-47.262621,4856.045352,149.778611,0.050308,False,False,False,False,True,True,True,1-circle,1.000000,3430.691410,-18707.524123,1.637358,1.861621,100.000000,100.000000,0.000000,0.000000,2,4,4,0.0000,0.0000,0.0000,0.5000,"Accelerate",0.027104
1134,A0100,pursuit_chase_v1,UNKNOWN,15837.373894,24174.007364,8225.992636,7791.238691,24251.182093,15355.195363,512.385838,26977.875710,-57.078522,4871.697023,147.856114,0.022511,False,False,False,False,True,True,True,1-circle,1.000000,3425.898296,-19144.645557,-0.732608,1.452774,100.000000,100.000000,0.000000,0.000000,2,4,4,0.0000,0.0000,0.0000,0.5000,"PursuitChaseOptimal",-0.044144
1134,B0100,aggressive,UNKNOWN,15837.373894,24174.007364,8225.992636,7791.238691,24251.182093,15355.195363,512.385838,26977.875710,-57.078522,4871.697023,147.856114,0.022511,False,False,False,False,True,True,True,1-circle,1.000000,3425.898296,-19144.645557,-0.732608,1.452774,100.000000,100.000000,0.000000,0.000000,2,4,4,0.0000,0.0000,0.0000,0.5000,"Accelerate",0.029736
1135,A0100,pursuit_chase_v1,UNKNOWN,15837.373894,24174.007364,8225.992636,7791.238691,24251.182093,15355.195363,512.385838,26977.875710,-57.078522,4871.697023,147.856114,0.022511,False,False,False,False,True,True,True,1-circle,1.000000,3425.898296,-19144.645557,-0.732608,1.452774,100.000000,100.000000,0.000000,0.000000,2,4,4,0.0000,0.0000,0.0000,0.5000,"PursuitChaseOptimal",-0.015555
1135,B0100,aggressive,UNKNOWN,15837.373894,24174.007364,8225.992636,7791.238691,24251.182093,15355.195363,512.385838,26977.875710,-57.078522,4871.697023,147.856114,0.022511,False,False,False,False,True,True,True,1-circle,1.000000,3425.898296,-19144.645557,-0.732608,1.452774,100.000000,100.000000,0.000000,0.000000,2,4,4,0.0000,0.0000,0.0000,0.5000,"Accelerate",0.008026
1136,A0100,pursuit_chase_v1,UNKNOWN,15810.791031,24209.401606,8190.598394,7789.614354,24297.738247,15360.759347,512.470342,26987.273706,187.959927,4866.806501,146.655259,0.059490,False,False,False,False,True,True,True,1-circle,1.000000,3421.615049,-18675.340380,1.935903,1.430236,100.000000,100.000000,0.000000,0.000000,2,4,3,0.0000,0.0000,0.0000,0.5000,"PursuitChaseOptimal",0.020702
1136,B0100,aggressive,UNKNOWN,15810.791031,24209.401606,8190.598394,7789.614354,24297.738247,15360.759347,512.470342,26987.273706,187.959927,4866.806501,146.655259,0.059490,False,False,False,False,True,True,True,1-circle,1.000000,3421.615049,-18675.340380,1.935903,1.430236,100.000000,100.000000,0.000000,0.000000,2,4,4,0.0000,0.0000,0.0000,0.5000,"Accelerate",-0.018850
1137,A0100,pursuit_chase_v1,UNKNOWN,15810.791031,24209.401606,8190.598394,7789.614354,24297.738247,15360.759347,512.470342,26987.273706,187.959927,4866.806501,146.655259,0.059490,False,False,False,False,True,True,True,1-circle,1.000000,3421.615049,-18675.340380,1.935903,1.430236,100.000000,100.000000,0.000000,0.000000,2,4,3,0.0000,0.0000,0.0000,0.5000,"PursuitChaseOptimal",0.049347
1137,B0100,aggressive,UNKNOWN,15810.791031,24209.401606,8190.598394,7789.614354,24297.738247,15360.759347,512.470342,26987.273706,187.959927,4866.806501,146.655259,0.059490,False,False,False,False,True,True,True,1-circle,1.000000,3421.615049,-18675.340380,1.935903,1.430236,100.000000,100.000000,0.000000,0.000000,2,4,4,0.0000,0.0000,0.0000,0.5000,"Accelerate",-0.039986
1138,A0100,pursuit_chase_v1,UNKNOWN,15784.500805,24246.339014,8153.660986,7789.435297,24343.346277,15365.948914,512.526443,26995.008945,154.704773,4843.394784,145.445083,0.110029,False,False,False,False,True,True,True,1-circle,1.000000,3417.746900,-18391.274017,3.577807,1.486976,100.000000,100.000000,0.000000,0.000000,2,4,2,0.0000,0.0000,0.0000,0.5000,"PursuitChaseOptimal",0.048618
1138,B0100,aggressive,UNKNOWN,15784.500805,24246.339014,8153.660986,7789.435297,24343.346277,15365.948914,512.526443,26995.008945,154.704773,4843.394784,145.445083,0.110029,False,False,False,False,True,True,True,1-circle,1.000000,3417.746900,-18391.274017,3.577807,1.486976,100.000000,100.000000,0.000000,0.000000,2,4,4,0.0000,0.0000,0.0000,0.5000,"Accelerate",-0.039249
1139,A0100,pursuit_chase_v1,UNKNOWN,15784.500805,24246.339014,8153.660986,7789.435297,24343.346277,15365.948914,512.526443,26995.008945,154.704773,4843.394784,145.445083,0.110029,False,False,False,False,True,True,True,1-circle,1.000000,3417.746900,-18391.274017,3.577807,1.486976,100.000000,100.000000,0.000000,0.000000,2,4,2,0.0000,0.0000,0.0000,0.5000,"PursuitChaseOptimal",0.028680
1139,B0100,aggressive,UNKNOWN,15784.500805,24246.339014,8153.660986,7789.435297,24343.346277,15365.948914,512.526443,26995.008945,154.704773,4843.394784,145.445083,0.110029,False,False,False,False,True,True,True,1-circle,1.000000,3417.746900,-18391.274017,3.577807,1.486976,100.000000,100.000000,0.000000,0.000000,2,4,4,0.0000,0.0000,0.0000,0.5000,"Accelerate",-0.024455
1140,A0100,pursuit_chase_v1,UNKNOWN,15758.454829,24290.851561,8109.148439,7786.928233,24391.997019,15370.969732,512.412315,26994.851265,-3.153603,4823.683163,143.752687,0.001457,False,False,False,False,True,True,True,1-circle,1.000000,3413.938435,-19038.397238,0.047425,1.478726,100.000000,100.000000,0.000000,0.000000,2,8,2,0.0000,0.0000,0.0000,0.5000,"PursuitChaseOptimal",0.013933
1140,B0100,aggressive,UNKNOWN,15758.454829,24290.851561,8109.148439,7786.928233,24391.997019,15370.969732,512.412315,26994.851265,-3.153603,4823.683163,143.752687,0.001457,False,False,False,False,True,True,True,1-circle,1.000000,3413.938435,-19038.397238,0.047425,1.478726,100.000000,100.000000,0.000000,0.000000,2,4,4,0.0000,0.0000,0.0000,0.5000,"Accelerate",-0.013252
1141,A0100,pursuit_chase_v1,UNKNOWN,15758.454829,24290.851561,8109.148439,7786.928233,24391.997019,15370.969732,512.412315,26994.851265,-3.153603,4823.683163,143.752687,0.001457,False,False,False,False,True,True,True,1-circle,1.000000,3413.938435,-19038.397238,0.047425,1.478726,100.000000,100.000000,0.000000,0.000000,2,8,2,0.0000,0.0000,0.0000,0.5000,"PursuitChaseOptimal",0.022209
1141,B0100,aggressive,UNKNOWN,15758.454829,24290.851561,8109.148439,7786.928233,24391.997019,15370.969732,512.412315,26994.851265,-3.153603,4823.683163,143.752687,0.001457,False,False,False,False,True,True,True,1-circle,1.000000,3413.938435,-19038.397238,0.047425,1.478726,100.000000,100.000000,0.000000,0.000000,2,4,4,0.0000,0.0000,0.0000,0.5000,"Accelerate",-0.019675
1142,A0100,pursuit_chase_v1,UNKNOWN,15732.713128,24327.368735,8072.631265,7792.268936,24436.115432,15375.839285,512.503592,27003.862370,180.222098,4807.097467,142.490421,0.021187,False,False,False,False,True,True,True,1-circle,1.000000,3410.238172,-18934.624669,0.689866,1.448944,100.000000,100.000000,0.000000,0.000000,2,0,1,0.0000,0.0000,0.0000,0.5000,"PursuitChaseOptimal",-0.021873
1142,B0100,aggressive,UNKNOWN,15732.713128,24327.368735,8072.631265,7792.268936,24436.115432,15375.839285,512.503592,27003.862370,180.222098,4807.097467,142.490421,0.021187,False,False,False,False,True,True,True,1-circle,1.000000,3410.238172,-18934.624669,0.689866,1.448944,100.000000,100.000000,0.000000,0.000000,2,4,4,0.0000,0.0000,0.0000,0.5000,"Accelerate",0.012988
1143,A0100,pursuit_chase_v1,UNKNOWN,15732.713128,24327.368735,8072.631265,7792.268936,24436.115432,15375.839285,512.503592,27003.862370,180.222098,4807.097467,142.490421,0.021187,False,False,False,False,True,True,True,1-circle,1.000000,3410.238172,-18934.624669,0.689866,1.448944,100.000000,100.000000,0.000000,0.000000,2,0,1,0.0000,0.0000,0.0000,0.5000,"PursuitChaseOptimal",-0.117615
1143,B0100,aggressive,UNKNOWN,15732.713128,24327.368735,8072.631265,7792.268936,24436.115432,15375.839285,512.503592,27003.862370,180.222098,4807.097467,142.490421,0.021187,False,False,False,False,True,True,True,1-circle,1.000000,3410.238172,-18934.624669,0.689866,1.448944,100.000000,100.000000,0.000000,0.000000,2,4,4,0.0000,0.0000,0.0000,0.5000,"Accelerate",0.084873
1144,A0100,pursuit_chase_v1,UNKNOWN,15707.247159,24364.150515,8035.849485,7780.161878,24482.296070,15380.415224,512.730193,27018.723147,297.215541,4800.612841,141.381429,0.101859,False,False,False,False,True,True,True,1-circle,1.000000,3406.879637,-18474.447729,3.314576,1.406827,100.000000,100.000000,0.000000,0.000000,0,0,0,0.0000,0.0000,0.0000,0.5000,"PursuitChaseOptimal",-0.199430
1144,B0100,aggressive,UNKNOWN,15707.247159,24364.150515,8035.849485,7780.161878,24482.296070,15380.415224,512.730193,27018.723147,297.215541,4800.612841,141.381429,0.101859,False,False,False,False,True,True,True,1-circle,1.000000,3406.879637,-18474.447729,3.314576,1.406827,100.000000,100.000000,0.000000,0.000000,2,4,4,0.0000,0.0000,0.0000,0.5000,"Accelerate",0.146937
1145,A0100,pursuit_chase_v1,UNKNOWN,15707.247159,24364.150515,8035.849485,7780.161878,24482.296070,15380.415224,512.730193,27018.723147,297.215541,4800.612841,141.381429,0.101859,False,False,False,False,True,True,True,1-circle,1.000000,3406.879637,-18474.447729,3.314576,1.406827,100.000000,100.000000,0.000000,0.000000,0,0,0,0.0000,0.0000,0.0000,0.5000,"PursuitChaseOptimal",-0.266475
1145,B0100,aggressive,UNKNOWN,15707.247159,24364.150515,8035.849485,7780.161878,24482.296070,15380.415224,512.730193,27018.723147,297.215541,4800.612841,141.381429,0.101859,False,False,False,False,True,True,True,1-circle,1.000000,3406.879637,-18474.447729,3.314576,1.406827,100.000000,100.000000,0.000000,0.000000,2,4,4,0.0000,0.0000,0.0000,0.5000,"Accelerate",0.198687
1146,A0100,pursuit_chase_v1,UNKNOWN,15682.129113,24405.046829,7994.953171,7763.377838,24527.709849,15384.786862,512.749290,27023.961759,104.772242,4819.900465,140.179365,0.067793,False,False,False,False,True,True,True,1-circle,1.000000,3404.255649,-18686.675672,2.207605,1.337792,100.000000,100.000000,0.000000,0.000000,0,0,0,0.0000,0.0000,0.0000,0.5000,"PursuitChaseOptimal",-0.302730
1146,B0100,aggressive,UNKNOWN,15682.129113,24405.046829,7994.953171,7763.377838,24527.709849,15384.786862,512.749290,27023.961759,104.772242,4819.900465,140.179365,0.067793,False,False,False,False,True,True,True,1-circle,1.000000,3404.255649,-18686.675672,2.207605,1.337792,100.000000,100.000000,0.000000,0.000000,2,4,4,0.0000,0.0000,0.0000,0.5000,"Accelerate",0.227719
1147,A0100,pursuit_chase_v1,UNKNOWN,15682.129113,24405.046829,7994.953171,7763.377838,24527.709849,15384.786862,512.749290,27023.961759,104.772242,4819.900465,140.179365,0.067793,False,False,False,False,True,True,True,1-circle,1.000000,3404.255649,-18686.675672,2.207605,1.337792,100.000000,100.000000,0.000000,0.000000,0,0,0,0.0000,0.0000,0.0000,0.5000,"PursuitChaseOptimal",-0.309954
1147,B0100,aggressive,UNKNOWN,15682.129113,24405.046829,7994.953171,7763.377838,24527.709849,15384.786862,512.749290,27023.961759,104.772242,4819.900465,140.179365,0.067793,False,False,False,False,True,True,True,1-circle,1.000000,3404.255649,-18686.675672,2.207605,1.337792,100.000000,100.000000,0.000000,0.000000,2,4,4,0.0000,0.0000,0.0000,0.5000,"Accelerate",0.235534
1148,A0100,pursuit_chase_v1,UNKNOWN,15657.457122,24446.994664,7953.005336,7749.214662,24574.527707,15389.089670,512.761617,27028.824179,97.248405,4860.258699,138.834467,0.015381,False,False,False,False,True,True,True,1-circle,1.000000,3402.667565,-19188.151836,-0.501140,1.256112,100.000000,100.000000,0.000000,0.000000,2,2,3,0.0000,0.0000,0.0000,0.5000,"PursuitChaseOptimal",-0.308196
1148,B0100,aggressive,UNKNOWN,15657.457122,24446.994664,7953.005336,7749.214662,24574.527707,15389.089670,512.761617,27028.824179,97.248405,4860.258699,138.834467,0.015381,False,False,False,False,True,True,True,1-circle,1.000000,3402.667565,-19188.151836,-0.501140,1.256112,100.000000,100.000000,0.000000,0.000000,2,4,4,0.0000,0.0000,0.0000,0.5000,"Accelerate",0.236185
1149,A0100,pursuit_chase_v1,UNKNOWN,15657.457122,24446.994664,7953.005336,7749.214662,24574.527707,15389.089670,512.761617,27028.824179,97.248405,4860.258699,138.834467,0.015381,False,False,False,False,True,True,True,1-circle,1.000000,3402.667565,-19188.151836,-0.501140,1.256112,100.000000,100.000000,0.000000,0.000000,2,2,3,0.0000,0.0000,0.0000,0.5000,"PursuitChaseOptimal",-0.292493
1149,B0100,aggressive,UNKNOWN,15657.457122,24446.994664,7953.005336,7749.214662,24574.527707,15389.089670,512.761617,27028.824179,97.248405,4860.258699,138.834467,0.015381,False,False,False,False,True,True,True,1-circle,1.000000,3402.667565,-19188.151836,-0.501140,1.256112,100.000000,100.000000,0.000000,0.000000,2,4,4,0.0000,0.0000,0.0000,0.5000,"Accelerate",0.225942
1150,A0100,pursuit_chase_v1,UNKNOWN,15633.270059,24483.124872,7916.875128,7758.144867,24620.351653,15393.182464,513.008778,27044.140832,306.333051,4904.407287,137.727732,0.056731,False,False,False,False,True,True,True,1-circle,1.000000,3402.404760,-18780.274071,1.848723,1.187455,100.000000,100.000000,0.000000,0.000000,2,3,4,0.0000,0.0000,0.0000,0.5000,"PursuitChaseOptimal",-0.236572
1150,B0100,aggressive,UNKNOWN,15633.270059,24483.124872,7916.875128,7758.144867,24620.351653,15393.182464,513.008778,27044.140832,306.333051,4904.407287,137.727732,0.056731,False,False,False,False,True,True,True,1-circle,1.000000,3402.404760,-18780.274071,1.848723,1.187455,100.000000,100.000000,0.000000,0.000000,2,4,4,0.0000,0.0000,0.0000,0.5000,"Accelerate",0.184088
1151,A0100,pursuit_chase_v1,UNKNOWN,15633.270059,24483.124872,7916.875128,7758.144867,24620.351653,15393.182464,513.008778,27044.140832,306.333051,4904.407287,137.727732,0.056731,False,False,False,False,True,True,True,1-circle,1.000000,3402.404760,-18780.274071,1.848723,1.187455,100.000000,100.000000,0.000000,0.000000,2,3,4,0.0000,0.0000,0.0000,0.5000,"PursuitChaseOptimal",-0.190023
1151,B0100,aggressive,UNKNOWN,15633.270059,24483.124872,7916.875128,7758.144867,24620.351653,15393.182464,513.008778,27044.140832,306.333051,4904.407287,137.727732,0.056731,False,False,False,False,True,True,True,1-circle,1.000000,3402.404760,-18780.274071,1.848723,1.187455,100.000000,100.000000,0.000000,0.000000,2,4,4,0.0000,0.0000,0.0000,0.5000,"Accelerate",0.148363
1152,A0100,pursuit_chase_v1,UNKNOWN,15609.568191,24521.270735,7878.729265,7787.957142,24666.018125,15397.011025,513.181468,27055.814647,233.476304,4938.569506,136.330770,0.072632,False,False,False,False,True,True,True,1-circle,1.000000,3403.388678,-18703.221959,2.367237,1.107616,100.000000,100.000000,0.000000,0.000000,2,7,4,0.0000,0.0000,0.0000,0.5000,"PursuitChaseOptimal",-0.151106
1152,B0100,aggressive,UNKNOWN,15609.568191,24521.270735,7878.729265,7787.957142,24666.018125,15397.011025,513.181468,27055.814647,233.476304,4938.569506,136.330770,0.072632,False,False,False,False,True,True,True,1-circle,1.000000,3403.388678,-18703.221959,2.367237,1.107616,100.000000,100.000000,0.000000,0.000000,2,4,4,0.0000,0.0000,0.0000,0.5000,"Accelerate",0.118045
1153,A0100,pursuit_chase_v1,UNKNOWN,15609.568191,24521.270735,7878.729265,7787.957142,24666.018125,15397.011025,513.181468,27055.814647,233.476304,4938.569506,136.330770,0.072632,False,False,False,False,True,True,True,1-circle,1.000000,3403.388678,-18703.221959,2.367237,1.107616,100.000000,100.000000,0.000000,0.000000,2,7,4,0.0000,0.0000,0.0000,0.5000,"PursuitChaseOptimal",-0.120206
1153,B0100,aggressive,UNKNOWN,15609.568191,24521.270735,7878.729265,7787.957142,24666.018125,15397.011025,513.181468,27055.814647,233.476304,4938.569506,136.330770,0.072632,False,False,False,False,True,True,True,1-circle,1.000000,3403.388678,-18703.221959,2.367237,1.107616,100.000000,100.000000,0.000000,0.000000,2,4,4,0.0000,0.0000,0.0000,0.5000,"Accelerate",0.093747
1154,A0100,pursuit_chase_v1,UNKNOWN,15586.295275,24561.085945,7838.914055,7827.891065,24713.485305,15400.687966,513.347956,27067.057600,224.859056,4955.532936,134.831021,0.008122,False,False,False,False,True,True,True,1-circle,1.000000,3405.163565,-19098.771021,0.264950,1.009504,100.000000,100.000000,0.000000,0.000000,2,8,4,0.0000,0.0000,0.0000,0.5000,"PursuitChaseOptimal",-0.093183
1154,B0100,aggressive,UNKNOWN,15586.295275,24561.085945,7838.914055,7827.891065,24713.485305,15400.687966,513.347956,27067.057600,224.859056,4955.532936,134.831021,0.008122,False,False,False,False,True,True,True,1-circle,1.000000,3405.163565,-19098.771021,0.264950,1.009504,100.000000,100.000000,0.000000,0.000000,2,4,4,0.0000,0.0000,0.0000,0.5000,"Accelerate",0.072159
1155,A0100,pursuit_chase_v1,UNKNOWN,15586.295275,24561.085945,7838.914055,7827.891065,24713.485305,15400.687966,513.347956,27067.057600,224.859056,4955.532936,134.831021,0.008122,False,False,False,False,True,True,True,1-circle,1.000000,3405.163565,-19098.771021,0.264950,1.009504,100.000000,100.000000,0.000000,0.000000,2,8,4,0.0000,0.0000,0.0000,0.5000,"PursuitChaseOptimal",-0.070365
1155,B0100,aggressive,UNKNOWN,15586.295275,24561.085945,7838.914055,7827.891065,24713.485305,15400.687966,513.347956,27067.057600,224.859056,4955.532936,134.831021,0.008122,False,False,False,False,True,True,True,1-circle,1.000000,3405.163565,-19098.771021,0.264950,1.009504,100.000000,100.000000,0.000000,0.000000,2,4,4,0.0000,0.0000,0.0000,0.5000,"Accelerate",0.054076
1156,A0100,pursuit_chase_v1,UNKNOWN,15563.397536,24594.581611,7805.418389,7862.064882,24758.004839,15404.089399,513.687893,27085.915022,377.148456,4966.093702,133.530634,0.064774,False,False,False,False,True,True,True,1-circle,1.000000,3407.579702,-18783.936148,2.113471,0.917713,100.000000,100.000000,0.000000,0.000000,0,0,0,0.0000,0.0000,0.0000,0.5000,"PursuitChaseOptimal",-0.073959
1156,B0100,aggressive,UNKNOWN,15563.397536,24594.581611,7805.418389,7862.064882,24758.004839,15404.089399,513.687893,27085.915022,377.148456,4966.093702,133.530634,0.064774,False,False,False,False,True,True,True,1-circle,1.000000,3407.579702,-18783.936148,2.113471,0.917713,100.000000,100.000000,0.000000,0.000000,2,4,4,0.0000,0.0000,0.0000,0.5000,"Accelerate",0.057068
1157,A0100,pursuit_chase_v1,UNKNOWN,15563.397536,24594.581611,7805.418389,7862.064882,24758.004839,15404.089399,513.687893,27085.915022,377.148456,4966.093702,133.530634,0.064774,False,False,False,False,True,True,True,1-circle,1.000000,3407.579702,-18783.936148,2.113471,0.917713,100.000000,100.000000,0.000000,0.000000,0,0,0,0.0000,0.0000,0.0000,0.5000,"PursuitChaseOptimal",-0.070952
1157,B0100,aggressive,UNKNOWN,15563.397536,24594.581611,7805.418389,7862.064882,24758.004839,15404.089399,513.687893,27085.915022,377.148456,4966.093702,133.530634,0.064774,False,False,False,False,True,True,True,1-circle,1.000000,3407.579702,-18783.936148,2.113471,0.917713,100.000000,100.000000,0.000000,0.000000,2,4,4,0.0000,0.0000,0.0000,0.5000,"Accelerate",0.054683
1158,A0100,pursuit_chase_v1,UNKNOWN,15540.842074,24637.324850,7762.675150,7884.476229,24808.401064,15407.262422,513.876596,27097.672235,235.144249,4978.701957,131.694709,0.001880,False,False,False,False,True,True,True,1-circle,1.000000,3410.439765,-19171.809410,0.061397,0.811684,100.000000,100.000000,0.000000,0.000000,2,4,4,0.0000,0.0000,0.0000,0.5000,"PursuitChaseOptimal",-0.040693
1158,B0100,aggressive,UNKNOWN,15540.842074,24637.324850,7762.675150,7884.476229,24808.401064,15407.262422,513.876596,27097.672235,235.144249,4978.701957,131.694709,0.001880,False,False,False,False,True,True,True,1-circle,1.000000,3410.439765,-19171.809410,0.061397,0.811684,100.000000,100.000000,0.000000,0.000000,2,4,4,0.0000,0.0000,0.0000,0.5000,"Accelerate",0.030312
1159,A0100,pursuit_chase_v1,UNKNOWN,15540.842074,24637.324850,7762.675150,7884.476229,24808.401064,15407.262422,513.876596,27097.672235,235.144249,4978.701957,131.694709,0.001880,False,False,False,False,True,True,True,1-circle,1.000000,3410.439765,-19171.809410,0.061397,0.811684,100.000000,100.000000,0.000000,0.000000,2,4,4,0.0000,0.0000,0.0000,0.5000,"PursuitChaseOptimal",-0.009529
1159,B0100,aggressive,UNKNOWN,15540.842074,24637.324850,7762.675150,7884.476229,24808.401064,15407.262422,513.876596,27097.672235,235.144249,4978.701957,131.694709,0.001880,False,False,False,False,True,True,True,1-circle,1.000000,3410.439765,-19171.809410,0.061397,0.811684,100.000000,100.000000,0.000000,0.000000,2,4,4,0.0000,0.0000,0.0000,0.5000,"Accelerate",0.004663
1160,A0100,pursuit_chase_v1,UNKNOWN,15518.693219,24671.400144,7728.599856,7910.258331,24853.783232,15410.205333,514.234015,27116.882968,384.214655,4995.541682,129.979023,0.040275,False,False,False,False,True,True,True,1-circle,1.000000,3413.644715,-18965.024489,1.315865,0.701996,100.000000,100.000000,0.000000,0.000000,2,4,4,0.0000,0.0000,0.0000,0.5000,"PursuitChaseOptimal",0.019843
1160,B0100,aggressive,UNKNOWN,15518.693219,24671.400144,7728.599856,7910.258331,24853.783232,15410.205333,514.234015,27116.882968,384.214655,4995.541682,129.979023,0.040275,False,False,False,False,True,True,True,1-circle,1.000000,3413.644715,-18965.024489,1.315865,0.701996,100.000000,100.000000,0.000000,0.000000,2,4,4,0.0000,0.0000,0.0000,0.5000,"Accelerate",-0.019014
1161,A0100,pursuit_chase_v1,UNKNOWN,15518.693219,24671.400144,7728.599856,7910.258331,24853.783232,15410.205333,514.234015,27116.882968,384.214655,4995.541682,129.979023,0.040275,False,False,False,False,True,True,True,1-circle,1.000000,3413.644715,-18965.024489,1.315865,0.701996,100.000000,100.000000,0.000000,0.000000,2,4,4,0.0000,0.0000,0.0000,0.5000,"PursuitChaseOptimal",0.045592
1161,B0100,aggressive,UNKNOWN,15518.693219,24671.400144,7728.599856,7910.258331,24853.783232,15410.205333,514.234015,27116.882968,384.214655,4995.541682,129.979023,0.040275,False,False,False,False,True,True,True,1-circle,1.000000,3413.644715,-18965.024489,1.315865,0.701996,100.000000,100.000000,0.000000,0.000000,2,4,4,0.0000,0.0000,0.0000,0.5000,"Accelerate",-0.039974
1162,A0100,pursuit_chase_v1,UNKNOWN,15496.857159,24710.955881,7689.044119,7910.732307,24900.814771,15412.894637,514.435790,27128.760989,237.560432,4986.548381,128.277645,0.054770,False,False,False,False,True,True,True,1-circle,1.000000,3416.965920,-18899.046673,1.789902,0.598326,100.000000,100.000000,0.000000,0.000000,2,4,4,0.0000,0.0000,0.0000,0.5000,"PursuitChaseOptimal",0.070097
1162,B0100,aggressive,UNKNOWN,15496.857159,24710.955881,7689.044119,7910.732307,24900.814771,15412.894637,514.435790,27128.760989,237.560432,4986.548381,128.277645,0.054770,False,False,False,False,True,True,True,1-circle,1.000000,3416.965920,-18899.046673,1.789902,0.598326,100.000000,100.000000,0.000000,0.000000,2,4,4,0.0000,0.0000,0.0000,0.5000,"Accelerate",-0.059847
1163,A0100,pursuit_chase_v1,UNKNOWN,15496.857159,24710.955881,7689.044119,7910.732307,24900.814771,15412.894637,514.435790,27128.760989,237.560432,4986.548381,128.277645,0.054770,False,False,False,False,True,True,True,1-circle,1.000000,3416.965920,-18899.046673,1.789902,0.598326,100.000000,100.000000,0.000000,0.000000,2,4,4,0.0000,0.0000,0.0000,0.5000,"PursuitChaseOptimal",0.087769
1163,B0100,aggressive,UNKNOWN,15496.857159,24710.955881,7689.044119,7910.732307,24900.814771,15412.894637,514.435790,27128.760989,237.560432,4986.548381,128.277645,0.054770,False,False,False,False,True,True,True,1-circle,1.000000,3416.965920,-18899.046673,1.789902,0.598326,100.000000,100.000000,0.000000,0.000000,2,4,4,0.0000,0.0000,0.0000,0.5000,"Accelerate",-0.073844
1164,A0100,pursuit_chase_v1,UNKNOWN,15475.254646,24752.961790,7647.038210,7900.060193,24948.601152,15415.502136,514.608406,27139.232199,209.424205,4955.111084,126.710167,0.012688,False,False,False,False,True,True,True,1-circle,1.000000,3420.018828,-19165.886154,0.414925,0.855064,100.000000,100.000000,0.000000,0.000000,2,4,3,0.0000,0.0000,0.0000,0.5000,"PursuitChaseOptimal",0.103123
1164,B0100,aggressive,UNKNOWN,15475.254646,24752.961790,7647.038210,7900.060193,24948.601152,15415.502136,514.608406,27139.232199,209.424205,4955.111084,126.710167,0.012688,False,False,False,False,True,True,True,1-circle,1.000000,3420.018828,-19165.886154,0.414925,0.855064,100.000000,100.000000,0.000000,0.000000,2,4,4,0.0000,0.0000,0.0000,0.5000,"Accelerate",-0.085977
1165,A0100,pursuit_chase_v1,UNKNOWN,15475.254646,24752.961790,7647.038210,7900.060193,24948.601152,15415.502136,514.608406,27139.232199,209.424205,4955.111084,126.710167,0.012688,False,False,False,False,True,True,True,1-circle,1.000000,3420.018828,-19165.886154,0.414925,0.855064,100.000000,100.000000,0.000000,0.000000,2,4,3,0.0000,0.0000,0.0000,0.5000,"PursuitChaseOptimal",0.104883
1165,B0100,aggressive,UNKNOWN,15475.254646,24752.961790,7647.038210,7900.060193,24948.601152,15415.502136,514.608406,27139.232199,209.424205,4955.111084,126.710167,0.012688,False,False,False,False,True,True,True,1-circle,1.000000,3420.018828,-19165.886154,0.414925,0.855064,100.000000,100.000000,0.000000,0.000000,2,4,4,0.0000,0.0000,0.0000,0.5000,"Accelerate",-0.087252
1166,A0100,pursuit_chase_v1,UNKNOWN,15453.814620,24793.716186,7606.283814,7888.802819,24995.398231,15417.971157,514.842986,27152.391999,263.195987,4913.727408,125.277878,0.019714,False,False,False,False,True,True,True,1-circle,1.000000,3422.708314,-19143.749990,0.644961,0.735754,100.000000,100.000000,0.000000,0.000000,2,4,1,0.0000,0.0000,0.0000,0.5000,"PursuitChaseOptimal",0.079725
1166,B0100,aggressive,UNKNOWN,15453.814620,24793.716186,7606.283814,7888.802819,24995.398231,15417.971157,514.842986,27152.391999,263.195987,4913.727408,125.277878,0.019714,False,False,False,False,True,True,True,1-circle,1.000000,3422.708314,-19143.749990,0.644961,0.735754,100.000000,100.000000,0.000000,0.000000,2,4,4,0.0000,0.0000,0.0000,0.5000,"Accelerate",-0.066889
1167,A0100,pursuit_chase_v1,UNKNOWN,15453.814620,24793.716186,7606.283814,7888.802819,24995.398231,15417.971157,514.842986,27152.391999,263.195987,4913.727408,125.277878,0.019714,False,False,False,False,True,True,True,1-circle,1.000000,3422.708314,-19143.749990,0.644961,0.735754,100.000000,100.000000,0.000000,0.000000,2,4,1,0.0000,0.0000,0.0000,0.5000,"PursuitChaseOptimal",0.057746
1167,B0100,aggressive,UNKNOWN,15453.814620,24793.716186,7606.283814,7888.802819,24995.398231,15417.971157,514.842986,27152.391999,263.195987,4913.727408,125.277878,0.019714,False,False,False,False,True,True,True,1-circle,1.000000,3422.708314,-19143.749990,0.644961,0.735754,100.000000,100.000000,0.000000,0.000000,2,4,4,0.0000,0.0000,0.0000,0.5000,"Accelerate",-0.048978
1168,A0100,pursuit_chase_v1,UNKNOWN,15432.547974,24835.223266,7564.776734,7881.521757,25043.741696,15420.368526,515.079421,27165.569585,263.551727,4879.520608,123.784135,0.023709,False,False,False,False,True,True,True,1-circle,1.000000,3424.986691,-19418.672279,-0.775989,0.549748,100.000000,100.000000,0.000000,0.000000,2,4,0,0.0000,0.0000,0.0000,0.5000,"PursuitChaseOptimal",0.055290
1168,B0100,aggressive,UNKNOWN,15432.547974,24835.223266,7564.776734,7881.521757,25043.741696,15420.368526,515.079421,27165.569585,263.551727,4879.520608,123.784135,0.023709,False,False,False,False,True,True,True,1-circle,1.000000,3424.986691,-19418.672279,-0.775989,0.549748,100.000000,100.000000,0.000000,0.000000,2,4,4,0.0000,0.0000,0.0000,0.5000,"Accelerate",-0.047201
1169,A0100,pursuit_chase_v1,UNKNOWN,15432.547974,24835.223266,7564.776734,7881.521757,25043.741696,15420.368526,515.079421,27165.569585,263.551727,4879.520608,123.784135,0.023709,False,False,False,False,True,True,True,1-circle,1.000000,3424.986691,-19418.672279,-0.775989,0.549748,100.000000,100.000000,0.000000,0.000000,2,4,0,0.0000,0.0000,0.0000,0.5000,"PursuitChaseOptimal",0.070982
1169,B0100,aggressive,UNKNOWN,15432.547974,24835.223266,7564.776734,7881.521757,25043.741696,15420.368526,515.079421,27165.569585,263.551727,4879.520608,123.784135,0.023709,False,False,False,False,True,True,True,1-circle,1.000000,3424.986691,-19418.672279,-0.775989,0.549748,100.000000,100.000000,0.000000,0.000000,2,4,4,0.0000,0.0000,0.0000,0.5000,"Accelerate",-0.059385
1170,A0100,pursuit_chase_v1,UNKNOWN,15411.543457,24871.358761,7528.641239,7882.272245,25089.909315,15422.552275,515.428279,27183.668547,361.979238,4889.339746,121.697773,0.043517,False,False,False,False,True,True,True,1-circle,1.000000,3427.105818,-19041.733151,1.425047,0.403708,100.000000,100.000000,0.000000,0.000000,2,4,0,0.0000,0.0000,0.0000,0.5000,"PursuitChaseOptimal",0.105542
1170,B0100,aggressive,UNKNOWN,15411.543457,24871.358761,7528.641239,7882.272245,25089.909315,15422.552275,515.428279,27183.668547,361.979238,4889.339746,121.697773,0.043517,False,False,False,False,True,True,True,1-circle,1.000000,3427.105818,-19041.733151,1.425047,0.403708,100.000000,100.000000,0.000000,0.000000,2,4,4,0.0000,0.0000,0.0000,0.5000,"Accelerate",-0.086754
1171,A0100,pursuit_chase_v1,UNKNOWN,15411.543457,24871.358761,7528.641239,7882.272245,25089.909315,15422.552275,515.428279,27183.668547,361.979238,4889.339746,121.697773,0.043517,False,False,False,False,True,True,True,1-circle,1.000000,3427.105818,-19041.733151,1.425047,0.403708,100.000000,100.000000,0.000000,0.000000,2,4,0,0.0000,0.0000,0.0000,0.5000,"PursuitChaseOptimal",0.126673
1171,B0100,aggressive,UNKNOWN,15411.543457,24871.358761,7528.641239,7882.272245,25089.909315,15422.552275,515.428279,27183.668547,361.979238,4889.339746,121.697773,0.043517,False,False,False,False,True,True,True,1-circle,1.000000,3427.105818,-19041.733151,1.425047,0.403708,100.000000,100.000000,0.000000,0.000000,2,4,4,0.0000,0.0000,0.0000,0.5000,"Accelerate",-0.103300
1172,A0100,pursuit_chase_v1,UNKNOWN,15390.859933,24915.799453,7484.200547,7872.643764,25140.862416,15424.580794,515.598534,27193.468158,195.992223,4888.489423,119.183600,0.021247,False,False,False,False,True,True,True,1-circle,1.000000,3428.881140,-19442.709129,-0.696104,0.262844,100.000000,100.000000,0.000000,0.000000,2,4,0,0.0000,0.0000,0.0000,0.5000,"PursuitChaseOptimal",0.153672
1172,B0100,aggressive,UNKNOWN,15390.859933,24915.799453,7484.200547,7872.643764,25140.862416,15424.580794,515.598534,27193.468158,195.992223,4888.489423,119.183600,0.021247,False,False,False,False,True,True,True,1-circle,1.000000,3428.881140,-19442.709129,-0.696104,0.262844,100.000000,100.000000,0.000000,0.000000,2,4,4,0.0000,0.0000,0.0000,0.5000,"Accelerate",-0.123949
1173,A0100,pursuit_chase_v1,UNKNOWN,15390.859933,24915.799453,7484.200547,7872.643764,25140.862416,15424.580794,515.598534,27193.468158,195.992223,4888.489423,119.183600,0.021247,False,False,False,False,True,True,True,1-circle,1.000000,3428.881140,-19442.709129,-0.696104,0.262844,100.000000,100.000000,0.000000,0.000000,2,4,0,0.0000,0.0000,0.0000,0.5000,"PursuitChaseOptimal",0.175729
1173,B0100,aggressive,UNKNOWN,15390.859933,24915.799453,7484.200547,7872.643764,25140.862416,15424.580794,515.598534,27193.468158,195.992223,4888.489423,119.183600,0.021247,False,False,False,False,True,True,True,1-circle,1.000000,3428.881140,-19442.709129,-0.696104,0.262844,100.000000,100.000000,0.000000,0.000000,2,4,4,0.0000,0.0000,0.0000,0.5000,"Accelerate",-0.140860
1174,A0100,pursuit_chase_v1,UNKNOWN,15370.533363,24950.834675,7449.165325,7871.051025,25186.871369,15426.433813,515.938742,27210.857253,347.781904,4925.514501,116.131929,0.015393,False,False,False,False,True,True,True,1-circle,1.000000,3430.123286,-19245.494211,0.504636,0.139942,100.000000,100.000000,0.000000,0.000000,2,4,0,0.0000,0.0000,0.0000,0.5000,"PursuitChaseOptimal",0.192674
1174,B0100,aggressive,UNKNOWN,15370.533363,24950.834675,7449.165325,7871.051025,25186.871369,15426.433813,515.938742,27210.857253,347.781904,4925.514501,116.131929,0.015393,False,False,False,False,True,True,True,1-circle,1.000000,3430.123286,-19245.494211,0.504636,0.139942,100.000000,100.000000,0.000000,0.000000,2,4,4,0.0000,0.0000,0.0000,0.5000,"Accelerate",-0.153014
1175,A0100,pursuit_chase_v1,UNKNOWN,15370.533363,24950.834675,7449.165325,7871.051025,25186.871369,15426.433813,515.938742,27210.857253,347.781904,4925.514501,116.131929,0.015393,False,False,False,False,True,True,True,1-circle,1.000000,3430.123286,-19245.494211,0.504636,0.139942,100.000000,100.000000,0.000000,0.000000,2,4,0,0.0000,0.0000,0.0000,0.5000,"PursuitChaseOptimal",0.206419
1175,B0100,aggressive,UNKNOWN,15370.533363,24950.834675,7449.165325,7871.051025,25186.871369,15426.433813,515.938742,27210.857253,347.781904,4925.514501,116.131929,0.015393,False,False,False,False,True,True,True,1-circle,1.000000,3430.123286,-19245.494211,0.504636,0.139942,100.000000,100.000000,0.000000,0.000000,2,4,4,0.0000,0.0000,0.0000,0.5000,"Accelerate",-0.162720
1176,A0100,pursuit_chase_v1,UNKNOWN,15350.626618,24990.613524,7409.386476,7870.145702,25234.536466,15428.048043,516.161926,27222.669072,236.236364,4956.857527,112.743870,0.027585,False,False,False,False,True,True,True,1-circle,1.000000,3430.726265,-19192.053438,0.904689,0.031756,100.000000,100.000000,0.000000,0.000000,2,4,0,0.0000,0.0000,0.0000,0.5000,"PursuitChaseOptimal",0.217896
1176,B0100,aggressive,UNKNOWN,15350.626618,24990.613524,7409.386476,7870.145702,25234.536466,15428.048043,516.161926,27222.669072,236.236364,4956.857527,112.743870,0.027585,False,False,False,False,True,True,True,1-circle,1.000000,3430.726265,-19192.053438,0.904689,0.031756,100.000000,100.000000,0.000000,0.000000,2,4,4,0.0000,0.0000,0.0000,0.5000,"Accelerate",-0.170535
1177,A0100,pursuit_chase_v1,UNKNOWN,15350.626618,24990.613524,7409.386476,7870.145702,25234.536466,15428.048043,516.161926,27222.669072,236.236364,4956.857527,112.743870,0.027585,False,False,False,False,True,True,True,1-circle,1.000000,3430.726265,-19192.053438,0.904689,0.031756,100.000000,100.000000,0.000000,0.000000,2,4,0,0.0000,0.0000,0.0000,0.5000,"PursuitChaseOptimal",0.218850
1177,B0100,aggressive,UNKNOWN,15350.626618,24990.613524,7409.386476,7870.145702,25234.536466,15428.048043,516.161926,27222.669072,236.236364,4956.857527,112.743870,0.027585,False,False,False,False,True,True,True,1-circle,1.000000,3430.726265,-19192.053438,0.904689,0.031756,100.000000,100.000000,0.000000,0.000000,2,4,4,0.0000,0.0000,0.0000,0.5000,"Accelerate",-0.170011
1178,A0100,pursuit_chase_v1,UNKNOWN,15331.134904,25033.283549,7366.716451,7873.144920,25283.128147,15429.581937,516.354326,27232.997520,206.568961,4982.789979,109.164212,0.016254,False,False,False,False,True,True,True,1-circle,1.000000,3430.433336,-19468.878142,-0.533286,0.294227,100.000000,100.000000,0.000000,0.000000,2,4,0,0.0000,0.0000,0.0000,0.5000,"PursuitChaseOptimal",0.209680
1178,B0100,aggressive,UNKNOWN,15331.134904,25033.283549,7366.716451,7873.144920,25283.128147,15429.581937,516.354326,27232.997520,206.568961,4982.789979,109.164212,0.016254,False,False,False,False,True,True,True,1-circle,1.000000,3430.433336,-19468.878142,-0.533286,0.294227,100.000000,100.000000,0.000000,0.000000,2,4,4,0.0000,0.0000,0.0000,0.5000,"Accelerate",-0.162280
1179,A0100,pursuit_chase_v1,UNKNOWN,15331.134904,25033.283549,7366.716451,7873.144920,25283.128147,15429.581937,516.354326,27232.997520,206.568961,4982.789979,109.164212,0.016254,False,False,False,False,True,True,True,1-circle,1.000000,3430.433336,-19468.878142,-0.533286,0.294227,100.000000,100.000000,0.000000,0.000000,2,4,0,0.0000,0.0000,0.0000,0.5000,"PursuitChaseOptimal",0.169709
1179,B0100,aggressive,UNKNOWN,15331.134904,25033.283549,7366.716451,7873.144920,25283.128147,15429.581937,516.354326,27232.997520,206.568961,4982.789979,109.164212,0.016254,False,False,False,False,True,True,True,1-circle,1.000000,3430.433336,-19468.878142,-0.533286,0.294227,100.000000,100.000000,0.000000,0.000000,2,4,4,0.0000,0.0000,0.0000,0.5000,"Accelerate",-0.130951
1180,A0100,pursuit_chase_v1,UNKNOWN,15312.065377,25071.360465,7328.639535,7878.558954,25329.737488,15430.946608,516.711732,27250.707809,354.205786,5018.165236,105.721566,0.049868,False,False,False,False,True,True,True,1-circle,1.000000,3429.341565,-19095.752995,1.636848,0.173147,100.000000,100.000000,0.000000,0.000000,2,4,0,0.0000,0.0000,0.0000,0.5000,"PursuitChaseOptimal",0.097526
1180,B0100,aggressive,UNKNOWN,15312.065377,25071.360465,7328.639535,7878.558954,25329.737488,15430.946608,516.711732,27250.707809,354.205786,5018.165236,105.721566,0.049868,False,False,False,False,True,True,True,1-circle,1.000000,3429.341565,-19095.752995,1.636848,0.173147,100.000000,100.000000,0.000000,0.000000,2,4,4,0.0000,0.0000,0.0000,0.5000,"Accelerate",-0.076124
1181,A0100,pursuit_chase_v1,UNKNOWN,15312.065377,25071.360465,7328.639535,7878.558954,25329.737488,15430.946608,516.711732,27250.707809,354.205786,5018.165236,105.721566,0.049868,False,False,False,False,True,True,True,1-circle,1.000000,3429.341565,-19095.752995,1.636848,0.173147,100.000000,100.000000,0.000000,0.000000,2,4,0,0.0000,0.0000,0.0000,0.5000,"PursuitChaseOptimal",0.001819
1181,B0100,aggressive,UNKNOWN,15312.065377,25071.360465,7328.639535,7878.558954,25329.737488,15430.946608,516.711732,27250.707809,354.205786,5018.165236,105.721566,0.049868,False,False,False,False,True,True,True,1-circle,1.000000,3429.341565,-19095.752995,1.636848,0.173147,100.000000,100.000000,0.000000,0.000000,2,4,4,0.0000,0.0000,0.0000,0.5000,"Accelerate",-0.004072
1182,A0100,pursuit_chase_v1,UNKNOWN,15293.454977,25119.244364,7280.755636,7874.715110,25380.933230,15432.227131,516.849071,27258.272447,151.292768,5054.379681,102.469824,0.016007,False,False,False,False,True,True,True,1-circle,1.000000,3427.679661,-19502.190321,-0.525661,0.156921,100.000000,100.000000,0.000000,0.000000,2,4,1,0.0000,0.0000,0.0000,0.5000,"PursuitChaseOptimal",-0.105121
1182,B0100,aggressive,UNKNOWN,15293.454977,25119.244364,7280.755636,7874.715110,25380.933230,15432.227131,516.849071,27258.272447,151.292768,5054.379681,102.469824,0.016007,False,False,False,False,True,True,True,1-circle,1.000000,3427.679661,-19502.190321,-0.525661,0.156921,100.000000,100.000000,0.000000,0.000000,2,4,4,0.0000,0.0000,0.0000,0.5000,"Accelerate",0.076640
1183,A0100,pursuit_chase_v1,UNKNOWN,15293.454977,25119.244364,7280.755636,7874.715110,25380.933230,15432.227131,516.849071,27258.272447,151.292768,5054.379681,102.469824,0.016007,False,False,False,False,True,True,True,1-circle,1.000000,3427.679661,-19502.190321,-0.525661,0.156921,100.000000,100.000000,0.000000,0.000000,2,4,1,0.0000,0.0000,0.0000,0.5000,"PursuitChaseOptimal",-0.209066
1183,B0100,aggressive,UNKNOWN,15293.454977,25119.244364,7280.755636,7874.715110,25380.933230,15432.227131,516.849071,27258.272447,151.292768,5054.379681,102.469824,0.016007,False,False,False,False,True,True,True,1-circle,1.000000,3427.679661,-19502.190321,-0.525661,0.156921,100.000000,100.000000,0.000000,0.000000,2,4,4,0.0000,0.0000,0.0000,0.5000,"Accelerate",0.155340
1184,A0100,pursuit_chase_v1,UNKNOWN,15275.316983,25158.338704,7241.661296,7863.425034,25427.464524,15433.450808,517.189248,27275.068437,335.919800,5100.975042,100.514456,0.019895,False,False,False,False,True,True,True,1-circle,1.000000,3426.105367,-19307.318858,0.653771,0.301014,100.000000,100.000000,0.000000,0.000000,2,4,2,0.0000,0.0000,0.0000,0.5000,"PursuitChaseOptimal",-0.253157
1184,B0100,aggressive,UNKNOWN,15275.316983,25158.338704,7241.661296,7863.425034,25427.464524,15433.450808,517.189248,27275.068437,335.919800,5100.975042,100.514456,0.019895,False,False,False,False,True,True,True,1-circle,1.000000,3426.105367,-19307.318858,0.653771,0.301014,100.000000,100.000000,0.000000,0.000000,2,4,4,0.0000,0.0000,0.0000,0.5000,"Accelerate",0.190226
1185,A0100,pursuit_chase_v1,UNKNOWN,15275.316983,25158.338704,7241.661296,7863.425034,25427.464524,15433.450808,517.189248,27275.068437,335.919800,5100.975042,100.514456,0.019895,False,False,False,False,True,True,True,1-circle,1.000000,3426.105367,-19307.318858,0.653771,0.301014,100.000000,100.000000,0.000000,0.000000,2,4,2,0.0000,0.0000,0.0000,0.5000,"PursuitChaseOptimal",-0.310285
1185,B0100,aggressive,UNKNOWN,15275.316983,25158.338704,7241.661296,7863.425034,25427.464524,15433.450808,517.189248,27275.068437,335.919800,5100.975042,100.514456,0.019895,False,False,False,False,True,True,True,1-circle,1.000000,3426.105367,-19307.318858,0.653771,0.301014,100.000000,100.000000,0.000000,0.000000,2,4,4,0.0000,0.0000,0.0000,0.5000,"Accelerate",0.235680
1186,A0100,pursuit_chase_v1,UNKNOWN,15257.653776,25201.230564,7198.769436,7839.868032,25475.285208,15434.546407,517.440628,27287.678095,252.193153,5155.338750,98.972771,0.031122,False,False,False,False,True,True,True,1-circle,1.000000,3425.378885,-19259.169227,1.023095,0.061966,100.000000,100.000000,0.000000,0.000000,2,4,4,0.0000,0.0000,0.0000,0.5000,"PursuitChaseOptimal",-0.312428
1186,B0100,aggressive,UNKNOWN,15257.653776,25201.230564,7198.769436,7839.868032,25475.285208,15434.546407,517.440628,27287.678095,252.193153,5155.338750,98.972771,0.031122,False,False,False,False,True,True,True,1-circle,1.000000,3425.378885,-19259.169227,1.023095,0.061966,100.000000,100.000000,0.000000,0.000000,2,4,4,0.0000,0.0000,0.0000,0.5000,"Accelerate",0.239570
1187,A0100,pursuit_chase_v1,UNKNOWN,15257.653776,25201.230564,7198.769436,7839.868032,25475.285208,15434.546407,517.440628,27287.678095,252.193153,5155.338750,98.972771,0.031122,False,False,False,False,True,True,True,1-circle,1.000000,3425.378885,-19259.169227,1.023095,0.061966,100.000000,100.000000,0.000000,0.000000,2,4,4,0.0000,0.0000,0.0000,0.5000,"PursuitChaseOptimal",-0.263555
1187,B0100,aggressive,UNKNOWN,15257.653776,25201.230564,7198.769436,7839.868032,25475.285208,15434.546407,517.440628,27287.678095,252.193153,5155.338750,98.972771,0.031122,False,False,False,False,True,True,True,1-circle,1.000000,3425.378885,-19259.169227,1.023095,0.061966,100.000000,100.000000,0.000000,0.000000,2,4,4,0.0000,0.0000,0.0000,0.5000,"Accelerate",0.203704
1188,A0100,pursuit_chase_v1,UNKNOWN,15240.505563,25245.983035,7154.016965,7825.863400,25524.137761,15435.643760,517.657621,27298.718936,220.816815,5202.806478,97.444399,0.012792,False,False,False,False,True,True,True,1-circle,1.000000,3425.707888,-19538.465005,-0.420724,0.281241,100.000000,100.000000,0.000000,0.000000,2,4,4,0.0000,0.0000,0.0000,0.5000,"PursuitChaseOptimal",-0.169891
1188,B0100,aggressive,UNKNOWN,15240.505563,25245.983035,7154.016965,7825.863400,25524.137761,15435.643760,517.657621,27298.718936,220.816815,5202.806478,97.444399,0.012792,False,False,False,False,True,True,True,1-circle,1.000000,3425.707888,-19538.465005,-0.420724,0.281241,100.000000,100.000000,0.000000,0.000000,2,4,4,0.0000,0.0000,0.0000,0.5000,"Accelerate",0.131080
1189,A0100,pursuit_chase_v1,UNKNOWN,15240.505563,25245.983035,7154.016965,7825.863400,25524.137761,15435.643760,517.657621,27298.718936,220.816815,5202.806478,97.444399,0.012792,False,False,False,False,True,True,True,1-circle,1.000000,3425.707888,-19538.465005,-0.420724,0.281241,100.000000,100.000000,0.000000,0.000000,2,4,4,0.0000,0.0000,0.0000,0.5000,"PursuitChaseOptimal",-0.061011
1189,B0100,aggressive,UNKNOWN,15240.505563,25245.983035,7154.016965,7825.863400,25524.137761,15435.643760,517.657621,27298.718936,220.816815,5202.806478,97.444399,0.012792,False,False,False,False,True,True,True,1-circle,1.000000,3425.707888,-19538.465005,-0.420724,0.281241,100.000000,100.000000,0.000000,0.000000,2,4,4,0.0000,0.0000,0.0000,0.5000,"Accelerate",0.045750
1190,A0100,pursuit_chase_v1,UNKNOWN,15223.795409,25284.934552,7115.065448,7827.608591,25570.889745,15436.629497,518.024503,27316.526170,356.144692,5224.007729,95.706967,0.052832,False,False,False,False,True,True,True,1-circle,1.000000,3426.839442,-19170.171742,1.738285,0.124355,100.000000,100.000000,0.000000,0.000000,2,4,4,0.0000,0.0000,0.0000,0.5000,"PursuitChaseOptimal",0.057868
1190,B0100,aggressive,UNKNOWN,15223.795409,25284.934552,7115.065448,7827.608591,25570.889745,15436.629497,518.024503,27316.526170,356.144692,5224.007729,95.706967,0.052832,False,False,False,False,True,True,True,1-circle,1.000000,3426.839442,-19170.171742,1.738285,0.124355,100.000000,100.000000,0.000000,0.000000,2,4,4,0.0000,0.0000,0.0000,0.5000,"Accelerate",-0.048290
1191,A0100,pursuit_chase_v1,UNKNOWN,15223.795409,25284.934552,7115.065448,7827.608591,25570.889745,15436.629497,518.024503,27316.526170,356.144692,5224.007729,95.706967,0.052832,False,False,False,False,True,True,True,1-circle,1.000000,3426.839442,-19170.171742,1.738285,0.124355,100.000000,100.000000,0.000000,0.000000,2,4,4,0.0000,0.0000,0.0000,0.5000,"PursuitChaseOptimal",0.158681
1191,B0100,aggressive,UNKNOWN,15223.795409,25284.934552,7115.065448,7827.608591,25570.889745,15436.629497,518.024503,27316.526170,356.144692,5224.007729,95.706967,0.052832,False,False,False,False,True,True,True,1-circle,1.000000,3426.839442,-19170.171742,1.738285,0.124355,100.000000,100.000000,0.000000,0.000000,2,4,4,0.0000,0.0000,0.0000,0.5000,"Accelerate",-0.127619
1192,A0100,pursuit_chase_v1,UNKNOWN,15207.424678,25333.388494,7066.611506,7818.012085,25622.229195,15437.570832,518.161103,27323.733654,144.149665,5215.958816,92.990524,0.013512,False,False,False,False,True,True,True,1-circle,1.000000,3427.812263,-19583.557542,-0.444814,0.072466,100.000000,100.000000,0.000000,0.000000,2,4,4,0.0000,0.0000,0.0000,0.5000,"PursuitChaseOptimal",0.227433
1192,B0100,aggressive,UNKNOWN,15207.424678,25333.388494,7066.611506,7818.012085,25622.229195,15437.570832,518.161103,27323.733654,144.149665,5215.958816,92.990524,0.013512,False,False,False,False,True,True,True,1-circle,1.000000,3427.812263,-19583.557542,-0.444814,0.072466,100.000000,100.000000,0.000000,0.000000,2,4,4,0.0000,0.0000,0.0000,0.5000,"Accelerate",-0.180533
1193,A0100,pursuit_chase_v1,UNKNOWN,15207.424678,25333.388494,7066.611506,7818.012085,25622.229195,15437.570832,518.161103,27323.733654,144.149665,5215.958816,92.990524,0.013512,False,False,False,False,True,True,True,1-circle,1.000000,3427.812263,-19583.557542,-0.444814,0.072466,100.000000,100.000000,0.000000,0.000000,2,4,4,0.0000,0.0000,0.0000,0.5000,"PursuitChaseOptimal",0.220292
1193,B0100,aggressive,UNKNOWN,15207.424678,25333.388494,7066.611506,7818.012085,25622.229195,15437.570832,518.161103,27323.733654,144.149665,5215.958816,92.990524,0.013512,False,False,False,False,True,True,True,1-circle,1.000000,3427.812263,-19583.557542,-0.444814,0.072466,100.000000,100.000000,0.000000,0.000000,2,4,4,0.0000,0.0000,0.0000,0.5000,"Accelerate",-0.174024
1194,A0100,pursuit_chase_v1,UNKNOWN,15191.381231,25372.724925,7027.275075,7807.165045,25668.909170,15438.482504,518.509404,27340.630125,337.929423,5228.728638,89.731479,0.022291,False,False,False,False,True,True,True,1-circle,1.000000,3427.865473,-19391.147341,0.734252,0.203696,100.000000,100.000000,0.000000,0.000000,2,4,4,0.0000,0.0000,0.0000,0.5000,"PursuitChaseOptimal",0.192815
1194,B0100,aggressive,UNKNOWN,15191.381231,25372.724925,7027.275075,7807.165045,25668.909170,15438.482504,518.509404,27340.630125,337.929423,5228.728638,89.731479,0.022291,False,False,False,False,True,True,True,1-circle,1.000000,3427.865473,-19391.147341,0.734252,0.203696,100.000000,100.000000,0.000000,0.000000,2,4,4,0.0000,0.0000,0.0000,0.5000,"Accelerate",-0.151413
1195,A0100,pursuit_chase_v1,UNKNOWN,15191.381231,25372.724925,7027.275075,7807.165045,25668.909170,15438.482504,518.509404,27340.630125,337.929423,5228.728638,89.731479,0.022291,False,False,False,False,True,True,True,1-circle,1.000000,3427.865473,-19391.147341,0.734252,0.203696,100.000000,100.000000,0.000000,0.000000,2,4,4,0.0000,0.0000,0.0000,0.5000,"PursuitChaseOptimal",0.145771
1195,B0100,aggressive,UNKNOWN,15191.381231,25372.724925,7027.275075,7807.165045,25668.909170,15438.482504,518.509404,27340.630125,337.929423,5228.728638,89.731479,0.022291,False,False,False,False,True,True,True,1-circle,1.000000,3427.865473,-19391.147341,0.734252,0.203696,100.000000,100.000000,0.000000,0.000000,2,4,4,0.0000,0.0000,0.0000,0.5000,"Accelerate",-0.114440
1196,A0100,pursuit_chase_v1,UNKNOWN,15175.681183,25417.293864,6982.706136,7802.492673,25716.838565,15439.298893,518.720582,27351.143479,210.267089,5222.564662,86.738108,0.033093,False,False,False,False,True,True,True,1-circle,1.000000,3426.985961,-19346.237168,1.090420,0.076290,100.000000,100.000000,0.000000,0.000000,2,4,3,0.0000,0.0000,0.0000,0.5000,"PursuitChaseOptimal",0.086746
1196,B0100,aggressive,UNKNOWN,15175.681183,25417.293864,6982.706136,7802.492673,25716.838565,15439.298893,518.720582,27351.143479,210.267089,5222.564662,86.738108,0.033093,False,False,False,False,True,True,True,1-circle,1.000000,3426.985961,-19346.237168,1.090420,0.076290,100.000000,100.000000,0.000000,0.000000,2,4,4,0.0000,0.0000,0.0000,0.5000,"Accelerate",-0.068975
1197,A0100,pursuit_chase_v1,UNKNOWN,15175.681183,25417.293864,6982.706136,7802.492673,25716.838565,15439.298893,518.720582,27351.143479,210.267089,5222.564662,86.738108,0.033093,False,False,False,False,True,True,True,1-circle,1.000000,3426.985961,-19346.237168,1.090420,0.076290,100.000000,100.000000,0.000000,0.000000,2,4,3,0.0000,0.0000,0.0000,0.5000,"PursuitChaseOptimal",0.033637
1197,B0100,aggressive,UNKNOWN,15175.681183,25417.293864,6982.706136,7802.492673,25716.838565,15439.298893,518.720582,27351.143479,210.267089,5222.564662,86.738108,0.033093,False,False,False,False,True,True,True,1-circle,1.000000,3426.985961,-19346.237168,1.090420,0.076290,100.000000,100.000000,0.000000,0.000000,2,4,4,0.0000,0.0000,0.0000,0.5000,"Accelerate",-0.028161
1198,A0100,pursuit_chase_v1,UNKNOWN,15160.281702,25462.894561,6937.105439,7800.158827,25765.876742,15440.159676,518.958713,27362.943616,236.002728,5204.093019,84.432326,0.010946,False,False,False,False,True,True,True,1-circle,1.000000,3425.371289,-19626.229456,-0.360860,0.257870,100.000000,100.000000,0.000000,0.000000,2,4,2,0.0000,0.0000,0.0000,0.5000,"PursuitChaseOptimal",0.001428
1198,B0100,aggressive,UNKNOWN,15160.281702,25462.894561,6937.105439,7800.158827,25765.876742,15440.159676,518.958713,27362.943616,236.002728,5204.093019,84.432326,0.010946,False,False,False,False,True,True,True,1-circle,1.000000,3425.371289,-19626.229456,-0.360860,0.257870,100.000000,100.000000,0.000000,0.000000,2,4,4,0.0000,0.0000,0.0000,0.5000,"Accelerate",-0.003805
1199,A0100,pursuit_chase_v1,UNKNOWN,15160.281702,25462.894561,6937.105439,7800.158827,25765.876742,15440.159676,518.958713,27362.943616,236.002728,5204.093019,84.432326,0.010946,False,False,False,False,True,True,True,1-circle,1.000000,3425.371289,-19626.229456,-0.360860,0.257870,100.000000,100.000000,0.000000,0.000000,2,4,2,0.0000,0.0000,0.0000,0.5000,"PursuitChaseOptimal",-0.026986
1199,B0100,aggressive,UNKNOWN,15160.281702,25462.894561,6937.105439,7800.158827,25765.876742,15440.159676,518.958713,27362.943616,236.002728,5204.093019,84.432326,0.010946,False,False,False,False,True,True,True,1-circle,1.000000,3425.371289,-19626.229456,-0.360860,0.257870,100.000000,100.000000,0.000000,0.000000,2,4,4,0.0000,0.0000,0.0000,0.5000,"Accelerate",0.018184
1200,A0100,pursuit_chase_v1,UNKNOWN,15145.183516,25503.046942,6896.953058,7798.433184,25812.891516,15440.925492,519.315821,27380.123802,343.603735,5193.632011,82.596692,0.054563,False,False,False,False,True,True,True,1-circle,1.000000,3423.527048,-19256.169960,1.799445,-0.008204,100.000000,100.000000,0.000000,0.000000,2,4,1,0.0000,0.0000,0.0000,0.5000,"PursuitChaseOptimal",-0.051448
1200,B0100,aggressive,UNKNOWN,15145.183516,25503.046942,6896.953058,7798.433184,25812.891516,15440.925492,519.315821,27380.123802,343.603735,5193.632011,82.596692,0.054563,False,False,False,False,True,True,True,1-circle,1.000000,3423.527048,-19256.169960,1.799445,-0.008204,100.000000,100.000000,0.000000,0.000000,2,4,4,0.0000,0.0000,0.0000,0.5000,"Accelerate",0.036983
1201,A0100,pursuit_chase_v1,UNKNOWN,15145.183516,25503.046942,6896.953058,7798.433184,25812.891516,15440.925492,519.315821,27380.123802,343.603735,5193.632011,82.596692,0.054563,False,False,False,False,True,True,True,1-circle,1.000000,3423.527048,-19256.169960,1.799445,-0.008204,100.000000,100.000000,0.000000,0.000000,2,4,1,0.0000,0.0000,0.0000,0.5000,"PursuitChaseOptimal",-0.028697
1201,B0100,aggressive,UNKNOWN,15145.183516,25503.046942,6896.953058,7798.433184,25812.891516,15440.925492,519.315821,27380.123802,343.603735,5193.632011,82.596692,0.054563,False,False,False,False,True,True,True,1-circle,1.000000,3423.527048,-19256.169960,1.799445,-0.008204,100.000000,100.000000,0.000000,0.000000,2,4,4,0.0000,0.0000,0.0000,0.5000,"Accelerate",0.019469
1202,A0100,pursuit_chase_v1,UNKNOWN,15130.371507,25553.453910,6846.546090,7796.235797,25864.426692,15441.688615,519.475593,27388.234444,162.212832,5177.286487,80.510380,0.012313,False,False,False,False,True,True,True,1-circle,1.000000,3421.567576,-19672.144540,-0.406328,0.209049,100.000000,100.000000,0.000000,0.000000,2,4,0,0.0000,0.0000,0.0000,0.5000,"PursuitChaseOptimal",-0.029307
1202,B0100,aggressive,UNKNOWN,15130.371507,25553.453910,6846.546090,7796.235797,25864.426692,15441.688615,519.475593,27388.234444,162.212832,5177.286487,80.510380,0.012313,False,False,False,False,True,True,True,1-circle,1.000000,3421.567576,-19672.144540,-0.406328,0.209049,100.000000,100.000000,0.000000,0.000000,2,4,4,0.0000,0.0000,0.0000,0.5000,"Accelerate",0.020044
1203,A0100,pursuit_chase_v1,UNKNOWN,15130.371507,25553.453910,6846.546090,7796.235797,25864.426692,15441.688615,519.475593,27388.234444,162.212832,5177.286487,80.510380,0.012313,False,False,False,False,True,True,True,1-circle,1.000000,3421.567576,-19672.144540,-0.406328,0.209049,100.000000,100.000000,0.000000,0.000000,2,4,0,0.0000,0.0000,0.0000,0.5000,"PursuitChaseOptimal",-0.054963
1203,B0100,aggressive,UNKNOWN,15130.371507,25553.453910,6846.546090,7796.235797,25864.426692,15441.688615,519.475593,27388.234444,162.212832,5177.286487,80.510380,0.012313,False,False,False,False,True,True,True,1-circle,1.000000,3421.567576,-19672.144540,-0.406328,0.209049,100.000000,100.000000,0.000000,0.000000,2,4,4,0.0000,0.0000,0.0000,0.5000,"Accelerate",0.039501
1204,A0100,pursuit_chase_v1,UNKNOWN,15115.910524,25593.401563,6806.598437,7795.487867,25911.406742,15442.437484,519.834917,27405.516023,345.631573,5189.670145,78.378406,0.023450,False,False,False,False,True,True,True,1-circle,1.000000,3419.489946,-19478.690897,0.774303,0.065948,100.000000,100.000000,0.000000,0.000000,2,4,0,0.0000,0.0000,0.0000,0.5000,"PursuitChaseOptimal",-0.071942
1204,B0100,aggressive,UNKNOWN,15115.910524,25593.401563,6806.598437,7795.487867,25911.406742,15442.437484,519.834917,27405.516023,345.631573,5189.670145,78.378406,0.023450,False,False,False,False,True,True,True,1-circle,1.000000,3419.489946,-19478.690897,0.774303,0.065948,100.000000,100.000000,0.000000,0.000000,2,4,4,0.0000,0.0000,0.0000,0.5000,"Accelerate",0.052909
1205,A0100,pursuit_chase_v1,UNKNOWN,15115.910524,25593.401563,6806.598437,7795.487867,25911.406742,15442.437484,519.834917,27405.516023,345.631573,5189.670145,78.378406,0.023450,False,False,False,False,True,True,True,1-circle,1.000000,3419.489946,-19478.690897,0.774303,0.065948,100.000000,100.000000,0.000000,0.000000,2,4,0,0.0000,0.0000,0.0000,0.5000,"PursuitChaseOptimal",-0.086717
1205,B0100,aggressive,UNKNOWN,15115.910524,25593.401563,6806.598437,7795.487867,25911.406742,15442.437484,519.834917,27405.516023,345.631573,5189.670145,78.378406,0.023450,False,False,False,False,True,True,True,1-circle,1.000000,3419.489946,-19478.690897,0.774303,0.065948,100.000000,100.000000,0.000000,0.000000,2,4,4,0.0000,0.0000,0.0000,0.5000,"Accelerate",0.064492
1206,A0100,pursuit_chase_v1,UNKNOWN,15101.837146,25638.400911,6761.599089,7794.483507,25959.756254,15443.096202,520.032868,27415.287432,195.428196,5202.306195,76.202361,0.033774,False,False,False,False,True,True,True,1-circle,1.000000,3417.484283,-19436.631134,1.115539,0.000911,100.000000,100.000000,0.000000,0.000000,2,4,0,0.0000,0.0000,0.0000,0.5000,"PursuitChaseOptimal",-0.105121
1206,B0100,aggressive,UNKNOWN,15101.837146,25638.400911,6761.599089,7794.483507,25959.756254,15443.096202,520.032868,27415.287432,195.428196,5202.306195,76.202361,0.033774,False,False,False,False,True,True,True,1-circle,1.000000,3417.484283,-19436.631134,1.115539,0.000911,100.000000,100.000000,0.000000,0.000000,2,4,4,0.0000,0.0000,0.0000,0.5000,"Accelerate",0.078841
1207,A0100,pursuit_chase_v1,UNKNOWN,15101.837146,25638.400911,6761.599089,7794.483507,25959.756254,15443.096202,520.032868,27415.287432,195.428196,5202.306195,76.202361,0.033774,False,False,False,False,True,True,True,1-circle,1.000000,3417.484283,-19436.631134,1.115539,0.000911,100.000000,100.000000,0.000000,0.000000,2,4,0,0.0000,0.0000,0.0000,0.5000,"PursuitChaseOptimal",-0.122338
1207,B0100,aggressive,UNKNOWN,15101.837146,25638.400911,6761.599089,7794.483507,25959.756254,15443.096202,520.032868,27415.287432,195.428196,5202.306195,76.202361,0.033774,False,False,False,False,True,True,True,1-circle,1.000000,3417.484283,-19436.631134,1.115539,0.000911,100.000000,100.000000,0.000000,0.000000,2,4,4,0.0000,0.0000,0.0000,0.5000,"Accelerate",0.092654
1208,A0100,pursuit_chase_v1,UNKNOWN,15088.171359,25685.599304,6714.400696,7785.740978,26009.170436,15443.814733,520.298221,27428.226993,258.791208,5227.654004,74.038879,0.010761,False,False,False,False,True,True,True,1-circle,1.000000,3415.564626,-19721.106148,-0.355641,0.297600,100.000000,100.000000,0.000000,0.000000,2,4,0,0.0000,0.0000,0.0000,0.5000,"PursuitChaseOptimal",-0.144836
1208,B0100,aggressive,UNKNOWN,15088.171359,25685.599304,6714.400696,7785.740978,26009.170436,15443.814733,520.298221,27428.226993,258.791208,5227.654004,74.038879,0.010761,False,False,False,False,True,True,True,1-circle,1.000000,3415.564626,-19721.106148,-0.355641,0.297600,100.000000,100.000000,0.000000,0.000000,2,4,4,0.0000,0.0000,0.0000,0.5000,"Accelerate",0.110572
1209,A0100,pursuit_chase_v1,UNKNOWN,15088.171359,25685.599304,6714.400696,7785.740978,26009.170436,15443.814733,520.298221,27428.226993,258.791208,5227.654004,74.038879,0.010761,False,False,False,False,True,True,True,1-circle,1.000000,3415.564626,-19721.106148,-0.355641,0.297600,100.000000,100.000000,0.000000,0.000000,2,4,0,0.0000,0.0000,0.0000,0.5000,"PursuitChaseOptimal",-0.123194
1209,B0100,aggressive,UNKNOWN,15088.171359,25685.599304,6714.400696,7785.740978,26009.170436,15443.814733,520.298221,27428.226993,258.791208,5227.654004,74.038879,0.010761,False,False,False,False,True,True,True,1-circle,1.000000,3415.564626,-19721.106148,-0.355641,0.297600,100.000000,100.000000,0.000000,0.000000,2,4,4,0.0000,0.0000,0.0000,0.5000,"Accelerate",0.093911
1210,A0100,pursuit_chase_v1,UNKNOWN,15074.942170,25730.557834,6669.442166,7779.447799,26057.904534,15444.510311,520.565388,27441.233450,260.129149,5265.411140,71.837274,0.006062,False,False,False,False,True,True,True,1-circle,1.000000,3413.987171,-19713.375876,-0.200445,0.080172,100.000000,100.000000,0.000000,0.000000,2,4,1,0.0000,0.0000,0.0000,0.5000,"PursuitChaseOptimal",-0.118994
1210,B0100,aggressive,UNKNOWN,15074.942170,25730.557834,6669.442166,7779.447799,26057.904534,15444.510311,520.565388,27441.233450,260.129149,5265.411140,71.837274,0.006062,False,False,False,False,True,True,True,1-circle,1.000000,3413.987171,-19713.375876,-0.200445,0.080172,100.000000,100.000000,0.000000,0.000000,2,4,4,0.0000,0.0000,0.0000,0.5000,"Accelerate",0.090866
1211,A0100,pursuit_chase_v1,UNKNOWN,15074.942170,25730.557834,6669.442166,7779.447799,26057.904534,15444.510311,520.565388,27441.233450,260.129149,5265.411140,71.837274,0.006062,False,False,False,False,True,True,True,1-circle,1.000000,3413.987171,-19713.375876,-0.200445,0.080172,100.000000,100.000000,0.000000,0.000000,2,4,1,0.0000,0.0000,0.0000,0.5000,"PursuitChaseOptimal",-0.140644
1211,B0100,aggressive,UNKNOWN,15074.942170,25730.557834,6669.442166,7779.447799,26057.904534,15444.510311,520.565388,27441.233450,260.129149,5265.411140,71.837274,0.006062,False,False,False,False,True,True,True,1-circle,1.000000,3413.987171,-19713.375876,-0.200445,0.080172,100.000000,100.000000,0.000000,0.000000,2,4,4,0.0000,0.0000,0.0000,0.5000,"Accelerate",0.108456
1212,A0100,pursuit_chase_v1,UNKNOWN,15062.176502,25774.694938,6625.305062,7768.987646,26108.089070,15445.209351,520.816744,27453.520563,245.742252,5304.049882,69.678800,0.051853,False,False,False,False,True,True,True,1-circle,1.000000,3412.727369,-20006.672504,-1.714814,-0.179044,100.000000,100.000000,0.000000,0.000000,2,4,2,0.0000,0.0000,0.0000,0.5000,"PursuitChaseOptimal",-0.116386
1212,B0100,aggressive,UNKNOWN,15062.176502,25774.694938,6625.305062,7768.987646,26108.089070,15445.209351,520.816744,27453.520563,245.742252,5304.049882,69.678800,0.051853,False,False,False,False,True,True,True,1-circle,1.000000,3412.727369,-20006.672504,-1.714814,-0.179044,100.000000,100.000000,0.000000,0.000000,2,4,4,0.0000,0.0000,0.0000,0.5000,"Accelerate",0.089439
1213,A0100,pursuit_chase_v1,UNKNOWN,15062.176502,25774.694938,6625.305062,7768.987646,26108.089070,15445.209351,520.816744,27453.520563,245.742252,5304.049882,69.678800,0.051853,False,False,False,False,True,True,True,1-circle,1.000000,3412.727369,-20006.672504,-1.714814,-0.179044,100.000000,100.000000,0.000000,0.000000,2,4,2,0.0000,0.0000,0.0000,0.5000,"PursuitChaseOptimal",-0.131078
1213,B0100,aggressive,UNKNOWN,15062.176502,25774.694938,6625.305062,7768.987646,26108.089070,15445.209351,520.816744,27453.520563,245.742252,5304.049882,69.678800,0.051853,False,False,False,False,True,True,True,1-circle,1.000000,3412.727369,-20006.672504,-1.714814,-0.179044,100.000000,100.000000,0.000000,0.000000,2,4,4,0.0000,0.0000,0.0000,0.5000,"Accelerate",0.101494
1214,A0100,pursuit_chase_v1,UNKNOWN,15049.878746,25812.727540,6587.272460,7760.021328,26157.474166,15445.738498,521.210776,27472.226744,374.123623,5348.098047,67.645750,0.020895,False,False,False,False,True,True,True,1-circle,1.000000,3411.983401,-19594.926902,0.691669,-0.370644,100.000000,100.000000,0.000000,0.000000,2,4,2,0.0000,0.0000,0.0000,0.5000,"PursuitChaseOptimal",-0.100734
1214,B0100,aggressive,UNKNOWN,15049.878746,25812.727540,6587.272460,7760.021328,26157.474166,15445.738498,521.210776,27472.226744,374.123623,5348.098047,67.645750,0.020895,False,False,False,False,True,True,True,1-circle,1.000000,3411.983401,-19594.926902,0.691669,-0.370644,100.000000,100.000000,0.000000,0.000000,2,4,4,0.0000,0.0000,0.0000,0.5000,"Accelerate",0.077986
1215,A0100,pursuit_chase_v1,UNKNOWN,15049.878746,25812.727540,6587.272460,7760.021328,26157.474166,15445.738498,521.210776,27472.226744,374.123623,5348.098047,67.645750,0.020895,False,False,False,False,True,True,True,1-circle,1.000000,3411.983401,-19594.926902,0.691669,-0.370644,100.000000,100.000000,0.000000,0.000000,2,4,2,0.0000,0.0000,0.0000,0.5000,"PursuitChaseOptimal",-0.103129
1215,B0100,aggressive,UNKNOWN,15049.878746,25812.727540,6587.272460,7760.021328,26157.474166,15445.738498,521.210776,27472.226744,374.123623,5348.098047,67.645750,0.020895,False,False,False,False,True,True,True,1-circle,1.000000,3411.983401,-19594.926902,0.691669,-0.370644,100.000000,100.000000,0.000000,0.000000,2,4,4,0.0000,0.0000,0.0000,0.5000,"Accelerate",0.080265
1216,A0100,pursuit_chase_v1,UNKNOWN,15038.033691,25855.170449,6544.829551,7753.344102,26206.055709,15446.104477,521.404285,27481.524465,185.954428,5376.513057,65.540746,0.029221,False,False,False,False,True,True,True,1-circle,1.000000,3411.682231,-19567.343109,0.967587,-0.361785,100.000000,100.000000,0.000000,0.000000,2,4,3,0.0000,0.0000,0.0000,0.5000,"PursuitChaseOptimal",-0.062683
1216,B0100,aggressive,UNKNOWN,15038.033691,25855.170449,6544.829551,7753.344102,26206.055709,15446.104477,521.404285,27481.524465,185.954428,5376.513057,65.540746,0.029221,False,False,False,False,True,True,True,1-circle,1.000000,3411.682231,-19567.343109,0.967587,-0.361785,100.000000,100.000000,0.000000,0.000000,2,4,4,0.0000,0.0000,0.0000,0.5000,"Accelerate",0.047915
1217,A0100,pursuit_chase_v1,UNKNOWN,15038.033691,25855.170449,6544.829551,7753.344102,26206.055709,15446.104477,521.404285,27481.524465,185.954428,5376.513057,65.540746,0.029221,False,False,False,False,True,True,True,1-circle,1.000000,3411.682231,-19567.343109,0.967587,-0.361785,100.000000,100.000000,0.000000,0.000000,2,4,3,0.0000,0.0000,0.0000,0.5000,"PursuitChaseOptimal",-0.048141
1217,B0100,aggressive,UNKNOWN,15038.033691,25855.170449,6544.829551,7753.344102,26206.055709,15446.104477,521.404285,27481.524465,185.954428,5376.513057,65.540746,0.029221,False,False,False,False,True,True,True,1-circle,1.000000,3411.682231,-19567.343109,0.967587,-0.361785,100.000000,100.000000,0.000000,0.000000,2,4,4,0.0000,0.0000,0.0000,0.5000,"Accelerate",0.036495
1218,A0100,pursuit_chase_v1,UNKNOWN,15026.572499,25900.707840,6499.292160,7752.253851,26255.688775,15446.482019,521.653203,27493.396176,237.434213,5368.003153,63.600592,0.016447,False,False,False,False,True,True,True,1-circle,1.000000,3411.469263,-19862.012263,-0.544870,-0.019105,100.000000,100.000000,0.000000,0.000000,2,4,2,0.0000,0.0000,0.0000,0.5000,"PursuitChaseOptimal",0.011683
1218,B0100,aggressive,UNKNOWN,15026.572499,25900.707840,6499.292160,7752.253851,26255.688775,15446.482019,521.653203,27493.396176,237.434213,5368.003153,63.600592,0.016447,False,False,False,False,True,True,True,1-circle,1.000000,3411.469263,-19862.012263,-0.544870,-0.019105,100.000000,100.000000,0.000000,0.000000,2,4,4,0.0000,0.0000,0.0000,0.5000,"Accelerate",-0.012060
1219,A0100,pursuit_chase_v1,UNKNOWN,15026.572499,25900.707840,6499.292160,7752.253851,26255.688775,15446.482019,521.653203,27493.396176,237.434213,5368.003153,63.600592,0.016447,False,False,False,False,True,True,True,1-circle,1.000000,3411.469263,-19862.012263,-0.544870,-0.019105,100.000000,100.000000,0.000000,0.000000,2,4,2,0.0000,0.0000,0.0000,0.5000,"PursuitChaseOptimal",0.024746
1219,B0100,aggressive,UNKNOWN,15026.572499,25900.707840,6499.292160,7752.253851,26255.688775,15446.482019,521.653203,27493.396176,237.434213,5368.003153,63.600592,0.016447,False,False,False,False,True,True,True,1-circle,1.000000,3411.469263,-19862.012263,-0.544870,-0.019105,100.000000,100.000000,0.000000,0.000000,2,4,4,0.0000,0.0000,0.0000,0.5000,"Accelerate",-0.022300
1220,A0100,pursuit_chase_v1,UNKNOWN,15015.462929,25941.016195,6458.983805,7751.915465,26303.510519,15446.773660,521.991035,27509.296442,318.005311,5391.173323,60.798261,0.049260,False,False,False,False,True,True,True,1-circle,1.000000,3411.087580,-19492.640648,1.632541,-0.199652,100.000000,100.000000,0.000000,0.000000,2,4,2,0.0000,0.0000,0.0000,0.5000,"PursuitChaseOptimal",0.002507
1220,B0100,aggressive,UNKNOWN,15015.462929,25941.016195,6458.983805,7751.915465,26303.510519,15446.773660,521.991035,27509.296442,318.005311,5391.173323,60.798261,0.049260,False,False,False,False,True,True,True,1-circle,1.000000,3411.087580,-19492.640648,1.632541,-0.199652,100.000000,100.000000,0.000000,0.000000,2,4,4,0.0000,0.0000,0.0000,0.5000,"Accelerate",-0.004316
1221,A0100,pursuit_chase_v1,UNKNOWN,15015.462929,25941.016195,6458.983805,7751.915465,26303.510519,15446.773660,521.991035,27509.296442,318.005311,5391.173323,60.798261,0.049260,False,False,False,False,True,True,True,1-circle,1.000000,3411.087580,-19492.640648,1.632541,-0.199652,100.000000,100.000000,0.000000,0.000000,2,4,2,0.0000,0.0000,0.0000,0.5000,"PursuitChaseOptimal",-0.022821
1221,B0100,aggressive,UNKNOWN,15015.462929,25941.016195,6458.983805,7751.915465,26303.510519,15446.773660,521.991035,27509.296442,318.005311,5391.173323,60.798261,0.049260,False,False,False,False,True,True,True,1-circle,1.000000,3411.087580,-19492.640648,1.632541,-0.199652,100.000000,100.000000,0.000000,0.000000,2,4,4,0.0000,0.0000,0.0000,0.5000,"Accelerate",0.015986
1222,A0100,pursuit_chase_v1,UNKNOWN,15004.808657,25992.680227,6407.319773,7752.609482,26356.046106,15447.076611,522.139578,27516.465642,143.384014,5427.732550,57.360457,0.018424,False,False,False,False,True,True,True,1-circle,1.000000,3410.281189,-19918.873480,-0.610885,-0.033693,100.000000,100.000000,0.000000,0.000000,2,4,3,0.0000,0.0000,0.0000,0.5000,"PursuitChaseOptimal",-0.049595
1222,B0100,aggressive,UNKNOWN,15004.808657,25992.680227,6407.319773,7752.609482,26356.046106,15447.076611,522.139578,27516.465642,143.384014,5427.732550,57.360457,0.018424,False,False,False,False,True,True,True,1-circle,1.000000,3410.281189,-19918.873480,-0.610885,-0.033693,100.000000,100.000000,0.000000,0.000000,2,4,4,0.0000,0.0000,0.0000,0.5000,"Accelerate",0.037786
1223,A0100,pursuit_chase_v1,UNKNOWN,15004.808657,25992.680227,6407.319773,7752.609482,26356.046106,15447.076611,522.139578,27516.465642,143.384014,5427.732550,57.360457,0.018424,False,False,False,False,True,True,True,1-circle,1.000000,3410.281189,-19918.873480,-0.610885,-0.033693,100.000000,100.000000,0.000000,0.000000,2,4,3,0.0000,0.0000,0.0000,0.5000,"PursuitChaseOptimal",-0.068338
1223,B0100,aggressive,UNKNOWN,15004.808657,25992.680227,6407.319773,7752.609482,26356.046106,15447.076611,522.139578,27516.465642,143.384014,5427.732550,57.360457,0.018424,False,False,False,False,True,True,True,1-circle,1.000000,3410.281189,-19918.873480,-0.610885,-0.033693,100.000000,100.000000,0.000000,0.000000,2,4,4,0.0000,0.0000,0.0000,0.5000,"Accelerate",0.052680
1224,A0100,pursuit_chase_v1,UNKNOWN,14994.603275,26034.197849,6365.802151,7756.488924,26403.663539,15447.408617,522.490345,27533.019221,331.071583,5436.734553,55.184888,0.017779,False,False,False,False,True,True,True,1-circle,1.000000,3409.252367,-19725.208654,0.589883,0.044688,100.000000,100.000000,0.000000,0.000000,2,4,3,0.0000,0.0000,0.0000,0.5000,"PursuitChaseOptimal",-0.054317
1224,B0100,aggressive,UNKNOWN,14994.603275,26034.197849,6365.802151,7756.488924,26403.663539,15447.408617,522.490345,27533.019221,331.071583,5436.734553,55.184888,0.017779,False,False,False,False,True,True,True,1-circle,1.000000,3409.252367,-19725.208654,0.589883,0.044688,100.000000,100.000000,0.000000,0.000000,2,4,4,0.0000,0.0000,0.0000,0.5000,"Accelerate",0.041715
1225,A0100,pursuit_chase_v1,UNKNOWN,14994.603275,26034.197849,6365.802151,7756.488924,26403.663539,15447.408617,522.490345,27533.019221,331.071583,5436.734553,55.184888,0.017779,False,False,False,False,True,True,True,1-circle,1.000000,3409.252367,-19725.208654,0.589883,0.044688,100.000000,100.000000,0.000000,0.000000,2,4,3,0.0000,0.0000,0.0000,0.5000,"PursuitChaseOptimal",-0.050442
1225,B0100,aggressive,UNKNOWN,14994.603275,26034.197849,6365.802151,7756.488924,26403.663539,15447.408617,522.490345,27533.019221,331.071583,5436.734553,55.184888,0.017779,False,False,False,False,True,True,True,1-circle,1.000000,3409.252367,-19725.208654,0.589883,0.044688,100.000000,100.000000,0.000000,0.000000,2,4,4,0.0000,0.0000,0.0000,0.5000,"Accelerate",0.038710
1226,A0100,pursuit_chase_v1,UNKNOWN,14984.735034,26080.930309,6319.069691,7756.974903,26452.906432,15447.692282,522.678838,27542.024435,180.104267,5416.377460,53.298902,0.027958,False,False,False,False,True,True,True,1-circle,1.000000,3408.200694,-19687.135861,0.927861,-0.114714,100.000000,100.000000,0.000000,0.000000,2,4,2,0.0000,0.0000,0.0000,0.5000,"PursuitChaseOptimal",-0.064098
1226,B0100,aggressive,UNKNOWN,14984.735034,26080.930309,6319.069691,7756.974903,26452.906432,15447.692282,522.678838,27542.024435,180.104267,5416.377460,53.298902,0.027958,False,False,False,False,True,True,True,1-circle,1.000000,3408.200694,-19687.135861,0.927861,-0.114714,100.000000,100.000000,0.000000,0.000000,2,4,4,0.0000,0.0000,0.0000,0.5000,"Accelerate",0.049794
1227,A0100,pursuit_chase_v1,UNKNOWN,14984.735034,26080.930309,6319.069691,7756.974903,26452.906432,15447.692282,522.678838,27542.024435,180.104267,5416.377460,53.298902,0.027958,False,False,False,False,True,True,True,1-circle,1.000000,3408.200694,-19687.135861,0.927861,-0.114714,100.000000,100.000000,0.000000,0.000000,2,4,2,0.0000,0.0000,0.0000,0.5000,"PursuitChaseOptimal",-0.071136
1227,B0100,aggressive,UNKNOWN,14984.735034,26080.930309,6319.069691,7756.974903,26452.906432,15447.692282,522.678838,27542.024435,180.104267,5416.377460,53.298902,0.027958,False,False,False,False,True,True,True,1-circle,1.000000,3408.200694,-19687.135861,0.927861,-0.114714,100.000000,100.000000,0.000000,0.000000,2,4,4,0.0000,0.0000,0.0000,0.5000,"Accelerate",0.055829
1228,A0100,pursuit_chase_v1,UNKNOWN,14975.157660,26129.367184,6270.632816,7756.603189,26503.195740,15448.067010,522.929168,27553.986763,239.246565,5396.718096,51.454298,0.016413,False,False,False,False,True,True,True,1-circle,1.000000,3406.979398,-19975.160330,-0.544979,0.159524,100.000000,100.000000,0.000000,0.000000,2,4,0,0.0000,0.0000,0.0000,0.5000,"PursuitChaseOptimal",-0.086718
1228,B0100,aggressive,UNKNOWN,14975.157660,26129.367184,6270.632816,7756.603189,26503.195740,15448.067010,522.929168,27553.986763,239.246565,5396.718096,51.454298,0.016413,False,False,False,False,True,True,True,1-circle,1.000000,3406.979398,-19975.160330,-0.544979,0.159524,100.000000,100.000000,0.000000,0.000000,2,4,4,0.0000,0.0000,0.0000,0.5000,"Accelerate",0.068394
1229,A0100,pursuit_chase_v1,UNKNOWN,14975.157660,26129.367184,6270.632816,7756.603189,26503.195740,15448.067010,522.929168,27553.986763,239.246565,5396.718096,51.454298,0.016413,False,False,False,False,True,True,True,1-circle,1.000000,3406.979398,-19975.160330,-0.544979,0.159524,100.000000,100.000000,0.000000,0.000000,2,4,0,0.0000,0.0000,0.0000,0.5000,"PursuitChaseOptimal",-0.070258
1229,B0100,aggressive,UNKNOWN,14975.157660,26129.367184,6270.632816,7756.603189,26503.195740,15448.067010,522.929168,27553.986763,239.246565,5396.718096,51.454298,0.016413,False,False,False,False,True,True,True,1-circle,1.000000,3406.979398,-19975.160330,-0.544979,0.159524,100.000000,100.000000,0.000000,0.000000,2,4,4,0.0000,0.0000,0.0000,0.5000,"Accelerate",0.055371
1230,A0100,pursuit_chase_v1,UNKNOWN,14965.938001,26171.521209,6228.478791,7759.088580,26551.567652,15448.404817,523.264331,27569.847770,317.220148,5415.930917,49.198525,0.049763,False,False,False,False,True,True,True,1-circle,1.000000,3405.816571,-19602.821458,1.652958,-0.064658,100.000000,100.000000,0.000000,0.000000,2,4,0,0.0000,0.0000,0.0000,0.5000,"PursuitChaseOptimal",-0.087019
1230,B0100,aggressive,UNKNOWN,14965.938001,26171.521209,6228.478791,7759.088580,26551.567652,15448.404817,523.264331,27569.847770,317.220148,5415.930917,49.198525,0.049763,False,False,False,False,True,True,True,1-circle,1.000000,3405.816571,-19602.821458,1.652958,-0.064658,100.000000,100.000000,0.000000,0.000000,2,4,4,0.0000,0.0000,0.0000,0.5000,"Accelerate",0.069397
1231,A0100,pursuit_chase_v1,UNKNOWN,14965.938001,26171.521209,6228.478791,7759.088580,26551.567652,15448.404817,523.264331,27569.847770,317.220148,5415.930917,49.198525,0.049763,False,False,False,False,True,True,True,1-circle,1.000000,3405.816571,-19602.821458,1.652958,-0.064658,100.000000,100.000000,0.000000,0.000000,2,4,0,0.0000,0.0000,0.0000,0.5000,"PursuitChaseOptimal",-0.074212
1231,B0100,aggressive,UNKNOWN,14965.938001,26171.521209,6228.478791,7759.088580,26551.567652,15448.404817,523.264331,27569.847770,317.220148,5415.930917,49.198525,0.049763,False,False,False,False,True,True,True,1-circle,1.000000,3405.816571,-19602.821458,1.652958,-0.064658,100.000000,100.000000,0.000000,0.000000,2,4,4,0.0000,0.0000,0.0000,0.5000,"Accelerate",0.058933
1232,A0100,pursuit_chase_v1,UNKNOWN,14957.128324,26224.694463,6175.305537,7758.463346,26604.653930,15448.786620,523.400731,27576.549813,134.040852,5427.020401,46.651095,0.017582,False,False,False,False,True,True,True,1-circle,1.000000,3404.647782,-20029.111849,-0.584288,0.081289,100.000000,100.000000,0.000000,0.000000,2,4,0,0.0000,0.0000,0.0000,0.5000,"PursuitChaseOptimal",-0.091604
1232,B0100,aggressive,UNKNOWN,14957.128324,26224.694463,6175.305537,7758.463346,26604.653930,15448.786620,523.400731,27576.549813,134.040852,5427.020401,46.651095,0.017582,False,False,False,False,True,True,True,1-circle,1.000000,3404.647782,-20029.111849,-0.584288,0.081289,100.000000,100.000000,0.000000,0.000000,2,4,4,0.0000,0.0000,0.0000,0.5000,"Accelerate",0.073691
1233,A0100,pursuit_chase_v1,UNKNOWN,14957.128324,26224.694463,6175.305537,7758.463346,26604.653930,15448.786620,523.400731,27576.549813,134.040852,5427.020401,46.651095,0.017582,False,False,False,False,True,True,True,1-circle,1.000000,3404.647782,-20029.111849,-0.584288,0.081289,100.000000,100.000000,0.000000,0.000000,2,4,0,0.0000,0.0000,0.0000,0.5000,"PursuitChaseOptimal",-0.129542
1233,B0100,aggressive,UNKNOWN,14957.128324,26224.694463,6175.305537,7758.463346,26604.653930,15448.786620,523.400731,27576.549813,134.040852,5427.020401,46.651095,0.017582,False,False,False,False,True,True,True,1-circle,1.000000,3404.647782,-20029.111849,-0.584288,0.081289,100.000000,100.000000,0.000000,0.000000,2,4,4,0.0000,0.0000,0.0000,0.5000,"Accelerate",0.105509
1234,A0100,pursuit_chase_v1,UNKNOWN,14948.746607,26266.728974,6133.271026,7759.417576,26651.012738,15449.225067,523.705758,27591.127998,291.563696,5458.395972,44.513161,0.011777,False,False,False,False,True,True,True,1-circle,1.000000,3403.525148,-19877.385853,0.391596,0.141284,100.000000,100.000000,0.000000,0.000000,2,4,1,0.0000,0.0000,0.0000,0.5000,"PursuitChaseOptimal",-0.153314
1234,B0100,aggressive,UNKNOWN,14948.746607,26266.728974,6133.271026,7759.417576,26651.012738,15449.225067,523.705758,27591.127998,291.563696,5458.395972,44.513161,0.011777,False,False,False,False,True,True,True,1-circle,1.000000,3403.525148,-19877.385853,0.391596,0.141284,100.000000,100.000000,0.000000,0.000000,2,4,4,0.0000,0.0000,0.0000,0.5000,"Accelerate",0.125832
1235,A0100,pursuit_chase_v1,UNKNOWN,14948.746607,26266.728974,6133.271026,7759.417576,26651.012738,15449.225067,523.705758,27591.127998,291.563696,5458.395972,44.513161,0.011777,False,False,False,False,True,True,True,1-circle,1.000000,3403.525148,-19877.385853,0.391596,0.141284,100.000000,100.000000,0.000000,0.000000,2,4,1,0.0000,0.0000,0.0000,0.5000,"PursuitChaseOptimal",-0.178994
1235,B0100,aggressive,UNKNOWN,14948.746607,26266.728974,6133.271026,7759.417576,26651.012738,15449.225067,523.705758,27591.127998,291.563696,5458.395972,44.513161,0.011777,False,False,False,False,True,True,True,1-circle,1.000000,3403.525148,-19877.385853,0.391596,0.141284,100.000000,100.000000,0.000000,0.000000,2,4,4,0.0000,0.0000,0.0000,0.5000,"Accelerate",0.148177
1236,A0100,pursuit_chase_v1,UNKNOWN,14940.829066,26318.096694,6081.903306,7747.722918,26705.570887,15449.679677,523.878945,27599.614436,169.728761,5496.701602,42.478921,0.056785,False,False,False,False,True,True,True,1-circle,1.000000,3402.873986,-20312.426219,-1.888121,-0.177678,100.000000,100.000000,0.000000,0.000000,2,4,2,0.0000,0.0000,0.0000,0.5000,"PursuitChaseOptimal",-0.162281
1236,B0100,aggressive,UNKNOWN,14940.829066,26318.096694,6081.903306,7747.722918,26705.570887,15449.679677,523.878945,27599.614436,169.728761,5496.701602,42.478921,0.056785,False,False,False,False,True,True,True,1-circle,1.000000,3402.873986,-20312.426219,-1.888121,-0.177678,100.000000,100.000000,0.000000,0.000000,2,4,4,0.0000,0.0000,0.0000,0.5000,"Accelerate",0.135279
1237,A0100,pursuit_chase_v1,UNKNOWN,14940.829066,26318.096694,6081.903306,7747.722918,26705.570887,15449.679677,523.878945,27599.614436,169.728761,5496.701602,42.478921,0.056785,False,False,False,False,True,True,True,1-circle,1.000000,3402.873986,-20312.426219,-1.888121,-0.177678,100.000000,100.000000,0.000000,0.000000,2,4,2,0.0000,0.0000,0.0000,0.5000,"PursuitChaseOptimal",-0.162698
1237,B0100,aggressive,UNKNOWN,14940.829066,26318.096694,6081.903306,7747.722918,26705.570887,15449.679677,523.878945,27599.614436,169.728761,5496.701602,42.478921,0.056785,False,False,False,False,True,True,True,1-circle,1.000000,3402.873986,-20312.426219,-1.888121,-0.177678,100.000000,100.000000,0.000000,0.000000,2,4,4,0.0000,0.0000,0.0000,0.5000,"Accelerate",0.136062
1238,A0100,pursuit_chase_v1,UNKNOWN,14933.408440,26355.999735,6044.000265,7741.674553,26754.268635,15450.071124,524.218684,27615.769652,323.104321,5555.824230,40.575096,0.017831,False,False,False,False,True,True,True,1-circle,1.000000,3402.998771,-20105.139085,-0.593460,-0.400726,100.000000,100.000000,0.000000,0.000000,2,4,3,0.0000,0.0000,0.0000,0.5000,"PursuitChaseOptimal",-0.110710
1238,B0100,aggressive,UNKNOWN,14933.408440,26355.999735,6044.000265,7741.674553,26754.268635,15450.071124,524.218684,27615.769652,323.104321,5555.824230,40.575096,0.017831,False,False,False,False,True,True,True,1-circle,1.000000,3402.998771,-20105.139085,-0.593460,-0.400726,100.000000,100.000000,0.000000,0.000000,2,4,4,0.0000,0.0000,0.0000,0.5000,"Accelerate",0.092556
1239,A0100,pursuit_chase_v1,UNKNOWN,14933.408440,26355.999735,6044.000265,7741.674553,26754.268635,15450.071124,524.218684,27615.769652,323.104321,5555.824230,40.575096,0.017831,False,False,False,False,True,True,True,1-circle,1.000000,3402.998771,-20105.139085,-0.593460,-0.400726,100.000000,100.000000,0.000000,0.000000,2,4,3,0.0000,0.0000,0.0000,0.5000,"PursuitChaseOptimal",-0.094758
1239,B0100,aggressive,UNKNOWN,14933.408440,26355.999735,6044.000265,7741.674553,26754.268635,15450.071124,524.218684,27615.769652,323.104321,5555.824230,40.575096,0.017831,False,False,False,False,True,True,True,1-circle,1.000000,3402.998771,-20105.139085,-0.593460,-0.400726,100.000000,100.000000,0.000000,0.000000,2,4,4,0.0000,0.0000,0.0000,0.5000,"Accelerate",0.079247
1240,A0100,pursuit_chase_v1,UNKNOWN,14926.511175,26398.294303,6001.705697,7735.827973,26804.822874,15450.301300,524.420403,27625.364315,191.893256,5588.398722,38.455042,0.010040,False,False,False,False,True,True,True,1-circle,1.000000,3403.784520,-20085.201093,-0.334269,-0.572592,100.000000,100.000000,0.000000,0.000000,2,4,4,0.0000,0.0000,0.0000,0.5000,"PursuitChaseOptimal",-0.072803
1240,B0100,aggressive,UNKNOWN,14926.511175,26398.294303,6001.705697,7735.827973,26804.822874,15450.301300,524.420403,27625.364315,191.893256,5588.398722,38.455042,0.010040,False,False,False,False,True,True,True,1-circle,1.000000,3403.784520,-20085.201093,-0.334269,-0.572592,100.000000,100.000000,0.000000,0.000000,2,4,4,0.0000,0.0000,0.0000,0.5000,"Accelerate",0.060529
1241,A0100,pursuit_chase_v1,UNKNOWN,14926.511175,26398.294303,6001.705697,7735.827973,26804.822874,15450.301300,524.420403,27625.364315,191.893256,5588.398722,38.455042,0.010040,False,False,False,False,True,True,True,1-circle,1.000000,3403.784520,-20085.201093,-0.334269,-0.572592,100.000000,100.000000,0.000000,0.000000,2,4,4,0.0000,0.0000,0.0000,0.5000,"PursuitChaseOptimal",-0.041255
1241,B0100,aggressive,UNKNOWN,14926.511175,26398.294303,6001.705697,7735.827973,26804.822874,15450.301300,524.420403,27625.364315,191.893256,5588.398722,38.455042,0.010040,False,False,False,False,True,True,True,1-circle,1.000000,3403.784520,-20085.201093,-0.334269,-0.572592,100.000000,100.000000,0.000000,0.000000,2,4,4,0.0000,0.0000,0.0000,0.5000,"Accelerate",0.033555
1242,A0100,pursuit_chase_v1,UNKNOWN,14920.013107,26442.306311,5957.693689,7739.724552,26855.147252,15450.507995,524.581765,27633.064627,154.006244,5592.869229,36.176611,0.053707,False,False,False,False,True,True,True,1-circle,1.000000,3404.716593,-20374.100034,-1.788108,-0.315218,100.000000,100.000000,0.000000,0.000000,2,4,4,0.0000,0.0000,0.0000,0.5000,"PursuitChaseOptimal",-0.002118
1242,B0100,aggressive,UNKNOWN,14920.013107,26442.306311,5957.693689,7739.724552,26855.147252,15450.507995,524.581765,27633.064627,154.006244,5592.869229,36.176611,0.053707,False,False,False,False,True,True,True,1-circle,1.000000,3404.716593,-20374.100034,-1.788108,-0.315218,100.000000,100.000000,0.000000,0.000000,2,4,4,0.0000,0.0000,0.0000,0.5000,"Accelerate",-0.000928
1243,A0100,pursuit_chase_v1,UNKNOWN,14920.013107,26442.306311,5957.693689,7739.724552,26855.147252,15450.507995,524.581765,27633.064627,154.006244,5592.869229,36.176611,0.053707,False,False,False,False,True,True,True,1-circle,1.000000,3404.716593,-20374.100034,-1.788108,-0.315218,100.000000,100.000000,0.000000,0.000000,2,4,4,0.0000,0.0000,0.0000,0.5000,"PursuitChaseOptimal",0.005169
1243,B0100,aggressive,UNKNOWN,14920.013107,26442.306311,5957.693689,7739.724552,26855.147252,15450.507995,524.581765,27633.064627,154.006244,5592.869229,36.176611,0.053707,False,False,False,False,True,True,True,1-circle,1.000000,3404.716593,-20374.100034,-1.788108,-0.315218,100.000000,100.000000,0.000000,0.000000,2,4,4,0.0000,0.0000,0.0000,0.5000,"Accelerate",-0.007177
1244,A0100,pursuit_chase_v1,UNKNOWN,14913.925073,26483.151512,5916.848488,7737.899251,26907.637800,15450.587414,524.931185,27649.378866,326.284783,5616.864761,33.228567,0.020741,False,False,False,False,True,True,True,1-circle,1.000000,3405.455624,-19955.214657,0.691143,-0.455278,100.000000,100.000000,0.000000,0.000000,2,5,4,0.0000,0.0000,0.0000,0.5000,"PursuitChaseOptimal",-0.026833
1244,B0100,aggressive,UNKNOWN,14913.925073,26483.151512,5916.848488,7737.899251,26907.637800,15450.587414,524.931185,27649.378866,326.284783,5616.864761,33.228567,0.020741,False,False,False,False,True,True,True,1-circle,1.000000,3405.455624,-19955.214657,0.691143,-0.455278,100.000000,100.000000,0.000000,0.000000,2,4,4,0.0000,0.0000,0.0000,0.5000,"Accelerate",0.020957
1245,A0100,pursuit_chase_v1,UNKNOWN,14913.925073,26483.151512,5916.848488,7737.899251,26907.637800,15450.587414,524.931185,27649.378866,326.284783,5616.864761,33.228567,0.020741,False,False,False,False,True,True,True,1-circle,1.000000,3405.455624,-19955.214657,0.691143,-0.455278,100.000000,100.000000,0.000000,0.000000,2,5,4,0.0000,0.0000,0.0000,0.5000,"PursuitChaseOptimal",-0.023268
1245,B0100,aggressive,UNKNOWN,14913.925073,26483.151512,5916.848488,7737.899251,26907.637800,15450.587414,524.931185,27649.378866,326.284783,5616.864761,33.228567,0.020741,False,False,False,False,True,True,True,1-circle,1.000000,3405.455624,-19955.214657,0.691143,-0.455278,100.000000,100.000000,0.000000,0.000000,2,4,4,0.0000,0.0000,0.0000,0.5000,"Accelerate",0.017922
1246,A0100,pursuit_chase_v1,UNKNOWN,14908.262861,26526.742721,5873.257279,7745.341355,26957.568679,15450.540263,525.121122,27658.161133,175.645347,5620.072019,30.575835,0.029470,False,False,False,False,True,True,True,1-circle,1.000000,3405.898577,-19930.246398,0.982335,-0.477697,100.000000,100.000000,0.000000,0.000000,2,5,4,0.0000,0.0000,0.0000,0.5000,"PursuitChaseOptimal",-0.034863
1246,B0100,aggressive,UNKNOWN,14908.262861,26526.742721,5873.257279,7745.341355,26957.568679,15450.540263,525.121122,27658.161133,175.645347,5620.072019,30.575835,0.029470,False,False,False,False,True,True,True,1-circle,1.000000,3405.898577,-19930.246398,0.982335,-0.477697,100.000000,100.000000,0.000000,0.000000,2,4,4,0.0000,0.0000,0.0000,0.5000,"Accelerate",0.028015
1247,A0100,pursuit_chase_v1,UNKNOWN,14908.262861,26526.742721,5873.257279,7745.341355,26957.568679,15450.540263,525.121122,27658.161133,175.645347,5620.072019,30.575835,0.029470,False,False,False,False,True,True,True,1-circle,1.000000,3405.898577,-19930.246398,0.982335,-0.477697,100.000000,100.000000,0.000000,0.000000,2,5,4,0.0000,0.0000,0.0000,0.5000,"PursuitChaseOptimal",-0.045339
1247,B0100,aggressive,UNKNOWN,14908.262861,26526.742721,5873.257279,7745.341355,26957.568679,15450.540263,525.121122,27658.161133,175.645347,5620.072019,30.575835,0.029470,False,False,False,False,True,True,True,1-circle,1.000000,3405.898577,-19930.246398,0.982335,-0.477697,100.000000,100.000000,0.000000,0.000000,2,4,4,0.0000,0.0000,0.0000,0.5000,"Accelerate",0.037363
1248,A0100,pursuit_chase_v1,UNKNOWN,14902.946729,26573.392321,5826.607679,7746.817733,27008.574304,15450.526260,525.373911,27669.903247,234.842275,5601.676506,28.460290,0.014177,False,False,False,False,True,True,True,1-circle,1.000000,3406.019787,-20219.675225,-0.472817,-0.157382,100.000000,100.000000,0.000000,0.000000,2,5,2,0.0000,0.0000,0.0000,0.5000,"PursuitChaseOptimal",-0.040715
1248,B0100,aggressive,UNKNOWN,14902.946729,26573.392321,5826.607679,7746.817733,27008.574304,15450.526260,525.373911,27669.903247,234.842275,5601.676506,28.460290,0.014177,False,False,False,False,True,True,True,1-circle,1.000000,3406.019787,-20219.675225,-0.472817,-0.157382,100.000000,100.000000,0.000000,0.000000,2,4,4,0.0000,0.0000,0.0000,0.5000,"Accelerate",0.033343
1249,A0100,pursuit_chase_v1,UNKNOWN,14902.946729,26573.392321,5826.607679,7746.817733,27008.574304,15450.526260,525.373911,27669.903247,234.842275,5601.676506,28.460290,0.014177,False,False,False,False,True,True,True,1-circle,1.000000,3406.019787,-20219.675225,-0.472817,-0.157382,100.000000,100.000000,0.000000,0.000000,2,5,2,0.0000,0.0000,0.0000,0.5000,"PursuitChaseOptimal",-0.033325
1249,B0100,aggressive,UNKNOWN,14902.946729,26573.392321,5826.607679,7746.817733,27008.574304,15450.526260,525.373911,27669.903247,234.842275,5601.676506,28.460290,0.014177,False,False,False,False,True,True,True,1-circle,1.000000,3406.019787,-20219.675225,-0.472817,-0.157382,100.000000,100.000000,0.000000,0.000000,2,4,4,0.0000,0.0000,0.0000,0.5000,"Accelerate",0.026825
1250,A0100,pursuit_chase_v1,UNKNOWN,14897.932075,26618.642253,5781.357747,7749.741267,27059.247931,15450.471797,525.607380,27680.711440,216.163853,5576.575028,26.427758,0.007516,False,False,False,False,True,True,True,1-circle,1.000000,3405.966291,-20207.446272,-0.250764,-0.359081,100.000000,100.000000,0.000000,0.000000,2,5,1,0.0000,0.0000,0.0000,0.5000,"PursuitChaseOptimal",-0.032991
1250,B0100,aggressive,UNKNOWN,14897.932075,26618.642253,5781.357747,7749.741267,27059.247931,15450.471797,525.607380,27680.711440,216.163853,5576.575028,26.427758,0.007516,False,False,False,False,True,True,True,1-circle,1.000000,3405.966291,-20207.446272,-0.250764,-0.359081,100.000000,100.000000,0.000000,0.000000,2,4,4,0.0000,0.0000,0.0000,0.5000,"Accelerate",0.026564
1251,A0100,pursuit_chase_v1,UNKNOWN,14897.932075,26618.642253,5781.357747,7749.741267,27059.247931,15450.471797,525.607380,27680.711440,216.163853,5576.575028,26.427758,0.007516,False,False,False,False,True,True,True,1-circle,1.000000,3405.966291,-20207.446272,-0.250764,-0.359081,100.000000,100.000000,0.000000,0.000000,2,5,1,0.0000,0.0000,0.0000,0.5000,"PursuitChaseOptimal",-0.030419
1251,B0100,aggressive,UNKNOWN,14897.932075,26618.642253,5781.357747,7749.741267,27059.247931,15450.471797,525.607380,27680.711440,216.163853,5576.575028,26.427758,0.007516,False,False,False,False,True,True,True,1-circle,1.000000,3405.966291,-20207.446272,-0.250764,-0.359081,100.000000,100.000000,0.000000,0.000000,2,4,4,0.0000,0.0000,0.0000,0.5000,"Accelerate",0.024515
1252,A0100,pursuit_chase_v1,UNKNOWN,14893.210919,26664.336452,5735.663548,7752.266022,27110.010011,15450.456949,525.809149,27690.088231,187.535824,5556.965684,24.205205,0.051135,False,False,False,False,True,True,True,1-circle,1.000000,3405.590475,-20497.244281,-1.706223,-0.278470,100.000000,100.000000,0.000000,0.000000,2,5,0,0.0000,0.0000,0.0000,0.5000,"PursuitChaseOptimal",-0.031730
1252,B0100,aggressive,UNKNOWN,14893.210919,26664.336452,5735.663548,7752.266022,27110.010011,15450.456949,525.809149,27690.088231,187.535824,5556.965684,24.205205,0.051135,False,False,False,False,True,True,True,1-circle,1.000000,3405.590475,-20497.244281,-1.706223,-0.278470,100.000000,100.000000,0.000000,0.000000,2,4,4,0.0000,0.0000,0.0000,0.5000,"Accelerate",0.025206
1253,A0100,pursuit_chase_v1,UNKNOWN,14893.210919,26664.336452,5735.663548,7752.266022,27110.010011,15450.456949,525.809149,27690.088231,187.535824,5556.965684,24.205205,0.051135,False,False,False,False,True,True,True,1-circle,1.000000,3405.590475,-20497.244281,-1.706223,-0.278470,100.000000,100.000000,0.000000,0.000000,2,5,0,0.0000,0.0000,0.0000,0.5000,"PursuitChaseOptimal",-0.030731
1253,B0100,aggressive,UNKNOWN,14893.210919,26664.336452,5735.663548,7752.266022,27110.010011,15450.456949,525.809149,27690.088231,187.535824,5556.965684,24.205205,0.051135,False,False,False,False,True,True,True,1-circle,1.000000,3405.590475,-20497.244281,-1.706223,-0.278470,100.000000,100.000000,0.000000,0.000000,2,4,4,0.0000,0.0000,0.0000,0.5000,"Accelerate",0.024722
1254,A0100,pursuit_chase_v1,UNKNOWN,14888.889958,26705.917882,5694.082118,7748.712294,27161.253416,15450.342804,526.148265,27705.766873,313.572840,5586.638871,21.381433,0.016505,False,False,False,False,True,True,True,1-circle,1.000000,3405.013924,-20118.906064,0.551206,-0.490250,100.000000,100.000000,0.000000,0.000000,2,5,0,0.0000,0.0000,0.0000,0.5000,"PursuitChaseOptimal",-0.047512
1254,B0100,aggressive,UNKNOWN,14888.889958,26705.917882,5694.082118,7748.712294,27161.253416,15450.342804,526.148265,27705.766873,313.572840,5586.638871,21.381433,0.016505,False,False,False,False,True,True,True,1-circle,1.000000,3405.013924,-20118.906064,0.551206,-0.490250,100.000000,100.000000,0.000000,0.000000,2,4,4,0.0000,0.0000,0.0000,0.5000,"Accelerate",0.039592
1255,A0100,pursuit_chase_v1,UNKNOWN,14888.889958,26705.917882,5694.082118,7748.712294,27161.253416,15450.342804,526.148265,27705.766873,313.572840,5586.638871,21.381433,0.016505,False,False,False,False,True,True,True,1-circle,1.000000,3405.013924,-20118.906064,0.551206,-0.490250,100.000000,100.000000,0.000000,0.000000,2,5,0,0.0000,0.0000,0.0000,0.5000,"PursuitChaseOptimal",-0.047925
1255,B0100,aggressive,UNKNOWN,14888.889958,26705.917882,5694.082118,7748.712294,27161.253416,15450.342804,526.148265,27705.766873,313.572840,5586.638871,21.381433,0.016505,False,False,False,False,True,True,True,1-circle,1.000000,3405.013924,-20118.906064,0.551206,-0.490250,100.000000,100.000000,0.000000,0.000000,2,4,4,0.0000,0.0000,0.0000,0.5000,"Accelerate",0.040028
1256,A0100,pursuit_chase_v1,UNKNOWN,14885.033462,26757.221943,5642.778057,7710.537161,27216.031975,15450.202952,526.229496,27709.411492,72.892374,5635.225220,18.909678,0.051281,False,False,False,False,True,True,True,1-circle,1.000000,3404.410204,-20554.619407,-1.712342,-0.529732,100.000000,100.000000,0.000000,0.000000,2,5,2,0.0000,0.0000,0.0000,0.5000,"PursuitChaseOptimal",-0.043127
1256,B0100,aggressive,UNKNOWN,14885.033462,26757.221943,5642.778057,7710.537161,27216.031975,15450.202952,526.229496,27709.411492,72.892374,5635.225220,18.909678,0.051281,False,False,False,False,True,True,True,1-circle,1.000000,3404.410204,-20554.619407,-1.712342,-0.529732,100.000000,100.000000,0.000000,0.000000,2,4,4,0.0000,0.0000,0.0000,0.5000,"Accelerate",0.036100
1257,A0100,pursuit_chase_v1,UNKNOWN,14885.033462,26757.221943,5642.778057,7710.537161,27216.031975,15450.202952,526.229496,27709.411492,72.892374,5635.225220,18.909678,0.051281,False,False,False,False,True,True,True,1-circle,1.000000,3404.410204,-20554.619407,-1.712342,-0.529732,100.000000,100.000000,0.000000,0.000000,2,5,2,0.0000,0.0000,0.0000,0.5000,"PursuitChaseOptimal",-0.040139
1257,B0100,aggressive,UNKNOWN,14885.033462,26757.221943,5642.778057,7710.537161,27216.031975,15450.202952,526.229496,27709.411492,72.892374,5635.225220,18.909678,0.051281,False,False,False,False,True,True,True,1-circle,1.000000,3404.410204,-20554.619407,-1.712342,-0.529732,100.000000,100.000000,0.000000,0.000000,2,4,4,0.0000,0.0000,0.0000,0.5000,"Accelerate",0.033008
1258,A0100,pursuit_chase_v1,UNKNOWN,14881.589684,26797.324724,5602.675276,7632.589193,27265.284566,15450.051781,526.519764,27722.788385,267.537871,5698.432267,17.762675,0.009821,False,False,False,False,True,True,True,1-circle,1.000000,3404.253434,-20334.402531,-0.328214,-0.391197,100.000000,100.000000,0.000000,0.000000,2,5,3,0.0000,0.0000,0.0000,0.5000,"PursuitChaseOptimal",-0.037214
1258,B0100,aggressive,UNKNOWN,14881.589684,26797.324724,5602.675276,7632.589193,27265.284566,15450.051781,526.519764,27722.788385,267.537871,5698.432267,17.762675,0.009821,False,False,False,False,True,True,True,1-circle,1.000000,3404.253434,-20334.402531,-0.328214,-0.391197,100.000000,100.000000,0.000000,0.000000,2,4,4,0.0000,0.0000,0.0000,0.5000,"Accelerate",0.030878
1259,A0100,pursuit_chase_v1,UNKNOWN,14881.589684,26797.324724,5602.675276,7632.589193,27265.284566,15450.051781,526.519764,27722.788385,267.537871,5698.432267,17.762675,0.009821,False,False,False,False,True,True,True,1-circle,1.000000,3404.253434,-20334.402531,-0.328214,-0.391197,100.000000,100.000000,0.000000,0.000000,2,5,3,0.0000,0.0000,0.0000,0.5000,"PursuitChaseOptimal",-0.033676
1259,B0100,aggressive,UNKNOWN,14881.589684,26797.324724,5602.675276,7632.589193,27265.284566,15450.051781,526.519764,27722.788385,267.537871,5698.432267,17.762675,0.009821,False,False,False,False,True,True,True,1-circle,1.000000,3404.253434,-20334.402531,-0.328214,-0.391197,100.000000,100.000000,0.000000,0.000000,2,4,4,0.0000,0.0000,0.0000,0.5000,"Accelerate",0.027908
1260,A0100,pursuit_chase_v1,UNKNOWN,14878.478406,26842.920634,5557.079366,7524.172165,27315.501519,15449.825335,526.673158,27729.713965,138.511595,5758.368685,17.151218,0.001069,False,False,False,False,True,True,True,1-circle,1.000000,3404.933806,-20311.649559,-0.035739,-0.511362,100.000000,100.000000,0.000000,0.000000,2,5,4,0.0000,0.0000,0.0000,0.5000,"PursuitChaseOptimal",-0.029978
1260,B0100,aggressive,UNKNOWN,14878.478406,26842.920634,5557.079366,7524.172165,27315.501519,15449.825335,526.673158,27729.713965,138.511595,5758.368685,17.151218,0.001069,False,False,False,False,True,True,True,1-circle,1.000000,3404.933806,-20311.649559,-0.035739,-0.511362,100.000000,100.000000,0.000000,0.000000,2,4,4,0.0000,0.0000,0.0000,0.5000,"Accelerate",0.024589
1261,A0100,pursuit_chase_v1,UNKNOWN,14878.478406,26842.920634,5557.079366,7524.172165,27315.501519,15449.825335,526.673158,27729.713965,138.511595,5758.368685,17.151218,0.001069,False,False,False,False,True,True,True,1-circle,1.000000,3404.933806,-20311.649559,-0.035739,-0.511362,100.000000,100.000000,0.000000,0.000000,2,5,4,0.0000,0.0000,0.0000,0.5000,"PursuitChaseOptimal",-0.026014
1261,B0100,aggressive,UNKNOWN,14878.478406,26842.920634,5557.079366,7524.172165,27315.501519,15449.825335,526.673158,27729.713965,138.511595,5758.368685,17.151218,0.001069,False,False,False,False,True,True,True,1-circle,1.000000,3404.933806,-20311.649559,-0.035739,-0.511362,100.000000,100.000000,0.000000,0.000000,2,4,4,0.0000,0.0000,0.0000,0.5000,"Accelerate",0.021250
1262,A0100,pursuit_chase_v1,UNKNOWN,14875.623431,26889.702757,5510.297243,7403.475040,27365.784844,15449.676357,526.881734,27739.293217,191.585034,5794.818491,17.079301,0.043315,False,False,False,False,True,True,True,1-circle,1.000000,3406.408445,-20596.626994,-1.448103,-0.206627,100.000000,100.000000,0.000000,0.000000,2,5,4,0.0000,0.0000,0.0000,0.5000,"PursuitChaseOptimal",-0.022128
1262,B0100,aggressive,UNKNOWN,14875.623431,26889.702757,5510.297243,7403.475040,27365.784844,15449.676357,526.881734,27739.293217,191.585034,5794.818491,17.079301,0.043315,False,False,False,False,True,True,True,1-circle,1.000000,3406.408445,-20596.626994,-1.448103,-0.206627,100.000000,100.000000,0.000000,0.000000,2,4,4,0.0000,0.0000,0.0000,0.5000,"Accelerate",0.017476
1263,A0100,pursuit_chase_v1,UNKNOWN,14875.623431,26889.702757,5510.297243,7403.475040,27365.784844,15449.676357,526.881734,27739.293217,191.585034,5794.818491,17.079301,0.043315,False,False,False,False,True,True,True,1-circle,1.000000,3406.408445,-20596.626994,-1.448103,-0.206627,100.000000,100.000000,0.000000,0.000000,2,5,4,0.0000,0.0000,0.0000,0.5000,"PursuitChaseOptimal",-0.018345
1263,B0100,aggressive,UNKNOWN,14875.623431,26889.702757,5510.297243,7403.475040,27365.784844,15449.676357,526.881734,27739.293217,191.585034,5794.818491,17.079301,0.043315,False,False,False,False,True,True,True,1-circle,1.000000,3406.408445,-20596.626994,-1.448103,-0.206627,100.000000,100.000000,0.000000,0.000000,2,4,4,0.0000,0.0000,0.0000,0.5000,"Accelerate",0.014360
1264,A0100,pursuit_chase_v1,UNKNOWN,14872.974416,26928.081524,5471.918476,7278.751332,27413.114361,15449.483273,527.205201,27754.194636,298.028387,5846.305389,17.020308,0.025090,False,False,False,False,True,True,True,1-circle,1.000000,3408.774077,-20216.593276,0.839407,-0.419159,100.000000,100.000000,0.000000,0.000000,2,5,4,0.0000,0.0000,0.0000,0.5000,"PursuitChaseOptimal",-0.014691
1264,B0100,aggressive,UNKNOWN,14872.974416,26928.081524,5471.918476,7278.751332,27413.114361,15449.483273,527.205201,27754.194636,298.028387,5846.305389,17.020308,0.025090,False,False,False,False,True,True,True,1-circle,1.000000,3408.774077,-20216.593276,0.839407,-0.419159,100.000000,100.000000,0.000000,0.000000,2,4,4,0.0000,0.0000,0.0000,0.5000,"Accelerate",0.011118
1265,A0100,pursuit_chase_v1,UNKNOWN,14872.974416,26928.081524,5471.918476,7278.751332,27413.114361,15449.483273,527.205201,27754.194636,298.028387,5846.305389,17.020308,0.025090,False,False,False,False,True,True,True,1-circle,1.000000,3408.774077,-20216.593276,0.839407,-0.419159,100.000000,100.000000,0.000000,0.000000,2,5,4,0.0000,0.0000,0.0000,0.5000,"PursuitChaseOptimal",-0.010724
1265,B0100,aggressive,UNKNOWN,14872.974416,26928.081524,5471.918476,7278.751332,27413.114361,15449.483273,527.205201,27754.194636,298.028387,5846.305389,17.020308,0.025090,False,False,False,False,True,True,True,1-circle,1.000000,3408.774077,-20216.593276,0.839407,-0.419159,100.000000,100.000000,0.000000,0.000000,2,4,4,0.0000,0.0000,0.0000,0.5000,"Accelerate",0.007575
1266,A0100,pursuit_chase_v1,UNKNOWN,14870.516911,26976.069521,5423.930479,7141.684446,27464.432828,15449.293808,527.279735,27757.484572,65.798711,5877.328684,16.986363,0.041354,False,False,False,False,True,True,True,1-circle,1.000000,3411.943697,-20649.279697,-1.383556,-0.481073,100.000000,100.000000,0.000000,0.000000,2,5,4,0.0000,0.0000,0.0000,0.5000,"PursuitChaseOptimal",-0.006509
1266,B0100,aggressive,UNKNOWN,14870.516911,26976.069521,5423.930479,7141.684446,27464.432828,15449.293808,527.279735,27757.484572,65.798711,5877.328684,16.986363,0.041354,False,False,False,False,True,True,True,1-circle,1.000000,3411.943697,-20649.279697,-1.383556,-0.481073,100.000000,100.000000,0.000000,0.000000,2,4,4,0.0000,0.0000,0.0000,0.5000,"Accelerate",0.003935
1267,A0100,pursuit_chase_v1,UNKNOWN,14870.516911,26976.069521,5423.930479,7141.684446,27464.432828,15449.293808,527.279735,27757.484572,65.798711,5877.328684,16.986363,0.041354,False,False,False,False,True,True,True,1-circle,1.000000,3411.943697,-20649.279697,-1.383556,-0.481073,100.000000,100.000000,0.000000,0.000000,2,5,4,0.0000,0.0000,0.0000,0.5000,"PursuitChaseOptimal",-0.002216
1267,B0100,aggressive,UNKNOWN,14870.516911,26976.069521,5423.930479,7141.684446,27464.432828,15449.293808,527.279735,27757.484572,65.798711,5877.328684,16.986363,0.041354,False,False,False,False,True,True,True,1-circle,1.000000,3411.943697,-20649.279697,-1.383556,-0.481073,100.000000,100.000000,0.000000,0.000000,2,4,4,0.0000,0.0000,0.0000,0.5000,"Accelerate",-0.000225
1268,A0100,pursuit_chase_v1,UNKNOWN,14868.231415,27011.617734,5388.382266,7003.261668,27509.371601,15449.118160,527.576684,27771.176100,273.830564,5924.708439,17.074347,0.001891,False,False,False,False,True,True,True,1-circle,1.000000,3415.863294,-20444.930191,-0.063297,-0.312172,100.000000,100.000000,0.000000,0.000000,2,4,4,0.0000,0.0000,0.0000,0.5000,"PursuitChaseOptimal",0.007306
1268,B0100,aggressive,UNKNOWN,14868.231415,27011.617734,5388.382266,7003.261668,27509.371601,15449.118160,527.576684,27771.176100,273.830564,5924.708439,17.074347,0.001891,False,False,False,False,True,True,True,1-circle,1.000000,3415.863294,-20444.930191,-0.063297,-0.312172,100.000000,100.000000,0.000000,0.000000,2,4,4,0.0000,0.0000,0.0000,0.5000,"Accelerate",-0.008466
1269,A0100,pursuit_chase_v1,UNKNOWN,14868.231415,27011.617734,5388.382266,7003.261668,27509.371601,15449.118160,527.576684,27771.176100,273.830564,5924.708439,17.074347,0.001891,False,False,False,False,True,True,True,1-circle,1.000000,3415.863294,-20444.930191,-0.063297,-0.312172,100.000000,100.000000,0.000000,0.000000,2,4,4,0.0000,0.0000,0.0000,0.5000,"PursuitChaseOptimal",0.001316
1269,B0100,aggressive,UNKNOWN,14868.231415,27011.617734,5388.382266,7003.261668,27509.371601,15449.118160,527.576684,27771.176100,273.830564,5924.708439,17.074347,0.001891,False,False,False,False,True,True,True,1-circle,1.000000,3415.863294,-20444.930191,-0.063297,-0.312172,100.000000,100.000000,0.000000,0.000000,2,4,4,0.0000,0.0000,0.0000,0.5000,"Accelerate",-0.002963
1270,A0100,pursuit_chase_v1,UNKNOWN,14866.114104,27052.350262,5347.649738,6853.630134,27555.094506,15448.882351,527.730811,27778.140892,139.295839,5963.643973,17.124782,0.009385,False,False,False,False,True,True,True,1-circle,1.000000,3420.551052,-20410.990764,0.314307,-0.473625,100.000000,100.000000,0.000000,0.000000,2,4,4,0.0000,0.0000,0.0000,0.5000,"PursuitChaseOptimal",0.001284
1270,B0100,aggressive,UNKNOWN,14866.114104,27052.350262,5347.649738,6853.630134,27555.094506,15448.882351,527.730811,27778.140892,139.295839,5963.643973,17.124782,0.009385,False,False,False,False,True,True,True,1-circle,1.000000,3420.551052,-20410.990764,0.314307,-0.473625,100.000000,100.000000,0.000000,0.000000,2,4,4,0.0000,0.0000,0.0000,0.5000,"Accelerate",-0.002981
1271,A0100,pursuit_chase_v1,UNKNOWN,14866.114104,27052.350262,5347.649738,6853.630134,27555.094506,15448.882351,527.730811,27778.140892,139.295839,5963.643973,17.124782,0.009385,False,False,False,False,True,True,True,1-circle,1.000000,3420.551052,-20410.990764,0.314307,-0.473625,100.000000,100.000000,0.000000,0.000000,2,4,4,0.0000,0.0000,0.0000,0.5000,"PursuitChaseOptimal",-0.013168
1271,B0100,aggressive,UNKNOWN,14866.114104,27052.350262,5347.649738,6853.630134,27555.094506,15448.882351,527.730811,27778.140892,139.295839,5963.643973,17.124782,0.009385,False,False,False,False,True,True,True,1-circle,1.000000,3420.551052,-20410.990764,0.314307,-0.473625,100.000000,100.000000,0.000000,0.000000,2,4,4,0.0000,0.0000,0.0000,0.5000,"Accelerate",0.010130
1272,A0100,pursuit_chase_v1,UNKNOWN,14864.149588,27093.622642,5306.377358,6716.615310,27600.430986,15448.734037,527.936839,27787.621211,189.606386,6003.385530,16.885562,0.033302,False,False,False,False,True,True,True,1-circle,1.000000,3425.819083,-20702.882780,-1.115498,-0.180590,100.000000,100.000000,0.000000,0.000000,2,4,4,0.0000,0.0000,0.0000,0.5000,"PursuitChaseOptimal",-0.023223
1272,B0100,aggressive,UNKNOWN,14864.149588,27093.622642,5306.377358,6716.615310,27600.430986,15448.734037,527.936839,27787.621211,189.606386,6003.385530,16.885562,0.033302,False,False,False,False,True,True,True,1-circle,1.000000,3425.819083,-20702.882780,-1.115498,-0.180590,100.000000,100.000000,0.000000,0.000000,2,4,4,0.0000,0.0000,0.0000,0.5000,"Accelerate",0.018841
1273,A0100,pursuit_chase_v1,UNKNOWN,14864.149588,27093.622642,5306.377358,6716.615310,27600.430986,15448.734037,527.936839,27787.621211,189.606386,6003.385530,16.885562,0.033302,False,False,False,False,True,True,True,1-circle,1.000000,3425.819083,-20702.882780,-1.115498,-0.180590,100.000000,100.000000,0.000000,0.000000,2,4,4,0.0000,0.0000,0.0000,0.5000,"PursuitChaseOptimal",-0.026944
1273,B0100,aggressive,UNKNOWN,14864.149588,27093.622642,5306.377358,6716.615310,27600.430986,15448.734037,527.936839,27787.621211,189.606386,6003.385530,16.885562,0.033302,False,False,False,False,True,True,True,1-circle,1.000000,3425.819083,-20702.882780,-1.115498,-0.180590,100.000000,100.000000,0.000000,0.000000,2,4,4,0.0000,0.0000,0.0000,0.5000,"Accelerate",0.022506
1274,A0100,pursuit_chase_v1,UNKNOWN,14862.391240,27126.951305,5273.048695,6636.065035,27642.981488,15448.547015,528.233979,27801.327570,274.127188,6036.567317,16.198131,0.034737,False,False,False,False,True,True,True,1-circle,1.000000,3431.650401,-20327.684776,1.164159,-0.394419,100.000000,100.000000,0.000000,0.000000,2,4,4,0.0000,0.0000,0.0000,0.5000,"PursuitChaseOptimal",-0.027136
1274,B0100,aggressive,UNKNOWN,14862.391240,27126.951305,5273.048695,6636.065035,27642.981488,15448.547015,528.233979,27801.327570,274.127188,6036.567317,16.198131,0.034737,False,False,False,False,True,True,True,1-circle,1.000000,3431.650401,-20327.684776,1.164159,-0.394419,100.000000,100.000000,0.000000,0.000000,2,4,4,0.0000,0.0000,0.0000,0.5000,"Accelerate",0.022817
1275,A0100,pursuit_chase_v1,UNKNOWN,14862.391240,27126.951305,5273.048695,6636.065035,27642.981488,15448.547015,528.233979,27801.327570,274.127188,6036.567317,16.198131,0.034737,False,False,False,False,True,True,True,1-circle,1.000000,3431.650401,-20327.684776,1.164159,-0.394419,100.000000,100.000000,0.000000,0.000000,2,4,4,0.0000,0.0000,0.0000,0.5000,"PursuitChaseOptimal",-0.024354
1275,B0100,aggressive,UNKNOWN,14862.391240,27126.951305,5273.048695,6636.065035,27642.981488,15448.547015,528.233979,27801.327570,274.127188,6036.567317,16.198131,0.034737,False,False,False,False,True,True,True,1-circle,1.000000,3431.650401,-20327.684776,1.164159,-0.394419,100.000000,100.000000,0.000000,0.000000,2,4,4,0.0000,0.0000,0.0000,0.5000,"Accelerate",0.020269
1276,A0100,pursuit_chase_v1,UNKNOWN,14860.870771,27172.231357,5227.768643,6597.796246,27689.885811,15448.406656,528.335770,27805.948460,92.417785,6051.909010,14.626164,0.032409,False,False,False,False,True,True,True,1-circle,1.000000,3437.655963,-20768.315914,-1.086371,-0.228324,100.000000,100.000000,0.000000,0.000000,2,4,4,0.0000,0.0000,0.0000,0.5000,"PursuitChaseOptimal",-0.019514
1276,B0100,aggressive,UNKNOWN,14860.870771,27172.231357,5227.768643,6597.796246,27689.885811,15448.406656,528.335770,27805.948460,92.417785,6051.909010,14.626164,0.032409,False,False,False,False,True,True,True,1-circle,1.000000,3437.655963,-20768.315914,-1.086371,-0.228324,100.000000,100.000000,0.000000,0.000000,2,4,4,0.0000,0.0000,0.0000,0.5000,"Accelerate",0.016031
1277,A0100,pursuit_chase_v1,UNKNOWN,14860.870771,27172.231357,5227.768643,6597.796246,27689.885811,15448.406656,528.335770,27805.948460,92.417785,6051.909010,14.626164,0.032409,False,False,False,False,True,True,True,1-circle,1.000000,3437.655963,-20768.315914,-1.086371,-0.228324,100.000000,100.000000,0.000000,0.000000,2,4,4,0.0000,0.0000,0.0000,0.5000,"PursuitChaseOptimal",-0.015135
1277,B0100,aggressive,UNKNOWN,14860.870771,27172.231357,5227.768643,6597.796246,27689.885811,15448.406656,528.335770,27805.948460,92.417785,6051.909010,14.626164,0.032409,False,False,False,False,True,True,True,1-circle,1.000000,3437.655963,-20768.315914,-1.086371,-0.228324,100.000000,100.000000,0.000000,0.000000,2,4,4,0.0000,0.0000,0.0000,0.5000,"Accelerate",0.011728
1278,A0100,pursuit_chase_v1,UNKNOWN,14859.631493,27205.449100,5194.550900,6596.219330,27731.417328,15448.323287,528.645343,27820.350865,288.048116,6075.927868,12.727527,0.006804,False,False,False,False,True,True,True,1-circle,1.000000,3443.552721,-20567.459416,0.228231,-0.164414,100.000000,100.000000,0.000000,0.000000,2,4,4,0.0000,0.0000,0.0000,0.5000,"PursuitChaseOptimal",-0.011219
1278,B0100,aggressive,UNKNOWN,14859.631493,27205.449100,5194.550900,6596.219330,27731.417328,15448.323287,528.645343,27820.350865,288.048116,6075.927868,12.727527,0.006804,False,False,False,False,True,True,True,1-circle,1.000000,3443.552721,-20567.459416,0.228231,-0.164414,100.000000,100.000000,0.000000,0.000000,2,4,4,0.0000,0.0000,0.0000,0.5000,"Accelerate",0.008470
1279,A0100,pursuit_chase_v1,UNKNOWN,14859.631493,27205.449100,5194.550900,6596.219330,27731.417328,15448.323287,528.645343,27820.350865,288.048116,6075.927868,12.727527,0.006804,False,False,False,False,True,True,True,1-circle,1.000000,3443.552721,-20567.459416,0.228231,-0.164414,100.000000,100.000000,0.000000,0.000000,2,4,4,0.0000,0.0000,0.0000,0.5000,"PursuitChaseOptimal",-0.007422
1279,B0100,aggressive,UNKNOWN,14859.631493,27205.449100,5194.550900,6596.219330,27731.417328,15448.323287,528.645343,27820.350865,288.048116,6075.927868,12.727527,0.006804,False,False,False,False,True,True,True,1-circle,1.000000,3443.552721,-20567.459416,0.228231,-0.164414,100.000000,100.000000,0.000000,0.000000,2,4,4,0.0000,0.0000,0.0000,0.5000,"Accelerate",0.005139
1280,A0100,pursuit_chase_v1,UNKNOWN,14858.713151,27244.616756,5155.383244,6608.372820,27774.693512,15448.211714,528.784380,27826.748015,127.942983,6096.001831,10.321271,0.017516,False,False,False,False,True,True,True,1-circle,1.000000,3449.215319,-20538.736520,0.587646,-0.320721,100.000000,100.000000,0.000000,0.000000,2,4,4,0.0000,0.0000,0.0000,0.5000,"PursuitChaseOptimal",-0.003995
1280,B0100,aggressive,UNKNOWN,14858.713151,27244.616756,5155.383244,6608.372820,27774.693512,15448.211714,528.784380,27826.748015,127.942983,6096.001831,10.321271,0.017516,False,False,False,False,True,True,True,1-circle,1.000000,3449.215319,-20538.736520,0.587646,-0.320721,100.000000,100.000000,0.000000,0.000000,2,4,4,0.0000,0.0000,0.0000,0.5000,"Accelerate",0.001958
1281,A0100,pursuit_chase_v1,UNKNOWN,14858.713151,27244.616756,5155.383244,6608.372820,27774.693512,15448.211714,528.784380,27826.748015,127.942983,6096.001831,10.321271,0.017516,False,False,False,False,True,True,True,1-circle,1.000000,3449.215319,-20538.736520,0.587646,-0.320721,100.000000,100.000000,0.000000,0.000000,2,4,4,0.0000,0.0000,0.0000,0.5000,"PursuitChaseOptimal",-0.001159
1281,B0100,aggressive,UNKNOWN,14858.713151,27244.616756,5155.383244,6608.372820,27774.693512,15448.211714,528.784380,27826.748015,127.942983,6096.001831,10.321271,0.017516,False,False,False,False,True,True,True,1-circle,1.000000,3449.215319,-20538.736520,0.587646,-0.320721,100.000000,100.000000,0.000000,0.000000,2,4,4,0.0000,0.0000,0.0000,0.5000,"Accelerate",-0.000521
1282,A0100,pursuit_chase_v1,UNKNOWN,14858.145394,27285.394059,5114.605941,6628.515464,27818.747815,15448.210888,528.989905,27836.371462,192.468947,6125.757344,7.444561,0.025511,False,False,False,False,True,True,True,1-circle,1.000000,3454.358820,-20834.504306,-0.856160,-0.041080,100.000000,100.000000,0.000000,0.000000,2,4,4,0.0000,0.0000,0.0000,0.5000,"PursuitChaseOptimal",-0.000385
1282,B0100,aggressive,UNKNOWN,14858.145394,27285.394059,5114.605941,6628.515464,27818.747815,15448.210888,528.989905,27836.371462,192.468947,6125.757344,7.444561,0.025511,False,False,False,False,True,True,True,1-circle,1.000000,3454.358820,-20834.504306,-0.856160,-0.041080,100.000000,100.000000,0.000000,0.000000,2,4,4,0.0000,0.0000,0.0000,0.5000,"Accelerate",-0.001596
1283,A0100,pursuit_chase_v1,UNKNOWN,14858.145394,27285.394059,5114.605941,6628.515464,27818.747815,15448.210888,528.989905,27836.371462,192.468947,6125.757344,7.444561,0.025511,False,False,False,False,True,True,True,1-circle,1.000000,3454.358820,-20834.504306,-0.856160,-0.041080,100.000000,100.000000,0.000000,0.000000,2,4,4,0.0000,0.0000,0.0000,0.5000,"PursuitChaseOptimal",-0.004711
1283,B0100,aggressive,UNKNOWN,14858.145394,27285.394059,5114.605941,6628.515464,27818.747815,15448.210888,528.989905,27836.371462,192.468947,6125.757344,7.444561,0.025511,False,False,False,False,True,True,True,1-circle,1.000000,3454.358820,-20834.504306,-0.856160,-0.041080,100.000000,100.000000,0.000000,0.000000,2,4,4,0.0000,0.0000,0.0000,0.5000,"Accelerate",0.002591
1284,A0100,pursuit_chase_v1,UNKNOWN,14857.964729,27318.975303,5081.024697,6652.521887,27861.030177,15448.187797,529.280269,27849.951911,271.608982,6161.440526,4.611982,0.042288,False,False,False,False,True,True,True,1-circle,1.000000,3459.030374,-20460.725087,1.419744,-0.271458,100.000000,100.000000,0.000000,0.000000,2,4,4,0.0000,0.0000,0.0000,0.5000,"PursuitChaseOptimal",-0.013091
1284,B0100,aggressive,UNKNOWN,14857.964729,27318.975303,5081.024697,6652.521887,27861.030177,15448.187797,529.280269,27849.951911,271.608982,6161.440526,4.611982,0.042288,False,False,False,False,True,True,True,1-circle,1.000000,3459.030374,-20460.725087,1.419744,-0.271458,100.000000,100.000000,0.000000,0.000000,2,4,4,0.0000,0.0000,0.0000,0.5000,"Accelerate",0.010281
1285,A0100,pursuit_chase_v1,UNKNOWN,14857.964729,27318.975303,5081.024697,6652.521887,27861.030177,15448.187797,529.280269,27849.951911,271.608982,6161.440526,4.611982,0.042288,False,False,False,False,True,True,True,1-circle,1.000000,3459.030374,-20460.725087,1.419744,-0.271458,100.000000,100.000000,0.000000,0.000000,2,4,4,0.0000,0.0000,0.0000,0.5000,"PursuitChaseOptimal",-0.021828
1285,B0100,aggressive,UNKNOWN,14857.964729,27318.975303,5081.024697,6652.521887,27861.030177,15448.187797,529.280269,27849.951911,271.608982,6161.440526,4.611982,0.042288,False,False,False,False,True,True,True,1-circle,1.000000,3459.030374,-20460.725087,1.419744,-0.271458,100.000000,100.000000,0.000000,0.000000,2,4,4,0.0000,0.0000,0.0000,0.5000,"Accelerate",0.018128
1286,A0100,pursuit_chase_v1,UNKNOWN,14858.155684,27365.213860,5034.786140,6661.338828,27908.140890,15448.223026,529.371667,27854.270671,86.375203,6182.455373,1.909803,0.025375,False,False,False,False,True,True,True,1-circle,1.000000,3463.226255,-20905.520258,-0.852164,-0.109621,100.000000,100.000000,0.000000,0.000000,2,4,4,0.0000,0.0000,0.0000,0.5000,"PursuitChaseOptimal",-0.031610
1286,B0100,aggressive,UNKNOWN,14858.155684,27365.213860,5034.786140,6661.338828,27908.140890,15448.223026,529.371667,27854.270671,86.375203,6182.455373,1.909803,0.025375,False,False,False,False,True,True,True,1-circle,1.000000,3463.226255,-20905.520258,-0.852164,-0.109621,100.000000,100.000000,0.000000,0.000000,2,4,4,0.0000,0.0000,0.0000,0.5000,"Accelerate",0.027110
1287,A0100,pursuit_chase_v1,UNKNOWN,14858.155684,27365.213860,5034.786140,6661.338828,27908.140890,15448.223026,529.371667,27854.270671,86.375203,6182.455373,1.909803,0.025375,False,False,False,False,True,True,True,1-circle,1.000000,3463.226255,-20905.520258,-0.852164,-0.109621,100.000000,100.000000,0.000000,0.000000,2,4,4,0.0000,0.0000,0.0000,0.5000,"PursuitChaseOptimal",-0.042492
1287,B0100,aggressive,UNKNOWN,14858.155684,27365.213860,5034.786140,6661.338828,27908.140890,15448.223026,529.371667,27854.270671,86.375203,6182.455373,1.909803,0.025375,False,False,False,False,True,True,True,1-circle,1.000000,3463.226255,-20905.520258,-0.852164,-0.109621,100.000000,100.000000,0.000000,0.000000,2,4,4,0.0000,0.0000,0.0000,0.5000,"Accelerate",0.036967
1288,A0100,pursuit_chase_v1,UNKNOWN,14858.702250,27399.256674,5000.743326,6669.088270,27948.348331,15448.328776,529.632549,27866.607182,246.730207,6211.861203,-0.224349,0.006242,False,False,False,False,True,True,True,1-circle,1.000000,3467.129261,-20750.367988,0.209745,-0.053410,100.000000,100.000000,0.000000,0.000000,2,5,4,0.0000,0.0000,0.0000,0.5000,"PursuitChaseOptimal",-0.056012
1288,B0100,aggressive,UNKNOWN,14858.702250,27399.256674,5000.743326,6669.088270,27948.348331,15448.328776,529.632549,27866.607182,246.730207,6211.861203,-0.224349,0.006242,False,False,False,False,True,True,True,1-circle,1.000000,3467.129261,-20750.367988,0.209745,-0.053410,100.000000,100.000000,0.000000,0.000000,2,4,4,0.0000,0.0000,0.0000,0.5000,"Accelerate",0.049310
1289,A0100,pursuit_chase_v1,UNKNOWN,14858.702250,27399.256674,5000.743326,6669.088270,27948.348331,15448.328776,529.632549,27866.607182,246.730207,6211.861203,-0.224349,0.006242,False,False,False,False,True,True,True,1-circle,1.000000,3467.129261,-20750.367988,0.209745,-0.053410,100.000000,100.000000,0.000000,0.000000,2,5,4,0.0000,0.0000,0.0000,0.5000,"PursuitChaseOptimal",-0.033367
1289,B0100,aggressive,UNKNOWN,14858.702250,27399.256674,5000.743326,6669.088270,27948.348331,15448.328776,529.632549,27866.607182,246.730207,6211.861203,-0.224349,0.006242,False,False,False,False,True,True,True,1-circle,1.000000,3467.129261,-20750.367988,0.209745,-0.053410,100.000000,100.000000,0.000000,0.000000,2,4,4,0.0000,0.0000,0.0000,0.5000,"Accelerate",0.028745
1290,A0100,pursuit_chase_v1,UNKNOWN,14859.590327,27445.326509,4954.673491,6667.298569,27996.947907,15448.479162,529.697663,27869.811226,64.080885,6227.186255,-2.408277,0.062388,False,False,False,False,True,True,True,1-circle,1.000000,3470.932663,-21201.670351,-2.095597,-0.219357,100.000000,100.000000,0.000000,0.000000,2,5,4,0.0000,0.0000,0.0000,0.5000,"PursuitChaseOptimal",-0.040169
1290,B0100,aggressive,UNKNOWN,14859.590327,27445.326509,4954.673491,6667.298569,27996.947907,15448.479162,529.697663,27869.811226,64.080885,6227.186255,-2.408277,0.062388,False,False,False,False,True,True,True,1-circle,1.000000,3470.932663,-21201.670351,-2.095597,-0.219357,100.000000,100.000000,0.000000,0.000000,2,4,4,0.0000,0.0000,0.0000,0.5000,"Accelerate",0.035133
1291,A0100,pursuit_chase_v1,UNKNOWN,14859.590327,27445.326509,4954.673491,6667.298569,27996.947907,15448.479162,529.697663,27869.811226,64.080885,6227.186255,-2.408277,0.062388,False,False,False,False,True,True,True,1-circle,1.000000,3470.932663,-21201.670351,-2.095597,-0.219357,100.000000,100.000000,0.000000,0.000000,2,5,4,0.0000,0.0000,0.0000,0.5000,"PursuitChaseOptimal",-0.012383
1291,B0100,aggressive,UNKNOWN,14859.590327,27445.326509,4954.673491,6667.298569,27996.947907,15448.479162,529.697663,27869.811226,64.080885,6227.186255,-2.408277,0.062388,False,False,False,False,True,True,True,1-circle,1.000000,3470.932663,-21201.670351,-2.095597,-0.219357,100.000000,100.000000,0.000000,0.000000,2,4,4,0.0000,0.0000,0.0000,0.5000,"Accelerate",0.009200
1292,A0100,pursuit_chase_v1,UNKNOWN,14860.835351,27477.773107,4922.226893,6680.258078,28039.687373,15448.651082,529.984141,27883.422486,272.225203,6257.323192,-4.789245,0.021320,False,False,False,False,True,True,True,1-circle,1.000000,3474.579828,-20990.108338,-0.716758,-0.192733,100.000000,100.000000,0.000000,0.000000,2,5,4,0.0000,0.0000,0.0000,0.5000,"PursuitChaseOptimal",0.007857
1292,B0100,aggressive,UNKNOWN,14860.835351,27477.773107,4922.226893,6680.258078,28039.687373,15448.651082,529.984141,27883.422486,272.225203,6257.323192,-4.789245,0.021320,False,False,False,False,True,True,True,1-circle,1.000000,3474.579828,-20990.108338,-0.716758,-0.192733,100.000000,100.000000,0.000000,0.000000,2,4,4,0.0000,0.0000,0.0000,0.5000,"Accelerate",-0.009019
1293,A0100,pursuit_chase_v1,UNKNOWN,14860.835351,27477.773107,4922.226893,6680.258078,28039.687373,15448.651082,529.984141,27883.422486,272.225203,6257.323192,-4.789245,0.021320,False,False,False,False,True,True,True,1-circle,1.000000,3474.579828,-20990.108338,-0.716758,-0.192733,100.000000,100.000000,0.000000,0.000000,2,5,4,0.0000,0.0000,0.0000,0.5000,"PursuitChaseOptimal",0.017518
1293,B0100,aggressive,UNKNOWN,14860.835351,27477.773107,4922.226893,6680.258078,28039.687373,15448.651082,529.984141,27883.422486,272.225203,6257.323192,-4.789245,0.021320,False,False,False,False,True,True,True,1-circle,1.000000,3474.579828,-20990.108338,-0.716758,-0.192733,100.000000,100.000000,0.000000,0.000000,2,4,4,0.0000,0.0000,0.0000,0.5000,"Accelerate",-0.017827
1294,A0100,pursuit_chase_v1,UNKNOWN,14862.427603,27515.090975,4884.909025,6700.894078,28084.316510,15448.746682,530.140864,27890.873430,149.018881,6261.437472,-7.499621,0.013683,False,False,False,False,True,True,True,1-circle,1.000000,3477.820673,-20980.623523,-0.460171,-0.451015,100.000000,100.000000,0.000000,0.000000,2,5,4,0.0000,0.0000,0.0000,0.5000,"PursuitChaseOptimal",0.014597
1294,B0100,aggressive,UNKNOWN,14862.427603,27515.090975,4884.909025,6700.894078,28084.316510,15448.746682,530.140864,27890.873430,149.018881,6261.437472,-7.499621,0.013683,False,False,False,False,True,True,True,1-circle,1.000000,3477.820673,-20980.623523,-0.460171,-0.451015,100.000000,100.000000,0.000000,0.000000,2,4,4,0.0000,0.0000,0.0000,0.5000,"Accelerate",-0.015158
1295,A0100,pursuit_chase_v1,UNKNOWN,14862.427603,27515.090975,4884.909025,6700.894078,28084.316510,15448.746682,530.140864,27890.873430,149.018881,6261.437472,-7.499621,0.013683,False,False,False,False,True,True,True,1-circle,1.000000,3477.820673,-20980.623523,-0.460171,-0.451015,100.000000,100.000000,0.000000,0.000000,2,5,4,0.0000,0.0000,0.0000,0.5000,"PursuitChaseOptimal",-0.000924
1295,B0100,aggressive,UNKNOWN,14862.427603,27515.090975,4884.909025,6700.894078,28084.316510,15448.746682,530.140864,27890.873430,149.018881,6261.437472,-7.499621,0.013683,False,False,False,False,True,True,True,1-circle,1.000000,3477.820673,-20980.623523,-0.460171,-0.451015,100.000000,100.000000,0.000000,0.000000,2,4,4,0.0000,0.0000,0.0000,0.5000,"Accelerate",-0.000805
1296,A0100,pursuit_chase_v1,UNKNOWN,14864.338442,27553.844927,4846.155073,6732.951233,28128.714386,15448.885785,530.265318,27896.854970,119.630800,6257.546485,-10.401673,0.056393,False,False,False,False,True,True,True,1-circle,1.000000,3480.265141,-21275.493414,-1.896253,-0.216768,100.000000,100.000000,0.000000,0.000000,2,5,4,0.0000,0.0000,0.0000,0.5000,"PursuitChaseOptimal",-0.012961
1296,B0100,aggressive,UNKNOWN,14864.338442,27553.844927,4846.155073,6732.951233,28128.714386,15448.885785,530.265318,27896.854970,119.630800,6257.546485,-10.401673,0.056393,False,False,False,False,True,True,True,1-circle,1.000000,3480.265141,-21275.493414,-1.896253,-0.216768,100.000000,100.000000,0.000000,0.000000,2,4,4,0.0000,0.0000,0.0000,0.5000,"Accelerate",0.009665
1297,A0100,pursuit_chase_v1,UNKNOWN,14864.338442,27553.844927,4846.155073,6732.951233,28128.714386,15448.885785,530.265318,27896.854970,119.630800,6257.546485,-10.401673,0.056393,False,False,False,False,True,True,True,1-circle,1.000000,3480.265141,-21275.493414,-1.896253,-0.216768,100.000000,100.000000,0.000000,0.000000,2,5,4,0.0000,0.0000,0.0000,0.5000,"PursuitChaseOptimal",-0.028035
1297,B0100,aggressive,UNKNOWN,14864.338442,27553.844927,4846.155073,6732.951233,28128.714386,15448.885785,530.265318,27896.854970,119.630800,6257.546485,-10.401673,0.056393,False,False,False,False,True,True,True,1-circle,1.000000,3480.265141,-21275.493414,-1.896253,-0.216768,100.000000,100.000000,0.000000,0.000000,2,4,4,0.0000,0.0000,0.0000,0.5000,"Accelerate",0.023831
1298,A0100,pursuit_chase_v1,UNKNOWN,14866.571292,27587.462197,4812.537803,6732.660584,28173.727110,15448.948277,530.536018,27909.630050,255.501608,6262.440082,-12.275878,0.012215,False,False,False,False,True,True,True,1-circle,1.000000,3482.241958,-20896.597449,0.411064,-0.386663,100.000000,100.000000,0.000000,0.000000,2,5,4,0.0000,0.0000,0.0000,0.5000,"PursuitChaseOptimal",-0.022731
1298,B0100,aggressive,UNKNOWN,14866.571292,27587.462197,4812.537803,6732.660584,28173.727110,15448.948277,530.536018,27909.630050,255.501608,6262.440082,-12.275878,0.012215,False,False,False,False,True,True,True,1-circle,1.000000,3482.241958,-20896.597449,0.411064,-0.386663,100.000000,100.000000,0.000000,0.000000,2,4,4,0.0000,0.0000,0.0000,0.5000,"Accelerate",0.019057
1299,A0100,pursuit_chase_v1,UNKNOWN,14866.571292,27587.462197,4812.537803,6732.660584,28173.727110,15448.948277,530.536018,27909.630050,255.501608,6262.440082,-12.275878,0.012215,False,False,False,False,True,True,True,1-circle,1.000000,3482.241958,-20896.597449,0.411064,-0.386663,100.000000,100.000000,0.000000,0.000000,2,5,4,0.0000,0.0000,0.0000,0.5000,"PursuitChaseOptimal",-0.011260
1299,B0100,aggressive,UNKNOWN,14866.571292,27587.462197,4812.537803,6732.660584,28173.727110,15448.948277,530.536018,27909.630050,255.501608,6262.440082,-12.275878,0.012215,False,False,False,False,True,True,True,1-circle,1.000000,3482.241958,-20896.597449,0.411064,-0.386663,100.000000,100.000000,0.000000,0.000000,2,4,4,0.0000,0.0000,0.0000,0.5000,"Accelerate",0.008553
1300,A0100,pursuit_chase_v1,UNKNOWN,14868.995041,27631.677926,4768.322074,6666.993283,28222.210941,15448.999330,530.570181,27911.285947,33.117934,6244.578257,-12.555096,0.056384,False,False,False,False,True,True,True,1-circle,1.000000,3484.292927,-21348.916064,-1.896982,-0.422750,100.000000,100.000000,0.000000,0.000000,2,5,4,0.0000,0.0000,0.0000,0.5000,"PursuitChaseOptimal",-0.003596
1300,B0100,aggressive,UNKNOWN,14868.995041,27631.677926,4768.322074,6666.993283,28222.210941,15448.999330,530.570181,27911.285947,33.117934,6244.578257,-12.555096,0.056384,False,False,False,False,True,True,True,1-circle,1.000000,3484.292927,-21348.916064,-1.896982,-0.422750,100.000000,100.000000,0.000000,0.000000,2,4,4,0.0000,0.0000,0.0000,0.5000,"Accelerate",0.001692
1301,A0100,pursuit_chase_v1,UNKNOWN,14868.995041,27631.677926,4768.322074,6666.993283,28222.210941,15448.999330,530.570181,27911.285947,33.117934,6244.578257,-12.555096,0.056384,False,False,False,False,True,True,True,1-circle,1.000000,3484.292927,-21348.916064,-1.896982,-0.422750,100.000000,100.000000,0.000000,0.000000,2,5,4,0.0000,0.0000,0.0000,0.5000,"PursuitChaseOptimal",0.002613
1301,B0100,aggressive,UNKNOWN,14868.995041,27631.677926,4768.322074,6666.993283,28222.210941,15448.999330,530.570181,27911.285947,33.117934,6244.578257,-12.555096,0.056384,False,False,False,False,True,True,True,1-circle,1.000000,3484.292927,-21348.916064,-1.896982,-0.422750,100.000000,100.000000,0.000000,0.000000,2,4,4,0.0000,0.0000,0.0000,0.5000,"Accelerate",-0.004527
1302,A0100,pursuit_chase_v1,UNKNOWN,14871.484411,27663.280208,4736.719792,6570.532982,28264.732252,15449.052121,530.817304,27922.950495,233.290959,6246.308571,-12.064166,0.013704,False,False,False,False,True,True,True,1-circle,1.000000,3486.740218,-21128.004290,-0.461418,-0.280854,100.000000,100.000000,0.000000,0.000000,2,5,4,0.0000,0.0000,0.0000,0.5000,"PursuitChaseOptimal",0.008214
1302,B0100,aggressive,UNKNOWN,14871.484411,27663.280208,4736.719792,6570.532982,28264.732252,15449.052121,530.817304,27922.950495,233.290959,6246.308571,-12.064166,0.013704,False,False,False,False,True,True,True,1-circle,1.000000,3486.740218,-21128.004290,-0.461418,-0.280854,100.000000,100.000000,0.000000,0.000000,2,4,4,0.0000,0.0000,0.0000,0.5000,"Accelerate",-0.009300
1303,A0100,pursuit_chase_v1,UNKNOWN,14871.484411,27663.280208,4736.719792,6570.532982,28264.732252,15449.052121,530.817304,27922.950495,233.290959,6246.308571,-12.064166,0.013704,False,False,False,False,True,True,True,1-circle,1.000000,3486.740218,-21128.004290,-0.461418,-0.280854,100.000000,100.000000,0.000000,0.000000,2,5,4,0.0000,0.0000,0.0000,0.5000,"PursuitChaseOptimal",0.013387
1303,B0100,aggressive,UNKNOWN,14871.484411,27663.280208,4736.719792,6570.532982,28264.732252,15449.052121,530.817304,27922.950495,233.290959,6246.308571,-12.064166,0.013704,False,False,False,False,True,True,True,1-circle,1.000000,3486.740218,-21128.004290,-0.461418,-0.280854,100.000000,100.000000,0.000000,0.000000,2,4,4,0.0000,0.0000,0.0000,0.5000,"Accelerate",-0.013962
1304,A0100,pursuit_chase_v1,UNKNOWN,14874.028085,27699.213047,4700.786953,6450.745036,28308.328980,15449.024494,530.965455,27929.886765,138.725399,6258.529681,-11.536964,0.005444,False,False,False,False,True,True,True,1-circle,1.000000,3489.804868,-21116.176136,-0.183351,-0.538581,100.000000,100.000000,0.000000,0.000000,2,5,4,0.0000,0.0000,0.0000,0.5000,"PursuitChaseOptimal",0.018688
1304,B0100,aggressive,UNKNOWN,14874.028085,27699.213047,4700.786953,6450.745036,28308.328980,15449.024494,530.965455,27929.886765,138.725399,6258.529681,-11.536964,0.005444,False,False,False,False,True,True,True,1-circle,1.000000,3489.804868,-21116.176136,-0.183351,-0.538581,100.000000,100.000000,0.000000,0.000000,2,4,4,0.0000,0.0000,0.0000,0.5000,"Accelerate",-0.018791
1305,A0100,pursuit_chase_v1,UNKNOWN,14874.028085,27699.213047,4700.786953,6450.745036,28308.328980,15449.024494,530.965455,27929.886765,138.725399,6258.529681,-11.536964,0.005444,False,False,False,False,True,True,True,1-circle,1.000000,3489.804868,-21116.176136,-0.183351,-0.538581,100.000000,100.000000,0.000000,0.000000,2,5,4,0.0000,0.0000,0.0000,0.5000,"PursuitChaseOptimal",0.023283
1305,B0100,aggressive,UNKNOWN,14874.028085,27699.213047,4700.786953,6450.745036,28308.328980,15449.024494,530.965455,27929.886765,138.725399,6258.529681,-11.536964,0.005444,False,False,False,False,True,True,True,1-circle,1.000000,3489.804868,-21116.176136,-0.183351,-0.538581,100.000000,100.000000,0.000000,0.000000,2,4,4,0.0000,0.0000,0.0000,0.5000,"Accelerate",-0.022808
1306,A0100,pursuit_chase_v1,UNKNOWN,14876.620371,27735.272107,4664.727893,6316.906414,28350.521717,15449.041476,531.080228,27935.300025,108.265209,6282.223090,-11.060166,0.047377,False,False,False,False,True,True,True,1-circle,1.000000,3493.396402,-21409.095613,-1.595544,-0.295709,100.000000,100.000000,0.000000,0.000000,2,5,4,0.0000,0.0000,0.0000,0.5000,"PursuitChaseOptimal",0.027875
1306,B0100,aggressive,UNKNOWN,14876.620371,27735.272107,4664.727893,6316.906414,28350.521717,15449.041476,531.080228,27935.300025,108.265209,6282.223090,-11.060166,0.047377,False,False,False,False,True,True,True,1-circle,1.000000,3493.396402,-21409.095613,-1.595544,-0.295709,100.000000,100.000000,0.000000,0.000000,2,4,4,0.0000,0.0000,0.0000,0.5000,"Accelerate",-0.027493
1307,A0100,pursuit_chase_v1,UNKNOWN,14876.620371,27735.272107,4664.727893,6316.906414,28350.521717,15449.041476,531.080228,27935.300025,108.265209,6282.223090,-11.060166,0.047377,False,False,False,False,True,True,True,1-circle,1.000000,3493.396402,-21409.095613,-1.595544,-0.295709,100.000000,100.000000,0.000000,0.000000,2,5,4,0.0000,0.0000,0.0000,0.5000,"PursuitChaseOptimal",0.032687
1307,B0100,aggressive,UNKNOWN,14876.620371,27735.272107,4664.727893,6316.906414,28350.521717,15449.041476,531.080228,27935.300025,108.265209,6282.223090,-11.060166,0.047377,False,False,False,False,True,True,True,1-circle,1.000000,3493.396402,-21409.095613,-1.595544,-0.295709,100.000000,100.000000,0.000000,0.000000,2,4,4,0.0000,0.0000,0.0000,0.5000,"Accelerate",-0.031476
1308,A0100,pursuit_chase_v1,UNKNOWN,14879.274273,27764.688850,4635.311150,6172.803586,28392.307903,15448.983135,531.342533,27947.578880,245.577094,6319.429993,-10.569822,0.021988,False,False,False,False,True,True,True,1-circle,1.000000,3497.624863,-21027.811991,0.740981,-0.464006,100.000000,100.000000,0.000000,0.000000,2,5,4,0.0000,0.0000,0.0000,0.5000,"PursuitChaseOptimal",0.037559
1308,B0100,aggressive,UNKNOWN,14879.274273,27764.688850,4635.311150,6172.803586,28392.307903,15448.983135,531.342533,27947.578880,245.577094,6319.429993,-10.569822,0.021988,False,False,False,False,True,True,True,1-circle,1.000000,3497.624863,-21027.811991,0.740981,-0.464006,100.000000,100.000000,0.000000,0.000000,2,4,4,0.0000,0.0000,0.0000,0.5000,"Accelerate",-0.035775
1309,A0100,pursuit_chase_v1,UNKNOWN,14879.274273,27764.688850,4635.311150,6172.803586,28392.307903,15448.983135,531.342533,27947.578880,245.577094,6319.429993,-10.569822,0.021988,False,False,False,False,True,True,True,1-circle,1.000000,3497.624863,-21027.811991,0.740981,-0.464006,100.000000,100.000000,0.000000,0.000000,2,5,4,0.0000,0.0000,0.0000,0.5000,"PursuitChaseOptimal",0.042502
1309,B0100,aggressive,UNKNOWN,14879.274273,27764.688850,4635.311150,6172.803586,28392.307903,15448.983135,531.342533,27947.578880,245.577094,6319.429993,-10.569822,0.021988,False,False,False,False,True,True,True,1-circle,1.000000,3497.624863,-21027.811991,0.740981,-0.464006,100.000000,100.000000,0.000000,0.000000,2,4,4,0.0000,0.0000,0.0000,0.5000,"Accelerate",-0.040176
1310,A0100,pursuit_chase_v1,UNKNOWN,14881.981010,27804.065525,4595.934475,6015.088761,28436.638954,15448.914403,531.369064,27948.758340,23.589196,6346.788742,-10.213635,0.046187,False,False,False,False,True,True,True,1-circle,1.000000,3502.387011,-21480.962577,-1.556268,-0.496247,100.000000,100.000000,0.000000,0.000000,2,4,4,0.0000,0.0000,0.0000,0.5000,"PursuitChaseOptimal",0.052724
1310,B0100,aggressive,UNKNOWN,14881.981010,27804.065525,4595.934475,6015.088761,28436.638954,15448.914403,531.369064,27948.758340,23.589196,6346.788742,-10.213635,0.046187,False,False,False,False,True,True,True,1-circle,1.000000,3502.387011,-21480.962577,-1.556268,-0.496247,100.000000,100.000000,0.000000,0.000000,2,4,4,0.0000,0.0000,0.0000,0.5000,"Accelerate",-0.049197
1311,A0100,pursuit_chase_v1,UNKNOWN,14881.981010,27804.065525,4595.934475,6015.088761,28436.638954,15448.914403,531.369064,27948.758340,23.589196,6346.788742,-10.213635,0.046187,False,False,False,False,True,True,True,1-circle,1.000000,3502.387011,-21480.962577,-1.556268,-0.496247,100.000000,100.000000,0.000000,0.000000,2,4,4,0.0000,0.0000,0.0000,0.5000,"PursuitChaseOptimal",0.048344
1311,B0100,aggressive,UNKNOWN,14881.981010,27804.065525,4595.934475,6015.088761,28436.638954,15448.914403,531.369064,27948.758340,23.589196,6346.788742,-10.213635,0.046187,False,False,False,False,True,True,True,1-circle,1.000000,3502.387011,-21480.962577,-1.556268,-0.496247,100.000000,100.000000,0.000000,0.000000,2,4,4,0.0000,0.0000,0.0000,0.5000,"Accelerate",-0.045624
1312,A0100,pursuit_chase_v1,UNKNOWN,14884.733339,27830.108307,4569.891693,5854.835109,28474.472389,15448.849073,531.608363,27959.954033,223.913863,6389.799759,-9.783669,0.002678,False,False,False,False,True,True,True,1-circle,1.000000,3507.606217,-21256.923248,-0.090290,-0.353212,100.000000,100.000000,0.000000,0.000000,2,4,4,0.0000,0.0000,0.0000,0.5000,"PursuitChaseOptimal",0.046311
1312,B0100,aggressive,UNKNOWN,14884.733339,27830.108307,4569.891693,5854.835109,28474.472389,15448.849073,531.608363,27959.954033,223.913863,6389.799759,-9.783669,0.002678,False,False,False,False,True,True,True,1-circle,1.000000,3507.606217,-21256.923248,-0.090290,-0.353212,100.000000,100.000000,0.000000,0.000000,2,4,4,0.0000,0.0000,0.0000,0.5000,"Accelerate",-0.043268
1313,A0100,pursuit_chase_v1,UNKNOWN,14884.733339,27830.108307,4569.891693,5854.835109,28474.472389,15448.849073,531.608363,27959.954033,223.913863,6389.799759,-9.783669,0.002678,False,False,False,False,True,True,True,1-circle,1.000000,3507.606217,-21256.923248,-0.090290,-0.353212,100.000000,100.000000,0.000000,0.000000,2,4,4,0.0000,0.0000,0.0000,0.5000,"PursuitChaseOptimal",0.031074
1313,B0100,aggressive,UNKNOWN,14884.733339,27830.108307,4569.891693,5854.835109,28474.472389,15448.849073,531.608363,27959.954033,223.913863,6389.799759,-9.783669,0.002678,False,False,False,False,True,True,True,1-circle,1.000000,3507.606217,-21256.923248,-0.090290,-0.353212,100.000000,100.000000,0.000000,0.000000,2,4,4,0.0000,0.0000,0.0000,0.5000,"Accelerate",-0.029255
1314,A0100,pursuit_chase_v1,UNKNOWN,14887.544803,27862.358876,4537.641124,5701.518838,28512.936076,15448.719792,531.710698,27964.641973,93.758800,6422.717451,-9.549455,0.005965,False,False,False,False,True,True,True,1-circle,1.000000,3513.314175,-21244.494752,0.201160,-0.471705,100.000000,100.000000,0.000000,0.000000,2,4,4,0.0000,0.0000,0.0000,0.5000,"PursuitChaseOptimal",0.016318
1314,B0100,aggressive,UNKNOWN,14887.544803,27862.358876,4537.641124,5701.518838,28512.936076,15448.719792,531.710698,27964.641973,93.758800,6422.717451,-9.549455,0.005965,False,False,False,False,True,True,True,1-circle,1.000000,3513.314175,-21244.494752,0.201160,-0.471705,100.000000,100.000000,0.000000,0.000000,2,4,4,0.0000,0.0000,0.0000,0.5000,"Accelerate",-0.015973
1315,A0100,pursuit_chase_v1,UNKNOWN,14887.544803,27862.358876,4537.641124,5701.518838,28512.936076,15448.719792,531.710698,27964.641973,93.758800,6422.717451,-9.549455,0.005965,False,False,False,False,True,True,True,1-circle,1.000000,3513.314175,-21244.494752,0.201160,-0.471705,100.000000,100.000000,0.000000,0.000000,2,4,4,0.0000,0.0000,0.0000,0.5000,"PursuitChaseOptimal",0.004431
1315,B0100,aggressive,UNKNOWN,14887.544803,27862.358876,4537.641124,5701.518838,28512.936076,15448.719792,531.710698,27964.641973,93.758800,6422.717451,-9.549455,0.005965,False,False,False,False,True,True,True,1-circle,1.000000,3513.314175,-21244.494752,0.201160,-0.471705,100.000000,100.000000,0.000000,0.000000,2,4,4,0.0000,0.0000,0.0000,0.5000,"Accelerate",-0.005087
1316,A0100,pursuit_chase_v1,UNKNOWN,14890.446153,27894.831791,4505.168209,5581.055139,28549.841055,15448.680520,531.870431,27972.123754,149.635620,6461.029920,-9.810681,0.035336,False,False,False,False,True,True,True,1-circle,1.000000,3519.336633,-21535.311522,-1.191806,-0.161057,100.000000,100.000000,0.000000,0.000000,2,4,4,0.0000,0.0000,0.0000,0.5000,"PursuitChaseOptimal",-0.004419
1316,B0100,aggressive,UNKNOWN,14890.446153,27894.831791,4505.168209,5581.055139,28549.841055,15448.680520,531.870431,27972.123754,149.635620,6461.029920,-9.810681,0.035336,False,False,False,False,True,True,True,1-circle,1.000000,3519.336633,-21535.311522,-1.191806,-0.161057,100.000000,100.000000,0.000000,0.000000,2,4,4,0.0000,0.0000,0.0000,0.5000,"Accelerate",0.002335
1317,A0100,pursuit_chase_v1,UNKNOWN,14890.446153,27894.831791,4505.168209,5581.055139,28549.841055,15448.680520,531.870431,27972.123754,149.635620,6461.029920,-9.810681,0.035336,False,False,False,False,True,True,True,1-circle,1.000000,3519.336633,-21535.311522,-1.191806,-0.161057,100.000000,100.000000,0.000000,0.000000,2,4,4,0.0000,0.0000,0.0000,0.5000,"PursuitChaseOptimal",-0.010996
1317,B0100,aggressive,UNKNOWN,14890.446153,27894.831791,4505.168209,5581.055139,28549.841055,15448.680520,531.870431,27972.123754,149.635620,6461.029920,-9.810681,0.035336,False,False,False,False,True,True,True,1-circle,1.000000,3519.336633,-21535.311522,-1.191806,-0.161057,100.000000,100.000000,0.000000,0.000000,2,4,4,0.0000,0.0000,0.0000,0.5000,"Accelerate",0.008649
1318,A0100,pursuit_chase_v1,UNKNOWN,14893.491819,27921.015630,4478.984370,5493.279120,28586.676681,15448.610325,532.115104,27983.578388,229.092671,6492.797962,-10.164344,0.034323,False,False,False,False,True,True,True,1-circle,1.000000,3525.725015,-21152.707636,1.158149,-0.371529,100.000000,100.000000,0.000000,0.000000,2,4,4,0.0000,0.0000,0.0000,0.5000,"PursuitChaseOptimal",-0.015320
1318,B0100,aggressive,UNKNOWN,14893.491819,27921.015630,4478.984370,5493.279120,28586.676681,15448.610325,532.115104,27983.578388,229.092671,6492.797962,-10.164344,0.034323,False,False,False,False,True,True,True,1-circle,1.000000,3525.725015,-21152.707636,1.158149,-0.371529,100.000000,100.000000,0.000000,0.000000,2,4,4,0.0000,0.0000,0.0000,0.5000,"Accelerate",0.012734
1319,A0100,pursuit_chase_v1,UNKNOWN,14893.491819,27921.015630,4478.984370,5493.279120,28586.676681,15448.610325,532.115104,27983.578388,229.092671,6492.797962,-10.164344,0.034323,False,False,False,False,True,True,True,1-circle,1.000000,3525.725015,-21152.707636,1.158149,-0.371529,100.000000,100.000000,0.000000,0.000000,2,4,4,0.0000,0.0000,0.0000,0.5000,"PursuitChaseOptimal",-0.016210
1319,B0100,aggressive,UNKNOWN,14893.491819,27921.015630,4478.984370,5493.279120,28586.676681,15448.610325,532.115104,27983.578388,229.092671,6492.797962,-10.164344,0.034323,False,False,False,False,True,True,True,1-circle,1.000000,3525.725015,-21152.707636,1.158149,-0.371529,100.000000,100.000000,0.000000,0.000000,2,4,4,0.0000,0.0000,0.0000,0.5000,"Accelerate",0.013488
1320,A0100,pursuit_chase_v1,UNKNOWN,14896.664798,27959.160657,4440.839343,5428.160874,28626.320446,15448.596308,532.168803,27986.094429,50.320835,6504.112604,-10.847788,0.033427,False,False,False,False,True,True,True,1-circle,1.000000,3532.315939,-21604.854411,-1.128012,-0.188341,100.000000,100.000000,0.000000,0.000000,2,4,4,0.0000,0.0000,0.0000,0.5000,"PursuitChaseOptimal",-0.014497
1320,B0100,aggressive,UNKNOWN,14896.664798,27959.160657,4440.839343,5428.160874,28626.320446,15448.596308,532.168803,27986.094429,50.320835,6504.112604,-10.847788,0.033427,False,False,False,False,True,True,True,1-circle,1.000000,3532.315939,-21604.854411,-1.128012,-0.188341,100.000000,100.000000,0.000000,0.000000,2,4,4,0.0000,0.0000,0.0000,0.5000,"Accelerate",0.012013
1321,A0100,pursuit_chase_v1,UNKNOWN,14896.664798,27959.160657,4440.839343,5428.160874,28626.320446,15448.596308,532.168803,27986.094429,50.320835,6504.112604,-10.847788,0.033427,False,False,False,False,True,True,True,1-circle,1.000000,3532.315939,-21604.854411,-1.128012,-0.188341,100.000000,100.000000,0.000000,0.000000,2,4,4,0.0000,0.0000,0.0000,0.5000,"PursuitChaseOptimal",-0.011553
1321,B0100,aggressive,UNKNOWN,14896.664798,27959.160657,4440.839343,5428.160874,28626.320446,15448.596308,532.168803,27986.094429,50.320835,6504.112604,-10.847788,0.033427,False,False,False,False,True,True,True,1-circle,1.000000,3532.315939,-21604.854411,-1.128012,-0.188341,100.000000,100.000000,0.000000,0.000000,2,4,4,0.0000,0.0000,0.0000,0.5000,"Accelerate",0.008972
1322,A0100,pursuit_chase_v1,UNKNOWN,14899.999116,27983.754238,4416.245762,5401.921768,28660.188544,15448.649858,532.430297,27998.472242,247.556258,6524.234390,-11.775817,0.008253,False,False,False,False,True,True,True,1-circle,1.000000,3538.945669,-21392.514556,0.278676,-0.122188,100.000000,100.000000,0.000000,0.000000,2,4,4,0.0000,0.0000,0.0000,0.5000,"PursuitChaseOptimal",-0.006099
1322,B0100,aggressive,UNKNOWN,14899.999116,27983.754238,4416.245762,5401.921768,28660.188544,15448.649858,532.430297,27998.472242,247.556258,6524.234390,-11.775817,0.008253,False,False,False,False,True,True,True,1-circle,1.000000,3538.945669,-21392.514556,0.278676,-0.122188,100.000000,100.000000,0.000000,0.000000,2,4,4,0.0000,0.0000,0.0000,0.5000,"Accelerate",0.004338
1323,A0100,pursuit_chase_v1,UNKNOWN,14899.999116,27983.754238,4416.245762,5401.921768,28660.188544,15448.649858,532.430297,27998.472242,247.556258,6524.234390,-11.775817,0.008253,False,False,False,False,True,True,True,1-circle,1.000000,3538.945669,-21392.514556,0.278676,-0.122188,100.000000,100.000000,0.000000,0.000000,2,4,4,0.0000,0.0000,0.0000,0.5000,"PursuitChaseOptimal",0.000400
1323,B0100,aggressive,UNKNOWN,14899.999116,27983.754238,4416.245762,5401.921768,28660.188544,15448.649858,532.430297,27998.472242,247.556258,6524.234390,-11.775817,0.008253,False,False,False,False,True,True,True,1-circle,1.000000,3538.945669,-21392.514556,0.278676,-0.122188,100.000000,100.000000,0.000000,0.000000,2,4,4,0.0000,0.0000,0.0000,0.5000,"Accelerate",-0.001370
1324,A0100,pursuit_chase_v1,UNKNOWN,14903.521565,28014.804690,4385.195310,5398.088170,28695.774704,15448.682009,532.525569,28002.996050,90.476145,6536.759335,-13.205145,0.019807,False,False,False,False,True,True,True,1-circle,1.000000,3545.508933,-21363.426055,0.668882,-0.267685,100.000000,100.000000,0.000000,0.000000,2,4,4,0.0000,0.0000,0.0000,0.5000,"PursuitChaseOptimal",0.006487
1324,B0100,aggressive,UNKNOWN,14903.521565,28014.804690,4385.195310,5398.088170,28695.774704,15448.682009,532.525569,28002.996050,90.476145,6536.759335,-13.205145,0.019807,False,False,False,False,True,True,True,1-circle,1.000000,3545.508933,-21363.426055,0.668882,-0.267685,100.000000,100.000000,0.000000,0.000000,2,4,4,0.0000,0.0000,0.0000,0.5000,"Accelerate",-0.006930
1325,A0100,pursuit_chase_v1,UNKNOWN,14903.521565,28014.804690,4385.195310,5398.088170,28695.774704,15448.682009,532.525569,28002.996050,90.476145,6536.759335,-13.205145,0.019807,False,False,False,False,True,True,True,1-circle,1.000000,3545.508933,-21363.426055,0.668882,-0.267685,100.000000,100.000000,0.000000,0.000000,2,4,4,0.0000,0.0000,0.0000,0.5000,"PursuitChaseOptimal",0.011707
1325,B0100,aggressive,UNKNOWN,14903.521565,28014.804690,4385.195310,5398.088170,28695.774704,15448.682009,532.525569,28002.996050,90.476145,6536.759335,-13.205145,0.019807,False,False,False,False,True,True,True,1-circle,1.000000,3545.508933,-21363.426055,0.668882,-0.267685,100.000000,100.000000,0.000000,0.000000,2,4,4,0.0000,0.0000,0.0000,0.5000,"Accelerate",-0.011609
1326,A0100,pursuit_chase_v1,UNKNOWN,14907.257171,28047.330966,4352.669034,5409.256040,28731.760272,15448.833493,532.688944,28010.851875,157.116506,6559.712002,-15.197721,0.021970,False,False,False,False,True,True,True,1-circle,1.000000,3551.668762,-21658.532742,-0.742127,0.019618,100.000000,100.000000,0.000000,0.000000,2,4,4,0.0000,0.0000,0.0000,0.5000,"PursuitChaseOptimal",0.016052
1326,B0100,aggressive,UNKNOWN,14907.257171,28047.330966,4352.669034,5409.256040,28731.760272,15448.833493,532.688944,28010.851875,157.116506,6559.712002,-15.197721,0.021970,False,False,False,False,True,True,True,1-circle,1.000000,3551.668762,-21658.532742,-0.742127,0.019618,100.000000,100.000000,0.000000,0.000000,2,4,4,0.0000,0.0000,0.0000,0.5000,"Accelerate",-0.015637
1327,A0100,pursuit_chase_v1,UNKNOWN,14907.257171,28047.330966,4352.669034,5409.256040,28731.760272,15448.833493,532.688944,28010.851875,157.116506,6559.712002,-15.197721,0.021970,False,False,False,False,True,True,True,1-circle,1.000000,3551.668762,-21658.532742,-0.742127,0.019618,100.000000,100.000000,0.000000,0.000000,2,4,4,0.0000,0.0000,0.0000,0.5000,"PursuitChaseOptimal",0.019727
1327,B0100,aggressive,UNKNOWN,14907.257171,28047.330966,4352.669034,5409.256040,28731.760272,15448.833493,532.688944,28010.851875,157.116506,6559.712002,-15.197721,0.021970,False,False,False,False,True,True,True,1-circle,1.000000,3551.668762,-21658.532742,-0.742127,0.019618,100.000000,100.000000,0.000000,0.000000,2,4,4,0.0000,0.0000,0.0000,0.5000,"Accelerate",-0.019006
1328,A0100,pursuit_chase_v1,UNKNOWN,14911.248378,28076.988585,4323.011415,5429.044992,28767.755863,15449.003865,532.853140,28018.767653,158.315557,6587.945934,-17.443056,0.013284,False,False,False,False,True,True,True,1-circle,1.000000,3557.382776,-21646.890116,-0.448867,-0.217706,100.000000,100.000000,0.000000,0.000000,2,4,4,0.0000,0.0000,0.0000,0.5000,"PursuitChaseOptimal",0.021032
1328,B0100,aggressive,UNKNOWN,14911.248378,28076.988585,4323.011415,5429.044992,28767.755863,15449.003865,532.853140,28018.767653,158.315557,6587.945934,-17.443056,0.013284,False,False,False,False,True,True,True,1-circle,1.000000,3557.382776,-21646.890116,-0.448867,-0.217706,100.000000,100.000000,0.000000,0.000000,2,4,4,0.0000,0.0000,0.0000,0.5000,"Accelerate",-0.020299
1329,A0100,pursuit_chase_v1,UNKNOWN,14911.248378,28076.988585,4323.011415,5429.044992,28767.755863,15449.003865,532.853140,28018.767653,158.315557,6587.945934,-17.443056,0.013284,False,False,False,False,True,True,True,1-circle,1.000000,3557.382776,-21646.890116,-0.448867,-0.217706,100.000000,100.000000,0.000000,0.000000,2,4,4,0.0000,0.0000,0.0000,0.5000,"PursuitChaseOptimal",0.016145
1329,B0100,aggressive,UNKNOWN,14911.248378,28076.988585,4323.011415,5429.044992,28767.755863,15449.003865,532.853140,28018.767653,158.315557,6587.945934,-17.443056,0.013284,False,False,False,False,True,True,True,1-circle,1.000000,3557.382776,-21646.890116,-0.448867,-0.217706,100.000000,100.000000,0.000000,0.000000,2,4,4,0.0000,0.0000,0.0000,0.5000,"Accelerate",-0.015853
1330,A0100,pursuit_chase_v1,UNKNOWN,14915.513754,28102.736750,4297.263250,5450.720859,28803.337149,15449.212769,533.000379,28025.924151,143.129974,6615.488628,-19.643791,0.055858,False,False,False,False,True,True,True,1-circle,1.000000,3562.550778,-21946.841954,-1.887284,-0.471117,100.000000,100.000000,0.000000,0.000000,2,4,4,0.0000,0.0000,0.0000,0.5000,"PursuitChaseOptimal",0.006221
1330,B0100,aggressive,UNKNOWN,14915.513754,28102.736750,4297.263250,5450.720859,28803.337149,15449.212769,533.000379,28025.924151,143.129974,6615.488628,-19.643791,0.055858,False,False,False,False,True,True,True,1-circle,1.000000,3562.550778,-21946.841954,-1.887284,-0.471117,100.000000,100.000000,0.000000,0.000000,2,4,4,0.0000,0.0000,0.0000,0.5000,"Accelerate",-0.007442
1331,A0100,pursuit_chase_v1,UNKNOWN,14915.513754,28102.736750,4297.263250,5450.720859,28803.337149,15449.212769,533.000379,28025.924151,143.129974,6615.488628,-19.643791,0.055858,False,False,False,False,True,True,True,1-circle,1.000000,3562.550778,-21946.841954,-1.887284,-0.471117,100.000000,100.000000,0.000000,0.000000,2,4,4,0.0000,0.0000,0.0000,0.5000,"PursuitChaseOptimal",-0.004149
1331,B0100,aggressive,UNKNOWN,14915.513754,28102.736750,4297.263250,5450.720859,28803.337149,15449.212769,533.000379,28025.924151,143.129974,6615.488628,-19.643791,0.055858,False,False,False,False,True,True,True,1-circle,1.000000,3562.550778,-21946.841954,-1.887284,-0.471117,100.000000,100.000000,0.000000,0.000000,2,4,4,0.0000,0.0000,0.0000,0.5000,"Accelerate",0.002194
1332,A0100,pursuit_chase_v1,UNKNOWN,14920.067032,28121.770230,4278.229770,5464.269110,28839.577269,15449.279782,533.262819,28038.379307,249.103117,6648.555679,-21.507636,0.013617,False,False,False,False,True,True,True,1-circle,1.000000,3567.431307,-21565.498223,0.460439,-0.658546,100.000000,100.000000,0.000000,0.000000,2,4,4,0.0000,0.0000,0.0000,0.5000,"PursuitChaseOptimal",-0.015685
1332,B0100,aggressive,UNKNOWN,14920.067032,28121.770230,4278.229770,5464.269110,28839.577269,15449.279782,533.262819,28038.379307,249.103117,6648.555679,-21.507636,0.013617,False,False,False,False,True,True,True,1-circle,1.000000,3567.431307,-21565.498223,0.460439,-0.658546,100.000000,100.000000,0.000000,0.000000,2,4,4,0.0000,0.0000,0.0000,0.5000,"Accelerate",0.012691
1333,A0100,pursuit_chase_v1,UNKNOWN,14920.067032,28121.770230,4278.229770,5464.269110,28839.577269,15449.279782,533.262819,28038.379307,249.103117,6648.555679,-21.507636,0.013617,False,False,False,False,True,True,True,1-circle,1.000000,3567.431307,-21565.498223,0.460439,-0.658546,100.000000,100.000000,0.000000,0.000000,2,4,4,0.0000,0.0000,0.0000,0.5000,"PursuitChaseOptimal",-0.028264
1333,B0100,aggressive,UNKNOWN,14920.067032,28121.770230,4278.229770,5464.269110,28839.577269,15449.279782,533.262819,28038.379307,249.103117,6648.555679,-21.507636,0.013617,False,False,False,False,True,True,True,1-circle,1.000000,3567.431307,-21565.498223,0.460439,-0.658546,100.000000,100.000000,0.000000,0.000000,2,4,4,0.0000,0.0000,0.0000,0.5000,"Accelerate",0.024176
1334,A0100,pursuit_chase_v1,UNKNOWN,14924.872781,28152.782262,4247.217738,5465.121176,28878.590957,15449.270521,533.271057,28038.758994,7.593741,6663.621531,-23.061387,0.055356,False,False,False,False,True,True,True,1-circle,1.000000,3572.152354,-22026.741331,-1.871204,-0.635422,100.000000,100.000000,0.000000,0.000000,2,4,4,0.0000,0.0000,0.0000,0.5000,"PursuitChaseOptimal",-0.037024
1334,B0100,aggressive,UNKNOWN,14924.872781,28152.782262,4247.217738,5465.121176,28878.590957,15449.270521,533.271057,28038.758994,7.593741,6663.621531,-23.061387,0.055356,False,False,False,False,True,True,True,1-circle,1.000000,3572.152354,-22026.741331,-1.871204,-0.635422,100.000000,100.000000,0.000000,0.000000,2,4,4,0.0000,0.0000,0.0000,0.5000,"Accelerate",0.032043
1335,A0100,pursuit_chase_v1,UNKNOWN,14924.872781,28152.782262,4247.217738,5465.121176,28878.590957,15449.270521,533.271057,28038.758994,7.593741,6663.621531,-23.061387,0.055356,False,False,False,False,True,True,True,1-circle,1.000000,3572.152354,-22026.741331,-1.871204,-0.635422,100.000000,100.000000,0.000000,0.000000,2,4,4,0.0000,0.0000,0.0000,0.5000,"PursuitChaseOptimal",-0.040458
1335,B0100,aggressive,UNKNOWN,14924.872781,28152.782262,4247.217738,5465.121176,28878.590957,15449.270521,533.271057,28038.758994,7.593741,6663.621531,-23.061387,0.055356,False,False,False,False,True,True,True,1-circle,1.000000,3572.152354,-22026.741331,-1.871204,-0.635422,100.000000,100.000000,0.000000,0.000000,2,4,4,0.0000,0.0000,0.0000,0.5000,"Accelerate",0.034778
1336,A0100,pursuit_chase_v1,UNKNOWN,14929.924089,28173.645025,4226.354975,5469.909819,28914.568993,15449.220153,533.481811,28048.661586,198.051826,6694.108907,-24.474625,0.011525,False,False,False,False,True,True,True,1-circle,1.000000,3576.864209,-21802.099431,-0.389852,-0.471184,100.000000,100.000000,0.000000,0.000000,2,4,4,0.0000,0.0000,0.0000,0.5000,"PursuitChaseOptimal",-0.024123
1336,B0100,aggressive,UNKNOWN,14929.924089,28173.645025,4226.354975,5469.909819,28914.568993,15449.220153,533.481811,28048.661586,198.051826,6694.108907,-24.474625,0.011525,False,False,False,False,True,True,True,1-circle,1.000000,3576.864209,-21802.099431,-0.389852,-0.471184,100.000000,100.000000,0.000000,0.000000,2,4,4,0.0000,0.0000,0.0000,0.5000,"Accelerate",0.020462
1337,A0100,pursuit_chase_v1,UNKNOWN,14929.924089,28173.645025,4226.354975,5469.909819,28914.568993,15449.220153,533.481811,28048.661586,198.051826,6694.108907,-24.474625,0.011525,False,False,False,False,True,True,True,1-circle,1.000000,3576.864209,-21802.099431,-0.389852,-0.471184,100.000000,100.000000,0.000000,0.000000,2,4,4,0.0000,0.0000,0.0000,0.5000,"PursuitChaseOptimal",-0.012017
1337,B0100,aggressive,UNKNOWN,14929.924089,28173.645025,4226.354975,5469.909819,28914.568993,15449.220153,533.481811,28048.661586,198.051826,6694.108907,-24.474625,0.011525,False,False,False,False,True,True,True,1-circle,1.000000,3576.864209,-21802.099431,-0.389852,-0.471184,100.000000,100.000000,0.000000,0.000000,2,4,4,0.0000,0.0000,0.0000,0.5000,"Accelerate",0.009707
1338,A0100,pursuit_chase_v1,UNKNOWN,14935.260376,28201.713233,4198.286767,5477.084233,28951.109393,15449.067508,533.582467,28053.263854,92.045370,6719.515361,-26.256576,0.003349,False,False,False,False,True,True,True,1-circle,1.000000,3581.590517,-21794.832487,-0.113312,-0.552733,100.000000,100.000000,0.000000,0.000000,2,4,4,0.0000,0.0000,0.0000,0.5000,"PursuitChaseOptimal",-0.000376
1338,B0100,aggressive,UNKNOWN,14935.260376,28201.713233,4198.286767,5477.084233,28951.109393,15449.067508,533.582467,28053.263854,92.045370,6719.515361,-26.256576,0.003349,False,False,False,False,True,True,True,1-circle,1.000000,3581.590517,-21794.832487,-0.113312,-0.552733,100.000000,100.000000,0.000000,0.000000,2,4,4,0.0000,0.0000,0.0000,0.5000,"Accelerate",-0.000904
1339,A0100,pursuit_chase_v1,UNKNOWN,14935.260376,28201.713233,4198.286767,5477.084233,28951.109393,15449.067508,533.582467,28053.263854,92.045370,6719.515361,-26.256576,0.003349,False,False,False,False,True,True,True,1-circle,1.000000,3581.590517,-21794.832487,-0.113312,-0.552733,100.000000,100.000000,0.000000,0.000000,2,4,4,0.0000,0.0000,0.0000,0.5000,"PursuitChaseOptimal",0.007989
1339,B0100,aggressive,UNKNOWN,14935.260376,28201.713233,4198.286767,5477.084233,28951.109393,15449.067508,533.582467,28053.263854,92.045370,6719.515361,-26.256576,0.003349,False,False,False,False,True,True,True,1-circle,1.000000,3581.590517,-21794.832487,-0.113312,-0.552733,100.000000,100.000000,0.000000,0.000000,2,4,4,0.0000,0.0000,0.0000,0.5000,"Accelerate",-0.008448
1340,A0100,pursuit_chase_v1,UNKNOWN,14940.854672,28229.707428,4170.292572,5488.753834,28986.928822,15448.965145,533.703843,28058.896360,112.650117,6742.887850,-28.286961,0.044620,False,False,False,False,True,True,True,1-circle,1.000000,3585.972801,-22088.765175,-1.509622,-0.340405,100.000000,100.000000,0.000000,0.000000,2,4,4,0.0000,0.0000,0.0000,0.5000,"PursuitChaseOptimal",0.014989
1340,B0100,aggressive,UNKNOWN,14940.854672,28229.707428,4170.292572,5488.753834,28986.928822,15448.965145,533.703843,28058.896360,112.650117,6742.887850,-28.286961,0.044620,False,False,False,False,True,True,True,1-circle,1.000000,3585.972801,-22088.765175,-1.509622,-0.340405,100.000000,100.000000,0.000000,0.000000,2,4,4,0.0000,0.0000,0.0000,0.5000,"Accelerate",-0.015261
1341,A0100,pursuit_chase_v1,UNKNOWN,14940.854672,28229.707428,4170.292572,5488.753834,28986.928822,15448.965145,533.703843,28058.896360,112.650117,6742.887850,-28.286961,0.044620,False,False,False,False,True,True,True,1-circle,1.000000,3585.972801,-22088.765175,-1.509622,-0.340405,100.000000,100.000000,0.000000,0.000000,2,4,4,0.0000,0.0000,0.0000,0.5000,"PursuitChaseOptimal",0.012429
1341,B0100,aggressive,UNKNOWN,14940.854672,28229.707428,4170.292572,5488.753834,28986.928822,15448.965145,533.703843,28058.896360,112.650117,6742.887850,-28.286961,0.044620,False,False,False,False,True,True,True,1-circle,1.000000,3585.972801,-22088.765175,-1.509622,-0.340405,100.000000,100.000000,0.000000,0.000000,2,4,4,0.0000,0.0000,0.0000,0.5000,"Accelerate",-0.012546
1342,A0100,pursuit_chase_v1,UNKNOWN,14946.730910,28252.981148,4147.018852,5498.338572,29023.548729,15448.779539,533.940390,28069.891145,219.895708,6773.449817,-30.398601,0.025715,False,False,False,False,True,True,True,1-circle,1.000000,3590.005108,-21703.056094,0.870506,-0.594621,100.000000,100.000000,0.000000,0.000000,2,4,4,0.0000,0.0000,0.0000,0.5000,"PursuitChaseOptimal",-0.013603
1342,B0100,aggressive,UNKNOWN,14946.730910,28252.981148,4147.018852,5498.338572,29023.548729,15448.779539,533.940390,28069.891145,219.895708,6773.449817,-30.398601,0.025715,False,False,False,False,True,True,True,1-circle,1.000000,3590.005108,-21703.056094,0.870506,-0.594621,100.000000,100.000000,0.000000,0.000000,2,4,4,0.0000,0.0000,0.0000,0.5000,"Accelerate",0.011212
1343,A0100,pursuit_chase_v1,UNKNOWN,14946.730910,28252.981148,4147.018852,5498.338572,29023.548729,15448.779539,533.940390,28069.891145,219.895708,6773.449817,-30.398601,0.025715,False,False,False,False,True,True,True,1-circle,1.000000,3590.005108,-21703.056094,0.870506,-0.594621,100.000000,100.000000,0.000000,0.000000,2,4,4,0.0000,0.0000,0.0000,0.5000,"PursuitChaseOptimal",-0.026631
1343,B0100,aggressive,UNKNOWN,14946.730910,28252.981148,4147.018852,5498.338572,29023.548729,15448.779539,533.940390,28069.891145,219.895708,6773.449817,-30.398601,0.025715,False,False,False,False,True,True,True,1-circle,1.000000,3590.005108,-21703.056094,0.870506,-0.594621,100.000000,100.000000,0.000000,0.000000,2,4,4,0.0000,0.0000,0.0000,0.5000,"Accelerate",0.022996
1344,A0100,pursuit_chase_v1,UNKNOWN,14952.852576,28290.622185,4109.377815,5504.495186,29063.750826,15448.620052,533.992396,28072.190360,45.984298,6781.833644,-32.223187,0.042549,False,False,False,False,True,True,True,1-circle,1.000000,3593.659162,-22161.785770,-1.440281,-0.336575,100.000000,100.000000,0.000000,0.000000,2,5,4,0.0000,0.0000,0.0000,0.5000,"PursuitChaseOptimal",-0.035233
1344,B0100,aggressive,UNKNOWN,14952.852576,28290.622185,4109.377815,5504.495186,29063.750826,15448.620052,533.992396,28072.190360,45.984298,6781.833644,-32.223187,0.042549,False,False,False,False,True,True,True,1-circle,1.000000,3593.659162,-22161.785770,-1.440281,-0.336575,100.000000,100.000000,0.000000,0.000000,2,4,4,0.0000,0.0000,0.0000,0.5000,"Accelerate",0.030955
1345,A0100,pursuit_chase_v1,UNKNOWN,14952.852576,28290.622185,4109.377815,5504.495186,29063.750826,15448.620052,533.992396,28072.190360,45.984298,6781.833644,-32.223187,0.042549,False,False,False,False,True,True,True,1-circle,1.000000,3593.659162,-22161.785770,-1.440281,-0.336575,100.000000,100.000000,0.000000,0.000000,2,5,4,0.0000,0.0000,0.0000,0.5000,"PursuitChaseOptimal",-0.020636
1345,B0100,aggressive,UNKNOWN,14952.852576,28290.622185,4109.377815,5504.495186,29063.750826,15448.620052,533.992396,28072.190360,45.984298,6781.833644,-32.223187,0.042549,False,False,False,False,True,True,True,1-circle,1.000000,3593.659162,-22161.785770,-1.440281,-0.336575,100.000000,100.000000,0.000000,0.000000,2,4,4,0.0000,0.0000,0.0000,0.5000,"Accelerate",0.017171
1346,A0100,pursuit_chase_v1,UNKNOWN,14959.214210,28315.505769,4084.494231,5515.623339,29098.605728,15448.513234,534.227509,28083.202158,220.235956,6796.968151,-33.748491,0.002006,False,False,False,False,True,True,True,1-circle,1.000000,3597.105571,-21933.393238,0.067940,-0.256978,100.000000,100.000000,0.000000,0.000000,2,5,4,0.0000,0.0000,0.0000,0.5000,"PursuitChaseOptimal",-0.010744
1346,B0100,aggressive,UNKNOWN,14959.214210,28315.505769,4084.494231,5515.623339,29098.605728,15448.513234,534.227509,28083.202158,220.235956,6796.968151,-33.748491,0.002006,False,False,False,False,True,True,True,1-circle,1.000000,3597.105571,-21933.393238,0.067940,-0.256978,100.000000,100.000000,0.000000,0.000000,2,4,4,0.0000,0.0000,0.0000,0.5000,"Accelerate",0.008568
1347,A0100,pursuit_chase_v1,UNKNOWN,14959.214210,28315.505769,4084.494231,5515.623339,29098.605728,15448.513234,534.227509,28083.202158,220.235956,6796.968151,-33.748491,0.002006,False,False,False,False,True,True,True,1-circle,1.000000,3597.105571,-21933.393238,0.067940,-0.256978,100.000000,100.000000,0.000000,0.000000,2,5,4,0.0000,0.0000,0.0000,0.5000,"PursuitChaseOptimal",0.000442
1347,B0100,aggressive,UNKNOWN,14959.214210,28315.505769,4084.494231,5515.623339,29098.605728,15448.513234,534.227509,28083.202158,220.235956,6796.968151,-33.748491,0.002006,False,False,False,False,True,True,True,1-circle,1.000000,3597.105571,-21933.393238,0.067940,-0.256978,100.000000,100.000000,0.000000,0.000000,2,4,4,0.0000,0.0000,0.0000,0.5000,"Accelerate",-0.001397
1348,A0100,pursuit_chase_v1,UNKNOWN,14965.771595,28347.448535,4052.551465,5521.480152,29135.173112,15448.382553,534.303667,28086.674055,69.437938,6779.462918,-35.042131,0.010528,False,False,False,False,True,True,True,1-circle,1.000000,3600.347783,-21924.831236,0.356653,-0.390966,100.000000,100.000000,0.000000,0.000000,2,5,4,0.0000,0.0000,0.0000,0.5000,"PursuitChaseOptimal",0.012245
1348,B0100,aggressive,UNKNOWN,14965.771595,28347.448535,4052.551465,5521.480152,29135.173112,15448.382553,534.303667,28086.674055,69.437938,6779.462918,-35.042131,0.010528,False,False,False,False,True,True,True,1-circle,1.000000,3600.347783,-21924.831236,0.356653,-0.390966,100.000000,100.000000,0.000000,0.000000,2,4,4,0.0000,0.0000,0.0000,0.5000,"Accelerate",-0.012189
1349,A0100,pursuit_chase_v1,UNKNOWN,14965.771595,28347.448535,4052.551465,5521.480152,29135.173112,15448.382553,534.303667,28086.674055,69.437938,6779.462918,-35.042131,0.010528,False,False,False,False,True,True,True,1-circle,1.000000,3600.347783,-21924.831236,0.356653,-0.390966,100.000000,100.000000,0.000000,0.000000,2,5,4,0.0000,0.0000,0.0000,0.5000,"PursuitChaseOptimal",0.013553
1349,B0100,aggressive,UNKNOWN,14965.771595,28347.448535,4052.551465,5521.480152,29135.173112,15448.382553,534.303667,28086.674055,69.437938,6779.462918,-35.042131,0.010528,False,False,False,False,True,True,True,1-circle,1.000000,3600.347783,-21924.831236,0.356653,-0.390966,100.000000,100.000000,0.000000,0.000000,2,4,4,0.0000,0.0000,0.0000,0.5000,"Accelerate",-0.013362
1350,A0100,pursuit_chase_v1,UNKNOWN,14972.441396,28381.332313,4018.667687,5530.140296,29172.246302,15448.370883,534.445679,28093.381510,134.149101,6749.605024,-36.428813,0.030792,False,False,False,False,True,True,True,1-circle,1.000000,3603.064904,-22220.156494,-1.043251,-0.093942,100.000000,100.000000,0.000000,0.000000,2,5,4,0.0000,0.0000,0.0000,0.5000,"PursuitChaseOptimal",0.002035
1350,B0100,aggressive,UNKNOWN,14972.441396,28381.332313,4018.667687,5530.140296,29172.246302,15448.370883,534.445679,28093.381510,134.149101,6749.605024,-36.428813,0.030792,False,False,False,False,True,True,True,1-circle,1.000000,3603.064904,-22220.156494,-1.043251,-0.093942,100.000000,100.000000,0.000000,0.000000,2,4,4,0.0000,0.0000,0.0000,0.5000,"Accelerate",-0.003022
1351,A0100,pursuit_chase_v1,UNKNOWN,14972.441396,28381.332313,4018.667687,5530.140296,29172.246302,15448.370883,534.445679,28093.381510,134.149101,6749.605024,-36.428813,0.030792,False,False,False,False,True,True,True,1-circle,1.000000,3603.064904,-22220.156494,-1.043251,-0.093942,100.000000,100.000000,0.000000,0.000000,2,5,4,0.0000,0.0000,0.0000,0.5000,"PursuitChaseOptimal",-0.005522
1351,B0100,aggressive,UNKNOWN,14972.441396,28381.332313,4018.667687,5530.140296,29172.246302,15448.370883,534.445679,28093.381510,134.149101,6749.605024,-36.428813,0.030792,False,False,False,False,True,True,True,1-circle,1.000000,3603.064904,-22220.156494,-1.043251,-0.093942,100.000000,100.000000,0.000000,0.000000,2,4,4,0.0000,0.0000,0.0000,0.5000,"Accelerate",0.003808
1352,A0100,pursuit_chase_v1,UNKNOWN,14979.223519,28412.161868,3987.838132,5538.918774,29209.321203,15448.380282,534.588660,28100.157667,135.523131,6722.026697,-37.665307,0.021161,False,False,False,False,True,True,True,1-circle,1.000000,3605.314736,-22204.873627,-0.717152,-0.326608,100.000000,100.000000,0.000000,0.000000,2,5,4,0.0000,0.0000,0.0000,0.5000,"PursuitChaseOptimal",-0.014726
1352,B0100,aggressive,UNKNOWN,14979.223519,28412.161868,3987.838132,5538.918774,29209.321203,15448.380282,534.588660,28100.157667,135.523131,6722.026697,-37.665307,0.021161,False,False,False,False,True,True,True,1-circle,1.000000,3605.314736,-22204.873627,-0.717152,-0.326608,100.000000,100.000000,0.000000,0.000000,2,4,4,0.0000,0.0000,0.0000,0.5000,"Accelerate",0.012126
1353,A0100,pursuit_chase_v1,UNKNOWN,14979.223519,28412.161868,3987.838132,5538.918774,29209.321203,15448.380282,534.588660,28100.157667,135.523131,6722.026697,-37.665307,0.021161,False,False,False,False,True,True,True,1-circle,1.000000,3605.314736,-22204.873627,-0.717152,-0.326608,100.000000,100.000000,0.000000,0.000000,2,5,4,0.0000,0.0000,0.0000,0.5000,"PursuitChaseOptimal",-0.022003
1353,B0100,aggressive,UNKNOWN,14979.223519,28412.161868,3987.838132,5538.918774,29209.321203,15448.380282,534.588660,28100.157667,135.523131,6722.026697,-37.665307,0.021161,False,False,False,False,True,True,True,1-circle,1.000000,3605.314736,-22204.873627,-0.717152,-0.326608,100.000000,100.000000,0.000000,0.000000,2,4,4,0.0000,0.0000,0.0000,0.5000,"Accelerate",0.018575
1354,A0100,pursuit_chase_v1,UNKNOWN,14986.111493,28438.679256,3961.320744,5531.862419,29245.951509,15448.431925,534.716219,28106.247765,121.801971,6697.963244,-38.319315,0.060731,False,False,False,False,True,True,True,1-circle,1.000000,3607.260185,-22489.819579,-2.057883,-0.575038,100.000000,100.000000,0.000000,0.000000,2,5,4,0.0000,0.0000,0.0000,0.5000,"PursuitChaseOptimal",-0.017713
1354,B0100,aggressive,UNKNOWN,14986.111493,28438.679256,3961.320744,5531.862419,29245.951509,15448.431925,534.716219,28106.247765,121.801971,6697.963244,-38.319315,0.060731,False,False,False,False,True,True,True,1-circle,1.000000,3607.260185,-22489.819579,-2.057883,-0.575038,100.000000,100.000000,0.000000,0.000000,2,4,4,0.0000,0.0000,0.0000,0.5000,"Accelerate",0.014253
1355,A0100,pursuit_chase_v1,UNKNOWN,14986.111493,28438.679256,3961.320744,5531.862419,29245.951509,15448.431925,534.716219,28106.247765,121.801971,6697.963244,-38.319315,0.060731,False,False,False,False,True,True,True,1-circle,1.000000,3607.260185,-22489.819579,-2.057883,-0.575038,100.000000,100.000000,0.000000,0.000000,2,5,4,0.0000,0.0000,0.0000,0.5000,"PursuitChaseOptimal",-0.023816
1355,B0100,aggressive,UNKNOWN,14986.111493,28438.679256,3961.320744,5531.862419,29245.951509,15448.431925,534.716219,28106.247765,121.801971,6697.963244,-38.319315,0.060731,False,False,False,False,True,True,True,1-circle,1.000000,3607.260185,-22489.819579,-2.057883,-0.575038,100.000000,100.000000,0.000000,0.000000,2,4,4,0.0000,0.0000,0.0000,0.5000,"Accelerate",0.020152
1356,A0100,pursuit_chase_v1,UNKNOWN,14993.081468,28456.293132,3943.706868,5480.369028,29282.560214,15448.340223,534.974894,28118.405752,243.159742,6690.636177,-37.938878,0.007479,False,False,False,False,True,True,True,1-circle,1.000000,3609.433822,-22118.046891,0.253641,-0.757338,100.000000,100.000000,0.000000,0.000000,2,5,4,0.0000,0.0000,0.0000,0.5000,"PursuitChaseOptimal",-0.014853
1356,B0100,aggressive,UNKNOWN,14993.081468,28456.293132,3943.706868,5480.369028,29282.560214,15448.340223,534.974894,28118.405752,243.159742,6690.636177,-37.938878,0.007479,False,False,False,False,True,True,True,1-circle,1.000000,3609.433822,-22118.046891,0.253641,-0.757338,100.000000,100.000000,0.000000,0.000000,2,4,4,0.0000,0.0000,0.0000,0.5000,"Accelerate",0.012141
1357,A0100,pursuit_chase_v1,UNKNOWN,14993.081468,28456.293132,3943.706868,5480.369028,29282.560214,15448.340223,534.974894,28118.405752,243.159742,6690.636177,-37.938878,0.007479,False,False,False,False,True,True,True,1-circle,1.000000,3609.433822,-22118.046891,0.253641,-0.757338,100.000000,100.000000,0.000000,0.000000,2,5,4,0.0000,0.0000,0.0000,0.5000,"PursuitChaseOptimal",-0.004594
1357,B0100,aggressive,UNKNOWN,14993.081468,28456.293132,3943.706868,5480.369028,29282.560214,15448.340223,534.974894,28118.405752,243.159742,6690.636177,-37.938878,0.007479,False,False,False,False,True,True,True,1-circle,1.000000,3609.433822,-22118.046891,0.253641,-0.757338,100.000000,100.000000,0.000000,0.000000,2,4,4,0.0000,0.0000,0.0000,0.5000,"Accelerate",0.002967
1358,A0100,pursuit_chase_v1,UNKNOWN,15000.049356,28486.129686,3913.870314,5378.496156,29321.716949,15448.161068,534.985177,28118.713691,6.158779,6682.064836,-36.867455,0.060946,False,False,False,False,True,True,True,1-circle,1.000000,3612.181709,-22580.666601,-2.066113,-0.729685,100.000000,100.000000,0.000000,0.000000,2,5,4,0.0000,0.0000,0.0000,0.5000,"PursuitChaseOptimal",0.001622
1358,B0100,aggressive,UNKNOWN,15000.049356,28486.129686,3913.870314,5378.496156,29321.716949,15448.161068,534.985177,28118.713691,6.158779,6682.064836,-36.867455,0.060946,False,False,False,False,True,True,True,1-circle,1.000000,3612.181709,-22580.666601,-2.066113,-0.729685,100.000000,100.000000,0.000000,0.000000,2,4,4,0.0000,0.0000,0.0000,0.5000,"Accelerate",-0.002785
1359,A0100,pursuit_chase_v1,UNKNOWN,15000.049356,28486.129686,3913.870314,5378.496156,29321.716949,15448.161068,534.985177,28118.713691,6.158779,6682.064836,-36.867455,0.060946,False,False,False,False,True,True,True,1-circle,1.000000,3612.181709,-22580.666601,-2.066113,-0.729685,100.000000,100.000000,0.000000,0.000000,2,5,4,0.0000,0.0000,0.0000,0.5000,"PursuitChaseOptimal",0.006307
1359,B0100,aggressive,UNKNOWN,15000.049356,28486.129686,3913.870314,5378.496156,29321.716949,15448.161068,534.985177,28118.713691,6.158779,6682.064836,-36.867455,0.060946,False,False,False,False,True,True,True,1-circle,1.000000,3612.181709,-22580.666601,-2.066113,-0.729685,100.000000,100.000000,0.000000,0.000000,2,4,4,0.0000,0.0000,0.0000,0.5000,"Accelerate",-0.007456
1360,A0100,pursuit_chase_v1,UNKNOWN,15006.987109,28504.453352,3895.546648,5257.757671,29356.802569,15447.932335,535.194470,28128.400656,193.739295,6703.977732,-35.728241,0.015741,False,False,False,False,True,True,True,1-circle,1.000000,3615.614791,-22350.579677,-0.534030,-0.565388,100.000000,100.000000,0.000000,0.000000,2,5,4,0.0000,0.0000,0.0000,0.5000,"PursuitChaseOptimal",0.010594
1360,B0100,aggressive,UNKNOWN,15006.987109,28504.453352,3895.546648,5257.757671,29356.802569,15447.932335,535.194470,28128.400656,193.739295,6703.977732,-35.728241,0.015741,False,False,False,False,True,True,True,1-circle,1.000000,3615.614791,-22350.579677,-0.534030,-0.565388,100.000000,100.000000,0.000000,0.000000,2,4,4,0.0000,0.0000,0.0000,0.5000,"Accelerate",-0.010911
1361,A0100,pursuit_chase_v1,UNKNOWN,15006.987109,28504.453352,3895.546648,5257.757671,29356.802569,15447.932335,535.194470,28128.400656,193.739295,6703.977732,-35.728241,0.015741,False,False,False,False,True,True,True,1-circle,1.000000,3615.614791,-22350.579677,-0.534030,-0.565388,100.000000,100.000000,0.000000,0.000000,2,5,4,0.0000,0.0000,0.0000,0.5000,"PursuitChaseOptimal",0.014910
1361,B0100,aggressive,UNKNOWN,15006.987109,28504.453352,3895.546648,5257.757671,29356.802569,15447.932335,535.194470,28128.400656,193.739295,6703.977732,-35.728241,0.015741,False,False,False,False,True,True,True,1-circle,1.000000,3615.614791,-22350.579677,-0.534030,-0.565388,100.000000,100.000000,0.000000,0.000000,2,4,4,0.0000,0.0000,0.0000,0.5000,"Accelerate",-0.014589
1362,A0100,pursuit_chase_v1,UNKNOWN,15013.924110,28530.236373,3869.763627,5122.071242,29391.614532,15447.604338,535.280339,28132.141973,74.826337,6728.904074,-34.719078,0.007031,False,False,False,False,True,True,True,1-circle,1.000000,3619.808010,-22343.627674,-0.238580,-0.645795,100.000000,100.000000,0.000000,0.000000,2,4,4,0.0000,0.0000,0.0000,0.5000,"PursuitChaseOptimal",0.024226
1362,B0100,aggressive,UNKNOWN,15013.924110,28530.236373,3869.763627,5122.071242,29391.614532,15447.604338,535.280339,28132.141973,74.826337,6728.904074,-34.719078,0.007031,False,False,False,False,True,True,True,1-circle,1.000000,3619.808010,-22343.627674,-0.238580,-0.645795,100.000000,100.000000,0.000000,0.000000,2,4,4,0.0000,0.0000,0.0000,0.5000,"Accelerate",-0.023053
1363,A0100,pursuit_chase_v1,UNKNOWN,15013.924110,28530.236373,3869.763627,5122.071242,29391.614532,15447.604338,535.280339,28132.141973,74.826337,6728.904074,-34.719078,0.007031,False,False,False,False,True,True,True,1-circle,1.000000,3619.808010,-22343.627674,-0.238580,-0.645795,100.000000,100.000000,0.000000,0.000000,2,4,4,0.0000,0.0000,0.0000,0.5000,"PursuitChaseOptimal",0.018613
1363,B0100,aggressive,UNKNOWN,15013.924110,28530.236373,3869.763627,5122.071242,29391.614532,15447.604338,535.280339,28132.141973,74.826337,6728.904074,-34.719078,0.007031,False,False,False,False,True,True,True,1-circle,1.000000,3619.808010,-22343.627674,-0.238580,-0.645795,100.000000,100.000000,0.000000,0.000000,2,4,4,0.0000,0.0000,0.0000,0.5000,"Accelerate",-0.017799
1364,A0100,pursuit_chase_v1,UNKNOWN,15020.848021,28557.010970,3842.989030,4975.501439,29424.634352,15447.345802,535.424251,28138.704937,131.259286,6762.038950,-33.846159,0.047554,False,False,False,False,True,True,True,1-circle,1.000000,3624.564617,-22637.486458,-1.613601,-0.317345,100.000000,100.000000,0.000000,0.000000,2,4,4,0.0000,0.0000,0.0000,0.5000,"PursuitChaseOptimal",0.018435
1364,B0100,aggressive,UNKNOWN,15020.848021,28557.010970,3842.989030,4975.501439,29424.634352,15447.345802,535.424251,28138.704937,131.259286,6762.038950,-33.846159,0.047554,False,False,False,False,True,True,True,1-circle,1.000000,3624.564617,-22637.486458,-1.613601,-0.317345,100.000000,100.000000,0.000000,0.000000,2,4,4,0.0000,0.0000,0.0000,0.5000,"Accelerate",-0.018145
1365,A0100,pursuit_chase_v1,UNKNOWN,15020.848021,28557.010970,3842.989030,4975.501439,29424.634352,15447.345802,535.424251,28138.704937,131.259286,6762.038950,-33.846159,0.047554,False,False,False,False,True,True,True,1-circle,1.000000,3624.564617,-22637.486458,-1.613601,-0.317345,100.000000,100.000000,0.000000,0.000000,2,4,4,0.0000,0.0000,0.0000,0.5000,"PursuitChaseOptimal",0.004381
1365,B0100,aggressive,UNKNOWN,15020.848021,28557.010970,3842.989030,4975.501439,29424.634352,15447.345802,535.424251,28138.704937,131.259286,6762.038950,-33.846159,0.047554,False,False,False,False,True,True,True,1-circle,1.000000,3624.564617,-22637.486458,-1.613601,-0.317345,100.000000,100.000000,0.000000,0.000000,2,4,4,0.0000,0.0000,0.0000,0.5000,"Accelerate",-0.004934
1366,A0100,pursuit_chase_v1,UNKNOWN,15027.780607,28576.899205,3823.100795,4840.026220,29457.403152,15447.045863,535.642201,28148.739402,200.689293,6799.453040,-33.116808,0.023446,False,False,False,False,True,True,True,1-circle,1.000000,3629.968041,-22250.308549,0.796022,-0.521662,100.000000,100.000000,0.000000,0.000000,2,4,4,0.0000,0.0000,0.0000,0.5000,"PursuitChaseOptimal",-0.006099
1366,B0100,aggressive,UNKNOWN,15027.780607,28576.899205,3823.100795,4840.026220,29457.403152,15447.045863,535.642201,28148.739402,200.689293,6799.453040,-33.116808,0.023446,False,False,False,False,True,True,True,1-circle,1.000000,3629.968041,-22250.308549,0.796022,-0.521662,100.000000,100.000000,0.000000,0.000000,2,4,4,0.0000,0.0000,0.0000,0.5000,"Accelerate",0.004837
1367,A0100,pursuit_chase_v1,UNKNOWN,15027.780607,28576.899205,3823.100795,4840.026220,29457.403152,15447.045863,535.642201,28148.739402,200.689293,6799.453040,-33.116808,0.023446,False,False,False,False,True,True,True,1-circle,1.000000,3629.968041,-22250.308549,0.796022,-0.521662,100.000000,100.000000,0.000000,0.000000,2,4,4,0.0000,0.0000,0.0000,0.5000,"PursuitChaseOptimal",-0.010580
1367,B0100,aggressive,UNKNOWN,15027.780607,28576.899205,3823.100795,4840.026220,29457.403152,15447.045863,535.642201,28148.739402,200.689293,6799.453040,-33.116808,0.023446,False,False,False,False,True,True,True,1-circle,1.000000,3629.968041,-22250.308549,0.796022,-0.521662,100.000000,100.000000,0.000000,0.000000,2,4,4,0.0000,0.0000,0.0000,0.5000,"Accelerate",0.008878
1368,A0100,pursuit_chase_v1,UNKNOWN,15034.749093,28610.596928,3789.403072,4748.725875,29492.816239,15446.805877,535.665649,28149.611505,17.442056,6815.376802,-33.107373,0.044437,False,False,False,False,True,True,True,1-circle,1.000000,3635.805407,-22711.785894,-1.508525,-0.325773,100.000000,100.000000,0.000000,0.000000,2,4,4,0.0000,0.0000,0.0000,0.5000,"PursuitChaseOptimal",-0.011763
1368,B0100,aggressive,UNKNOWN,15034.749093,28610.596928,3789.403072,4748.725875,29492.816239,15446.805877,535.665649,28149.611505,17.442056,6815.376802,-33.107373,0.044437,False,False,False,False,True,True,True,1-circle,1.000000,3635.805407,-22711.785894,-1.508525,-0.325773,100.000000,100.000000,0.000000,0.000000,2,4,4,0.0000,0.0000,0.0000,0.5000,"Accelerate",0.010035
1369,A0100,pursuit_chase_v1,UNKNOWN,15034.749093,28610.596928,3789.403072,4748.725875,29492.816239,15446.805877,535.665649,28149.611505,17.442056,6815.376802,-33.107373,0.044437,False,False,False,False,True,True,True,1-circle,1.000000,3635.805407,-22711.785894,-1.508525,-0.325773,100.000000,100.000000,0.000000,0.000000,2,4,4,0.0000,0.0000,0.0000,0.5000,"PursuitChaseOptimal",-0.009417
1369,B0100,aggressive,UNKNOWN,15034.749093,28610.596928,3789.403072,4748.725875,29492.816239,15446.805877,535.665649,28149.611505,17.442056,6815.376802,-33.107373,0.044437,False,False,False,False,True,True,True,1-circle,1.000000,3635.805407,-22711.785894,-1.508525,-0.325773,100.000000,100.000000,0.000000,0.000000,2,4,4,0.0000,0.0000,0.0000,0.5000,"Accelerate",0.007342
1370,A0100,pursuit_chase_v1,UNKNOWN,15041.810197,28629.676256,3770.323744,4711.704354,29522.283894,15446.639703,535.890989,28160.135016,210.470232,6837.442823,-33.636693,0.001158,False,False,False,False,True,True,True,1-circle,1.000000,3641.797452,-22479.993521,0.039341,-0.259007,100.000000,100.000000,0.000000,0.000000,2,4,4,0.0000,0.0000,0.0000,0.5000,"PursuitChaseOptimal",-0.005067
1370,B0100,aggressive,UNKNOWN,15041.810197,28629.676256,3770.323744,4711.704354,29522.283894,15446.639703,535.890989,28160.135016,210.470232,6837.442823,-33.636693,0.001158,False,False,False,False,True,True,True,1-circle,1.000000,3641.797452,-22479.993521,0.039341,-0.259007,100.000000,100.000000,0.000000,0.000000,2,4,4,0.0000,0.0000,0.0000,0.5000,"Accelerate",0.003760
1371,A0100,pursuit_chase_v1,UNKNOWN,15041.810197,28629.676256,3770.323744,4711.704354,29522.283894,15446.639703,535.890989,28160.135016,210.470232,6837.442823,-33.636693,0.001158,False,False,False,False,True,True,True,1-circle,1.000000,3641.797452,-22479.993521,0.039341,-0.259007,100.000000,100.000000,0.000000,0.000000,2,4,4,0.0000,0.0000,0.0000,0.5000,"PursuitChaseOptimal",-0.000674
1371,B0100,aggressive,UNKNOWN,15041.810197,28629.676256,3770.323744,4711.704354,29522.283894,15446.639703,535.890989,28160.135016,210.470232,6837.442823,-33.636693,0.001158,False,False,False,False,True,True,True,1-circle,1.000000,3641.797452,-22479.993521,0.039341,-0.259007,100.000000,100.000000,0.000000,0.000000,2,4,4,0.0000,0.0000,0.0000,0.5000,"Accelerate",0.000001
1372,A0100,pursuit_chase_v1,UNKNOWN,15049.001709,28655.753268,3744.246732,4702.201172,29553.272804,15446.463345,535.950227,28162.769540,52.690476,6844.615985,-34.646726,0.009903,False,False,False,False,True,True,True,1-circle,1.000000,3647.772568,-22473.610305,0.336424,-0.396578,100.000000,100.000000,0.000000,0.000000,2,4,4,0.0000,0.0000,0.0000,0.5000,"PursuitChaseOptimal",0.003938
1372,B0100,aggressive,UNKNOWN,15049.001709,28655.753268,3744.246732,4702.201172,29553.272804,15446.463345,535.950227,28162.769540,52.690476,6844.615985,-34.646726,0.009903,False,False,False,False,True,True,True,1-circle,1.000000,3647.772568,-22473.610305,0.336424,-0.396578,100.000000,100.000000,0.000000,0.000000,2,4,4,0.0000,0.0000,0.0000,0.5000,"Accelerate",-0.004250
1373,A0100,pursuit_chase_v1,UNKNOWN,15049.001709,28655.753268,3744.246732,4702.201172,29553.272804,15446.463345,535.950227,28162.769540,52.690476,6844.615985,-34.646726,0.009903,False,False,False,False,True,True,True,1-circle,1.000000,3647.772568,-22473.610305,0.336424,-0.396578,100.000000,100.000000,0.000000,0.000000,2,4,4,0.0000,0.0000,0.0000,0.5000,"PursuitChaseOptimal",0.007057
1373,B0100,aggressive,UNKNOWN,15049.001709,28655.753268,3744.246732,4702.201172,29553.272804,15446.463345,535.950227,28162.769540,52.690476,6844.615985,-34.646726,0.009903,False,False,False,False,True,True,True,1-circle,1.000000,3647.772568,-22473.610305,0.336424,-0.396578,100.000000,100.000000,0.000000,0.000000,2,4,4,0.0000,0.0000,0.0000,0.5000,"Accelerate",-0.007119
1374,A0100,pursuit_chase_v1,UNKNOWN,15056.344990,28683.577322,3716.422678,4708.922848,29584.626222,15446.416990,536.078025,28168.788362,120.376436,6862.266024,-36.251411,0.030926,False,False,False,False,True,True,True,1-circle,1.000000,3653.384577,-22770.381493,-1.050711,-0.101637,100.000000,100.000000,0.000000,0.000000,2,4,4,0.0000,0.0000,0.0000,0.5000,"PursuitChaseOptimal",0.005551
1374,B0100,aggressive,UNKNOWN,15056.344990,28683.577322,3716.422678,4708.922848,29584.626222,15446.416990,536.078025,28168.788362,120.376436,6862.266024,-36.251411,0.030926,False,False,False,False,True,True,True,1-circle,1.000000,3653.384577,-22770.381493,-1.050711,-0.101637,100.000000,100.000000,0.000000,0.000000,2,4,4,0.0000,0.0000,0.0000,0.5000,"Accelerate",-0.005886
1375,A0100,pursuit_chase_v1,UNKNOWN,15056.344990,28683.577322,3716.422678,4708.922848,29584.626222,15446.416990,536.078025,28168.788362,120.376436,6862.266024,-36.251411,0.030926,False,False,False,False,True,True,True,1-circle,1.000000,3653.384577,-22770.381493,-1.050711,-0.101637,100.000000,100.000000,0.000000,0.000000,2,4,4,0.0000,0.0000,0.0000,0.5000,"PursuitChaseOptimal",0.000426
1375,B0100,aggressive,UNKNOWN,15056.344990,28683.577322,3716.422678,4708.922848,29584.626222,15446.416990,536.078025,28168.788362,120.376436,6862.266024,-36.251411,0.030926,False,False,False,False,True,True,True,1-circle,1.000000,3653.384577,-22770.381493,-1.050711,-0.101637,100.000000,100.000000,0.000000,0.000000,2,4,4,0.0000,0.0000,0.0000,0.5000,"Accelerate",-0.001224
1376,A0100,pursuit_chase_v1,UNKNOWN,15063.889218,28707.958099,3692.041901,4716.211267,29616.054418,15446.399774,536.205832,28174.838162,120.996014,6887.788656,-37.921149,0.020624,False,False,False,False,True,True,True,1-circle,1.000000,3658.646573,-22754.621964,-0.700909,-0.338764,100.000000,100.000000,0.000000,0.000000,2,4,4,0.0000,0.0000,0.0000,0.5000,"PursuitChaseOptimal",-0.005836
1376,B0100,aggressive,UNKNOWN,15063.889218,28707.958099,3692.041901,4716.211267,29616.054418,15446.399774,536.205832,28174.838162,120.996014,6887.788656,-37.921149,0.020624,False,False,False,False,True,True,True,1-circle,1.000000,3658.646573,-22754.621964,-0.700909,-0.338764,100.000000,100.000000,0.000000,0.000000,2,4,4,0.0000,0.0000,0.0000,0.5000,"Accelerate",0.004339
1377,A0100,pursuit_chase_v1,UNKNOWN,15063.889218,28707.958099,3692.041901,4716.211267,29616.054418,15446.399774,536.205832,28174.838162,120.996014,6887.788656,-37.921149,0.020624,False,False,False,False,True,True,True,1-circle,1.000000,3658.646573,-22754.621964,-0.700909,-0.338764,100.000000,100.000000,0.000000,0.000000,2,4,4,0.0000,0.0000,0.0000,0.5000,"PursuitChaseOptimal",-0.013916
1377,B0100,aggressive,UNKNOWN,15063.889218,28707.958099,3692.041901,4716.211267,29616.054418,15446.399774,536.205832,28174.838162,120.996014,6887.788656,-37.921149,0.020624,False,False,False,False,True,True,True,1-circle,1.000000,3658.646573,-22754.621964,-0.700909,-0.338764,100.000000,100.000000,0.000000,0.000000,2,4,4,0.0000,0.0000,0.0000,0.5000,"Accelerate",0.011644
1378,A0100,pursuit_chase_v1,UNKNOWN,15071.624205,28727.290292,3672.709708,4716.145082,29646.585378,15446.431008,536.317458,28180.169489,106.626528,6905.069041,-39.065007,0.062104,False,False,False,False,True,True,True,1-circle,1.000000,3663.634735,-23055.612526,-2.110153,-0.585684,100.000000,100.000000,0.000000,0.000000,2,4,4,0.0000,0.0000,0.0000,0.5000,"PursuitChaseOptimal",-0.020214
1378,B0100,aggressive,UNKNOWN,15071.624205,28727.290292,3672.709708,4716.145082,29646.585378,15446.431008,536.317458,28180.169489,106.626528,6905.069041,-39.065007,0.062104,False,False,False,False,True,True,True,1-circle,1.000000,3663.634735,-23055.612526,-2.110153,-0.585684,100.000000,100.000000,0.000000,0.000000,2,4,4,0.0000,0.0000,0.0000,0.5000,"Accelerate",0.016874
1379,A0100,pursuit_chase_v1,UNKNOWN,15071.624205,28727.290292,3672.709708,4716.145082,29646.585378,15446.431008,536.317458,28180.169489,106.626528,6905.069041,-39.065007,0.062104,False,False,False,False,True,True,True,1-circle,1.000000,3663.634735,-23055.612526,-2.110153,-0.585684,100.000000,100.000000,0.000000,0.000000,2,4,4,0.0000,0.0000,0.0000,0.5000,"PursuitChaseOptimal",-0.019446
1379,B0100,aggressive,UNKNOWN,15071.624205,28727.290292,3672.709708,4716.145082,29646.585378,15446.431008,536.317458,28180.169489,106.626528,6905.069041,-39.065007,0.062104,False,False,False,False,True,True,True,1-circle,1.000000,3663.634735,-23055.612526,-2.110153,-0.585684,100.000000,100.000000,0.000000,0.000000,2,4,4,0.0000,0.0000,0.0000,0.5000,"Accelerate",0.016498
1380,A0100,pursuit_chase_v1,UNKNOWN,15079.552315,28738.031920,3661.968080,4713.739892,29677.675585,15446.327257,536.548254,28191.027623,217.162676,6937.149945,-40.134075,0.008618,False,False,False,False,True,True,True,1-circle,1.000000,3668.677355,-22670.887634,0.293057,-0.768171,100.000000,100.000000,0.000000,0.000000,2,4,4,0.0000,0.0000,0.0000,0.5000,"PursuitChaseOptimal",-0.012526
1380,B0100,aggressive,UNKNOWN,15079.552315,28738.031920,3661.968080,4713.739892,29677.675585,15446.327257,536.548254,28191.027623,217.162676,6937.149945,-40.134075,0.008618,False,False,False,False,True,True,True,1-circle,1.000000,3668.677355,-22670.887634,0.293057,-0.768171,100.000000,100.000000,0.000000,0.000000,2,4,4,0.0000,0.0000,0.0000,0.5000,"Accelerate",0.010379
1381,A0100,pursuit_chase_v1,UNKNOWN,15079.552315,28738.031920,3661.968080,4713.739892,29677.675585,15446.327257,536.548254,28191.027623,217.162676,6937.149945,-40.134075,0.008618,False,False,False,False,True,True,True,1-circle,1.000000,3668.677355,-22670.887634,0.293057,-0.768171,100.000000,100.000000,0.000000,0.000000,2,4,4,0.0000,0.0000,0.0000,0.5000,"PursuitChaseOptimal",-0.007881
1381,B0100,aggressive,UNKNOWN,15079.552315,28738.031920,3661.968080,4713.739892,29677.675585,15446.327257,536.548254,28191.027623,217.162676,6937.149945,-40.134075,0.008618,False,False,False,False,True,True,True,1-circle,1.000000,3668.677355,-22670.887634,0.293057,-0.768171,100.000000,100.000000,0.000000,0.000000,2,4,4,0.0000,0.0000,0.0000,0.5000,"Accelerate",0.006308
1382,A0100,pursuit_chase_v1,UNKNOWN,15087.685118,28762.282964,3637.717036,4717.400811,29711.521781,15446.151595,536.525338,28189.763344,-25.285566,6954.473208,-41.560795,0.060518,False,False,False,False,True,True,True,1-circle,1.000000,3673.675804,-23142.166686,-2.057063,-0.738661,100.000000,100.000000,0.000000,0.000000,2,4,4,0.0000,0.0000,0.0000,0.5000,"PursuitChaseOptimal",0.014905
1382,B0100,aggressive,UNKNOWN,15087.685118,28762.282964,3637.717036,4717.400811,29711.521781,15446.151595,536.525338,28189.763344,-25.285566,6954.473208,-41.560795,0.060518,False,False,False,False,True,True,True,1-circle,1.000000,3673.675804,-23142.166686,-2.057063,-0.738661,100.000000,100.000000,0.000000,0.000000,2,4,4,0.0000,0.0000,0.0000,0.5000,"Accelerate",-0.014632
1383,A0100,pursuit_chase_v1,UNKNOWN,15087.685118,28762.282964,3637.717036,4717.400811,29711.521781,15446.151595,536.525338,28189.763344,-25.285566,6954.473208,-41.560795,0.060518,False,False,False,False,True,True,True,1-circle,1.000000,3673.675804,-23142.166686,-2.057063,-0.738661,100.000000,100.000000,0.000000,0.000000,2,4,4,0.0000,0.0000,0.0000,0.5000,"PursuitChaseOptimal",0.016151
1383,B0100,aggressive,UNKNOWN,15087.685118,28762.282964,3637.717036,4717.400811,29711.521781,15446.151595,536.525338,28189.763344,-25.285566,6954.473208,-41.560795,0.060518,False,False,False,False,True,True,True,1-circle,1.000000,3673.675804,-23142.166686,-2.057063,-0.738661,100.000000,100.000000,0.000000,0.000000,2,4,4,0.0000,0.0000,0.0000,0.5000,"Accelerate",-0.016204
1384,A0100,pursuit_chase_v1,UNKNOWN,15096.016845,28775.254809,3624.745191,4730.804165,29742.164902,15445.940440,536.705518,28198.112926,166.991636,6980.702925,-43.243309,0.015201,False,False,False,False,True,True,True,1-circle,1.000000,3678.382374,-22913.415702,-0.517047,-0.570660,100.000000,100.000000,0.000000,0.000000,2,4,4,0.0000,0.0000,0.0000,0.5000,"PursuitChaseOptimal",0.012437
1384,B0100,aggressive,UNKNOWN,15096.016845,28775.254809,3624.745191,4730.804165,29742.164902,15445.940440,536.705518,28198.112926,166.991636,6980.702925,-43.243309,0.015201,False,False,False,False,True,True,True,1-circle,1.000000,3678.382374,-22913.415702,-0.517047,-0.570660,100.000000,100.000000,0.000000,0.000000,2,4,4,0.0000,0.0000,0.0000,0.5000,"Accelerate",-0.012397
1385,A0100,pursuit_chase_v1,UNKNOWN,15096.016845,28775.254809,3624.745191,4730.804165,29742.164902,15445.940440,536.705518,28198.112926,166.991636,6980.702925,-43.243309,0.015201,False,False,False,False,True,True,True,1-circle,1.000000,3678.382374,-22913.415702,-0.517047,-0.570660,100.000000,100.000000,0.000000,0.000000,2,4,4,0.0000,0.0000,0.0000,0.5000,"PursuitChaseOptimal",0.003756
1385,B0100,aggressive,UNKNOWN,15096.016845,28775.254809,3624.745191,4730.804165,29742.164902,15445.940440,536.705518,28198.112926,166.991636,6980.702925,-43.243309,0.015201,False,False,False,False,True,True,True,1-circle,1.000000,3678.382374,-22913.415702,-0.517047,-0.570660,100.000000,100.000000,0.000000,0.000000,2,4,4,0.0000,0.0000,0.0000,0.5000,"Accelerate",-0.004219
1386,A0100,pursuit_chase_v1,UNKNOWN,15104.586603,28796.896020,3603.103980,4743.197995,29773.572218,15445.631433,536.777798,28201.238909,62.519664,7008.152719,-45.129643,0.007028,False,False,False,False,True,True,True,1-circle,1.000000,3682.750968,-22911.998038,-0.239088,-0.647658,100.000000,100.000000,0.000000,0.000000,2,4,4,0.0000,0.0000,0.0000,0.5000,"PursuitChaseOptimal",-0.009672
1386,B0100,aggressive,UNKNOWN,15104.586603,28796.896020,3603.103980,4743.197995,29773.572218,15445.631433,536.777798,28201.238909,62.519664,7008.152719,-45.129643,0.007028,False,False,False,False,True,True,True,1-circle,1.000000,3682.750968,-22911.998038,-0.239088,-0.647658,100.000000,100.000000,0.000000,0.000000,2,4,4,0.0000,0.0000,0.0000,0.5000,"Accelerate",0.008011
1387,A0100,pursuit_chase_v1,UNKNOWN,15104.586603,28796.896020,3603.103980,4743.197995,29773.572218,15445.631433,536.777798,28201.238909,62.519664,7008.152719,-45.129643,0.007028,False,False,False,False,True,True,True,1-circle,1.000000,3682.750968,-22911.998038,-0.239088,-0.647658,100.000000,100.000000,0.000000,0.000000,2,4,4,0.0000,0.0000,0.0000,0.5000,"PursuitChaseOptimal",-0.027130
1387,B0100,aggressive,UNKNOWN,15104.586603,28796.896020,3603.103980,4743.197995,29773.572218,15445.631433,536.777798,28201.238909,62.519664,7008.152719,-45.129643,0.007028,False,False,False,False,True,True,True,1-circle,1.000000,3682.750968,-22911.998038,-0.239088,-0.647658,100.000000,100.000000,0.000000,0.000000,2,4,4,0.0000,0.0000,0.0000,0.5000,"Accelerate",0.023997
1388,A0100,pursuit_chase_v1,UNKNOWN,15113.373067,28820.990033,3579.009967,4750.693819,29804.139916,15445.391933,536.908158,28207.195758,119.136968,7028.820738,-46.587056,0.047905,False,False,False,False,True,True,True,1-circle,1.000000,3686.761358,-23211.000112,-1.629661,-0.315555,100.000000,100.000000,0.000000,0.000000,2,5,4,0.0000,0.0000,0.0000,0.5000,"PursuitChaseOptimal",-0.044165
1388,B0100,aggressive,UNKNOWN,15113.373067,28820.990033,3579.009967,4750.693819,29804.139916,15445.391933,536.908158,28207.195758,119.136968,7028.820738,-46.587056,0.047905,False,False,False,False,True,True,True,1-circle,1.000000,3686.761358,-23211.000112,-1.629661,-0.315555,100.000000,100.000000,0.000000,0.000000,2,4,4,0.0000,0.0000,0.0000,0.5000,"Accelerate",0.039064
1389,A0100,pursuit_chase_v1,UNKNOWN,15113.373067,28820.990033,3579.009967,4750.693819,29804.139916,15445.391933,536.908158,28207.195758,119.136968,7028.820738,-46.587056,0.047905,False,False,False,False,True,True,True,1-circle,1.000000,3686.761358,-23211.000112,-1.629661,-0.315555,100.000000,100.000000,0.000000,0.000000,2,5,4,0.0000,0.0000,0.0000,0.5000,"PursuitChaseOptimal",-0.024143
1389,B0100,aggressive,UNKNOWN,15113.373067,28820.990033,3579.009967,4750.693819,29804.139916,15445.391933,536.908158,28207.195758,119.136968,7028.820738,-46.587056,0.047905,False,False,False,False,True,True,True,1-circle,1.000000,3686.761358,-23211.000112,-1.629661,-0.315555,100.000000,100.000000,0.000000,0.000000,2,4,4,0.0000,0.0000,0.0000,0.5000,"Accelerate",0.021223
1390,A0100,pursuit_chase_v1,UNKNOWN,15122.375405,28838.839842,3561.160158,4759.900670,29835.580187,15445.111130,537.112966,28216.652986,189.144567,7051.533058,-47.829541,0.023050,False,False,False,False,True,True,True,1-circle,1.000000,3690.749433,-22825.694143,0.784546,-0.519468,100.000000,100.000000,0.000000,0.000000,2,5,4,0.0000,0.0000,0.0000,0.5000,"PursuitChaseOptimal",-0.000080
1390,B0100,aggressive,UNKNOWN,15122.375405,28838.839842,3561.160158,4759.900670,29835.580187,15445.111130,537.112966,28216.652986,189.144567,7051.533058,-47.829541,0.023050,False,False,False,False,True,True,True,1-circle,1.000000,3690.749433,-22825.694143,0.784546,-0.519468,100.000000,100.000000,0.000000,0.000000,2,4,4,0.0000,0.0000,0.0000,0.5000,"Accelerate",-0.000537
1391,A0100,pursuit_chase_v1,UNKNOWN,15122.375405,28838.839842,3561.160158,4759.900670,29835.580187,15445.111130,537.112966,28216.652986,189.144567,7051.533058,-47.829541,0.023050,False,False,False,False,True,True,True,1-circle,1.000000,3690.749433,-22825.694143,0.784546,-0.519468,100.000000,100.000000,0.000000,0.000000,2,5,4,0.0000,0.0000,0.0000,0.5000,"PursuitChaseOptimal",0.024761
1391,B0100,aggressive,UNKNOWN,15122.375405,28838.839842,3561.160158,4759.900670,29835.580187,15445.111130,537.112966,28216.652986,189.144567,7051.533058,-47.829541,0.023050,False,False,False,False,True,True,True,1-circle,1.000000,3690.749433,-22825.694143,0.784546,-0.519468,100.000000,100.000000,0.000000,0.000000,2,4,4,0.0000,0.0000,0.0000,0.5000,"Accelerate",-0.023352
1392,A0100,pursuit_chase_v1,UNKNOWN,15131.548480,28871.862453,3528.137547,4763.521824,29870.537304,15444.891118,537.112780,28216.424147,-4.576777,7047.149058,-49.393930,0.045467,False,False,False,False,True,True,True,1-circle,1.000000,3694.465048,-23294.893031,-1.547306,-0.321972,100.000000,100.000000,0.000000,0.000000,2,5,4,0.0000,0.0000,0.0000,0.5000,"PursuitChaseOptimal",0.050794
1392,B0100,aggressive,UNKNOWN,15131.548480,28871.862453,3528.137547,4763.521824,29870.537304,15444.891118,537.112780,28216.424147,-4.576777,7047.149058,-49.393930,0.045467,False,False,False,False,True,True,True,1-circle,1.000000,3694.465048,-23294.893031,-1.547306,-0.321972,100.000000,100.000000,0.000000,0.000000,2,4,4,0.0000,0.0000,0.0000,0.5000,"Accelerate",-0.047195
1393,A0100,pursuit_chase_v1,UNKNOWN,15131.548480,28871.862453,3528.137547,4763.521824,29870.537304,15444.891118,537.112780,28216.424147,-4.576777,7047.149058,-49.393930,0.045467,False,False,False,False,True,True,True,1-circle,1.000000,3694.465048,-23294.893031,-1.547306,-0.321972,100.000000,100.000000,0.000000,0.000000,2,5,4,0.0000,0.0000,0.0000,0.5000,"PursuitChaseOptimal",0.063790
1393,B0100,aggressive,UNKNOWN,15131.548480,28871.862453,3528.137547,4763.521824,29870.537304,15444.891118,537.112780,28216.424147,-4.576777,7047.149058,-49.393930,0.045467,False,False,False,False,True,True,True,1-circle,1.000000,3694.465048,-23294.893031,-1.547306,-0.321972,100.000000,100.000000,0.000000,0.000000,2,4,4,0.0000,0.0000,0.0000,0.5000,"Accelerate",-0.059392
1394,A0100,pursuit_chase_v1,UNKNOWN,15140.850416,28888.105435,3511.894565,4788.084356,29899.900276,15444.715612,537.315831,28225.906807,189.653186,7039.273529,-51.328521,0.000316,False,False,False,False,True,True,True,1-circle,1.000000,3697.483773,-23063.686085,0.010749,-0.446616,100.000000,100.000000,0.000000,0.000000,2,5,4,0.0000,0.0000,0.0000,0.5000,"PursuitChaseOptimal",0.053863
1394,B0100,aggressive,UNKNOWN,15140.850416,28888.105435,3511.894565,4788.084356,29899.900276,15444.715612,537.315831,28225.906807,189.653186,7039.273529,-51.328521,0.000316,False,False,False,False,True,True,True,1-circle,1.000000,3697.483773,-23063.686085,0.010749,-0.446616,100.000000,100.000000,0.000000,0.000000,2,4,4,0.0000,0.0000,0.0000,0.5000,"Accelerate",-0.049868
1395,A0100,pursuit_chase_v1,UNKNOWN,15140.850416,28888.105435,3511.894565,4788.084356,29899.900276,15444.715612,537.315831,28225.906807,189.653186,7039.273529,-51.328521,0.000316,False,False,False,False,True,True,True,1-circle,1.000000,3697.483773,-23063.686085,0.010749,-0.446616,100.000000,100.000000,0.000000,0.000000,2,5,4,0.0000,0.0000,0.0000,0.5000,"PursuitChaseOptimal",0.037220
1395,B0100,aggressive,UNKNOWN,15140.850416,28888.105435,3511.894565,4788.084356,29899.900276,15444.715612,537.315831,28225.906807,189.653186,7039.273529,-51.328521,0.000316,False,False,False,False,True,True,True,1-circle,1.000000,3697.483773,-23063.686085,0.010749,-0.446616,100.000000,100.000000,0.000000,0.000000,2,4,4,0.0000,0.0000,0.0000,0.5000,"Accelerate",-0.034407
1396,A0100,pursuit_chase_v1,UNKNOWN,15150.312031,28913.251984,3486.748016,4826.444529,29931.377686,15444.499426,537.361965,28227.885494,39.573749,7025.257149,-53.701727,0.008674,False,False,False,False,True,True,True,1-circle,1.000000,3699.580637,-23061.354169,0.295373,-0.492377,100.000000,100.000000,0.000000,0.000000,2,5,4,0.0000,0.0000,0.0000,0.5000,"PursuitChaseOptimal",0.022209
1396,B0100,aggressive,UNKNOWN,15150.312031,28913.251984,3486.748016,4826.444529,29931.377686,15444.499426,537.361965,28227.885494,39.573749,7025.257149,-53.701727,0.008674,False,False,False,False,True,True,True,1-circle,1.000000,3699.580637,-23061.354169,0.295373,-0.492377,100.000000,100.000000,0.000000,0.000000,2,4,4,0.0000,0.0000,0.0000,0.5000,"Accelerate",-0.020794
1397,A0100,pursuit_chase_v1,UNKNOWN,15150.312031,28913.251984,3486.748016,4826.444529,29931.377686,15444.499426,537.361965,28227.885494,39.573749,7025.257149,-53.701727,0.008674,False,False,False,False,True,True,True,1-circle,1.000000,3699.580637,-23061.354169,0.295373,-0.492377,100.000000,100.000000,0.000000,0.000000,2,5,4,0.0000,0.0000,0.0000,0.5000,"PursuitChaseOptimal",-0.001177
1397,B0100,aggressive,UNKNOWN,15150.312031,28913.251984,3486.748016,4826.444529,29931.377686,15444.499426,537.361965,28227.885494,39.573749,7025.257149,-53.701727,0.008674,False,False,False,False,True,True,True,1-circle,1.000000,3699.580637,-23061.354169,0.295373,-0.492377,100.000000,100.000000,0.000000,0.000000,2,4,4,0.0000,0.0000,0.0000,0.5000,"Accelerate",0.000309
1398,A0100,pursuit_chase_v1,UNKNOWN,15159.956967,28941.538996,3458.461004,4844.950993,29963.281539,15444.393097,537.478155,28233.307863,108.447370,7024.749510,-55.597192,0.032639,False,False,False,False,True,True,True,1-circle,1.000000,3700.787404,-23363.166993,-1.111579,-0.184134,100.000000,100.000000,0.000000,0.000000,2,5,4,0.0000,0.0000,0.0000,0.5000,"PursuitChaseOptimal",-0.003738
1398,B0100,aggressive,UNKNOWN,15159.956967,28941.538996,3458.461004,4844.950993,29963.281539,15444.393097,537.478155,28233.307863,108.447370,7024.749510,-55.597192,0.032639,False,False,False,False,True,True,True,1-circle,1.000000,3700.787404,-23363.166993,-1.111579,-0.184134,100.000000,100.000000,0.000000,0.000000,2,4,4,0.0000,0.0000,0.0000,0.5000,"Accelerate",0.002483
1399,A0100,pursuit_chase_v1,UNKNOWN,15159.956967,28941.538996,3458.461004,4844.950993,29963.281539,15444.393097,537.478155,28233.307863,108.447370,7024.749510,-55.597192,0.032639,False,False,False,False,True,True,True,1-circle,1.000000,3700.787404,-23363.166993,-1.111579,-0.184134,100.000000,100.000000,0.000000,0.000000,2,5,4,0.0000,0.0000,0.0000,0.5000,"PursuitChaseOptimal",0.003464
1399,B0100,aggressive,UNKNOWN,15159.956967,28941.538996,3458.461004,4844.950993,29963.281539,15444.393097,537.478155,28233.307863,108.447370,7024.749510,-55.597192,0.032639,False,False,False,False,True,True,True,1-circle,1.000000,3700.787404,-23363.166993,-1.111579,-0.184134,100.000000,100.000000,0.000000,0.000000,2,4,4,0.0000,0.0000,0.0000,0.5000,"Accelerate",-0.003916
1400,A0100,pursuit_chase_v1,UNKNOWN,15169.716059,28967.169396,3432.830604,4807.289633,29995.281630,15444.307051,537.567000,28237.450184,82.846421,7010.476104,-55.673940,0.022463,False,False,False,False,True,True,True,1-circle,1.000000,3701.772987,-23349.595009,-0.765181,-0.401194,100.000000,100.000000,0.000000,0.000000,2,5,4,0.0000,0.0000,0.0000,0.5000,"PursuitChaseOptimal",0.009268
1400,B0100,aggressive,UNKNOWN,15169.716059,28967.169396,3432.830604,4807.289633,29995.281630,15444.307051,537.567000,28237.450184,82.846421,7010.476104,-55.673940,0.022463,False,False,False,False,True,True,True,1-circle,1.000000,3701.772987,-23349.595009,-0.765181,-0.401194,100.000000,100.000000,0.000000,0.000000,2,4,4,0.0000,0.0000,0.0000,0.5000,"Accelerate",-0.009032
1401,A0100,pursuit_chase_v1,UNKNOWN,15169.716059,28967.169396,3432.830604,4807.289633,29995.281630,15444.307051,537.567000,28237.450184,82.846421,7010.476104,-55.673940,0.022463,False,False,False,False,True,True,True,1-circle,1.000000,3701.772987,-23349.595009,-0.765181,-0.401194,100.000000,100.000000,0.000000,0.000000,2,5,4,0.0000,0.0000,0.0000,0.5000,"PursuitChaseOptimal",0.014023
1401,B0100,aggressive,UNKNOWN,15169.716059,28967.169396,3432.830604,4807.289633,29995.281630,15444.307051,537.567000,28237.450184,82.846421,7010.476104,-55.673940,0.022463,False,False,False,False,True,True,True,1-circle,1.000000,3701.772987,-23349.595009,-0.765181,-0.401194,100.000000,100.000000,0.000000,0.000000,2,4,4,0.0000,0.0000,0.0000,0.5000,"Accelerate",-0.013556
1402,A0100,pursuit_chase_v1,UNKNOWN,15179.410500,28992.788446,3407.211554,4722.092273,30026.339198,15444.318852,537.622114,28240.085341,52.703152,6991.097915,-54.587006,0.061846,False,False,False,False,True,True,True,1-circle,1.000000,3702.896650,-23639.920856,-2.106079,-0.270606,100.000000,100.000000,0.000000,0.000000,2,5,4,0.0000,0.0000,0.0000,0.5000,"PursuitChaseOptimal",0.018410
1402,B0100,aggressive,UNKNOWN,15179.410500,28992.788446,3407.211554,4722.092273,30026.339198,15444.318852,537.622114,28240.085341,52.703152,6991.097915,-54.587006,0.061846,False,False,False,False,True,True,True,1-circle,1.000000,3702.896650,-23639.920856,-2.106079,-0.270606,100.000000,100.000000,0.000000,0.000000,2,4,4,0.0000,0.0000,0.0000,0.5000,"Accelerate",-0.017962
1403,A0100,pursuit_chase_v1,UNKNOWN,15179.410500,28992.788446,3407.211554,4722.092273,30026.339198,15444.318852,537.622114,28240.085341,52.703152,6991.097915,-54.587006,0.061846,False,False,False,False,True,True,True,1-circle,1.000000,3702.896650,-23639.920856,-2.106079,-0.270606,100.000000,100.000000,0.000000,0.000000,2,5,4,0.0000,0.0000,0.0000,0.5000,"PursuitChaseOptimal",0.022439
1403,B0100,aggressive,UNKNOWN,15179.410500,28992.788446,3407.211554,4722.092273,30026.339198,15444.318852,537.622114,28240.085341,52.703152,6991.097915,-54.587006,0.061846,False,False,False,False,True,True,True,1-circle,1.000000,3702.896650,-23639.920856,-2.106079,-0.270606,100.000000,100.000000,0.000000,0.000000,2,4,4,0.0000,0.0000,0.0000,0.5000,"Accelerate",-0.021248
1404,A0100,pursuit_chase_v1,UNKNOWN,15189.009613,29007.505699,3392.494301,4608.135362,30057.022008,15444.274663,537.849659,28250.874918,215.791537,6996.400448,-53.136778,0.006637,False,False,False,False,True,True,True,1-circle,1.000000,3704.569707,-23269.436413,0.226200,-0.465224,100.000000,100.000000,0.000000,0.000000,2,5,4,0.0000,0.0000,0.0000,0.5000,"PursuitChaseOptimal",0.026049
1404,B0100,aggressive,UNKNOWN,15189.009613,29007.505699,3392.494301,4608.135362,30057.022008,15444.274663,537.849659,28250.874918,215.791537,6996.400448,-53.136778,0.006637,False,False,False,False,True,True,True,1-circle,1.000000,3704.569707,-23269.436413,0.226200,-0.465224,100.000000,100.000000,0.000000,0.000000,2,4,4,0.0000,0.0000,0.0000,0.5000,"Accelerate",-0.024305
1405,A0100,pursuit_chase_v1,UNKNOWN,15189.009613,29007.505699,3392.494301,4608.135362,30057.022008,15444.274663,537.849659,28250.874918,215.791537,6996.400448,-53.136778,0.006637,False,False,False,False,True,True,True,1-circle,1.000000,3704.569707,-23269.436413,0.226200,-0.465224,100.000000,100.000000,0.000000,0.000000,2,5,4,0.0000,0.0000,0.0000,0.5000,"PursuitChaseOptimal",0.029793
1405,B0100,aggressive,UNKNOWN,15189.009613,29007.505699,3392.494301,4608.135362,30057.022008,15444.274663,537.849659,28250.874918,215.791537,6996.400448,-53.136778,0.006637,False,False,False,False,True,True,True,1-circle,1.000000,3704.569707,-23269.436413,0.226200,-0.465224,100.000000,100.000000,0.000000,0.000000,2,4,4,0.0000,0.0000,0.0000,0.5000,"Accelerate",-0.027548
1406,A0100,pursuit_chase_v1,UNKNOWN,15198.515048,29034.929192,3365.070808,4475.742441,30091.010855,15444.221235,537.832081,28249.984399,-17.810387,7006.108160,-51.891532,0.062310,False,False,False,False,True,True,True,1-circle,1.000000,3706.826048,-23741.686584,-2.122643,-0.491725,100.000000,100.000000,0.000000,0.000000,2,5,4,0.0000,0.0000,0.0000,0.5000,"PursuitChaseOptimal",0.033144
1406,B0100,aggressive,UNKNOWN,15198.515048,29034.929192,3365.070808,4475.742441,30091.010855,15444.221235,537.832081,28249.984399,-17.810387,7006.108160,-51.891532,0.062310,False,False,False,False,True,True,True,1-circle,1.000000,3706.826048,-23741.686584,-2.122643,-0.491725,100.000000,100.000000,0.000000,0.000000,2,4,4,0.0000,0.0000,0.0000,0.5000,"Accelerate",-0.030533
1407,A0100,pursuit_chase_v1,UNKNOWN,15198.515048,29034.929192,3365.070808,4475.742441,30091.010855,15444.221235,537.832081,28249.984399,-17.810387,7006.108160,-51.891532,0.062310,False,False,False,False,True,True,True,1-circle,1.000000,3706.826048,-23741.686584,-2.122643,-0.491725,100.000000,100.000000,0.000000,0.000000,2,5,4,0.0000,0.0000,0.0000,0.5000,"PursuitChaseOptimal",0.036273
1407,B0100,aggressive,UNKNOWN,15198.515048,29034.929192,3365.070808,4475.742441,30091.010855,15444.221235,537.832081,28249.984399,-17.810387,7006.108160,-51.891532,0.062310,False,False,False,False,True,True,True,1-circle,1.000000,3706.826048,-23741.686584,-2.122643,-0.491725,100.000000,100.000000,0.000000,0.000000,2,4,4,0.0000,0.0000,0.0000,0.5000,"Accelerate",-0.033788
1408,A0100,pursuit_chase_v1,UNKNOWN,15207.945678,29046.971013,3353.028987,4339.661050,30118.046702,15444.173773,538.026821,28259.212144,184.554898,7034.737773,-50.595899,0.016335,False,False,False,False,True,True,True,1-circle,1.000000,3709.657078,-23509.247421,-0.556887,-0.347246,100.000000,100.000000,0.000000,0.000000,2,4,4,0.0000,0.0000,0.0000,0.5000,"PursuitChaseOptimal",0.045060
1408,B0100,aggressive,UNKNOWN,15207.945678,29046.971013,3353.028987,4339.661050,30118.046702,15444.173773,538.026821,28259.212144,184.554898,7034.737773,-50.595899,0.016335,False,False,False,False,True,True,True,1-circle,1.000000,3709.657078,-23509.247421,-0.556887,-0.347246,100.000000,100.000000,0.000000,0.000000,2,4,4,0.0000,0.0000,0.0000,0.5000,"Accelerate",-0.041194
1409,A0100,pursuit_chase_v1,UNKNOWN,15207.945678,29046.971013,3353.028987,4339.661050,30118.046702,15444.173773,538.026821,28259.212144,184.554898,7034.737773,-50.595899,0.016335,False,False,False,False,True,True,True,1-circle,1.000000,3709.657078,-23509.247421,-0.556887,-0.347246,100.000000,100.000000,0.000000,0.000000,2,4,4,0.0000,0.0000,0.0000,0.5000,"PursuitChaseOptimal",0.038482
1409,B0100,aggressive,UNKNOWN,15207.945678,29046.971013,3353.028987,4339.661050,30118.046702,15444.173773,538.026821,28259.212144,184.554898,7034.737773,-50.595899,0.016335,False,False,False,False,True,True,True,1-circle,1.000000,3709.657078,-23509.247421,-0.556887,-0.347246,100.000000,100.000000,0.000000,0.000000,2,4,4,0.0000,0.0000,0.0000,0.5000,"Accelerate",-0.035040
1410,A0100,pursuit_chase_v1,UNKNOWN,15217.313863,29065.482501,3334.517499,4190.030553,30146.205592,15444.057471,538.103948,28262.770191,71.160956,7059.151347,-49.338355,0.008146,False,False,False,False,True,True,True,1-circle,1.000000,3713.114622,-23508.244326,-0.277742,-0.605283,100.000000,100.000000,0.000000,0.000000,2,4,4,0.0000,0.0000,0.0000,0.5000,"PursuitChaseOptimal",0.035475
1410,B0100,aggressive,UNKNOWN,15217.313863,29065.482501,3334.517499,4190.030553,30146.205592,15444.057471,538.103948,28262.770191,71.160956,7059.151347,-49.338355,0.008146,False,False,False,False,True,True,True,1-circle,1.000000,3713.114622,-23508.244326,-0.277742,-0.605283,100.000000,100.000000,0.000000,0.000000,2,4,4,0.0000,0.0000,0.0000,0.5000,"Accelerate",-0.032213
1411,A0100,pursuit_chase_v1,UNKNOWN,15217.313863,29065.482501,3334.517499,4190.030553,30146.205592,15444.057471,538.103948,28262.770191,71.160956,7059.151347,-49.338355,0.008146,False,False,False,False,True,True,True,1-circle,1.000000,3713.114622,-23508.244326,-0.277742,-0.605283,100.000000,100.000000,0.000000,0.000000,2,4,4,0.0000,0.0000,0.0000,0.5000,"PursuitChaseOptimal",0.019553
1411,B0100,aggressive,UNKNOWN,15217.313863,29065.482501,3334.517499,4190.030553,30146.205592,15444.057471,538.103948,28262.770191,71.160956,7059.151347,-49.338355,0.008146,False,False,False,False,True,True,True,1-circle,1.000000,3713.114622,-23508.244326,-0.277742,-0.605283,100.000000,100.000000,0.000000,0.000000,2,4,4,0.0000,0.0000,0.0000,0.5000,"Accelerate",-0.018018
1412,A0100,pursuit_chase_v1,UNKNOWN,15226.597229,29084.610466,3315.389534,4050.614360,30172.365308,15444.003667,538.149873,28264.904556,42.687294,7081.810518,-48.251658,0.049091,False,False,False,False,True,True,True,1-circle,1.000000,3717.058901,-23808.271593,-1.673522,-0.347212,100.000000,100.000000,0.000000,0.000000,2,4,4,0.0000,0.0000,0.0000,0.5000,"PursuitChaseOptimal",0.006050
1412,B0100,aggressive,UNKNOWN,15226.597229,29084.610466,3315.389534,4050.614360,30172.365308,15444.003667,538.149873,28264.904556,42.687294,7081.810518,-48.251658,0.049091,False,False,False,False,True,True,True,1-circle,1.000000,3717.058901,-23808.271593,-1.673522,-0.347212,100.000000,100.000000,0.000000,0.000000,2,4,4,0.0000,0.0000,0.0000,0.5000,"Accelerate",-0.006502
1413,A0100,pursuit_chase_v1,UNKNOWN,15226.597229,29084.610466,3315.389534,4050.614360,30172.365308,15444.003667,538.149873,28264.904556,42.687294,7081.810518,-48.251658,0.049091,False,False,False,False,True,True,True,1-circle,1.000000,3717.058901,-23808.271593,-1.673522,-0.347212,100.000000,100.000000,0.000000,0.000000,2,4,4,0.0000,0.0000,0.0000,0.5000,"PursuitChaseOptimal",-0.003343
1413,B0100,aggressive,UNKNOWN,15226.597229,29084.610466,3315.389534,4050.614360,30172.365308,15444.003667,538.149873,28264.904556,42.687294,7081.810518,-48.251658,0.049091,False,False,False,False,True,True,True,1-circle,1.000000,3717.058901,-23808.271593,-1.673522,-0.347212,100.000000,100.000000,0.000000,0.000000,2,4,4,0.0000,0.0000,0.0000,0.5000,"Accelerate",0.002215
1414,A0100,pursuit_chase_v1,UNKNOWN,15235.869975,29094.491654,3305.508346,3945.315328,30198.464775,15443.888869,538.345444,28274.110038,184.109632,7116.076085,-47.637966,0.022067,False,False,False,False,True,True,True,1-circle,1.000000,3721.578870,-23420.207946,0.752704,-0.519924,100.000000,100.000000,0.000000,0.000000,2,4,4,0.0000,0.0000,0.0000,0.5000,"PursuitChaseOptimal",-0.009992
1414,B0100,aggressive,UNKNOWN,15235.869975,29094.491654,3305.508346,3945.315328,30198.464775,15443.888869,538.345444,28274.110038,184.109632,7116.076085,-47.637966,0.022067,False,False,False,False,True,True,True,1-circle,1.000000,3721.578870,-23420.207946,0.752704,-0.519924,100.000000,100.000000,0.000000,0.000000,2,4,4,0.0000,0.0000,0.0000,0.5000,"Accelerate",0.008340
1415,A0100,pursuit_chase_v1,UNKNOWN,15235.869975,29094.491654,3305.508346,3945.315328,30198.464775,15443.888869,538.345444,28274.110038,184.109632,7116.076085,-47.637966,0.022067,False,False,False,False,True,True,True,1-circle,1.000000,3721.578870,-23420.207946,0.752704,-0.519924,100.000000,100.000000,0.000000,0.000000,2,4,4,0.0000,0.0000,0.0000,0.5000,"PursuitChaseOptimal",-0.014898
1415,B0100,aggressive,UNKNOWN,15235.869975,29094.491654,3305.508346,3945.315328,30198.464775,15443.888869,538.345444,28274.110038,184.109632,7116.076085,-47.637966,0.022067,False,False,False,False,True,True,True,1-circle,1.000000,3721.578870,-23420.207946,0.752704,-0.519924,100.000000,100.000000,0.000000,0.000000,2,4,4,0.0000,0.0000,0.0000,0.5000,"Accelerate",0.012797
1416,A0100,pursuit_chase_v1,UNKNOWN,15245.165082,29117.675587,3282.324413,3864.387707,30227.551531,15443.777230,538.302909,28271.971020,-42.780351,7124.962492,-47.274669,0.047108,False,False,False,False,True,True,True,1-circle,1.000000,3726.504850,-23893.442596,-1.606378,-0.538725,100.000000,100.000000,0.000000,0.000000,2,4,4,0.0000,0.0000,0.0000,0.5000,"PursuitChaseOptimal",-0.019579
1416,B0100,aggressive,UNKNOWN,15245.165082,29117.675587,3282.324413,3864.387707,30227.551531,15443.777230,538.302909,28271.971020,-42.780351,7124.962492,-47.274669,0.047108,False,False,False,False,True,True,True,1-circle,1.000000,3726.504850,-23893.442596,-1.606378,-0.538725,100.000000,100.000000,0.000000,0.000000,2,4,4,0.0000,0.0000,0.0000,0.5000,"Accelerate",0.016932
1417,A0100,pursuit_chase_v1,UNKNOWN,15245.165082,29117.675587,3282.324413,3864.387707,30227.551531,15443.777230,538.302909,28271.971020,-42.780351,7124.962492,-47.274669,0.047108,False,False,False,False,True,True,True,1-circle,1.000000,3726.504850,-23893.442596,-1.606378,-0.538725,100.000000,100.000000,0.000000,0.000000,2,4,4,0.0000,0.0000,0.0000,0.5000,"PursuitChaseOptimal",-0.023025
1417,B0100,aggressive,UNKNOWN,15245.165082,29117.675587,3282.324413,3864.387707,30227.551531,15443.777230,538.302909,28271.971020,-42.780351,7124.962492,-47.274669,0.047108,False,False,False,False,True,True,True,1-circle,1.000000,3726.504850,-23893.442596,-1.606378,-0.538725,100.000000,100.000000,0.000000,0.000000,2,4,4,0.0000,0.0000,0.0000,0.5000,"Accelerate",0.019505
1418,A0100,pursuit_chase_v1,UNKNOWN,15254.481377,29125.624200,3274.375800,3809.013787,30250.328400,15443.683151,538.475712,28280.114328,162.866153,7140.847347,-46.937655,0.001056,False,False,False,False,True,True,True,1-circle,1.000000,3731.750928,-23659.452887,-0.036046,-0.390492,100.000000,100.000000,0.000000,0.000000,2,4,4,0.0000,0.0000,0.0000,0.5000,"PursuitChaseOptimal",-0.022373
1418,B0100,aggressive,UNKNOWN,15254.481377,29125.624200,3274.375800,3809.013787,30250.328400,15443.683151,538.475712,28280.114328,162.866153,7140.847347,-46.937655,0.001056,False,False,False,False,True,True,True,1-circle,1.000000,3731.750928,-23659.452887,-0.036046,-0.390492,100.000000,100.000000,0.000000,0.000000,2,4,4,0.0000,0.0000,0.0000,0.5000,"Accelerate",0.019351
1419,A0100,pursuit_chase_v1,UNKNOWN,15254.481377,29125.624200,3274.375800,3809.013787,30250.328400,15443.683151,538.475712,28280.114328,162.866153,7140.847347,-46.937655,0.001056,False,False,False,False,True,True,True,1-circle,1.000000,3731.750928,-23659.452887,-0.036046,-0.390492,100.000000,100.000000,0.000000,0.000000,2,4,4,0.0000,0.0000,0.0000,0.5000,"PursuitChaseOptimal",-0.016011
1419,B0100,aggressive,UNKNOWN,15254.481377,29125.624200,3274.375800,3809.013787,30250.328400,15443.683151,538.475712,28280.114328,162.866153,7140.847347,-46.937655,0.001056,False,False,False,False,True,True,True,1-circle,1.000000,3731.750928,-23659.452887,-0.036046,-0.390492,100.000000,100.000000,0.000000,0.000000,2,4,4,0.0000,0.0000,0.0000,0.5000,"Accelerate",0.014017
1420,A0100,pursuit_chase_v1,UNKNOWN,15263.840287,29142.696949,3257.303051,3770.789569,30274.738222,15443.536338,538.511427,28281.670327,31.119987,7146.596806,-46.951555,0.006983,False,False,False,False,True,True,True,1-circle,1.000000,3737.313319,-23659.001988,0.238282,-0.507722,100.000000,100.000000,0.000000,0.000000,2,4,4,0.0000,0.0000,0.0000,0.5000,"PursuitChaseOptimal",-0.007714
1420,B0100,aggressive,UNKNOWN,15263.840287,29142.696949,3257.303051,3770.789569,30274.738222,15443.536338,538.511427,28281.670327,31.119987,7146.596806,-46.951555,0.006983,False,False,False,False,True,True,True,1-circle,1.000000,3737.313319,-23659.001988,0.238282,-0.507722,100.000000,100.000000,0.000000,0.000000,2,4,4,0.0000,0.0000,0.0000,0.5000,"Accelerate",0.006590
1421,A0100,pursuit_chase_v1,UNKNOWN,15263.840287,29142.696949,3257.303051,3770.789569,30274.738222,15443.536338,538.511427,28281.670327,31.119987,7146.596806,-46.951555,0.006983,False,False,False,False,True,True,True,1-circle,1.000000,3737.313319,-23659.001988,0.238282,-0.507722,100.000000,100.000000,0.000000,0.000000,2,4,4,0.0000,0.0000,0.0000,0.5000,"PursuitChaseOptimal",0.001886
1421,B0100,aggressive,UNKNOWN,15263.840287,29142.696949,3257.303051,3770.789569,30274.738222,15443.536338,538.511427,28281.670327,31.119987,7146.596806,-46.951555,0.006983,False,False,False,False,True,True,True,1-circle,1.000000,3737.313319,-23659.001988,0.238282,-0.507722,100.000000,100.000000,0.000000,0.000000,2,4,4,0.0000,0.0000,0.0000,0.5000,"Accelerate",-0.002095
1422,A0100,pursuit_chase_v1,UNKNOWN,15273.249744,29162.125838,3237.874162,3754.711608,30299.072595,15443.493129,538.606068,28286.140039,89.394236,7152.251961,-47.483403,0.034307,False,False,False,False,True,True,True,1-circle,1.000000,3742.838793,-23961.553104,-1.170624,-0.186677,100.000000,100.000000,0.000000,0.000000,2,4,4,0.0000,0.0000,0.0000,0.5000,"PursuitChaseOptimal",0.013176
1422,B0100,aggressive,UNKNOWN,15273.249744,29162.125838,3237.874162,3754.711608,30299.072595,15443.493129,538.606068,28286.140039,89.394236,7152.251961,-47.483403,0.034307,False,False,False,False,True,True,True,1-circle,1.000000,3742.838793,-23961.553104,-1.170624,-0.186677,100.000000,100.000000,0.000000,0.000000,2,4,4,0.0000,0.0000,0.0000,0.5000,"Accelerate",-0.012336
1423,A0100,pursuit_chase_v1,UNKNOWN,15273.249744,29162.125838,3237.874162,3754.711608,30299.072595,15443.493129,538.606068,28286.140039,89.394236,7152.251961,-47.483403,0.034307,False,False,False,False,True,True,True,1-circle,1.000000,3742.838793,-23961.553104,-1.170624,-0.186677,100.000000,100.000000,0.000000,0.000000,2,4,4,0.0000,0.0000,0.0000,0.5000,"PursuitChaseOptimal",0.025063
1423,B0100,aggressive,UNKNOWN,15273.249744,29162.125838,3237.874162,3754.711608,30299.072595,15443.493129,538.606068,28286.140039,89.394236,7152.251961,-47.483403,0.034307,False,False,False,False,True,True,True,1-circle,1.000000,3742.838793,-23961.553104,-1.170624,-0.186677,100.000000,100.000000,0.000000,0.000000,2,4,4,0.0000,0.0000,0.0000,0.5000,"Accelerate",-0.022870
1424,A0100,pursuit_chase_v1,UNKNOWN,15282.741063,29178.238179,3221.761821,3755.894317,30323.617960,15443.462255,538.704990,28290.827007,93.739365,7162.371995,-48.481352,0.023883,False,False,False,False,True,True,True,1-circle,1.000000,3748.180802,-23946.640826,-0.815138,-0.405913,100.000000,100.000000,0.000000,0.000000,2,4,4,0.0000,0.0000,0.0000,0.5000,"PursuitChaseOptimal",0.032211
1424,B0100,aggressive,UNKNOWN,15282.741063,29178.238179,3221.761821,3755.894317,30323.617960,15443.462255,538.704990,28290.827007,93.739365,7162.371995,-48.481352,0.023883,False,False,False,False,True,True,True,1-circle,1.000000,3748.180802,-23946.640826,-0.815138,-0.405913,100.000000,100.000000,0.000000,0.000000,2,4,4,0.0000,0.0000,0.0000,0.5000,"Accelerate",-0.029352
1425,A0100,pursuit_chase_v1,UNKNOWN,15282.741063,29178.238179,3221.761821,3755.894317,30323.617960,15443.462255,538.704990,28290.827007,93.739365,7162.371995,-48.481352,0.023883,False,False,False,False,True,True,True,1-circle,1.000000,3748.180802,-23946.640826,-0.815138,-0.405913,100.000000,100.000000,0.000000,0.000000,2,4,4,0.0000,0.0000,0.0000,0.5000,"PursuitChaseOptimal",0.029939
1425,B0100,aggressive,UNKNOWN,15282.741063,29178.238179,3221.761821,3755.894317,30323.617960,15443.462255,538.704990,28290.827007,93.739365,7162.371995,-48.481352,0.023883,False,False,False,False,True,True,True,1-circle,1.000000,3748.180802,-23946.640826,-0.815138,-0.405913,100.000000,100.000000,0.000000,0.000000,2,4,4,0.0000,0.0000,0.0000,0.5000,"Accelerate",-0.027438
1426,A0100,pursuit_chase_v1,UNKNOWN,15292.337708,29189.103260,3210.896740,3765.095066,30347.060573,15443.470885,538.792673,28295.018232,83.824497,7178.241839,-49.699111,0.065632,False,False,False,False,True,True,True,1-circle,1.000000,3753.109858,-24251.994877,-2.239382,-0.637831,100.000000,100.000000,0.000000,0.000000,2,4,4,0.0000,0.0000,0.0000,0.5000,"PursuitChaseOptimal",0.020942
1426,B0100,aggressive,UNKNOWN,15292.337708,29189.103260,3210.896740,3765.095066,30347.060573,15443.470885,538.792673,28295.018232,83.824497,7178.241839,-49.699111,0.065632,False,False,False,False,True,True,True,1-circle,1.000000,3753.109858,-24251.994877,-2.239382,-0.637831,100.000000,100.000000,0.000000,0.000000,2,4,4,0.0000,0.0000,0.0000,0.5000,"Accelerate",-0.019903
1427,A0100,pursuit_chase_v1,UNKNOWN,15292.337708,29189.103260,3210.896740,3765.095066,30347.060573,15443.470885,538.792673,28295.018232,83.824497,7178.241839,-49.699111,0.065632,False,False,False,False,True,True,True,1-circle,1.000000,3753.109858,-24251.994877,-2.239382,-0.637831,100.000000,100.000000,0.000000,0.000000,2,4,4,0.0000,0.0000,0.0000,0.5000,"PursuitChaseOptimal",0.010019
1427,B0100,aggressive,UNKNOWN,15292.337708,29189.103260,3210.896740,3765.095066,30347.060573,15443.470885,538.792673,28295.018232,83.824497,7178.241839,-49.699111,0.065632,False,False,False,False,True,True,True,1-circle,1.000000,3753.109858,-24251.994877,-2.239382,-0.637831,100.000000,100.000000,0.000000,0.000000,2,4,4,0.0000,0.0000,0.0000,0.5000,"Accelerate",-0.009875
1428,A0100,pursuit_chase_v1,UNKNOWN,15302.079817,29190.504790,3209.495210,3771.179710,30371.283177,15443.338811,538.999002,28304.730959,194.254536,7201.792555,-50.681344,0.005324,False,False,False,False,True,True,True,1-circle,1.000000,3757.821348,-23865.393275,0.181800,-0.810618,100.000000,100.000000,0.000000,0.000000,2,4,4,0.0000,0.0000,0.0000,0.5000,"PursuitChaseOptimal",-0.003253
1428,B0100,aggressive,UNKNOWN,15302.079817,29190.504790,3209.495210,3771.179710,30371.283177,15443.338811,538.999002,28304.730959,194.254536,7201.792555,-50.681344,0.005324,False,False,False,False,True,True,True,1-circle,1.000000,3757.821348,-23865.393275,0.181800,-0.810618,100.000000,100.000000,0.000000,0.000000,2,4,4,0.0000,0.0000,0.0000,0.5000,"Accelerate",0.002181
1429,A0100,pursuit_chase_v1,UNKNOWN,15302.079817,29190.504790,3209.495210,3771.179710,30371.283177,15443.338811,538.999002,28304.730959,194.254536,7201.792555,-50.681344,0.005324,False,False,False,False,True,True,True,1-circle,1.000000,3757.821348,-23865.393275,0.181800,-0.810618,100.000000,100.000000,0.000000,0.000000,2,4,4,0.0000,0.0000,0.0000,0.5000,"PursuitChaseOptimal",-0.021048
1429,B0100,aggressive,UNKNOWN,15302.079817,29190.504790,3209.495210,3771.179710,30371.283177,15443.338811,538.999002,28304.730959,194.254536,7201.792555,-50.681344,0.005324,False,False,False,False,True,True,True,1-circle,1.000000,3757.821348,-23865.393275,0.181800,-0.810618,100.000000,100.000000,0.000000,0.000000,2,4,4,0.0000,0.0000,0.0000,0.5000,"Accelerate",0.018209
1430,A0100,pursuit_chase_v1,UNKNOWN,15311.932928,29207.177001,3192.822999,3769.762023,30398.367654,15443.132284,538.953108,28302.334307,-47.933031,7206.692357,-51.377808,0.064696,False,False,False,False,True,True,True,1-circle,1.000000,3762.418782,-24345.051024,-2.208064,-0.773619,100.000000,100.000000,0.000000,0.000000,2,4,4,0.0000,0.0000,0.0000,0.5000,"PursuitChaseOptimal",-0.027817
1430,B0100,aggressive,UNKNOWN,15311.932928,29207.177001,3192.822999,3769.762023,30398.367654,15443.132284,538.953108,28302.334307,-47.933031,7206.692357,-51.377808,0.064696,False,False,False,False,True,True,True,1-circle,1.000000,3762.418782,-24345.051024,-2.208064,-0.773619,100.000000,100.000000,0.000000,0.000000,2,4,4,0.0000,0.0000,0.0000,0.5000,"Accelerate",0.024060
1431,A0100,pursuit_chase_v1,UNKNOWN,15311.932928,29207.177001,3192.822999,3769.762023,30398.367654,15443.132284,538.953108,28302.334307,-47.933031,7206.692357,-51.377808,0.064696,False,False,False,False,True,True,True,1-circle,1.000000,3762.418782,-24345.051024,-2.208064,-0.773619,100.000000,100.000000,0.000000,0.000000,2,4,4,0.0000,0.0000,0.0000,0.5000,"PursuitChaseOptimal",-0.034059
1431,B0100,aggressive,UNKNOWN,15311.932928,29207.177001,3192.822999,3769.762023,30398.367654,15443.132284,538.953108,28302.334307,-47.933031,7206.692357,-51.377808,0.064696,False,False,False,False,True,True,True,1-circle,1.000000,3762.418782,-24345.051024,-2.208064,-0.773619,100.000000,100.000000,0.000000,0.000000,2,4,4,0.0000,0.0000,0.0000,0.5000,"Accelerate",0.029230
1432,A0100,pursuit_chase_v1,UNKNOWN,15321.888086,29211.462708,3188.537292,3771.786731,30422.029617,15442.890109,539.109985,28309.579263,144.899117,7220.494245,-51.786530,0.018818,False,False,False,False,True,True,True,1-circle,1.000000,3767.045748,-24113.214747,-0.642724,-0.601923,100.000000,100.000000,0.000000,0.000000,2,4,4,0.0000,0.0000,0.0000,0.5000,"PursuitChaseOptimal",-0.031160
1432,B0100,aggressive,UNKNOWN,15321.888086,29211.462708,3188.537292,3771.786731,30422.029617,15442.890109,539.109985,28309.579263,144.899117,7220.494245,-51.786530,0.018818,False,False,False,False,True,True,True,1-circle,1.000000,3767.045748,-24113.214747,-0.642724,-0.601923,100.000000,100.000000,0.000000,0.000000,2,4,4,0.0000,0.0000,0.0000,0.5000,"Accelerate",0.027105
1433,A0100,pursuit_chase_v1,UNKNOWN,15321.888086,29211.462708,3188.537292,3771.786731,30422.029617,15442.890109,539.109985,28309.579263,144.899117,7220.494245,-51.786530,0.018818,False,False,False,False,True,True,True,1-circle,1.000000,3767.045748,-24113.214747,-0.642724,-0.601923,100.000000,100.000000,0.000000,0.000000,2,4,4,0.0000,0.0000,0.0000,0.5000,"PursuitChaseOptimal",-0.016105
1433,B0100,aggressive,UNKNOWN,15321.888086,29211.462708,3188.537292,3771.786731,30422.029617,15442.890109,539.109985,28309.579263,144.899117,7220.494245,-51.786530,0.018818,False,False,False,False,True,True,True,1-circle,1.000000,3767.045748,-24113.214747,-0.642724,-0.601923,100.000000,100.000000,0.000000,0.000000,2,4,4,0.0000,0.0000,0.0000,0.5000,"Accelerate",0.014013
1434,A0100,pursuit_chase_v1,UNKNOWN,15331.973020,29225.414039,3174.585961,3773.943901,30446.502704,15442.550743,539.160779,28311.664555,41.705833,7237.089797,-52.556121,0.011197,False,False,False,False,True,True,True,1-circle,1.000000,3771.812291,-24116.876818,-0.382487,-0.674315,100.000000,100.000000,0.000000,0.000000,2,4,4,0.0000,0.0000,0.0000,0.5000,"PursuitChaseOptimal",0.001386
1434,B0100,aggressive,UNKNOWN,15331.973020,29225.414039,3174.585961,3773.943901,30446.502704,15442.550743,539.160779,28311.664555,41.705833,7237.089797,-52.556121,0.011197,False,False,False,False,True,True,True,1-circle,1.000000,3771.812291,-24116.876818,-0.382487,-0.674315,100.000000,100.000000,0.000000,0.000000,2,4,4,0.0000,0.0000,0.0000,0.5000,"Accelerate",-0.001665
1435,A0100,pursuit_chase_v1,UNKNOWN,15331.973020,29225.414039,3174.585961,3773.943901,30446.502704,15442.550743,539.160779,28311.664555,41.705833,7237.089797,-52.556121,0.011197,False,False,False,False,True,True,True,1-circle,1.000000,3771.812291,-24116.876818,-0.382487,-0.674315,100.000000,100.000000,0.000000,0.000000,2,4,4,0.0000,0.0000,0.0000,0.5000,"PursuitChaseOptimal",0.025916
1435,B0100,aggressive,UNKNOWN,15331.973020,29225.414039,3174.585961,3773.943901,30446.502704,15442.550743,539.160779,28311.664555,41.705833,7237.089797,-52.556121,0.011197,False,False,False,False,True,True,True,1-circle,1.000000,3771.812291,-24116.876818,-0.382487,-0.674315,100.000000,100.000000,0.000000,0.000000,2,4,4,0.0000,0.0000,0.0000,0.5000,"Accelerate",-0.023768
1436,A0100,pursuit_chase_v1,UNKNOWN,15342.182053,29239.474833,3160.525167,3779.447058,30469.840796,15442.270685,539.230486,28314.712367,60.956243,7250.252604,-53.646173,0.052299,False,False,False,False,True,True,True,1-circle,1.000000,3776.377236,-24420.182495,-1.786112,-0.452407,100.000000,100.000000,0.000000,0.000000,2,4,4,0.0000,0.0000,0.0000,0.5000,"PursuitChaseOptimal",0.052895
1436,B0100,aggressive,UNKNOWN,15342.182053,29239.474833,3160.525167,3779.447058,30469.840796,15442.270685,539.230486,28314.712367,60.956243,7250.252604,-53.646173,0.052299,False,False,False,False,True,True,True,1-circle,1.000000,3776.377236,-24420.182495,-1.786112,-0.452407,100.000000,100.000000,0.000000,0.000000,2,4,4,0.0000,0.0000,0.0000,0.5000,"Accelerate",-0.048248
1437,A0100,pursuit_chase_v1,UNKNOWN,15342.182053,29239.474833,3160.525167,3779.447058,30469.840796,15442.270685,539.230486,28314.712367,60.956243,7250.252604,-53.646173,0.052299,False,False,False,False,True,True,True,1-circle,1.000000,3776.377236,-24420.182495,-1.786112,-0.452407,100.000000,100.000000,0.000000,0.000000,2,4,4,0.0000,0.0000,0.0000,0.5000,"PursuitChaseOptimal",0.075413
1437,B0100,aggressive,UNKNOWN,15342.182053,29239.474833,3160.525167,3779.447058,30469.840796,15442.270685,539.230486,28314.712367,60.956243,7250.252604,-53.646173,0.052299,False,False,False,False,True,True,True,1-circle,1.000000,3776.377236,-24420.182495,-1.786112,-0.452407,100.000000,100.000000,0.000000,0.000000,2,4,4,0.0000,0.0000,0.0000,0.5000,"Accelerate",-0.067760
1438,A0100,pursuit_chase_v1,UNKNOWN,15352.508401,29246.959281,3153.040719,3780.773660,30494.164200,15441.915037,539.417535,28323.288714,171.526951,7263.941278,-55.002683,0.018993,False,False,False,False,True,True,True,1-circle,1.000000,3780.550041,-24032.513728,0.649027,-0.705563,100.000000,100.000000,0.000000,0.000000,2,4,4,0.0000,0.0000,0.0000,0.5000,"PursuitChaseOptimal",0.070672
1438,B0100,aggressive,UNKNOWN,15352.508401,29246.959281,3153.040719,3780.773660,30494.164200,15441.915037,539.417535,28323.288714,171.526951,7263.941278,-55.002683,0.018993,False,False,False,False,True,True,True,1-circle,1.000000,3780.550041,-24032.513728,0.649027,-0.705563,100.000000,100.000000,0.000000,0.000000,2,4,4,0.0000,0.0000,0.0000,0.5000,"Accelerate",-0.062988
1439,A0100,pursuit_chase_v1,UNKNOWN,15352.508401,29246.959281,3153.040719,3780.773660,30494.164200,15441.915037,539.417535,28323.288714,171.526951,7263.941278,-55.002683,0.018993,False,False,False,False,True,True,True,1-circle,1.000000,3780.550041,-24032.513728,0.649027,-0.705563,100.000000,100.000000,0.000000,0.000000,2,4,4,0.0000,0.0000,0.0000,0.5000,"PursuitChaseOptimal",0.032860
1439,B0100,aggressive,UNKNOWN,15352.508401,29246.959281,3153.040719,3780.773660,30494.164200,15441.915037,539.417535,28323.288714,171.526951,7263.941278,-55.002683,0.018993,False,False,False,False,True,True,True,1-circle,1.000000,3780.550041,-24032.513728,0.649027,-0.705563,100.000000,100.000000,0.000000,0.000000,2,4,4,0.0000,0.0000,0.0000,0.5000,"Accelerate",-0.029366
1440,A0100,pursuit_chase_v1,UNKNOWN,15362.906684,29272.274220,3127.725780,3776.476827,30522.168423,15441.594542,539.422637,28323.211887,-1.536541,7261.609303,-56.327274,0.050581,False,False,False,False,True,True,True,1-circle,1.000000,3784.067961,-24510.608240,-1.728008,-0.436028,100.000000,100.000000,0.000000,0.000000,2,4,4,0.0000,0.0000,0.0000,0.5000,"PursuitChaseOptimal",0.002157
1440,B0100,aggressive,UNKNOWN,15362.906684,29272.274220,3127.725780,3776.476827,30522.168423,15441.594542,539.422637,28323.211887,-1.536541,7261.609303,-56.327274,0.050581,False,False,False,False,True,True,True,1-circle,1.000000,3784.067961,-24510.608240,-1.728008,-0.436028,100.000000,100.000000,0.000000,0.000000,2,4,4,0.0000,0.0000,0.0000,0.5000,"Accelerate",-0.002255
1441,A0100,pursuit_chase_v1,UNKNOWN,15362.906684,29272.274220,3127.725780,3776.476827,30522.168423,15441.594542,539.422637,28323.211887,-1.536541,7261.609303,-56.327274,0.050581,False,False,False,False,True,True,True,1-circle,1.000000,3784.067961,-24510.608240,-1.728008,-0.436028,100.000000,100.000000,0.000000,0.000000,2,4,4,0.0000,0.0000,0.0000,0.5000,"PursuitChaseOptimal",-0.009842
1441,B0100,aggressive,UNKNOWN,15362.906684,29272.274220,3127.725780,3776.476827,30522.168423,15441.594542,539.422637,28323.211887,-1.536541,7261.609303,-56.327274,0.050581,False,False,False,False,True,True,True,1-circle,1.000000,3784.067961,-24510.608240,-1.728008,-0.436028,100.000000,100.000000,0.000000,0.000000,2,4,4,0.0000,0.0000,0.0000,0.5000,"Accelerate",0.007799
1442,A0100,pursuit_chase_v1,UNKNOWN,15373.407074,29282.931751,3117.068249,3784.784488,30544.446511,15441.336447,539.611070,28331.955064,174.863523,7276.224935,-57.275819,0.004460,False,False,False,False,True,True,True,1-circle,1.000000,3787.189301,-24277.211449,-0.152453,-0.356835,100.000000,100.000000,0.000000,0.000000,2,4,4,0.0000,0.0000,0.0000,0.5000,"PursuitChaseOptimal",-0.016007
1442,B0100,aggressive,UNKNOWN,15373.407074,29282.931751,3117.068249,3784.784488,30544.446511,15441.336447,539.611070,28331.955064,174.863523,7276.224935,-57.275819,0.004460,False,False,False,False,True,True,True,1-circle,1.000000,3787.189301,-24277.211449,-0.152453,-0.356835,100.000000,100.000000,0.000000,0.000000,2,4,4,0.0000,0.0000,0.0000,0.5000,"Accelerate",0.013633
1443,A0100,pursuit_chase_v1,UNKNOWN,15373.407074,29282.931751,3117.068249,3784.784488,30544.446511,15441.336447,539.611070,28331.955064,174.863523,7276.224935,-57.275819,0.004460,False,False,False,False,True,True,True,1-circle,1.000000,3787.189301,-24277.211449,-0.152453,-0.356835,100.000000,100.000000,0.000000,0.000000,2,4,4,0.0000,0.0000,0.0000,0.5000,"PursuitChaseOptimal",-0.001947
1443,B0100,aggressive,UNKNOWN,15373.407074,29282.931751,3117.068249,3784.784488,30544.446511,15441.336447,539.611070,28331.955064,174.863523,7276.224935,-57.275819,0.004460,False,False,False,False,True,True,True,1-circle,1.000000,3787.189301,-24277.211449,-0.152453,-0.356835,100.000000,100.000000,0.000000,0.000000,2,4,4,0.0000,0.0000,0.0000,0.5000,"Accelerate",0.001538
1444,A0100,pursuit_chase_v1,UNKNOWN,15384.015869,29302.321616,3097.678384,3789.747384,30568.688547,15441.062630,539.639400,28333.034828,21.595283,7267.824476,-57.934158,0.003169,False,False,False,False,True,True,True,1-circle,1.000000,3790.186953,-24280.825943,0.108324,-0.481775,100.000000,100.000000,0.000000,0.000000,2,4,4,0.0000,0.0000,0.0000,0.5000,"PursuitChaseOptimal",0.011186
1444,B0100,aggressive,UNKNOWN,15384.015869,29302.321616,3097.678384,3789.747384,30568.688547,15441.062630,539.639400,28333.034828,21.595283,7267.824476,-57.934158,0.003169,False,False,False,False,True,True,True,1-circle,1.000000,3790.186953,-24280.825943,0.108324,-0.481775,100.000000,100.000000,0.000000,0.000000,2,4,4,0.0000,0.0000,0.0000,0.5000,"Accelerate",-0.010107
1445,A0100,pursuit_chase_v1,UNKNOWN,15384.015869,29302.321616,3097.678384,3789.747384,30568.688547,15441.062630,539.639400,28333.034828,21.595283,7267.824476,-57.934158,0.003169,False,False,False,False,True,True,True,1-circle,1.000000,3790.186953,-24280.825943,0.108324,-0.481775,100.000000,100.000000,0.000000,0.000000,2,4,4,0.0000,0.0000,0.0000,0.5000,"PursuitChaseOptimal",0.003234
1445,B0100,aggressive,UNKNOWN,15384.015869,29302.321616,3097.678384,3789.747384,30568.688547,15441.062630,539.639400,28333.034828,21.595283,7267.824476,-57.934158,0.003169,False,False,False,False,True,True,True,1-circle,1.000000,3790.186953,-24280.825943,0.108324,-0.481775,100.000000,100.000000,0.000000,0.000000,2,4,4,0.0000,0.0000,0.0000,0.5000,"Accelerate",-0.003216
1446,A0100,pursuit_chase_v1,UNKNOWN,15394.662634,29323.841658,3076.158342,3791.823587,30593.091235,15440.918651,539.736076,28337.510429,89.512016,7252.292876,-58.600565,0.038209,False,False,False,False,True,True,True,1-circle,1.000000,3792.842204,-24586.026685,-1.306224,-0.177158,100.000000,100.000000,0.000000,0.000000,2,4,4,0.0000,0.0000,0.0000,0.5000,"PursuitChaseOptimal",-0.021057
1446,B0100,aggressive,UNKNOWN,15394.662634,29323.841658,3076.158342,3791.823587,30593.091235,15440.918651,539.736076,28337.510429,89.512016,7252.292876,-58.600565,0.038209,False,False,False,False,True,True,True,1-circle,1.000000,3792.842204,-24586.026685,-1.306224,-0.177158,100.000000,100.000000,0.000000,0.000000,2,4,4,0.0000,0.0000,0.0000,0.5000,"Accelerate",0.018121
1447,A0100,pursuit_chase_v1,UNKNOWN,15394.662634,29323.841658,3076.158342,3791.823587,30593.091235,15440.918651,539.736076,28337.510429,89.512016,7252.292876,-58.600565,0.038209,False,False,False,False,True,True,True,1-circle,1.000000,3792.842204,-24586.026685,-1.306224,-0.177158,100.000000,100.000000,0.000000,0.000000,2,4,4,0.0000,0.0000,0.0000,0.5000,"PursuitChaseOptimal",-0.038183
1447,B0100,aggressive,UNKNOWN,15394.662634,29323.841658,3076.158342,3791.823587,30593.091235,15440.918651,539.736076,28337.510429,89.512016,7252.292876,-58.600565,0.038209,False,False,False,False,True,True,True,1-circle,1.000000,3792.842204,-24586.026685,-1.306224,-0.177158,100.000000,100.000000,0.000000,0.000000,2,4,4,0.0000,0.0000,0.0000,0.5000,"Accelerate",0.033434
1448,A0100,pursuit_chase_v1,UNKNOWN,15405.365316,29341.289784,3058.710216,3797.292183,30617.808671,15440.804689,539.832787,28342.018545,90.162323,7247.834576,-59.124455,0.027919,False,False,False,False,True,True,True,1-circle,1.000000,3795.331431,-24573.668267,-0.954688,-0.412335,100.000000,100.000000,0.000000,0.000000,2,4,4,0.0000,0.0000,0.0000,0.5000,"PursuitChaseOptimal",-0.046582
1448,B0100,aggressive,UNKNOWN,15405.365316,29341.289784,3058.710216,3797.292183,30617.808671,15440.804689,539.832787,28342.018545,90.162323,7247.834576,-59.124455,0.027919,False,False,False,False,True,True,True,1-circle,1.000000,3795.331431,-24573.668267,-0.954688,-0.412335,100.000000,100.000000,0.000000,0.000000,2,4,4,0.0000,0.0000,0.0000,0.5000,"Accelerate",0.040822
1449,A0100,pursuit_chase_v1,UNKNOWN,15405.365316,29341.289784,3058.710216,3797.292183,30617.808671,15440.804689,539.832787,28342.018545,90.162323,7247.834576,-59.124455,0.027919,False,False,False,False,True,True,True,1-circle,1.000000,3795.331431,-24573.668267,-0.954688,-0.412335,100.000000,100.000000,0.000000,0.000000,2,4,4,0.0000,0.0000,0.0000,0.5000,"PursuitChaseOptimal",-0.038308
1449,B0100,aggressive,UNKNOWN,15405.365316,29341.289784,3058.710216,3797.292183,30617.808671,15440.804689,539.832787,28342.018545,90.162323,7247.834576,-59.124455,0.027919,False,False,False,False,True,True,True,1-circle,1.000000,3795.331431,-24573.668267,-0.954688,-0.412335,100.000000,100.000000,0.000000,0.000000,2,4,4,0.0000,0.0000,0.0000,0.5000,"Accelerate",0.033340
1450,A0100,pursuit_chase_v1,UNKNOWN,15416.145406,29352.598767,3047.401233,3804.109702,30641.309716,15440.741434,539.914664,28345.869049,77.010087,7243.241706,-59.409321,0.069833,False,False,False,False,True,True,True,1-circle,1.000000,3797.836680,-24882.924301,-2.387087,-0.652368,100.000000,100.000000,0.000000,0.000000,2,4,4,0.0000,0.0000,0.0000,0.5000,"PursuitChaseOptimal",-0.017356
1450,B0100,aggressive,UNKNOWN,15416.145406,29352.598767,3047.401233,3804.109702,30641.309716,15440.741434,539.914664,28345.869049,77.010087,7243.241706,-59.409321,0.069833,False,False,False,False,True,True,True,1-circle,1.000000,3797.836680,-24882.924301,-2.387087,-0.652368,100.000000,100.000000,0.000000,0.000000,2,4,4,0.0000,0.0000,0.0000,0.5000,"Accelerate",0.014221
1451,A0100,pursuit_chase_v1,UNKNOWN,15416.145406,29352.598767,3047.401233,3804.109702,30641.309716,15440.741434,539.914664,28345.869049,77.010087,7243.241706,-59.409321,0.069833,False,False,False,False,True,True,True,1-circle,1.000000,3797.836680,-24882.924301,-2.387087,-0.652368,100.000000,100.000000,0.000000,0.000000,2,4,4,0.0000,0.0000,0.0000,0.5000,"PursuitChaseOptimal",-0.003846
1451,B0100,aggressive,UNKNOWN,15416.145406,29352.598767,3047.401233,3804.109702,30641.309716,15440.741434,539.914664,28345.869049,77.010087,7243.241706,-59.409321,0.069833,False,False,False,False,True,True,True,1-circle,1.000000,3797.836680,-24882.924301,-2.387087,-0.652368,100.000000,100.000000,0.000000,0.000000,2,4,4,0.0000,0.0000,0.0000,0.5000,"Accelerate",0.002479
1452,A0100,pursuit_chase_v1,UNKNOWN,15426.997213,29353.432227,3046.567773,3807.202571,30665.554065,15440.544313,540.115872,28355.292372,188.466469,7233.499190,-59.623756,0.001077,False,False,False,False,True,True,True,1-circle,1.000000,3800.461335,-24498.740079,0.036864,-0.830549,100.000000,100.000000,0.000000,0.000000,2,4,4,0.0000,0.0000,0.0000,0.5000,"PursuitChaseOptimal",-0.003280
1452,B0100,aggressive,UNKNOWN,15426.997213,29353.432227,3046.567773,3807.202571,30665.554065,15440.544313,540.115872,28355.292372,188.466469,7233.499190,-59.623756,0.001077,False,False,False,False,True,True,True,1-circle,1.000000,3800.461335,-24498.740079,0.036864,-0.830549,100.000000,100.000000,0.000000,0.000000,2,4,4,0.0000,0.0000,0.0000,0.5000,"Accelerate",0.002253
1453,A0100,pursuit_chase_v1,UNKNOWN,15426.997213,29353.432227,3046.567773,3807.202571,30665.554065,15440.544313,540.115872,28355.292372,188.466469,7233.499190,-59.623756,0.001077,False,False,False,False,True,True,True,1-circle,1.000000,3800.461335,-24498.740079,0.036864,-0.830549,100.000000,100.000000,0.000000,0.000000,2,4,4,0.0000,0.0000,0.0000,0.5000,"PursuitChaseOptimal",-0.020808
1453,B0100,aggressive,UNKNOWN,15426.997213,29353.432227,3046.567773,3807.202571,30665.554065,15440.544313,540.115872,28355.292372,188.466469,7233.499190,-59.623756,0.001077,False,False,False,False,True,True,True,1-circle,1.000000,3800.461335,-24498.740079,0.036864,-0.830549,100.000000,100.000000,0.000000,0.000000,2,4,4,0.0000,0.0000,0.0000,0.5000,"Accelerate",0.018086
1454,A0100,pursuit_chase_v1,UNKNOWN,15437.864814,29370.047843,3029.952157,3807.807125,30692.729592,15440.278091,540.061666,28352.434023,-57.166998,7208.592349,-59.909883,0.069417,False,False,False,False,True,True,True,1-circle,1.000000,3803.000490,-24985.139526,-2.373472,-0.796129,100.000000,100.000000,0.000000,0.000000,2,5,4,0.0000,0.0000,0.0000,0.5000,"PursuitChaseOptimal",-0.029968
1454,B0100,aggressive,UNKNOWN,15437.864814,29370.047843,3029.952157,3807.807125,30692.729592,15440.278091,540.061666,28352.434023,-57.166998,7208.592349,-59.909883,0.069417,False,False,False,False,True,True,True,1-circle,1.000000,3803.000490,-24985.139526,-2.373472,-0.796129,100.000000,100.000000,0.000000,0.000000,2,4,4,0.0000,0.0000,0.0000,0.5000,"Accelerate",0.026054
1455,A0100,pursuit_chase_v1,UNKNOWN,15437.864814,29370.047843,3029.952157,3807.807125,30692.729592,15440.278091,540.061666,28352.434023,-57.166998,7208.592349,-59.909883,0.069417,False,False,False,False,True,True,True,1-circle,1.000000,3803.000490,-24985.139526,-2.373472,-0.796129,100.000000,100.000000,0.000000,0.000000,2,5,4,0.0000,0.0000,0.0000,0.5000,"PursuitChaseOptimal",-0.004966
1455,B0100,aggressive,UNKNOWN,15437.864814,29370.047843,3029.952157,3807.807125,30692.729592,15440.278091,540.061666,28352.434023,-57.166998,7208.592349,-59.909883,0.069417,False,False,False,False,True,True,True,1-circle,1.000000,3803.000490,-24985.139526,-2.373472,-0.796129,100.000000,100.000000,0.000000,0.000000,2,4,4,0.0000,0.0000,0.0000,0.5000,"Accelerate",0.003289
1456,A0100,pursuit_chase_v1,UNKNOWN,15448.778216,29373.824573,3026.175427,3814.166290,30716.442968,15439.980373,540.211558,28359.304739,137.414320,7198.581203,-60.196930,0.023420,False,False,False,False,True,True,True,1-circle,1.000000,3805.504012,-24755.208292,-0.801358,-0.624909,100.000000,100.000000,0.000000,0.000000,2,5,4,0.0000,0.0000,0.0000,0.5000,"PursuitChaseOptimal",0.009573
1456,B0100,aggressive,UNKNOWN,15448.778216,29373.824573,3026.175427,3814.166290,30716.442968,15439.980373,540.211558,28359.304739,137.414320,7198.581203,-60.196930,0.023420,False,False,False,False,True,True,True,1-circle,1.000000,3805.504012,-24755.208292,-0.801358,-0.624909,100.000000,100.000000,0.000000,0.000000,2,4,4,0.0000,0.0000,0.0000,0.5000,"Accelerate",-0.009361
1457,A0100,pursuit_chase_v1,UNKNOWN,15448.778216,29373.824573,3026.175427,3814.166290,30716.442968,15439.980373,540.211558,28359.304739,137.414320,7198.581203,-60.196930,0.023420,False,False,False,False,True,True,True,1-circle,1.000000,3805.504012,-24755.208292,-0.801358,-0.624909,100.000000,100.000000,0.000000,0.000000,2,5,4,0.0000,0.0000,0.0000,0.5000,"PursuitChaseOptimal",0.020819
1457,B0100,aggressive,UNKNOWN,15448.778216,29373.824573,3026.175427,3814.166290,30716.442968,15439.980373,540.211558,28359.304739,137.414320,7198.581203,-60.196930,0.023420,False,False,False,False,True,True,True,1-circle,1.000000,3805.504012,-24755.208292,-0.801358,-0.624909,100.000000,100.000000,0.000000,0.000000,2,4,4,0.0000,0.0000,0.0000,0.5000,"Accelerate",-0.019162
1458,A0100,pursuit_chase_v1,UNKNOWN,15459.716640,29384.429078,3015.570922,3814.531546,30741.081790,15439.572151,540.293854,28362.833087,70.566960,7165.656257,-60.438967,0.016153,False,False,False,False,True,True,True,1-circle,1.000000,3807.911233,-24763.936430,-0.552815,-0.845419,100.000000,100.000000,0.000000,0.000000,2,5,4,0.0000,0.0000,0.0000,0.5000,"PursuitChaseOptimal",0.032752
1458,B0100,aggressive,UNKNOWN,15459.716640,29384.429078,3015.570922,3814.531546,30741.081790,15439.572151,540.293854,28362.833087,70.566960,7165.656257,-60.438967,0.016153,False,False,False,False,True,True,True,1-circle,1.000000,3807.911233,-24763.936430,-0.552815,-0.845419,100.000000,100.000000,0.000000,0.000000,2,4,4,0.0000,0.0000,0.0000,0.5000,"Accelerate",-0.029667
1459,A0100,pursuit_chase_v1,UNKNOWN,15459.716640,29384.429078,3015.570922,3814.531546,30741.081790,15439.572151,540.293854,28362.833087,70.566960,7165.656257,-60.438967,0.016153,False,False,False,False,True,True,True,1-circle,1.000000,3807.911233,-24763.936430,-0.552815,-0.845419,100.000000,100.000000,0.000000,0.000000,2,5,4,0.0000,0.0000,0.0000,0.5000,"PursuitChaseOptimal",0.033747
1459,B0100,aggressive,UNKNOWN,15459.716640,29384.429078,3015.570922,3814.531546,30741.081790,15439.572151,540.293854,28362.833087,70.566960,7165.656257,-60.438967,0.016153,False,False,False,False,True,True,True,1-circle,1.000000,3807.911233,-24763.936430,-0.552815,-0.845419,100.000000,100.000000,0.000000,0.000000,2,4,4,0.0000,0.0000,0.0000,0.5000,"Accelerate",-0.030641
1460,A0100,pursuit_chase_v1,UNKNOWN,15470.591865,29398.099601,3001.900399,3817.740398,30764.631938,15439.192546,540.340689,28364.694034,37.218953,7115.812581,-60.678807,0.057582,False,False,False,False,True,True,True,1-circle,1.000000,3809.898171,-25072.518729,-1.970094,-0.570719,100.000000,100.000000,0.000000,0.000000,2,5,4,0.0000,0.0000,0.0000,0.5000,"PursuitChaseOptimal",0.018101
1460,B0100,aggressive,UNKNOWN,15470.591865,29398.099601,3001.900399,3817.740398,30764.631938,15439.192546,540.340689,28364.694034,37.218953,7115.812581,-60.678807,0.057582,False,False,False,False,True,True,True,1-circle,1.000000,3809.898171,-25072.518729,-1.970094,-0.570719,100.000000,100.000000,0.000000,0.000000,2,4,4,0.0000,0.0000,0.0000,0.5000,"Accelerate",-0.017172
1461,A0100,pursuit_chase_v1,UNKNOWN,15470.591865,29398.099601,3001.900399,3817.740398,30764.631938,15439.192546,540.340689,28364.694034,37.218953,7115.812581,-60.678807,0.057582,False,False,False,False,True,True,True,1-circle,1.000000,3809.898171,-25072.518729,-1.970094,-0.570719,100.000000,100.000000,0.000000,0.000000,2,5,4,0.0000,0.0000,0.0000,0.5000,"PursuitChaseOptimal",0.011921
1461,B0100,aggressive,UNKNOWN,15470.591865,29398.099601,3001.900399,3817.740398,30764.631938,15439.192546,540.340689,28364.694034,37.218953,7115.812581,-60.678807,0.057582,False,False,False,False,True,True,True,1-circle,1.000000,3809.898171,-25072.518729,-1.970094,-0.570719,100.000000,100.000000,0.000000,0.000000,2,4,4,0.0000,0.0000,0.0000,0.5000,"Accelerate",-0.011229
1462,A0100,pursuit_chase_v1,UNKNOWN,15481.428506,29404.714881,2995.285119,3819.774683,30789.177090,15438.731656,540.505728,28372.130150,148.722322,7080.257020,-60.856494,0.013808,False,False,False,False,True,True,True,1-circle,1.000000,3811.572008,-24686.499573,0.472742,-0.728940,100.000000,100.000000,0.000000,0.000000,2,5,4,0.0000,0.0000,0.0000,0.5000,"PursuitChaseOptimal",0.006043
1462,B0100,aggressive,UNKNOWN,15481.428506,29404.714881,2995.285119,3819.774683,30789.177090,15438.731656,540.505728,28372.130150,148.722322,7080.257020,-60.856494,0.013808,False,False,False,False,True,True,True,1-circle,1.000000,3811.572008,-24686.499573,0.472742,-0.728940,100.000000,100.000000,0.000000,0.000000,2,4,4,0.0000,0.0000,0.0000,0.5000,"Accelerate",-0.005619
1463,A0100,pursuit_chase_v1,UNKNOWN,15481.428506,29404.714881,2995.285119,3819.774683,30789.177090,15438.731656,540.505728,28372.130150,148.722322,7080.257020,-60.856494,0.013808,False,False,False,False,True,True,True,1-circle,1.000000,3811.572008,-24686.499573,0.472742,-0.728940,100.000000,100.000000,0.000000,0.000000,2,5,4,0.0000,0.0000,0.0000,0.5000,"PursuitChaseOptimal",0.000107
1463,B0100,aggressive,UNKNOWN,15481.428506,29404.714881,2995.285119,3819.774683,30789.177090,15438.731656,540.505728,28372.130150,148.722322,7080.257020,-60.856494,0.013808,False,False,False,False,True,True,True,1-circle,1.000000,3811.572008,-24686.499573,0.472742,-0.728940,100.000000,100.000000,0.000000,0.000000,2,4,4,0.0000,0.0000,0.0000,0.5000,"Accelerate",-0.000339
1464,A0100,pursuit_chase_v1,UNKNOWN,15492.210349,29430.119293,2969.880707,3810.423550,30817.412940,15438.307601,540.483096,28370.623035,-30.142297,7034.769016,-60.937157,0.056108,False,False,False,False,True,True,True,1-circle,1.000000,3812.952501,-25171.076198,-1.920147,-0.509749,100.000000,100.000000,0.000000,0.000000,2,5,4,0.0000,0.0000,0.0000,0.5000,"PursuitChaseOptimal",-0.000844
1464,B0100,aggressive,UNKNOWN,15492.210349,29430.119293,2969.880707,3810.423550,30817.412940,15438.307601,540.483096,28370.623035,-30.142297,7034.769016,-60.937157,0.056108,False,False,False,False,True,True,True,1-circle,1.000000,3812.952501,-25171.076198,-1.920147,-0.509749,100.000000,100.000000,0.000000,0.000000,2,4,4,0.0000,0.0000,0.0000,0.5000,"Accelerate",0.000405
1465,A0100,pursuit_chase_v1,UNKNOWN,15492.210349,29430.119293,2969.880707,3810.423550,30817.412940,15438.307601,540.483096,28370.623035,-30.142297,7034.769016,-60.937157,0.056108,False,False,False,False,True,True,True,1-circle,1.000000,3812.952501,-25171.076198,-1.920147,-0.509749,100.000000,100.000000,0.000000,0.000000,2,5,4,0.0000,0.0000,0.0000,0.5000,"PursuitChaseOptimal",-0.017718
1465,B0100,aggressive,UNKNOWN,15492.210349,29430.119293,2969.880707,3810.423550,30817.412940,15438.307601,540.483096,28370.623035,-30.142297,7034.769016,-60.937157,0.056108,False,False,False,False,True,True,True,1-circle,1.000000,3812.952501,-25171.076198,-1.920147,-0.509749,100.000000,100.000000,0.000000,0.000000,2,4,4,0.0000,0.0000,0.0000,0.5000,"Accelerate",0.014872
1466,A0100,pursuit_chase_v1,UNKNOWN,15502.949961,29439.989683,2960.010317,3775.982232,30839.659572,15437.944911,540.662529,28378.848492,164.509122,7023.498193,-60.459497,0.009649,False,False,False,False,True,True,True,1-circle,1.000000,3814.247314,-24938.970472,-0.330444,-0.426247,100.000000,100.000000,0.000000,0.000000,2,5,4,0.0000,0.0000,0.0000,0.5000,"PursuitChaseOptimal",-0.019126
1466,B0100,aggressive,UNKNOWN,15502.949961,29439.989683,2960.010317,3775.982232,30839.659572,15437.944911,540.662529,28378.848492,164.509122,7023.498193,-60.459497,0.009649,False,False,False,False,True,True,True,1-circle,1.000000,3814.247314,-24938.970472,-0.330444,-0.426247,100.000000,100.000000,0.000000,0.000000,2,4,4,0.0000,0.0000,0.0000,0.5000,"Accelerate",0.016519
1467,A0100,pursuit_chase_v1,UNKNOWN,15502.949961,29439.989683,2960.010317,3775.982232,30839.659572,15437.944911,540.662529,28378.848492,164.509122,7023.498193,-60.459497,0.009649,False,False,False,False,True,True,True,1-circle,1.000000,3814.247314,-24938.970472,-0.330444,-0.426247,100.000000,100.000000,0.000000,0.000000,2,5,4,0.0000,0.0000,0.0000,0.5000,"PursuitChaseOptimal",-0.015913
1467,B0100,aggressive,UNKNOWN,15502.949961,29439.989683,2960.010317,3775.982232,30839.659572,15437.944911,540.662529,28378.848492,164.509122,7023.498193,-60.459497,0.009649,False,False,False,False,True,True,True,1-circle,1.000000,3814.247314,-24938.970472,-0.330444,-0.426247,100.000000,100.000000,0.000000,0.000000,2,4,4,0.0000,0.0000,0.0000,0.5000,"Accelerate",0.014066
1468,A0100,pursuit_chase_v1,UNKNOWN,15513.633957,29458.521377,2941.478623,3697.286381,30863.539458,15437.565520,540.682536,28379.426844,11.567045,7013.642338,-59.117269,0.002232,False,False,False,False,True,True,True,1-circle,1.000000,3815.968723,-24947.570472,-0.076428,-0.545044,100.000000,100.000000,0.000000,0.000000,2,5,4,0.0000,0.0000,0.0000,0.5000,"PursuitChaseOptimal",-0.013803
1468,B0100,aggressive,UNKNOWN,15513.633957,29458.521377,2941.478623,3697.286381,30863.539458,15437.565520,540.682536,28379.426844,11.567045,7013.642338,-59.117269,0.002232,False,False,False,False,True,True,True,1-circle,1.000000,3815.968723,-24947.570472,-0.076428,-0.545044,100.000000,100.000000,0.000000,0.000000,2,4,4,0.0000,0.0000,0.0000,0.5000,"Accelerate",0.012158
1469,A0100,pursuit_chase_v1,UNKNOWN,15513.633957,29458.521377,2941.478623,3697.286381,30863.539458,15437.565520,540.682536,28379.426844,11.567045,7013.642338,-59.117269,0.002232,False,False,False,False,True,True,True,1-circle,1.000000,3815.968723,-24947.570472,-0.076428,-0.545044,100.000000,100.000000,0.000000,0.000000,2,5,4,0.0000,0.0000,0.0000,0.5000,"PursuitChaseOptimal",-0.012706
1469,B0100,aggressive,UNKNOWN,15513.633957,29458.521377,2941.478623,3697.286381,30863.539458,15437.565520,540.682536,28379.426844,11.567045,7013.642338,-59.117269,0.002232,False,False,False,False,True,True,True,1-circle,1.000000,3815.968723,-24947.570472,-0.076428,-0.545044,100.000000,100.000000,0.000000,0.000000,2,4,4,0.0000,0.0000,0.0000,0.5000,"Accelerate",0.010882
1470,A0100,pursuit_chase_v1,UNKNOWN,15524.194377,29475.644762,2924.355238,3594.358844,30886.785652,15437.304148,540.736133,28381.731407,46.091269,7016.281762,-57.519689,0.043658,False,False,False,False,True,True,True,1-circle,1.000000,3818.234346,-25257.105154,-1.494917,-0.346602,100.000000,100.000000,0.000000,0.000000,2,4,4,0.0000,0.0000,0.0000,0.5000,"PursuitChaseOptimal",-0.006845
1470,B0100,aggressive,UNKNOWN,15524.194377,29475.644762,2924.355238,3594.358844,30886.785652,15437.304148,540.736133,28381.731407,46.091269,7016.281762,-57.519689,0.043658,False,False,False,False,True,True,True,1-circle,1.000000,3818.234346,-25257.105154,-1.494917,-0.346602,100.000000,100.000000,0.000000,0.000000,2,4,4,0.0000,0.0000,0.0000,0.5000,"Accelerate",0.005317
1471,A0100,pursuit_chase_v1,UNKNOWN,15524.194377,29475.644762,2924.355238,3594.358844,30886.785652,15437.304148,540.736133,28381.731407,46.091269,7016.281762,-57.519689,0.043658,False,False,False,False,True,True,True,1-circle,1.000000,3818.234346,-25257.105154,-1.494917,-0.346602,100.000000,100.000000,0.000000,0.000000,2,4,4,0.0000,0.0000,0.0000,0.5000,"PursuitChaseOptimal",-0.014584
1471,B0100,aggressive,UNKNOWN,15524.194377,29475.644762,2924.355238,3594.358844,30886.785652,15437.304148,540.736133,28381.731407,46.091269,7016.281762,-57.519689,0.043658,False,False,False,False,True,True,True,1-circle,1.000000,3818.234346,-25257.105154,-1.494917,-0.346602,100.000000,100.000000,0.000000,0.000000,2,4,4,0.0000,0.0000,0.0000,0.5000,"Accelerate",0.012544
1472,A0100,pursuit_chase_v1,UNKNOWN,15534.668561,29480.841440,2919.158560,3478.861819,30907.564752,15437.002173,540.914084,28389.950615,164.384149,7039.750959,-55.864159,0.027666,False,False,False,False,True,True,True,1-circle,1.000000,3821.298789,-24871.531203,0.947746,-0.621570,100.000000,100.000000,0.000000,0.000000,2,4,4,0.0000,0.0000,0.0000,0.5000,"PursuitChaseOptimal",-0.020576
1472,B0100,aggressive,UNKNOWN,15534.668561,29480.841440,2919.158560,3478.861819,30907.564752,15437.002173,540.914084,28389.950615,164.384149,7039.750959,-55.864159,0.027666,False,False,False,False,True,True,True,1-circle,1.000000,3821.298789,-24871.531203,0.947746,-0.621570,100.000000,100.000000,0.000000,0.000000,2,4,4,0.0000,0.0000,0.0000,0.5000,"Accelerate",0.018305
1473,A0100,pursuit_chase_v1,UNKNOWN,15534.668561,29480.841440,2919.158560,3478.861819,30907.564752,15437.002173,540.914084,28389.950615,164.384149,7039.750959,-55.864159,0.027666,False,False,False,False,True,True,True,1-circle,1.000000,3821.298789,-24871.531203,0.947746,-0.621570,100.000000,100.000000,0.000000,0.000000,2,4,4,0.0000,0.0000,0.0000,0.5000,"PursuitChaseOptimal",-0.027334
1473,B0100,aggressive,UNKNOWN,15534.668561,29480.841440,2919.158560,3478.861819,30907.564752,15437.002173,540.914084,28389.950615,164.384149,7039.750959,-55.864159,0.027666,False,False,False,False,True,True,True,1-circle,1.000000,3821.298789,-24871.531203,0.947746,-0.621570,100.000000,100.000000,0.000000,0.000000,2,4,4,0.0000,0.0000,0.0000,0.5000,"Accelerate",0.024416
1474,A0100,pursuit_chase_v1,UNKNOWN,15545.056749,29503.490776,2896.509224,3369.458764,30932.552026,15436.749376,540.913792,28389.683847,-5.335362,7054.630530,-54.611508,0.041830,False,False,False,False,True,True,True,1-circle,1.000000,3825.093942,-25353.781752,-1.432780,-0.361866,100.000000,100.000000,0.000000,0.000000,2,4,4,0.0000,0.0000,0.0000,0.5000,"PursuitChaseOptimal",-0.025108
1474,B0100,aggressive,UNKNOWN,15545.056749,29503.490776,2896.509224,3369.458764,30932.552026,15436.749376,540.913792,28389.683847,-5.335362,7054.630530,-54.611508,0.041830,False,False,False,False,True,True,True,1-circle,1.000000,3825.093942,-25353.781752,-1.432780,-0.361866,100.000000,100.000000,0.000000,0.000000,2,4,4,0.0000,0.0000,0.0000,0.5000,"Accelerate",0.022282
1475,A0100,pursuit_chase_v1,UNKNOWN,15545.056749,29503.490776,2896.509224,3369.458764,30932.552026,15436.749376,540.913792,28389.683847,-5.335362,7054.630530,-54.611508,0.041830,False,False,False,False,True,True,True,1-circle,1.000000,3825.093942,-25353.781752,-1.432780,-0.361866,100.000000,100.000000,0.000000,0.000000,2,4,4,0.0000,0.0000,0.0000,0.5000,"PursuitChaseOptimal",-0.019017
1475,B0100,aggressive,UNKNOWN,15545.056749,29503.490776,2896.509224,3369.458764,30932.552026,15436.749376,540.913792,28389.683847,-5.335362,7054.630530,-54.611508,0.041830,False,False,False,False,True,True,True,1-circle,1.000000,3825.093942,-25353.781752,-1.432780,-0.361866,100.000000,100.000000,0.000000,0.000000,2,4,4,0.0000,0.0000,0.0000,0.5000,"Accelerate",0.016691
1476,A0100,pursuit_chase_v1,UNKNOWN,15555.418911,29511.323572,2888.676428,3313.017153,30949.088412,15436.573177,541.062779,28396.644019,139.203457,7071.637899,-54.029713,0.005957,False,False,False,False,True,True,True,1-circle,1.000000,3829.414919,-25186.136292,-0.204140,-0.292091,100.000000,100.000000,0.000000,0.000000,2,4,4,0.0000,0.0000,0.0000,0.5000,"PursuitChaseOptimal",-0.010879
1476,B0100,aggressive,UNKNOWN,15555.418911,29511.323572,2888.676428,3313.017153,30949.088412,15436.573177,541.062779,28396.644019,139.203457,7071.637899,-54.029713,0.005957,False,False,False,False,True,True,True,1-circle,1.000000,3829.414919,-25186.136292,-0.204140,-0.292091,100.000000,100.000000,0.000000,0.000000,2,4,4,0.0000,0.0000,0.0000,0.5000,"Accelerate",0.009570
1477,A0100,pursuit_chase_v1,UNKNOWN,15555.418911,29511.323572,2888.676428,3313.017153,30949.088412,15436.573177,541.062779,28396.644019,139.203457,7071.637899,-54.029713,0.005957,False,False,False,False,True,True,True,1-circle,1.000000,3829.414919,-25186.136292,-0.204140,-0.292091,100.000000,100.000000,0.000000,0.000000,2,4,4,0.0000,0.0000,0.0000,0.5000,"PursuitChaseOptimal",0.006158
1477,B0100,aggressive,UNKNOWN,15555.418911,29511.323572,2888.676428,3313.017153,30949.088412,15436.573177,541.062779,28396.644019,139.203457,7071.637899,-54.029713,0.005957,False,False,False,False,True,True,True,1-circle,1.000000,3829.414919,-25186.136292,-0.204140,-0.292091,100.000000,100.000000,0.000000,0.000000,2,4,4,0.0000,0.0000,0.0000,0.5000,"Accelerate",-0.005849
1478,A0100,pursuit_chase_v1,UNKNOWN,15565.797047,29527.764858,2872.235142,3281.797046,30974.325712,15436.436284,541.077867,28397.229938,11.718366,7073.839275,-54.180820,0.075011,False,False,False,False,True,True,True,1-circle,1.000000,3833.921665,-25665.248312,-2.568843,-0.587995,100.000000,100.000000,0.000000,0.000000,2,4,4,0.0000,0.0000,0.0000,0.5000,"PursuitChaseOptimal",0.009870
1478,B0100,aggressive,UNKNOWN,15565.797047,29527.764858,2872.235142,3281.797046,30974.325712,15436.436284,541.077867,28397.229938,11.718366,7073.839275,-54.180820,0.075011,False,False,False,False,True,True,True,1-circle,1.000000,3833.921665,-25665.248312,-2.568843,-0.587995,100.000000,100.000000,0.000000,0.000000,2,4,4,0.0000,0.0000,0.0000,0.5000,"Accelerate",-0.009441
1479,A0100,pursuit_chase_v1,UNKNOWN,15565.797047,29527.764858,2872.235142,3281.797046,30974.325712,15436.436284,541.077867,28397.229938,11.718366,7073.839275,-54.180820,0.075011,False,False,False,False,True,True,True,1-circle,1.000000,3833.921665,-25665.248312,-2.568843,-0.587995,100.000000,100.000000,0.000000,0.000000,2,4,4,0.0000,0.0000,0.0000,0.5000,"PursuitChaseOptimal",0.010483
1479,B0100,aggressive,UNKNOWN,15565.797047,29527.764858,2872.235142,3281.797046,30974.325712,15436.436284,541.077867,28397.229938,11.718366,7073.839275,-54.180820,0.075011,False,False,False,False,True,True,True,1-circle,1.000000,3833.921665,-25665.248312,-2.568843,-0.587995,100.000000,100.000000,0.000000,0.000000,2,4,4,0.0000,0.0000,0.0000,0.5000,"Accelerate",-0.010465
1480,A0100,pursuit_chase_v1,UNKNOWN,15576.220168,29523.017557,2876.982443,3279.151048,30992.523677,15436.256980,541.273611,28406.429904,183.999330,7092.881402,-54.719088,0.029742,False,False,False,False,True,True,True,1-circle,1.000000,3838.376863,-25439.912657,-1.019474,-0.786001,100.000000,100.000000,0.000000,0.000000,2,4,4,0.0000,0.0000,0.0000,0.5000,"PursuitChaseOptimal",0.007424
1480,B0100,aggressive,UNKNOWN,15576.220168,29523.017557,2876.982443,3279.151048,30992.523677,15436.256980,541.273611,28406.429904,183.999330,7092.881402,-54.719088,0.029742,False,False,False,False,True,True,True,1-circle,1.000000,3838.376863,-25439.912657,-1.019474,-0.786001,100.000000,100.000000,0.000000,0.000000,2,4,4,0.0000,0.0000,0.0000,0.5000,"Accelerate",-0.007422
1481,A0100,pursuit_chase_v1,UNKNOWN,15576.220168,29523.017557,2876.982443,3279.151048,30992.523677,15436.256980,541.273611,28406.429904,183.999330,7092.881402,-54.719088,0.029742,False,False,False,False,True,True,True,1-circle,1.000000,3838.376863,-25439.912657,-1.019474,-0.786001,100.000000,100.000000,0.000000,0.000000,2,4,4,0.0000,0.0000,0.0000,0.5000,"PursuitChaseOptimal",0.000249
1481,B0100,aggressive,UNKNOWN,15576.220168,29523.017557,2876.982443,3279.151048,30992.523677,15436.256980,541.273611,28406.429904,183.999330,7092.881402,-54.719088,0.029742,False,False,False,False,True,True,True,1-circle,1.000000,3838.376863,-25439.912657,-1.019474,-0.786001,100.000000,100.000000,0.000000,0.000000,2,4,4,0.0000,0.0000,0.0000,0.5000,"Accelerate",-0.000680
1482,A0100,pursuit_chase_v1,UNKNOWN,15586.742067,29525.801246,2874.198754,3273.446231,31013.197945,15435.930655,541.325357,28408.583597,43.073859,7103.170056,-55.196325,0.023395,False,False,False,False,True,True,True,1-circle,1.000000,3842.810548,-25454.582705,-0.802012,-0.938206,100.000000,100.000000,0.000000,0.000000,2,4,4,0.0000,0.0000,0.0000,0.5000,"PursuitChaseOptimal",-0.010940
1482,B0100,aggressive,UNKNOWN,15586.742067,29525.801246,2874.198754,3273.446231,31013.197945,15435.930655,541.325357,28408.583597,43.073859,7103.170056,-55.196325,0.023395,False,False,False,False,True,True,True,1-circle,1.000000,3842.810548,-25454.582705,-0.802012,-0.938206,100.000000,100.000000,0.000000,0.000000,2,4,4,0.0000,0.0000,0.0000,0.5000,"Accelerate",0.009503
1483,A0100,pursuit_chase_v1,UNKNOWN,15586.742067,29525.801246,2874.198754,3273.446231,31013.197945,15435.930655,541.325357,28408.583597,43.073859,7103.170056,-55.196325,0.023395,False,False,False,False,True,True,True,1-circle,1.000000,3842.810548,-25454.582705,-0.802012,-0.938206,100.000000,100.000000,0.000000,0.000000,2,4,4,0.0000,0.0000,0.0000,0.5000,"PursuitChaseOptimal",-0.025411
1483,B0100,aggressive,UNKNOWN,15586.742067,29525.801246,2874.198754,3273.446231,31013.197945,15435.930655,541.325357,28408.583597,43.073859,7103.170056,-55.196325,0.023395,False,False,False,False,True,True,True,1-circle,1.000000,3842.810548,-25454.582705,-0.802012,-0.938206,100.000000,100.000000,0.000000,0.000000,2,4,4,0.0000,0.0000,0.0000,0.5000,"Accelerate",0.022322
1484,A0100,pursuit_chase_v1,UNKNOWN,15597.301754,29532.890325,2867.109675,3265.952297,31032.519503,15435.605164,541.335363,28408.737733,3.082708,7103.994316,-55.325944,0.066255,False,False,False,False,True,True,True,1-circle,1.000000,3847.195869,-25772.827290,-2.270289,-0.646537,100.000000,100.000000,0.000000,0.000000,2,4,4,0.0000,0.0000,0.0000,0.5000,"PursuitChaseOptimal",-0.030023
1484,B0100,aggressive,UNKNOWN,15597.301754,29532.890325,2867.109675,3265.952297,31032.519503,15435.605164,541.335363,28408.737733,3.082708,7103.994316,-55.325944,0.066255,False,False,False,False,True,True,True,1-circle,1.000000,3847.195869,-25772.827290,-2.270289,-0.646537,100.000000,100.000000,0.000000,0.000000,2,4,4,0.0000,0.0000,0.0000,0.5000,"Accelerate",0.026028
1485,A0100,pursuit_chase_v1,UNKNOWN,15597.301754,29532.890325,2867.109675,3265.952297,31032.519503,15435.605164,541.335363,28408.737733,3.082708,7103.994316,-55.325944,0.066255,False,False,False,False,True,True,True,1-circle,1.000000,3847.195869,-25772.827290,-2.270289,-0.646537,100.000000,100.000000,0.000000,0.000000,2,4,4,0.0000,0.0000,0.0000,0.5000,"PursuitChaseOptimal",-0.034313
1485,B0100,aggressive,UNKNOWN,15597.301754,29532.890325,2867.109675,3265.952297,31032.519503,15435.605164,541.335363,28408.737733,3.082708,7103.994316,-55.325944,0.066255,False,False,False,False,True,True,True,1-circle,1.000000,3847.195869,-25772.827290,-2.270289,-0.646537,100.000000,100.000000,0.000000,0.000000,2,4,4,0.0000,0.0000,0.0000,0.5000,"Accelerate",0.030285
1486,A0100,pursuit_chase_v1,UNKNOWN,15607.915407,29531.333667,2868.666333,3258.435818,31052.802346,15435.177160,541.506473,28416.512345,155.492255,7112.628874,-55.282662,0.004415,False,False,False,False,True,True,True,1-circle,1.000000,3851.791002,-25391.373838,0.151410,-0.788654,100.000000,100.000000,0.000000,0.000000,2,4,4,0.0000,0.0000,0.0000,0.5000,"PursuitChaseOptimal",-0.029651
1486,B0100,aggressive,UNKNOWN,15607.915407,29531.333667,2868.666333,3258.435818,31052.802346,15435.177160,541.506473,28416.512345,155.492255,7112.628874,-55.282662,0.004415,False,False,False,False,True,True,True,1-circle,1.000000,3851.791002,-25391.373838,0.151410,-0.788654,100.000000,100.000000,0.000000,0.000000,2,4,4,0.0000,0.0000,0.0000,0.5000,"Accelerate",0.026421
1487,A0100,pursuit_chase_v1,UNKNOWN,15607.915407,29531.333667,2868.666333,3258.435818,31052.802346,15435.177160,541.506473,28416.512345,155.492255,7112.628874,-55.282662,0.004415,False,False,False,False,True,True,True,1-circle,1.000000,3851.791002,-25391.373838,0.151410,-0.788654,100.000000,100.000000,0.000000,0.000000,2,4,4,0.0000,0.0000,0.0000,0.5000,"PursuitChaseOptimal",-0.014014
1487,B0100,aggressive,UNKNOWN,15607.915407,29531.333667,2868.666333,3258.435818,31052.802346,15435.177160,541.506473,28416.512345,155.492255,7112.628874,-55.282662,0.004415,False,False,False,False,True,True,True,1-circle,1.000000,3851.791002,-25391.373838,0.151410,-0.788654,100.000000,100.000000,0.000000,0.000000,2,4,4,0.0000,0.0000,0.0000,0.5000,"Accelerate",0.012479
1488,A0100,pursuit_chase_v1,UNKNOWN,15618.587705,29546.064647,2853.935353,3249.811829,31076.947132,15434.727349,541.444879,28413.109536,-68.056188,7117.444906,-55.675838,0.067004,False,False,False,False,True,True,True,1-circle,1.000000,3856.527735,-25886.796156,-2.296338,-0.782532,100.000000,100.000000,0.000000,0.000000,2,4,4,0.0000,0.0000,0.0000,0.5000,"PursuitChaseOptimal",0.003598
1488,B0100,aggressive,UNKNOWN,15618.587705,29546.064647,2853.935353,3249.811829,31076.947132,15434.727349,541.444879,28413.109536,-68.056188,7117.444906,-55.675838,0.067004,False,False,False,False,True,True,True,1-circle,1.000000,3856.527735,-25886.796156,-2.296338,-0.782532,100.000000,100.000000,0.000000,0.000000,2,4,4,0.0000,0.0000,0.0000,0.5000,"Accelerate",-0.003591
1489,A0100,pursuit_chase_v1,UNKNOWN,15618.587705,29546.064647,2853.935353,3249.811829,31076.947132,15434.727349,541.444879,28413.109536,-68.056188,7117.444906,-55.675838,0.067004,False,False,False,False,True,True,True,1-circle,1.000000,3856.527735,-25886.796156,-2.296338,-0.782532,100.000000,100.000000,0.000000,0.000000,2,4,4,0.0000,0.0000,0.0000,0.5000,"PursuitChaseOptimal",0.022844
1489,B0100,aggressive,UNKNOWN,15618.587705,29546.064647,2853.935353,3249.811829,31076.947132,15434.727349,541.444879,28413.109536,-68.056188,7117.444906,-55.675838,0.067004,False,False,False,False,True,True,True,1-circle,1.000000,3856.527735,-25886.796156,-2.296338,-0.782532,100.000000,100.000000,0.000000,0.000000,2,4,4,0.0000,0.0000,0.0000,0.5000,"Accelerate",-0.021422
1490,A0100,pursuit_chase_v1,UNKNOWN,15629.339722,29545.797118,2854.202882,3254.136032,31094.946796,15434.279605,541.594353,28419.828540,134.380085,7133.641717,-56.440621,0.021200,False,False,False,False,True,True,True,1-circle,1.000000,3861.156210,-25659.351898,-0.727085,-0.623668,100.000000,100.000000,0.000000,0.000000,2,4,4,0.0000,0.0000,0.0000,0.5000,"PursuitChaseOptimal",0.040719
1490,B0100,aggressive,UNKNOWN,15629.339722,29545.797118,2854.202882,3254.136032,31094.946796,15434.279605,541.594353,28419.828540,134.380085,7133.641717,-56.440621,0.021200,False,False,False,False,True,True,True,1-circle,1.000000,3861.156210,-25659.351898,-0.727085,-0.623668,100.000000,100.000000,0.000000,0.000000,2,4,4,0.0000,0.0000,0.0000,0.5000,"Accelerate",-0.037075
1491,A0100,pursuit_chase_v1,UNKNOWN,15629.339722,29545.797118,2854.202882,3254.136032,31094.946796,15434.279605,541.594353,28419.828540,134.380085,7133.641717,-56.440621,0.021200,False,False,False,False,True,True,True,1-circle,1.000000,3861.156210,-25659.351898,-0.727085,-0.623668,100.000000,100.000000,0.000000,0.000000,2,4,4,0.0000,0.0000,0.0000,0.5000,"PursuitChaseOptimal",0.055400
1491,B0100,aggressive,UNKNOWN,15629.339722,29545.797118,2854.202882,3254.136032,31094.946796,15434.279605,541.594353,28419.828540,134.380085,7133.641717,-56.440621,0.021200,False,False,False,False,True,True,True,1-circle,1.000000,3861.156210,-25659.351898,-0.727085,-0.623668,100.000000,100.000000,0.000000,0.000000,2,4,4,0.0000,0.0000,0.0000,0.5000,"Accelerate",-0.049745
1492,A0100,pursuit_chase_v1,UNKNOWN,15640.183453,29557.026173,2842.973827,3254.777963,31115.338393,15433.769889,541.611907,28420.160611,6.641419,7142.388290,-57.646311,0.014716,False,False,False,False,True,True,True,1-circle,1.000000,3865.448172,-25674.365246,-0.504733,-0.723841,100.000000,100.000000,0.000000,0.000000,2,4,4,0.0000,0.0000,0.0000,0.5000,"PursuitChaseOptimal",0.039461
1492,B0100,aggressive,UNKNOWN,15640.183453,29557.026173,2842.973827,3254.777963,31115.338393,15433.769889,541.611907,28420.160611,6.641419,7142.388290,-57.646311,0.014716,False,False,False,False,True,True,True,1-circle,1.000000,3865.448172,-25674.365246,-0.504733,-0.723841,100.000000,100.000000,0.000000,0.000000,2,4,4,0.0000,0.0000,0.0000,0.5000,"Accelerate",-0.035384
1493,A0100,pursuit_chase_v1,UNKNOWN,15640.183453,29557.026173,2842.973827,3254.777963,31115.338393,15433.769889,541.611907,28420.160611,6.641419,7142.388290,-57.646311,0.014716,False,False,False,False,True,True,True,1-circle,1.000000,3865.448172,-25674.365246,-0.504733,-0.723841,100.000000,100.000000,0.000000,0.000000,2,4,4,0.0000,0.0000,0.0000,0.5000,"PursuitChaseOptimal",0.019915
1493,B0100,aggressive,UNKNOWN,15640.183453,29557.026173,2842.973827,3254.777963,31115.338393,15433.769889,541.611907,28420.160611,6.641419,7142.388290,-57.646311,0.014716,False,False,False,False,True,True,True,1-circle,1.000000,3865.448172,-25674.365246,-0.504733,-0.723841,100.000000,100.000000,0.000000,0.000000,2,4,4,0.0000,0.0000,0.0000,0.5000,"Accelerate",-0.018155
1494,A0100,pursuit_chase_v1,UNKNOWN,15651.095706,29568.293160,2831.706840,3257.003766,31134.460862,15433.349221,541.651135,28421.621178,29.211344,7148.384420,-58.632503,0.056676,False,False,False,False,True,True,True,1-circle,1.000000,3869.174526,-25988.022352,-1.943316,-0.497728,100.000000,100.000000,0.000000,0.000000,2,4,4,0.0000,0.0000,0.0000,0.5000,"PursuitChaseOptimal",0.019669
1494,B0100,aggressive,UNKNOWN,15651.095706,29568.293160,2831.706840,3257.003766,31134.460862,15433.349221,541.651135,28421.621178,29.211344,7148.384420,-58.632503,0.056676,False,False,False,False,True,True,True,1-circle,1.000000,3869.174526,-25988.022352,-1.943316,-0.497728,100.000000,100.000000,0.000000,0.000000,2,4,4,0.0000,0.0000,0.0000,0.5000,"Accelerate",-0.018339
1495,A0100,pursuit_chase_v1,UNKNOWN,15651.095706,29568.293160,2831.706840,3257.003766,31134.460862,15433.349221,541.651135,28421.621178,29.211344,7148.384420,-58.632503,0.056676,False,False,False,False,True,True,True,1-circle,1.000000,3869.174526,-25988.022352,-1.943316,-0.497728,100.000000,100.000000,0.000000,0.000000,2,4,4,0.0000,0.0000,0.0000,0.5000,"PursuitChaseOptimal",0.009018
1495,B0100,aggressive,UNKNOWN,15651.095706,29568.293160,2831.706840,3257.003766,31134.460862,15433.349221,541.651135,28421.621178,29.211344,7148.384420,-58.632503,0.056676,False,False,False,False,True,True,True,1-circle,1.000000,3869.174526,-25988.022352,-1.943316,-0.497728,100.000000,100.000000,0.000000,0.000000,2,4,4,0.0000,0.0000,0.0000,0.5000,"Accelerate",-0.008472
1496,A0100,pursuit_chase_v1,UNKNOWN,15662.065692,29570.608645,2829.391355,3257.416084,31154.593560,15432.872118,541.817673,28429.132148,150.219395,7146.882160,-59.129901,0.014103,False,False,False,False,True,True,True,1-circle,1.000000,3872.641349,-25605.980520,0.483891,-0.757127,100.000000,100.000000,0.000000,0.000000,2,4,4,0.0000,0.0000,0.0000,0.5000,"PursuitChaseOptimal",-0.026993
1496,B0100,aggressive,UNKNOWN,15662.065692,29570.608645,2829.391355,3257.416084,31154.593560,15432.872118,541.817673,28429.132148,150.219395,7146.882160,-59.129901,0.014103,False,False,False,False,True,True,True,1-circle,1.000000,3872.641349,-25605.980520,0.483891,-0.757127,100.000000,100.000000,0.000000,0.000000,2,4,4,0.0000,0.0000,0.0000,0.5000,"Accelerate",0.024118
1497,A0100,pursuit_chase_v1,UNKNOWN,15662.065692,29570.608645,2829.391355,3257.416084,31154.593560,15432.872118,541.817673,28429.132148,150.219395,7146.882160,-59.129901,0.014103,False,False,False,False,True,True,True,1-circle,1.000000,3872.641349,-25605.980520,0.483891,-0.757127,100.000000,100.000000,0.000000,0.000000,2,4,4,0.0000,0.0000,0.0000,0.5000,"PursuitChaseOptimal",-0.038736
1497,B0100,aggressive,UNKNOWN,15662.065692,29570.608645,2829.391355,3257.416084,31154.593560,15432.872118,541.817673,28429.132148,150.219395,7146.882160,-59.129901,0.014103,False,False,False,False,True,True,True,1-circle,1.000000,3872.641349,-25605.980520,0.483891,-0.757127,100.000000,100.000000,0.000000,0.000000,2,4,4,0.0000,0.0000,0.0000,0.5000,"Accelerate",0.034702
1498,A0100,pursuit_chase_v1,UNKNOWN,15673.070413,29591.404466,2808.595534,3262.098661,31178.552566,15432.437363,541.807531,28428.210834,-18.426286,7135.406012,-59.522837,0.056977,False,False,False,False,True,True,True,1-circle,1.000000,3875.954873,-26099.931152,-1.954143,-0.486993,100.000000,100.000000,0.000000,0.000000,2,4,4,0.0000,0.0000,0.0000,0.5000,"PursuitChaseOptimal",-0.017516
1498,B0100,aggressive,UNKNOWN,15673.070413,29591.404466,2808.595534,3262.098661,31178.552566,15432.437363,541.807531,28428.210834,-18.426286,7135.406012,-59.522837,0.056977,False,False,False,False,True,True,True,1-circle,1.000000,3875.954873,-26099.931152,-1.954143,-0.486993,100.000000,100.000000,0.000000,0.000000,2,4,4,0.0000,0.0000,0.0000,0.5000,"Accelerate",0.015525
1499,A0100,pursuit_chase_v1,UNKNOWN,15673.070413,29591.404466,2808.595534,3262.098661,31178.552566,15432.437363,541.807531,28428.210834,-18.426286,7135.406012,-59.522837,0.056977,False,False,False,False,True,True,True,1-circle,1.000000,3875.954873,-26099.931152,-1.954143,-0.486993,100.000000,100.000000,0.000000,0.000000,2,4,4,0.0000,0.0000,0.0000,0.5000,"PursuitChaseOptimal",-0.010995
1499,B0100,aggressive,UNKNOWN,15673.070413,29591.404466,2808.595534,3262.098661,31178.552566,15432.437363,541.807531,28428.210834,-18.426286,7135.406012,-59.522837,0.056977,False,False,False,False,True,True,True,1-circle,1.000000,3875.954873,-26099.931152,-1.954143,-0.486993,100.000000,100.000000,0.000000,0.000000,2,4,4,0.0000,0.0000,0.0000,0.5000,"Accelerate",0.009228
1500,A0100,pursuit_chase_v1,UNKNOWN,15684.108758,29596.199361,2803.800639,3265.390495,31196.300242,15432.069913,541.987578,28436.482037,165.424064,7128.294011,-59.702822,0.013299,False,False,False,False,True,True,True,1-circle,1.000000,3879.196703,-25885.835839,-0.456440,-0.409538,100.000000,100.000000,0.000000,0.000000,2,4,4,0.0000,0.0000,0.0000,0.5000,"PursuitChaseOptimal",-0.035362
1500,B0100,aggressive,UNKNOWN,15684.108758,29596.199361,2803.800639,3265.390495,31196.300242,15432.069913,541.987578,28436.482037,165.424064,7128.294011,-59.702822,0.013299,False,False,False,False,True,True,True,1-circle,1.000000,3879.196703,-25885.835839,-0.456440,-0.409538,100.000000,100.000000,0.000000,0.000000,2,4,4,0.0000,0.0000,0.0000,0.5000,"Accelerate",0.031367
1501,A0100,pursuit_chase_v1,UNKNOWN,15684.108758,29596.199361,2803.800639,3265.390495,31196.300242,15432.069913,541.987578,28436.482037,165.424064,7128.294011,-59.702822,0.013299,False,False,False,False,True,True,True,1-circle,1.000000,3879.196703,-25885.835839,-0.456440,-0.409538,100.000000,100.000000,0.000000,0.000000,2,4,4,0.0000,0.0000,0.0000,0.5000,"PursuitChaseOptimal",-0.042231
1501,B0100,aggressive,UNKNOWN,15684.108758,29596.199361,2803.800639,3265.390495,31196.300242,15432.069913,541.987578,28436.482037,165.424064,7128.294011,-59.702822,0.013299,False,False,False,False,True,True,True,1-circle,1.000000,3879.196703,-25885.835839,-0.456440,-0.409538,100.000000,100.000000,0.000000,0.000000,2,4,4,0.0000,0.0000,0.0000,0.5000,"Accelerate",0.037863
1502,A0100,pursuit_chase_v1,UNKNOWN,15695.192408,29606.789105,2793.210895,3272.747001,31216.616403,15431.667717,542.045508,28438.859936,47.557982,7122.620216,-59.924668,0.003958,False,False,False,False,True,True,True,1-circle,1.000000,3882.482707,-25884.134549,-0.135843,-0.688453,100.000000,100.000000,0.000000,0.000000,2,4,4,0.0000,0.0000,0.0000,0.5000,"PursuitChaseOptimal",-0.019116
1502,B0100,aggressive,UNKNOWN,15695.192408,29606.789105,2793.210895,3272.747001,31216.616403,15431.667717,542.045508,28438.859936,47.557982,7122.620216,-59.924668,0.003958,False,False,False,False,True,True,True,1-circle,1.000000,3882.482707,-25884.134549,-0.135843,-0.688453,100.000000,100.000000,0.000000,0.000000,2,4,4,0.0000,0.0000,0.0000,0.5000,"Accelerate",0.017212
1503,A0100,pursuit_chase_v1,UNKNOWN,15695.192408,29606.789105,2793.210895,3272.747001,31216.616403,15431.667717,542.045508,28438.859936,47.557982,7122.620216,-59.924668,0.003958,False,False,False,False,True,True,True,1-circle,1.000000,3882.482707,-25884.134549,-0.135843,-0.688453,100.000000,100.000000,0.000000,0.000000,2,4,4,0.0000,0.0000,0.0000,0.5000,"PursuitChaseOptimal",-0.010425
1503,B0100,aggressive,UNKNOWN,15695.192408,29606.789105,2793.210895,3272.747001,31216.616403,15431.667717,542.045508,28438.859936,47.557982,7122.620216,-59.924668,0.003958,False,False,False,False,True,True,True,1-circle,1.000000,3882.482707,-25884.134549,-0.135843,-0.688453,100.000000,100.000000,0.000000,0.000000,2,4,4,0.0000,0.0000,0.0000,0.5000,"Accelerate",0.009102
1504,A0100,pursuit_chase_v1,UNKNOWN,15706.292267,29619.339828,2780.660172,3271.738207,31236.685240,15431.348355,542.075682,28439.988720,22.575676,7105.702906,-60.048168,0.046892,False,False,False,False,True,True,True,1-circle,1.000000,3885.711186,-26205.696498,-1.609166,-0.439712,100.000000,100.000000,0.000000,0.000000,2,5,4,0.0000,0.0000,0.0000,0.5000,"PursuitChaseOptimal",-0.023713
1504,B0100,aggressive,UNKNOWN,15706.292267,29619.339828,2780.660172,3271.738207,31236.685240,15431.348355,542.075682,28439.988720,22.575676,7105.702906,-60.048168,0.046892,False,False,False,False,True,True,True,1-circle,1.000000,3885.711186,-26205.696498,-1.609166,-0.439712,100.000000,100.000000,0.000000,0.000000,2,4,4,0.0000,0.0000,0.0000,0.5000,"Accelerate",0.020667
1505,A0100,pursuit_chase_v1,UNKNOWN,15706.292267,29619.339828,2780.660172,3271.738207,31236.685240,15431.348355,542.075682,28439.988720,22.575676,7105.702906,-60.048168,0.046892,False,False,False,False,True,True,True,1-circle,1.000000,3885.711186,-26205.696498,-1.609166,-0.439712,100.000000,100.000000,0.000000,0.000000,2,5,4,0.0000,0.0000,0.0000,0.5000,"PursuitChaseOptimal",0.000512
1505,B0100,aggressive,UNKNOWN,15706.292267,29619.339828,2780.660172,3271.738207,31236.685240,15431.348355,542.075682,28439.988720,22.575676,7105.702906,-60.048168,0.046892,False,False,False,False,True,True,True,1-circle,1.000000,3885.711186,-26205.696498,-1.609166,-0.439712,100.000000,100.000000,0.000000,0.000000,2,4,4,0.0000,0.0000,0.0000,0.5000,"Accelerate",-0.000828
1506,A0100,pursuit_chase_v1,UNKNOWN,15717.413810,29620.548277,2779.451723,3278.561696,31255.162490,15430.979210,542.239787,28447.497105,150.167711,7093.436529,-60.202088,0.023643,False,False,False,False,True,True,True,1-circle,1.000000,3888.937074,-25826.778792,0.811733,-0.617894,100.000000,100.000000,0.000000,0.000000,2,5,4,0.0000,0.0000,0.0000,0.5000,"PursuitChaseOptimal",0.016744
1506,B0100,aggressive,UNKNOWN,15717.413810,29620.548277,2779.451723,3278.561696,31255.162490,15430.979210,542.239787,28447.497105,150.167711,7093.436529,-60.202088,0.023643,False,False,False,False,True,True,True,1-circle,1.000000,3888.937074,-25826.778792,0.811733,-0.617894,100.000000,100.000000,0.000000,0.000000,2,4,4,0.0000,0.0000,0.0000,0.5000,"Accelerate",-0.015039
1507,A0100,pursuit_chase_v1,UNKNOWN,15717.413810,29620.548277,2779.451723,3278.561696,31255.162490,15430.979210,542.239787,28447.497105,150.167711,7093.436529,-60.202088,0.023643,False,False,False,False,True,True,True,1-circle,1.000000,3888.937074,-25826.778792,0.811733,-0.617894,100.000000,100.000000,0.000000,0.000000,2,5,4,0.0000,0.0000,0.0000,0.5000,"PursuitChaseOptimal",0.028783
1507,B0100,aggressive,UNKNOWN,15717.413810,29620.548277,2779.451723,3278.561696,31255.162490,15430.979210,542.239787,28447.497105,150.167711,7093.436529,-60.202088,0.023643,False,False,False,False,True,True,True,1-circle,1.000000,3888.937074,-25826.778792,0.811733,-0.617894,100.000000,100.000000,0.000000,0.000000,2,4,4,0.0000,0.0000,0.0000,0.5000,"Accelerate",-0.025859
1508,A0100,pursuit_chase_v1,UNKNOWN,15728.497792,29641.239617,2758.760383,3273.575928,31278.742808,15430.657853,542.208132,28445.656037,-36.821362,7050.656203,-60.412896,0.047325,False,False,False,False,True,True,True,1-circle,1.000000,3891.894038,-26322.267093,-1.624386,-0.422757,100.000000,100.000000,0.000000,0.000000,2,5,4,0.0000,0.0000,0.0000,0.5000,"PursuitChaseOptimal",0.039261
1508,B0100,aggressive,UNKNOWN,15728.497792,29641.239617,2758.760383,3273.575928,31278.742808,15430.657853,542.208132,28445.656037,-36.821362,7050.656203,-60.412896,0.047325,False,False,False,False,True,True,True,1-circle,1.000000,3891.894038,-26322.267093,-1.624386,-0.422757,100.000000,100.000000,0.000000,0.000000,2,4,4,0.0000,0.0000,0.0000,0.5000,"Accelerate",-0.035495
1509,A0100,pursuit_chase_v1,UNKNOWN,15728.497792,29641.239617,2758.760383,3273.575928,31278.742808,15430.657853,542.208132,28445.656037,-36.821362,7050.656203,-60.412896,0.047325,False,False,False,False,True,True,True,1-circle,1.000000,3891.894038,-26322.267093,-1.624386,-0.422757,100.000000,100.000000,0.000000,0.000000,2,5,4,0.0000,0.0000,0.0000,0.5000,"PursuitChaseOptimal",0.031913
1509,B0100,aggressive,UNKNOWN,15728.497792,29641.239617,2758.760383,3273.575928,31278.742808,15430.657853,542.208132,28445.656037,-36.821362,7050.656203,-60.412896,0.047325,False,False,False,False,True,True,True,1-circle,1.000000,3891.894038,-26322.267093,-1.624386,-0.422757,100.000000,100.000000,0.000000,0.000000,2,4,4,0.0000,0.0000,0.0000,0.5000,"Accelerate",-0.029285
1510,A0100,pursuit_chase_v1,UNKNOWN,15739.505660,29645.514084,2754.485916,3278.632133,31296.125047,15430.402407,542.390305,28454.147724,169.833734,7013.746444,-60.638099,0.004475,False,False,False,False,True,True,True,1-circle,1.000000,3894.374736,-26114.478869,-0.153691,-0.347040,100.000000,100.000000,0.000000,0.000000,2,5,4,0.0000,0.0000,0.0000,0.5000,"PursuitChaseOptimal",0.020793
1510,B0100,aggressive,UNKNOWN,15739.505660,29645.514084,2754.485916,3278.632133,31296.125047,15430.402407,542.390305,28454.147724,169.833734,7013.746444,-60.638099,0.004475,False,False,False,False,True,True,True,1-circle,1.000000,3894.374736,-26114.478869,-0.153691,-0.347040,100.000000,100.000000,0.000000,0.000000,2,4,4,0.0000,0.0000,0.0000,0.5000,"Accelerate",-0.018938
1511,A0100,pursuit_chase_v1,UNKNOWN,15739.505660,29645.514084,2754.485916,3278.632133,31296.125047,15430.402407,542.390305,28454.147724,169.833734,7013.746444,-60.638099,0.004475,False,False,False,False,True,True,True,1-circle,1.000000,3894.374736,-26114.478869,-0.153691,-0.347040,100.000000,100.000000,0.000000,0.000000,2,5,4,0.0000,0.0000,0.0000,0.5000,"PursuitChaseOptimal",0.013644
1511,B0100,aggressive,UNKNOWN,15739.505660,29645.514084,2754.485916,3278.632133,31296.125047,15430.402407,542.390305,28454.147724,169.833734,7013.746444,-60.638099,0.004475,False,False,False,False,True,True,True,1-circle,1.000000,3894.374736,-26114.478869,-0.153691,-0.347040,100.000000,100.000000,0.000000,0.000000,2,4,4,0.0000,0.0000,0.0000,0.5000,"Accelerate",-0.012089
1512,A0100,pursuit_chase_v1,UNKNOWN,15750.461883,29660.063856,2739.936144,3278.486178,31316.085163,15430.129158,542.403461,28454.506273,7.170977,6973.863215,-60.768172,0.004074,False,False,False,False,True,True,True,1-circle,1.000000,3896.499877,-26118.693381,0.139934,-0.468831,100.000000,100.000000,0.000000,0.000000,2,5,4,0.0000,0.0000,0.0000,0.5000,"PursuitChaseOptimal",0.002924
1512,B0100,aggressive,UNKNOWN,15750.461883,29660.063856,2739.936144,3278.486178,31316.085163,15430.129158,542.403461,28454.506273,7.170977,6973.863215,-60.768172,0.004074,False,False,False,False,True,True,True,1-circle,1.000000,3896.499877,-26118.693381,0.139934,-0.468831,100.000000,100.000000,0.000000,0.000000,2,4,4,0.0000,0.0000,0.0000,0.5000,"Accelerate",-0.002522
1513,A0100,pursuit_chase_v1,UNKNOWN,15750.461883,29660.063856,2739.936144,3278.486178,31316.085163,15430.129158,542.403461,28454.506273,7.170977,6973.863215,-60.768172,0.004074,False,False,False,False,True,True,True,1-circle,1.000000,3896.499877,-26118.693381,0.139934,-0.468831,100.000000,100.000000,0.000000,0.000000,2,5,4,0.0000,0.0000,0.0000,0.5000,"PursuitChaseOptimal",-0.006330
1513,B0100,aggressive,UNKNOWN,15750.461883,29660.063856,2739.936144,3278.486178,31316.085163,15430.129158,542.403461,28454.506273,7.170977,6973.863215,-60.768172,0.004074,False,False,False,False,True,True,True,1-circle,1.000000,3896.499877,-26118.693381,0.139934,-0.468831,100.000000,100.000000,0.000000,0.000000,2,4,4,0.0000,0.0000,0.0000,0.5000,"Accelerate",0.005354
1514,A0100,pursuit_chase_v1,UNKNOWN,15761.346557,29673.519242,2726.480758,3262.627556,31335.684151,15429.975582,542.453632,28456.762261,45.119755,6947.046547,-60.536090,0.039425,False,False,False,False,True,True,True,1-circle,1.000000,3898.334705,-26444.648973,-1.353888,-0.274539,100.000000,100.000000,0.000000,0.000000,2,5,4,0.0000,0.0000,0.0000,0.5000,"PursuitChaseOptimal",-0.005836
1514,B0100,aggressive,UNKNOWN,15761.346557,29673.519242,2726.480758,3262.627556,31335.684151,15429.975582,542.453632,28456.762261,45.119755,6947.046547,-60.536090,0.039425,False,False,False,False,True,True,True,1-circle,1.000000,3898.334705,-26444.648973,-1.353888,-0.274539,100.000000,100.000000,0.000000,0.000000,2,4,4,0.0000,0.0000,0.0000,0.5000,"Accelerate",0.004567
1515,A0100,pursuit_chase_v1,UNKNOWN,15761.346557,29673.519242,2726.480758,3262.627556,31335.684151,15429.975582,542.453632,28456.762261,45.119755,6947.046547,-60.536090,0.039425,False,False,False,False,True,True,True,1-circle,1.000000,3898.334705,-26444.648973,-1.353888,-0.274539,100.000000,100.000000,0.000000,0.000000,2,5,4,0.0000,0.0000,0.0000,0.5000,"PursuitChaseOptimal",-0.018442
1515,B0100,aggressive,UNKNOWN,15761.346557,29673.519242,2726.480758,3262.627556,31335.684151,15429.975582,542.453632,28456.762261,45.119755,6947.046547,-60.536090,0.039425,False,False,False,False,True,True,True,1-circle,1.000000,3898.334705,-26444.648973,-1.353888,-0.274539,100.000000,100.000000,0.000000,0.000000,2,4,4,0.0000,0.0000,0.0000,0.5000,"Accelerate",0.016193
1516,A0100,pursuit_chase_v1,UNKNOWN,15772.170025,29675.392809,2724.607191,3207.510155,31353.554709,15429.780886,542.622722,28464.690039,158.555561,6938.787435,-59.355248,0.030537,False,False,False,False,True,True,True,1-circle,1.000000,3900.396859,-26069.341020,1.049035,-0.554370,100.000000,100.000000,0.000000,0.000000,2,5,4,0.0000,0.0000,0.0000,0.5000,"PursuitChaseOptimal",-0.015146
1516,B0100,aggressive,UNKNOWN,15772.170025,29675.392809,2724.607191,3207.510155,31353.554709,15429.780886,542.622722,28464.690039,158.555561,6938.787435,-59.355248,0.030537,False,False,False,False,True,True,True,1-circle,1.000000,3900.396859,-26069.341020,1.049035,-0.554370,100.000000,100.000000,0.000000,0.000000,2,4,4,0.0000,0.0000,0.0000,0.5000,"Accelerate",0.013697
1517,A0100,pursuit_chase_v1,UNKNOWN,15772.170025,29675.392809,2724.607191,3207.510155,31353.554709,15429.780886,542.622722,28464.690039,158.555561,6938.787435,-59.355248,0.030537,False,False,False,False,True,True,True,1-circle,1.000000,3900.396859,-26069.341020,1.049035,-0.554370,100.000000,100.000000,0.000000,0.000000,2,5,4,0.0000,0.0000,0.0000,0.5000,"PursuitChaseOptimal",-0.009731
1517,B0100,aggressive,UNKNOWN,15772.170025,29675.392809,2724.607191,3207.510155,31353.554709,15429.780886,542.622722,28464.690039,158.555561,6938.787435,-59.355248,0.030537,False,False,False,False,True,True,True,1-circle,1.000000,3900.396859,-26069.341020,1.049035,-0.554370,100.000000,100.000000,0.000000,0.000000,2,4,4,0.0000,0.0000,0.0000,0.5000,"Accelerate",0.008899
1518,A0100,pursuit_chase_v1,UNKNOWN,15782.859889,29695.607225,2704.392775,3106.312237,31376.013372,15429.637988,542.612150,28464.039240,-13.015977,6933.654826,-57.677722,0.041205,False,False,False,False,True,True,True,1-circle,1.000000,3902.997665,-26569.819936,-1.415359,-0.295202,100.000000,100.000000,0.000000,0.000000,2,4,4,0.0000,0.0000,0.0000,0.5000,"PursuitChaseOptimal",-0.002417
1518,B0100,aggressive,UNKNOWN,15782.859889,29695.607225,2704.392775,3106.312237,31376.013372,15429.637988,542.612150,28464.039240,-13.015977,6933.654826,-57.677722,0.041205,False,False,False,False,True,True,True,1-circle,1.000000,3902.997665,-26569.819936,-1.415359,-0.295202,100.000000,100.000000,0.000000,0.000000,2,4,4,0.0000,0.0000,0.0000,0.5000,"Accelerate",0.002085
1519,A0100,pursuit_chase_v1,UNKNOWN,15782.859889,29695.607225,2704.392775,3106.312237,31376.013372,15429.637988,542.612150,28464.039240,-13.015977,6933.654826,-57.677722,0.041205,False,False,False,False,True,True,True,1-circle,1.000000,3902.997665,-26569.819936,-1.415359,-0.295202,100.000000,100.000000,0.000000,0.000000,2,4,4,0.0000,0.0000,0.0000,0.5000,"PursuitChaseOptimal",-0.008955
1519,B0100,aggressive,UNKNOWN,15782.859889,29695.607225,2704.392775,3106.312237,31376.013372,15429.637988,542.612150,28464.039240,-13.015977,6933.654826,-57.677722,0.041205,False,False,False,False,True,True,True,1-circle,1.000000,3902.997665,-26569.819936,-1.415359,-0.295202,100.000000,100.000000,0.000000,0.000000,2,4,4,0.0000,0.0000,0.0000,0.5000,"Accelerate",0.007800
1520,A0100,pursuit_chase_v1,UNKNOWN,15793.422835,29701.047022,2698.952978,2999.072198,31389.891557,15429.573124,542.752010,28470.694556,133.106332,6951.995819,-55.996314,0.006507,False,False,False,False,True,True,True,1-circle,1.000000,3906.251819,-26411.408207,-0.223620,-0.228704,100.000000,100.000000,0.000000,0.000000,2,4,4,0.0000,0.0000,0.0000,0.5000,"PursuitChaseOptimal",-0.013073
1520,B0100,aggressive,UNKNOWN,15793.422835,29701.047022,2698.952978,2999.072198,31389.891557,15429.573124,542.752010,28470.694556,133.106332,6951.995819,-55.996314,0.006507,False,False,False,False,True,True,True,1-circle,1.000000,3906.251819,-26411.408207,-0.223620,-0.228704,100.000000,100.000000,0.000000,0.000000,2,4,4,0.0000,0.0000,0.0000,0.5000,"Accelerate",0.011744
1521,A0100,pursuit_chase_v1,UNKNOWN,15793.422835,29701.047022,2698.952978,2999.072198,31389.891557,15429.573124,542.752010,28470.694556,133.106332,6951.995819,-55.996314,0.006507,False,False,False,False,True,True,True,1-circle,1.000000,3906.251819,-26411.408207,-0.223620,-0.228704,100.000000,100.000000,0.000000,0.000000,2,4,4,0.0000,0.0000,0.0000,0.5000,"PursuitChaseOptimal",-0.015676
1521,B0100,aggressive,UNKNOWN,15793.422835,29701.047022,2698.952978,2999.072198,31389.891557,15429.573124,542.752010,28470.694556,133.106332,6951.995819,-55.996314,0.006507,False,False,False,False,True,True,True,1-circle,1.000000,3906.251819,-26411.408207,-0.223620,-0.228704,100.000000,100.000000,0.000000,0.000000,2,4,4,0.0000,0.0000,0.0000,0.5000,"Accelerate",0.013952
1522,A0100,pursuit_chase_v1,UNKNOWN,15803.896689,29713.937840,2686.062160,2904.420808,31412.342861,15429.547943,542.755744,28470.848840,3.085671,6967.884920,-54.858658,0.077391,False,False,False,False,True,True,True,1-circle,1.000000,3910.158159,-26904.786912,-2.657620,-0.526056,100.000000,100.000000,0.000000,0.000000,2,4,4,0.0000,0.0000,0.0000,0.5000,"PursuitChaseOptimal",-0.011755
1522,B0100,aggressive,UNKNOWN,15803.896689,29713.937840,2686.062160,2904.420808,31412.342861,15429.547943,542.755744,28470.848840,3.085671,6967.884920,-54.858658,0.077391,False,False,False,False,True,True,True,1-circle,1.000000,3910.158159,-26904.786912,-2.657620,-0.526056,100.000000,100.000000,0.000000,0.000000,2,4,4,0.0000,0.0000,0.0000,0.5000,"Accelerate",0.010092
1523,A0100,pursuit_chase_v1,UNKNOWN,15803.896689,29713.937840,2686.062160,2904.420808,31412.342861,15429.547943,542.755744,28470.848840,3.085671,6967.884920,-54.858658,0.077391,False,False,False,False,True,True,True,1-circle,1.000000,3910.158159,-26904.786912,-2.657620,-0.526056,100.000000,100.000000,0.000000,0.000000,2,4,4,0.0000,0.0000,0.0000,0.5000,"PursuitChaseOptimal",0.001929
1523,B0100,aggressive,UNKNOWN,15803.896689,29713.937840,2686.062160,2904.420808,31412.342861,15429.547943,542.755744,28470.848840,3.085671,6967.884920,-54.858658,0.077391,False,False,False,False,True,True,True,1-circle,1.000000,3910.158159,-26904.786912,-2.657620,-0.526056,100.000000,100.000000,0.000000,0.000000,2,4,4,0.0000,0.0000,0.0000,0.5000,"Accelerate",-0.002678
1524,A0100,pursuit_chase_v1,UNKNOWN,15814.341443,29704.691535,2695.308465,2864.769149,31427.034812,15429.479399,542.941829,28479.724281,177.508826,6985.632785,-54.377419,0.032957,False,False,False,False,True,True,True,1-circle,1.000000,3914.535367,-26685.139675,-1.132793,-0.724211,100.000000,100.000000,0.000000,0.000000,2,4,4,0.0000,0.0000,0.0000,0.5000,"PursuitChaseOptimal",0.004523
1524,B0100,aggressive,UNKNOWN,15814.341443,29704.691535,2695.308465,2864.769149,31427.034812,15429.479399,542.941829,28479.724281,177.508826,6985.632785,-54.377419,0.032957,False,False,False,False,True,True,True,1-circle,1.000000,3914.535367,-26685.139675,-1.132793,-0.724211,100.000000,100.000000,0.000000,0.000000,2,4,4,0.0000,0.0000,0.0000,0.5000,"Accelerate",-0.004707
1525,A0100,pursuit_chase_v1,UNKNOWN,15814.341443,29704.691535,2695.308465,2864.769149,31427.034812,15429.479399,542.941829,28479.724281,177.508826,6985.632785,-54.377419,0.032957,False,False,False,False,True,True,True,1-circle,1.000000,3914.535367,-26685.139675,-1.132793,-0.724211,100.000000,100.000000,0.000000,0.000000,2,4,4,0.0000,0.0000,0.0000,0.5000,"PursuitChaseOptimal",0.011076
1525,B0100,aggressive,UNKNOWN,15814.341443,29704.691535,2695.308465,2864.769149,31427.034812,15429.479399,542.941829,28479.724281,177.508826,6985.632785,-54.377419,0.032957,False,False,False,False,True,True,True,1-circle,1.000000,3914.535367,-26685.139675,-1.132793,-0.724211,100.000000,100.000000,0.000000,0.000000,2,4,4,0.0000,0.0000,0.0000,0.5000,"Accelerate",-0.010237
1526,A0100,pursuit_chase_v1,UNKNOWN,15824.820890,29703.439568,2696.560432,2852.676915,31444.358346,15429.264361,542.978306,28481.262833,30.771029,6996.348551,-54.651560,0.027967,False,False,False,False,True,True,True,1-circle,1.000000,3919.095548,-26709.098788,-0.961347,-0.877450,100.000000,100.000000,0.000000,0.000000,2,4,4,0.0000,0.0000,0.0000,0.5000,"PursuitChaseOptimal",0.011063
1526,B0100,aggressive,UNKNOWN,15824.820890,29703.439568,2696.560432,2852.676915,31444.358346,15429.264361,542.978306,28481.262833,30.771029,6996.348551,-54.651560,0.027967,False,False,False,False,True,True,True,1-circle,1.000000,3919.095548,-26709.098788,-0.961347,-0.877450,100.000000,100.000000,0.000000,0.000000,2,4,4,0.0000,0.0000,0.0000,0.5000,"Accelerate",-0.010042
1527,A0100,pursuit_chase_v1,UNKNOWN,15824.820890,29703.439568,2696.560432,2852.676915,31444.358346,15429.264361,542.978306,28481.262833,30.771029,6996.348551,-54.651560,0.027967,False,False,False,False,True,True,True,1-circle,1.000000,3919.095548,-26709.098788,-0.961347,-0.877450,100.000000,100.000000,0.000000,0.000000,2,4,4,0.0000,0.0000,0.0000,0.5000,"PursuitChaseOptimal",0.006418
1527,B0100,aggressive,UNKNOWN,15824.820890,29703.439568,2696.560432,2852.676915,31444.358346,15429.264361,542.978306,28481.262833,30.771029,6996.348551,-54.651560,0.027967,False,False,False,False,True,True,True,1-circle,1.000000,3919.095548,-26709.098788,-0.961347,-0.877450,100.000000,100.000000,0.000000,0.000000,2,4,4,0.0000,0.0000,0.0000,0.5000,"Accelerate",-0.006117
1528,A0100,pursuit_chase_v1,UNKNOWN,15835.346728,29707.003990,2692.996010,2846.563274,31460.278665,15429.052738,542.972930,28480.792774,-9.401181,7008.058203,-55.145398,0.071877,False,False,False,False,True,True,True,1-circle,1.000000,3923.503687,-27035.293035,-2.469425,-0.583971,100.000000,100.000000,0.000000,0.000000,2,4,4,0.0000,0.0000,0.0000,0.5000,"PursuitChaseOptimal",-0.003881
1528,B0100,aggressive,UNKNOWN,15835.346728,29707.003990,2692.996010,2846.563274,31460.278665,15429.052738,542.972930,28480.792774,-9.401181,7008.058203,-55.145398,0.071877,False,False,False,False,True,True,True,1-circle,1.000000,3923.503687,-27035.293035,-2.469425,-0.583971,100.000000,100.000000,0.000000,0.000000,2,4,4,0.0000,0.0000,0.0000,0.5000,"Accelerate",0.002706
1529,A0100,pursuit_chase_v1,UNKNOWN,15835.346728,29707.003990,2692.996010,2846.563274,31460.278665,15429.052738,542.972930,28480.792774,-9.401181,7008.058203,-55.145398,0.071877,False,False,False,False,True,True,True,1-circle,1.000000,3923.503687,-27035.293035,-2.469425,-0.583971,100.000000,100.000000,0.000000,0.000000,2,4,4,0.0000,0.0000,0.0000,0.5000,"PursuitChaseOptimal",-0.015908
1529,B0100,aggressive,UNKNOWN,15835.346728,29707.003990,2692.996010,2846.563274,31460.278665,15429.052738,542.972930,28480.792774,-9.401181,7008.058203,-55.145398,0.071877,False,False,False,False,True,True,True,1-circle,1.000000,3923.503687,-27035.293035,-2.469425,-0.583971,100.000000,100.000000,0.000000,0.000000,2,4,4,0.0000,0.0000,0.0000,0.5000,"Accelerate",0.013868
1530,A0100,pursuit_chase_v1,UNKNOWN,15845.923276,29701.303669,2698.696331,2834.635233,31477.241806,15428.740081,543.129970,28488.030922,144.762973,7019.214141,-55.147709,0.001787,False,False,False,False,True,True,True,1-circle,1.000000,3927.952939,-26656.755950,-0.061453,-0.727548,100.000000,100.000000,0.000000,0.000000,2,4,4,0.0000,0.0000,0.0000,0.5000,"PursuitChaseOptimal",-0.024936
1530,B0100,aggressive,UNKNOWN,15845.923276,29701.303669,2698.696331,2834.635233,31477.241806,15428.740081,543.129970,28488.030922,144.762973,7019.214141,-55.147709,0.001787,False,False,False,False,True,True,True,1-circle,1.000000,3927.952939,-26656.755950,-0.061453,-0.727548,100.000000,100.000000,0.000000,0.000000,2,4,4,0.0000,0.0000,0.0000,0.5000,"Accelerate",0.022346
1531,A0100,pursuit_chase_v1,UNKNOWN,15845.923276,29701.303669,2698.696331,2834.635233,31477.241806,15428.740081,543.129970,28488.030922,144.762973,7019.214141,-55.147709,0.001787,False,False,False,False,True,True,True,1-circle,1.000000,3927.952939,-26656.755950,-0.061453,-0.727548,100.000000,100.000000,0.000000,0.000000,2,4,4,0.0000,0.0000,0.0000,0.5000,"PursuitChaseOptimal",-0.039419
1531,B0100,aggressive,UNKNOWN,15845.923276,29701.303669,2698.696331,2834.635233,31477.241806,15428.740081,543.129970,28488.030922,144.762973,7019.214141,-55.147709,0.001787,False,False,False,False,True,True,True,1-circle,1.000000,3927.952939,-26656.755950,-0.061453,-0.727548,100.000000,100.000000,0.000000,0.000000,2,4,4,0.0000,0.0000,0.0000,0.5000,"Accelerate",0.035590
1532,A0100,pursuit_chase_v1,UNKNOWN,15856.520132,29712.362487,2687.637513,2816.645715,31498.160649,15428.406909,543.053631,28484.026936,-80.079733,7014.915209,-54.947564,0.074516,False,False,False,False,True,True,True,1-circle,1.000000,3932.551090,-27161.551467,-2.560295,-0.720097,100.000000,100.000000,0.000000,0.000000,2,4,4,0.0000,0.0000,0.0000,0.5000,"PursuitChaseOptimal",-0.036739
1532,B0100,aggressive,UNKNOWN,15856.520132,29712.362487,2687.637513,2816.645715,31498.160649,15428.406909,543.053631,28484.026936,-80.079733,7014.915209,-54.947564,0.074516,False,False,False,False,True,True,True,1-circle,1.000000,3932.551090,-27161.551467,-2.560295,-0.720097,100.000000,100.000000,0.000000,0.000000,2,4,4,0.0000,0.0000,0.0000,0.5000,"Accelerate",0.032964
1533,A0100,pursuit_chase_v1,UNKNOWN,15856.520132,29712.362487,2687.637513,2816.645715,31498.160649,15428.406909,543.053631,28484.026936,-80.079733,7014.915209,-54.947564,0.074516,False,False,False,False,True,True,True,1-circle,1.000000,3932.551090,-27161.551467,-2.560295,-0.720097,100.000000,100.000000,0.000000,0.000000,2,4,4,0.0000,0.0000,0.0000,0.5000,"PursuitChaseOptimal",-0.029681
1533,B0100,aggressive,UNKNOWN,15856.520132,29712.362487,2687.637513,2816.645715,31498.160649,15428.406909,543.053631,28484.026936,-80.079733,7014.915209,-54.947564,0.074516,False,False,False,False,True,True,True,1-circle,1.000000,3932.551090,-27161.551467,-2.560295,-0.720097,100.000000,100.000000,0.000000,0.000000,2,4,4,0.0000,0.0000,0.0000,0.5000,"Accelerate",0.026178
1534,A0100,pursuit_chase_v1,UNKNOWN,15867.133005,29708.192639,2691.807361,2810.695599,31512.740547,15428.077021,543.189520,28490.231733,124.095952,7026.277782,-54.814544,0.029032,False,False,False,False,True,True,True,1-circle,1.000000,3937.370619,-26935.629594,-0.998293,-0.560661,100.000000,100.000000,0.000000,0.000000,2,4,4,0.0000,0.0000,0.0000,0.5000,"PursuitChaseOptimal",-0.016142
1534,B0100,aggressive,UNKNOWN,15867.133005,29708.192639,2691.807361,2810.695599,31512.740547,15428.077021,543.189520,28490.231733,124.095952,7026.277782,-54.814544,0.029032,False,False,False,False,True,True,True,1-circle,1.000000,3937.370619,-26935.629594,-0.998293,-0.560661,100.000000,100.000000,0.000000,0.000000,2,4,4,0.0000,0.0000,0.0000,0.5000,"Accelerate",0.014273
1535,A0100,pursuit_chase_v1,UNKNOWN,15867.133005,29708.192639,2691.807361,2810.695599,31512.740547,15428.077021,543.189520,28490.231733,124.095952,7026.277782,-54.814544,0.029032,False,False,False,False,True,True,True,1-circle,1.000000,3937.370619,-26935.629594,-0.998293,-0.560661,100.000000,100.000000,0.000000,0.000000,2,4,4,0.0000,0.0000,0.0000,0.5000,"PursuitChaseOptimal",-0.000109
1535,B0100,aggressive,UNKNOWN,15867.133005,29708.192639,2691.807361,2810.695599,31512.740547,15428.077021,543.189520,28490.231733,124.095952,7026.277782,-54.814544,0.029032,False,False,False,False,True,True,True,1-circle,1.000000,3937.370619,-26935.629594,-0.998293,-0.560661,100.000000,100.000000,0.000000,0.000000,2,4,4,0.0000,0.0000,0.0000,0.5000,"Accelerate",0.000076
1536,A0100,pursuit_chase_v1,UNKNOWN,15877.815025,29711.920003,2688.079997,2807.881324,31529.775134,15427.670401,543.231147,28491.827188,31.909087,7038.553592,-55.232740,0.023532,False,False,False,False,True,True,True,1-circle,1.000000,3942.348788,-26957.112540,-0.809256,-0.803558,100.000000,100.000000,0.000000,0.000000,2,4,4,0.0000,0.0000,0.0000,0.5000,"PursuitChaseOptimal",0.016997
1536,B0100,aggressive,UNKNOWN,15877.815025,29711.920003,2688.079997,2807.881324,31529.775134,15427.670401,543.231147,28491.827188,31.909087,7038.553592,-55.232740,0.023532,False,False,False,False,True,True,True,1-circle,1.000000,3942.348788,-26957.112540,-0.809256,-0.803558,100.000000,100.000000,0.000000,0.000000,2,4,4,0.0000,0.0000,0.0000,0.5000,"Accelerate",-0.015287
1537,A0100,pursuit_chase_v1,UNKNOWN,15877.815025,29711.920003,2688.079997,2807.881324,31529.775134,15427.670401,543.231147,28491.827188,31.909087,7038.553592,-55.232740,0.023532,False,False,False,False,True,True,True,1-circle,1.000000,3942.348788,-26957.112540,-0.809256,-0.803558,100.000000,100.000000,0.000000,0.000000,2,4,4,0.0000,0.0000,0.0000,0.5000,"PursuitChaseOptimal",0.034296
1537,B0100,aggressive,UNKNOWN,15877.815025,29711.920003,2688.079997,2807.881324,31529.775134,15427.670401,543.231147,28491.827188,31.909087,7038.553592,-55.232740,0.023532,False,False,False,False,True,True,True,1-circle,1.000000,3942.348788,-26957.112540,-0.809256,-0.803558,100.000000,100.000000,0.000000,0.000000,2,4,4,0.0000,0.0000,0.0000,0.5000,"Accelerate",-0.031212
1538,A0100,pursuit_chase_v1,UNKNOWN,15888.542332,29718.703485,2681.296515,2809.644454,31545.558879,15427.321303,543.239982,28491.903023,1.516708,7046.412119,-56.061960,0.066324,False,False,False,False,True,True,True,1-circle,1.000000,3947.073448,-27277.280448,-2.279846,-0.528964,100.000000,100.000000,0.000000,0.000000,2,4,4,0.0000,0.0000,0.0000,0.5000,"PursuitChaseOptimal",0.050120
1538,B0100,aggressive,UNKNOWN,15888.542332,29718.703485,2681.296515,2809.644454,31545.558879,15427.321303,543.239982,28491.903023,1.516708,7046.412119,-56.061960,0.066324,False,False,False,False,True,True,True,1-circle,1.000000,3947.073448,-27277.280448,-2.279846,-0.528964,100.000000,100.000000,0.000000,0.000000,2,4,4,0.0000,0.0000,0.0000,0.5000,"Accelerate",-0.045903
1539,A0100,pursuit_chase_v1,UNKNOWN,15888.542332,29718.703485,2681.296515,2809.644454,31545.558879,15427.321303,543.239982,28491.903023,1.516708,7046.412119,-56.061960,0.066324,False,False,False,False,True,True,True,1-circle,1.000000,3947.073448,-27277.280448,-2.279846,-0.528964,100.000000,100.000000,0.000000,0.000000,2,4,4,0.0000,0.0000,0.0000,0.5000,"PursuitChaseOptimal",0.058720
1539,B0100,aggressive,UNKNOWN,15888.542332,29718.703485,2681.296515,2809.644454,31545.558879,15427.321303,543.239982,28491.903023,1.516708,7046.412119,-56.061960,0.066324,False,False,False,False,True,True,True,1-circle,1.000000,3947.073448,-27277.280448,-2.279846,-0.528964,100.000000,100.000000,0.000000,0.000000,2,4,4,0.0000,0.0000,0.0000,0.5000,"Accelerate",-0.053213
1540,A0100,pursuit_chase_v1,UNKNOWN,15899.344132,29715.069745,2684.930255,2811.700352,31562.408544,15426.907903,543.401306,28499.250297,146.945489,7063.792191,-57.178085,0.004247,False,False,False,False,True,True,True,1-circle,1.000000,3951.401765,-26896.035887,0.146112,-0.700617,100.000000,100.000000,0.000000,0.000000,2,4,4,0.0000,0.0000,0.0000,0.5000,"PursuitChaseOptimal",0.041364
1540,B0100,aggressive,UNKNOWN,15899.344132,29715.069745,2684.930255,2811.700352,31562.408544,15426.907903,543.401306,28499.250297,146.945489,7063.792191,-57.178085,0.004247,False,False,False,False,True,True,True,1-circle,1.000000,3951.401765,-26896.035887,0.146112,-0.700617,100.000000,100.000000,0.000000,0.000000,2,4,4,0.0000,0.0000,0.0000,0.5000,"Accelerate",-0.037171
1541,A0100,pursuit_chase_v1,UNKNOWN,15899.344132,29715.069745,2684.930255,2811.700352,31562.408544,15426.907903,543.401306,28499.250297,146.945489,7063.792191,-57.178085,0.004247,False,False,False,False,True,True,True,1-circle,1.000000,3951.401765,-26896.035887,0.146112,-0.700617,100.000000,100.000000,0.000000,0.000000,2,4,4,0.0000,0.0000,0.0000,0.5000,"PursuitChaseOptimal",0.017368
1541,B0100,aggressive,UNKNOWN,15899.344132,29715.069745,2684.930255,2811.700352,31562.408544,15426.907903,543.401306,28499.250297,146.945489,7063.792191,-57.178085,0.004247,False,False,False,False,True,True,True,1-circle,1.000000,3951.401765,-26896.035887,0.146112,-0.700617,100.000000,100.000000,0.000000,0.000000,2,4,4,0.0000,0.0000,0.0000,0.5000,"Accelerate",-0.015463
1542,A0100,pursuit_chase_v1,UNKNOWN,15910.204120,29727.833526,2672.166474,2806.664307,31583.245232,15426.498694,543.322226,28495.036588,-84.274189,7063.848871,-57.997661,0.067827,False,False,False,False,True,True,True,1-circle,1.000000,3955.244800,-27397.264337,-2.331759,-0.708774,100.000000,100.000000,0.000000,0.000000,2,4,4,0.0000,0.0000,0.0000,0.5000,"PursuitChaseOptimal",0.002351
1542,B0100,aggressive,UNKNOWN,15910.204120,29727.833526,2672.166474,2806.664307,31583.245232,15426.498694,543.322226,28495.036588,-84.274189,7063.848871,-57.997661,0.067827,False,False,False,False,True,True,True,1-circle,1.000000,3955.244800,-27397.264337,-2.331759,-0.708774,100.000000,100.000000,0.000000,0.000000,2,4,4,0.0000,0.0000,0.0000,0.5000,"Accelerate",-0.002296
1543,A0100,pursuit_chase_v1,UNKNOWN,15910.204120,29727.833526,2672.166474,2806.664307,31583.245232,15426.498694,543.322226,28495.036588,-84.274189,7063.848871,-57.997661,0.067827,False,False,False,False,True,True,True,1-circle,1.000000,3955.244800,-27397.264337,-2.331759,-0.708774,100.000000,100.000000,0.000000,0.000000,2,4,4,0.0000,0.0000,0.0000,0.5000,"PursuitChaseOptimal",0.007512
1543,B0100,aggressive,UNKNOWN,15910.204120,29727.833526,2672.166474,2806.664307,31583.245232,15426.498694,543.322226,28495.036588,-84.274189,7063.848871,-57.997661,0.067827,False,False,False,False,True,True,True,1-circle,1.000000,3955.244800,-27397.264337,-2.331759,-0.708774,100.000000,100.000000,0.000000,0.000000,2,4,4,0.0000,0.0000,0.0000,0.5000,"Accelerate",-0.009120
1544,A0100,pursuit_chase_v1,UNKNOWN,15921.110977,29725.210595,2674.789405,2813.683613,31597.913327,15426.110044,543.460794,28501.314723,125.562700,7069.594747,-58.491164,0.021671,False,False,False,False,True,True,True,1-circle,1.000000,3958.818556,-27167.026815,-0.745564,-0.556265,100.000000,100.000000,0.000000,0.000000,2,4,4,0.0000,0.0000,0.0000,0.5000,"PursuitChaseOptimal",-0.006909
1544,B0100,aggressive,UNKNOWN,15921.110977,29725.210595,2674.789405,2813.683613,31597.913327,15426.110044,543.460794,28501.314723,125.562700,7069.594747,-58.491164,0.021671,False,False,False,False,True,True,True,1-circle,1.000000,3958.818556,-27167.026815,-0.745564,-0.556265,100.000000,100.000000,0.000000,0.000000,2,4,4,0.0000,0.0000,0.0000,0.5000,"Accelerate",0.000046
1545,A0100,pursuit_chase_v1,UNKNOWN,15921.110977,29725.210595,2674.789405,2813.683613,31597.913327,15426.110044,543.460794,28501.314723,125.562700,7069.594747,-58.491164,0.021671,False,False,False,False,True,True,True,1-circle,1.000000,3958.818556,-27167.026815,-0.745564,-0.556265,100.000000,100.000000,0.000000,0.000000,2,4,4,0.0000,0.0000,0.0000,0.5000,"PursuitChaseOptimal",-0.032939
1545,B0100,aggressive,UNKNOWN,15921.110977,29725.210595,2674.789405,2813.683613,31597.913327,15426.110044,543.460794,28501.314723,125.562700,7069.594747,-58.491164,0.021671,False,False,False,False,True,True,True,1-circle,1.000000,3958.818556,-27167.026815,-0.745564,-0.556265,100.000000,100.000000,0.000000,0.000000,2,4,4,0.0000,0.0000,0.0000,0.5000,"Accelerate",0.023707
1546,A0100,pursuit_chase_v1,UNKNOWN,15932.052598,29730.217846,2669.782154,2818.149401,31615.031638,15425.656203,543.498721,28502.685945,27.424434,7060.723486,-58.652617,0.015784,False,False,False,False,True,True,True,1-circle,1.000000,3962.307407,-27186.122880,-0.543065,-0.808845,100.000000,100.000000,0.000000,0.000000,2,4,4,0.0000,0.0000,0.0000,0.5000,"PursuitChaseOptimal",-0.042652
1546,B0100,aggressive,UNKNOWN,15932.052598,29730.217846,2669.782154,2818.149401,31615.031638,15425.656203,543.498721,28502.685945,27.424434,7060.723486,-58.652617,0.015784,False,False,False,False,True,True,True,1-circle,1.000000,3962.307407,-27186.122880,-0.543065,-0.808845,100.000000,100.000000,0.000000,0.000000,2,4,4,0.0000,0.0000,0.0000,0.5000,"Accelerate",0.032595
1547,A0100,pursuit_chase_v1,UNKNOWN,15932.052598,29730.217846,2669.782154,2818.149401,31615.031638,15425.656203,543.498721,28502.685945,27.424434,7060.723486,-58.652617,0.015784,False,False,False,False,True,True,True,1-circle,1.000000,3962.307407,-27186.122880,-0.543065,-0.808845,100.000000,100.000000,0.000000,0.000000,2,4,4,0.0000,0.0000,0.0000,0.5000,"PursuitChaseOptimal",-0.022737
1547,B0100,aggressive,UNKNOWN,15932.052598,29730.217846,2669.782154,2818.149401,31615.031638,15425.656203,543.498721,28502.685945,27.424434,7060.723486,-58.652617,0.015784,False,False,False,False,True,True,True,1-circle,1.000000,3962.307407,-27186.122880,-0.543065,-0.808845,100.000000,100.000000,0.000000,0.000000,2,4,4,0.0000,0.0000,0.0000,0.5000,"Accelerate",0.014359
1548,A0100,pursuit_chase_v1,UNKNOWN,15943.007155,29738.266046,2661.733954,2824.369423,31632.057054,15425.268158,543.505449,28502.621640,-1.286100,7049.600389,-58.738427,0.058476,False,False,False,False,True,True,True,1-circle,1.000000,3965.769711,-27506.263766,-2.011189,-0.536511,100.000000,100.000000,0.000000,0.000000,2,4,4,0.0000,0.0000,0.0000,0.5000,"PursuitChaseOptimal",-0.015275
1548,B0100,aggressive,UNKNOWN,15943.007155,29738.266046,2661.733954,2824.369423,31632.057054,15425.268158,543.505449,28502.621640,-1.286100,7049.600389,-58.738427,0.058476,False,False,False,False,True,True,True,1-circle,1.000000,3965.769711,-27506.263766,-2.011189,-0.536511,100.000000,100.000000,0.000000,0.000000,2,4,4,0.0000,0.0000,0.0000,0.5000,"Accelerate",0.007213
1549,A0100,pursuit_chase_v1,UNKNOWN,15943.007155,29738.266046,2661.733954,2824.369423,31632.057054,15425.268158,543.505449,28502.621640,-1.286100,7049.600389,-58.738427,0.058476,False,False,False,False,True,True,True,1-circle,1.000000,3965.769711,-27506.263766,-2.011189,-0.536511,100.000000,100.000000,0.000000,0.000000,2,4,4,0.0000,0.0000,0.0000,0.5000,"PursuitChaseOptimal",-0.036235
1549,B0100,aggressive,UNKNOWN,15943.007155,29738.266046,2661.733954,2824.369423,31632.057054,15425.268158,543.505449,28502.621640,-1.286100,7049.600389,-58.738427,0.058476,False,False,False,False,True,True,True,1-circle,1.000000,3965.769711,-27506.263766,-2.011189,-0.536511,100.000000,100.000000,0.000000,0.000000,2,4,4,0.0000,0.0000,0.0000,0.5000,"Accelerate",0.026377
1550,A0100,pursuit_chase_v1,UNKNOWN,15953.982282,29734.183652,2665.816348,2829.766648,31647.490049,15424.819121,543.671204,28510.150347,150.574138,7049.422194,-58.802146,0.012707,False,False,False,False,True,True,True,1-circle,1.000000,3969.280797,-27121.832256,0.437325,-0.709176,100.000000,100.000000,0.000000,0.000000,2,4,4,0.0000,0.0000,0.0000,0.5000,"PursuitChaseOptimal",-0.040153
1550,B0100,aggressive,UNKNOWN,15953.982282,29734.183652,2665.816348,2829.766648,31647.490049,15424.819121,543.671204,28510.150347,150.574138,7049.422194,-58.802146,0.012707,False,False,False,False,True,True,True,1-circle,1.000000,3969.280797,-27121.832256,0.437325,-0.709176,100.000000,100.000000,0.000000,0.000000,2,4,4,0.0000,0.0000,0.0000,0.5000,"Accelerate",0.030258
1551,A0100,pursuit_chase_v1,UNKNOWN,15953.982282,29734.183652,2665.816348,2829.766648,31647.490049,15424.819121,543.671204,28510.150347,150.574138,7049.422194,-58.802146,0.012707,False,False,False,False,True,True,True,1-circle,1.000000,3969.280797,-27121.832256,0.437325,-0.709176,100.000000,100.000000,0.000000,0.000000,2,4,4,0.0000,0.0000,0.0000,0.5000,"PursuitChaseOptimal",-0.012827
1551,B0100,aggressive,UNKNOWN,15953.982282,29734.183652,2665.816348,2829.766648,31647.490049,15424.819121,543.671204,28510.150347,150.574138,7049.422194,-58.802146,0.012707,False,False,False,False,True,True,True,1-circle,1.000000,3969.280797,-27121.832256,0.437325,-0.709176,100.000000,100.000000,0.000000,0.000000,2,4,4,0.0000,0.0000,0.0000,0.5000,"Accelerate",0.005732
1552,A0100,pursuit_chase_v1,UNKNOWN,15964.988560,29746.588188,2653.411812,2830.013230,31668.215576,15424.374259,543.594966,28506.035878,-82.289380,7034.560359,-58.930857,0.058602,False,False,False,False,True,True,True,1-circle,1.000000,3972.838838,-27620.102675,-2.015799,-0.719587,100.000000,100.000000,0.000000,0.000000,2,5,4,0.0000,0.0000,0.0000,0.5000,"PursuitChaseOptimal",-0.001902
1552,B0100,aggressive,UNKNOWN,15964.988560,29746.588188,2653.411812,2830.013230,31668.215576,15424.374259,543.594966,28506.035878,-82.289380,7034.560359,-58.930857,0.058602,False,False,False,False,True,True,True,1-circle,1.000000,3972.838838,-27620.102675,-2.015799,-0.719587,100.000000,100.000000,0.000000,0.000000,2,4,4,0.0000,0.0000,0.0000,0.5000,"Accelerate",-0.004503
1553,A0100,pursuit_chase_v1,UNKNOWN,15964.988560,29746.588188,2653.411812,2830.013230,31668.215576,15424.374259,543.594966,28506.035878,-82.289380,7034.560359,-58.930857,0.058602,False,False,False,False,True,True,True,1-circle,1.000000,3972.838838,-27620.102675,-2.015799,-0.719587,100.000000,100.000000,0.000000,0.000000,2,5,4,0.0000,0.0000,0.0000,0.5000,"PursuitChaseOptimal",0.013058
1553,B0100,aggressive,UNKNOWN,15964.988560,29746.588188,2653.411812,2830.013230,31668.215576,15424.374259,543.594966,28506.035878,-82.289380,7034.560359,-58.930857,0.058602,False,False,False,False,True,True,True,1-circle,1.000000,3972.838838,-27620.102675,-2.015799,-0.719587,100.000000,100.000000,0.000000,0.000000,2,4,4,0.0000,0.0000,0.0000,0.5000,"Accelerate",-0.018436
1554,A0100,pursuit_chase_v1,UNKNOWN,15975.981967,29743.062673,2656.937327,2834.568847,31682.370059,15423.949442,543.741480,28512.663766,132.557760,7018.720266,-59.032188,0.014986,False,False,False,False,True,True,True,1-circle,1.000000,3976.261247,-27407.014463,-0.515812,-0.567129,100.000000,100.000000,0.000000,0.000000,2,5,4,0.0000,0.0000,0.0000,0.5000,"PursuitChaseOptimal",0.026032
1554,B0100,aggressive,UNKNOWN,15975.981967,29743.062673,2656.937327,2834.568847,31682.370059,15423.949442,543.741480,28512.663766,132.557760,7018.720266,-59.032188,0.014986,False,False,False,False,True,True,True,1-circle,1.000000,3976.261247,-27407.014463,-0.515812,-0.567129,100.000000,100.000000,0.000000,0.000000,2,4,4,0.0000,0.0000,0.0000,0.5000,"Accelerate",-0.029754
1555,A0100,pursuit_chase_v1,UNKNOWN,15975.981967,29743.062673,2656.937327,2834.568847,31682.370059,15423.949442,543.741480,28512.663766,132.557760,7018.720266,-59.032188,0.014986,False,False,False,False,True,True,True,1-circle,1.000000,3976.261247,-27407.014463,-0.515812,-0.567129,100.000000,100.000000,0.000000,0.000000,2,5,4,0.0000,0.0000,0.0000,0.5000,"PursuitChaseOptimal",0.036352
1555,B0100,aggressive,UNKNOWN,15975.981967,29743.062673,2656.937327,2834.568847,31682.370059,15423.949442,543.741480,28512.663766,132.557760,7018.720266,-59.032188,0.014986,False,False,False,False,True,True,True,1-circle,1.000000,3976.261247,-27407.014463,-0.515812,-0.567129,100.000000,100.000000,0.000000,0.000000,2,4,4,0.0000,0.0000,0.0000,0.5000,"Accelerate",-0.038473
1556,A0100,pursuit_chase_v1,UNKNOWN,15986.926465,29751.344517,2648.655483,2833.950914,31699.374547,15423.470585,543.745636,28512.384993,-5.575460,6975.689478,-59.115777,0.006521,False,False,False,False,True,True,True,1-circle,1.000000,3979.422104,-27411.618393,-0.224439,-0.684644,100.000000,100.000000,0.000000,0.000000,2,5,3,0.0000,0.0000,0.0000,0.5000,"PursuitChaseOptimal",0.036332
1556,B0100,aggressive,UNKNOWN,15986.926465,29751.344517,2648.655483,2833.950914,31699.374547,15423.470585,543.745636,28512.384993,-5.575460,6975.689478,-59.115777,0.006521,False,False,False,False,True,True,True,1-circle,1.000000,3979.422104,-27411.618393,-0.224439,-0.684644,100.000000,100.000000,0.000000,0.000000,2,4,4,0.0000,0.0000,0.0000,0.5000,"Accelerate",-0.038304
1557,A0100,pursuit_chase_v1,UNKNOWN,15986.926465,29751.344517,2648.655483,2833.950914,31699.374547,15423.470585,543.745636,28512.384993,-5.575460,6975.689478,-59.115777,0.006521,False,False,False,False,True,True,True,1-circle,1.000000,3979.422104,-27411.618393,-0.224439,-0.684644,100.000000,100.000000,0.000000,0.000000,2,5,3,0.0000,0.0000,0.0000,0.5000,"PursuitChaseOptimal",0.038836
1557,B0100,aggressive,UNKNOWN,15986.926465,29751.344517,2648.655483,2833.950914,31699.374547,15423.470585,543.745636,28512.384993,-5.575460,6975.689478,-59.115777,0.006521,False,False,False,False,True,True,True,1-circle,1.000000,3979.422104,-27411.618393,-0.224439,-0.684644,100.000000,100.000000,0.000000,0.000000,2,4,4,0.0000,0.0000,0.0000,0.5000,"Accelerate",-0.040763
1558,A0100,pursuit_chase_v1,UNKNOWN,15997.770925,29762.737623,2637.262377,2838.274016,31715.996930,15423.099915,543.811012,28515.161920,55.538553,6939.552967,-59.553859,0.049985,False,False,False,False,True,True,True,1-circle,1.000000,3982.017403,-27737.741522,-1.720180,-0.358253,100.000000,100.000000,0.000000,0.000000,2,5,3,0.0000,0.0000,0.0000,0.5000,"PursuitChaseOptimal",0.045941
1558,B0100,aggressive,UNKNOWN,15997.770925,29762.737623,2637.262377,2838.274016,31715.996930,15423.099915,543.811012,28515.161920,55.538553,6939.552967,-59.553859,0.049985,False,False,False,False,True,True,True,1-circle,1.000000,3982.017403,-27737.741522,-1.720180,-0.358253,100.000000,100.000000,0.000000,0.000000,2,4,4,0.0000,0.0000,0.0000,0.5000,"Accelerate",-0.047462
1559,A0100,pursuit_chase_v1,UNKNOWN,15997.770925,29762.737623,2637.262377,2838.274016,31715.996930,15423.099915,543.811012,28515.161920,55.538553,6939.552967,-59.553859,0.049985,False,False,False,False,True,True,True,1-circle,1.000000,3982.017403,-27737.741522,-1.720180,-0.358253,100.000000,100.000000,0.000000,0.000000,2,5,3,0.0000,0.0000,0.0000,0.5000,"PursuitChaseOptimal",0.049052
1559,B0100,aggressive,UNKNOWN,15997.770925,29762.737623,2637.262377,2838.274016,31715.996930,15423.099915,543.811012,28515.161920,55.538553,6939.552967,-59.553859,0.049985,False,False,False,False,True,True,True,1-circle,1.000000,3982.017403,-27737.741522,-1.720180,-0.358253,100.000000,100.000000,0.000000,0.000000,2,4,4,0.0000,0.0000,0.0000,0.5000,"Accelerate",-0.049860
1560,A0100,pursuit_chase_v1,UNKNOWN,16008.592726,29761.907890,2638.092110,2855.623346,31731.257848,15422.707331,543.995280,28523.643204,169.625678,6916.392507,-60.387012,0.020316,False,False,False,False,True,True,True,1-circle,1.000000,3984.066024,-27359.155131,0.699536,-0.580785,100.000000,100.000000,0.000000,0.000000,2,5,2,0.0000,0.0000,0.0000,0.5000,"PursuitChaseOptimal",0.047224
1560,B0100,aggressive,UNKNOWN,16008.592726,29761.907890,2638.092110,2855.623346,31731.257848,15422.707331,543.995280,28523.643204,169.625678,6916.392507,-60.387012,0.020316,False,False,False,False,True,True,True,1-circle,1.000000,3984.066024,-27359.155131,0.699536,-0.580785,100.000000,100.000000,0.000000,0.000000,2,4,4,0.0000,0.0000,0.0000,0.5000,"Accelerate",-0.047769
1561,A0100,pursuit_chase_v1,UNKNOWN,16008.592726,29761.907890,2638.092110,2855.623346,31731.257848,15422.707331,543.995280,28523.643204,169.625678,6916.392507,-60.387012,0.020316,False,False,False,False,True,True,True,1-circle,1.000000,3984.066024,-27359.155131,0.699536,-0.580785,100.000000,100.000000,0.000000,0.000000,2,5,2,0.0000,0.0000,0.0000,0.5000,"PursuitChaseOptimal",0.044233
1561,B0100,aggressive,UNKNOWN,16008.592726,29761.907890,2638.092110,2855.623346,31731.257848,15422.707331,543.995280,28523.643204,169.625678,6916.392507,-60.387012,0.020316,False,False,False,False,True,True,True,1-circle,1.000000,3984.066024,-27359.155131,0.699536,-0.580785,100.000000,100.000000,0.000000,0.000000,2,4,4,0.0000,0.0000,0.0000,0.5000,"Accelerate",-0.044838
1562,A0100,pursuit_chase_v1,UNKNOWN,16019.399275,29776.796241,2623.203759,2874.945231,31751.927744,15422.344007,543.920559,28519.681145,-79.241185,6880.781835,-61.465933,0.051664,False,False,False,False,True,True,True,1-circle,1.000000,3985.384286,-27862.171712,-1.778232,-0.614848,100.000000,100.000000,0.000000,0.000000,2,5,2,0.0000,0.0000,0.0000,0.5000,"PursuitChaseOptimal",0.022949
1562,B0100,aggressive,UNKNOWN,16019.399275,29776.796241,2623.203759,2874.945231,31751.927744,15422.344007,543.920559,28519.681145,-79.241185,6880.781835,-61.465933,0.051664,False,False,False,False,True,True,True,1-circle,1.000000,3985.384286,-27862.171712,-1.778232,-0.614848,100.000000,100.000000,0.000000,0.000000,2,4,4,0.0000,0.0000,0.0000,0.5000,"Accelerate",-0.026253
1563,A0100,pursuit_chase_v1,UNKNOWN,16019.399275,29776.796241,2623.203759,2874.945231,31751.927744,15422.344007,543.920559,28519.681145,-79.241185,6880.781835,-61.465933,0.051664,False,False,False,False,True,True,True,1-circle,1.000000,3985.384286,-27862.171712,-1.778232,-0.614848,100.000000,100.000000,0.000000,0.000000,2,5,2,0.0000,0.0000,0.0000,0.5000,"PursuitChaseOptimal",0.017450
1563,B0100,aggressive,UNKNOWN,16019.399275,29776.796241,2623.203759,2874.945231,31751.927744,15422.344007,543.920559,28519.681145,-79.241185,6880.781835,-61.465933,0.051664,False,False,False,False,True,True,True,1-circle,1.000000,3985.384286,-27862.171712,-1.778232,-0.614848,100.000000,100.000000,0.000000,0.000000,2,4,4,0.0000,0.0000,0.0000,0.5000,"Accelerate",-0.021789
1564,A0100,pursuit_chase_v1,UNKNOWN,16030.231253,29775.523427,2624.476573,2880.445812,31766.227571,15422.016295,544.072645,28526.678794,139.952991,6882.630240,-62.165606,0.008702,False,False,False,False,True,True,True,1-circle,1.000000,3986.110097,-27653.124036,-0.299675,-0.471725,100.000000,100.000000,0.000000,0.000000,2,5,2,0.0000,0.0000,0.0000,0.5000,"PursuitChaseOptimal",0.019291
1564,B0100,aggressive,UNKNOWN,16030.231253,29775.523427,2624.476573,2880.445812,31766.227571,15422.016295,544.072645,28526.678794,139.952991,6882.630240,-62.165606,0.008702,False,False,False,False,True,True,True,1-circle,1.000000,3986.110097,-27653.124036,-0.299675,-0.471725,100.000000,100.000000,0.000000,0.000000,2,4,4,0.0000,0.0000,0.0000,0.5000,"Accelerate",-0.023056
1565,A0100,pursuit_chase_v1,UNKNOWN,16030.231253,29775.523427,2624.476573,2880.445812,31766.227571,15422.016295,544.072645,28526.678794,139.952991,6882.630240,-62.165606,0.008702,False,False,False,False,True,True,True,1-circle,1.000000,3986.110097,-27653.124036,-0.299675,-0.471725,100.000000,100.000000,0.000000,0.000000,2,5,2,0.0000,0.0000,0.0000,0.5000,"PursuitChaseOptimal",0.020325
1565,B0100,aggressive,UNKNOWN,16030.231253,29775.523427,2624.476573,2880.445812,31766.227571,15422.016295,544.072645,28526.678794,139.952991,6882.630240,-62.165606,0.008702,False,False,False,False,True,True,True,1-circle,1.000000,3986.110097,-27653.124036,-0.299675,-0.471725,100.000000,100.000000,0.000000,0.000000,2,4,4,0.0000,0.0000,0.0000,0.5000,"Accelerate",-0.023428
1566,A0100,pursuit_chase_v1,UNKNOWN,16041.054888,29785.477781,2614.522219,2833.608952,31783.177020,15421.644314,544.074751,28526.408237,-5.411141,6864.294207,-61.474601,0.000816,False,False,False,False,True,True,True,1-circle,1.000000,3986.763270,-27661.195846,-0.028108,-0.606841,100.000000,100.000000,0.000000,0.000000,2,5,2,0.0000,0.0000,0.0000,0.5000,"PursuitChaseOptimal",0.022287
1566,B0100,aggressive,UNKNOWN,16041.054888,29785.477781,2614.522219,2833.608952,31783.177020,15421.644314,544.074751,28526.408237,-5.411141,6864.294207,-61.474601,0.000816,False,False,False,False,True,True,True,1-circle,1.000000,3986.763270,-27661.195846,-0.028108,-0.606841,100.000000,100.000000,0.000000,0.000000,2,4,4,0.0000,0.0000,0.0000,0.5000,"Accelerate",-0.025080
1567,A0100,pursuit_chase_v1,UNKNOWN,16041.054888,29785.477781,2614.522219,2833.608952,31783.177020,15421.644314,544.074751,28526.408237,-5.411141,6864.294207,-61.474601,0.000816,False,False,False,False,True,True,True,1-circle,1.000000,3986.763270,-27661.195846,-0.028108,-0.606841,100.000000,100.000000,0.000000,0.000000,2,5,2,0.0000,0.0000,0.0000,0.5000,"PursuitChaseOptimal",0.024576
1567,B0100,aggressive,UNKNOWN,16041.054888,29785.477781,2614.522219,2833.608952,31783.177020,15421.644314,544.074751,28526.408237,-5.411141,6864.294207,-61.474601,0.000816,False,False,False,False,True,True,True,1-circle,1.000000,3986.763270,-27661.195846,-0.028108,-0.606841,100.000000,100.000000,0.000000,0.000000,2,4,4,0.0000,0.0000,0.0000,0.5000,"Accelerate",-0.027387
1568,A0100,pursuit_chase_v1,UNKNOWN,16051.709061,29797.673963,2602.326037,2737.519888,31799.247731,15421.386257,544.138280,28529.210740,56.050054,6851.996203,-59.778338,0.044753,False,False,False,False,True,True,True,1-circle,1.000000,3987.605601,-27989.537740,-1.541050,-0.285623,100.000000,100.000000,0.000000,0.000000,2,5,2,0.0000,0.0000,0.0000,0.5000,"PursuitChaseOptimal",0.026743
1568,B0100,aggressive,UNKNOWN,16051.709061,29797.673963,2602.326037,2737.519888,31799.247731,15421.386257,544.138280,28529.210740,56.050054,6851.996203,-59.778338,0.044753,False,False,False,False,True,True,True,1-circle,1.000000,3987.605601,-27989.537740,-1.541050,-0.285623,100.000000,100.000000,0.000000,0.000000,2,4,4,0.0000,0.0000,0.0000,0.5000,"Accelerate",-0.029692
1569,A0100,pursuit_chase_v1,UNKNOWN,16051.709061,29797.673963,2602.326037,2737.519888,31799.247731,15421.386257,544.138280,28529.210740,56.050054,6851.996203,-59.778338,0.044753,False,False,False,False,True,True,True,1-circle,1.000000,3987.605601,-27989.537740,-1.541050,-0.285623,100.000000,100.000000,0.000000,0.000000,2,5,2,0.0000,0.0000,0.0000,0.5000,"PursuitChaseOptimal",0.028881
1569,B0100,aggressive,UNKNOWN,16051.709061,29797.673963,2602.326037,2737.519888,31799.247731,15421.386257,544.138280,28529.210740,56.050054,6851.996203,-59.778338,0.044753,False,False,False,False,True,True,True,1-circle,1.000000,3987.605601,-27989.537740,-1.541050,-0.285623,100.000000,100.000000,0.000000,0.000000,2,4,4,0.0000,0.0000,0.0000,0.5000,"Accelerate",-0.031193
1570,A0100,pursuit_chase_v1,UNKNOWN,16062.176991,29797.733173,2602.266827,2621.199744,31813.211335,15421.110239,544.294072,28536.441600,144.617194,6859.828258,-57.847190,0.025197,False,False,False,False,True,True,True,1-circle,1.000000,3989.026647,-27610.640757,0.868035,-0.504678,100.000000,100.000000,0.000000,0.000000,2,4,2,0.0000,0.0000,0.0000,0.5000,"PursuitChaseOptimal",0.036774
1570,B0100,aggressive,UNKNOWN,16062.176991,29797.733173,2602.266827,2621.199744,31813.211335,15421.110239,544.294072,28536.441600,144.617194,6859.828258,-57.847190,0.025197,False,False,False,False,True,True,True,1-circle,1.000000,3989.026647,-27610.640757,0.868035,-0.504678,100.000000,100.000000,0.000000,0.000000,2,4,4,0.0000,0.0000,0.0000,0.5000,"Accelerate",-0.037571
1571,A0100,pursuit_chase_v1,UNKNOWN,16062.176991,29797.733173,2602.266827,2621.199744,31813.211335,15421.110239,544.294072,28536.441600,144.617194,6859.828258,-57.847190,0.025197,False,False,False,False,True,True,True,1-circle,1.000000,3989.026647,-27610.640757,0.868035,-0.504678,100.000000,100.000000,0.000000,0.000000,2,4,2,0.0000,0.0000,0.0000,0.5000,"PursuitChaseOptimal",0.028275
1571,B0100,aggressive,UNKNOWN,16062.176991,29797.733173,2602.266827,2621.199744,31813.211335,15421.110239,544.294072,28536.441600,144.617194,6859.828258,-57.847190,0.025197,False,False,False,False,True,True,True,1-circle,1.000000,3989.026647,-27610.640757,0.868035,-0.504678,100.000000,100.000000,0.000000,0.000000,2,4,4,0.0000,0.0000,0.0000,0.5000,"Accelerate",-0.030082
1572,A0100,pursuit_chase_v1,UNKNOWN,16072.471555,29815.680294,2584.319706,2490.651662,31831.626384,15420.908226,544.242105,28533.735313,-54.125743,6872.099983,-56.284129,0.047182,False,False,False,False,True,True,True,1-circle,1.000000,3990.961153,-28112.341017,-1.624946,-0.294331,100.000000,100.000000,0.000000,0.000000,2,4,2,0.0000,0.0000,0.0000,0.5000,"PursuitChaseOptimal",0.018398
1572,B0100,aggressive,UNKNOWN,16072.471555,29815.680294,2584.319706,2490.651662,31831.626384,15420.908226,544.242105,28533.735313,-54.125743,6872.099983,-56.284129,0.047182,False,False,False,False,True,True,True,1-circle,1.000000,3990.961153,-28112.341017,-1.624946,-0.294331,100.000000,100.000000,0.000000,0.000000,2,4,4,0.0000,0.0000,0.0000,0.5000,"Accelerate",-0.021904
1573,A0100,pursuit_chase_v1,UNKNOWN,16072.471555,29815.680294,2584.319706,2490.651662,31831.626384,15420.908226,544.242105,28533.735313,-54.125743,6872.099983,-56.284129,0.047182,False,False,False,False,True,True,True,1-circle,1.000000,3990.961153,-28112.341017,-1.624946,-0.294331,100.000000,100.000000,0.000000,0.000000,2,4,2,0.0000,0.0000,0.0000,0.5000,"PursuitChaseOptimal",0.006179
1573,B0100,aggressive,UNKNOWN,16072.471555,29815.680294,2584.319706,2490.651662,31831.626384,15420.908226,544.242105,28533.735313,-54.125743,6872.099983,-56.284129,0.047182,False,False,False,False,True,True,True,1-circle,1.000000,3990.961153,-28112.341017,-1.624946,-0.294331,100.000000,100.000000,0.000000,0.000000,2,4,4,0.0000,0.0000,0.0000,0.5000,"Accelerate",-0.011564
1574,A0100,pursuit_chase_v1,UNKNOWN,16082.636696,29812.874129,2587.125871,2375.830438,31842.561050,15420.760143,544.400234,28541.208172,149.457183,6902.346841,-54.775000,0.004513,False,False,False,False,True,True,True,1-circle,1.000000,3993.448813,-27898.948340,-0.155495,-0.430824,100.000000,100.000000,0.000000,0.000000,2,4,2,0.0000,0.0000,0.0000,0.5000,"PursuitChaseOptimal",-0.002910
1574,B0100,aggressive,UNKNOWN,16082.636696,29812.874129,2587.125871,2375.830438,31842.561050,15420.760143,544.400234,28541.208172,149.457183,6902.346841,-54.775000,0.004513,False,False,False,False,True,True,True,1-circle,1.000000,3993.448813,-27898.948340,-0.155495,-0.430824,100.000000,100.000000,0.000000,0.000000,2,4,4,0.0000,0.0000,0.0000,0.5000,"Accelerate",-0.003461
1575,A0100,pursuit_chase_v1,UNKNOWN,16082.636696,29812.874129,2587.125871,2375.830438,31842.561050,15420.760143,544.400234,28541.208172,149.457183,6902.346841,-54.775000,0.004513,False,False,False,False,True,True,True,1-circle,1.000000,3993.448813,-27898.948340,-0.155495,-0.430824,100.000000,100.000000,0.000000,0.000000,2,4,2,0.0000,0.0000,0.0000,0.5000,"PursuitChaseOptimal",-0.005411
1575,B0100,aggressive,UNKNOWN,16082.636696,29812.874129,2587.125871,2375.830438,31842.561050,15420.760143,544.400234,28541.208172,149.457183,6902.346841,-54.775000,0.004513,False,False,False,False,True,True,True,1-circle,1.000000,3993.448813,-27898.948340,-0.155495,-0.430824,100.000000,100.000000,0.000000,0.000000,2,4,4,0.0000,0.0000,0.0000,0.5000,"Accelerate",-0.000942
1576,A0100,pursuit_chase_v1,UNKNOWN,16092.728510,29815.366798,2584.633202,2284.996638,31855.785359,15420.553844,544.437185,28542.783001,31.496590,6918.985781,-53.581391,0.002974,False,False,False,False,True,True,True,1-circle,1.000000,3996.582322,-27902.150027,0.102482,-0.667720,100.000000,100.000000,0.000000,0.000000,2,4,2,0.0000,0.0000,0.0000,0.5000,"PursuitChaseOptimal",-0.016655
1576,B0100,aggressive,UNKNOWN,16092.728510,29815.366798,2584.633202,2284.996638,31855.785359,15420.553844,544.437185,28542.783001,31.496590,6918.985781,-53.581391,0.002974,False,False,False,False,True,True,True,1-circle,1.000000,3996.582322,-27902.150027,0.102482,-0.667720,100.000000,100.000000,0.000000,0.000000,2,4,4,0.0000,0.0000,0.0000,0.5000,"Accelerate",0.009046
1577,A0100,pursuit_chase_v1,UNKNOWN,16092.728510,29815.366798,2584.633202,2284.996638,31855.785359,15420.553844,544.437185,28542.783001,31.496590,6918.985781,-53.581391,0.002974,False,False,False,False,True,True,True,1-circle,1.000000,3996.582322,-27902.150027,0.102482,-0.667720,100.000000,100.000000,0.000000,0.000000,2,4,2,0.0000,0.0000,0.0000,0.5000,"PursuitChaseOptimal",-0.020593
1577,B0100,aggressive,UNKNOWN,16092.728510,29815.366798,2584.633202,2284.996638,31855.785359,15420.553844,544.437185,28542.783001,31.496590,6918.985781,-53.581391,0.002974,False,False,False,False,True,True,True,1-circle,1.000000,3996.582322,-27902.150027,0.102482,-0.667720,100.000000,100.000000,0.000000,0.000000,2,4,4,0.0000,0.0000,0.0000,0.5000,"Accelerate",0.012082
1578,A0100,pursuit_chase_v1,UNKNOWN,16102.748963,29820.550666,2579.449334,2221.036114,31867.978934,15420.409315,544.438876,28542.719993,-1.260162,6929.502096,-52.729385,0.041945,False,False,False,False,True,True,True,1-circle,1.000000,4000.119796,-28229.118053,-1.445135,-0.411480,100.000000,100.000000,0.000000,0.000000,2,4,2,0.0000,0.0000,0.0000,0.5000,"PursuitChaseOptimal",-0.018156
1578,B0100,aggressive,UNKNOWN,16102.748963,29820.550666,2579.449334,2221.036114,31867.978934,15420.409315,544.438876,28542.719993,-1.260162,6929.502096,-52.729385,0.041945,False,False,False,False,True,True,True,1-circle,1.000000,4000.119796,-28229.118053,-1.445135,-0.411480,100.000000,100.000000,0.000000,0.000000,2,4,4,0.0000,0.0000,0.0000,0.5000,"Accelerate",0.009522
1579,A0100,pursuit_chase_v1,UNKNOWN,16102.748963,29820.550666,2579.449334,2221.036114,31867.978934,15420.409315,544.438876,28542.719993,-1.260162,6929.502096,-52.729385,0.041945,False,False,False,False,True,True,True,1-circle,1.000000,4000.119796,-28229.118053,-1.445135,-0.411480,100.000000,100.000000,0.000000,0.000000,2,4,2,0.0000,0.0000,0.0000,0.5000,"PursuitChaseOptimal",-0.010598
1579,B0100,aggressive,UNKNOWN,16102.748963,29820.550666,2579.449334,2221.036114,31867.978934,15420.409315,544.438876,28542.719993,-1.260162,6929.502096,-52.729385,0.041945,False,False,False,False,True,True,True,1-circle,1.000000,4000.119796,-28229.118053,-1.445135,-0.411480,100.000000,100.000000,0.000000,0.000000,2,4,4,0.0000,0.0000,0.0000,0.5000,"Accelerate",0.003248
1580,A0100,pursuit_chase_v1,UNKNOWN,16112.737319,29814.356652,2585.643348,2185.626349,31878.504889,15420.200343,544.576913,28549.165904,128.918226,6938.203933,-52.161994,0.028107,False,False,False,False,True,True,True,1-circle,1.000000,4004.057858,-27842.411771,0.968691,-0.579182,100.000000,100.000000,0.000000,0.000000,2,4,2,0.0000,0.0000,0.0000,0.5000,"PursuitChaseOptimal",-0.005385
1580,B0100,aggressive,UNKNOWN,16112.737319,29814.356652,2585.643348,2185.626349,31878.504889,15420.200343,544.576913,28549.165904,128.918226,6938.203933,-52.161994,0.028107,False,False,False,False,True,True,True,1-circle,1.000000,4004.057858,-27842.411771,0.968691,-0.579182,100.000000,100.000000,0.000000,0.000000,2,4,4,0.0000,0.0000,0.0000,0.5000,"Accelerate",-0.000806
1581,A0100,pursuit_chase_v1,UNKNOWN,16112.737319,29814.356652,2585.643348,2185.626349,31878.504889,15420.200343,544.576913,28549.165904,128.918226,6938.203933,-52.161994,0.028107,False,False,False,False,True,True,True,1-circle,1.000000,4004.057858,-27842.411771,0.968691,-0.579182,100.000000,100.000000,0.000000,0.000000,2,4,2,0.0000,0.0000,0.0000,0.5000,"PursuitChaseOptimal",0.012921
1581,B0100,aggressive,UNKNOWN,16112.737319,29814.356652,2585.643348,2185.626349,31878.504889,15420.200343,544.576913,28549.165904,128.918226,6938.203933,-52.161994,0.028107,False,False,False,False,True,True,True,1-circle,1.000000,4004.057858,-27842.411771,0.968691,-0.579182,100.000000,100.000000,0.000000,0.000000,2,4,4,0.0000,0.0000,0.0000,0.5000,"Accelerate",-0.016809
1582,A0100,pursuit_chase_v1,UNKNOWN,16122.695847,29828.273075,2571.726925,2165.934674,31894.096449,15420.032586,544.521851,28546.343369,-56.450701,6929.534583,-52.219235,0.044961,False,False,False,False,True,True,True,1-circle,1.000000,4008.046732,-28343.014725,-1.549200,-0.368183,100.000000,100.000000,0.000000,0.000000,2,4,2,0.0000,0.0000,0.0000,0.5000,"PursuitChaseOptimal",0.028703
1582,B0100,aggressive,UNKNOWN,16122.695847,29828.273075,2571.726925,2165.934674,31894.096449,15420.032586,544.521851,28546.343369,-56.450701,6929.534583,-52.219235,0.044961,False,False,False,False,True,True,True,1-circle,1.000000,4008.046732,-28343.014725,-1.549200,-0.368183,100.000000,100.000000,0.000000,0.000000,2,4,4,0.0000,0.0000,0.0000,0.5000,"Accelerate",-0.030952
1583,A0100,pursuit_chase_v1,UNKNOWN,16122.695847,29828.273075,2571.726925,2165.934674,31894.096449,15420.032586,544.521851,28546.343369,-56.450701,6929.534583,-52.219235,0.044961,False,False,False,False,True,True,True,1-circle,1.000000,4008.046732,-28343.014725,-1.549200,-0.368183,100.000000,100.000000,0.000000,0.000000,2,4,2,0.0000,0.0000,0.0000,0.5000,"PursuitChaseOptimal",0.044066
1583,B0100,aggressive,UNKNOWN,16122.695847,29828.273075,2571.726925,2165.934674,31894.096449,15420.032586,544.521851,28546.343369,-56.450701,6929.534583,-52.219235,0.044961,False,False,False,False,True,True,True,1-circle,1.000000,4008.046732,-28343.014725,-1.549200,-0.368183,100.000000,100.000000,0.000000,0.000000,2,4,4,0.0000,0.0000,0.0000,0.5000,"Accelerate",-0.044765
1584,A0100,pursuit_chase_v1,UNKNOWN,16132.652401,29826.125833,2573.874167,2165.960345,31903.118653,15419.927677,544.680388,28553.882999,150.792595,6939.363231,-52.831918,0.002551,False,False,False,False,True,True,True,1-circle,1.000000,4011.771116,-28127.155208,-0.087934,-0.289435,100.000000,100.000000,0.000000,0.000000,2,4,2,0.0000,0.0000,0.0000,0.5000,"PursuitChaseOptimal",0.036769
1584,B0100,aggressive,UNKNOWN,16132.652401,29826.125833,2573.874167,2165.960345,31903.118653,15419.927677,544.680388,28553.882999,150.792595,6939.363231,-52.831918,0.002551,False,False,False,False,True,True,True,1-circle,1.000000,4011.771116,-28127.155208,-0.087934,-0.289435,100.000000,100.000000,0.000000,0.000000,2,4,4,0.0000,0.0000,0.0000,0.5000,"Accelerate",-0.037988
1585,A0100,pursuit_chase_v1,UNKNOWN,16132.652401,29826.125833,2573.874167,2165.960345,31903.118653,15419.927677,544.680388,28553.882999,150.792595,6939.363231,-52.831918,0.002551,False,False,False,False,True,True,True,1-circle,1.000000,4011.771116,-28127.155208,-0.087934,-0.289435,100.000000,100.000000,0.000000,0.000000,2,4,2,0.0000,0.0000,0.0000,0.5000,"PursuitChaseOptimal",0.027400
1585,B0100,aggressive,UNKNOWN,16132.652401,29826.125833,2573.874167,2165.960345,31903.118653,15419.927677,544.680388,28553.882999,150.792595,6939.363231,-52.831918,0.002551,False,False,False,False,True,True,True,1-circle,1.000000,4011.771116,-28127.155208,-0.087934,-0.289435,100.000000,100.000000,0.000000,0.000000,2,4,4,0.0000,0.0000,0.0000,0.5000,"Accelerate",-0.029267
1586,A0100,pursuit_chase_v1,UNKNOWN,16142.659036,29834.738825,2565.261175,2164.758755,31915.051198,15419.804145,544.670074,28553.262077,-12.418436,6949.149727,-53.645694,0.004588,False,False,False,False,True,True,True,1-circle,1.000000,4015.156871,-28129.934952,0.158163,-0.404557,100.000000,100.000000,0.000000,0.000000,2,4,2,0.0000,0.0000,0.0000,0.5000,"PursuitChaseOptimal",0.015657
1586,B0100,aggressive,UNKNOWN,16142.659036,29834.738825,2565.261175,2164.758755,31915.051198,15419.804145,544.670074,28553.262077,-12.418436,6949.149727,-53.645694,0.004588,False,False,False,False,True,True,True,1-circle,1.000000,4015.156871,-28129.934952,0.158163,-0.404557,100.000000,100.000000,0.000000,0.000000,2,4,4,0.0000,0.0000,0.0000,0.5000,"Accelerate",-0.019048
1587,A0100,pursuit_chase_v1,UNKNOWN,16142.659036,29834.738825,2565.261175,2164.758755,31915.051198,15419.804145,544.670074,28553.262077,-12.418436,6949.149727,-53.645694,0.004588,False,False,False,False,True,True,True,1-circle,1.000000,4015.156871,-28129.934952,0.158163,-0.404557,100.000000,100.000000,0.000000,0.000000,2,4,2,0.0000,0.0000,0.0000,0.5000,"PursuitChaseOptimal",-0.001699
1587,B0100,aggressive,UNKNOWN,16142.659036,29834.738825,2565.261175,2164.758755,31915.051198,15419.804145,544.670074,28553.262077,-12.418436,6949.149727,-53.645694,0.004588,False,False,False,False,True,True,True,1-circle,1.000000,4015.156871,-28129.934952,0.158163,-0.404557,100.000000,100.000000,0.000000,0.000000,2,4,4,0.0000,0.0000,0.0000,0.5000,"Accelerate",-0.004480
1588,A0100,pursuit_chase_v1,UNKNOWN,16152.687353,29842.396888,2557.603112,2161.199081,31926.484208,15419.801991,544.695689,28554.495226,24.662963,6951.088563,-54.010504,0.040144,False,False,False,False,True,True,True,1-circle,1.000000,4018.184702,-28454.328054,-1.383697,-0.207413,100.000000,100.000000,0.000000,0.000000,2,4,2,0.0000,0.0000,0.0000,0.5000,"PursuitChaseOptimal",-0.020436
1588,B0100,aggressive,UNKNOWN,16152.687353,29842.396888,2557.603112,2161.199081,31926.484208,15419.801991,544.695689,28554.495226,24.662963,6951.088563,-54.010504,0.040144,False,False,False,False,True,True,True,1-circle,1.000000,4018.184702,-28454.328054,-1.383697,-0.207413,100.000000,100.000000,0.000000,0.000000,2,4,4,0.0000,0.0000,0.0000,0.5000,"Accelerate",0.011444
1589,A0100,pursuit_chase_v1,UNKNOWN,16152.687353,29842.396888,2557.603112,2161.199081,31926.484208,15419.801991,544.695689,28554.495226,24.662963,6951.088563,-54.010504,0.040144,False,False,False,False,True,True,True,1-circle,1.000000,4018.184702,-28454.328054,-1.383697,-0.207413,100.000000,100.000000,0.000000,0.000000,2,4,2,0.0000,0.0000,0.0000,0.5000,"PursuitChaseOptimal",-0.023356
1589,B0100,aggressive,UNKNOWN,16152.687353,29842.396888,2557.603112,2161.199081,31926.484208,15419.801991,544.695689,28554.495226,24.662963,6951.088563,-54.010504,0.040144,False,False,False,False,True,True,True,1-circle,1.000000,4018.184702,-28454.328054,-1.383697,-0.207413,100.000000,100.000000,0.000000,0.000000,2,4,4,0.0000,0.0000,0.0000,0.5000,"Accelerate",0.014136
1590,A0100,pursuit_chase_v1,UNKNOWN,16162.758790,29836.822130,2563.177870,2162.843472,31936.624983,15419.757717,544.879209,28563.303181,176.159103,6966.506168,-54.167236,0.029663,False,False,False,False,True,True,True,1-circle,1.000000,4021.229271,-28068.150278,1.022839,-0.499285,100.000000,100.000000,0.000000,0.000000,2,4,2,0.0000,0.0000,0.0000,0.5000,"PursuitChaseOptimal",-0.013677
1590,B0100,aggressive,UNKNOWN,16162.758790,29836.822130,2563.177870,2162.843472,31936.624983,15419.757717,544.879209,28563.303181,176.159103,6966.506168,-54.167236,0.029663,False,False,False,False,True,True,True,1-circle,1.000000,4021.229271,-28068.150278,1.022839,-0.499285,100.000000,100.000000,0.000000,0.000000,2,4,4,0.0000,0.0000,0.0000,0.5000,"Accelerate",0.006053
1591,A0100,pursuit_chase_v1,UNKNOWN,16162.758790,29836.822130,2563.177870,2162.843472,31936.624983,15419.757717,544.879209,28563.303181,176.159103,6966.506168,-54.167236,0.029663,False,False,False,False,True,True,True,1-circle,1.000000,4021.229271,-28068.150278,1.022839,-0.499285,100.000000,100.000000,0.000000,0.000000,2,4,2,0.0000,0.0000,0.0000,0.5000,"PursuitChaseOptimal",0.006521
1591,B0100,aggressive,UNKNOWN,16162.758790,29836.822130,2563.177870,2162.843472,31936.624983,15419.757717,544.879209,28563.303181,176.159103,6966.506168,-54.167236,0.029663,False,False,False,False,True,True,True,1-circle,1.000000,4021.229271,-28068.150278,1.022839,-0.499285,100.000000,100.000000,0.000000,0.000000,2,4,4,0.0000,0.0000,0.0000,0.5000,"Accelerate",-0.011386
1592,A0100,pursuit_chase_v1,UNKNOWN,16172.870472,29846.345377,2553.654623,2159.916149,31952.173453,15419.716892,544.791998,28559.055320,-84.957211,6969.710773,-54.587610,0.043802,False,False,False,False,True,True,True,1-circle,1.000000,4024.279902,-28571.148126,-1.509979,-0.516213,100.000000,100.000000,0.000000,0.000000,2,4,2,0.0000,0.0000,0.0000,0.5000,"PursuitChaseOptimal",0.048740
1592,B0100,aggressive,UNKNOWN,16172.870472,29846.345377,2553.654623,2159.916149,31952.173453,15419.716892,544.791998,28559.055320,-84.957211,6969.710773,-54.587610,0.043802,False,False,False,False,True,True,True,1-circle,1.000000,4024.279902,-28571.148126,-1.509979,-0.516213,100.000000,100.000000,0.000000,0.000000,2,4,4,0.0000,0.0000,0.0000,0.5000,"Accelerate",-0.048500
1593,A0100,pursuit_chase_v1,UNKNOWN,16172.870472,29846.345377,2553.654623,2159.916149,31952.173453,15419.716892,544.791998,28559.055320,-84.957211,6969.710773,-54.587610,0.043802,False,False,False,False,True,True,True,1-circle,1.000000,4024.279902,-28571.148126,-1.509979,-0.516213,100.000000,100.000000,0.000000,0.000000,2,4,2,0.0000,0.0000,0.0000,0.5000,"PursuitChaseOptimal",0.088065
1593,B0100,aggressive,UNKNOWN,16172.870472,29846.345377,2553.654623,2159.916149,31952.173453,15419.716892,544.791998,28559.055320,-84.957211,6969.710773,-54.587610,0.043802,False,False,False,False,True,True,True,1-circle,1.000000,4024.279902,-28571.148126,-1.509979,-0.516213,100.000000,100.000000,0.000000,0.000000,2,4,4,0.0000,0.0000,0.0000,0.5000,"Accelerate",-0.082830
1594,A0100,pursuit_chase_v1,UNKNOWN,16183.006923,29840.333042,2559.666958,2161.330637,31961.025210,15419.692718,544.924998,28565.447337,127.840338,6971.880515,-55.321287,0.001586,False,False,False,False,True,True,True,1-circle,1.000000,4027.004542,-28356.219204,-0.054700,-0.365967,100.000000,100.000000,0.000000,0.000000,2,4,2,0.0000,0.0000,0.0000,0.5000,"PursuitChaseOptimal",0.097554
1594,B0100,aggressive,UNKNOWN,16183.006923,29840.333042,2559.666958,2161.330637,31961.025210,15419.692718,544.924998,28565.447337,127.840338,6971.880515,-55.321287,0.001586,False,False,False,False,True,True,True,1-circle,1.000000,4027.004542,-28356.219204,-0.054700,-0.365967,100.000000,100.000000,0.000000,0.000000,2,4,4,0.0000,0.0000,0.0000,0.5000,"Accelerate",-0.090288
1595,A0100,pursuit_chase_v1,UNKNOWN,16183.006923,29840.333042,2559.666958,2161.330637,31961.025210,15419.692718,544.924998,28565.447337,127.840338,6971.880515,-55.321287,0.001586,False,False,False,False,True,True,True,1-circle,1.000000,4027.004542,-28356.219204,-0.054700,-0.365967,100.000000,100.000000,0.000000,0.000000,2,4,2,0.0000,0.0000,0.0000,0.5000,"PursuitChaseOptimal",0.068672
1595,B0100,aggressive,UNKNOWN,16183.006923,29840.333042,2559.666958,2161.330637,31961.025210,15419.692718,544.924998,28565.447337,127.840338,6971.880515,-55.321287,0.001586,False,False,False,False,True,True,True,1-circle,1.000000,4027.004542,-28356.219204,-0.054700,-0.365967,100.000000,100.000000,0.000000,0.000000,2,4,4,0.0000,0.0000,0.0000,0.5000,"Accelerate",-0.064566
1596,A0100,pursuit_chase_v1,UNKNOWN,16193.156017,29846.645929,2553.354071,2161.890478,31972.950033,15419.612496,544.913195,28564.797652,-12.993691,6972.268218,-56.418955,0.005315,False,False,False,False,True,True,True,1-circle,1.000000,4029.126646,-28360.135732,0.183297,-0.483756,100.000000,100.000000,0.000000,0.000000,2,4,2,0.0000,0.0000,0.0000,0.5000,"PursuitChaseOptimal",0.039354
1596,B0100,aggressive,UNKNOWN,16193.156017,29846.645929,2553.354071,2161.890478,31972.950033,15419.612496,544.913195,28564.797652,-12.993691,6972.268218,-56.418955,0.005315,False,False,False,False,True,True,True,1-circle,1.000000,4029.126646,-28360.135732,0.183297,-0.483756,100.000000,100.000000,0.000000,0.000000,2,4,4,0.0000,0.0000,0.0000,0.5000,"Accelerate",-0.039254
1597,A0100,pursuit_chase_v1,UNKNOWN,16193.156017,29846.645929,2553.354071,2161.890478,31972.950033,15419.612496,544.913195,28564.797652,-12.993691,6972.268218,-56.418955,0.005315,False,False,False,False,True,True,True,1-circle,1.000000,4029.126646,-28360.135732,0.183297,-0.483756,100.000000,100.000000,0.000000,0.000000,2,4,2,0.0000,0.0000,0.0000,0.5000,"PursuitChaseOptimal",0.019535
1597,B0100,aggressive,UNKNOWN,16193.156017,29846.645929,2553.354071,2161.890478,31972.950033,15419.612496,544.913195,28564.797652,-12.993691,6972.268218,-56.418955,0.005315,False,False,False,False,True,True,True,1-circle,1.000000,4029.126646,-28360.135732,0.183297,-0.483756,100.000000,100.000000,0.000000,0.000000,2,4,4,0.0000,0.0000,0.0000,0.5000,"Accelerate",-0.022750
1598,A0100,pursuit_chase_v1,UNKNOWN,16203.336618,29853.242073,2546.757927,2165.625209,31984.311491,15419.628972,544.926046,28565.434129,12.729527,6974.989989,-57.117357,0.039731,False,False,False,False,True,True,True,1-circle,1.000000,4030.678551,-28686.220740,-1.369991,-0.252486,100.000000,100.000000,0.000000,0.000000,2,4,2,0.0000,0.0000,0.0000,0.5000,"PursuitChaseOptimal",0.000521
1598,B0100,aggressive,UNKNOWN,16203.336618,29853.242073,2546.757927,2165.625209,31984.311491,15419.628972,544.926046,28565.434129,12.729527,6974.989989,-57.117357,0.039731,False,False,False,False,True,True,True,1-circle,1.000000,4030.678551,-28686.220740,-1.369991,-0.252486,100.000000,100.000000,0.000000,0.000000,2,4,4,0.0000,0.0000,0.0000,0.5000,"Accelerate",-0.006803
1599,A0100,pursuit_chase_v1,UNKNOWN,16203.336618,29853.242073,2546.757927,2165.625209,31984.311491,15419.628972,544.926046,28565.434129,12.729527,6974.989989,-57.117357,0.039731,False,False,False,False,True,True,True,1-circle,1.000000,4030.678551,-28686.220740,-1.369991,-0.252486,100.000000,100.000000,0.000000,0.000000,2,4,2,0.0000,0.0000,0.0000,0.5000,"PursuitChaseOptimal",-0.012199
1599,B0100,aggressive,UNKNOWN,16203.336618,29853.242073,2546.757927,2165.625209,31984.311491,15419.628972,544.926046,28565.434129,12.729527,6974.989989,-57.117357,0.039731,False,False,False,False,True,True,True,1-circle,1.000000,4030.678551,-28686.220740,-1.369991,-0.252486,100.000000,100.000000,0.000000,0.000000,2,4,4,0.0000,0.0000,0.0000,0.5000,"Accelerate",0.004377
1600,A0100,pursuit_chase_v1,UNKNOWN,16213.558304,29849.014778,2550.985222,2171.554977,31994.462023,15419.590261,545.067810,28572.236156,136.040552,6980.530916,-57.379684,0.030083,False,False,False,False,True,True,True,1-circle,1.000000,4032.102564,-28299.500078,1.037662,-0.518505,100.000000,100.000000,0.000000,0.000000,2,4,2,0.0000,0.0000,0.0000,0.5000,"PursuitChaseOptimal",-0.006413
1600,B0100,aggressive,UNKNOWN,16213.558304,29849.014778,2550.985222,2171.554977,31994.462023,15419.590261,545.067810,28572.236156,136.040552,6980.530916,-57.379684,0.030083,False,False,False,False,True,True,True,1-circle,1.000000,4032.102564,-28299.500078,1.037662,-0.518505,100.000000,100.000000,0.000000,0.000000,2,4,4,0.0000,0.0000,0.0000,0.5000,"Accelerate",-0.000053
1601,A0100,pursuit_chase_v1,UNKNOWN,16213.558304,29849.014778,2550.985222,2171.554977,31994.462023,15419.590261,545.067810,28572.236156,136.040552,6980.530916,-57.379684,0.030083,False,False,False,False,True,True,True,1-circle,1.000000,4032.102564,-28299.500078,1.037662,-0.518505,100.000000,100.000000,0.000000,0.000000,2,4,2,0.0000,0.0000,0.0000,0.5000,"PursuitChaseOptimal",-0.002295
1601,B0100,aggressive,UNKNOWN,16213.558304,29849.014778,2550.985222,2171.554977,31994.462023,15419.590261,545.067810,28572.236156,136.040552,6980.530916,-57.379684,0.030083,False,False,False,False,True,True,True,1-circle,1.000000,4032.102564,-28299.500078,1.037662,-0.518505,100.000000,100.000000,0.000000,0.000000,2,4,4,0.0000,0.0000,0.0000,0.5000,"Accelerate",-0.003588
1602,A0100,pursuit_chase_v1,UNKNOWN,16223.767398,29863.198297,2536.801703,2169.225768,32009.916462,15419.596409,545.005032,28569.212769,-60.467756,6952.797349,-57.329438,0.043509,False,False,False,False,True,True,True,1-circle,1.000000,4033.410499,-28803.150971,-1.500433,-0.253507,100.000000,100.000000,0.000000,0.000000,2,4,2,0.0000,0.0000,0.0000,0.5000,"PursuitChaseOptimal",-0.011331
1602,B0100,aggressive,UNKNOWN,16223.767398,29863.198297,2536.801703,2169.225768,32009.916462,15419.596409,545.005032,28569.212769,-60.467756,6952.797349,-57.329438,0.043509,False,False,False,False,True,True,True,1-circle,1.000000,4033.410499,-28803.150971,-1.500433,-0.253507,100.000000,100.000000,0.000000,0.000000,2,4,4,0.0000,0.0000,0.0000,0.5000,"Accelerate",0.003636
1603,A0100,pursuit_chase_v1,UNKNOWN,16223.767398,29863.198297,2536.801703,2169.225768,32009.916462,15419.596409,545.005032,28569.212769,-60.467756,6952.797349,-57.329438,0.043509,False,False,False,False,True,True,True,1-circle,1.000000,4033.410499,-28803.150971,-1.500433,-0.253507,100.000000,100.000000,0.000000,0.000000,2,4,2,0.0000,0.0000,0.0000,0.5000,"PursuitChaseOptimal",-0.019398
1603,B0100,aggressive,UNKNOWN,16223.767398,29863.198297,2536.801703,2169.225768,32009.916462,15419.596409,545.005032,28569.212769,-60.467756,6952.797349,-57.329438,0.043509,False,False,False,False,True,True,True,1-circle,1.000000,4033.410499,-28803.150971,-1.500433,-0.253507,100.000000,100.000000,0.000000,0.000000,2,4,4,0.0000,0.0000,0.0000,0.5000,"Accelerate",0.010215
1604,A0100,pursuit_chase_v1,UNKNOWN,16233.923395,29857.848795,2542.151205,2174.367665,32018.738457,15419.629195,545.151401,28576.309555,141.935733,6936.728326,-57.067108,0.001313,False,False,False,False,True,True,True,1-circle,1.000000,4034.624359,-28588.197357,-0.045305,-0.428990,100.000000,100.000000,0.000000,0.000000,2,4,2,0.0000,0.0000,0.0000,0.5000,"PursuitChaseOptimal",-0.039765
1604,B0100,aggressive,UNKNOWN,16233.923395,29857.848795,2542.151205,2174.367665,32018.738457,15419.629195,545.151401,28576.309555,141.935733,6936.728326,-57.067108,0.001313,False,False,False,False,True,True,True,1-circle,1.000000,4034.624359,-28588.197357,-0.045305,-0.428990,100.000000,100.000000,0.000000,0.000000,2,4,4,0.0000,0.0000,0.0000,0.5000,"Accelerate",0.027851
1605,A0100,pursuit_chase_v1,UNKNOWN,16233.923395,29857.848795,2542.151205,2174.367665,32018.738457,15419.629195,545.151401,28576.309555,141.935733,6936.728326,-57.067108,0.001313,False,False,False,False,True,True,True,1-circle,1.000000,4034.624359,-28588.197357,-0.045305,-0.428990,100.000000,100.000000,0.000000,0.000000,2,4,2,0.0000,0.0000,0.0000,0.5000,"PursuitChaseOptimal",-0.055599
1605,B0100,aggressive,UNKNOWN,16233.923395,29857.848795,2542.151205,2174.367665,32018.738457,15419.629195,545.151401,28576.309555,141.935733,6936.728326,-57.067108,0.001313,False,False,False,False,True,True,True,1-circle,1.000000,4034.624359,-28588.197357,-0.045305,-0.428990,100.000000,100.000000,0.000000,0.000000,2,4,4,0.0000,0.0000,0.0000,0.5000,"Accelerate",0.041877
1606,A0100,pursuit_chase_v1,UNKNOWN,16244.068472,29858.554524,2541.445476,2176.905107,32030.718860,15419.581535,545.180422,28577.662686,27.062621,6925.801125,-56.724268,0.005397,False,False,False,False,True,True,True,1-circle,1.000000,4036.003236,-28593.868241,0.186218,-0.641966,100.000000,100.000000,0.000000,0.000000,2,4,2,0.0000,0.0000,0.0000,0.5000,"PursuitChaseOptimal",-0.057836
1606,B0100,aggressive,UNKNOWN,16244.068472,29858.554524,2541.445476,2176.905107,32030.718860,15419.581535,545.180422,28577.662686,27.062621,6925.801125,-56.724268,0.005397,False,False,False,False,True,True,True,1-circle,1.000000,4036.003236,-28593.868241,0.186218,-0.641966,100.000000,100.000000,0.000000,0.000000,2,4,4,0.0000,0.0000,0.0000,0.5000,"Accelerate",0.044063
1607,A0100,pursuit_chase_v1,UNKNOWN,16244.068472,29858.554524,2541.445476,2176.905107,32030.718860,15419.581535,545.180422,28577.662686,27.062621,6925.801125,-56.724268,0.005397,False,False,False,False,True,True,True,1-circle,1.000000,4036.003236,-28593.868241,0.186218,-0.641966,100.000000,100.000000,0.000000,0.000000,2,4,2,0.0000,0.0000,0.0000,0.5000,"PursuitChaseOptimal",-0.038693
1607,B0100,aggressive,UNKNOWN,16244.068472,29858.554524,2541.445476,2176.905107,32030.718860,15419.581535,545.180422,28577.662686,27.062621,6925.801125,-56.724268,0.005397,False,False,False,False,True,True,True,1-circle,1.000000,4036.003236,-28593.868241,0.186218,-0.641966,100.000000,100.000000,0.000000,0.000000,2,4,4,0.0000,0.0000,0.0000,0.5000,"Accelerate",0.027193
1608,A0100,pursuit_chase_v1,UNKNOWN,16254.197712,29862.883473,2537.116527,2180.432436,32042.126505,15419.580059,545.170411,28577.178014,-9.693445,6912.606040,-56.404210,0.040233,False,False,False,False,True,True,True,1-circle,1.000000,4037.557135,-28924.860001,-1.387872,-0.376329,100.000000,100.000000,0.000000,0.000000,2,4,2,0.0000,0.0000,0.0000,0.5000,"PursuitChaseOptimal",-0.035065
1608,B0100,aggressive,UNKNOWN,16254.197712,29862.883473,2537.116527,2180.432436,32042.126505,15419.580059,545.170411,28577.178014,-9.693445,6912.606040,-56.404210,0.040233,False,False,False,False,True,True,True,1-circle,1.000000,4037.557135,-28924.860001,-1.387872,-0.376329,100.000000,100.000000,0.000000,0.000000,2,4,4,0.0000,0.0000,0.0000,0.5000,"Accelerate",0.023691
1609,A0100,pursuit_chase_v1,UNKNOWN,16254.197712,29862.883473,2537.116527,2180.432436,32042.126505,15419.580059,545.170411,28577.178014,-9.693445,6912.606040,-56.404210,0.040233,False,False,False,False,True,True,True,1-circle,1.000000,4037.557135,-28924.860001,-1.387872,-0.376329,100.000000,100.000000,0.000000,0.000000,2,4,2,0.0000,0.0000,0.0000,0.5000,"PursuitChaseOptimal",-0.056799
1609,B0100,aggressive,UNKNOWN,16254.197712,29862.883473,2537.116527,2180.432436,32042.126505,15419.580059,545.170411,28577.178014,-9.693445,6912.606040,-56.404210,0.040233,False,False,False,False,True,True,True,1-circle,1.000000,4037.557135,-28924.860001,-1.387872,-0.376329,100.000000,100.000000,0.000000,0.000000,2,4,4,0.0000,0.0000,0.0000,0.5000,"Accelerate",0.042897
1610,A0100,pursuit_chase_v1,UNKNOWN,16264.321195,29856.463898,2543.536102,2183.750047,32052.332494,15419.503496,545.297987,28583.260196,121.643634,6908.600956,-56.043205,0.029534,False,False,False,False,True,True,True,1-circle,1.000000,4039.342490,-28539.654522,1.019131,-0.536292,100.000000,100.000000,0.000000,0.000000,2,4,2,0.0000,0.0000,0.0000,0.5000,"PursuitChaseOptimal",-0.062319
1610,B0100,aggressive,UNKNOWN,16264.321195,29856.463898,2543.536102,2183.750047,32052.332494,15419.503496,545.297987,28583.260196,121.643634,6908.600956,-56.043205,0.029534,False,False,False,False,True,True,True,1-circle,1.000000,4039.342490,-28539.654522,1.019131,-0.536292,100.000000,100.000000,0.000000,0.000000,2,4,4,0.0000,0.0000,0.0000,0.5000,"Accelerate",0.048320
1611,A0100,pursuit_chase_v1,UNKNOWN,16264.321195,29856.463898,2543.536102,2183.750047,32052.332494,15419.503496,545.297987,28583.260196,121.643634,6908.600956,-56.043205,0.029534,False,False,False,False,True,True,True,1-circle,1.000000,4039.342490,-28539.654522,1.019131,-0.536292,100.000000,100.000000,0.000000,0.000000,2,4,2,0.0000,0.0000,0.0000,0.5000,"PursuitChaseOptimal",-0.037158
1611,B0100,aggressive,UNKNOWN,16264.321195,29856.463898,2543.536102,2183.750047,32052.332494,15419.503496,545.297987,28583.260196,121.643634,6908.600956,-56.043205,0.029534,False,False,False,False,True,True,True,1-circle,1.000000,4039.342490,-28539.654522,1.019131,-0.536292,100.000000,100.000000,0.000000,0.000000,2,4,4,0.0000,0.0000,0.0000,0.5000,"Accelerate",0.026538
1612,A0100,pursuit_chase_v1,UNKNOWN,16274.442475,29869.802075,2530.197925,2183.663260,32067.810317,15419.462235,545.223614,28579.628382,-72.636277,6892.198992,-55.813125,0.044285,False,False,False,False,True,True,True,1-circle,1.000000,4041.326890,-29046.502573,-1.527746,-0.318345,100.000000,100.000000,0.000000,0.000000,2,4,2,0.0000,0.0000,0.0000,0.5000,"PursuitChaseOptimal",-0.011767
1612,B0100,aggressive,UNKNOWN,16274.442475,29869.802075,2530.197925,2183.663260,32067.810317,15419.462235,545.223614,28579.628382,-72.636277,6892.198992,-55.813125,0.044285,False,False,False,False,True,True,True,1-circle,1.000000,4041.326890,-29046.502573,-1.527746,-0.318345,100.000000,100.000000,0.000000,0.000000,2,4,4,0.0000,0.0000,0.0000,0.5000,"Accelerate",0.003933
1613,A0100,pursuit_chase_v1,UNKNOWN,16274.442475,29869.802075,2530.197925,2183.663260,32067.810317,15419.462235,545.223614,28579.628382,-72.636277,6892.198992,-55.813125,0.044285,False,False,False,False,True,True,True,1-circle,1.000000,4041.326890,-29046.502573,-1.527746,-0.318345,100.000000,100.000000,0.000000,0.000000,2,4,2,0.0000,0.0000,0.0000,0.5000,"PursuitChaseOptimal",0.008112
1613,B0100,aggressive,UNKNOWN,16274.442475,29869.802075,2530.197925,2183.663260,32067.810317,15419.462235,545.223614,28579.628382,-72.636277,6892.198992,-55.813125,0.044285,False,False,False,False,True,True,True,1-circle,1.000000,4041.326890,-29046.502573,-1.527746,-0.318345,100.000000,100.000000,0.000000,0.000000,2,4,4,0.0000,0.0000,0.0000,0.5000,"Accelerate",-0.013688
1614,A0100,pursuit_chase_v1,UNKNOWN,16284.542242,29864.201841,2535.798159,2187.424814,32076.631004,15419.451195,545.360955,28586.248245,132.397265,6884.486628,-55.799291,0.002039,False,False,False,False,True,True,True,1-circle,1.000000,4043.326808,-28832.787471,-0.070379,-0.418364,100.000000,100.000000,0.000000,0.000000,2,4,1,0.0000,0.0000,0.0000,0.5000,"PursuitChaseOptimal",0.011259
1614,B0100,aggressive,UNKNOWN,16284.542242,29864.201841,2535.798159,2187.424814,32076.631004,15419.451195,545.360955,28586.248245,132.397265,6884.486628,-55.799291,0.002039,False,False,False,False,True,True,True,1-circle,1.000000,4043.326808,-28832.787471,-0.070379,-0.418364,100.000000,100.000000,0.000000,0.000000,2,4,4,0.0000,0.0000,0.0000,0.5000,"Accelerate",-0.016116
1615,A0100,pursuit_chase_v1,UNKNOWN,16284.542242,29864.201841,2535.798159,2187.424814,32076.631004,15419.451195,545.360955,28586.248245,132.397265,6884.486628,-55.799291,0.002039,False,False,False,False,True,True,True,1-circle,1.000000,4043.326808,-28832.787471,-0.070379,-0.418364,100.000000,100.000000,0.000000,0.000000,2,4,1,0.0000,0.0000,0.0000,0.5000,"PursuitChaseOptimal",0.032739
1615,B0100,aggressive,UNKNOWN,16284.542242,29864.201841,2535.798159,2187.424814,32076.631004,15419.451195,545.360955,28586.248245,132.397265,6884.486628,-55.799291,0.002039,False,False,False,False,True,True,True,1-circle,1.000000,4043.326808,-28832.787471,-0.070379,-0.418364,100.000000,100.000000,0.000000,0.000000,2,4,4,0.0000,0.0000,0.0000,0.5000,"Accelerate",-0.034235
1616,A0100,pursuit_chase_v1,UNKNOWN,16294.676011,29870.231621,2529.768379,2189.258512,32088.552157,15419.388812,545.343960,28585.365215,-17.660601,6902.733554,-56.716125,0.004613,False,False,False,False,True,True,True,1-circle,1.000000,4045.186580,-28840.203800,0.159195,-0.443683,100.000000,100.000000,0.000000,0.000000,2,4,2,0.0000,0.0000,0.0000,0.5000,"PursuitChaseOptimal",0.010739
1616,B0100,aggressive,UNKNOWN,16294.676011,29870.231621,2529.768379,2189.258512,32088.552157,15419.388812,545.343960,28585.365215,-17.660601,6902.733554,-56.716125,0.004613,False,False,False,False,True,True,True,1-circle,1.000000,4045.186580,-28840.203800,0.159195,-0.443683,100.000000,100.000000,0.000000,0.000000,2,4,4,0.0000,0.0000,0.0000,0.5000,"Accelerate",-0.015163
1617,A0100,pursuit_chase_v1,UNKNOWN,16294.676011,29870.231621,2529.768379,2189.258512,32088.552157,15419.388812,545.343960,28585.365215,-17.660601,6902.733554,-56.716125,0.004613,False,False,False,False,True,True,True,1-circle,1.000000,4045.186580,-28840.203800,0.159195,-0.443683,100.000000,100.000000,0.000000,0.000000,2,4,2,0.0000,0.0000,0.0000,0.5000,"PursuitChaseOptimal",-0.009034
1617,B0100,aggressive,UNKNOWN,16294.676011,29870.231621,2529.768379,2189.258512,32088.552157,15419.388812,545.343960,28585.365215,-17.660601,6902.733554,-56.716125,0.004613,False,False,False,False,True,True,True,1-circle,1.000000,4045.186580,-28840.203800,0.159195,-0.443683,100.000000,100.000000,0.000000,0.000000,2,4,4,0.0000,0.0000,0.0000,0.5000,"Accelerate",0.001409
1618,A0100,pursuit_chase_v1,UNKNOWN,16304.927617,29875.632545,2524.367455,2192.317699,32099.957583,15419.419797,545.353546,28585.859072,9.877148,6932.604749,-57.639872,0.040775,False,False,False,False,True,True,True,1-circle,1.000000,4046.710332,-29170.685488,-1.406997,-0.286774,100.000000,100.000000,0.000000,0.000000,2,4,2,0.0000,0.0000,0.0000,0.5000,"PursuitChaseOptimal",-0.017562
1618,B0100,aggressive,UNKNOWN,16304.927617,29875.632545,2524.367455,2192.317699,32099.957583,15419.419797,545.353546,28585.859072,9.877148,6932.604749,-57.639872,0.040775,False,False,False,False,True,True,True,1-circle,1.000000,4046.710332,-29170.685488,-1.406997,-0.286774,100.000000,100.000000,0.000000,0.000000,2,4,4,0.0000,0.0000,0.0000,0.5000,"Accelerate",0.008457
1619,A0100,pursuit_chase_v1,UNKNOWN,16304.927617,29875.632545,2524.367455,2192.317699,32099.957583,15419.419797,545.353546,28585.859072,9.877148,6932.604749,-57.639872,0.040775,False,False,False,False,True,True,True,1-circle,1.000000,4046.710332,-29170.685488,-1.406997,-0.286774,100.000000,100.000000,0.000000,0.000000,2,4,2,0.0000,0.0000,0.0000,0.5000,"PursuitChaseOptimal",-0.021906
1619,B0100,aggressive,UNKNOWN,16304.927617,29875.632545,2524.367455,2192.317699,32099.957583,15419.419797,545.353546,28585.859072,9.877148,6932.604749,-57.639872,0.040775,False,False,False,False,True,True,True,1-circle,1.000000,4046.710332,-29170.685488,-1.406997,-0.286774,100.000000,100.000000,0.000000,0.000000,2,4,4,0.0000,0.0000,0.0000,0.5000,"Accelerate",0.012383
1620,A0100,pursuit_chase_v1,UNKNOWN,16315.253008,29868.169137,2531.830863,2198.711122,32109.920489,15419.384199,545.529424,28594.317261,169.163775,6939.166749,-57.762990,0.028919,False,False,False,False,True,True,True,1-circle,1.000000,4048.254052,-28786.557177,0.998284,-0.563027,100.000000,100.000000,0.000000,0.000000,2,4,2,0.0000,0.0000,0.0000,0.5000,"PursuitChaseOptimal",-0.013353
1620,B0100,aggressive,UNKNOWN,16315.253008,29868.169137,2531.830863,2198.711122,32109.920489,15419.384199,545.529424,28594.317261,169.163775,6939.166749,-57.762990,0.028919,False,False,False,False,True,True,True,1-circle,1.000000,4048.254052,-28786.557177,0.998284,-0.563027,100.000000,100.000000,0.000000,0.000000,2,4,4,0.0000,0.0000,0.0000,0.5000,"Accelerate",0.005343
1621,A0100,pursuit_chase_v1,UNKNOWN,16315.253008,29868.169137,2531.830863,2198.711122,32109.920489,15419.384199,545.529424,28594.317261,169.163775,6939.166749,-57.762990,0.028919,False,False,False,False,True,True,True,1-circle,1.000000,4048.254052,-28786.557177,0.998284,-0.563027,100.000000,100.000000,0.000000,0.000000,2,4,2,0.0000,0.0000,0.0000,0.5000,"PursuitChaseOptimal",-0.007371
1621,B0100,aggressive,UNKNOWN,16315.253008,29868.169137,2531.830863,2198.711122,32109.920489,15419.384199,545.529424,28594.317261,169.163775,6939.166749,-57.762990,0.028919,False,False,False,False,True,True,True,1-circle,1.000000,4048.254052,-28786.557177,0.998284,-0.563027,100.000000,100.000000,0.000000,0.000000,2,4,4,0.0000,0.0000,0.0000,0.5000,"Accelerate",0.000343
1622,A0100,pursuit_chase_v1,UNKNOWN,16325.568560,29876.303610,2523.696390,2196.256855,32125.523379,15419.333301,545.436909,28589.798168,-90.381868,6910.732404,-57.571267,0.045252,False,False,False,False,True,True,True,1-circle,1.000000,4049.791464,-29296.381559,-1.561642,-0.565989,100.000000,100.000000,0.000000,0.000000,2,4,2,0.0000,0.0000,0.0000,0.5000,"PursuitChaseOptimal",-0.015367
1622,B0100,aggressive,UNKNOWN,16325.568560,29876.303610,2523.696390,2196.256855,32125.523379,15419.333301,545.436909,28589.798168,-90.381868,6910.732404,-57.571267,0.045252,False,False,False,False,True,True,True,1-circle,1.000000,4049.791464,-29296.381559,-1.561642,-0.565989,100.000000,100.000000,0.000000,0.000000,2,4,4,0.0000,0.0000,0.0000,0.5000,"Accelerate",0.006866
1623,A0100,pursuit_chase_v1,UNKNOWN,16325.568560,29876.303610,2523.696390,2196.256855,32125.523379,15419.333301,545.436909,28589.798168,-90.381868,6910.732404,-57.571267,0.045252,False,False,False,False,True,True,True,1-circle,1.000000,4049.791464,-29296.381559,-1.561642,-0.565989,100.000000,100.000000,0.000000,0.000000,2,4,2,0.0000,0.0000,0.0000,0.5000,"PursuitChaseOptimal",-0.035660
1623,B0100,aggressive,UNKNOWN,16325.568560,29876.303610,2523.696390,2196.256855,32125.523379,15419.333301,545.436909,28589.798168,-90.381868,6910.732404,-57.571267,0.045252,False,False,False,False,True,True,True,1-circle,1.000000,4049.791464,-29296.381559,-1.561642,-0.565989,100.000000,100.000000,0.000000,0.000000,2,4,4,0.0000,0.0000,0.0000,0.5000,"Accelerate",0.024135
1624,A0100,pursuit_chase_v1,UNKNOWN,16335.832980,29869.450822,2530.549178,2201.816192,32134.355966,15419.286619,545.561533,28595.770678,119.450197,6897.635552,-57.265514,0.003227,False,False,False,False,True,True,True,1-circle,1.000000,4051.296295,-29084.566898,-0.111403,-0.408936,100.000000,100.000000,0.000000,0.000000,2,4,1,0.0000,0.0000,0.0000,0.5000,"PursuitChaseOptimal",-0.043309
1624,B0100,aggressive,UNKNOWN,16335.832980,29869.450822,2530.549178,2201.816192,32134.355966,15419.286619,545.561533,28595.770678,119.450197,6897.635552,-57.265514,0.003227,False,False,False,False,True,True,True,1-circle,1.000000,4051.296295,-29084.566898,-0.111403,-0.408936,100.000000,100.000000,0.000000,0.000000,2,4,4,0.0000,0.0000,0.0000,0.5000,"Accelerate",0.031179
1625,A0100,pursuit_chase_v1,UNKNOWN,16335.832980,29869.450822,2530.549178,2201.816192,32134.355966,15419.286619,545.561533,28595.770678,119.450197,6897.635552,-57.265514,0.003227,False,False,False,False,True,True,True,1-circle,1.000000,4051.296295,-29084.566898,-0.111403,-0.408936,100.000000,100.000000,0.000000,0.000000,2,4,1,0.0000,0.0000,0.0000,0.5000,"PursuitChaseOptimal",-0.030995
1625,B0100,aggressive,UNKNOWN,16335.832980,29869.450822,2530.549178,2201.816192,32134.355966,15419.286619,545.561533,28595.770678,119.450197,6897.635552,-57.265514,0.003227,False,False,False,False,True,True,True,1-circle,1.000000,4051.296295,-29084.566898,-0.111403,-0.408936,100.000000,100.000000,0.000000,0.000000,2,4,4,0.0000,0.0000,0.0000,0.5000,"Accelerate",0.020998
1626,A0100,pursuit_chase_v1,UNKNOWN,16346.135149,29874.819625,2525.180375,2203.795745,32146.346966,15419.176370,545.544952,28594.859479,-18.223972,6916.397147,-57.620517,0.003180,False,False,False,False,True,True,True,1-circle,1.000000,4052.973045,-29094.346111,0.109781,-0.516071,100.000000,100.000000,0.000000,0.000000,2,4,2,0.0000,0.0000,0.0000,0.5000,"PursuitChaseOptimal",-0.052763
1626,B0100,aggressive,UNKNOWN,16346.135149,29874.819625,2525.180375,2203.795745,32146.346966,15419.176370,545.544952,28594.859479,-18.223972,6916.397147,-57.620517,0.003180,False,False,False,False,True,True,True,1-circle,1.000000,4052.973045,-29094.346111,0.109781,-0.516071,100.000000,100.000000,0.000000,0.000000,2,4,4,0.0000,0.0000,0.0000,0.5000,"Accelerate",0.040024
1627,A0100,pursuit_chase_v1,UNKNOWN,16346.135149,29874.819625,2525.180375,2203.795745,32146.346966,15419.176370,545.544952,28594.859479,-18.223972,6916.397147,-57.620517,0.003180,False,False,False,False,True,True,True,1-circle,1.000000,4052.973045,-29094.346111,0.109781,-0.516071,100.000000,100.000000,0.000000,0.000000,2,4,2,0.0000,0.0000,0.0000,0.5000,"PursuitChaseOptimal",-0.056652
1627,B0100,aggressive,UNKNOWN,16346.135149,29874.819625,2525.180375,2203.795745,32146.346966,15419.176370,545.544952,28594.859479,-18.223972,6916.397147,-57.620517,0.003180,False,False,False,False,True,True,True,1-circle,1.000000,4052.973045,-29094.346111,0.109781,-0.516071,100.000000,100.000000,0.000000,0.000000,2,4,4,0.0000,0.0000,0.0000,0.5000,"Accelerate",0.042924
1628,A0100,pursuit_chase_v1,UNKNOWN,16356.538939,29880.265592,2519.734408,2209.936506,32157.666809,15419.158549,545.551662,28595.165774,6.125896,6936.888795,-57.903960,0.042237,False,False,False,False,True,True,True,1-circle,1.000000,4054.734323,-29426.233135,-1.457935,-0.284182,100.000000,100.000000,0.000000,0.000000,2,4,2,0.0000,0.0000,0.0000,0.5000,"PursuitChaseOptimal",-0.023202
1628,B0100,aggressive,UNKNOWN,16356.538939,29880.265592,2519.734408,2209.936506,32157.666809,15419.158549,545.551662,28595.165774,6.125896,6936.888795,-57.903960,0.042237,False,False,False,False,True,True,True,1-circle,1.000000,4054.734323,-29426.233135,-1.457935,-0.284182,100.000000,100.000000,0.000000,0.000000,2,4,4,0.0000,0.0000,0.0000,0.5000,"Accelerate",0.013294
1629,A0100,pursuit_chase_v1,UNKNOWN,16356.538939,29880.265592,2519.734408,2209.936506,32157.666809,15419.158549,545.551662,28595.165774,6.125896,6936.888795,-57.903960,0.042237,False,False,False,False,True,True,True,1-circle,1.000000,4054.734323,-29426.233135,-1.457935,-0.284182,100.000000,100.000000,0.000000,0.000000,2,4,2,0.0000,0.0000,0.0000,0.5000,"PursuitChaseOptimal",0.010911
1629,B0100,aggressive,UNKNOWN,16356.538939,29880.265592,2519.734408,2209.936506,32157.666809,15419.158549,545.551662,28595.165774,6.125896,6936.888795,-57.903960,0.042237,False,False,False,False,True,True,True,1-circle,1.000000,4054.734323,-29426.233135,-1.457935,-0.284182,100.000000,100.000000,0.000000,0.000000,2,4,4,0.0000,0.0000,0.0000,0.5000,"Accelerate",-0.016483
1630,A0100,pursuit_chase_v1,UNKNOWN,16366.996581,29873.197406,2526.802594,2213.638616,32167.833501,15419.080709,545.727232,28603.569936,168.083245,6939.451181,-58.050503,0.027445,False,False,False,False,True,True,True,1-circle,1.000000,4056.661368,-29043.280857,0.947755,-0.558940,100.000000,100.000000,0.000000,0.000000,2,4,2,0.0000,0.0000,0.0000,0.5000,"PursuitChaseOptimal",0.035180
1630,B0100,aggressive,UNKNOWN,16366.996581,29873.197406,2526.802594,2213.638616,32167.833501,15419.080709,545.727232,28603.569936,168.083245,6939.451181,-58.050503,0.027445,False,False,False,False,True,True,True,1-circle,1.000000,4056.661368,-29043.280857,0.947755,-0.558940,100.000000,100.000000,0.000000,0.000000,2,4,4,0.0000,0.0000,0.0000,0.5000,"Accelerate",-0.037336
1631,A0100,pursuit_chase_v1,UNKNOWN,16366.996581,29873.197406,2526.802594,2213.638616,32167.833501,15419.080709,545.727232,28603.569936,168.083245,6939.451181,-58.050503,0.027445,False,False,False,False,True,True,True,1-circle,1.000000,4056.661368,-29043.280857,0.947755,-0.558940,100.000000,100.000000,0.000000,0.000000,2,4,2,0.0000,0.0000,0.0000,0.5000,"PursuitChaseOptimal",0.037237
1631,B0100,aggressive,UNKNOWN,16366.996581,29873.197406,2526.802594,2213.638616,32167.833501,15419.080709,545.727232,28603.569936,168.083245,6939.451181,-58.050503,0.027445,False,False,False,False,True,True,True,1-circle,1.000000,4056.661368,-29043.280857,0.947755,-0.558940,100.000000,100.000000,0.000000,0.000000,2,4,4,0.0000,0.0000,0.0000,0.5000,"Accelerate",-0.038867
1632,A0100,pursuit_chase_v1,UNKNOWN,16377.439843,29881.595070,2518.404930,2210.630112,32183.487478,15418.996174,545.632998,28598.932512,-92.748484,6920.408274,-58.499917,0.046794,False,False,False,False,True,True,True,1-circle,1.000000,4058.328152,-29554.712391,-1.615350,-0.565620,100.000000,100.000000,0.000000,0.000000,2,4,2,0.0000,0.0000,0.0000,0.5000,"PursuitChaseOptimal",0.035200
1632,B0100,aggressive,UNKNOWN,16377.439843,29881.595070,2518.404930,2210.630112,32183.487478,15418.996174,545.632998,28598.932512,-92.748484,6920.408274,-58.499917,0.046794,False,False,False,False,True,True,True,1-circle,1.000000,4058.328152,-29554.712391,-1.615350,-0.565620,100.000000,100.000000,0.000000,0.000000,2,4,4,0.0000,0.0000,0.0000,0.5000,"Accelerate",-0.037461
1633,A0100,pursuit_chase_v1,UNKNOWN,16377.439843,29881.595070,2518.404930,2210.630112,32183.487478,15418.996174,545.632998,28598.932512,-92.748484,6920.408274,-58.499917,0.046794,False,False,False,False,True,True,True,1-circle,1.000000,4058.328152,-29554.712391,-1.615350,-0.565620,100.000000,100.000000,0.000000,0.000000,2,4,2,0.0000,0.0000,0.0000,0.5000,"PursuitChaseOptimal",0.027953
1633,B0100,aggressive,UNKNOWN,16377.439843,29881.595070,2518.404930,2210.630112,32183.487478,15418.996174,545.632998,28598.932512,-92.748484,6920.408274,-58.499917,0.046794,False,False,False,False,True,True,True,1-circle,1.000000,4058.328152,-29554.712391,-1.615350,-0.565620,100.000000,100.000000,0.000000,0.000000,2,4,4,0.0000,0.0000,0.0000,0.5000,"Accelerate",-0.031488
1634,A0100,pursuit_chase_v1,UNKNOWN,16387.902995,29875.161760,2524.838240,2219.822162,32192.384486,15418.921877,545.757550,28604.876096,118.871686,6935.073144,-59.356437,0.004617,False,False,False,False,True,True,True,1-circle,1.000000,4059.591415,-29342.702178,-0.159469,-0.411464,100.000000,100.000000,0.000000,0.000000,2,4,2,0.0000,0.0000,0.0000,0.5000,"PursuitChaseOptimal",0.037067
1634,B0100,aggressive,UNKNOWN,16387.902995,29875.161760,2524.838240,2219.822162,32192.384486,15418.921877,545.757550,28604.876096,118.871686,6935.073144,-59.356437,0.004617,False,False,False,False,True,True,True,1-circle,1.000000,4059.591415,-29342.702178,-0.159469,-0.411464,100.000000,100.000000,0.000000,0.000000,2,4,4,0.0000,0.0000,0.0000,0.5000,"Accelerate",-0.039020
1635,A0100,pursuit_chase_v1,UNKNOWN,16387.902995,29875.161760,2524.838240,2219.822162,32192.384486,15418.921877,545.757550,28604.876096,118.871686,6935.073144,-59.356437,0.004617,False,False,False,False,True,True,True,1-circle,1.000000,4059.591415,-29342.702178,-0.159469,-0.411464,100.000000,100.000000,0.000000,0.000000,2,4,2,0.0000,0.0000,0.0000,0.5000,"PursuitChaseOptimal",0.022180
1635,B0100,aggressive,UNKNOWN,16387.902995,29875.161760,2524.838240,2219.822162,32192.384486,15418.921877,545.757550,28604.876096,118.871686,6935.073144,-59.356437,0.004617,False,False,False,False,True,True,True,1-circle,1.000000,4059.591415,-29342.702178,-0.159469,-0.411464,100.000000,100.000000,0.000000,0.000000,2,4,4,0.0000,0.0000,0.0000,0.5000,"Accelerate",-0.025447
1636,A0100,pursuit_chase_v1,UNKNOWN,16398.417968,29881.013982,2518.986018,2219.738371,32204.458552,15418.787860,545.739383,28603.864231,-20.237306,6925.372132,-59.839832,0.001785,False,False,False,False,True,True,True,1-circle,1.000000,4060.545179,-29353.005865,0.061657,-0.521871,100.000000,100.000000,0.000000,0.000000,2,4,2,0.0000,0.0000,0.0000,0.5000,"PursuitChaseOptimal",-0.017898
1636,B0100,aggressive,UNKNOWN,16398.417968,29881.013982,2518.986018,2219.738371,32204.458552,15418.787860,545.739383,28603.864231,-20.237306,6925.372132,-59.839832,0.001785,False,False,False,False,True,True,True,1-circle,1.000000,4060.545179,-29353.005865,0.061657,-0.521871,100.000000,100.000000,0.000000,0.000000,2,4,4,0.0000,0.0000,0.0000,0.5000,"Accelerate",0.009399
1637,A0100,pursuit_chase_v1,UNKNOWN,16398.417968,29881.013982,2518.986018,2219.738371,32204.458552,15418.787860,545.739383,28603.864231,-20.237306,6925.372132,-59.839832,0.001785,False,False,False,False,True,True,True,1-circle,1.000000,4060.545179,-29353.005865,0.061657,-0.521871,100.000000,100.000000,0.000000,0.000000,2,4,2,0.0000,0.0000,0.0000,0.5000,"PursuitChaseOptimal",-0.033160
1637,B0100,aggressive,UNKNOWN,16398.417968,29881.013982,2518.986018,2219.738371,32204.458552,15418.787860,545.739383,28603.864231,-20.237306,6925.372132,-59.839832,0.001785,False,False,False,False,True,True,True,1-circle,1.000000,4060.545179,-29353.005865,0.061657,-0.521871,100.000000,100.000000,0.000000,0.000000,2,4,4,0.0000,0.0000,0.0000,0.5000,"Accelerate",0.022106
1638,A0100,pursuit_chase_v1,UNKNOWN,16408.923265,29887.074037,2512.925963,2226.467143,32216.002261,15418.748989,545.745082,28604.100727,4.729914,6919.955588,-59.999739,0.043621,False,False,False,False,True,True,True,1-circle,1.000000,4061.258121,-29685.326216,-1.506166,-0.289984,100.000000,100.000000,0.000000,0.000000,2,4,2,0.0000,0.0000,0.0000,0.5000,"PursuitChaseOptimal",-0.021382
1638,B0100,aggressive,UNKNOWN,16408.923265,29887.074037,2512.925963,2226.467143,32216.002261,15418.748989,545.745082,28604.100727,4.729914,6919.955588,-59.999739,0.043621,False,False,False,False,True,True,True,1-circle,1.000000,4061.258121,-29685.326216,-1.506166,-0.289984,100.000000,100.000000,0.000000,0.000000,3,8,0,0.0000,0.0000,0.0000,0.5000,"Pursue",0.011442
1639,A0100,pursuit_chase_v1,UNKNOWN,16408.923265,29887.074037,2512.925963,2226.467143,32216.002261,15418.748989,545.745082,28604.100727,4.729914,6919.955588,-59.999739,0.043621,False,False,False,False,True,True,True,1-circle,1.000000,4061.258121,-29685.326216,-1.506166,-0.289984,100.000000,100.000000,0.000000,0.000000,2,4,2,0.0000,0.0000,0.0000,0.5000,"PursuitChaseOptimal",-0.016516
1639,B0100,aggressive,UNKNOWN,16408.923265,29887.074037,2512.925963,2226.467143,32216.002261,15418.748989,545.745082,28604.100727,4.729914,6919.955588,-59.999739,0.043621,False,False,False,False,True,True,True,1-circle,1.000000,4061.258121,-29685.326216,-1.506166,-0.289984,100.000000,100.000000,0.000000,0.000000,3,8,0,0.0000,0.0000,0.0000,0.5000,"Pursue",0.007039
1640,A0100,pursuit_chase_v1,UNKNOWN,16419.455392,29874.175164,2525.824836,2228.058900,32228.364120,15418.631913,546.063729,28619.385326,305.691982,6918.513827,-59.871104,0.083179,False,False,False,False,True,True,True,1-circle,1.000000,4062.076038,-28947.745833,2.871841,-0.486670,100.000000,100.000000,0.000000,0.000000,2,4,1,0.0000,0.0000,0.0000,0.5000,"PursuitChaseOptimal",-0.016763
1640,B0100,aggressive,UNKNOWN,16419.455392,29874.175164,2525.824836,2228.058900,32228.364120,15418.631913,546.063729,28619.385326,305.691982,6918.513827,-59.871104,0.083179,False,False,False,False,True,True,True,1-circle,1.000000,4062.076038,-28947.745833,2.871841,-0.486670,100.000000,100.000000,0.000000,0.000000,3,8,0,0.0000,0.0000,0.0000,0.5000,"Pursue",0.007331
1641,A0100,pursuit_chase_v1,UNKNOWN,16419.455392,29874.175164,2525.824836,2228.058900,32228.364120,15418.631913,546.063729,28619.385326,305.691982,6918.513827,-59.871104,0.083179,False,False,False,False,True,True,True,1-circle,1.000000,4062.076038,-28947.745833,2.871841,-0.486670,100.000000,100.000000,0.000000,0.000000,2,4,1,0.0000,0.0000,0.0000,0.5000,"PursuitChaseOptimal",-0.022573
1641,B0100,aggressive,UNKNOWN,16419.455392,29874.175164,2525.824836,2228.058900,32228.364120,15418.631913,546.063729,28619.385326,305.691982,6918.513827,-59.871104,0.083179,False,False,False,False,True,True,True,1-circle,1.000000,4062.076038,-28947.745833,2.871841,-0.486670,100.000000,100.000000,0.000000,0.000000,3,8,0,0.0000,0.0000,0.0000,0.5000,"Pursue",0.013354
1642,A0100,pursuit_chase_v1,UNKNOWN,16430.050422,29874.238390,2525.761610,2232.777084,32236.548711,15418.371906,546.426316,28636.661796,345.529396,6953.073141,-60.557359,0.349259,False,False,False,False,True,True,True,1-circle,1.000000,4063.024233,-27373.100537,11.901916,0.444817,100.000000,100.000000,0.000000,0.000000,2,5,1,0.0000,0.0000,0.0000,0.5000,"PursuitChaseOptimal",-0.033770
1642,B0100,aggressive,UNKNOWN,16430.050422,29874.238390,2525.761610,2232.777084,32236.548711,15418.371906,546.426316,28636.661796,345.529396,6953.073141,-60.557359,0.349259,False,False,False,False,True,True,True,1-circle,1.000000,4063.024233,-27373.100537,11.901916,0.444817,100.000000,100.000000,0.000000,0.000000,3,8,0,0.0000,0.0000,0.0000,0.5000,"Pursue",0.024685
1643,A0100,pursuit_chase_v1,UNKNOWN,16430.050422,29874.238390,2525.761610,2232.777084,32236.548711,15418.371906,546.426316,28636.661796,345.529396,6953.073141,-60.557359,0.349259,False,False,False,False,True,True,True,1-circle,1.000000,4063.024233,-27373.100537,11.901916,0.444817,100.000000,100.000000,0.000000,0.000000,2,5,1,0.0000,0.0000,0.0000,0.5000,"PursuitChaseOptimal",-0.004257
1643,B0100,aggressive,UNKNOWN,16430.050422,29874.238390,2525.761610,2232.777084,32236.548711,15418.371906,546.426316,28636.661796,345.529396,6953.073141,-60.557359,0.349259,False,False,False,False,True,True,True,1-circle,1.000000,4063.024233,-27373.100537,11.901916,0.444817,100.000000,100.000000,0.000000,0.000000,3,8,0,0.0000,0.0000,0.0000,0.5000,"Pursue",0.000189
1644,A0100,pursuit_chase_v1,UNKNOWN,16440.760242,29939.933687,2460.066313,2261.127810,32224.067317,15418.451985,546.557530,28643.090895,128.581991,6964.622502,-61.967551,0.653880,False,False,False,False,True,True,True,1-circle,1.000000,4063.668532,-25689.538764,21.538489,3.202304,100.000000,100.000000,0.000000,0.000000,2,5,1,0.0000,0.0000,0.0000,0.5000,"PursuitChaseOptimal",0.029458
1644,B0100,aggressive,UNKNOWN,16440.760242,29939.933687,2460.066313,2261.127810,32224.067317,15418.451985,546.557530,28643.090895,128.581991,6964.622502,-61.967551,0.653880,False,False,False,False,True,True,True,1-circle,1.000000,4063.668532,-25689.538764,21.538489,3.202304,100.000000,100.000000,0.000000,0.000000,3,8,0,0.0000,0.0000,0.0000,0.5000,"Pursue",-0.028335
1645,A0100,pursuit_chase_v1,UNKNOWN,16440.760242,29939.933687,2460.066313,2261.127810,32224.067317,15418.451985,546.557530,28643.090895,128.581991,6964.622502,-61.967551,0.653880,False,False,False,False,True,True,True,1-circle,1.000000,4063.668532,-25689.538764,21.538489,3.202304,100.000000,100.000000,0.000000,0.000000,2,5,1,0.0000,0.0000,0.0000,0.5000,"PursuitChaseOptimal",0.056877
1645,B0100,aggressive,UNKNOWN,16440.760242,29939.933687,2460.066313,2261.127810,32224.067317,15418.451985,546.557530,28643.090895,128.581991,6964.622502,-61.967551,0.653880,False,False,False,False,True,True,True,1-circle,1.000000,4063.668532,-25689.538764,21.538489,3.202304,100.000000,100.000000,0.000000,0.000000,3,8,0,0.0000,0.0000,0.0000,0.5000,"Pursue",-0.051703
1646,A0100,pursuit_chase_v1,UNKNOWN,16451.473986,30041.530143,2358.469857,2329.460003,32177.527984,15419.487928,546.637179,28647.981506,97.812212,6943.323705,-63.920079,1.002279,False,False,False,False,True,True,True,1-circle,1.000000,4063.121049,-24006.170203,31.176990,5.331683,100.000000,100.000000,0.000000,0.000000,2,5,1,0.0000,0.0000,0.0000,0.5000,"PursuitChaseOptimal",0.080851
1646,B0100,aggressive,UNKNOWN,16451.473986,30041.530143,2358.469857,2329.460003,32177.527984,15419.487928,546.637179,28647.981506,97.812212,6943.323705,-63.920079,1.002279,False,False,False,False,True,True,True,1-circle,1.000000,4063.121049,-24006.170203,31.176990,5.331683,100.000000,100.000000,0.000000,0.000000,3,8,0,0.0000,0.0000,0.0000,0.5000,"Pursue",-0.072161
1647,A0100,pursuit_chase_v1,UNKNOWN,16451.473986,30041.530143,2358.469857,2329.460003,32177.527984,15419.487928,546.637179,28647.981506,97.812212,6943.323705,-63.920079,1.002279,False,False,False,False,True,True,True,1-circle,1.000000,4063.121049,-24006.170203,31.176990,5.331683,100.000000,100.000000,0.000000,0.000000,2,5,1,0.0000,0.0000,0.0000,0.5000,"PursuitChaseOptimal",0.078656
1647,B0100,aggressive,UNKNOWN,16451.473986,30041.530143,2358.469857,2329.460003,32177.527984,15419.487928,546.637179,28647.981506,97.812212,6943.323705,-63.920079,1.002279,False,False,False,False,True,True,True,1-circle,1.000000,4063.121049,-24006.170203,31.176990,5.331683,100.000000,100.000000,0.000000,0.000000,3,8,0,0.0000,0.0000,0.0000,0.5000,"Pursue",-0.069860
1648,A0100,pursuit_chase_v1,UNKNOWN,16462.087194,30140.069045,2259.930955,2449.659559,32101.755264,15421.665319,546.317915,28634.711211,-265.405886,6899.517352,-66.011056,1.451037,False,False,False,False,True,True,True,1-circle,1.000000,4060.775400,-22254.208317,41.203234,5.949265,100.000000,100.000000,0.000000,0.000000,2,5,1,0.0000,0.0000,0.0000,0.5000,"PursuitChaseOptimal",0.063582
1648,B0100,aggressive,UNKNOWN,16462.087194,30140.069045,2259.930955,2449.659559,32101.755264,15421.665319,546.317915,28634.711211,-265.405886,6899.517352,-66.011056,1.451037,False,False,False,False,True,True,True,1-circle,1.000000,4060.775400,-22254.208317,41.203234,5.949265,100.000000,100.000000,0.000000,0.000000,3,8,0,0.0000,0.0000,0.0000,0.5000,"Pursue",-0.056516
1649,A0100,pursuit_chase_v1,UNKNOWN,16462.087194,30140.069045,2259.930955,2449.659559,32101.755264,15421.665319,546.317915,28634.711211,-265.405886,6899.517352,-66.011056,1.451037,False,False,False,False,True,True,True,1-circle,1.000000,4060.775400,-22254.208317,41.203234,5.949265,100.000000,100.000000,0.000000,0.000000,2,5,1,0.0000,0.0000,0.0000,0.5000,"PursuitChaseOptimal",0.044151
1649,B0100,aggressive,UNKNOWN,16462.087194,30140.069045,2259.930955,2449.659559,32101.755264,15421.665319,546.317915,28634.711211,-265.405886,6899.517352,-66.011056,1.451037,False,False,False,False,True,True,True,1-circle,1.000000,4060.775400,-22254.208317,41.203234,5.949265,100.000000,100.000000,0.000000,0.000000,3,8,0,0.0000,0.0000,0.0000,0.5000,"Pursue",-0.039725
1650,A0100,pursuit_chase_v1,UNKNOWN,16472.643761,30222.667663,2177.332337,2605.045023,31997.485738,15424.929201,545.793233,28612.607728,-442.069663,6888.465923,-68.216195,2.075851,False,False,False,False,True,True,True,1-circle,1.000000,4056.614194,-20478.467706,51.372976,6.655898,100.000000,100.000000,0.000000,0.000000,2,5,1,0.0000,0.0000,0.0000,0.5000,"PursuitChaseOptimal",0.027238
1650,B0100,aggressive,UNKNOWN,16472.643761,30222.667663,2177.332337,2605.045023,31997.485738,15424.929201,545.793233,28612.607728,-442.069663,6888.465923,-68.216195,2.075851,False,False,False,False,True,True,True,1-circle,1.000000,4056.614194,-20478.467706,51.372976,6.655898,100.000000,100.000000,0.000000,0.000000,3,8,0,0.0000,0.0000,0.0000,0.5000,"Pursue",-0.024588
1651,A0100,pursuit_chase_v1,UNKNOWN,16472.643761,30222.667663,2177.332337,2605.045023,31997.485738,15424.929201,545.793233,28612.607728,-442.069663,6888.465923,-68.216195,2.075851,False,False,False,False,True,True,True,1-circle,1.000000,4056.614194,-20478.467706,51.372976,6.655898,100.000000,100.000000,0.000000,0.000000,2,5,1,0.0000,0.0000,0.0000,0.5000,"PursuitChaseOptimal",-0.001909
1651,B0100,aggressive,UNKNOWN,16472.643761,30222.667663,2177.332337,2605.045023,31997.485738,15424.929201,545.793233,28612.607728,-442.069663,6888.465923,-68.216195,2.075851,False,False,False,False,True,True,True,1-circle,1.000000,4056.614194,-20478.467706,51.372976,6.655898,100.000000,100.000000,0.000000,0.000000,3,8,0,0.0000,0.0000,0.0000,0.5000,"Pursue",0.000697
1652,A0100,pursuit_chase_v1,UNKNOWN,16483.151349,30295.718920,2104.281080,2750.179616,31865.726374,15429.227672,545.059329,28581.464245,-622.869657,6874.907831,-69.008421,2.466542,False,False,False,False,True,True,True,1-circle,1.000000,4051.057905,-19694.612549,56.047595,7.310118,100.000000,100.000000,0.000000,0.000000,2,5,1,0.0000,0.0000,0.0000,0.5000,"PursuitChaseOptimal",-0.009076
1652,B0100,aggressive,UNKNOWN,16483.151349,30295.718920,2104.281080,2750.179616,31865.726374,15429.227672,545.059329,28581.464245,-622.869657,6874.907831,-69.008421,2.466542,False,False,False,False,True,True,True,1-circle,1.000000,4051.057905,-19694.612549,56.047595,7.310118,100.000000,100.000000,0.000000,0.000000,3,8,0,0.0000,0.0000,0.0000,0.5000,"Pursue",0.006869
1653,A0100,pursuit_chase_v1,UNKNOWN,16483.151349,30295.718920,2104.281080,2750.179616,31865.726374,15429.227672,545.059329,28581.464245,-622.869657,6874.907831,-69.008421,2.466542,False,False,False,False,True,True,True,1-circle,1.000000,4051.057905,-19694.612549,56.047595,7.310118,100.000000,100.000000,0.000000,0.000000,2,5,1,0.0000,0.0000,0.0000,0.5000,"PursuitChaseOptimal",-0.008166
1653,B0100,aggressive,UNKNOWN,16483.151349,30295.718920,2104.281080,2750.179616,31865.726374,15429.227672,545.059329,28581.464245,-622.869657,6874.907831,-69.008421,2.466542,False,False,False,False,True,True,True,1-circle,1.000000,4051.057905,-19694.612549,56.047595,7.310118,100.000000,100.000000,0.000000,0.000000,3,8,0,0.0000,0.0000,0.0000,0.5000,"Pursue",0.006270
1654,A0100,pursuit_chase_v1,UNKNOWN,16493.434056,30345.180829,2054.819171,2847.220407,31717.086287,15434.541857,544.179492,28544.351948,-742.245957,6853.966077,-67.861950,2.832632,False,False,False,False,True,True,True,1-circle,1.000000,4044.789720,-19118.877642,59.581679,7.736785,100.000000,100.000000,0.000000,0.000000,2,5,2,0.0000,0.0000,0.0000,0.5000,"PursuitChaseOptimal",-0.010005
1654,B0100,aggressive,UNKNOWN,16493.434056,30345.180829,2054.819171,2847.220407,31717.086287,15434.541857,544.179492,28544.351948,-742.245957,6853.966077,-67.861950,2.832632,False,False,False,False,True,True,True,1-circle,1.000000,4044.789720,-19118.877642,59.581679,7.736785,100.000000,100.000000,0.000000,0.000000,3,8,0,0.0000,0.0000,0.0000,0.5000,"Pursue",0.007926
1655,A0100,pursuit_chase_v1,UNKNOWN,16493.434056,30345.180829,2054.819171,2847.220407,31717.086287,15434.541857,544.179492,28544.351948,-742.245957,6853.966077,-67.861950,2.832632,False,False,False,False,True,True,True,1-circle,1.000000,4044.789720,-19118.877642,59.581679,7.736785,100.000000,100.000000,0.000000,0.000000,2,5,2,0.0000,0.0000,0.0000,0.5000,"PursuitChaseOptimal",-0.010870
1655,B0100,aggressive,UNKNOWN,16493.434056,30345.180829,2054.819171,2847.220407,31717.086287,15434.541857,544.179492,28544.351948,-742.245957,6853.966077,-67.861950,2.832632,False,False,False,False,True,True,True,1-circle,1.000000,4044.789720,-19118.877642,59.581679,7.736785,100.000000,100.000000,0.000000,0.000000,3,8,0,0.0000,0.0000,0.0000,0.5000,"Pursue",0.008729
1656,A0100,pursuit_chase_v1,UNKNOWN,16503.375818,30369.571212,2030.428788,2918.094265,31560.811601,15440.780002,543.257554,28506.206970,-762.899552,6837.905530,-65.915473,3.299676,False,False,False,False,True,True,True,1-circle,1.000000,4038.287138,-18527.522195,63.216276,8.074887,100.000000,100.000000,0.000000,0.000000,2,4,2,0.0000,0.0000,0.0000,0.5000,"PursuitChaseOptimal",-0.004395
1656,B0100,aggressive,UNKNOWN,16503.375818,30369.571212,2030.428788,2918.094265,31560.811601,15440.780002,543.257554,28506.206970,-762.899552,6837.905530,-65.915473,3.299676,False,False,False,False,True,True,True,1-circle,1.000000,4038.287138,-18527.522195,63.216276,8.074887,100.000000,100.000000,0.000000,0.000000,3,8,0,0.0000,0.0000,0.0000,0.5000,"Pursue",0.003232
1657,A0100,pursuit_chase_v1,UNKNOWN,16503.375818,30369.571212,2030.428788,2918.094265,31560.811601,15440.780002,543.257554,28506.206970,-762.899552,6837.905530,-65.915473,3.299676,False,False,False,False,True,True,True,1-circle,1.000000,4038.287138,-18527.522195,63.216276,8.074887,100.000000,100.000000,0.000000,0.000000,2,4,2,0.0000,0.0000,0.0000,0.5000,"PursuitChaseOptimal",-0.015583
1657,B0100,aggressive,UNKNOWN,16503.375818,30369.571212,2030.428788,2918.094265,31560.811601,15440.780002,543.257554,28506.206970,-762.899552,6837.905530,-65.915473,3.299676,False,False,False,False,True,True,True,1-circle,1.000000,4038.287138,-18527.522195,63.216276,8.074887,100.000000,100.000000,0.000000,0.000000,3,8,0,0.0000,0.0000,0.0000,0.5000,"Pursue",0.012899
1658,A0100,pursuit_chase_v1,UNKNOWN,16512.941270,30366.363760,2033.636240,2977.984814,31398.486741,15447.829045,542.322208,28468.304314,-758.053115,6824.930643,-63.545034,3.910022,False,False,False,False,True,True,True,1-circle,1.000000,4031.771261,-17930.479647,66.895407,8.325295,100.000000,100.000000,0.000000,0.000000,2,4,3,0.0000,0.0000,0.0000,0.5000,"PursuitChaseOptimal",-0.028261
1658,B0100,aggressive,UNKNOWN,16512.941270,30366.363760,2033.636240,2977.984814,31398.486741,15447.829045,542.322208,28468.304314,-758.053115,6824.930643,-63.545034,3.910022,False,False,False,False,True,True,True,1-circle,1.000000,4031.771261,-17930.479647,66.895407,8.325295,100.000000,100.000000,0.000000,0.000000,3,8,0,0.0000,0.0000,0.0000,0.5000,"Pursue",0.023855
1659,A0100,pursuit_chase_v1,UNKNOWN,16512.941270,30366.363760,2033.636240,2977.984814,31398.486741,15447.829045,542.322208,28468.304314,-758.053115,6824.930643,-63.545034,3.910022,False,False,False,False,True,True,True,1-circle,1.000000,4031.771261,-17930.479647,66.895407,8.325295,100.000000,100.000000,0.000000,0.000000,2,4,3,0.0000,0.0000,0.0000,0.5000,"PursuitChaseOptimal",-0.041274
1659,B0100,aggressive,UNKNOWN,16512.941270,30366.363760,2033.636240,2977.984814,31398.486741,15447.829045,542.322208,28468.304314,-758.053115,6824.930643,-63.545034,3.910022,False,False,False,False,True,True,True,1-circle,1.000000,4031.771261,-17930.479647,66.895407,8.325295,100.000000,100.000000,0.000000,0.000000,3,8,0,0.0000,0.0000,0.0000,0.5000,"Pursue",0.035149
1660,A0100,pursuit_chase_v1,UNKNOWN,16522.079185,30335.356451,2064.643549,3039.153831,31230.983702,15455.567601,541.380999,28430.887583,-748.334618,6789.624218,-60.402633,4.749164,False,False,False,False,True,True,True,1-circle,1.000000,4025.445642,-17327.855383,70.619026,8.489256,100.000000,100.000000,0.000000,0.000000,2,4,3,0.0000,0.0000,0.0000,0.5000,"PursuitChaseOptimal",-0.045452
1660,B0100,aggressive,UNKNOWN,16522.079185,30335.356451,2064.643549,3039.153831,31230.983702,15455.567601,541.380999,28430.887583,-748.334618,6789.624218,-60.402633,4.749164,False,False,False,False,True,True,True,1-circle,1.000000,4025.445642,-17327.855383,70.619026,8.489256,100.000000,100.000000,0.000000,0.000000,3,8,0,0.0000,0.0000,0.0000,0.5000,"Pursue",0.038870
1661,A0100,pursuit_chase_v1,UNKNOWN,16522.079185,30335.356451,2064.643549,3039.153831,31230.983702,15455.567601,541.380999,28430.887583,-748.334618,6789.624218,-60.402633,4.749164,False,False,False,False,True,True,True,1-circle,1.000000,4025.445642,-17327.855383,70.619026,8.489256,100.000000,100.000000,0.000000,0.000000,2,4,3,0.0000,0.0000,0.0000,0.5000,"PursuitChaseOptimal",-0.041971
1661,B0100,aggressive,UNKNOWN,16522.079185,30335.356451,2064.643549,3039.153831,31230.983702,15455.567601,541.380999,28430.887583,-748.334618,6789.624218,-60.402633,4.749164,False,False,False,False,True,True,True,1-circle,1.000000,4025.445642,-17327.855383,70.619026,8.489256,100.000000,100.000000,0.000000,0.000000,3,8,0,0.0000,0.0000,0.0000,0.5000,"Pursue",0.035993
1662,A0100,pursuit_chase_v1,UNKNOWN,16530.722540,30277.744125,2122.255875,3137.501581,31059.258608,15463.868475,540.439736,28394.109022,-735.571222,6735.982080,-57.236203,5.986620,False,False,False,False,True,True,True,1-circle,1.000000,4019.410688,-16720.621777,74.384813,8.565959,100.000000,100.000000,0.000000,0.000000,2,4,3,0.0000,0.0000,0.0000,0.5000,"PursuitChaseOptimal",-0.029714
1662,B0100,aggressive,UNKNOWN,16530.722540,30277.744125,2122.255875,3137.501581,31059.258608,15463.868475,540.439736,28394.109022,-735.571222,6735.982080,-57.236203,5.986620,False,False,False,False,True,True,True,1-circle,1.000000,4019.410688,-16720.621777,74.384813,8.565959,100.000000,100.000000,0.000000,0.000000,3,8,0,0.0000,0.0000,0.0000,0.5000,"Pursue",0.025504
1663,A0100,pursuit_chase_v1,UNKNOWN,16530.722540,30277.744125,2122.255875,3137.501581,31059.258608,15463.868475,540.439736,28394.109022,-735.571222,6735.982080,-57.236203,5.986620,False,False,False,False,True,True,True,1-circle,1.000000,4019.410688,-16720.621777,74.384813,8.565959,100.000000,100.000000,0.000000,0.000000,2,4,3,0.0000,0.0000,0.0000,0.5000,"PursuitChaseOptimal",-0.014344
1663,B0100,aggressive,UNKNOWN,16530.722540,30277.744125,2122.255875,3137.501581,31059.258608,15463.868475,540.439736,28394.109022,-735.571222,6735.982080,-57.236203,5.986620,False,False,False,False,True,True,True,1-circle,1.000000,4019.410688,-16720.621777,74.384813,8.565959,100.000000,100.000000,0.000000,0.000000,3,8,0,0.0000,0.0000,0.0000,0.5000,"Pursue",0.012292
1664,A0100,pursuit_chase_v1,UNKNOWN,16538.874870,30195.999885,2204.000115,3288.174988,30884.406206,15472.600005,539.502976,28358.054669,-721.087060,6672.025362,-54.534756,8.013777,False,False,False,False,True,True,True,1-circle,1.000000,4013.456623,-16110.376440,78.189324,8.553803,100.000000,100.000000,0.000000,0.000000,2,4,3,0.0000,0.0000,0.0000,0.5000,"PursuitChaseOptimal",0.001967
1664,B0100,aggressive,UNKNOWN,16538.874870,30195.999885,2204.000115,3288.174988,30884.406206,15472.600005,539.502976,28358.054669,-721.087060,6672.025362,-54.534756,8.013777,False,False,False,False,True,True,True,1-circle,1.000000,4013.456623,-16110.376440,78.189324,8.553803,100.000000,100.000000,0.000000,0.000000,3,8,0,0.0000,0.0000,0.0000,0.5000,"Pursue",-0.001755
1665,A0100,pursuit_chase_v1,UNKNOWN,16538.874870,30195.999885,2204.000115,3288.174988,30884.406206,15472.600005,539.502976,28358.054669,-721.087060,6672.025362,-54.534756,8.013777,False,False,False,False,True,True,True,1-circle,1.000000,4013.456623,-16110.376440,78.189324,8.553803,100.000000,100.000000,0.000000,0.000000,2,4,3,0.0000,0.0000,0.0000,0.5000,"PursuitChaseOptimal",0.022194
1665,B0100,aggressive,UNKNOWN,16538.874870,30195.999885,2204.000115,3288.174988,30884.406206,15472.600005,539.502976,28358.054669,-721.087060,6672.025362,-54.534756,8.013777,False,False,False,False,True,True,True,1-circle,1.000000,4013.456623,-16110.376440,78.189324,8.553803,100.000000,100.000000,0.000000,0.000000,3,8,0,0.0000,0.0000,0.0000,0.5000,"Pursue",-0.019173
1666,A0100,pursuit_chase_v1,UNKNOWN,16546.542382,30093.239549,2306.760451,3476.585437,30707.503520,15481.626965,538.574602,28322.773345,-705.626495,6603.782171,-52.225156,11.984470,False,False,False,False,True,True,True,1-circle,1.000000,4007.298603,-15498.703862,82.028543,8.451099,100.000000,100.000000,0.000000,0.000000,2,4,3,0.0000,0.0000,0.0000,0.5000,"PursuitChaseOptimal",0.036201
1666,B0100,aggressive,UNKNOWN,16546.542382,30093.239549,2306.760451,3476.585437,30707.503520,15481.626965,538.574602,28322.773345,-705.626495,6603.782171,-52.225156,11.984470,False,False,False,False,True,True,True,1-circle,1.000000,4007.298603,-15498.703862,82.028543,8.451099,100.000000,100.000000,0.000000,0.000000,3,8,0,0.0000,0.0000,0.0000,0.5000,"Pursue",-0.031160
1667,A0100,pursuit_chase_v1,UNKNOWN,16546.542382,30093.239549,2306.760451,3476.585437,30707.503520,15481.626965,538.574602,28322.773345,-705.626495,6603.782171,-52.225156,11.984470,False,False,False,False,True,True,True,1-circle,1.000000,4007.298603,-15498.703862,82.028543,8.451099,100.000000,100.000000,0.000000,0.000000,2,4,3,0.0000,0.0000,0.0000,0.5000,"PursuitChaseOptimal",0.042168
1667,B0100,aggressive,UNKNOWN,16546.542382,30093.239549,2306.760451,3476.585437,30707.503520,15481.626965,538.574602,28322.773345,-705.626495,6603.782171,-52.225156,11.984470,False,False,False,False,True,True,True,1-circle,1.000000,4007.298603,-15498.703862,82.028543,8.451099,100.000000,100.000000,0.000000,0.000000,3,8,0,0.0000,0.0000,0.0000,0.5000,"Pursue",-0.036155
1668,A0100,pursuit_chase_v1,UNKNOWN,16553.727082,29970.209338,2429.790662,3683.088968,30527.222897,15490.808694,537.630221,28286.961093,-716.245030,6539.629669,-50.070537,22.389240,False,False,False,False,True,True,True,1-circle,1.000000,4000.726514,-14921.369652,85.706843,8.267605,100.000000,100.000000,0.000000,0.000000,2,4,3,0.0000,0.0000,0.0000,0.5000,"PursuitChaseOptimal",0.025823
1668,B0100,aggressive,UNKNOWN,16553.727082,29970.209338,2429.790662,3683.088968,30527.222897,15490.808694,537.630221,28286.961093,-716.245030,6539.629669,-50.070537,22.389240,False,False,False,False,True,True,True,1-circle,1.000000,4000.726514,-14921.369652,85.706843,8.267605,100.000000,100.000000,0.000000,0.000000,3,8,0,0.0000,0.0000,0.0000,0.5000,"Pursue",-0.021392
1669,A0100,pursuit_chase_v1,UNKNOWN,16553.727082,29970.209338,2429.790662,3683.088968,30527.222897,15490.808694,537.630221,28286.961093,-716.245030,6539.629669,-50.070537,22.389240,False,False,False,False,True,True,True,1-circle,1.000000,4000.726514,-14921.369652,85.706843,8.267605,100.000000,100.000000,0.000000,0.000000,2,4,3,0.0000,0.0000,0.0000,0.5000,"PursuitChaseOptimal",0.011090
1669,B0100,aggressive,UNKNOWN,16553.727082,29970.209338,2429.790662,3683.088968,30527.222897,15490.808694,537.630221,28286.961093,-716.245030,6539.629669,-50.070537,22.389240,False,False,False,False,True,True,True,1-circle,1.000000,4000.726514,-14921.369652,85.706843,8.267605,100.000000,100.000000,0.000000,0.000000,3,8,0,0.0000,0.0000,0.0000,0.5000,"Pursue",-0.008049
1670,A0100,pursuit_chase_v1,UNKNOWN,16560.395743,29825.919314,2574.080686,3903.580513,30329.438843,15500.035892,536.461707,28240.625069,-926.720485,6462.435802,-47.121669,18.944608,False,False,False,False,True,True,True,1-circle,1.000000,3993.801751,-15153.506578,84.920368,8.135031,100.000000,100.000000,0.000000,0.000000,2,4,3,0.0000,0.0000,0.0000,0.5000,"PursuitChaseOptimal",-0.011232
1670,B0100,aggressive,UNKNOWN,16560.395743,29825.919314,2574.080686,3903.580513,30329.438843,15500.035892,536.461707,28240.625069,-926.720485,6462.435802,-47.121669,18.944608,False,False,False,False,True,True,True,1-circle,1.000000,3993.801751,-15153.506578,84.920368,8.135031,100.000000,100.000000,0.000000,0.000000,3,8,0,0.0000,0.0000,0.0000,0.5000,"Pursue",0.011678
1671,A0100,pursuit_chase_v1,UNKNOWN,16560.395743,29825.919314,2574.080686,3903.580513,30329.438843,15500.035892,536.461707,28240.625069,-926.720485,6462.435802,-47.121669,18.944608,False,False,False,False,True,True,True,1-circle,1.000000,3993.801751,-15153.506578,84.920368,8.135031,100.000000,100.000000,0.000000,0.000000,2,4,3,0.0000,0.0000,0.0000,0.5000,"PursuitChaseOptimal",-0.019280
1671,B0100,aggressive,UNKNOWN,16560.395743,29825.919314,2574.080686,3903.580513,30329.438843,15500.035892,536.461707,28240.625069,-926.720485,6462.435802,-47.121669,18.944608,False,False,False,False,True,True,True,1-circle,1.000000,3993.801751,-15153.506578,84.920368,8.135031,100.000000,100.000000,0.000000,0.000000,3,8,0,0.0000,0.0000,0.0000,0.5000,"Pursue",0.019067
1672,A0100,pursuit_chase_v1,UNKNOWN,16566.425444,29674.781231,2725.218769,4125.214034,30127.228455,15509.336326,535.201214,28190.124213,-1010.017113,6373.645738,-43.477487,11.416055,False,False,False,False,True,True,True,1-circle,1.000000,3986.691749,-15849.539423,81.591730,7.981146,100.000000,100.000000,0.000000,0.000000,2,4,3,0.0000,0.0000,0.0000,0.5000,"PursuitChaseOptimal",-0.034791
1672,B0100,aggressive,UNKNOWN,16566.425444,29674.781231,2725.218769,4125.214034,30127.228455,15509.336326,535.201214,28190.124213,-1010.017113,6373.645738,-43.477487,11.416055,False,False,False,False,True,True,True,1-circle,1.000000,3986.691749,-15849.539423,81.591730,7.981146,100.000000,100.000000,0.000000,0.000000,3,8,0,0.0000,0.0000,0.0000,0.5000,"Pursue",0.032985
1673,A0100,pursuit_chase_v1,UNKNOWN,16566.425444,29674.781231,2725.218769,4125.214034,30127.228455,15509.336326,535.201214,28190.124213,-1010.017113,6373.645738,-43.477487,11.416055,False,False,False,False,True,True,True,1-circle,1.000000,3986.691749,-15849.539423,81.591730,7.981146,100.000000,100.000000,0.000000,0.000000,2,4,3,0.0000,0.0000,0.0000,0.5000,"PursuitChaseOptimal",-0.044830
1673,B0100,aggressive,UNKNOWN,16566.425444,29674.781231,2725.218769,4125.214034,30127.228455,15509.336326,535.201214,28190.124213,-1010.017113,6373.645738,-43.477487,11.416055,False,False,False,False,True,True,True,1-circle,1.000000,3986.691749,-15849.539423,81.591730,7.981146,100.000000,100.000000,0.000000,0.000000,3,8,0,0.0000,0.0000,0.0000,0.5000,"Pursue",0.041490
1674,A0100,pursuit_chase_v1,UNKNOWN,16571.787860,29532.379663,2867.620337,4334.794896,29938.308764,15518.797286,534.070581,28146.064485,-881.194554,6287.994709,-39.756933,10.206429,False,False,False,False,True,True,True,1-circle,1.000000,3979.488628,-16132.062226,80.595008,7.825500,100.000000,100.000000,0.000000,0.000000,2,4,3,0.0000,0.0000,0.0000,0.5000,"PursuitChaseOptimal",-0.031262
1674,B0100,aggressive,UNKNOWN,16571.787860,29532.379663,2867.620337,4334.794896,29938.308764,15518.797286,534.070581,28146.064485,-881.194554,6287.994709,-39.756933,10.206429,False,False,False,False,True,True,True,1-circle,1.000000,3979.488628,-16132.062226,80.595008,7.825500,100.000000,100.000000,0.000000,0.000000,3,8,0,0.0000,0.0000,0.0000,0.5000,"Pursue",0.029752
1675,A0100,pursuit_chase_v1,UNKNOWN,16571.787860,29532.379663,2867.620337,4334.794896,29938.308764,15518.797286,534.070581,28146.064485,-881.194554,6287.994709,-39.756933,10.206429,False,False,False,False,True,True,True,1-circle,1.000000,3979.488628,-16132.062226,80.595008,7.825500,100.000000,100.000000,0.000000,0.000000,2,4,3,0.0000,0.0000,0.0000,0.5000,"PursuitChaseOptimal",-0.020997
1675,B0100,aggressive,UNKNOWN,16571.787860,29532.379663,2867.620337,4334.794896,29938.308764,15518.797286,534.070581,28146.064485,-881.194554,6287.994709,-39.756933,10.206429,False,False,False,False,True,True,True,1-circle,1.000000,3979.488628,-16132.062226,80.595008,7.825500,100.000000,100.000000,0.000000,0.000000,3,8,0,0.0000,0.0000,0.0000,0.5000,"Pursue",0.021076
1676,A0100,pursuit_chase_v1,UNKNOWN,16576.510369,29394.163246,3005.836754,4530.400980,29765.606907,15528.383236,533.155967,28112.438203,-672.525644,6204.337558,-36.161113,16.224188,False,False,False,False,True,True,True,1-circle,1.000000,3972.255365,-15620.619046,84.042492,7.733373,100.000000,100.000000,0.000000,0.000000,2,4,3,0.0000,0.0000,0.0000,0.5000,"PursuitChaseOptimal",-0.021721
1676,B0100,aggressive,UNKNOWN,16576.510369,29394.163246,3005.836754,4530.400980,29765.606907,15528.383236,533.155967,28112.438203,-672.525644,6204.337558,-36.161113,16.224188,False,False,False,False,True,True,True,1-circle,1.000000,3972.255365,-15620.619046,84.042492,7.733373,100.000000,100.000000,0.000000,0.000000,3,8,0,0.0000,0.0000,0.0000,0.5000,"Pursue",0.021852
1677,A0100,pursuit_chase_v1,UNKNOWN,16576.510369,29394.163246,3005.836754,4530.400980,29765.606907,15528.383236,533.155967,28112.438203,-672.525644,6204.337558,-36.161113,16.224188,False,False,False,False,True,True,True,1-circle,1.000000,3972.255365,-15620.619046,84.042492,7.733373,100.000000,100.000000,0.000000,0.000000,2,4,3,0.0000,0.0000,0.0000,0.5000,"PursuitChaseOptimal",-0.043974
1677,B0100,aggressive,UNKNOWN,16576.510369,29394.163246,3005.836754,4530.400980,29765.606907,15528.383236,533.155967,28112.438203,-672.525644,6204.337558,-36.161113,16.224188,False,False,False,False,True,True,True,1-circle,1.000000,3972.255365,-15620.619046,84.042492,7.733373,100.000000,100.000000,0.000000,0.000000,3,8,0,0.0000,0.0000,0.0000,0.5000,"Pursue",0.041886
1678,A0100,pursuit_chase_v1,UNKNOWN,16580.568436,29240.772213,3159.227787,4733.804436,29584.390739,15537.996125,532.147918,28074.510213,-758.559812,6115.215395,-32.054989,22.489820,False,False,False,False,True,True,True,1-circle,1.000000,3965.015805,-15439.514506,85.687786,7.649979,100.000000,100.000000,0.000000,0.000000,2,4,3,0.0000,0.0000,0.0000,0.5000,"PursuitChaseOptimal",-0.059021
1678,B0100,aggressive,UNKNOWN,16580.568436,29240.772213,3159.227787,4733.804436,29584.390739,15537.996125,532.147918,28074.510213,-758.559812,6115.215395,-32.054989,22.489820,False,False,False,False,True,True,True,1-circle,1.000000,3965.015805,-15439.514506,85.687786,7.649979,100.000000,100.000000,0.000000,0.000000,3,8,0,0.0000,0.0000,0.0000,0.5000,"Pursue",0.055768
1679,A0100,pursuit_chase_v1,UNKNOWN,16580.568436,29240.772213,3159.227787,4733.804436,29584.390739,15537.996125,532.147918,28074.510213,-758.559812,6115.215395,-32.054989,22.489820,False,False,False,False,True,True,True,1-circle,1.000000,3965.015805,-15439.514506,85.687786,7.649979,100.000000,100.000000,0.000000,0.000000,2,4,3,0.0000,0.0000,0.0000,0.5000,"PursuitChaseOptimal",-0.060202
1679,B0100,aggressive,UNKNOWN,16580.568436,29240.772213,3159.227787,4733.804436,29584.390739,15537.996125,532.147918,28074.510213,-758.559812,6115.215395,-32.054989,22.489820,False,False,False,False,True,True,True,1-circle,1.000000,3965.015805,-15439.514506,85.687786,7.649979,100.000000,100.000000,0.000000,0.000000,3,8,0,0.0000,0.0000,0.0000,0.5000,"Pursue",0.057400
1680,A0100,pursuit_chase_v1,UNKNOWN,16583.893180,29074.923250,3325.076750,4953.525912,29389.147254,15547.617074,530.939137,28027.242147,-945.361314,6024.103492,-27.415418,13.088365,False,False,False,False,True,True,True,1-circle,1.000000,3957.935456,-16116.291637,82.602860,7.555952,100.000000,100.000000,0.000000,0.000000,2,4,3,0.0000,0.0000,0.0000,0.5000,"PursuitChaseOptimal",-0.039204
1680,B0100,aggressive,UNKNOWN,16583.893180,29074.923250,3325.076750,4953.525912,29389.147254,15547.617074,530.939137,28027.242147,-945.361314,6024.103492,-27.415418,13.088365,False,False,False,False,True,True,True,1-circle,1.000000,3957.935456,-16116.291637,82.602860,7.555952,100.000000,100.000000,0.000000,0.000000,3,8,0,0.0000,0.0000,0.0000,0.5000,"Pursue",0.039612
1681,A0100,pursuit_chase_v1,UNKNOWN,16583.893180,29074.923250,3325.076750,4953.525912,29389.147254,15547.617074,530.939137,28027.242147,-945.361314,6024.103492,-27.415418,13.088365,False,False,False,False,True,True,True,1-circle,1.000000,3957.935456,-16116.291637,82.602860,7.555952,100.000000,100.000000,0.000000,0.000000,2,4,3,0.0000,0.0000,0.0000,0.5000,"PursuitChaseOptimal",-0.021523
1681,B0100,aggressive,UNKNOWN,16583.893180,29074.923250,3325.076750,4953.525912,29389.147254,15547.617074,530.939137,28027.242147,-945.361314,6024.103492,-27.415418,13.088365,False,False,False,False,True,True,True,1-circle,1.000000,3957.935456,-16116.291637,82.602860,7.555952,100.000000,100.000000,0.000000,0.000000,3,8,0,0.0000,0.0000,0.0000,0.5000,"Pursue",0.024667
1682,A0100,pursuit_chase_v1,UNKNOWN,16586.425267,28917.723088,3482.276912,5169.326746,29201.187613,15557.324983,529.776167,27982.339124,-898.060457,5924.945597,-22.882549,8.904707,False,False,False,False,True,True,True,1-circle,1.000000,3950.912669,-16861.062977,79.176364,7.517272,100.000000,100.000000,0.000000,0.000000,2,4,3,0.0000,0.0000,0.0000,0.5000,"PursuitChaseOptimal",-0.021436
1682,B0100,aggressive,UNKNOWN,16586.425267,28917.723088,3482.276912,5169.326746,29201.187613,15557.324983,529.776167,27982.339124,-898.060457,5924.945597,-22.882549,8.904707,False,False,False,False,True,True,True,1-circle,1.000000,3950.912669,-16861.062977,79.176364,7.517272,100.000000,100.000000,0.000000,0.000000,3,8,0,0.0000,0.0000,0.0000,0.5000,"Pursue",0.024436
1683,A0100,pursuit_chase_v1,UNKNOWN,16586.425267,28917.723088,3482.276912,5169.326746,29201.187613,15557.324983,529.776167,27982.339124,-898.060457,5924.945597,-22.882549,8.904707,False,False,False,False,True,True,True,1-circle,1.000000,3950.912669,-16861.062977,79.176364,7.517272,100.000000,100.000000,0.000000,0.000000,2,4,3,0.0000,0.0000,0.0000,0.5000,"PursuitChaseOptimal",-0.041156
1683,B0100,aggressive,UNKNOWN,16586.425267,28917.723088,3482.276912,5169.326746,29201.187613,15557.324983,529.776167,27982.339124,-898.060457,5924.945597,-22.882549,8.904707,False,False,False,False,True,True,True,1-circle,1.000000,3950.912669,-16861.062977,79.176364,7.517272,100.000000,100.000000,0.000000,0.000000,3,8,0,0.0000,0.0000,0.0000,0.5000,"Pursue",0.041663
1684,A0100,pursuit_chase_v1,UNKNOWN,16588.169552,28772.873909,3627.126091,5367.149073,29031.877646,15567.188648,528.841414,27948.395342,-678.875641,5843.424187,-18.797144,10.676884,False,False,False,False,True,True,True,1-circle,1.000000,3943.732484,-16680.103331,80.926724,7.448138,100.000000,100.000000,0.000000,0.000000,2,4,2,0.0000,0.0000,0.0000,0.5000,"PursuitChaseOptimal",-0.044438
1684,B0100,aggressive,UNKNOWN,16588.169552,28772.873909,3627.126091,5367.149073,29031.877646,15567.188648,528.841414,27948.395342,-678.875641,5843.424187,-18.797144,10.676884,False,False,False,False,True,True,True,1-circle,1.000000,3943.732484,-16680.103331,80.926724,7.448138,100.000000,100.000000,0.000000,0.000000,3,8,0,0.0000,0.0000,0.0000,0.5000,"Pursue",0.044812
1685,A0100,pursuit_chase_v1,UNKNOWN,16588.169552,28772.873909,3627.126091,5367.149073,29031.877646,15567.188648,528.841414,27948.395342,-678.875641,5843.424187,-18.797144,10.676884,False,False,False,False,True,True,True,1-circle,1.000000,3943.732484,-16680.103331,80.926724,7.448138,100.000000,100.000000,0.000000,0.000000,2,4,2,0.0000,0.0000,0.0000,0.5000,"PursuitChaseOptimal",-0.014917
1685,B0100,aggressive,UNKNOWN,16588.169552,28772.873909,3627.126091,5367.149073,29031.877646,15567.188648,528.841414,27948.395342,-678.875641,5843.424187,-18.797144,10.676884,False,False,False,False,True,True,True,1-circle,1.000000,3943.732484,-16680.103331,80.926724,7.448138,100.000000,100.000000,0.000000,0.000000,3,8,0,0.0000,0.0000,0.0000,0.5000,"Pursue",0.019116
1686,A0100,pursuit_chase_v1,UNKNOWN,16589.211058,28626.037379,3773.962621,5564.783571,28866.098425,15577.132749,527.963427,27917.262808,-622.650684,5764.859849,-14.696727,16.383910,False,False,False,False,True,True,True,1-circle,1.000000,3936.539238,-16257.849063,84.050325,7.423753,100.000000,100.000000,0.000000,0.000000,2,4,2,0.0000,0.0000,0.0000,0.5000,"PursuitChaseOptimal",0.016778
1686,B0100,aggressive,UNKNOWN,16589.211058,28626.037379,3773.962621,5564.783571,28866.098425,15577.132749,527.963427,27917.262808,-622.650684,5764.859849,-14.696727,16.383910,False,False,False,False,True,True,True,1-circle,1.000000,3936.539238,-16257.849063,84.050325,7.423753,100.000000,100.000000,0.000000,0.000000,3,8,0,0.0000,0.0000,0.0000,0.5000,"Pursue",-0.007986
1687,A0100,pursuit_chase_v1,UNKNOWN,16589.211058,28626.037379,3773.962621,5564.783571,28866.098425,15577.132749,527.963427,27917.262808,-622.650684,5764.859849,-14.696727,16.383910,False,False,False,False,True,True,True,1-circle,1.000000,3936.539238,-16257.849063,84.050325,7.423753,100.000000,100.000000,0.000000,0.000000,2,4,2,0.0000,0.0000,0.0000,0.5000,"PursuitChaseOptimal",0.025899
1687,B0100,aggressive,UNKNOWN,16589.211058,28626.037379,3773.962621,5564.783571,28866.098425,15577.132749,527.963427,27917.262808,-622.650684,5764.859849,-14.696727,16.383910,False,False,False,False,True,True,True,1-circle,1.000000,3936.539238,-16257.849063,84.050325,7.423753,100.000000,100.000000,0.000000,0.000000,3,8,0,0.0000,0.0000,0.0000,0.5000,"Pursue",-0.015177
1688,A0100,pursuit_chase_v1,UNKNOWN,16589.467130,28463.459753,3936.540247,5781.425212,28684.108364,15587.092044,526.871834,27876.247088,-820.314395,5672.847548,-10.302693,13.083359,False,False,False,False,True,True,True,1-circle,1.000000,3929.149793,-16673.688447,82.551315,7.439799,100.000000,100.000000,0.000000,0.000000,2,4,2,0.0000,0.0000,0.0000,0.5000,"PursuitChaseOptimal",0.028353
1688,B0100,aggressive,UNKNOWN,16589.467130,28463.459753,3936.540247,5781.425212,28684.108364,15587.092044,526.871834,27876.247088,-820.314395,5672.847548,-10.302693,13.083359,False,False,False,False,True,True,True,1-circle,1.000000,3929.149793,-16673.688447,82.551315,7.439799,100.000000,100.000000,0.000000,0.000000,3,8,0,0.0000,0.0000,0.0000,0.5000,"Pursue",-0.016771
1689,A0100,pursuit_chase_v1,UNKNOWN,16589.467130,28463.459753,3936.540247,5781.425212,28684.108364,15587.092044,526.871834,27876.247088,-820.314395,5672.847548,-10.302693,13.083359,False,False,False,False,True,True,True,1-circle,1.000000,3929.149793,-16673.688447,82.551315,7.439799,100.000000,100.000000,0.000000,0.000000,2,4,2,0.0000,0.0000,0.0000,0.5000,"PursuitChaseOptimal",0.029423
1689,B0100,aggressive,UNKNOWN,16589.467130,28463.459753,3936.540247,5781.425212,28684.108364,15587.092044,526.871834,27876.247088,-820.314395,5672.847548,-10.302693,13.083359,False,False,False,False,True,True,True,1-circle,1.000000,3929.149793,-16673.688447,82.551315,7.439799,100.000000,100.000000,0.000000,0.000000,3,8,0,0.0000,0.0000,0.0000,0.5000,"Pursue",-0.017324
1690,A0100,pursuit_chase_v1,UNKNOWN,16588.851306,28303.226263,4096.773737,6007.977141,28502.367478,15597.129860,525.741403,27833.607425,-852.793258,5589.379871,-6.231973,8.827024,False,False,False,False,True,True,True,1-circle,1.000000,3921.274967,-17462.921255,79.012932,7.427938,100.000000,100.000000,0.000000,0.000000,2,4,2,0.0000,0.0000,0.0000,0.5000,"PursuitChaseOptimal",0.027133
1690,B0100,aggressive,UNKNOWN,16588.851306,28303.226263,4096.773737,6007.977141,28502.367478,15597.129860,525.741403,27833.607425,-852.793258,5589.379871,-6.231973,8.827024,False,False,False,False,True,True,True,1-circle,1.000000,3921.274967,-17462.921255,79.012932,7.427938,100.000000,100.000000,0.000000,0.000000,3,8,0,0.0000,0.0000,0.0000,0.5000,"Pursue",-0.015463
1691,A0100,pursuit_chase_v1,UNKNOWN,16588.851306,28303.226263,4096.773737,6007.977141,28502.367478,15597.129860,525.741403,27833.607425,-852.793258,5589.379871,-6.231973,8.827024,False,False,False,False,True,True,True,1-circle,1.000000,3921.274967,-17462.921255,79.012932,7.427938,100.000000,100.000000,0.000000,0.000000,2,4,2,0.0000,0.0000,0.0000,0.5000,"PursuitChaseOptimal",0.034552
1691,B0100,aggressive,UNKNOWN,16588.851306,28303.226263,4096.773737,6007.977141,28502.367478,15597.129860,525.741403,27833.607425,-852.793258,5589.379871,-6.231973,8.827024,False,False,False,False,True,True,True,1-circle,1.000000,3921.274967,-17462.921255,79.012932,7.427938,100.000000,100.000000,0.000000,0.000000,3,8,0,0.0000,0.0000,0.0000,0.5000,"Pursue",-0.022031
1692,A0100,pursuit_chase_v1,UNKNOWN,16587.465406,28158.590326,4241.409674,6216.147698,28340.287888,15607.305418,524.849782,27802.313716,-625.874193,5530.742902,-2.907659,10.330932,False,False,False,False,True,True,True,1-circle,1.000000,3912.796764,-17341.416676,80.567947,7.390969,100.000000,100.000000,0.000000,0.000000,2,4,2,0.0000,0.0000,0.0000,0.5000,"PursuitChaseOptimal",0.020951
1692,B0100,aggressive,UNKNOWN,16587.465406,28158.590326,4241.409674,6216.147698,28340.287888,15607.305418,524.849782,27802.313716,-625.874193,5530.742902,-2.907659,10.330932,False,False,False,False,True,True,True,1-circle,1.000000,3912.796764,-17341.416676,80.567947,7.390969,100.000000,100.000000,0.000000,0.000000,3,8,0,0.0000,0.0000,0.0000,0.5000,"Pursue",-0.009873
1693,A0100,pursuit_chase_v1,UNKNOWN,16587.465406,28158.590326,4241.409674,6216.147698,28340.287888,15607.305418,524.849782,27802.313716,-625.874193,5530.742902,-2.907659,10.330932,False,False,False,False,True,True,True,1-circle,1.000000,3912.796764,-17341.416676,80.567947,7.390969,100.000000,100.000000,0.000000,0.000000,2,4,2,0.0000,0.0000,0.0000,0.5000,"PursuitChaseOptimal",-0.022524
1693,B0100,aggressive,UNKNOWN,16587.465406,28158.590326,4241.409674,6216.147698,28340.287888,15607.305418,524.849782,27802.313716,-625.874193,5530.742902,-2.907659,10.330932,False,False,False,False,True,True,True,1-circle,1.000000,3912.796764,-17341.416676,80.567947,7.390969,100.000000,100.000000,0.000000,0.000000,3,8,0,0.0000,0.0000,0.0000,0.5000,"Pursue",0.028297
1694,A0100,pursuit_chase_v1,UNKNOWN,16585.357228,28015.831497,4384.168503,6412.872993,28183.680931,15617.554649,524.034956,27774.727002,-551.734275,5463.394518,0.933682,15.764076,False,False,False,False,True,True,True,1-circle,1.000000,3903.833038,-16927.600301,83.778663,7.386100,100.000000,100.000000,0.000000,0.000000,2,4,1,0.0000,0.0000,0.0000,0.5000,"PursuitChaseOptimal",-0.041651
1694,B0100,aggressive,UNKNOWN,16585.357228,28015.831497,4384.168503,6412.872993,28183.680931,15617.554649,524.034956,27774.727002,-551.734275,5463.394518,0.933682,15.764076,False,False,False,False,True,True,True,1-circle,1.000000,3903.833038,-16927.600301,83.778663,7.386100,100.000000,100.000000,0.000000,0.000000,3,8,0,0.0000,0.0000,0.0000,0.5000,"Pursue",0.045327
1695,A0100,pursuit_chase_v1,UNKNOWN,16585.357228,28015.831497,4384.168503,6412.872993,28183.680931,15617.554649,524.034956,27774.727002,-551.734275,5463.394518,0.933682,15.764076,False,False,False,False,True,True,True,1-circle,1.000000,3903.833038,-16927.600301,83.778663,7.386100,100.000000,100.000000,0.000000,0.000000,2,4,1,0.0000,0.0000,0.0000,0.5000,"PursuitChaseOptimal",-0.031396
1695,B0100,aggressive,UNKNOWN,16585.357228,28015.831497,4384.168503,6412.872993,28183.680931,15617.554649,524.034956,27774.727002,-551.734275,5463.394518,0.933682,15.764076,False,False,False,False,True,True,True,1-circle,1.000000,3903.833038,-16927.600301,83.778663,7.386100,100.000000,100.000000,0.000000,0.000000,3,8,0,0.0000,0.0000,0.0000,0.5000,"Pursue",0.037186
1696,A0100,pursuit_chase_v1,UNKNOWN,16582.505789,27860.424508,4539.575492,6618.124412,28017.453894,15627.784588,523.107139,27741.945882,-655.622407,5388.856008,5.560105,20.092029,False,False,False,False,True,True,True,1-circle,1.000000,3894.797162,-16859.032117,85.104027,7.368606,100.000000,100.000000,0.000000,0.000000,2,5,1,0.0000,0.0000,0.0000,0.5000,"PursuitChaseOptimal",-0.027359
1696,B0100,aggressive,UNKNOWN,16582.505789,27860.424508,4539.575492,6618.124412,28017.453894,15627.784588,523.107139,27741.945882,-655.622407,5388.856008,5.560105,20.092029,False,False,False,False,True,True,True,1-circle,1.000000,3894.797162,-16859.032117,85.104027,7.368606,100.000000,100.000000,0.000000,0.000000,3,8,0,0.0000,0.0000,0.0000,0.5000,"Pursue",0.034488
1697,A0100,pursuit_chase_v1,UNKNOWN,16582.505789,27860.424508,4539.575492,6618.124412,28017.453894,15627.784588,523.107139,27741.945882,-655.622407,5388.856008,5.560105,20.092029,False,False,False,False,True,True,True,1-circle,1.000000,3894.797162,-16859.032117,85.104027,7.368606,100.000000,100.000000,0.000000,0.000000,2,5,1,0.0000,0.0000,0.0000,0.5000,"PursuitChaseOptimal",-0.006441
1697,B0100,aggressive,UNKNOWN,16582.505789,27860.424508,4539.575492,6618.124412,28017.453894,15627.784588,523.107139,27741.945882,-655.622407,5388.856008,5.560105,20.092029,False,False,False,False,True,True,True,1-circle,1.000000,3894.797162,-16859.032117,85.104027,7.368606,100.000000,100.000000,0.000000,0.000000,3,8,0,0.0000,0.0000,0.0000,0.5000,"Pursue",0.016676
1698,A0100,pursuit_chase_v1,UNKNOWN,16578.780083,27693.709526,4706.290474,6842.575634,27837.526408,15637.992648,521.983988,27700.189739,-835.122859,5303.515820,10.525651,11.961825,False,False,False,False,True,True,True,1-circle,1.000000,3885.695970,-17630.362419,81.797379,7.340045,100.000000,100.000000,0.000000,0.000000,2,5,1,0.0000,0.0000,0.0000,0.5000,"PursuitChaseOptimal",0.025762
1698,B0100,aggressive,UNKNOWN,16578.780083,27693.709526,4706.290474,6842.575634,27837.526408,15637.992648,521.983988,27700.189739,-835.122859,5303.515820,10.525651,11.961825,False,False,False,False,True,True,True,1-circle,1.000000,3885.695970,-17630.362419,81.797379,7.340045,100.000000,100.000000,0.000000,0.000000,3,8,0,0.0000,0.0000,0.0000,0.5000,"Pursue",-0.011223
1699,A0100,pursuit_chase_v1,UNKNOWN,16578.780083,27693.709526,4706.290474,6842.575634,27837.526408,15637.992648,521.983988,27700.189739,-835.122859,5303.515820,10.525651,11.961825,False,False,False,False,True,True,True,1-circle,1.000000,3885.695970,-17630.362419,81.797379,7.340045,100.000000,100.000000,0.000000,0.000000,2,5,1,0.0000,0.0000,0.0000,0.5000,"PursuitChaseOptimal",0.050737
1699,B0100,aggressive,UNKNOWN,16578.780083,27693.709526,4706.290474,6842.575634,27837.526408,15637.992648,521.983988,27700.189739,-835.122859,5303.515820,10.525651,11.961825,False,False,False,False,True,True,True,1-circle,1.000000,3885.695970,-17630.362419,81.797379,7.340045,100.000000,100.000000,0.000000,0.000000,3,8,0,0.0000,0.0000,0.0000,0.5000,"Pursue",-0.032703
1700,A0100,pursuit_chase_v1,UNKNOWN,16574.138289,27537.366275,4862.633725,7069.257774,27665.381486,15648.268870,520.913321,27661.033977,-783.115226,5212.968431,14.814737,8.233522,False,False,False,False,True,True,True,1-circle,1.000000,3876.120823,-18468.914991,78.151509,7.370290,100.000000,100.000000,0.000000,0.000000,2,5,0,0.0000,0.0000,0.0000,0.5000,"PursuitChaseOptimal",0.065632
1700,B0100,aggressive,UNKNOWN,16574.138289,27537.366275,4862.633725,7069.257774,27665.381486,15648.268870,520.913321,27661.033977,-783.115226,5212.968431,14.814737,8.233522,False,False,False,False,True,True,True,1-circle,1.000000,3876.120823,-18468.914991,78.151509,7.370290,100.000000,100.000000,0.000000,0.000000,3,8,0,0.0000,0.0000,0.0000,0.5000,"Pursue",-0.045779
1701,A0100,pursuit_chase_v1,UNKNOWN,16574.138289,27537.366275,4862.633725,7069.257774,27665.381486,15648.268870,520.913321,27661.033977,-783.115226,5212.968431,14.814737,8.233522,False,False,False,False,True,True,True,1-circle,1.000000,3876.120823,-18468.914991,78.151509,7.370290,100.000000,100.000000,0.000000,0.000000,2,5,0,0.0000,0.0000,0.0000,0.5000,"PursuitChaseOptimal",0.052450
1701,B0100,aggressive,UNKNOWN,16574.138289,27537.366275,4862.633725,7069.257774,27665.381486,15648.268870,520.913321,27661.033977,-783.115226,5212.968431,14.814737,8.233522,False,False,False,False,True,True,True,1-circle,1.000000,3876.120823,-18468.914991,78.151509,7.370290,100.000000,100.000000,0.000000,0.000000,3,8,0,0.0000,0.0000,0.0000,0.5000,"Pursue",-0.034246
1702,A0100,pursuit_chase_v1,UNKNOWN,16568.622010,27397.163709,5002.836291,7290.483976,27511.911598,15658.692199,520.066669,27632.439794,-571.883660,5140.396668,17.952733,9.348449,False,False,False,False,True,True,True,1-circle,1.000000,3865.592520,-18411.347401,79.517220,7.379647,100.000000,100.000000,0.000000,0.000000,2,5,0,0.0000,0.0000,0.0000,0.5000,"PursuitChaseOptimal",0.033972
1702,B0100,aggressive,UNKNOWN,16568.622010,27397.163709,5002.836291,7290.483976,27511.911598,15658.692199,520.066669,27632.439794,-571.883660,5140.396668,17.952733,9.348449,False,False,False,False,True,True,True,1-circle,1.000000,3865.592520,-18411.347401,79.517220,7.379647,100.000000,100.000000,0.000000,0.000000,3,8,0,0.0000,0.0000,0.0000,0.5000,"Pursue",-0.017883
1703,A0100,pursuit_chase_v1,UNKNOWN,16568.622010,27397.163709,5002.836291,7290.483976,27511.911598,15658.692199,520.066669,27632.439794,-571.883660,5140.396668,17.952733,9.348449,False,False,False,False,True,True,True,1-circle,1.000000,3865.592520,-18411.347401,79.517220,7.379647,100.000000,100.000000,0.000000,0.000000,2,5,0,0.0000,0.0000,0.0000,0.5000,"PursuitChaseOptimal",0.011071
1703,B0100,aggressive,UNKNOWN,16568.622010,27397.163709,5002.836291,7290.483976,27511.911598,15658.692199,520.066669,27632.439794,-571.883660,5140.396668,17.952733,9.348449,False,False,False,False,True,True,True,1-circle,1.000000,3865.592520,-18411.347401,79.517220,7.379647,100.000000,100.000000,0.000000,0.000000,3,8,0,0.0000,0.0000,0.0000,0.5000,"Pursue",0.002283
1704,A0100,pursuit_chase_v1,UNKNOWN,16562.432933,27260.093844,5139.906156,7503.437449,27364.173036,15669.203371,519.297510,27607.559714,-497.601613,5109.753846,20.608786,13.351203,False,False,False,False,True,True,True,1-circle,1.000000,3854.175979,-18048.827102,82.609054,7.418978,100.000000,100.000000,0.000000,0.000000,2,5,0,0.0000,0.0000,0.0000,0.5000,"PursuitChaseOptimal",-0.006152
1704,B0100,aggressive,UNKNOWN,16562.432933,27260.093844,5139.906156,7503.437449,27364.173036,15669.203371,519.297510,27607.559714,-497.601613,5109.753846,20.608786,13.351203,False,False,False,False,True,True,True,1-circle,1.000000,3854.175979,-18048.827102,82.609054,7.418978,100.000000,100.000000,0.000000,0.000000,3,8,0,0.0000,0.0000,0.0000,0.5000,"Pursue",0.017559
1705,A0100,pursuit_chase_v1,UNKNOWN,16562.432933,27260.093844,5139.906156,7503.437449,27364.173036,15669.203371,519.297510,27607.559714,-497.601613,5109.753846,20.608786,13.351203,False,False,False,False,True,True,True,1-circle,1.000000,3854.175979,-18048.827102,82.609054,7.418978,100.000000,100.000000,0.000000,0.000000,2,5,0,0.0000,0.0000,0.0000,0.5000,"PursuitChaseOptimal",-0.032927
1705,B0100,aggressive,UNKNOWN,16562.432933,27260.093844,5139.906156,7503.437449,27364.173036,15669.203371,519.297510,27607.559714,-497.601613,5109.753846,20.608786,13.351203,False,False,False,False,True,True,True,1-circle,1.000000,3854.175979,-18048.827102,82.609054,7.418978,100.000000,100.000000,0.000000,0.000000,3,8,0,0.0000,0.0000,0.0000,0.5000,"Pursue",0.041678
1706,A0100,pursuit_chase_v1,UNKNOWN,16555.586173,27110.662910,5289.337090,7683.647909,27206.237488,15679.717559,518.408753,27577.244831,-606.297643,5081.892533,24.957510,16.061132,False,False,False,False,True,True,True,1-circle,1.000000,3842.383536,-18027.160061,83.836673,7.443665,100.000000,100.000000,0.000000,0.000000,2,5,1,0.0000,0.0000,0.0000,0.5000,"PursuitChaseOptimal",-0.036422
1706,B0100,aggressive,UNKNOWN,16555.586173,27110.662910,5289.337090,7683.647909,27206.237488,15679.717559,518.408753,27577.244831,-606.297643,5081.892533,24.957510,16.061132,False,False,False,False,True,True,True,1-circle,1.000000,3842.383536,-18027.160061,83.836673,7.443665,100.000000,100.000000,0.000000,0.000000,3,8,0,0.0000,0.0000,0.0000,0.5000,"Pursue",0.045567
1707,A0100,pursuit_chase_v1,UNKNOWN,16555.586173,27110.662910,5289.337090,7683.647909,27206.237488,15679.717559,518.408753,27577.244831,-606.297643,5081.892533,24.957510,16.061132,False,False,False,False,True,True,True,1-circle,1.000000,3842.383536,-18027.160061,83.836673,7.443665,100.000000,100.000000,0.000000,0.000000,2,5,1,0.0000,0.0000,0.0000,0.5000,"PursuitChaseOptimal",-0.033660
1707,B0100,aggressive,UNKNOWN,16555.586173,27110.662910,5289.337090,7683.647909,27206.237488,15679.717559,518.408753,27577.244831,-606.297643,5081.892533,24.957510,16.061132,False,False,False,False,True,True,True,1-circle,1.000000,3842.383536,-18027.160061,83.836673,7.443665,100.000000,100.000000,0.000000,0.000000,3,8,0,0.0000,0.0000,0.0000,0.5000,"Pursue",0.043730
1708,A0100,pursuit_chase_v1,UNKNOWN,16547.860185,26949.741157,5450.258843,7818.801654,27034.554835,15690.239146,517.326875,27538.159842,-781.699786,5046.917757,31.412697,10.358974,False,False,False,False,True,True,True,1-circle,1.000000,3830.929418,-18835.080408,80.478315,7.457046,100.000000,100.000000,0.000000,0.000000,2,5,3,0.0000,0.0000,0.0000,0.5000,"PursuitChaseOptimal",-0.033713
1708,B0100,aggressive,UNKNOWN,16547.860185,26949.741157,5450.258843,7818.801654,27034.554835,15690.239146,517.326875,27538.159842,-781.699786,5046.917757,31.412697,10.358974,False,False,False,False,True,True,True,1-circle,1.000000,3830.929418,-18835.080408,80.478315,7.457046,100.000000,100.000000,0.000000,0.000000,3,8,0,0.0000,0.0000,0.0000,0.5000,"Pursue",0.043998
1709,A0100,pursuit_chase_v1,UNKNOWN,16547.860185,26949.741157,5450.258843,7818.801654,27034.554835,15690.239146,517.326875,27538.159842,-781.699786,5046.917757,31.412697,10.358974,False,False,False,False,True,True,True,1-circle,1.000000,3830.929418,-18835.080408,80.478315,7.457046,100.000000,100.000000,0.000000,0.000000,2,5,3,0.0000,0.0000,0.0000,0.5000,"PursuitChaseOptimal",-0.033045
1709,B0100,aggressive,UNKNOWN,16547.860185,26949.741157,5450.258843,7818.801654,27034.554835,15690.239146,517.326875,27538.159842,-781.699786,5046.917757,31.412697,10.358974,False,False,False,False,True,True,True,1-circle,1.000000,3830.929418,-18835.080408,80.478315,7.457046,100.000000,100.000000,0.000000,0.000000,3,8,0,0.0000,0.0000,0.0000,0.5000,"Pursue",0.043202
1710,A0100,pursuit_chase_v1,UNKNOWN,16539.148527,26803.132521,5596.867479,7913.958969,26876.257248,15700.860790,516.381161,27505.503226,-653.132320,5031.255878,37.796269,8.793849,False,False,False,False,True,True,True,1-circle,1.000000,3820.126980,-19342.178639,78.806165,7.452209,100.000000,100.000000,0.000000,0.000000,2,5,4,0.0000,0.0000,0.0000,0.5000,"PursuitChaseOptimal",-0.030387
1710,B0100,aggressive,UNKNOWN,16539.148527,26803.132521,5596.867479,7913.958969,26876.257248,15700.860790,516.381161,27505.503226,-653.132320,5031.255878,37.796269,8.793849,False,False,False,False,True,True,True,1-circle,1.000000,3820.126980,-19342.178639,78.806165,7.452209,100.000000,100.000000,0.000000,0.000000,3,8,0,0.0000,0.0000,0.0000,0.5000,"Pursue",0.040687
1711,A0100,pursuit_chase_v1,UNKNOWN,16539.148527,26803.132521,5596.867479,7913.958969,26876.257248,15700.860790,516.381161,27505.503226,-653.132320,5031.255878,37.796269,8.793849,False,False,False,False,True,True,True,1-circle,1.000000,3820.126980,-19342.178639,78.806165,7.452209,100.000000,100.000000,0.000000,0.000000,2,5,4,0.0000,0.0000,0.0000,0.5000,"PursuitChaseOptimal",-0.027453
1711,B0100,aggressive,UNKNOWN,16539.148527,26803.132521,5596.867479,7913.958969,26876.257248,15700.860790,516.381161,27505.503226,-653.132320,5031.255878,37.796269,8.793849,False,False,False,False,True,True,True,1-circle,1.000000,3820.126980,-19342.178639,78.806165,7.452209,100.000000,100.000000,0.000000,0.000000,3,8,0,0.0000,0.0000,0.0000,0.5000,"Pursue",0.038271
1712,A0100,pursuit_chase_v1,UNKNOWN,16529.571646,26668.626550,5731.373450,7987.536247,26733.005196,15711.576728,515.636726,27482.207676,-465.910996,5024.930900,43.773160,11.785369,False,False,False,False,True,True,True,1-circle,1.000000,3810.077040,-19048.691388,81.590350,7.498745,100.000000,100.000000,0.000000,0.000000,2,5,4,0.0000,0.0000,0.0000,0.5000,"PursuitChaseOptimal",-0.024815
1712,B0100,aggressive,UNKNOWN,16529.571646,26668.626550,5731.373450,7987.536247,26733.005196,15711.576728,515.636726,27482.207676,-465.910996,5024.930900,43.773160,11.785369,False,False,False,False,True,True,True,1-circle,1.000000,3810.077040,-19048.691388,81.590350,7.498745,100.000000,100.000000,0.000000,0.000000,3,8,0,0.0000,0.0000,0.0000,0.5000,"Pursue",0.036227
1713,A0100,pursuit_chase_v1,UNKNOWN,16529.571646,26668.626550,5731.373450,7987.536247,26733.005196,15711.576728,515.636726,27482.207676,-465.910996,5024.930900,43.773160,11.785369,False,False,False,False,True,True,True,1-circle,1.000000,3810.077040,-19048.691388,81.590350,7.498745,100.000000,100.000000,0.000000,0.000000,2,5,4,0.0000,0.0000,0.0000,0.5000,"PursuitChaseOptimal",-0.022624
1713,B0100,aggressive,UNKNOWN,16529.571646,26668.626550,5731.373450,7987.536247,26733.005196,15711.576728,515.636726,27482.207676,-465.910996,5024.930900,43.773160,11.785369,False,False,False,False,True,True,True,1-circle,1.000000,3810.077040,-19048.691388,81.590350,7.498745,100.000000,100.000000,0.000000,0.000000,3,8,0,0.0000,0.0000,0.0000,0.5000,"Pursue",0.034650
1714,A0100,pursuit_chase_v1,UNKNOWN,16519.088928,26527.798418,5872.201582,8059.151418,26586.058249,15722.318169,514.865504,27457.765491,-488.843711,5001.935216,50.315046,18.102166,False,False,False,False,True,True,True,1-circle,1.000000,3800.815833,-18734.446704,84.495347,7.489716,100.000000,100.000000,0.000000,0.000000,2,4,4,0.0000,0.0000,0.0000,0.5000,"PursuitChaseOptimal",-0.015266
1714,B0100,aggressive,UNKNOWN,16519.088928,26527.798418,5872.201582,8059.151418,26586.058249,15722.318169,514.865504,27457.765491,-488.843711,5001.935216,50.315046,18.102166,False,False,False,False,True,True,True,1-circle,1.000000,3800.815833,-18734.446704,84.495347,7.489716,100.000000,100.000000,0.000000,0.000000,3,8,0,0.0000,0.0000,0.0000,0.5000,"Pursue",0.028997
1715,A0100,pursuit_chase_v1,UNKNOWN,16519.088928,26527.798418,5872.201582,8059.151418,26586.058249,15722.318169,514.865504,27457.765491,-488.843711,5001.935216,50.315046,18.102166,False,False,False,False,True,True,True,1-circle,1.000000,3800.815833,-18734.446704,84.495347,7.489716,100.000000,100.000000,0.000000,0.000000,2,4,4,0.0000,0.0000,0.0000,0.5000,"PursuitChaseOptimal",-0.023742
1715,B0100,aggressive,UNKNOWN,16519.088928,26527.798418,5872.201582,8059.151418,26586.058249,15722.318169,514.865504,27457.765491,-488.843711,5001.935216,50.315046,18.102166,False,False,False,False,True,True,True,1-circle,1.000000,3800.815833,-18734.446704,84.495347,7.489716,100.000000,100.000000,0.000000,0.000000,3,8,0,0.0000,0.0000,0.0000,0.5000,"Pursue",0.037357
1716,A0100,pursuit_chase_v1,UNKNOWN,16507.584004,26371.329358,6028.670642,8135.184987,26422.780083,15733.018526,513.892281,27424.141979,-672.470243,4959.638077,57.901615,14.116671,False,False,False,False,True,True,True,1-circle,1.000000,3792.406159,-19222.925059,82.943860,7.518985,100.000000,100.000000,0.000000,0.000000,2,4,4,0.0000,0.0000,0.0000,0.5000,"PursuitChaseOptimal",-0.032461
1716,B0100,aggressive,UNKNOWN,16507.584004,26371.329358,6028.670642,8135.184987,26422.780083,15733.018526,513.892281,27424.141979,-672.470243,4959.638077,57.901615,14.116671,False,False,False,False,True,True,True,1-circle,1.000000,3792.406159,-19222.925059,82.943860,7.518985,100.000000,100.000000,0.000000,0.000000,3,8,0,0.0000,0.0000,0.0000,0.5000,"Pursue",0.045692
1717,A0100,pursuit_chase_v1,UNKNOWN,16507.584004,26371.329358,6028.670642,8135.184987,26422.780083,15733.018526,513.892281,27424.141979,-672.470243,4959.638077,57.901615,14.116671,False,False,False,False,True,True,True,1-circle,1.000000,3792.406159,-19222.925059,82.943860,7.518985,100.000000,100.000000,0.000000,0.000000,2,4,4,0.0000,0.0000,0.0000,0.5000,"PursuitChaseOptimal",-0.040893
1717,B0100,aggressive,UNKNOWN,16507.584004,26371.329358,6028.670642,8135.184987,26422.780083,15733.018526,513.892281,27424.141979,-672.470243,4959.638077,57.901615,14.116671,False,False,False,False,True,True,True,1-circle,1.000000,3792.406159,-19222.925059,82.943860,7.518985,100.000000,100.000000,0.000000,0.000000,3,8,0,0.0000,0.0000,0.0000,0.5000,"Pursue",0.053401
1718,A0100,pursuit_chase_v1,UNKNOWN,16494.922992,26215.194201,6184.805799,8218.496712,26257.637789,15743.743239,512.869022,27388.354490,-715.749784,4913.272819,65.568709,9.301895,False,False,False,False,True,True,True,1-circle,1.000000,3784.844297,-20080.457002,79.343209,7.526245,100.000000,100.000000,0.000000,0.000000,2,4,4,0.0000,0.0000,0.0000,0.5000,"PursuitChaseOptimal",-0.041949
1718,B0100,aggressive,UNKNOWN,16494.922992,26215.194201,6184.805799,8218.496712,26257.637789,15743.743239,512.869022,27388.354490,-715.749784,4913.272819,65.568709,9.301895,False,False,False,False,True,True,True,1-circle,1.000000,3784.844297,-20080.457002,79.343209,7.526245,100.000000,100.000000,0.000000,0.000000,3,8,0,0.0000,0.0000,0.0000,0.5000,"Pursue",0.054175
1719,A0100,pursuit_chase_v1,UNKNOWN,16494.922992,26215.194201,6184.805799,8218.496712,26257.637789,15743.743239,512.869022,27388.354490,-715.749784,4913.272819,65.568709,9.301895,False,False,False,False,True,True,True,1-circle,1.000000,3784.844297,-20080.457002,79.343209,7.526245,100.000000,100.000000,0.000000,0.000000,2,4,4,0.0000,0.0000,0.0000,0.5000,"PursuitChaseOptimal",-0.038367
1719,B0100,aggressive,UNKNOWN,16494.922992,26215.194201,6184.805799,8218.496712,26257.637789,15743.743239,512.869022,27388.354490,-715.749784,4913.272819,65.568709,9.301895,False,False,False,False,True,True,True,1-circle,1.000000,3784.844297,-20080.457002,79.343209,7.526245,100.000000,100.000000,0.000000,0.000000,3,8,0,0.0000,0.0000,0.0000,0.5000,"Pursue",0.050852
1720,A0100,pursuit_chase_v1,UNKNOWN,16481.205158,26076.481907,6323.518093,8332.817124,26111.457397,15754.559950,512.081062,27363.417639,-498.737001,4869.893887,71.774049,10.597621,False,False,False,False,True,True,True,1-circle,1.000000,3777.925607,-20062.255543,80.609574,7.516241,100.000000,100.000000,0.000000,0.000000,2,4,4,0.0000,0.0000,0.0000,0.5000,"PursuitChaseOptimal",-0.030399
1720,B0100,aggressive,UNKNOWN,16481.205158,26076.481907,6323.518093,8332.817124,26111.457397,15754.559950,512.081062,27363.417639,-498.737001,4869.893887,71.774049,10.597621,False,False,False,False,True,True,True,1-circle,1.000000,3777.925607,-20062.255543,80.609574,7.516241,100.000000,100.000000,0.000000,0.000000,3,8,0,0.0000,0.0000,0.0000,0.5000,"Pursue",0.043924
1721,A0100,pursuit_chase_v1,UNKNOWN,16481.205158,26076.481907,6323.518093,8332.817124,26111.457397,15754.559950,512.081062,27363.417639,-498.737001,4869.893887,71.774049,10.597621,False,False,False,False,True,True,True,1-circle,1.000000,3777.925607,-20062.255543,80.609574,7.516241,100.000000,100.000000,0.000000,0.000000,2,4,4,0.0000,0.0000,0.0000,0.5000,"PursuitChaseOptimal",-0.020986
1721,B0100,aggressive,UNKNOWN,16481.205158,26076.481907,6323.518093,8332.817124,26111.457397,15754.559950,512.081062,27363.417639,-498.737001,4869.893887,71.774049,10.597621,False,False,False,False,True,True,True,1-circle,1.000000,3777.925607,-20062.255543,80.609574,7.516241,100.000000,100.000000,0.000000,0.000000,3,8,0,0.0000,0.0000,0.0000,0.5000,"Pursue",0.035822
1722,A0100,pursuit_chase_v1,UNKNOWN,16466.575923,25941.803818,6458.196182,8492.376206,25971.173255,15765.415257,511.379282,27342.476099,-418.830809,4824.124349,76.962174,15.808692,False,False,False,False,True,True,True,1-circle,1.000000,3771.272301,-19722.986293,83.666702,7.536519,100.000000,100.000000,0.000000,0.000000,2,4,4,0.0000,0.0000,0.0000,0.5000,"PursuitChaseOptimal",-0.009601
1722,B0100,aggressive,UNKNOWN,16466.575923,25941.803818,6458.196182,8492.376206,25971.173255,15765.415257,511.379282,27342.476099,-418.830809,4824.124349,76.962174,15.808692,False,False,False,False,True,True,True,1-circle,1.000000,3771.272301,-19722.986293,83.666702,7.536519,100.000000,100.000000,0.000000,0.000000,3,8,0,0.0000,0.0000,0.0000,0.5000,"Pursue",0.026009
1723,A0100,pursuit_chase_v1,UNKNOWN,16466.575923,25941.803818,6458.196182,8492.376206,25971.173255,15765.415257,511.379282,27342.476099,-418.830809,4824.124349,76.962174,15.808692,False,False,False,False,True,True,True,1-circle,1.000000,3771.272301,-19722.986293,83.666702,7.536519,100.000000,100.000000,0.000000,0.000000,2,4,4,0.0000,0.0000,0.0000,0.5000,"PursuitChaseOptimal",0.006270
1723,B0100,aggressive,UNKNOWN,16466.575923,25941.803818,6458.196182,8492.376206,25971.173255,15765.415257,511.379282,27342.476099,-418.830809,4824.124349,76.962174,15.808692,False,False,False,False,True,True,True,1-circle,1.000000,3771.272301,-19722.986293,83.666702,7.536519,100.000000,100.000000,0.000000,0.000000,3,8,0,0.0000,0.0000,0.0000,0.5000,"Pursue",0.012654
1724,A0100,pursuit_chase_v1,UNKNOWN,16451.046987,25794.680761,6605.319239,8692.691746,25820.028473,15776.227935,510.553759,27315.941101,-530.699967,4766.445679,82.153161,19.786289,False,False,False,False,True,True,True,1-circle,1.000000,3764.565072,-19709.552209,84.925547,7.541453,100.000000,100.000000,0.000000,0.000000,2,4,4,0.0000,0.0000,0.0000,0.5000,"PursuitChaseOptimal",0.005750
1724,B0100,aggressive,UNKNOWN,16451.046987,25794.680761,6605.319239,8692.691746,25820.028473,15776.227935,510.553759,27315.941101,-530.699967,4766.445679,82.153161,19.786289,False,False,False,False,True,True,True,1-circle,1.000000,3764.565072,-19709.552209,84.925547,7.541453,100.000000,100.000000,0.000000,0.000000,3,8,0,0.0000,0.0000,0.0000,0.5000,"Pursue",0.014005
1725,A0100,pursuit_chase_v1,UNKNOWN,16451.046987,25794.680761,6605.319239,8692.691746,25820.028473,15776.227935,510.553759,27315.941101,-530.699967,4766.445679,82.153161,19.786289,False,False,False,False,True,True,True,1-circle,1.000000,3764.565072,-19709.552209,84.925547,7.541453,100.000000,100.000000,0.000000,0.000000,2,4,4,0.0000,0.0000,0.0000,0.5000,"PursuitChaseOptimal",0.002709
1725,B0100,aggressive,UNKNOWN,16451.046987,25794.680761,6605.319239,8692.691746,25820.028473,15776.227935,510.553759,27315.941101,-530.699967,4766.445679,82.153161,19.786289,False,False,False,False,True,True,True,1-circle,1.000000,3764.565072,-19709.552209,84.925547,7.541453,100.000000,100.000000,0.000000,0.000000,3,8,0,0.0000,0.0000,0.0000,0.5000,"Pursue",0.017332
1726,A0100,pursuit_chase_v1,UNKNOWN,16434.508991,25635.083353,6764.916647,8920.679544,25654.349809,15786.998825,509.530903,27280.520438,-708.413254,4703.008002,87.635289,11.988515,False,False,False,False,True,True,True,1-circle,1.000000,3757.523292,-20515.362920,81.648141,7.538383,100.000000,100.000000,0.000000,0.000000,2,4,4,0.0000,0.0000,0.0000,0.5000,"PursuitChaseOptimal",-0.004230
1726,B0100,aggressive,UNKNOWN,16434.508991,25635.083353,6764.916647,8920.679544,25654.349809,15786.998825,509.530903,27280.520438,-708.413254,4703.008002,87.635289,11.988515,False,False,False,False,True,True,True,1-circle,1.000000,3757.523292,-20515.362920,81.648141,7.538383,100.000000,100.000000,0.000000,0.000000,3,8,0,0.0000,0.0000,0.0000,0.5000,"Pursue",0.023670
1727,A0100,pursuit_chase_v1,UNKNOWN,16434.508991,25635.083353,6764.916647,8920.679544,25654.349809,15786.998825,509.530903,27280.520438,-708.413254,4703.008002,87.635289,11.988515,False,False,False,False,True,True,True,1-circle,1.000000,3757.523292,-20515.362920,81.648141,7.538383,100.000000,100.000000,0.000000,0.000000,2,4,4,0.0000,0.0000,0.0000,0.5000,"PursuitChaseOptimal",-0.014433
1727,B0100,aggressive,UNKNOWN,16434.508991,25635.083353,6764.916647,8920.679544,25654.349809,15786.998825,509.530903,27280.520438,-708.413254,4703.008002,87.635289,11.988515,False,False,False,False,True,True,True,1-circle,1.000000,3757.523292,-20515.362920,81.648141,7.538383,100.000000,100.000000,0.000000,0.000000,3,8,0,0.0000,0.0000,0.0000,0.5000,"Pursue",0.032542
1728,A0100,pursuit_chase_v1,UNKNOWN,16416.956204,25489.964145,6910.035855,9131.671357,25501.902589,15797.819028,508.640083,27251.187203,-586.664708,4647.310761,92.696753,9.940845,False,False,False,False,True,True,True,1-circle,1.000000,3750.055142,-21040.310999,79.945243,7.514195,100.000000,100.000000,0.000000,0.000000,2,4,4,0.0000,0.0000,0.0000,0.5000,"PursuitChaseOptimal",-0.027513
1728,B0100,aggressive,UNKNOWN,16416.956204,25489.964145,6910.035855,9131.671357,25501.902589,15797.819028,508.640083,27251.187203,-586.664708,4647.310761,92.696753,9.940845,False,False,False,False,True,True,True,1-circle,1.000000,3750.055142,-21040.310999,79.945243,7.514195,100.000000,100.000000,0.000000,0.000000,3,8,0,0.0000,0.0000,0.0000,0.5000,"Pursue",0.044063
1729,A0100,pursuit_chase_v1,UNKNOWN,16416.956204,25489.964145,6910.035855,9131.671357,25501.902589,15797.819028,508.640083,27251.187203,-586.664708,4647.310761,92.696753,9.940845,False,False,False,False,True,True,True,1-circle,1.000000,3750.055142,-21040.310999,79.945243,7.514195,100.000000,100.000000,0.000000,0.000000,2,4,4,0.0000,0.0000,0.0000,0.5000,"PursuitChaseOptimal",-0.044422
1729,B0100,aggressive,UNKNOWN,16416.956204,25489.964145,6910.035855,9131.671357,25501.902589,15797.819028,508.640083,27251.187203,-586.664708,4647.310761,92.696753,9.940845,False,False,False,False,True,True,True,1-circle,1.000000,3750.055142,-21040.310999,79.945243,7.514195,100.000000,100.000000,0.000000,0.000000,3,8,0,0.0000,0.0000,0.0000,0.5000,"Pursue",0.059432
1730,A0100,pursuit_chase_v1,UNKNOWN,16398.504144,25358.919473,7041.080527,9320.858770,25365.628380,15808.686504,507.955639,27231.251293,-398.718199,4602.627289,97.419530,13.720175,False,False,False,False,True,True,True,1-circle,1.000000,3742.340295,-20769.764685,82.671232,7.539348,100.000000,100.000000,0.000000,0.000000,2,4,4,0.0000,0.0000,0.0000,0.5000,"PursuitChaseOptimal",-0.050876
1730,B0100,aggressive,UNKNOWN,16398.504144,25358.919473,7041.080527,9320.858770,25365.628380,15808.686504,507.955639,27231.251293,-398.718199,4602.627289,97.419530,13.720175,False,False,False,False,True,True,True,1-circle,1.000000,3742.340295,-20769.764685,82.671232,7.539348,100.000000,100.000000,0.000000,0.000000,2,4,4,0.0000,0.0000,0.0000,0.5000,"Accelerate",0.065696
1731,A0100,pursuit_chase_v1,UNKNOWN,16398.504144,25358.919473,7041.080527,9320.858770,25365.628380,15808.686504,507.955639,27231.251293,-398.718199,4602.627289,97.419530,13.720175,False,False,False,False,True,True,True,1-circle,1.000000,3742.340295,-20769.764685,82.671232,7.539348,100.000000,100.000000,0.000000,0.000000,2,4,4,0.0000,0.0000,0.0000,0.5000,"PursuitChaseOptimal",-0.059448
1731,B0100,aggressive,UNKNOWN,16398.504144,25358.919473,7041.080527,9320.858770,25365.628380,15808.686504,507.955639,27231.251293,-398.718199,4602.627289,97.419530,13.720175,False,False,False,False,True,True,True,1-circle,1.000000,3742.340295,-20769.764685,82.671232,7.539348,100.000000,100.000000,0.000000,0.000000,2,4,4,0.0000,0.0000,0.0000,0.5000,"Accelerate",0.074350
1732,A0100,pursuit_chase_v1,UNKNOWN,16379.189628,25219.906417,7180.093583,9513.404113,25222.792444,15819.532277,507.209269,27208.553999,-453.945873,4547.850678,102.858677,16.506517,False,False,False,False,True,True,True,1-circle,1.000000,3734.645238,-20771.471164,83.890645,7.579119,100.000000,100.000000,0.000000,0.000000,2,5,4,0.0000,0.0000,0.0000,0.5000,"PursuitChaseOptimal",-0.064372
1732,B0100,aggressive,UNKNOWN,16379.189628,25219.906417,7180.093583,9513.404113,25222.792444,15819.532277,507.209269,27208.553999,-453.945873,4547.850678,102.858677,16.506517,False,False,False,False,True,True,True,1-circle,1.000000,3734.645238,-20771.471164,83.890645,7.579119,100.000000,100.000000,0.000000,0.000000,2,4,4,0.0000,0.0000,0.0000,0.5000,"Accelerate",0.079770
1733,A0100,pursuit_chase_v1,UNKNOWN,16379.189628,25219.906417,7180.093583,9513.404113,25222.792444,15819.532277,507.209269,27208.553999,-453.945873,4547.850678,102.858677,16.506517,False,False,False,False,True,True,True,1-circle,1.000000,3734.645238,-20771.471164,83.890645,7.579119,100.000000,100.000000,0.000000,0.000000,2,5,4,0.0000,0.0000,0.0000,0.5000,"PursuitChaseOptimal",-0.042928
1733,B0100,aggressive,UNKNOWN,16379.189628,25219.906417,7180.093583,9513.404113,25222.792444,15819.532277,507.209269,27208.553999,-453.945873,4547.850678,102.858677,16.506517,False,False,False,False,True,True,True,1-circle,1.000000,3734.645238,-20771.471164,83.890645,7.579119,100.000000,100.000000,0.000000,0.000000,2,4,4,0.0000,0.0000,0.0000,0.5000,"Accelerate",0.061014
1734,A0100,pursuit_chase_v1,UNKNOWN,16358.893937,25070.379408,7329.620592,9724.397348,25067.717654,15830.356262,506.262657,27176.906649,-632.946997,4479.204796,108.831014,9.554449,False,False,False,False,True,True,True,1-circle,1.000000,3727.050808,-21782.525195,79.507111,7.647160,100.000000,100.000000,0.000000,0.000000,2,5,4,0.0000,0.0000,0.0000,0.5000,"PursuitChaseOptimal",-0.018633
1734,B0100,aggressive,UNKNOWN,16358.893937,25070.379408,7329.620592,9724.397348,25067.717654,15830.356262,506.262657,27176.906649,-632.946997,4479.204796,108.831014,9.554449,False,False,False,False,True,True,True,1-circle,1.000000,3727.050808,-21782.525195,79.507111,7.647160,100.000000,100.000000,0.000000,0.000000,2,4,4,0.0000,0.0000,0.0000,0.5000,"Accelerate",0.039229
1735,A0100,pursuit_chase_v1,UNKNOWN,16358.893937,25070.379408,7329.620592,9724.397348,25067.717654,15830.356262,506.262657,27176.906649,-632.946997,4479.204796,108.831014,9.554449,False,False,False,False,True,True,True,1-circle,1.000000,3727.050808,-21782.525195,79.507111,7.647160,100.000000,100.000000,0.000000,0.000000,2,5,4,0.0000,0.0000,0.0000,0.5000,"PursuitChaseOptimal",0.003897
1735,B0100,aggressive,UNKNOWN,16358.893937,25070.379408,7329.620592,9724.397348,25067.717654,15830.356262,506.262657,27176.906649,-632.946997,4479.204796,108.831014,9.554449,False,False,False,False,True,True,True,1-circle,1.000000,3727.050808,-21782.525195,79.507111,7.647160,100.000000,100.000000,0.000000,0.000000,2,4,4,0.0000,0.0000,0.0000,0.5000,"Accelerate",0.018260
1736,A0100,pursuit_chase_v1,UNKNOWN,16337.560489,24937.887999,7462.112001,9931.252918,24925.729475,15841.286254,505.410554,27149.673463,-544.663725,4404.839145,113.796755,5.225630,False,False,False,False,True,True,True,1-circle,1.000000,3719.168454,-23488.612746,71.267244,7.782394,100.000000,100.000000,0.000000,0.000000,2,5,4,0.0000,0.0000,0.0000,0.5000,"PursuitChaseOptimal",0.023772
1736,B0100,aggressive,UNKNOWN,16337.560489,24937.887999,7462.112001,9931.252918,24925.729475,15841.286254,505.410554,27149.673463,-544.663725,4404.839145,113.796755,5.225630,False,False,False,False,True,True,True,1-circle,1.000000,3719.168454,-23488.612746,71.267244,7.782394,100.000000,100.000000,0.000000,0.000000,2,4,4,0.0000,0.0000,0.0000,0.5000,"Accelerate",-0.000730
1737,A0100,pursuit_chase_v1,UNKNOWN,16337.560489,24937.887999,7462.112001,9931.252918,24925.729475,15841.286254,505.410554,27149.673463,-544.663725,4404.839145,113.796755,5.225630,False,False,False,False,True,True,True,1-circle,1.000000,3719.168454,-23488.612746,71.267244,7.782394,100.000000,100.000000,0.000000,0.000000,2,5,4,0.0000,0.0000,0.0000,0.5000,"PursuitChaseOptimal",0.033014
1737,B0100,aggressive,UNKNOWN,16337.560489,24937.887999,7462.112001,9931.252918,24925.729475,15841.286254,505.410554,27149.673463,-544.663725,4404.839145,113.796755,5.225630,False,False,False,False,True,True,True,1-circle,1.000000,3719.168454,-23488.612746,71.267244,7.782394,100.000000,100.000000,0.000000,0.000000,2,4,4,0.0000,0.0000,0.0000,0.5000,"Accelerate",-0.010871
1738,A0100,pursuit_chase_v1,UNKNOWN,16315.344994,24857.864269,7542.135731,10101.326072,24834.927258,15852.519702,504.537965,27121.892896,-555.611334,4314.691545,116.376293,3.085762,False,False,False,False,True,True,True,1-circle,1.000000,3710.377247,-25723.190676,60.095705,7.472982,100.000000,100.000000,0.000000,0.000000,2,5,4,0.0000,0.0000,0.0000,0.5000,"PursuitChaseOptimal",0.019164
1738,B0100,aggressive,UNKNOWN,16315.344994,24857.864269,7542.135731,10101.326072,24834.927258,15852.519702,504.537965,27121.892896,-555.611334,4314.691545,116.376293,3.085762,False,False,False,False,True,True,True,1-circle,1.000000,3710.377247,-25723.190676,60.095705,7.472982,100.000000,100.000000,0.000000,0.000000,2,4,4,0.0000,0.0000,0.0000,0.5000,"Accelerate",0.000442
1739,A0100,pursuit_chase_v1,UNKNOWN,16315.344994,24857.864269,7542.135731,10101.326072,24834.927258,15852.519702,504.537965,27121.892896,-555.611334,4314.691545,116.376293,3.085762,False,False,False,False,True,True,True,1-circle,1.000000,3710.377247,-25723.190676,60.095705,7.472982,100.000000,100.000000,0.000000,0.000000,2,5,4,0.0000,0.0000,0.0000,0.5000,"PursuitChaseOptimal",-0.001050
1739,B0100,aggressive,UNKNOWN,16315.344994,24857.864269,7542.135731,10101.326072,24834.927258,15852.519702,504.537965,27121.892896,-555.611334,4314.691545,116.376293,3.085762,False,False,False,False,True,True,True,1-circle,1.000000,3710.377247,-25723.190676,60.095705,7.472982,100.000000,100.000000,0.000000,0.000000,2,4,4,0.0000,0.0000,0.0000,0.5000,"Accelerate",0.017520
1740,A0100,pursuit_chase_v1,UNKNOWN,16292.675094,24832.315568,7567.684432,10219.275293,24801.172651,15864.115189,503.985391,27108.817292,-261.512076,4252.577213,116.334785,2.150437,False,False,False,False,True,True,True,1-circle,1.000000,3700.421169,-27684.407339,50.443550,7.225864,100.000000,100.000000,0.000000,0.000000,2,5,4,0.0000,0.0000,0.0000,0.5000,"PursuitChaseOptimal",-0.020784
1740,B0100,aggressive,UNKNOWN,16292.675094,24832.315568,7567.684432,10219.275293,24801.172651,15864.115189,503.985391,27108.817292,-261.512076,4252.577213,116.334785,2.150437,False,False,False,False,True,True,True,1-circle,1.000000,3700.421169,-27684.407339,50.443550,7.225864,100.000000,100.000000,0.000000,0.000000,2,4,4,0.0000,0.0000,0.0000,0.5000,"Accelerate",0.034405
1741,A0100,pursuit_chase_v1,UNKNOWN,16292.675094,24832.315568,7567.684432,10219.275293,24801.172651,15864.115189,503.985391,27108.817292,-261.512076,4252.577213,116.334785,2.150437,False,False,False,False,True,True,True,1-circle,1.000000,3700.421169,-27684.407339,50.443550,7.225864,100.000000,100.000000,0.000000,0.000000,2,5,4,0.0000,0.0000,0.0000,0.5000,"PursuitChaseOptimal",-0.033379
1741,B0100,aggressive,UNKNOWN,16292.675094,24832.315568,7567.684432,10219.275293,24801.172651,15864.115189,503.985391,27108.817292,-261.512076,4252.577213,116.334785,2.150437,False,False,False,False,True,True,True,1-circle,1.000000,3700.421169,-27684.407339,50.443550,7.225864,100.000000,100.000000,0.000000,0.000000,2,4,4,0.0000,0.0000,0.0000,0.5000,"Accelerate",0.045694
1742,A0100,pursuit_chase_v1,UNKNOWN,16269.932140,24835.061698,7564.938302,10278.235183,24798.945233,15875.964113,503.752993,27110.298279,29.619730,4206.281702,115.845497,1.766105,False,False,False,False,True,True,True,1-circle,1.000000,3689.740626,-28917.879951,44.828027,7.203925,100.000000,100.000000,0.000000,0.000000,2,5,4,0.0000,0.0000,0.0000,0.5000,"PursuitChaseOptimal",-0.030046
1742,B0100,aggressive,UNKNOWN,16269.932140,24835.061698,7564.938302,10278.235183,24798.945233,15875.964113,503.752993,27110.298279,29.619730,4206.281702,115.845497,1.766105,False,False,False,False,True,True,True,1-circle,1.000000,3689.740626,-28917.879951,44.828027,7.203925,100.000000,100.000000,0.000000,0.000000,2,4,4,0.0000,0.0000,0.0000,0.5000,"Accelerate",0.042097
1743,A0100,pursuit_chase_v1,UNKNOWN,16269.932140,24835.061698,7564.938302,10278.235183,24798.945233,15875.964113,503.752993,27110.298279,29.619730,4206.281702,115.845497,1.766105,False,False,False,False,True,True,True,1-circle,1.000000,3689.740626,-28917.879951,44.828027,7.203925,100.000000,100.000000,0.000000,0.000000,2,5,4,0.0000,0.0000,0.0000,0.5000,"PursuitChaseOptimal",-0.032560
1743,B0100,aggressive,UNKNOWN,16269.932140,24835.061698,7564.938302,10278.235183,24798.945233,15875.964113,503.752993,27110.298279,29.619730,4206.281702,115.845497,1.766105,False,False,False,False,True,True,True,1-circle,1.000000,3689.740626,-28917.879951,44.828027,7.203925,100.000000,100.000000,0.000000,0.000000,2,4,4,0.0000,0.0000,0.0000,0.5000,"Accelerate",0.043535
1744,A0100,pursuit_chase_v1,UNKNOWN,16247.171863,24854.673707,7545.326293,10258.334071,24815.033730,15888.037861,503.564008,27113.944374,72.921903,4161.140224,116.167372,1.454615,False,False,False,False,True,True,True,1-circle,1.000000,3678.934038,-30132.254620,39.301670,7.069666,100.000000,100.000000,0.000000,0.000000,2,5,4,0.0000,0.0000,0.0000,0.5000,"PursuitChaseOptimal",-0.021144
1744,B0100,aggressive,UNKNOWN,16247.171863,24854.673707,7545.326293,10258.334071,24815.033730,15888.037861,503.564008,27113.944374,72.921903,4161.140224,116.167372,1.454615,False,False,False,False,True,True,True,1-circle,1.000000,3678.934038,-30132.254620,39.301670,7.069666,100.000000,100.000000,0.000000,0.000000,2,4,4,0.0000,0.0000,0.0000,0.5000,"Accelerate",0.031880
1745,A0100,pursuit_chase_v1,UNKNOWN,16247.171863,24854.673707,7545.326293,10258.334071,24815.033730,15888.037861,503.564008,27113.944374,72.921903,4161.140224,116.167372,1.454615,False,False,False,False,True,True,True,1-circle,1.000000,3678.934038,-30132.254620,39.301670,7.069666,100.000000,100.000000,0.000000,0.000000,2,5,4,0.0000,0.0000,0.0000,0.5000,"PursuitChaseOptimal",-0.012250
1745,B0100,aggressive,UNKNOWN,16247.171863,24854.673707,7545.326293,10258.334071,24815.033730,15888.037861,503.564008,27113.944374,72.921903,4161.140224,116.167372,1.454615,False,False,False,False,True,True,True,1-circle,1.000000,3678.934038,-30132.254620,39.301670,7.069666,100.000000,100.000000,0.000000,0.000000,2,4,4,0.0000,0.0000,0.0000,0.5000,"Accelerate",0.022424
1746,A0100,pursuit_chase_v1,UNKNOWN,16224.467831,24893.842391,7506.157609,10163.093072,24856.761091,15900.163733,503.287136,27113.729082,-4.305849,4130.522795,116.458674,1.192589,False,False,False,False,True,True,True,1-circle,1.000000,3668.677038,-31326.727327,33.855791,5.941377,100.000000,100.000000,0.000000,0.000000,2,5,4,0.0000,0.0000,0.0000,0.5000,"PursuitChaseOptimal",-0.007966
1746,B0100,aggressive,UNKNOWN,16224.467831,24893.842391,7506.157609,10163.093072,24856.761091,15900.163733,503.287136,27113.729082,-4.305849,4130.522795,116.458674,1.192589,False,False,False,False,True,True,True,1-circle,1.000000,3668.677038,-31326.727327,33.855791,5.941377,100.000000,100.000000,0.000000,0.000000,2,4,4,0.0000,0.0000,0.0000,0.5000,"Accelerate",0.017263
1747,A0100,pursuit_chase_v1,UNKNOWN,16224.467831,24893.842391,7506.157609,10163.093072,24856.761091,15900.163733,503.287136,27113.729082,-4.305849,4130.522795,116.458674,1.192589,False,False,False,False,True,True,True,1-circle,1.000000,3668.677038,-31326.727327,33.855791,5.941377,100.000000,100.000000,0.000000,0.000000,2,5,4,0.0000,0.0000,0.0000,0.5000,"PursuitChaseOptimal",-0.004462
1747,B0100,aggressive,UNKNOWN,16224.467831,24893.842391,7506.157609,10163.093072,24856.761091,15900.163733,503.287136,27113.729082,-4.305849,4130.522795,116.458674,1.192589,False,False,False,False,True,True,True,1-circle,1.000000,3668.677038,-31326.727327,33.855791,5.941377,100.000000,100.000000,0.000000,0.000000,2,4,4,0.0000,0.0000,0.0000,0.5000,"Accelerate",0.012979
1748,A0100,pursuit_chase_v1,UNKNOWN,16202.011088,24949.473697,7450.526303,10031.547753,24921.638936,15912.057360,503.001975,27112.919171,-16.198211,4118.742002,115.919515,0.958981,False,False,False,False,True,True,True,1-circle,1.000000,3659.377514,32272.290411,28.335373,4.494453,100.000000,100.000000,0.000000,0.000000,2,5,4,0.0000,0.0000,0.0000,0.5000,"PursuitChaseOptimal",-0.000437
1748,B0100,aggressive,UNKNOWN,16202.011088,24949.473697,7450.526303,10031.547753,24921.638936,15912.057360,503.001975,27112.919171,-16.198211,4118.742002,115.919515,0.958981,False,False,False,False,True,True,True,1-circle,1.000000,3659.377514,32272.290411,28.335373,4.494453,100.000000,100.000000,0.000000,0.000000,2,4,4,0.0000,0.0000,0.0000,0.5000,"Accelerate",0.008446
1749,A0100,pursuit_chase_v1,UNKNOWN,16202.011088,24949.473697,7450.526303,10031.547753,24921.638936,15912.057360,503.001975,27112.919171,-16.198211,4118.742002,115.919515,0.958981,False,False,False,False,True,True,True,1-circle,1.000000,3659.377514,32272.290411,28.335373,4.494453,100.000000,100.000000,0.000000,0.000000,2,5,4,0.0000,0.0000,0.0000,0.5000,"PursuitChaseOptimal",0.002970
1749,B0100,aggressive,UNKNOWN,16202.011088,24949.473697,7450.526303,10031.547753,24921.638936,15912.057360,503.001975,27112.919171,-16.198211,4118.742002,115.919515,0.958981,False,False,False,False,True,True,True,1-circle,1.000000,3659.377514,32272.290411,28.335373,4.494453,100.000000,100.000000,0.000000,0.000000,2,4,4,0.0000,0.0000,0.0000,0.5000,"Accelerate",0.004739
1750,A0100,pursuit_chase_v1,UNKNOWN,16179.958056,25010.244510,7389.755490,9880.759770,24996.988232,15923.447272,502.582148,27105.619439,-145.994650,4113.448740,115.118668,0.751345,False,False,False,False,True,True,True,1-circle,1.000000,3651.286920,31092.568036,22.890431,3.493839,100.000000,100.000000,0.000000,0.000000,2,5,4,0.0000,0.0000,0.0000,0.5000,"PursuitChaseOptimal",0.006740
1750,B0100,aggressive,UNKNOWN,16179.958056,25010.244510,7389.755490,9880.759770,24996.988232,15923.447272,502.582148,27105.619439,-145.994650,4113.448740,115.118668,0.751345,False,False,False,False,True,True,True,1-circle,1.000000,3651.286920,31092.568036,22.890431,3.493839,100.000000,100.000000,0.000000,0.000000,2,4,4,0.0000,0.0000,0.0000,0.5000,"Accelerate",0.000822
1751,A0100,pursuit_chase_v1,UNKNOWN,16179.958056,25010.244510,7389.755490,9880.759770,24996.988232,15923.447272,502.582148,27105.619439,-145.994650,4113.448740,115.118668,0.751345,False,False,False,False,True,True,True,1-circle,1.000000,3651.286920,31092.568036,22.890431,3.493839,100.000000,100.000000,0.000000,0.000000,2,5,4,0.0000,0.0000,0.0000,0.5000,"PursuitChaseOptimal",0.010865
1751,B0100,aggressive,UNKNOWN,16179.958056,25010.244510,7389.755490,9880.759770,24996.988232,15923.447272,502.582148,27105.619439,-145.994650,4113.448740,115.118668,0.751345,False,False,False,False,True,True,True,1-circle,1.000000,3651.286920,31092.568036,22.890431,3.493839,100.000000,100.000000,0.000000,0.000000,2,4,4,0.0000,0.0000,0.0000,0.5000,"Accelerate",-0.003335
1752,A0100,pursuit_chase_v1,UNKNOWN,16158.327324,25069.508853,7330.491147,9719.946672,25074.018831,15934.166662,502.083561,27094.163253,-229.123708,4099.096714,114.604569,0.566019,False,False,False,False,True,True,True,1-circle,1.000000,3644.555517,29954.495532,17.631601,2.630716,100.000000,100.000000,0.000000,0.000000,2,5,4,0.0000,0.0000,0.0000,0.5000,"PursuitChaseOptimal",0.015158
1752,B0100,aggressive,UNKNOWN,16158.327324,25069.508853,7330.491147,9719.946672,25074.018831,15934.166662,502.083561,27094.163253,-229.123708,4099.096714,114.604569,0.566019,False,False,False,False,True,True,True,1-circle,1.000000,3644.555517,29954.495532,17.631601,2.630716,100.000000,100.000000,0.000000,0.000000,2,4,4,0.0000,0.0000,0.0000,0.5000,"Accelerate",-0.007577
1753,A0100,pursuit_chase_v1,UNKNOWN,16158.327324,25069.508853,7330.491147,9719.946672,25074.018831,15934.166662,502.083561,27094.163253,-229.123708,4099.096714,114.604569,0.566019,False,False,False,False,True,True,True,1-circle,1.000000,3644.555517,29954.495532,17.631601,2.630716,100.000000,100.000000,0.000000,0.000000,2,5,4,0.0000,0.0000,0.0000,0.5000,"PursuitChaseOptimal",0.019511
1753,B0100,aggressive,UNKNOWN,16158.327324,25069.508853,7330.491147,9719.946672,25074.018831,15934.166662,502.083561,27094.163253,-229.123708,4099.096714,114.604569,0.566019,False,False,False,False,True,True,True,1-circle,1.000000,3644.555517,29954.495532,17.631601,2.630716,100.000000,100.000000,0.000000,0.000000,2,4,4,0.0000,0.0000,0.0000,0.5000,"Accelerate",-0.011817
1754,A0100,pursuit_chase_v1,UNKNOWN,16137.094039,25124.608473,7275.391527,9552.649231,25149.252884,15944.123425,501.541704,27080.044922,-282.366624,4087.855383,114.255690,0.396711,False,False,False,False,True,True,True,1-circle,1.000000,3639.248285,28856.262314,12.547398,1.847326,100.000000,100.000000,0.000000,0.000000,2,4,4,0.0000,0.0000,0.0000,0.5000,"PursuitChaseOptimal",0.028354
1754,B0100,aggressive,UNKNOWN,16137.094039,25124.608473,7275.391527,9552.649231,25149.252884,15944.123425,501.541704,27080.044922,-282.366624,4087.855383,114.255690,0.396711,False,False,False,False,True,True,True,1-circle,1.000000,3639.248285,28856.262314,12.547398,1.847326,100.000000,100.000000,0.000000,0.000000,2,4,4,0.0000,0.0000,0.0000,0.5000,"Accelerate",-0.020174
1755,A0100,pursuit_chase_v1,UNKNOWN,16137.094039,25124.608473,7275.391527,9552.649231,25149.252884,15944.123425,501.541704,27080.044922,-282.366624,4087.855383,114.255690,0.396711,False,False,False,False,True,True,True,1-circle,1.000000,3639.248285,28856.262314,12.547398,1.847326,100.000000,100.000000,0.000000,0.000000,2,4,4,0.0000,0.0000,0.0000,0.5000,"PursuitChaseOptimal",0.024321
1755,B0100,aggressive,UNKNOWN,16137.094039,25124.608473,7275.391527,9552.649231,25149.252884,15944.123425,501.541704,27080.044922,-282.366624,4087.855383,114.255690,0.396711,False,False,False,False,True,True,True,1-circle,1.000000,3639.248285,28856.262314,12.547398,1.847326,100.000000,100.000000,0.000000,0.000000,2,4,4,0.0000,0.0000,0.0000,0.5000,"Accelerate",-0.016558
1756,A0100,pursuit_chase_v1,UNKNOWN,16116.228092,25174.472276,7225.527724,9381.174587,25221.138324,15953.263505,500.978925,27064.207839,-316.741651,4077.719063,114.121160,0.238363,False,False,False,False,True,True,True,1-circle,1.000000,3635.371943,27792.938862,7.609812,1.112182,100.000000,100.000000,0.000000,0.000000,2,4,4,0.0000,0.0000,0.0000,0.5000,"PursuitChaseOptimal",0.023021
1756,B0100,aggressive,UNKNOWN,16116.228092,25174.472276,7225.527724,9381.174587,25221.138324,15953.263505,500.978925,27064.207839,-316.741651,4077.719063,114.121160,0.238363,False,False,False,False,True,True,True,1-circle,1.000000,3635.371943,27792.938862,7.609812,1.112182,100.000000,100.000000,0.000000,0.000000,2,4,4,0.0000,0.0000,0.0000,0.5000,"Accelerate",-0.015434
1757,A0100,pursuit_chase_v1,UNKNOWN,16116.228092,25174.472276,7225.527724,9381.174587,25221.138324,15953.263505,500.978925,27064.207839,-316.741651,4077.719063,114.121160,0.238363,False,False,False,False,True,True,True,1-circle,1.000000,3635.371943,27792.938862,7.609812,1.112182,100.000000,100.000000,0.000000,0.000000,2,4,4,0.0000,0.0000,0.0000,0.5000,"PursuitChaseOptimal",0.006806
1757,B0100,aggressive,UNKNOWN,16116.228092,25174.472276,7225.527724,9381.174587,25221.138324,15953.263505,500.978925,27064.207839,-316.741651,4077.719063,114.121160,0.238363,False,False,False,False,True,True,True,1-circle,1.000000,3635.371943,27792.938862,7.609812,1.112182,100.000000,100.000000,0.000000,0.000000,2,4,4,0.0000,0.0000,0.0000,0.5000,"Accelerate",-0.000585
1758,A0100,pursuit_chase_v1,UNKNOWN,16095.692179,25218.111374,7181.888626,9231.479403,25288.309127,15961.555120,500.404601,27047.038805,-343.380681,4062.911208,114.021027,0.088473,False,False,False,False,True,True,True,1-circle,1.000000,3632.912529,26767.476521,2.836195,0.411850,100.000000,100.000000,0.000000,0.000000,2,4,4,0.0000,0.0000,0.0000,0.5000,"PursuitChaseOptimal",-0.006489
1758,B0100,aggressive,UNKNOWN,16095.692179,25218.111374,7181.888626,9231.479403,25288.309127,15961.555120,500.404601,27047.038805,-343.380681,4062.911208,114.021027,0.088473,False,False,False,False,True,True,True,1-circle,1.000000,3632.912529,26767.476521,2.836195,0.411850,100.000000,100.000000,0.000000,0.000000,2,4,4,0.0000,0.0000,0.0000,0.5000,"Accelerate",0.011321
1759,A0100,pursuit_chase_v1,UNKNOWN,16095.692179,25218.111374,7181.888626,9231.479403,25288.309127,15961.555120,500.404601,27047.038805,-343.380681,4062.911208,114.021027,0.088473,False,False,False,False,True,True,True,1-circle,1.000000,3632.912529,26767.476521,2.836195,0.411850,100.000000,100.000000,0.000000,0.000000,2,4,4,0.0000,0.0000,0.0000,0.5000,"PursuitChaseOptimal",-0.014923
1759,B0100,aggressive,UNKNOWN,16095.692179,25218.111374,7181.888626,9231.479403,25288.309127,15961.555120,500.404601,27047.038805,-343.380681,4062.911208,114.021027,0.088473,False,False,False,False,True,True,True,1-circle,1.000000,3632.912529,26767.476521,2.836195,0.411850,100.000000,100.000000,0.000000,0.000000,2,4,4,0.0000,0.0000,0.0000,0.5000,"Accelerate",0.019374
1760,A0100,pursuit_chase_v1,UNKNOWN,16075.523528,25255.785192,7144.214808,9145.007154,25351.640987,15968.973154,500.068333,27039.563129,-149.513528,4053.246653,113.212063,0.025706,False,False,False,False,True,True,True,1-circle,1.000000,3631.750520,26246.410639,0.824235,-0.067813,100.000000,100.000000,0.000000,0.000000,2,4,4,0.0000,0.0000,0.0000,0.5000,"PursuitChaseOptimal",-0.019165
1760,B0100,aggressive,UNKNOWN,16075.523528,25255.785192,7144.214808,9145.007154,25351.640987,15968.973154,500.068333,27039.563129,-149.513528,4053.246653,113.212063,0.025706,False,False,False,False,True,True,True,1-circle,1.000000,3631.750520,26246.410639,0.824235,-0.067813,100.000000,100.000000,0.000000,0.000000,2,4,4,0.0000,0.0000,0.0000,0.5000,"Accelerate",0.023053
1761,A0100,pursuit_chase_v1,UNKNOWN,16075.523528,25255.785192,7144.214808,9145.007154,25351.640987,15968.973154,500.068333,27039.563129,-149.513528,4053.246653,113.212063,0.025706,False,False,False,False,True,True,True,1-circle,1.000000,3631.750520,26246.410639,0.824235,-0.067813,100.000000,100.000000,0.000000,0.000000,2,4,4,0.0000,0.0000,0.0000,0.5000,"PursuitChaseOptimal",-0.020033
1761,B0100,aggressive,UNKNOWN,16075.523528,25255.785192,7144.214808,9145.007154,25351.640987,15968.973154,500.068333,27039.563129,-149.513528,4053.246653,113.212063,0.025706,False,False,False,False,True,True,True,1-circle,1.000000,3631.750520,26246.410639,0.824235,-0.067813,100.000000,100.000000,0.000000,0.000000,2,4,4,0.0000,0.0000,0.0000,0.5000,"Accelerate",0.024124
1762,A0100,pursuit_chase_v1,UNKNOWN,16055.799159,25292.111868,7107.888132,9112.499575,25412.083259,15975.514776,499.999954,27043.077386,70.285143,4056.209596,111.455716,0.129822,False,False,False,False,True,True,True,1-circle,1.000000,3631.599431,26692.713827,4.155464,0.494352,100.000000,100.000000,0.000000,0.000000,2,4,4,0.0000,0.0000,0.0000,0.5000,"PursuitChaseOptimal",-0.018857
1762,B0100,aggressive,UNKNOWN,16055.799159,25292.111868,7107.888132,9112.499575,25412.083259,15975.514776,499.999954,27043.077386,70.285143,4056.209596,111.455716,0.129822,False,False,False,False,True,True,True,1-circle,1.000000,3631.599431,26692.713827,4.155464,0.494352,100.000000,100.000000,0.000000,0.000000,2,4,4,0.0000,0.0000,0.0000,0.5000,"Accelerate",0.023318
1763,A0100,pursuit_chase_v1,UNKNOWN,16055.799159,25292.111868,7107.888132,9112.499575,25412.083259,15975.514776,499.999954,27043.077386,70.285143,4056.209596,111.455716,0.129822,False,False,False,False,True,True,True,1-circle,1.000000,3631.599431,26692.713827,4.155464,0.494352,100.000000,100.000000,0.000000,0.000000,2,4,4,0.0000,0.0000,0.0000,0.5000,"PursuitChaseOptimal",-0.017358
1763,B0100,aggressive,UNKNOWN,16055.799159,25292.111868,7107.888132,9112.499575,25412.083259,15975.514776,499.999954,27043.077386,70.285143,4056.209596,111.455716,0.129822,False,False,False,False,True,True,True,1-circle,1.000000,3631.599431,26692.713827,4.155464,0.494352,100.000000,100.000000,0.000000,0.000000,2,4,4,0.0000,0.0000,0.0000,0.5000,"Accelerate",0.022431
1764,A0100,pursuit_chase_v1,UNKNOWN,16036.556397,25342.092994,7057.907006,9108.148755,25474.090213,15981.498876,499.773743,27039.049319,-80.561335,4047.019782,108.788453,0.096729,False,False,False,False,True,True,True,1-circle,1.000000,3631.879800,26353.065009,3.097549,1.343367,100.000000,100.000000,0.000000,0.000000,2,4,4,0.0000,0.0000,0.0000,0.5000,"PursuitChaseOptimal",-0.015961
1764,B0100,aggressive,UNKNOWN,16036.556397,25342.092994,7057.907006,9108.148755,25474.090213,15981.498876,499.773743,27039.049319,-80.561335,4047.019782,108.788453,0.096729,False,False,False,False,True,True,True,1-circle,1.000000,3631.879800,26353.065009,3.097549,1.343367,100.000000,100.000000,0.000000,0.000000,2,4,4,0.0000,0.0000,0.0000,0.5000,"Accelerate",0.021233
1765,A0100,pursuit_chase_v1,UNKNOWN,16036.556397,25342.092994,7057.907006,9108.148755,25474.090213,15981.498876,499.773743,27039.049319,-80.561335,4047.019782,108.788453,0.096729,False,False,False,False,True,True,True,1-circle,1.000000,3631.879800,26353.065009,3.097549,1.343367,100.000000,100.000000,0.000000,0.000000,2,4,4,0.0000,0.0000,0.0000,0.5000,"PursuitChaseOptimal",-0.015328
1765,B0100,aggressive,UNKNOWN,16036.556397,25342.092994,7057.907006,9108.148755,25474.090213,15981.498876,499.773743,27039.049319,-80.561335,4047.019782,108.788453,0.096729,False,False,False,False,True,True,True,1-circle,1.000000,3631.879800,26353.065009,3.097549,1.343367,100.000000,100.000000,0.000000,0.000000,2,4,4,0.0000,0.0000,0.0000,0.5000,"Accelerate",0.020360
1766,A0100,pursuit_chase_v1,UNKNOWN,16017.807160,25394.046178,7005.953822,9120.779919,25533.698862,15987.270738,499.690277,27041.128119,41.575985,4052.556789,105.481575,0.008432,False,False,False,False,True,True,True,1-circle,1.000000,3632.053890,25697.862121,0.270267,1.961009,100.000000,100.000000,0.000000,0.000000,2,4,4,0.0000,0.0000,0.0000,0.5000,"PursuitChaseOptimal",-0.017743
1766,B0100,aggressive,UNKNOWN,16017.807160,25394.046178,7005.953822,9120.779919,25533.698862,15987.270738,499.690277,27041.128119,41.575985,4052.556789,105.481575,0.008432,False,False,False,False,True,True,True,1-circle,1.000000,3632.053890,25697.862121,0.270267,1.961009,100.000000,100.000000,0.000000,0.000000,2,4,4,0.0000,0.0000,0.0000,0.5000,"Accelerate",0.022581
1767,A0100,pursuit_chase_v1,UNKNOWN,16017.807160,25394.046178,7005.953822,9120.779919,25533.698862,15987.270738,499.690277,27041.128119,41.575985,4052.556789,105.481575,0.008432,False,False,False,False,True,True,True,1-circle,1.000000,3632.053890,25697.862121,0.270267,1.961009,100.000000,100.000000,0.000000,0.000000,2,4,4,0.0000,0.0000,0.0000,0.5000,"PursuitChaseOptimal",-0.022650
1767,B0100,aggressive,UNKNOWN,16017.807160,25394.046178,7005.953822,9120.779919,25533.698862,15987.270738,499.690277,27041.128119,41.575985,4052.556789,105.481575,0.008432,False,False,False,False,True,True,True,1-circle,1.000000,3632.053890,25697.862121,0.270267,1.961009,100.000000,100.000000,0.000000,0.000000,2,4,4,0.0000,0.0000,0.0000,0.5000,"Accelerate",0.026622
1768,A0100,pursuit_chase_v1,UNKNOWN,15999.601333,25440.594679,6959.405321,9132.417987,25591.236833,15992.834531,499.885036,27055.310270,283.643027,4080.129304,102.098340,0.072665,False,False,False,False,True,True,True,1-circle,1.000000,3632.056578,25924.728291,2.328732,2.007350,100.000000,100.000000,0.000000,0.000000,2,5,4,0.0000,0.0000,0.0000,0.5000,"PursuitChaseOptimal",-0.040582
1768,B0100,aggressive,UNKNOWN,15999.601333,25440.594679,6959.405321,9132.417987,25591.236833,15992.834531,499.885036,27055.310270,283.643027,4080.129304,102.098340,0.072665,False,False,False,False,True,True,True,1-circle,1.000000,3632.056578,25924.728291,2.328732,2.007350,100.000000,100.000000,0.000000,0.000000,2,4,4,0.0000,0.0000,0.0000,0.5000,"Accelerate",0.037164
1769,A0100,pursuit_chase_v1,UNKNOWN,15999.601333,25440.594679,6959.405321,9132.417987,25591.236833,15992.834531,499.885036,27055.310270,283.643027,4080.129304,102.098340,0.072665,False,False,False,False,True,True,True,1-circle,1.000000,3632.056578,25924.728291,2.328732,2.007350,100.000000,100.000000,0.000000,0.000000,2,5,4,0.0000,0.0000,0.0000,0.5000,"PursuitChaseOptimal",-0.030124
1769,B0100,aggressive,UNKNOWN,15999.601333,25440.594679,6959.405321,9132.417987,25591.236833,15992.834531,499.885036,27055.310270,283.643027,4080.129304,102.098340,0.072665,False,False,False,False,True,True,True,1-circle,1.000000,3632.056578,25924.728291,2.328732,2.007350,100.000000,100.000000,0.000000,0.000000,2,4,4,0.0000,0.0000,0.0000,0.5000,"Accelerate",0.024732
1770,A0100,pursuit_chase_v1,UNKNOWN,15981.956760,25485.794627,6914.205373,9140.142162,25647.328399,15998.098404,500.112590,27070.647985,306.754308,4096.661447,99.122638,0.189769,False,False,False,False,True,True,True,1-circle,1.000000,3632.092468,26456.535031,6.065220,1.910453,100.000000,100.000000,0.000000,0.000000,2,5,4,0.0000,0.0000,0.0000,0.5000,"PursuitChaseOptimal",-0.027028
1770,B0100,aggressive,UNKNOWN,15981.956760,25485.794627,6914.205373,9140.142162,25647.328399,15998.098404,500.112590,27070.647985,306.754308,4096.661447,99.122638,0.189769,False,False,False,False,True,True,True,1-circle,1.000000,3632.092468,26456.535031,6.065220,1.910453,100.000000,100.000000,0.000000,0.000000,2,4,4,0.0000,0.0000,0.0000,0.5000,"Accelerate",0.021939
1771,A0100,pursuit_chase_v1,UNKNOWN,15981.956760,25485.794627,6914.205373,9140.142162,25647.328399,15998.098404,500.112590,27070.647985,306.754308,4096.661447,99.122638,0.189769,False,False,False,False,True,True,True,1-circle,1.000000,3632.092468,26456.535031,6.065220,1.910453,100.000000,100.000000,0.000000,0.000000,2,5,4,0.0000,0.0000,0.0000,0.5000,"PursuitChaseOptimal",-0.027642
1771,B0100,aggressive,UNKNOWN,15981.956760,25485.794627,6914.205373,9140.142162,25647.328399,15998.098404,500.112590,27070.647985,306.754308,4096.661447,99.122638,0.189769,False,False,False,False,True,True,True,1-circle,1.000000,3632.092468,26456.535031,6.065220,1.910453,100.000000,100.000000,0.000000,0.000000,2,4,4,0.0000,0.0000,0.0000,0.5000,"Accelerate",0.022438
1772,A0100,pursuit_chase_v1,UNKNOWN,15964.796808,25533.651888,6866.348112,9148.082320,25705.709429,16003.128469,499.905903,27066.527787,-82.403967,4083.851556,96.327078,0.098984,False,False,False,False,True,True,True,1-circle,1.000000,3632.085320,25797.757806,3.171245,1.117116,100.000000,100.000000,0.000000,0.000000,2,5,4,0.0000,0.0000,0.0000,0.5000,"PursuitChaseOptimal",-0.025833
1772,B0100,aggressive,UNKNOWN,15964.796808,25533.651888,6866.348112,9148.082320,25705.709429,16003.128469,499.905903,27066.527787,-82.403967,4083.851556,96.327078,0.098984,False,False,False,False,True,True,True,1-circle,1.000000,3632.085320,25797.757806,3.171245,1.117116,100.000000,100.000000,0.000000,0.000000,2,4,4,0.0000,0.0000,0.0000,0.5000,"Accelerate",0.020251
1773,A0100,pursuit_chase_v1,UNKNOWN,15964.796808,25533.651888,6866.348112,9148.082320,25705.709429,16003.128469,499.905903,27066.527787,-82.403967,4083.851556,96.327078,0.098984,False,False,False,False,True,True,True,1-circle,1.000000,3632.085320,25797.757806,3.171245,1.117116,100.000000,100.000000,0.000000,0.000000,2,5,4,0.0000,0.0000,0.0000,0.5000,"PursuitChaseOptimal",-0.022577
1773,B0100,aggressive,UNKNOWN,15964.796808,25533.651888,6866.348112,9148.082320,25705.709429,16003.128469,499.905903,27066.527787,-82.403967,4083.851556,96.327078,0.098984,False,False,False,False,True,True,True,1-circle,1.000000,3632.085320,25797.757806,3.171245,1.117116,100.000000,100.000000,0.000000,0.000000,2,4,4,0.0000,0.0000,0.0000,0.5000,"Accelerate",0.017144
1774,A0100,pursuit_chase_v1,UNKNOWN,15948.126187,25573.779954,6826.220046,9170.330823,25764.803004,16007.800595,499.769803,27065.176714,-27.021467,4074.228305,93.377863,0.013908,False,False,False,False,True,True,True,1-circle,1.000000,3632.027083,25172.080809,0.445939,-0.366154,100.000000,100.000000,0.000000,0.000000,2,5,4,0.0000,0.0000,0.0000,0.5000,"PursuitChaseOptimal",-0.022549
1774,B0100,aggressive,UNKNOWN,15948.126187,25573.779954,6826.220046,9170.330823,25764.803004,16007.800595,499.769803,27065.176714,-27.021467,4074.228305,93.377863,0.013908,False,False,False,False,True,True,True,1-circle,1.000000,3632.027083,25172.080809,0.445939,-0.366154,100.000000,100.000000,0.000000,0.000000,2,4,4,0.0000,0.0000,0.0000,0.5000,"Accelerate",0.016988
1775,A0100,pursuit_chase_v1,UNKNOWN,15948.126187,25573.779954,6826.220046,9170.330823,25764.803004,16007.800595,499.769803,27065.176714,-27.021467,4074.228305,93.377863,0.013908,False,False,False,False,True,True,True,1-circle,1.000000,3632.027083,25172.080809,0.445939,-0.366154,100.000000,100.000000,0.000000,0.000000,2,5,4,0.0000,0.0000,0.0000,0.5000,"PursuitChaseOptimal",-0.025900
1775,B0100,aggressive,UNKNOWN,15948.126187,25573.779954,6826.220046,9170.330823,25764.803004,16007.800595,499.769803,27065.176714,-27.021467,4074.228305,93.377863,0.013908,False,False,False,False,True,True,True,1-circle,1.000000,3632.027083,25172.080809,0.445939,-0.366154,100.000000,100.000000,0.000000,0.000000,2,4,4,0.0000,0.0000,0.0000,0.5000,"Accelerate",0.020349
1776,A0100,pursuit_chase_v1,UNKNOWN,15931.977848,25606.068573,6793.931427,9210.913135,25820.695564,16011.841543,499.781010,27069.713562,90.736971,4071.468014,90.181571,0.091678,False,False,False,False,True,True,True,1-circle,1.000000,3632.000153,25487.885586,2.937244,-0.526373,100.000000,100.000000,0.000000,0.000000,2,5,4,0.0000,0.0000,0.0000,0.5000,"PursuitChaseOptimal",-0.031035
1776,B0100,aggressive,UNKNOWN,15931.977848,25606.068573,6793.931427,9210.913135,25820.695564,16011.841543,499.781010,27069.713562,90.736971,4071.468014,90.181571,0.091678,False,False,False,False,True,True,True,1-circle,1.000000,3632.000153,25487.885586,2.937244,-0.526373,100.000000,100.000000,0.000000,0.000000,2,4,4,0.0000,0.0000,0.0000,0.5000,"Accelerate",0.025549
1777,A0100,pursuit_chase_v1,UNKNOWN,15931.977848,25606.068573,6793.931427,9210.913135,25820.695564,16011.841543,499.781010,27069.713562,90.736971,4071.468014,90.181571,0.091678,False,False,False,False,True,True,True,1-circle,1.000000,3632.000153,25487.885586,2.937244,-0.526373,100.000000,100.000000,0.000000,0.000000,2,5,4,0.0000,0.0000,0.0000,0.5000,"PursuitChaseOptimal",-0.034648
1777,B0100,aggressive,UNKNOWN,15931.977848,25606.068573,6793.931427,9210.913135,25820.695564,16011.841543,499.781010,27069.713562,90.736971,4071.468014,90.181571,0.091678,False,False,False,False,True,True,True,1-circle,1.000000,3632.000153,25487.885586,2.937244,-0.526373,100.000000,100.000000,0.000000,0.000000,2,4,4,0.0000,0.0000,0.0000,0.5000,"Accelerate",0.029535
1778,A0100,pursuit_chase_v1,UNKNOWN,15916.400766,25653.089825,6746.910175,9238.984383,25880.237575,16015.405307,499.733212,27071.162307,28.974897,4072.062129,86.556025,0.035610,False,False,False,False,True,True,True,1-circle,1.000000,3631.809116,25034.178100,1.141690,0.358855,100.000000,100.000000,0.000000,0.000000,2,5,4,0.0000,0.0000,0.0000,0.5000,"PursuitChaseOptimal",-0.034813
1778,B0100,aggressive,UNKNOWN,15916.400766,25653.089825,6746.910175,9238.984383,25880.237575,16015.405307,499.733212,27071.162307,28.974897,4072.062129,86.556025,0.035610,False,False,False,False,True,True,True,1-circle,1.000000,3631.809116,25034.178100,1.141690,0.358855,100.000000,100.000000,0.000000,0.000000,2,4,4,0.0000,0.0000,0.0000,0.5000,"Accelerate",0.029667
1779,A0100,pursuit_chase_v1,UNKNOWN,15916.400766,25653.089825,6746.910175,9238.984383,25880.237575,16015.405307,499.733212,27071.162307,28.974897,4072.062129,86.556025,0.035610,False,False,False,False,True,True,True,1-circle,1.000000,3631.809116,25034.178100,1.141690,0.358855,100.000000,100.000000,0.000000,0.000000,2,5,4,0.0000,0.0000,0.0000,0.5000,"PursuitChaseOptimal",-0.030844
1779,B0100,aggressive,UNKNOWN,15916.400766,25653.089825,6746.910175,9238.984383,25880.237575,16015.405307,499.733212,27071.162307,28.974897,4072.062129,86.556025,0.035610,False,False,False,False,True,True,True,1-circle,1.000000,3631.809116,25034.178100,1.141690,0.358855,100.000000,100.000000,0.000000,0.000000,2,4,4,0.0000,0.0000,0.0000,0.5000,"Accelerate",0.026077
1780,A0100,pursuit_chase_v1,UNKNOWN,15901.333862,25698.729963,6701.270037,9225.226665,25937.171616,16018.753268,499.829127,27078.754612,151.846090,4071.152918,84.131050,0.006189,False,False,False,False,True,True,True,1-circle,1.000000,3631.472949,24664.988676,-0.198503,0.718572,100.000000,100.000000,0.000000,0.000000,2,5,4,0.0000,0.0000,0.0000,0.5000,"PursuitChaseOptimal",-0.023069
1780,B0100,aggressive,UNKNOWN,15901.333862,25698.729963,6701.270037,9225.226665,25937.171616,16018.753268,499.829127,27078.754612,151.846090,4071.152918,84.131050,0.006189,False,False,False,False,True,True,True,1-circle,1.000000,3631.472949,24664.988676,-0.198503,0.718572,100.000000,100.000000,0.000000,0.000000,2,4,4,0.0000,0.0000,0.0000,0.5000,"Accelerate",0.018508
1781,A0100,pursuit_chase_v1,UNKNOWN,15901.333862,25698.729963,6701.270037,9225.226665,25937.171616,16018.753268,499.829127,27078.754612,151.846090,4071.152918,84.131050,0.006189,False,False,False,False,True,True,True,1-circle,1.000000,3631.472949,24664.988676,-0.198503,0.718572,100.000000,100.000000,0.000000,0.000000,2,5,4,0.0000,0.0000,0.0000,0.5000,"PursuitChaseOptimal",-0.013971
1781,B0100,aggressive,UNKNOWN,15901.333862,25698.729963,6701.270037,9225.226665,25937.171616,16018.753268,499.829127,27078.754612,151.846090,4071.152918,84.131050,0.006189,False,False,False,False,True,True,True,1-circle,1.000000,3631.472949,24664.988676,-0.198503,0.718572,100.000000,100.000000,0.000000,0.000000,2,4,4,0.0000,0.0000,0.0000,0.5000,"Accelerate",0.010115
1782,A0100,pursuit_chase_v1,UNKNOWN,15886.629242,25740.591031,6659.408969,9155.600318,25992.362428,16021.812466,500.169480,27096.881292,362.533617,4072.737780,83.214221,0.071434,False,False,False,False,True,True,True,1-circle,1.000000,3631.524331,24989.167184,2.291395,0.633841,100.000000,100.000000,0.000000,0.000000,2,5,4,0.0000,0.0000,0.0000,0.5000,"PursuitChaseOptimal",-0.005537
1782,B0100,aggressive,UNKNOWN,15886.629242,25740.591031,6659.408969,9155.600318,25992.362428,16021.812466,500.169480,27096.881292,362.533617,4072.737780,83.214221,0.071434,False,False,False,False,True,True,True,1-circle,1.000000,3631.524331,24989.167184,2.291395,0.633841,100.000000,100.000000,0.000000,0.000000,2,4,4,0.0000,0.0000,0.0000,0.5000,"Accelerate",0.002191
1783,A0100,pursuit_chase_v1,UNKNOWN,15886.629242,25740.591031,6659.408969,9155.600318,25992.362428,16021.812466,500.169480,27096.881292,362.533617,4072.737780,83.214221,0.071434,False,False,False,False,True,True,True,1-circle,1.000000,3631.524331,24989.167184,2.291395,0.633841,100.000000,100.000000,0.000000,0.000000,2,5,4,0.0000,0.0000,0.0000,0.5000,"PursuitChaseOptimal",0.002175
1783,B0100,aggressive,UNKNOWN,15886.629242,25740.591031,6659.408969,9155.600318,25992.362428,16021.812466,500.169480,27096.881292,362.533617,4072.737780,83.214221,0.071434,False,False,False,False,True,True,True,1-circle,1.000000,3631.524331,24989.167184,2.291395,0.633841,100.000000,100.000000,0.000000,0.000000,2,4,4,0.0000,0.0000,0.0000,0.5000,"Accelerate",-0.004786
1784,A0100,pursuit_chase_v1,UNKNOWN,15872.174907,25792.494018,6607.505982,9046.577127,26049.835844,16024.692154,500.259534,27103.749421,137.362567,4071.876769,82.707855,0.010958,False,False,False,False,True,True,True,1-circle,1.000000,3632.175705,24520.901545,0.351738,0.697542,100.000000,100.000000,0.000000,0.000000,2,5,4,0.0000,0.0000,0.0000,0.5000,"PursuitChaseOptimal",0.008498
1784,B0100,aggressive,UNKNOWN,15872.174907,25792.494018,6607.505982,9046.577127,26049.835844,16024.692154,500.259534,27103.749421,137.362567,4071.876769,82.707855,0.010958,False,False,False,False,True,True,True,1-circle,1.000000,3632.175705,24520.901545,0.351738,0.697542,100.000000,100.000000,0.000000,0.000000,2,4,4,0.0000,0.0000,0.0000,0.5000,"Accelerate",-0.011070
1785,A0100,pursuit_chase_v1,UNKNOWN,15872.174907,25792.494018,6607.505982,9046.577127,26049.835844,16024.692154,500.259534,27103.749421,137.362567,4071.876769,82.707855,0.010958,False,False,False,False,True,True,True,1-circle,1.000000,3632.175705,24520.901545,0.351738,0.697542,100.000000,100.000000,0.000000,0.000000,2,5,4,0.0000,0.0000,0.0000,0.5000,"PursuitChaseOptimal",0.014566
1785,B0100,aggressive,UNKNOWN,15872.174907,25792.494018,6607.505982,9046.577127,26049.835844,16024.692154,500.259534,27103.749421,137.362567,4071.876769,82.707855,0.010958,False,False,False,False,True,True,True,1-circle,1.000000,3632.175705,24520.901545,0.351738,0.697542,100.000000,100.000000,0.000000,0.000000,2,4,4,0.0000,0.0000,0.0000,0.5000,"Accelerate",-0.016771
1786,A0100,pursuit_chase_v1,UNKNOWN,15857.931845,25840.019799,6559.980201,8921.386178,26105.277370,16027.529785,500.450635,27115.053137,226.074332,4093.799057,82.264975,0.034115,False,False,False,False,True,True,True,1-circle,1.000000,3633.389065,24146.379898,-1.095416,0.846563,100.000000,100.000000,0.000000,0.000000,2,5,4,0.0000,0.0000,0.0000,0.5000,"PursuitChaseOptimal",0.020725
1786,B0100,aggressive,UNKNOWN,15857.931845,25840.019799,6559.980201,8921.386178,26105.277370,16027.529785,500.450635,27115.053137,226.074332,4093.799057,82.264975,0.034115,False,False,False,False,True,True,True,1-circle,1.000000,3633.389065,24146.379898,-1.095416,0.846563,100.000000,100.000000,0.000000,0.000000,2,4,4,0.0000,0.0000,0.0000,0.5000,"Accelerate",-0.022853
1787,A0100,pursuit_chase_v1,UNKNOWN,15857.931845,25840.019799,6559.980201,8921.386178,26105.277370,16027.529785,500.450635,27115.053137,226.074332,4093.799057,82.264975,0.034115,False,False,False,False,True,True,True,1-circle,1.000000,3633.389065,24146.379898,-1.095416,0.846563,100.000000,100.000000,0.000000,0.000000,2,5,4,0.0000,0.0000,0.0000,0.5000,"PursuitChaseOptimal",0.025892
1787,B0100,aggressive,UNKNOWN,15857.931845,25840.019799,6559.980201,8921.386178,26105.277370,16027.529785,500.450635,27115.053137,226.074332,4093.799057,82.264975,0.034115,False,False,False,False,True,True,True,1-circle,1.000000,3633.389065,24146.379898,-1.095416,0.846563,100.000000,100.000000,0.000000,0.000000,2,4,4,0.0000,0.0000,0.0000,0.5000,"Accelerate",-0.027509
1788,A0100,pursuit_chase_v1,UNKNOWN,15843.931094,25881.003806,6518.996194,8785.340797,26157.962783,16030.172981,500.848166,27135.318000,405.297259,4138.643038,81.851423,0.039593,False,False,False,False,True,True,True,1-circle,1.000000,3635.322751,24463.810132,1.272210,0.674836,100.000000,100.000000,0.000000,0.000000,2,5,4,0.0000,0.0000,0.0000,0.5000,"PursuitChaseOptimal",0.031464
1788,B0100,aggressive,UNKNOWN,15843.931094,25881.003806,6518.996194,8785.340797,26157.962783,16030.172981,500.848166,27135.318000,405.297259,4138.643038,81.851423,0.039593,False,False,False,False,True,True,True,1-circle,1.000000,3635.322751,24463.810132,1.272210,0.674836,100.000000,100.000000,0.000000,0.000000,2,4,4,0.0000,0.0000,0.0000,0.5000,"Accelerate",-0.032742
1789,A0100,pursuit_chase_v1,UNKNOWN,15843.931094,25881.003806,6518.996194,8785.340797,26157.962783,16030.172981,500.848166,27135.318000,405.297259,4138.643038,81.851423,0.039593,False,False,False,False,True,True,True,1-circle,1.000000,3635.322751,24463.810132,1.272210,0.674836,100.000000,100.000000,0.000000,0.000000,2,5,4,0.0000,0.0000,0.0000,0.5000,"PursuitChaseOptimal",0.037213
1789,B0100,aggressive,UNKNOWN,15843.931094,25881.003806,6518.996194,8785.340797,26157.962783,16030.172981,500.848166,27135.318000,405.297259,4138.643038,81.851423,0.039593,False,False,False,False,True,True,True,1-circle,1.000000,3635.322751,24463.810132,1.272210,0.674836,100.000000,100.000000,0.000000,0.000000,2,4,4,0.0000,0.0000,0.0000,0.5000,"Accelerate",-0.038250
1790,A0100,pursuit_chase_v1,UNKNOWN,15830.156150,25929.940431,6470.059569,8634.050025,26214.889487,16032.667498,501.063328,27147.355996,240.759904,4175.557584,81.335397,0.016378,False,False,False,False,True,True,True,1-circle,1.000000,3637.904749,24036.477613,-0.526579,0.515539,100.000000,100.000000,0.000000,0.000000,2,5,4,0.0000,0.0000,0.0000,0.5000,"PursuitChaseOptimal",0.042889
1790,B0100,aggressive,UNKNOWN,15830.156150,25929.940431,6470.059569,8634.050025,26214.889487,16032.667498,501.063328,27147.355996,240.759904,4175.557584,81.335397,0.016378,False,False,False,False,True,True,True,1-circle,1.000000,3637.904749,24036.477613,-0.526579,0.515539,100.000000,100.000000,0.000000,0.000000,2,4,4,0.0000,0.0000,0.0000,0.5000,"Accelerate",-0.043370
1791,A0100,pursuit_chase_v1,UNKNOWN,15830.156150,25929.940431,6470.059569,8634.050025,26214.889487,16032.667498,501.063328,27147.355996,240.759904,4175.557584,81.335397,0.016378,False,False,False,False,True,True,True,1-circle,1.000000,3637.904749,24036.477613,-0.526579,0.515539,100.000000,100.000000,0.000000,0.000000,2,5,4,0.0000,0.0000,0.0000,0.5000,"PursuitChaseOptimal",0.048475
1791,B0100,aggressive,UNKNOWN,15830.156150,25929.940431,6470.059569,8634.050025,26214.889487,16032.667498,501.063328,27147.355996,240.759904,4175.557584,81.335397,0.016378,False,False,False,False,True,True,True,1-circle,1.000000,3637.904749,24036.477613,-0.526579,0.515539,100.000000,100.000000,0.000000,0.000000,2,4,4,0.0000,0.0000,0.0000,0.5000,"Accelerate",-0.048778
1792,A0100,pursuit_chase_v1,UNKNOWN,15816.599796,25966.486809,6433.513191,8481.639215,26265.068930,16034.989182,501.455627,27167.088605,394.652189,4228.137382,81.011880,0.025284,False,False,False,False,True,True,True,1-circle,1.000000,3641.108850,24179.236927,0.813465,0.375858,100.000000,100.000000,0.000000,0.000000,2,5,4,0.0000,0.0000,0.0000,0.5000,"PursuitChaseOptimal",0.054079
1792,B0100,aggressive,UNKNOWN,15816.599796,25966.486809,6433.513191,8481.639215,26265.068930,16034.989182,501.455627,27167.088605,394.652189,4228.137382,81.011880,0.025284,False,False,False,False,True,True,True,1-circle,1.000000,3641.108850,24179.236927,0.813465,0.375858,100.000000,100.000000,0.000000,0.000000,2,4,4,0.0000,0.0000,0.0000,0.5000,"Accelerate",-0.053649
1793,A0100,pursuit_chase_v1,UNKNOWN,15816.599796,25966.486809,6433.513191,8481.639215,26265.068930,16034.989182,501.455627,27167.088605,394.652189,4228.137382,81.011880,0.025284,False,False,False,False,True,True,True,1-circle,1.000000,3641.108850,24179.236927,0.813465,0.375858,100.000000,100.000000,0.000000,0.000000,2,5,4,0.0000,0.0000,0.0000,0.5000,"PursuitChaseOptimal",0.059789
1793,B0100,aggressive,UNKNOWN,15816.599796,25966.486809,6433.513191,8481.639215,26265.068930,16034.989182,501.455627,27167.088605,394.652189,4228.137382,81.011880,0.025284,False,False,False,False,True,True,True,1-circle,1.000000,3641.108850,24179.236927,0.813465,0.375858,100.000000,100.000000,0.000000,0.000000,2,4,4,0.0000,0.0000,0.0000,0.5000,"Accelerate",-0.058750
1794,A0100,pursuit_chase_v1,UNKNOWN,15803.256054,26007.099753,6392.900247,8321.180942,26315.995009,16037.065677,501.724495,27181.105796,280.343828,4275.947828,80.562337,0.044750,False,False,False,False,True,True,True,1-circle,1.000000,3644.937229,24198.595737,1.440317,0.256941,100.000000,100.000000,0.000000,0.000000,2,4,4,0.0000,0.0000,0.0000,0.5000,"PursuitChaseOptimal",0.070686
1794,B0100,aggressive,UNKNOWN,15803.256054,26007.099753,6392.900247,8321.180942,26315.995009,16037.065677,501.724495,27181.105796,280.343828,4275.947828,80.562337,0.044750,False,False,False,False,True,True,True,1-circle,1.000000,3644.937229,24198.595737,1.440317,0.256941,100.000000,100.000000,0.000000,0.000000,2,4,4,0.0000,0.0000,0.0000,0.5000,"Accelerate",-0.068719
1795,A0100,pursuit_chase_v1,UNKNOWN,15803.256054,26007.099753,6392.900247,8321.180942,26315.995009,16037.065677,501.724495,27181.105796,280.343828,4275.947828,80.562337,0.044750,False,False,False,False,True,True,True,1-circle,1.000000,3644.937229,24198.595737,1.440317,0.256941,100.000000,100.000000,0.000000,0.000000,2,4,4,0.0000,0.0000,0.0000,0.5000,"PursuitChaseOptimal",0.068934
1795,B0100,aggressive,UNKNOWN,15803.256054,26007.099753,6392.900247,8321.180942,26315.995009,16037.065677,501.724495,27181.105796,280.343828,4275.947828,80.562337,0.044750,False,False,False,False,True,True,True,1-circle,1.000000,3644.937229,24198.595737,1.440317,0.256941,100.000000,100.000000,0.000000,0.000000,2,4,4,0.0000,0.0000,0.0000,0.5000,"Accelerate",-0.066690
1796,A0100,pursuit_chase_v1,UNKNOWN,15790.099872,26049.331036,6350.668964,8153.165038,26366.679087,16039.055609,501.962527,27193.672348,251.331033,4321.737013,80.029307,0.005211,False,False,False,False,True,True,True,1-circle,1.000000,3649.143736,23880.660269,0.167818,0.488244,100.000000,100.000000,0.000000,0.000000,2,4,4,0.0000,0.0000,0.0000,0.5000,"PursuitChaseOptimal",0.067352
1796,B0100,aggressive,UNKNOWN,15790.099872,26049.331036,6350.668964,8153.165038,26366.679087,16039.055609,501.962527,27193.672348,251.331033,4321.737013,80.029307,0.005211,False,False,False,False,True,True,True,1-circle,1.000000,3649.143736,23880.660269,0.167818,0.488244,100.000000,100.000000,0.000000,0.000000,2,4,4,0.0000,0.0000,0.0000,0.5000,"Accelerate",-0.064921
1797,A0100,pursuit_chase_v1,UNKNOWN,15790.099872,26049.331036,6350.668964,8153.165038,26366.679087,16039.055609,501.962527,27193.672348,251.331033,4321.737013,80.029307,0.005211,False,False,False,False,True,True,True,1-circle,1.000000,3649.143736,23880.660269,0.167818,0.488244,100.000000,100.000000,0.000000,0.000000,2,4,4,0.0000,0.0000,0.0000,0.5000,"PursuitChaseOptimal",0.053154
1797,B0100,aggressive,UNKNOWN,15790.099872,26049.331036,6350.668964,8153.165038,26366.679087,16039.055609,501.962527,27193.672348,251.331033,4321.737013,80.029307,0.005211,False,False,False,False,True,True,True,1-circle,1.000000,3649.143736,23880.660269,0.167818,0.488244,100.000000,100.000000,0.000000,0.000000,2,4,4,0.0000,0.0000,0.0000,0.5000,"Accelerate",-0.051626
1798,A0100,pursuit_chase_v1,UNKNOWN,15777.119801,26089.059292,6310.940708,7998.251414,26414.892773,16040.896758,502.240164,27207.856201,283.677049,4366.115373,79.397822,0.015339,False,False,False,False,True,True,True,1-circle,1.000000,3653.736640,23854.899673,0.494295,0.380421,100.000000,100.000000,0.000000,0.000000,2,4,4,0.0000,0.0000,0.0000,0.5000,"PursuitChaseOptimal",0.037673
1798,B0100,aggressive,UNKNOWN,15777.119801,26089.059292,6310.940708,7998.251414,26414.892773,16040.896758,502.240164,27207.856201,283.677049,4366.115373,79.397822,0.015339,False,False,False,False,True,True,True,1-circle,1.000000,3653.736640,23854.899673,0.494295,0.380421,100.000000,100.000000,0.000000,0.000000,2,4,4,0.0000,0.0000,0.0000,0.5000,"Accelerate",-0.037222
1799,A0100,pursuit_chase_v1,UNKNOWN,15777.119801,26089.059292,6310.940708,7998.251414,26414.892773,16040.896758,502.240164,27207.856201,283.677049,4366.115373,79.397822,0.015339,False,False,False,False,True,True,True,1-circle,1.000000,3653.736640,23854.899673,0.494295,0.380421,100.000000,100.000000,0.000000,0.000000,2,4,4,0.0000,0.0000,0.0000,0.5000,"PursuitChaseOptimal",0.023192
1799,B0100,aggressive,UNKNOWN,15777.119801,26089.059292,6310.940708,7998.251414,26414.892773,16040.896758,502.240164,27207.856201,283.677049,4366.115373,79.397822,0.015339,False,False,False,False,True,True,True,1-circle,1.000000,3653.736640,23854.899673,0.494295,0.380421,100.000000,100.000000,0.000000,0.000000,2,4,4,0.0000,0.0000,0.0000,0.5000,"Accelerate",-0.023725
1800,A0100,pursuit_chase_v1,UNKNOWN,15764.376663,26130.432632,6269.567368,7862.944810,26463.930186,16042.700609,502.491806,27220.852996,259.935909,4423.419068,78.257264,0.026593,False,False,False,False,True,True,True,1-circle,1.000000,3658.613129,23530.950039,-0.857325,0.476932,100.000000,100.000000,0.000000,0.000000,2,4,4,0.0000,0.0000,0.0000,0.5000,"PursuitChaseOptimal",0.006821
1800,B0100,aggressive,UNKNOWN,15764.376663,26130.432632,6269.567368,7862.944810,26463.930186,16042.700609,502.491806,27220.852996,259.935909,4423.419068,78.257264,0.026593,False,False,False,False,True,True,True,1-circle,1.000000,3658.613129,23530.950039,-0.857325,0.476932,100.000000,100.000000,0.000000,0.000000,2,4,4,0.0000,0.0000,0.0000,0.5000,"Accelerate",-0.008878
1801,A0100,pursuit_chase_v1,UNKNOWN,15764.376663,26130.432632,6269.567368,7862.944810,26463.930186,16042.700609,502.491806,27220.852996,259.935909,4423.419068,78.257264,0.026593,False,False,False,False,True,True,True,1-circle,1.000000,3658.613129,23530.950039,-0.857325,0.476932,100.000000,100.000000,0.000000,0.000000,2,4,4,0.0000,0.0000,0.0000,0.5000,"PursuitChaseOptimal",-0.014453
1801,B0100,aggressive,UNKNOWN,15764.376663,26130.432632,6269.567368,7862.944810,26463.930186,16042.700609,502.491806,27220.852996,259.935909,4423.419068,78.257264,0.026593,False,False,False,False,True,True,True,1-circle,1.000000,3658.613129,23530.950039,-0.857325,0.476932,100.000000,100.000000,0.000000,0.000000,2,4,4,0.0000,0.0000,0.0000,0.5000,"Accelerate",0.010963
1802,A0100,pursuit_chase_v1,UNKNOWN,15751.952229,26164.076733,6235.923267,7755.442619,26509.498412,16044.337076,502.922657,27241.666665,416.273390,4490.080003,77.055047,0.042739,False,False,False,False,True,True,True,1-circle,1.000000,3663.980022,23856.504920,1.378795,0.302638,100.000000,100.000000,0.000000,0.000000,2,4,4,0.0000,0.0000,0.0000,0.5000,"PursuitChaseOptimal",-0.019233
1802,B0100,aggressive,UNKNOWN,15751.952229,26164.076733,6235.923267,7755.442619,26509.498412,16044.337076,502.922657,27241.666665,416.273390,4490.080003,77.055047,0.042739,False,False,False,False,True,True,True,1-circle,1.000000,3663.980022,23856.504920,1.378795,0.302638,100.000000,100.000000,0.000000,0.000000,2,4,4,0.0000,0.0000,0.0000,0.5000,"Accelerate",0.015432
1803,A0100,pursuit_chase_v1,UNKNOWN,15751.952229,26164.076733,6235.923267,7755.442619,26509.498412,16044.337076,502.922657,27241.666665,416.273390,4490.080003,77.055047,0.042739,False,False,False,False,True,True,True,1-circle,1.000000,3663.980022,23856.504920,1.378795,0.302638,100.000000,100.000000,0.000000,0.000000,2,4,4,0.0000,0.0000,0.0000,0.5000,"PursuitChaseOptimal",-0.024541
1803,B0100,aggressive,UNKNOWN,15751.952229,26164.076733,6235.923267,7755.442619,26509.498412,16044.337076,502.922657,27241.666665,416.273390,4490.080003,77.055047,0.042739,False,False,False,False,True,True,True,1-circle,1.000000,3663.980022,23856.504920,1.378795,0.302638,100.000000,100.000000,0.000000,0.000000,2,4,4,0.0000,0.0000,0.0000,0.5000,"Accelerate",0.020336
1804,A0100,pursuit_chase_v1,UNKNOWN,15739.854785,26208.000154,6191.999846,7675.829196,26559.489480,16045.877683,503.112570,27251.665511,199.976907,4523.141520,75.641515,0.018823,False,False,False,False,True,True,True,1-circle,1.000000,3669.778207,23425.178527,-0.607563,0.270679,100.000000,100.000000,0.000000,0.000000,2,4,4,0.0000,0.0000,0.0000,0.5000,"PursuitChaseOptimal",-0.027314
1804,B0100,aggressive,UNKNOWN,15739.854785,26208.000154,6191.999846,7675.829196,26559.489480,16045.877683,503.112570,27251.665511,199.976907,4523.141520,75.641515,0.018823,False,False,False,False,True,True,True,1-circle,1.000000,3669.778207,23425.178527,-0.607563,0.270679,100.000000,100.000000,0.000000,0.000000,2,4,4,0.0000,0.0000,0.0000,0.5000,"Accelerate",0.023044
1805,A0100,pursuit_chase_v1,UNKNOWN,15739.854785,26208.000154,6191.999846,7675.829196,26559.489480,16045.877683,503.112570,27251.665511,199.976907,4523.141520,75.641515,0.018823,False,False,False,False,True,True,True,1-circle,1.000000,3669.778207,23425.178527,-0.607563,0.270679,100.000000,100.000000,0.000000,0.000000,2,4,4,0.0000,0.0000,0.0000,0.5000,"PursuitChaseOptimal",-0.027052
1805,B0100,aggressive,UNKNOWN,15739.854785,26208.000154,6191.999846,7675.829196,26559.489480,16045.877683,503.112570,27251.665511,199.976907,4523.141520,75.641515,0.018823,False,False,False,False,True,True,True,1-circle,1.000000,3669.778207,23425.178527,-0.607563,0.270679,100.000000,100.000000,0.000000,0.000000,2,4,4,0.0000,0.0000,0.0000,0.5000,"Accelerate",0.022561
1806,A0100,pursuit_chase_v1,UNKNOWN,15728.072653,26240.959239,6159.040761,7637.085678,26603.761106,16047.345720,503.514044,27271.024665,387.183074,4558.058265,74.118435,0.018567,False,False,False,False,True,True,True,1-circle,1.000000,3675.855093,23571.185608,0.599762,0.399037,100.000000,100.000000,0.000000,0.000000,2,4,4,0.0000,0.0000,0.0000,0.5000,"PursuitChaseOptimal",-0.024870
1806,B0100,aggressive,UNKNOWN,15728.072653,26240.959239,6159.040761,7637.085678,26603.761106,16047.345720,503.514044,27271.024665,387.183074,4558.058265,74.118435,0.018567,False,False,False,False,True,True,True,1-circle,1.000000,3675.855093,23571.185608,0.599762,0.399037,100.000000,100.000000,0.000000,0.000000,2,4,4,0.0000,0.0000,0.0000,0.5000,"Accelerate",0.020836
1807,A0100,pursuit_chase_v1,UNKNOWN,15728.072653,26240.959239,6159.040761,7637.085678,26603.761106,16047.345720,503.514044,27271.024665,387.183074,4558.058265,74.118435,0.018567,False,False,False,False,True,True,True,1-circle,1.000000,3675.855093,23571.185608,0.599762,0.399037,100.000000,100.000000,0.000000,0.000000,2,4,4,0.0000,0.0000,0.0000,0.5000,"PursuitChaseOptimal",-0.021531
1807,B0100,aggressive,UNKNOWN,15728.072653,26240.959239,6159.040761,7637.085678,26603.761106,16047.345720,503.514044,27271.024665,387.183074,4558.058265,74.118435,0.018567,False,False,False,False,True,True,True,1-circle,1.000000,3675.855093,23571.185608,0.599762,0.399037,100.000000,100.000000,0.000000,0.000000,2,4,4,0.0000,0.0000,0.0000,0.5000,"Accelerate",0.017801
1808,A0100,pursuit_chase_v1,UNKNOWN,15716.641756,26278.534863,6121.465137,7622.831419,26649.425358,16048.666786,503.824020,27286.169164,302.889997,4584.820225,72.128909,0.033662,False,False,False,False,True,True,True,1-circle,1.000000,3682.108494,23589.599635,1.087894,0.167846,100.000000,100.000000,0.000000,0.000000,2,4,4,0.0000,0.0000,0.0000,0.5000,"PursuitChaseOptimal",-0.016289
1808,B0100,aggressive,UNKNOWN,15716.641756,26278.534863,6121.465137,7622.831419,26649.425358,16048.666786,503.824020,27286.169164,302.889997,4584.820225,72.128909,0.033662,False,False,False,False,True,True,True,1-circle,1.000000,3682.108494,23589.599635,1.087894,0.167846,100.000000,100.000000,0.000000,0.000000,2,4,4,0.0000,0.0000,0.0000,0.5000,"Accelerate",0.012916
1809,A0100,pursuit_chase_v1,UNKNOWN,15716.641756,26278.534863,6121.465137,7622.831419,26649.425358,16048.666786,503.824020,27286.169164,302.889997,4584.820225,72.128909,0.033662,False,False,False,False,True,True,True,1-circle,1.000000,3682.108494,23589.599635,1.087894,0.167846,100.000000,100.000000,0.000000,0.000000,2,4,4,0.0000,0.0000,0.0000,0.5000,"PursuitChaseOptimal",-0.010690
1809,B0100,aggressive,UNKNOWN,15716.641756,26278.534863,6121.465137,7622.831419,26649.425358,16048.666786,503.824020,27286.169164,302.889997,4584.820225,72.128909,0.033662,False,False,False,False,True,True,True,1-circle,1.000000,3682.108494,23589.599635,1.087894,0.167846,100.000000,100.000000,0.000000,0.000000,2,4,4,0.0000,0.0000,0.0000,0.5000,"Accelerate",0.007809
1810,A0100,pursuit_chase_v1,UNKNOWN,15705.575354,26318.337370,6081.662630,7628.741076,26696.236675,16049.974934,504.097467,27299.678771,270.192133,4613.737575,69.589155,0.008826,False,False,False,False,True,True,True,1-circle,1.000000,3688.208984,23274.082371,-0.285436,0.356760,100.000000,100.000000,0.000000,0.000000,2,4,4,0.0000,0.0000,0.0000,0.5000,"PursuitChaseOptimal",-0.006158
1810,B0100,aggressive,UNKNOWN,15705.575354,26318.337370,6081.662630,7628.741076,26696.236675,16049.974934,504.097467,27299.678771,270.192133,4613.737575,69.589155,0.008826,False,False,False,False,True,True,True,1-circle,1.000000,3688.208984,23274.082371,-0.285436,0.356760,100.000000,100.000000,0.000000,0.000000,2,4,4,0.0000,0.0000,0.0000,0.5000,"Accelerate",0.003304
1811,A0100,pursuit_chase_v1,UNKNOWN,15705.575354,26318.337370,6081.662630,7628.741076,26696.236675,16049.974934,504.097467,27299.678771,270.192133,4613.737575,69.589155,0.008826,False,False,False,False,True,True,True,1-circle,1.000000,3688.208984,23274.082371,-0.285436,0.356760,100.000000,100.000000,0.000000,0.000000,2,4,4,0.0000,0.0000,0.0000,0.5000,"PursuitChaseOptimal",-0.002578
1811,B0100,aggressive,UNKNOWN,15705.575354,26318.337370,6081.662630,7628.741076,26696.236675,16049.974934,504.097467,27299.678771,270.192133,4613.737575,69.589155,0.008826,False,False,False,False,True,True,True,1-circle,1.000000,3688.208984,23274.082371,-0.285436,0.356760,100.000000,100.000000,0.000000,0.000000,2,4,4,0.0000,0.0000,0.0000,0.5000,"Accelerate",0.000271
1812,A0100,pursuit_chase_v1,UNKNOWN,15694.925186,26351.704597,6048.295403,7649.911629,26740.601544,16051.152493,504.508648,27319.216046,390.745491,4657.854362,66.708904,0.058636,False,False,False,False,True,True,True,1-circle,1.000000,3694.087661,23599.364414,1.896995,0.216737,100.000000,100.000000,0.000000,0.000000,2,4,4,0.0000,0.0000,0.0000,0.5000,"PursuitChaseOptimal",0.000315
1812,B0100,aggressive,UNKNOWN,15694.925186,26351.704597,6048.295403,7649.911629,26740.601544,16051.152493,504.508648,27319.216046,390.745491,4657.854362,66.708904,0.058636,False,False,False,False,True,True,True,1-circle,1.000000,3694.087661,23599.364414,1.896995,0.216737,100.000000,100.000000,0.000000,0.000000,2,4,4,0.0000,0.0000,0.0000,0.5000,"Accelerate",-0.002304
1813,A0100,pursuit_chase_v1,UNKNOWN,15694.925186,26351.704597,6048.295403,7649.911629,26740.601544,16051.152493,504.508648,27319.216046,390.745491,4657.854362,66.708904,0.058636,False,False,False,False,True,True,True,1-circle,1.000000,3694.087661,23599.364414,1.896995,0.216737,100.000000,100.000000,0.000000,0.000000,2,4,4,0.0000,0.0000,0.0000,0.5000,"PursuitChaseOptimal",0.002659
1813,B0100,aggressive,UNKNOWN,15694.925186,26351.704597,6048.295403,7649.911629,26740.601544,16051.152493,504.508648,27319.216046,390.745491,4657.854362,66.708904,0.058636,False,False,False,False,True,True,True,1-circle,1.000000,3694.087661,23599.364414,1.896995,0.216737,100.000000,100.000000,0.000000,0.000000,2,4,4,0.0000,0.0000,0.0000,0.5000,"Accelerate",-0.004582
1814,A0100,pursuit_chase_v1,UNKNOWN,15684.710736,26397.391726,6002.608274,7669.885945,26789.791837,16052.302880,504.727851,27330.160256,218.884199,4694.376674,63.329691,0.004906,False,False,False,False,True,True,True,1-circle,1.000000,3699.518454,23162.130652,-0.158832,0.368138,100.000000,100.000000,0.000000,0.000000,2,4,4,0.0000,0.0000,0.0000,0.5000,"PursuitChaseOptimal",0.004464
1814,B0100,aggressive,UNKNOWN,15684.710736,26397.391726,6002.608274,7669.885945,26789.791837,16052.302880,504.727851,27330.160256,218.884199,4694.376674,63.329691,0.004906,False,False,False,False,True,True,True,1-circle,1.000000,3699.518454,23162.130652,-0.158832,0.368138,100.000000,100.000000,0.000000,0.000000,2,4,4,0.0000,0.0000,0.0000,0.5000,"Accelerate",-0.006154
1815,A0100,pursuit_chase_v1,UNKNOWN,15684.710736,26397.391726,6002.608274,7669.885945,26789.791837,16052.302880,504.727851,27330.160256,218.884199,4694.376674,63.329691,0.004906,False,False,False,False,True,True,True,1-circle,1.000000,3699.518454,23162.130652,-0.158832,0.368138,100.000000,100.000000,0.000000,0.000000,2,4,4,0.0000,0.0000,0.0000,0.5000,"PursuitChaseOptimal",0.005798
1815,B0100,aggressive,UNKNOWN,15684.710736,26397.391726,6002.608274,7669.885945,26789.791837,16052.302880,504.727851,27330.160256,218.884199,4694.376674,63.329691,0.004906,False,False,False,False,True,True,True,1-circle,1.000000,3699.518454,23162.130652,-0.158832,0.368138,100.000000,100.000000,0.000000,0.000000,2,4,4,0.0000,0.0000,0.0000,0.5000,"Accelerate",-0.007416
1816,A0100,pursuit_chase_v1,UNKNOWN,15674.960033,26432.627697,5967.372303,7699.447264,26832.574597,16053.456062,505.110688,27348.428478,365.364445,4743.466438,59.959827,0.023644,False,False,False,False,True,True,True,1-circle,1.000000,3704.393029,23261.598326,0.766038,0.468430,100.000000,100.000000,0.000000,0.000000,2,4,4,0.0000,0.0000,0.0000,0.5000,"PursuitChaseOptimal",0.005102
1816,B0100,aggressive,UNKNOWN,15674.960033,26432.627697,5967.372303,7699.447264,26832.574597,16053.456062,505.110688,27348.428478,365.364445,4743.466438,59.959827,0.023644,False,False,False,False,True,True,True,1-circle,1.000000,3704.393029,23261.598326,0.766038,0.468430,100.000000,100.000000,0.000000,0.000000,2,4,4,0.0000,0.0000,0.0000,0.5000,"Accelerate",-0.006850
1817,A0100,pursuit_chase_v1,UNKNOWN,15674.960033,26432.627697,5967.372303,7699.447264,26832.574597,16053.456062,505.110688,27348.428478,365.364445,4743.466438,59.959827,0.023644,False,False,False,False,True,True,True,1-circle,1.000000,3704.393029,23261.598326,0.766038,0.468430,100.000000,100.000000,0.000000,0.000000,2,4,4,0.0000,0.0000,0.0000,0.5000,"PursuitChaseOptimal",-0.001206
1817,B0100,aggressive,UNKNOWN,15674.960033,26432.627697,5967.372303,7699.447264,26832.574597,16053.456062,505.110688,27348.428478,365.364445,4743.466438,59.959827,0.023644,False,False,False,False,True,True,True,1-circle,1.000000,3704.393029,23261.598326,0.766038,0.468430,100.000000,100.000000,0.000000,0.000000,2,4,4,0.0000,0.0000,0.0000,0.5000,"Accelerate",-0.001060
1818,A0100,pursuit_chase_v1,UNKNOWN,15665.675894,26479.468923,5920.531077,7718.508424,26883.299108,16054.600518,505.333095,27359.521775,221.865949,4779.001570,56.422861,0.042645,False,False,False,False,True,True,True,1-circle,1.000000,3708.687412,22808.071244,-1.382034,0.289067,100.000000,100.000000,0.000000,0.000000,2,4,4,0.0000,0.0000,0.0000,0.5000,"PursuitChaseOptimal",-0.012443
1818,B0100,aggressive,UNKNOWN,15665.675894,26479.468923,5920.531077,7718.508424,26883.299108,16054.600518,505.333095,27359.521775,221.865949,4779.001570,56.422861,0.042645,False,False,False,False,True,True,True,1-circle,1.000000,3708.687412,22808.071244,-1.382034,0.289067,100.000000,100.000000,0.000000,0.000000,2,4,4,0.0000,0.0000,0.0000,0.5000,"Accelerate",0.009388
1819,A0100,pursuit_chase_v1,UNKNOWN,15665.675894,26479.468923,5920.531077,7718.508424,26883.299108,16054.600518,505.333095,27359.521775,221.865949,4779.001570,56.422861,0.042645,False,False,False,False,True,True,True,1-circle,1.000000,3708.687412,22808.071244,-1.382034,0.289067,100.000000,100.000000,0.000000,0.000000,2,4,4,0.0000,0.0000,0.0000,0.5000,"PursuitChaseOptimal",-0.023687
1819,B0100,aggressive,UNKNOWN,15665.675894,26479.468923,5920.531077,7718.508424,26883.299108,16054.600518,505.333095,27359.521775,221.865949,4779.001570,56.422861,0.042645,False,False,False,False,True,True,True,1-circle,1.000000,3708.687412,22808.071244,-1.382034,0.289067,100.000000,100.000000,0.000000,0.000000,2,4,4,0.0000,0.0000,0.0000,0.5000,"Accelerate",0.019586
1820,A0100,pursuit_chase_v1,UNKNOWN,15656.857911,26513.660794,5886.339206,7735.747954,26928.623074,16055.708234,505.767783,27380.086883,411.302165,4824.595754,53.447184,0.007332,False,False,False,False,True,True,True,1-circle,1.000000,3712.548046,22947.555790,-0.237864,0.219936,100.000000,100.000000,0.000000,0.000000,2,5,4,0.0000,0.0000,0.0000,0.5000,"PursuitChaseOptimal",-0.040194
1820,B0100,aggressive,UNKNOWN,15656.857911,26513.660794,5886.339206,7735.747954,26928.623074,16055.708234,505.767783,27380.086883,411.302165,4824.595754,53.447184,0.007332,False,False,False,False,True,True,True,1-circle,1.000000,3712.548046,22947.555790,-0.237864,0.219936,100.000000,100.000000,0.000000,0.000000,2,4,4,0.0000,0.0000,0.0000,0.5000,"Accelerate",0.034989
1821,A0100,pursuit_chase_v1,UNKNOWN,15656.857911,26513.660794,5886.339206,7735.747954,26928.623074,16055.708234,505.767783,27380.086883,411.302165,4824.595754,53.447184,0.007332,False,False,False,False,True,True,True,1-circle,1.000000,3712.548046,22947.555790,-0.237864,0.219936,100.000000,100.000000,0.000000,0.000000,2,5,4,0.0000,0.0000,0.0000,0.5000,"PursuitChaseOptimal",-0.025303
1821,B0100,aggressive,UNKNOWN,15656.857911,26513.660794,5886.339206,7735.747954,26928.623074,16055.708234,505.767783,27380.086883,411.302165,4824.595754,53.447184,0.007332,False,False,False,False,True,True,True,1-circle,1.000000,3712.548046,22947.555790,-0.237864,0.219936,100.000000,100.000000,0.000000,0.000000,2,4,4,0.0000,0.0000,0.0000,0.5000,"Accelerate",0.021448
1822,A0100,pursuit_chase_v1,UNKNOWN,15648.510477,26548.517115,5851.482885,7751.074230,26974.506075,16056.652983,506.157936,27398.509788,368.458092,4863.466825,50.689958,0.063343,False,False,False,False,True,True,True,1-circle,1.000000,3716.301758,23294.760230,2.055500,-0.018251,100.000000,100.000000,0.000000,0.000000,2,5,4,0.0000,0.0000,0.0000,0.5000,"PursuitChaseOptimal",-0.011315
1822,B0100,aggressive,UNKNOWN,15648.510477,26548.517115,5851.482885,7751.074230,26974.506075,16056.652983,506.157936,27398.509788,368.458092,4863.466825,50.689958,0.063343,False,False,False,False,True,True,True,1-circle,1.000000,3716.301758,23294.760230,2.055500,-0.018251,100.000000,100.000000,0.000000,0.000000,2,4,4,0.0000,0.0000,0.0000,0.5000,"Accelerate",0.008525
1823,A0100,pursuit_chase_v1,UNKNOWN,15648.510477,26548.517115,5851.482885,7751.074230,26974.506075,16056.652983,506.157936,27398.509788,368.458092,4863.466825,50.689958,0.063343,False,False,False,False,True,True,True,1-circle,1.000000,3716.301758,23294.760230,2.055500,-0.018251,100.000000,100.000000,0.000000,0.000000,2,5,4,0.0000,0.0000,0.0000,0.5000,"PursuitChaseOptimal",0.002157
1823,B0100,aggressive,UNKNOWN,15648.510477,26548.517115,5851.482885,7751.074230,26974.506075,16056.652983,506.157936,27398.509788,368.458092,4863.466825,50.689958,0.063343,False,False,False,False,True,True,True,1-circle,1.000000,3716.301758,23294.760230,2.055500,-0.018251,100.000000,100.000000,0.000000,0.000000,2,4,4,0.0000,0.0000,0.0000,0.5000,"Accelerate",-0.004139
1824,A0100,pursuit_chase_v1,UNKNOWN,15640.584255,26594.537890,5805.462110,7764.703988,27024.333370,16057.561001,506.380717,27409.404046,217.885151,4881.058070,47.550623,0.002592,False,False,False,False,True,True,True,1-circle,1.000000,3719.733648,22844.618350,-0.084169,0.205448,100.000000,100.000000,0.000000,0.000000,2,5,4,0.0000,0.0000,0.0000,0.5000,"PursuitChaseOptimal",0.015407
1824,B0100,aggressive,UNKNOWN,15640.584255,26594.537890,5805.462110,7764.703988,27024.333370,16057.561001,506.380717,27409.404046,217.885151,4881.058070,47.550623,0.002592,False,False,False,False,True,True,True,1-circle,1.000000,3719.733648,22844.618350,-0.084169,0.205448,100.000000,100.000000,0.000000,0.000000,2,4,4,0.0000,0.0000,0.0000,0.5000,"Accelerate",-0.016418
1825,A0100,pursuit_chase_v1,UNKNOWN,15640.584255,26594.537890,5805.462110,7764.703988,27024.333370,16057.561001,506.380717,27409.404046,217.885151,4881.058070,47.550623,0.002592,False,False,False,False,True,True,True,1-circle,1.000000,3719.733648,22844.618350,-0.084169,0.205448,100.000000,100.000000,0.000000,0.000000,2,5,4,0.0000,0.0000,0.0000,0.5000,"PursuitChaseOptimal",0.016215
1825,B0100,aggressive,UNKNOWN,15640.584255,26594.537890,5805.462110,7764.703988,27024.333370,16057.561001,506.380717,27409.404046,217.885151,4881.058070,47.550623,0.002592,False,False,False,False,True,True,True,1-circle,1.000000,3719.733648,22844.618350,-0.084169,0.205448,100.000000,100.000000,0.000000,0.000000,2,4,4,0.0000,0.0000,0.0000,0.5000,"Accelerate",-0.017187
1826,A0100,pursuit_chase_v1,UNKNOWN,15633.061105,26630.468118,5769.531882,7803.470897,27067.908436,16058.466913,506.751738,27426.950850,350.936083,4889.155573,44.227938,0.024956,False,False,False,False,True,True,True,1-circle,1.000000,3722.473941,22940.727608,0.811011,0.308845,100.000000,100.000000,0.000000,0.000000,2,5,4,0.0000,0.0000,0.0000,0.5000,"PursuitChaseOptimal",0.003249
1826,B0100,aggressive,UNKNOWN,15633.061105,26630.468118,5769.531882,7803.470897,27067.908436,16058.466913,506.751738,27426.950850,350.936083,4889.155573,44.227938,0.024956,False,False,False,False,True,True,True,1-circle,1.000000,3722.473941,22940.727608,0.811011,0.308845,100.000000,100.000000,0.000000,0.000000,2,4,4,0.0000,0.0000,0.0000,0.5000,"Accelerate",-0.005160
1827,A0100,pursuit_chase_v1,UNKNOWN,15633.061105,26630.468118,5769.531882,7803.470897,27067.908436,16058.466913,506.751738,27426.950850,350.936083,4889.155573,44.227938,0.024956,False,False,False,False,True,True,True,1-circle,1.000000,3722.473941,22940.727608,0.811011,0.308845,100.000000,100.000000,0.000000,0.000000,2,5,4,0.0000,0.0000,0.0000,0.5000,"PursuitChaseOptimal",-0.007815
1827,B0100,aggressive,UNKNOWN,15633.061105,26630.468118,5769.531882,7803.470897,27067.908436,16058.466913,506.751738,27426.950850,350.936083,4889.155573,44.227938,0.024956,False,False,False,False,True,True,True,1-circle,1.000000,3722.473941,22940.727608,0.811011,0.308845,100.000000,100.000000,0.000000,0.000000,2,4,4,0.0000,0.0000,0.0000,0.5000,"Accelerate",0.005095
1828,A0100,pursuit_chase_v1,UNKNOWN,15625.950572,26678.283024,5721.716976,7841.907330,27119.473573,16059.363253,506.964939,27437.415088,209.284768,4890.782057,40.487394,0.042576,False,False,False,False,True,True,True,1-circle,1.000000,3724.343696,22480.183252,-1.384022,0.137519,100.000000,100.000000,0.000000,0.000000,2,5,4,0.0000,0.0000,0.0000,0.5000,"PursuitChaseOptimal",-0.025811
1828,B0100,aggressive,UNKNOWN,15625.950572,26678.283024,5721.716976,7841.907330,27119.473573,16059.363253,506.964939,27437.415088,209.284768,4890.782057,40.487394,0.042576,False,False,False,False,True,True,True,1-circle,1.000000,3724.343696,22480.183252,-1.384022,0.137519,100.000000,100.000000,0.000000,0.000000,2,4,4,0.0000,0.0000,0.0000,0.5000,"Accelerate",0.021892
1829,A0100,pursuit_chase_v1,UNKNOWN,15625.950572,26678.283024,5721.716976,7841.907330,27119.473573,16059.363253,506.964939,27437.415088,209.284768,4890.782057,40.487394,0.042576,False,False,False,False,True,True,True,1-circle,1.000000,3724.343696,22480.183252,-1.384022,0.137519,100.000000,100.000000,0.000000,0.000000,2,5,4,0.0000,0.0000,0.0000,0.5000,"PursuitChaseOptimal",-0.026214
1829,B0100,aggressive,UNKNOWN,15625.950572,26678.283024,5721.716976,7841.907330,27119.473573,16059.363253,506.964939,27437.415088,209.284768,4890.782057,40.487394,0.042576,False,False,False,False,True,True,True,1-circle,1.000000,3724.343696,22480.183252,-1.384022,0.137519,100.000000,100.000000,0.000000,0.000000,2,4,4,0.0000,0.0000,0.0000,0.5000,"Accelerate",0.022029
1830,A0100,pursuit_chase_v1,UNKNOWN,15619.284158,26713.481761,5686.518239,7849.867251,27165.840691,16060.224343,507.389098,27457.323348,398.165201,4917.638626,37.830032,0.007847,False,False,False,False,True,True,True,1-circle,1.000000,3725.668602,22618.076346,-0.255333,0.080113,100.000000,100.000000,0.000000,0.000000,2,5,4,0.0000,0.0000,0.0000,0.5000,"PursuitChaseOptimal",-0.017949
1830,B0100,aggressive,UNKNOWN,15619.284158,26713.481761,5686.518239,7849.867251,27165.840691,16060.224343,507.389098,27457.323348,398.165201,4917.638626,37.830032,0.007847,False,False,False,False,True,True,True,1-circle,1.000000,3725.668602,22618.076346,-0.255333,0.080113,100.000000,100.000000,0.000000,0.000000,2,4,4,0.0000,0.0000,0.0000,0.5000,"Accelerate",0.014542
1831,A0100,pursuit_chase_v1,UNKNOWN,15619.284158,26713.481761,5686.518239,7849.867251,27165.840691,16060.224343,507.389098,27457.323348,398.165201,4917.638626,37.830032,0.007847,False,False,False,False,True,True,True,1-circle,1.000000,3725.668602,22618.076346,-0.255333,0.080113,100.000000,100.000000,0.000000,0.000000,2,5,4,0.0000,0.0000,0.0000,0.5000,"PursuitChaseOptimal",-0.009311
1831,B0100,aggressive,UNKNOWN,15619.284158,26713.481761,5686.518239,7849.867251,27165.840691,16060.224343,507.389098,27457.323348,398.165201,4917.638626,37.830032,0.007847,False,False,False,False,True,True,True,1-circle,1.000000,3725.668602,22618.076346,-0.255333,0.080113,100.000000,100.000000,0.000000,0.000000,2,4,4,0.0000,0.0000,0.0000,0.5000,"Accelerate",0.006503
1832,A0100,pursuit_chase_v1,UNKNOWN,15612.949169,26752.792204,5647.207796,7800.223041,27213.580881,16060.947600,507.690094,27471.572726,284.987564,4916.471303,36.850144,0.003983,False,False,False,False,True,True,True,1-circle,1.000000,3727.060764,22623.511037,0.129676,-0.155485,100.000000,100.000000,0.000000,0.000000,2,5,4,0.0000,0.0000,0.0000,0.5000,"PursuitChaseOptimal",-0.000429
1832,B0100,aggressive,UNKNOWN,15612.949169,26752.792204,5647.207796,7800.223041,27213.580881,16060.947600,507.690094,27471.572726,284.987564,4916.471303,36.850144,0.003983,False,False,False,False,True,True,True,1-circle,1.000000,3727.060764,22623.511037,0.129676,-0.155485,100.000000,100.000000,0.000000,0.000000,2,4,4,0.0000,0.0000,0.0000,0.5000,"Accelerate",-0.001826
1833,A0100,pursuit_chase_v1,UNKNOWN,15612.949169,26752.792204,5647.207796,7800.223041,27213.580881,16060.947600,507.690094,27471.572726,284.987564,4916.471303,36.850144,0.003983,False,False,False,False,True,True,True,1-circle,1.000000,3727.060764,22623.511037,0.129676,-0.155485,100.000000,100.000000,0.000000,0.000000,2,5,4,0.0000,0.0000,0.0000,0.5000,"PursuitChaseOptimal",0.006925
1833,B0100,aggressive,UNKNOWN,15612.949169,26752.792204,5647.207796,7800.223041,27213.580881,16060.947600,507.690094,27471.572726,284.987564,4916.471303,36.850144,0.003983,False,False,False,False,True,True,True,1-circle,1.000000,3727.060764,22623.511037,0.129676,-0.155485,100.000000,100.000000,0.000000,0.000000,2,4,4,0.0000,0.0000,0.0000,0.5000,"Accelerate",-0.008636
1834,A0100,pursuit_chase_v1,UNKNOWN,15606.768671,26794.047022,5605.952978,7701.829655,27262.115814,16061.656719,507.959547,27484.397261,256.490683,4919.112680,36.793306,0.040705,False,False,False,False,True,True,True,1-circle,1.000000,3728.760944,22299.897613,-1.325649,0.045359,100.000000,100.000000,0.000000,0.000000,2,5,4,0.0000,0.0000,0.0000,0.5000,"PursuitChaseOptimal",0.013271
1834,B0100,aggressive,UNKNOWN,15606.768671,26794.047022,5605.952978,7701.829655,27262.115814,16061.656719,507.959547,27484.397261,256.490683,4919.112680,36.793306,0.040705,False,False,False,False,True,True,True,1-circle,1.000000,3728.760944,22299.897613,-1.325649,0.045359,100.000000,100.000000,0.000000,0.000000,2,4,4,0.0000,0.0000,0.0000,0.5000,"Accelerate",-0.014827
1835,A0100,pursuit_chase_v1,UNKNOWN,15606.768671,26794.047022,5605.952978,7701.829655,27262.115814,16061.656719,507.959547,27484.397261,256.490683,4919.112680,36.793306,0.040705,False,False,False,False,True,True,True,1-circle,1.000000,3728.760944,22299.897613,-1.325649,0.045359,100.000000,100.000000,0.000000,0.000000,2,5,4,0.0000,0.0000,0.0000,0.5000,"PursuitChaseOptimal",0.018308
1835,B0100,aggressive,UNKNOWN,15606.768671,26794.047022,5605.952978,7701.829655,27262.115814,16061.656719,507.959547,27484.397261,256.490683,4919.112680,36.793306,0.040705,False,False,False,False,True,True,True,1-circle,1.000000,3728.760944,22299.897613,-1.325649,0.045359,100.000000,100.000000,0.000000,0.000000,2,4,4,0.0000,0.0000,0.0000,0.5000,"Accelerate",-0.019262
1836,A0100,pursuit_chase_v1,UNKNOWN,15600.706363,26827.327455,5572.672545,7584.625986,27307.326141,16062.238107,508.380841,27503.934212,390.739028,4944.140186,37.000508,0.025194,False,False,False,False,True,True,True,1-circle,1.000000,3731.066538,22627.481534,0.821242,-0.101760,100.000000,100.000000,0.000000,0.000000,2,5,4,0.0000,0.0000,0.0000,0.5000,"PursuitChaseOptimal",0.022704
1836,B0100,aggressive,UNKNOWN,15600.706363,26827.327455,5572.672545,7584.625986,27307.326141,16062.238107,508.380841,27503.934212,390.739028,4944.140186,37.000508,0.025194,False,False,False,False,True,True,True,1-circle,1.000000,3731.066538,22627.481534,0.821242,-0.101760,100.000000,100.000000,0.000000,0.000000,2,4,4,0.0000,0.0000,0.0000,0.5000,"Accelerate",-0.023296
1837,A0100,pursuit_chase_v1,UNKNOWN,15600.706363,26827.327455,5572.672545,7584.625986,27307.326141,16062.238107,508.380841,27503.934212,390.739028,4944.140186,37.000508,0.025194,False,False,False,False,True,True,True,1-circle,1.000000,3731.066538,22627.481534,0.821242,-0.101760,100.000000,100.000000,0.000000,0.000000,2,5,4,0.0000,0.0000,0.0000,0.5000,"PursuitChaseOptimal",0.027948
1837,B0100,aggressive,UNKNOWN,15600.706363,26827.327455,5572.672545,7584.625986,27307.326141,16062.238107,508.380841,27503.934212,390.739028,4944.140186,37.000508,0.025194,False,False,False,False,True,True,True,1-circle,1.000000,3731.066538,22627.481534,0.821242,-0.101760,100.000000,100.000000,0.000000,0.000000,2,4,4,0.0000,0.0000,0.0000,0.5000,"Accelerate",-0.028178
1838,A0100,pursuit_chase_v1,UNKNOWN,15594.770843,26871.335022,5528.664978,7452.350147,27356.939890,16062.762905,508.570542,27512.999482,181.305395,4973.140330,36.849470,0.040945,False,False,False,False,True,True,True,1-circle,1.000000,3733.917376,22183.280029,-1.334971,-0.165384,100.000000,100.000000,0.000000,0.000000,2,5,4,0.0000,0.0000,0.0000,0.5000,"PursuitChaseOptimal",0.032854
1838,B0100,aggressive,UNKNOWN,15594.770843,26871.335022,5528.664978,7452.350147,27356.939890,16062.762905,508.570542,27512.999482,181.305395,4973.140330,36.849470,0.040945,False,False,False,False,True,True,True,1-circle,1.000000,3733.917376,22183.280029,-1.334971,-0.165384,100.000000,100.000000,0.000000,0.000000,2,4,4,0.0000,0.0000,0.0000,0.5000,"Accelerate",-0.032514
1839,A0100,pursuit_chase_v1,UNKNOWN,15594.770843,26871.335022,5528.664978,7452.350147,27356.939890,16062.762905,508.570542,27512.999482,181.305395,4973.140330,36.849470,0.040945,False,False,False,False,True,True,True,1-circle,1.000000,3733.917376,22183.280029,-1.334971,-0.165384,100.000000,100.000000,0.000000,0.000000,2,5,4,0.0000,0.0000,0.0000,0.5000,"PursuitChaseOptimal",0.037651
1839,B0100,aggressive,UNKNOWN,15594.770843,26871.335022,5528.664978,7452.350147,27356.939890,16062.762905,508.570542,27512.999482,181.305395,4973.140330,36.849470,0.040945,False,False,False,False,True,True,True,1-circle,1.000000,3733.917376,22183.280029,-1.334971,-0.165384,100.000000,100.000000,0.000000,0.000000,2,4,4,0.0000,0.0000,0.0000,0.5000,"Accelerate",-0.037382
1840,A0100,pursuit_chase_v1,UNKNOWN,15588.973372,26903.540153,5496.459847,7315.746849,27400.671533,16063.245252,508.966423,27531.314940,366.309163,5016.312424,36.912568,0.003483,False,False,False,False,True,True,True,1-circle,1.000000,3737.276819,22349.758638,-0.113670,-0.041650,100.000000,100.000000,0.000000,0.000000,2,5,4,0.0000,0.0000,0.0000,0.5000,"PursuitChaseOptimal",0.042975
1840,B0100,aggressive,UNKNOWN,15588.973372,26903.540153,5496.459847,7315.746849,27400.671533,16063.245252,508.966423,27531.314940,366.309163,5016.312424,36.912568,0.003483,False,False,False,False,True,True,True,1-circle,1.000000,3737.276819,22349.758638,-0.113670,-0.041650,100.000000,100.000000,0.000000,0.000000,2,4,4,0.0000,0.0000,0.0000,0.5000,"Accelerate",-0.041847
1841,A0100,pursuit_chase_v1,UNKNOWN,15588.973372,26903.540153,5496.459847,7315.746849,27400.671533,16063.245252,508.966423,27531.314940,366.309163,5016.312424,36.912568,0.003483,False,False,False,False,True,True,True,1-circle,1.000000,3737.276819,22349.758638,-0.113670,-0.041650,100.000000,100.000000,0.000000,0.000000,2,5,4,0.0000,0.0000,0.0000,0.5000,"PursuitChaseOptimal",0.048494
1841,B0100,aggressive,UNKNOWN,15588.973372,26903.540153,5496.459847,7315.746849,27400.671533,16063.245252,508.966423,27531.314940,366.309163,5016.312424,36.912568,0.003483,False,False,False,False,True,True,True,1-circle,1.000000,3737.276819,22349.758638,-0.113670,-0.041650,100.000000,100.000000,0.000000,0.000000,2,4,4,0.0000,0.0000,0.0000,0.5000,"Accelerate",-0.046686
1842,A0100,pursuit_chase_v1,UNKNOWN,15583.300611,26941.386626,5458.613374,7167.413661,27444.980991,16063.627601,509.223052,27543.264979,239.000777,5054.086803,36.914933,0.005475,False,False,False,False,True,True,True,1-circle,1.000000,3741.170420,22351.781248,0.178757,-0.167402,100.000000,100.000000,0.000000,0.000000,2,5,4,0.0000,0.0000,0.0000,0.5000,"PursuitChaseOptimal",0.054050
1842,B0100,aggressive,UNKNOWN,15583.300611,26941.386626,5458.613374,7167.413661,27444.980991,16063.627601,509.223052,27543.264979,239.000777,5054.086803,36.914933,0.005475,False,False,False,False,True,True,True,1-circle,1.000000,3741.170420,22351.781248,0.178757,-0.167402,100.000000,100.000000,0.000000,0.000000,2,4,4,0.0000,0.0000,0.0000,0.5000,"Accelerate",-0.051803
1843,A0100,pursuit_chase_v1,UNKNOWN,15583.300611,26941.386626,5458.613374,7167.413661,27444.980991,16063.627601,509.223052,27543.264979,239.000777,5054.086803,36.914933,0.005475,False,False,False,False,True,True,True,1-circle,1.000000,3741.170420,22351.781248,0.178757,-0.167402,100.000000,100.000000,0.000000,0.000000,2,5,4,0.0000,0.0000,0.0000,0.5000,"PursuitChaseOptimal",0.059533
1843,B0100,aggressive,UNKNOWN,15583.300611,26941.386626,5458.613374,7167.413661,27444.980991,16063.627601,509.223052,27543.264979,239.000777,5054.086803,36.914933,0.005475,False,False,False,False,True,True,True,1-circle,1.000000,3741.170420,22351.781248,0.178757,-0.167402,100.000000,100.000000,0.000000,0.000000,2,4,4,0.0000,0.0000,0.0000,0.5000,"Accelerate",-0.056587
1844,A0100,pursuit_chase_v1,UNKNOWN,15577.734622,26978.336984,5421.663016,7010.911622,27488.538910,16064.048550,509.503596,27556.338242,261.465258,5097.903546,36.814515,0.037773,False,False,False,False,True,True,True,1-circle,1.000000,3745.410583,22049.445296,-1.233683,0.014942,100.000000,100.000000,0.000000,0.000000,2,4,4,0.0000,0.0000,0.0000,0.5000,"PursuitChaseOptimal",0.070215
1844,B0100,aggressive,UNKNOWN,15577.734622,26978.336984,5421.663016,7010.911622,27488.538910,16064.048550,509.503596,27556.338242,261.465258,5097.903546,36.814515,0.037773,False,False,False,False,True,True,True,1-circle,1.000000,3745.410583,22049.445296,-1.233683,0.014942,100.000000,100.000000,0.000000,0.000000,2,4,4,0.0000,0.0000,0.0000,0.5000,"Accelerate",-0.066628
1845,A0100,pursuit_chase_v1,UNKNOWN,15577.734622,26978.336984,5421.663016,7010.911622,27488.538910,16064.048550,509.503596,27556.338242,261.465258,5097.903546,36.814515,0.037773,False,False,False,False,True,True,True,1-circle,1.000000,3745.410583,22049.445296,-1.233683,0.014942,100.000000,100.000000,0.000000,0.000000,2,4,4,0.0000,0.0000,0.0000,0.5000,"PursuitChaseOptimal",0.067345
1845,B0100,aggressive,UNKNOWN,15577.734622,26978.336984,5421.663016,7010.911622,27488.538910,16064.048550,509.503596,27556.338242,261.465258,5097.903546,36.814515,0.037773,False,False,False,False,True,True,True,1-circle,1.000000,3745.410583,22049.445296,-1.233683,0.014942,100.000000,100.000000,0.000000,0.000000,2,4,4,0.0000,0.0000,0.0000,0.5000,"Accelerate",-0.063408
1846,A0100,pursuit_chase_v1,UNKNOWN,15572.288075,27009.582672,5390.417328,6847.334374,27531.101327,16064.373188,509.901892,27574.637747,365.990104,5150.224987,36.698609,0.028786,False,False,False,False,True,True,True,1-circle,1.000000,3750.060046,22395.317969,0.940914,-0.245600,100.000000,100.000000,0.000000,0.000000,2,4,4,0.0000,0.0000,0.0000,0.5000,"PursuitChaseOptimal",0.065450
1846,B0100,aggressive,UNKNOWN,15572.288075,27009.582672,5390.417328,6847.334374,27531.101327,16064.373188,509.901892,27574.637747,365.990104,5150.224987,36.698609,0.028786,False,False,False,False,True,True,True,1-circle,1.000000,3750.060046,22395.317969,0.940914,-0.245600,100.000000,100.000000,0.000000,0.000000,2,4,4,0.0000,0.0000,0.0000,0.5000,"Accelerate",-0.061300
1847,A0100,pursuit_chase_v1,UNKNOWN,15572.288075,27009.582672,5390.417328,6847.334374,27531.101327,16064.373188,509.901892,27574.637747,365.990104,5150.224987,36.698609,0.028786,False,False,False,False,True,True,True,1-circle,1.000000,3750.060046,22395.317969,0.940914,-0.245600,100.000000,100.000000,0.000000,0.000000,2,4,4,0.0000,0.0000,0.0000,0.5000,"PursuitChaseOptimal",0.050846
1847,B0100,aggressive,UNKNOWN,15572.288075,27009.582672,5390.417328,6847.334374,27531.101327,16064.373188,509.901892,27574.637747,365.990104,5150.224987,36.698609,0.028786,False,False,False,False,True,True,True,1-circle,1.000000,3750.060046,22395.317969,0.940914,-0.245600,100.000000,100.000000,0.000000,0.000000,2,4,4,0.0000,0.0000,0.0000,0.5000,"Accelerate",-0.047920
1848,A0100,pursuit_chase_v1,UNKNOWN,15566.942214,27051.048026,5348.951974,6689.755061,27575.956929,16064.693238,510.114288,27584.548791,198.220887,5187.847107,36.310344,0.037467,False,False,False,False,True,True,True,1-circle,1.000000,3754.984203,21962.199732,-1.225077,-0.038101,100.000000,100.000000,0.000000,0.000000,2,4,4,0.0000,0.0000,0.0000,0.5000,"PursuitChaseOptimal",0.034616
1848,B0100,aggressive,UNKNOWN,15566.942214,27051.048026,5348.951974,6689.755061,27575.956929,16064.693238,510.114288,27584.548791,198.220887,5187.847107,36.310344,0.037467,False,False,False,False,True,True,True,1-circle,1.000000,3754.984203,21962.199732,-1.225077,-0.038101,100.000000,100.000000,0.000000,0.000000,2,4,4,0.0000,0.0000,0.0000,0.5000,"Accelerate",-0.032905
1849,A0100,pursuit_chase_v1,UNKNOWN,15566.942214,27051.048026,5348.951974,6689.755061,27575.956929,16064.693238,510.114288,27584.548791,198.220887,5187.847107,36.310344,0.037467,False,False,False,False,True,True,True,1-circle,1.000000,3754.984203,21962.199732,-1.225077,-0.038101,100.000000,100.000000,0.000000,0.000000,2,4,4,0.0000,0.0000,0.0000,0.5000,"PursuitChaseOptimal",0.018700
1849,B0100,aggressive,UNKNOWN,15566.942214,27051.048026,5348.951974,6689.755061,27575.956929,16064.693238,510.114288,27584.548791,198.220887,5187.847107,36.310344,0.037467,False,False,False,False,True,True,True,1-circle,1.000000,3754.984203,21962.199732,-1.225077,-0.038101,100.000000,100.000000,0.000000,0.000000,2,4,4,0.0000,0.0000,0.0000,0.5000,"Accelerate",-0.018936
1850,A0100,pursuit_chase_v1,UNKNOWN,15561.759055,27081.208570,5318.791430,6558.967881,27615.519264,16065.030730,510.510566,27602.791457,364.853316,5250.822273,35.640858,0.001637,False,False,False,False,True,True,True,1-circle,1.000000,3760.175105,22151.192424,0.053561,0.048928,100.000000,100.000000,0.000000,0.000000,2,4,4,0.0000,0.0000,0.0000,0.5000,"PursuitChaseOptimal",0.001338
1850,B0100,aggressive,UNKNOWN,15561.759055,27081.208570,5318.791430,6558.967881,27615.519264,16065.030730,510.510566,27602.791457,364.853316,5250.822273,35.640858,0.001637,False,False,False,False,True,True,True,1-circle,1.000000,3760.175105,22151.192424,0.053561,0.048928,100.000000,100.000000,0.000000,0.000000,2,4,4,0.0000,0.0000,0.0000,0.5000,"Accelerate",-0.002825
1851,A0100,pursuit_chase_v1,UNKNOWN,15561.759055,27081.208570,5318.791430,6558.967881,27615.519264,16065.030730,510.510566,27602.791457,364.853316,5250.822273,35.640858,0.001637,False,False,False,False,True,True,True,1-circle,1.000000,3760.175105,22151.192424,0.053561,0.048928,100.000000,100.000000,0.000000,0.000000,2,4,4,0.0000,0.0000,0.0000,0.5000,"PursuitChaseOptimal",-0.020203
1851,B0100,aggressive,UNKNOWN,15561.759055,27081.208570,5318.791430,6558.967881,27615.519264,16065.030730,510.510566,27602.791457,364.853316,5250.822273,35.640858,0.001637,False,False,False,False,True,True,True,1-circle,1.000000,3760.175105,22151.192424,0.053561,0.048928,100.000000,100.000000,0.000000,0.000000,2,4,4,0.0000,0.0000,0.0000,0.5000,"Accelerate",0.016853
1852,A0100,pursuit_chase_v1,UNKNOWN,15556.815904,27115.829322,5284.170678,6450.574558,27655.311274,16065.315338,510.756327,27614.187333,227.917512,5303.881351,34.835142,0.011363,False,False,False,False,True,True,True,1-circle,1.000000,3765.784252,22169.382778,0.372011,-0.118579,100.000000,100.000000,0.000000,0.000000,2,4,4,0.0000,0.0000,0.0000,0.5000,"PursuitChaseOptimal",-0.023123
1852,B0100,aggressive,UNKNOWN,15556.815904,27115.829322,5284.170678,6450.574558,27655.311274,16065.315338,510.756327,27614.187333,227.917512,5303.881351,34.835142,0.011363,False,False,False,False,True,True,True,1-circle,1.000000,3765.784252,22169.382778,0.372011,-0.118579,100.000000,100.000000,0.000000,0.000000,2,4,4,0.0000,0.0000,0.0000,0.5000,"Accelerate",0.019392
1853,A0100,pursuit_chase_v1,UNKNOWN,15556.815904,27115.829322,5284.170678,6450.574558,27655.311274,16065.315338,510.756327,27614.187333,227.917512,5303.881351,34.835142,0.011363,False,False,False,False,True,True,True,1-circle,1.000000,3765.784252,22169.382778,0.372011,-0.118579,100.000000,100.000000,0.000000,0.000000,2,4,4,0.0000,0.0000,0.0000,0.5000,"PursuitChaseOptimal",-0.027062
1853,B0100,aggressive,UNKNOWN,15556.815904,27115.829322,5284.170678,6450.574558,27655.311274,16065.315338,510.756327,27614.187333,227.917512,5303.881351,34.835142,0.011363,False,False,False,False,True,True,True,1-circle,1.000000,3765.784252,22169.382778,0.372011,-0.118579,100.000000,100.000000,0.000000,0.000000,2,4,4,0.0000,0.0000,0.0000,0.5000,"Accelerate",0.023075
1854,A0100,pursuit_chase_v1,UNKNOWN,15552.109417,27149.429944,5250.570056,6375.844401,27694.799142,16065.668334,511.033550,27627.080525,257.863849,5341.572341,33.929715,0.030387,False,False,False,False,True,True,True,1-circle,1.000000,3771.699687,21885.764234,-0.995308,0.042076,100.000000,100.000000,0.000000,0.000000,2,4,4,0.0000,0.0000,0.0000,0.5000,"PursuitChaseOptimal",-0.029202
1854,B0100,aggressive,UNKNOWN,15552.109417,27149.429944,5250.570056,6375.844401,27694.799142,16065.668334,511.033550,27627.080525,257.863849,5341.572341,33.929715,0.030387,False,False,False,False,True,True,True,1-circle,1.000000,3771.699687,21885.764234,-0.995308,0.042076,100.000000,100.000000,0.000000,0.000000,2,4,4,0.0000,0.0000,0.0000,0.5000,"Accelerate",0.024615
1855,A0100,pursuit_chase_v1,UNKNOWN,15552.109417,27149.429944,5250.570056,6375.844401,27694.799142,16065.668334,511.033550,27627.080525,257.863849,5341.572341,33.929715,0.030387,False,False,False,False,True,True,True,1-circle,1.000000,3771.699687,21885.764234,-0.995308,0.042076,100.000000,100.000000,0.000000,0.000000,2,4,4,0.0000,0.0000,0.0000,0.5000,"PursuitChaseOptimal",-0.029560
1855,B0100,aggressive,UNKNOWN,15552.109417,27149.429944,5250.570056,6375.844401,27694.799142,16065.668334,511.033550,27627.080525,257.863849,5341.572341,33.929715,0.030387,False,False,False,False,True,True,True,1-circle,1.000000,3771.699687,21885.764234,-0.995308,0.042076,100.000000,100.000000,0.000000,0.000000,2,4,4,0.0000,0.0000,0.0000,0.5000,"Accelerate",0.025331
1856,A0100,pursuit_chase_v1,UNKNOWN,15547.640451,27177.454210,5222.545790,6329.858841,27733.943112,16065.945825,511.418846,27644.798119,354.351883,5370.793744,32.990520,0.037036,False,False,False,False,True,True,True,1-circle,1.000000,3777.948767,22247.278521,1.213858,-0.235168,100.000000,100.000000,0.000000,0.000000,2,4,4,0.0000,0.0000,0.0000,0.5000,"PursuitChaseOptimal",-0.025116
1856,B0100,aggressive,UNKNOWN,15547.640451,27177.454210,5222.545790,6329.858841,27733.943112,16065.945825,511.418846,27644.798119,354.351883,5370.793744,32.990520,0.037036,False,False,False,False,True,True,True,1-circle,1.000000,3777.948767,22247.278521,1.213858,-0.235168,100.000000,100.000000,0.000000,0.000000,2,4,4,0.0000,0.0000,0.0000,0.5000,"Accelerate",0.021482
1857,A0100,pursuit_chase_v1,UNKNOWN,15547.640451,27177.454210,5222.545790,6329.858841,27733.943112,16065.945825,511.418846,27644.798119,354.351883,5370.793744,32.990520,0.037036,False,False,False,False,True,True,True,1-circle,1.000000,3777.948767,22247.278521,1.213858,-0.235168,100.000000,100.000000,0.000000,0.000000,2,4,4,0.0000,0.0000,0.0000,0.5000,"PursuitChaseOptimal",-0.018950
1857,B0100,aggressive,UNKNOWN,15547.640451,27177.454210,5222.545790,6329.858841,27733.943112,16065.945825,511.418846,27644.798119,354.351883,5370.793744,32.990520,0.037036,False,False,False,False,True,True,True,1-circle,1.000000,3777.948767,22247.278521,1.213858,-0.235168,100.000000,100.000000,0.000000,0.000000,2,4,4,0.0000,0.0000,0.0000,0.5000,"Accelerate",0.015793
1858,A0100,pursuit_chase_v1,UNKNOWN,15543.404801,27216.365901,5183.634099,6302.549514,27776.020650,16066.233534,511.618728,27654.138524,186.808090,5391.212075,31.468635,0.028506,False,False,False,False,True,True,True,1-circle,1.000000,3784.308158,21825.299247,-0.934682,-0.033013,100.000000,100.000000,0.000000,0.000000,2,4,4,0.0000,0.0000,0.0000,0.5000,"PursuitChaseOptimal",-0.011694
1858,B0100,aggressive,UNKNOWN,15543.404801,27216.365901,5183.634099,6302.549514,27776.020650,16066.233534,511.618728,27654.138524,186.808090,5391.212075,31.468635,0.028506,False,False,False,False,True,True,True,1-circle,1.000000,3784.308158,21825.299247,-0.934682,-0.033013,100.000000,100.000000,0.000000,0.000000,2,4,4,0.0000,0.0000,0.0000,0.5000,"Accelerate",0.009337
1859,A0100,pursuit_chase_v1,UNKNOWN,15543.404801,27216.365901,5183.634099,6302.549514,27776.020650,16066.233534,511.618728,27654.138524,186.808090,5391.212075,31.468635,0.028506,False,False,False,False,True,True,True,1-circle,1.000000,3784.308158,21825.299247,-0.934682,-0.033013,100.000000,100.000000,0.000000,0.000000,2,4,4,0.0000,0.0000,0.0000,0.5000,"PursuitChaseOptimal",-0.003284
1859,B0100,aggressive,UNKNOWN,15543.404801,27216.365901,5183.634099,6302.549514,27776.020650,16066.233534,511.618728,27654.138524,186.808090,5391.212075,31.468635,0.028506,False,False,False,False,True,True,True,1-circle,1.000000,3784.308158,21825.299247,-0.934682,-0.033013,100.000000,100.000000,0.000000,0.000000,2,4,4,0.0000,0.0000,0.0000,0.5000,"Accelerate",0.001138
1860,A0100,pursuit_chase_v1,UNKNOWN,15539.432445,27244.526609,5155.473391,6302.781457,27813.697732,16066.549661,512.003676,27671.898951,355.208555,5421.794199,29.669794,0.011779,False,False,False,False,True,True,True,1-circle,1.000000,3790.556317,22028.290305,0.386527,0.047031,100.000000,100.000000,0.000000,0.000000,2,4,4,0.0000,0.0000,0.0000,0.5000,"PursuitChaseOptimal",0.005699
1860,B0100,aggressive,UNKNOWN,15539.432445,27244.526609,5155.473391,6302.781457,27813.697732,16066.549661,512.003676,27671.898951,355.208555,5421.794199,29.669794,0.011779,False,False,False,False,True,True,True,1-circle,1.000000,3790.556317,22028.290305,0.386527,0.047031,100.000000,100.000000,0.000000,0.000000,2,4,4,0.0000,0.0000,0.0000,0.5000,"Accelerate",-0.006709
1861,A0100,pursuit_chase_v1,UNKNOWN,15539.432445,27244.526609,5155.473391,6302.781457,27813.697732,16066.549661,512.003676,27671.898951,355.208555,5421.794199,29.669794,0.011779,False,False,False,False,True,True,True,1-circle,1.000000,3790.556317,22028.290305,0.386527,0.047031,100.000000,100.000000,0.000000,0.000000,2,4,4,0.0000,0.0000,0.0000,0.5000,"PursuitChaseOptimal",0.012697
1861,B0100,aggressive,UNKNOWN,15539.432445,27244.526609,5155.473391,6302.781457,27813.697732,16066.549661,512.003676,27671.898951,355.208555,5421.794199,29.669794,0.011779,False,False,False,False,True,True,True,1-circle,1.000000,3790.556317,22028.290305,0.386527,0.047031,100.000000,100.000000,0.000000,0.000000,2,4,4,0.0000,0.0000,0.0000,0.5000,"Accelerate",-0.012943
1862,A0100,pursuit_chase_v1,UNKNOWN,15535.757940,27278.072393,5121.927607,6315.078619,27852.399866,16066.820943,512.234791,27682.649760,215.016179,5448.368680,27.394807,0.022031,False,False,False,False,True,True,True,1-circle,1.000000,3796.551565,22054.146917,0.723203,-0.122084,100.000000,100.000000,0.000000,0.000000,2,4,4,0.0000,0.0000,0.0000,0.5000,"PursuitChaseOptimal",0.018144
1862,B0100,aggressive,UNKNOWN,15535.757940,27278.072393,5121.927607,6315.078619,27852.399866,16066.820943,512.234791,27682.649760,215.016179,5448.368680,27.394807,0.022031,False,False,False,False,True,True,True,1-circle,1.000000,3796.551565,22054.146917,0.723203,-0.122084,100.000000,100.000000,0.000000,0.000000,2,4,4,0.0000,0.0000,0.0000,0.5000,"Accelerate",-0.018020
1863,A0100,pursuit_chase_v1,UNKNOWN,15535.757940,27278.072393,5121.927607,6315.078619,27852.399866,16066.820943,512.234791,27682.649760,215.016179,5448.368680,27.394807,0.022031,False,False,False,False,True,True,True,1-circle,1.000000,3796.551565,22054.146917,0.723203,-0.122084,100.000000,100.000000,0.000000,0.000000,2,4,4,0.0000,0.0000,0.0000,0.5000,"PursuitChaseOptimal",0.022444
1863,B0100,aggressive,UNKNOWN,15535.757940,27278.072393,5121.927607,6315.078619,27852.399866,16066.820943,512.234791,27682.649760,215.016179,5448.368680,27.394807,0.022031,False,False,False,False,True,True,True,1-circle,1.000000,3796.551565,22054.146917,0.723203,-0.122084,100.000000,100.000000,0.000000,0.000000,2,4,4,0.0000,0.0000,0.0000,0.5000,"Accelerate",-0.021789
1864,A0100,pursuit_chase_v1,UNKNOWN,15532.395158,27313.003154,5086.996846,6333.006739,27891.497853,16067.179222,512.521162,27695.999602,266.996835,5483.894665,24.695866,0.019031,False,False,False,False,True,True,True,1-circle,1.000000,3801.999531,21776.382417,-0.625067,0.141061,100.000000,100.000000,0.000000,0.000000,2,4,4,0.0000,0.0000,0.0000,0.5000,"PursuitChaseOptimal",0.023705
1864,B0100,aggressive,UNKNOWN,15532.395158,27313.003154,5086.996846,6333.006739,27891.497853,16067.179222,512.521162,27695.999602,266.996835,5483.894665,24.695866,0.019031,False,False,False,False,True,True,True,1-circle,1.000000,3801.999531,21776.382417,-0.625067,0.141061,100.000000,100.000000,0.000000,0.000000,2,4,4,0.0000,0.0000,0.0000,0.5000,"Accelerate",-0.023172
1865,A0100,pursuit_chase_v1,UNKNOWN,15532.395158,27313.003154,5086.996846,6333.006739,27891.497853,16067.179222,512.521162,27695.999602,266.996835,5483.894665,24.695866,0.019031,False,False,False,False,True,True,True,1-circle,1.000000,3801.999531,21776.382417,-0.625067,0.141061,100.000000,100.000000,0.000000,0.000000,2,4,4,0.0000,0.0000,0.0000,0.5000,"PursuitChaseOptimal",0.017723
1865,B0100,aggressive,UNKNOWN,15532.395158,27313.003154,5086.996846,6333.006739,27891.497853,16067.179222,512.521162,27695.999602,266.996835,5483.894665,24.695866,0.019031,False,False,False,False,True,True,True,1-circle,1.000000,3801.999531,21776.382417,-0.625067,0.141061,100.000000,100.000000,0.000000,0.000000,2,4,4,0.0000,0.0000,0.0000,0.5000,"Accelerate",-0.017642
1866,A0100,pursuit_chase_v1,UNKNOWN,15529.368236,27347.329635,5052.670365,6350.055003,27932.101934,16067.532444,512.792581,27708.672799,253.463938,5518.010135,21.982626,0.010439,False,False,False,False,True,True,True,1-circle,1.000000,3806.910141,21791.702640,-0.343060,-0.071084,100.000000,100.000000,0.000000,0.000000,2,4,4,0.0000,0.0000,0.0000,0.5000,"PursuitChaseOptimal",0.005850
1866,B0100,aggressive,UNKNOWN,15529.368236,27347.329635,5052.670365,6350.055003,27932.101934,16067.532444,512.792581,27708.672799,253.463938,5518.010135,21.982626,0.010439,False,False,False,False,True,True,True,1-circle,1.000000,3806.910141,21791.702640,-0.343060,-0.071084,100.000000,100.000000,0.000000,0.000000,2,4,4,0.0000,0.0000,0.0000,0.5000,"Accelerate",-0.006783
1867,A0100,pursuit_chase_v1,UNKNOWN,15529.368236,27347.329635,5052.670365,6350.055003,27932.101934,16067.532444,512.792581,27708.672799,253.463938,5518.010135,21.982626,0.010439,False,False,False,False,True,True,True,1-circle,1.000000,3806.910141,21791.702640,-0.343060,-0.071084,100.000000,100.000000,0.000000,0.000000,2,4,4,0.0000,0.0000,0.0000,0.5000,"PursuitChaseOptimal",-0.006561
1867,B0100,aggressive,UNKNOWN,15529.368236,27347.329635,5052.670365,6350.055003,27932.101934,16067.532444,512.792581,27708.672799,253.463938,5518.010135,21.982626,0.010439,False,False,False,False,True,True,True,1-circle,1.000000,3806.910141,21791.702640,-0.343060,-0.071084,100.000000,100.000000,0.000000,0.000000,2,4,4,0.0000,0.0000,0.0000,0.5000,"Accelerate",0.004323
1868,A0100,pursuit_chase_v1,UNKNOWN,15526.672670,27380.940805,5019.059195,6360.726437,27972.253452,16067.943847,513.029004,27719.820934,222.962691,5548.220481,19.615124,0.050087,False,False,False,False,True,True,True,1-circle,1.000000,3811.311004,21521.432514,-1.646221,-0.052201,100.000000,100.000000,0.000000,0.000000,2,4,4,0.0000,0.0000,0.0000,0.5000,"PursuitChaseOptimal",-0.020077
1868,B0100,aggressive,UNKNOWN,15526.672670,27380.940805,5019.059195,6360.726437,27972.253452,16067.943847,513.029004,27719.820934,222.962691,5548.220481,19.615124,0.050087,False,False,False,False,True,True,True,1-circle,1.000000,3811.311004,21521.432514,-1.646221,-0.052201,100.000000,100.000000,0.000000,0.000000,2,4,4,0.0000,0.0000,0.0000,0.5000,"Accelerate",0.016237
1869,A0100,pursuit_chase_v1,UNKNOWN,15526.672670,27380.940805,5019.059195,6360.726437,27972.253452,16067.943847,513.029004,27719.820934,222.962691,5548.220481,19.615124,0.050087,False,False,False,False,True,True,True,1-circle,1.000000,3811.311004,21521.432514,-1.646221,-0.052201,100.000000,100.000000,0.000000,0.000000,2,4,4,0.0000,0.0000,0.0000,0.5000,"PursuitChaseOptimal",-0.034674
1869,B0100,aggressive,UNKNOWN,15526.672670,27380.940805,5019.059195,6360.726437,27972.253452,16067.943847,513.029004,27719.820934,222.962691,5548.220481,19.615124,0.050087,False,False,False,False,True,True,True,1-circle,1.000000,3811.311004,21521.432514,-1.646221,-0.052201,100.000000,100.000000,0.000000,0.000000,2,4,4,0.0000,0.0000,0.0000,0.5000,"Accelerate",0.029628
1870,A0100,pursuit_chase_v1,UNKNOWN,15524.321724,27408.028674,4991.971326,6365.118658,28014.051572,16068.254071,513.458062,27739.628783,396.156982,5589.487694,17.577324,0.023494,False,False,False,False,True,True,True,1-circle,1.000000,3815.573410,21921.406296,0.772966,-0.277799,100.000000,100.000000,0.000000,0.000000,2,4,4,0.0000,0.0000,0.0000,0.5000,"PursuitChaseOptimal",-0.051245
1870,B0100,aggressive,UNKNOWN,15524.321724,27408.028674,4991.971326,6365.118658,28014.051572,16068.254071,513.458062,27739.628783,396.156982,5589.487694,17.577324,0.023494,False,False,False,False,True,True,True,1-circle,1.000000,3815.573410,21921.406296,0.772966,-0.277799,100.000000,100.000000,0.000000,0.000000,2,4,4,0.0000,0.0000,0.0000,0.5000,"Accelerate",0.045123
1871,A0100,pursuit_chase_v1,UNKNOWN,15524.321724,27408.028674,4991.971326,6365.118658,28014.051572,16068.254071,513.458062,27739.628783,396.156982,5589.487694,17.577324,0.023494,False,False,False,False,True,True,True,1-circle,1.000000,3815.573410,21921.406296,0.772966,-0.277799,100.000000,100.000000,0.000000,0.000000,2,4,4,0.0000,0.0000,0.0000,0.5000,"PursuitChaseOptimal",-0.052051
1871,B0100,aggressive,UNKNOWN,15524.321724,27408.028674,4991.971326,6365.118658,28014.051572,16068.254071,513.458062,27739.628783,396.156982,5589.487694,17.577324,0.023494,False,False,False,False,True,True,True,1-circle,1.000000,3815.573410,21921.406296,0.772966,-0.277799,100.000000,100.000000,0.000000,0.000000,2,4,4,0.0000,0.0000,0.0000,0.5000,"Accelerate",0.046132
1872,A0100,pursuit_chase_v1,UNKNOWN,15522.304799,27438.834142,4961.165858,6371.646904,28053.249541,16068.448308,513.689429,27750.343772,214.299795,5613.008593,15.927970,0.035877,False,False,False,False,True,True,True,1-circle,1.000000,3819.927182,21959.844393,1.180761,-0.323054,100.000000,100.000000,0.000000,0.000000,2,4,4,0.0000,0.0000,0.0000,0.5000,"PursuitChaseOptimal",-0.047987
1872,B0100,aggressive,UNKNOWN,15522.304799,27438.834142,4961.165858,6371.646904,28053.249541,16068.448308,513.689429,27750.343772,214.299795,5613.008593,15.927970,0.035877,False,False,False,False,True,True,True,1-circle,1.000000,3819.927182,21959.844393,1.180761,-0.323054,100.000000,100.000000,0.000000,0.000000,2,4,4,0.0000,0.0000,0.0000,0.5000,"Accelerate",0.042483
1873,A0100,pursuit_chase_v1,UNKNOWN,15522.304799,27438.834142,4961.165858,6371.646904,28053.249541,16068.448308,513.689429,27750.343772,214.299795,5613.008593,15.927970,0.035877,False,False,False,False,True,True,True,1-circle,1.000000,3819.927182,21959.844393,1.180761,-0.323054,100.000000,100.000000,0.000000,0.000000,2,4,4,0.0000,0.0000,0.0000,0.5000,"PursuitChaseOptimal",-0.036534
1873,B0100,aggressive,UNKNOWN,15522.304799,27438.834142,4961.165858,6371.646904,28053.249541,16068.448308,513.689429,27750.343772,214.299795,5613.008593,15.927970,0.035877,False,False,False,False,True,True,True,1-circle,1.000000,3819.927182,21959.844393,1.180761,-0.323054,100.000000,100.000000,0.000000,0.000000,2,4,4,0.0000,0.0000,0.0000,0.5000,"Accelerate",0.032194
1874,A0100,pursuit_chase_v1,UNKNOWN,15520.610635,27472.059206,4927.940794,6378.018958,28092.656598,16068.679398,513.981788,27763.875815,270.640855,5648.395949,13.904289,0.004665,False,False,False,False,True,True,True,1-circle,1.000000,3824.273814,21685.102491,-0.153622,-0.015109,100.000000,100.000000,0.000000,0.000000,2,4,4,0.0000,0.0000,0.0000,0.5000,"PursuitChaseOptimal",-0.020818
1874,B0100,aggressive,UNKNOWN,15520.610635,27472.059206,4927.940794,6378.018958,28092.656598,16068.679398,513.981788,27763.875815,270.640855,5648.395949,13.904289,0.004665,False,False,False,False,True,True,True,1-circle,1.000000,3824.273814,21685.102491,-0.153622,-0.015109,100.000000,100.000000,0.000000,0.000000,2,4,4,0.0000,0.0000,0.0000,0.5000,"Accelerate",0.017529
1875,A0100,pursuit_chase_v1,UNKNOWN,15520.610635,27472.059206,4927.940794,6378.018958,28092.656598,16068.679398,513.981788,27763.875815,270.640855,5648.395949,13.904289,0.004665,False,False,False,False,True,True,True,1-circle,1.000000,3824.273814,21685.102491,-0.153622,-0.015109,100.000000,100.000000,0.000000,0.000000,2,4,4,0.0000,0.0000,0.0000,0.5000,"PursuitChaseOptimal",-0.002625
1875,B0100,aggressive,UNKNOWN,15520.610635,27472.059206,4927.940794,6378.018958,28092.656598,16068.679398,513.981788,27763.875815,270.640855,5648.395949,13.904289,0.004665,False,False,False,False,True,True,True,1-circle,1.000000,3824.273814,21685.102491,-0.153622,-0.015109,100.000000,100.000000,0.000000,0.000000,2,4,4,0.0000,0.0000,0.0000,0.5000,"Accelerate",0.000895
1876,A0100,pursuit_chase_v1,UNKNOWN,15519.257744,27505.600664,4894.399336,6387.210014,28133.648145,16068.875654,514.252029,27776.373503,249.953755,5677.703373,11.597528,0.005070,False,False,False,False,True,True,True,1-circle,1.000000,3828.508961,21708.504745,0.167052,-0.187625,100.000000,100.000000,0.000000,0.000000,2,4,4,0.0000,0.0000,0.0000,0.5000,"PursuitChaseOptimal",0.027525
1876,B0100,aggressive,UNKNOWN,15519.257744,27505.600664,4894.399336,6387.210014,28133.648145,16068.875654,514.252029,27776.373503,249.953755,5677.703373,11.597528,0.005070,False,False,False,False,True,True,True,1-circle,1.000000,3828.508961,21708.504745,0.167052,-0.187625,100.000000,100.000000,0.000000,0.000000,2,4,4,0.0000,0.0000,0.0000,0.5000,"Accelerate",-0.026771
1877,A0100,pursuit_chase_v1,UNKNOWN,15519.257744,27505.600664,4894.399336,6387.210014,28133.648145,16068.875654,514.252029,27776.373503,249.953755,5677.703373,11.597528,0.005070,False,False,False,False,True,True,True,1-circle,1.000000,3828.508961,21708.504745,0.167052,-0.187625,100.000000,100.000000,0.000000,0.000000,2,4,4,0.0000,0.0000,0.0000,0.5000,"PursuitChaseOptimal",0.035114
1877,B0100,aggressive,UNKNOWN,15519.257744,27505.600664,4894.399336,6387.210014,28133.648145,16068.875654,514.252029,27776.373503,249.953755,5677.703373,11.597528,0.005070,False,False,False,False,True,True,True,1-circle,1.000000,3828.508961,21708.504745,0.167052,-0.187625,100.000000,100.000000,0.000000,0.000000,2,4,4,0.0000,0.0000,0.0000,0.5000,"Accelerate",-0.033850
1878,A0100,pursuit_chase_v1,UNKNOWN,15518.205830,27540.037589,4859.962411,6389.223292,28173.992392,16069.129323,514.498749,27787.863540,229.800734,5701.065342,9.086257,0.033745,False,False,False,False,True,True,True,1-circle,1.000000,3832.225444,21443.689027,-1.112251,-0.036147,100.000000,100.000000,0.000000,0.000000,2,5,4,0.0000,0.0000,0.0000,0.5000,"PursuitChaseOptimal",0.006609
1878,B0100,aggressive,UNKNOWN,15518.205830,27540.037589,4859.962411,6389.223292,28173.992392,16069.129323,514.498749,27787.863540,229.800734,5701.065342,9.086257,0.033745,False,False,False,False,True,True,True,1-circle,1.000000,3832.225444,21443.689027,-1.112251,-0.036147,100.000000,100.000000,0.000000,0.000000,2,4,4,0.0000,0.0000,0.0000,0.5000,"Accelerate",-0.008044
1879,A0100,pursuit_chase_v1,UNKNOWN,15518.205830,27540.037589,4859.962411,6389.223292,28173.992392,16069.129323,514.498749,27787.863540,229.800734,5701.065342,9.086257,0.033745,False,False,False,False,True,True,True,1-circle,1.000000,3832.225444,21443.689027,-1.112251,-0.036147,100.000000,100.000000,0.000000,0.000000,2,5,4,0.0000,0.0000,0.0000,0.5000,"PursuitChaseOptimal",0.013868
1879,B0100,aggressive,UNKNOWN,15518.205830,27540.037589,4859.962411,6389.223292,28173.992392,16069.129323,514.498749,27787.863540,229.800734,5701.065342,9.086257,0.033745,False,False,False,False,True,True,True,1-circle,1.000000,3832.225444,21443.689027,-1.112251,-0.036147,100.000000,100.000000,0.000000,0.000000,2,4,4,0.0000,0.0000,0.0000,0.5000,"Accelerate",-0.014306
1880,A0100,pursuit_chase_v1,UNKNOWN,15517.480532,27568.813261,4831.186739,6400.294575,28214.488346,16069.310000,514.863318,27804.657649,335.882186,5726.782133,6.692823,0.033528,False,False,False,False,True,True,True,1-circle,1.000000,3835.487532,21808.239872,1.105813,-0.223096,100.000000,100.000000,0.000000,0.000000,2,5,4,0.0000,0.0000,0.0000,0.5000,"PursuitChaseOptimal",0.009195
1880,B0100,aggressive,UNKNOWN,15517.480532,27568.813261,4831.186739,6400.294575,28214.488346,16069.310000,514.863318,27804.657649,335.882186,5726.782133,6.692823,0.033528,False,False,False,False,True,True,True,1-circle,1.000000,3835.487532,21808.239872,1.105813,-0.223096,100.000000,100.000000,0.000000,0.000000,2,4,4,0.0000,0.0000,0.0000,0.5000,"Accelerate",-0.009850
1881,A0100,pursuit_chase_v1,UNKNOWN,15517.480532,27568.813261,4831.186739,6400.294575,28214.488346,16069.310000,514.863318,27804.657649,335.882186,5726.782133,6.692823,0.033528,False,False,False,False,True,True,True,1-circle,1.000000,3835.487532,21808.239872,1.105813,-0.223096,100.000000,100.000000,0.000000,0.000000,2,5,4,0.0000,0.0000,0.0000,0.5000,"PursuitChaseOptimal",0.005227
1881,B0100,aggressive,UNKNOWN,15517.480532,27568.813261,4831.186739,6400.294575,28214.488346,16069.310000,514.863318,27804.657649,335.882186,5726.782133,6.692823,0.033528,False,False,False,False,True,True,True,1-circle,1.000000,3835.487532,21808.239872,1.105813,-0.223096,100.000000,100.000000,0.000000,0.000000,2,4,4,0.0000,0.0000,0.0000,0.5000,"Accelerate",-0.006297
1882,A0100,pursuit_chase_v1,UNKNOWN,15517.010519,27609.983280,4790.016720,6402.809295,28258.351884,16069.508686,515.034052,27812.640793,159.662881,5719.700217,4.614389,0.030586,False,False,False,False,True,True,True,1-circle,1.000000,3838.269476,21392.686590,-1.009108,-0.077294,100.000000,100.000000,0.000000,0.000000,2,5,4,0.0000,0.0000,0.0000,0.5000,"PursuitChaseOptimal",0.005055
1882,B0100,aggressive,UNKNOWN,15517.010519,27609.983280,4790.016720,6402.809295,28258.351884,16069.508686,515.034052,27812.640793,159.662881,5719.700217,4.614389,0.030586,False,False,False,False,True,True,True,1-circle,1.000000,3838.269476,21392.686590,-1.009108,-0.077294,100.000000,100.000000,0.000000,0.000000,2,4,4,0.0000,0.0000,0.0000,0.5000,"Accelerate",-0.006009
1883,A0100,pursuit_chase_v1,UNKNOWN,15517.010519,27609.983280,4790.016720,6402.809295,28258.351884,16069.508686,515.034052,27812.640793,159.662881,5719.700217,4.614389,0.030586,False,False,False,False,True,True,True,1-circle,1.000000,3838.269476,21392.686590,-1.009108,-0.077294,100.000000,100.000000,0.000000,0.000000,2,5,4,0.0000,0.0000,0.0000,0.5000,"PursuitChaseOptimal",0.002189
1883,B0100,aggressive,UNKNOWN,15517.010519,27609.983280,4790.016720,6402.809295,28258.351884,16069.508686,515.034052,27812.640793,159.662881,5719.700217,4.614389,0.030586,False,False,False,False,True,True,True,1-circle,1.000000,3838.269476,21392.686590,-1.009108,-0.077294,100.000000,100.000000,0.000000,0.000000,2,4,4,0.0000,0.0000,0.0000,0.5000,"Accelerate",-0.003906
1884,A0100,pursuit_chase_v1,UNKNOWN,15516.765317,27639.585684,4760.414316,6414.410860,28297.566670,16069.740157,515.401820,27829.648941,340.162961,5708.735669,2.864681,0.012541,False,False,False,False,True,True,True,1-circle,1.000000,3840.576407,21613.831953,0.414082,0.002476,100.000000,100.000000,0.000000,0.000000,2,5,4,0.0000,0.0000,0.0000,0.5000,"PursuitChaseOptimal",-0.004464
1884,B0100,aggressive,UNKNOWN,15516.765317,27639.585684,4760.414316,6414.410860,28297.566670,16069.740157,515.401820,27829.648941,340.162961,5708.735669,2.864681,0.012541,False,False,False,False,True,True,True,1-circle,1.000000,3840.576407,21613.831953,0.414082,0.002476,100.000000,100.000000,0.000000,0.000000,2,4,4,0.0000,0.0000,0.0000,0.5000,"Accelerate",0.002582
1885,A0100,pursuit_chase_v1,UNKNOWN,15516.765317,27639.585684,4760.414316,6414.410860,28297.566670,16069.740157,515.401820,27829.648941,340.162961,5708.735669,2.864681,0.012541,False,False,False,False,True,True,True,1-circle,1.000000,3840.576407,21613.831953,0.414082,0.002476,100.000000,100.000000,0.000000,0.000000,2,5,4,0.0000,0.0000,0.0000,0.5000,"PursuitChaseOptimal",-0.010985
1885,B0100,aggressive,UNKNOWN,15516.765317,27639.585684,4760.414316,6414.410860,28297.566670,16069.740157,515.401820,27829.648941,340.162961,5708.735669,2.864681,0.012541,False,False,False,False,True,True,True,1-circle,1.000000,3840.576407,21613.831953,0.414082,0.002476,100.000000,100.000000,0.000000,0.000000,2,4,4,0.0000,0.0000,0.0000,0.5000,"Accelerate",0.008744
1886,A0100,pursuit_chase_v1,UNKNOWN,15516.708723,27675.582740,4724.417260,6420.541299,28337.873103,16069.935963,515.598455,27838.819702,183.415226,5682.563035,1.371016,0.024173,False,False,False,False,True,True,True,1-circle,1.000000,3842.516584,21647.938566,0.798372,-0.166477,100.000000,100.000000,0.000000,0.000000,2,5,4,0.0000,0.0000,0.0000,0.5000,"PursuitChaseOptimal",-0.018826
1886,B0100,aggressive,UNKNOWN,15516.708723,27675.582740,4724.417260,6420.541299,28337.873103,16069.935963,515.598455,27838.819702,183.415226,5682.563035,1.371016,0.024173,False,False,False,False,True,True,True,1-circle,1.000000,3842.516584,21647.938566,0.798372,-0.166477,100.000000,100.000000,0.000000,0.000000,2,4,4,0.0000,0.0000,0.0000,0.5000,"Accelerate",0.015848
1887,A0100,pursuit_chase_v1,UNKNOWN,15516.708723,27675.582740,4724.417260,6420.541299,28337.873103,16069.935963,515.598455,27838.819702,183.415226,5682.563035,1.371016,0.024173,False,False,False,False,True,True,True,1-circle,1.000000,3842.516584,21647.938566,0.798372,-0.166477,100.000000,100.000000,0.000000,0.000000,2,5,4,0.0000,0.0000,0.0000,0.5000,"PursuitChaseOptimal",-0.019610
1887,B0100,aggressive,UNKNOWN,15516.708723,27675.582740,4724.417260,6420.541299,28337.873103,16069.935963,515.598455,27838.819702,183.415226,5682.563035,1.371016,0.024173,False,False,False,False,True,True,True,1-circle,1.000000,3842.516584,21647.938566,0.798372,-0.166477,100.000000,100.000000,0.000000,0.000000,2,4,4,0.0000,0.0000,0.0000,0.5000,"Accelerate",0.016701
1888,A0100,pursuit_chase_v1,UNKNOWN,15516.819753,27712.600147,4687.399853,6403.192343,28378.220621,16070.231743,515.852252,27850.704495,237.695847,5671.247612,0.260578,0.015271,False,False,False,False,True,True,True,1-circle,1.000000,3844.145456,21378.454388,-0.504612,0.098985,100.000000,100.000000,0.000000,0.000000,2,5,4,0.0000,0.0000,0.0000,0.5000,"PursuitChaseOptimal",-0.030006
1888,B0100,aggressive,UNKNOWN,15516.819753,27712.600147,4687.399853,6403.192343,28378.220621,16070.231743,515.852252,27850.704495,237.695847,5671.247612,0.260578,0.015271,False,False,False,False,True,True,True,1-circle,1.000000,3844.145456,21378.454388,-0.504612,0.098985,100.000000,100.000000,0.000000,0.000000,2,4,4,0.0000,0.0000,0.0000,0.5000,"Accelerate",0.026031
1889,A0100,pursuit_chase_v1,UNKNOWN,15516.819753,27712.600147,4687.399853,6403.192343,28378.220621,16070.231743,515.852252,27850.704495,237.695847,5671.247612,0.260578,0.015271,False,False,False,False,True,True,True,1-circle,1.000000,3844.145456,21378.454388,-0.504612,0.098985,100.000000,100.000000,0.000000,0.000000,2,5,4,0.0000,0.0000,0.0000,0.5000,"PursuitChaseOptimal",-0.025956
1889,B0100,aggressive,UNKNOWN,15516.819753,27712.600147,4687.399853,6403.192343,28378.220621,16070.231743,515.852252,27850.704495,237.695847,5671.247612,0.260578,0.015271,False,False,False,False,True,True,True,1-circle,1.000000,3844.145456,21378.454388,-0.504612,0.098985,100.000000,100.000000,0.000000,0.000000,2,4,4,0.0000,0.0000,0.0000,0.5000,"Accelerate",0.022452
1890,A0100,pursuit_chase_v1,UNKNOWN,15517.070530,27748.254907,4651.745093,6336.675770,28419.794800,16070.533223,516.089459,27861.842631,222.762737,5672.644198,0.214041,0.004586,False,False,False,False,True,True,True,1-circle,1.000000,3845.957641,21407.929649,-0.151607,-0.114665,100.000000,100.000000,0.000000,0.000000,2,5,4,0.0000,0.0000,0.0000,0.5000,"PursuitChaseOptimal",-0.018395
1890,B0100,aggressive,UNKNOWN,15517.070530,27748.254907,4651.745093,6336.675770,28419.794800,16070.533223,516.089459,27861.842631,222.762737,5672.644198,0.214041,0.004586,False,False,False,False,True,True,True,1-circle,1.000000,3845.957641,21407.929649,-0.151607,-0.114665,100.000000,100.000000,0.000000,0.000000,2,4,4,0.0000,0.0000,0.0000,0.5000,"Accelerate",0.015591
1891,A0100,pursuit_chase_v1,UNKNOWN,15517.070530,27748.254907,4651.745093,6336.675770,28419.794800,16070.533223,516.089459,27861.842631,222.762737,5672.644198,0.214041,0.004586,False,False,False,False,True,True,True,1-circle,1.000000,3845.957641,21407.929649,-0.151607,-0.114665,100.000000,100.000000,0.000000,0.000000,2,5,4,0.0000,0.0000,0.0000,0.5000,"PursuitChaseOptimal",-0.013669
1891,B0100,aggressive,UNKNOWN,15517.070530,27748.254907,4651.745093,6336.675770,28419.794800,16070.533223,516.089459,27861.842631,222.762737,5672.644198,0.214041,0.004586,False,False,False,False,True,True,True,1-circle,1.000000,3845.957641,21407.929649,-0.151607,-0.114665,100.000000,100.000000,0.000000,0.000000,2,4,4,0.0000,0.0000,0.0000,0.5000,"Accelerate",0.011066
1892,A0100,pursuit_chase_v1,UNKNOWN,15517.386968,27782.177077,4617.822923,6234.375385,28459.999254,16070.904427,516.291488,27871.447328,192.093939,5678.796129,0.846305,0.042634,False,False,False,False,True,True,True,1-circle,1.000000,3848.253780,21148.914303,-1.409681,-0.081910,100.000000,100.000000,0.000000,0.000000,2,5,4,0.0000,0.0000,0.0000,0.5000,"PursuitChaseOptimal",-0.009828
1892,B0100,aggressive,UNKNOWN,15517.386968,27782.177077,4617.822923,6234.375385,28459.999254,16070.904427,516.291488,27871.447328,192.093939,5678.796129,0.846305,0.042634,False,False,False,False,True,True,True,1-circle,1.000000,3848.253780,21148.914303,-1.409681,-0.081910,100.000000,100.000000,0.000000,0.000000,2,4,4,0.0000,0.0000,0.0000,0.5000,"Accelerate",0.007144
1893,A0100,pursuit_chase_v1,UNKNOWN,15517.386968,27782.177077,4617.822923,6234.375385,28459.999254,16070.904427,516.291488,27871.447328,192.093939,5678.796129,0.846305,0.042634,False,False,False,False,True,True,True,1-circle,1.000000,3848.253780,21148.914303,-1.409681,-0.081910,100.000000,100.000000,0.000000,0.000000,2,5,4,0.0000,0.0000,0.0000,0.5000,"PursuitChaseOptimal",-0.006101
1893,B0100,aggressive,UNKNOWN,15517.386968,27782.177077,4617.822923,6234.375385,28459.999254,16070.904427,516.291488,27871.447328,192.093939,5678.796129,0.846305,0.042634,False,False,False,False,True,True,True,1-circle,1.000000,3848.253780,21148.914303,-1.409681,-0.081910,100.000000,100.000000,0.000000,0.000000,2,4,4,0.0000,0.0000,0.0000,0.5000,"Accelerate",0.004101
1894,A0100,pursuit_chase_v1,UNKNOWN,15517.775957,27808.277016,4591.722984,6113.459085,28499.447889,16071.188867,516.633354,27887.364584,318.345114,5713.445094,1.485858,0.025476,False,False,False,False,True,True,True,1-circle,1.000000,3851.296149,21523.725296,0.842990,-0.293115,100.000000,100.000000,0.000000,0.000000,2,5,4,0.0000,0.0000,0.0000,0.5000,"PursuitChaseOptimal",-0.002429
1894,B0100,aggressive,UNKNOWN,15517.775957,27808.277016,4591.722984,6113.459085,28499.447889,16071.188867,516.633354,27887.364584,318.345114,5713.445094,1.485858,0.025476,False,False,False,False,True,True,True,1-circle,1.000000,3851.296149,21523.725296,0.842990,-0.293115,100.000000,100.000000,0.000000,0.000000,2,4,4,0.0000,0.0000,0.0000,0.5000,"Accelerate",0.000922
1895,A0100,pursuit_chase_v1,UNKNOWN,15517.775957,27808.277016,4591.722984,6113.459085,28499.447889,16071.188867,516.633354,27887.364584,318.345114,5713.445094,1.485858,0.025476,False,False,False,False,True,True,True,1-circle,1.000000,3851.296149,21523.725296,0.842990,-0.293115,100.000000,100.000000,0.000000,0.000000,2,5,4,0.0000,0.0000,0.0000,0.5000,"PursuitChaseOptimal",0.001347
1895,B0100,aggressive,UNKNOWN,15517.775957,27808.277016,4591.722984,6113.459085,28499.447889,16071.188867,516.633354,27887.364584,318.345114,5713.445094,1.485858,0.025476,False,False,False,False,True,True,True,1-circle,1.000000,3851.296149,21523.725296,0.842990,-0.293115,100.000000,100.000000,0.000000,0.000000,2,4,4,0.0000,0.0000,0.0000,0.5000,"Accelerate",-0.002520
1896,A0100,pursuit_chase_v1,UNKNOWN,15518.236575,27845.455591,4554.544409,5977.699326,28540.398827,16071.471927,516.791947,27894.903263,150.773578,5745.474877,1.943159,0.038345,False,False,False,False,True,True,True,1-circle,1.000000,3855.024622,21114.768000,-1.269046,-0.086854,100.000000,100.000000,0.000000,0.000000,2,4,4,0.0000,0.0000,0.0000,0.5000,"PursuitChaseOptimal",0.009851
1896,B0100,aggressive,UNKNOWN,15518.236575,27845.455591,4554.544409,5977.699326,28540.398827,16071.471927,516.791947,27894.903263,150.773578,5745.474877,1.943159,0.038345,False,False,False,False,True,True,True,1-circle,1.000000,3855.024622,21114.768000,-1.269046,-0.086854,100.000000,100.000000,0.000000,0.000000,2,4,4,0.0000,0.0000,0.0000,0.5000,"Accelerate",-0.010410
1897,A0100,pursuit_chase_v1,UNKNOWN,15518.236575,27845.455591,4554.544409,5977.699326,28540.398827,16071.471927,516.791947,27894.903263,150.773578,5745.474877,1.943159,0.038345,False,False,False,False,True,True,True,1-circle,1.000000,3855.024622,21114.768000,-1.269046,-0.086854,100.000000,100.000000,0.000000,0.000000,2,4,4,0.0000,0.0000,0.0000,0.5000,"PursuitChaseOptimal",0.004382
1897,B0100,aggressive,UNKNOWN,15518.236575,27845.455591,4554.544409,5977.699326,28540.398827,16071.471927,516.791947,27894.903263,150.773578,5745.474877,1.943159,0.038345,False,False,False,False,True,True,True,1-circle,1.000000,3855.024622,21114.768000,-1.269046,-0.086854,100.000000,100.000000,0.000000,0.000000,2,4,4,0.0000,0.0000,0.0000,0.5000,"Accelerate",-0.005770
1898,A0100,pursuit_chase_v1,UNKNOWN,15518.777664,27871.874542,4528.125458,5835.653889,28578.069964,16071.777840,517.138479,27911.070763,323.350007,5792.632175,2.447984,0.005799,False,False,False,False,True,True,True,1-circle,1.000000,3859.383029,21350.807025,0.192067,0.001488,100.000000,100.000000,0.000000,0.000000,2,4,4,0.0000,0.0000,0.0000,0.5000,"PursuitChaseOptimal",0.004532
1898,B0100,aggressive,UNKNOWN,15518.777664,27871.874542,4528.125458,5835.653889,28578.069964,16071.777840,517.138479,27911.070763,323.350007,5792.632175,2.447984,0.005799,False,False,False,False,True,True,True,1-circle,1.000000,3859.383029,21350.807025,0.192067,0.001488,100.000000,100.000000,0.000000,0.000000,2,4,4,0.0000,0.0000,0.0000,0.5000,"Accelerate",-0.005491
1899,A0100,pursuit_chase_v1,UNKNOWN,15518.777664,27871.874542,4528.125458,5835.653889,28578.069964,16071.777840,517.138479,27911.070763,323.350007,5792.632175,2.447984,0.005799,False,False,False,False,True,True,True,1-circle,1.000000,3859.383029,21350.807025,0.192067,0.001488,100.000000,100.000000,0.000000,0.000000,2,4,4,0.0000,0.0000,0.0000,0.5000,"PursuitChaseOptimal",-0.007998
1899,B0100,aggressive,UNKNOWN,15518.777664,27871.874542,4528.125458,5835.653889,28578.069964,16071.777840,517.138479,27911.070763,323.350007,5792.632175,2.447984,0.005799,False,False,False,False,True,True,True,1-circle,1.000000,3859.383029,21350.807025,0.192067,0.001488,100.000000,100.000000,0.000000,0.000000,2,4,4,0.0000,0.0000,0.0000,0.5000,"Accelerate",0.006286
1900,A0100,pursuit_chase_v1,UNKNOWN,15519.406794,27902.280168,4497.719832,5704.866656,28614.502345,16072.035288,517.332589,27920.217740,182.939533,5826.974097,2.821164,0.017343,False,False,False,False,True,True,True,1-circle,1.000000,3864.410999,21394.536943,0.574617,-0.155553,100.000000,100.000000,0.000000,0.000000,2,4,4,0.0000,0.0000,0.0000,0.5000,"PursuitChaseOptimal",-0.015702
1900,B0100,aggressive,UNKNOWN,15519.406794,27902.280168,4497.719832,5704.866656,28614.502345,16072.035288,517.332589,27920.217740,182.939533,5826.974097,2.821164,0.017343,False,False,False,False,True,True,True,1-circle,1.000000,3864.410999,21394.536943,0.574617,-0.155553,100.000000,100.000000,0.000000,0.000000,2,4,4,0.0000,0.0000,0.0000,0.5000,"Accelerate",0.013346
1901,A0100,pursuit_chase_v1,UNKNOWN,15519.406794,27902.280168,4497.719832,5704.866656,28614.502345,16072.035288,517.332589,27920.217740,182.939533,5826.974097,2.821164,0.017343,False,False,False,False,True,True,True,1-circle,1.000000,3864.410999,21394.536943,0.574617,-0.155553,100.000000,100.000000,0.000000,0.000000,2,4,4,0.0000,0.0000,0.0000,0.5000,"PursuitChaseOptimal",-0.017718
1901,B0100,aggressive,UNKNOWN,15519.406794,27902.280168,4497.719832,5704.866656,28614.502345,16072.035288,517.332589,27920.217740,182.939533,5826.974097,2.821164,0.017343,False,False,False,False,True,True,True,1-circle,1.000000,3864.410999,21394.536943,0.574617,-0.155553,100.000000,100.000000,0.000000,0.000000,2,4,4,0.0000,0.0000,0.0000,0.5000,"Accelerate",0.015341
1902,A0100,pursuit_chase_v1,UNKNOWN,15520.143876,27933.145516,4466.854484,5623.494412,28650.221905,16072.381163,517.584023,27932.083324,237.311676,5856.828437,2.474214,0.021398,False,False,False,False,True,True,True,1-circle,1.000000,3869.849686,21139.658520,-0.709269,0.116726,100.000000,100.000000,0.000000,0.000000,2,4,4,0.0000,0.0000,0.0000,0.5000,"PursuitChaseOptimal",-0.017111
1902,B0100,aggressive,UNKNOWN,15520.143876,27933.145516,4466.854484,5623.494412,28650.221905,16072.381163,517.584023,27932.083324,237.311676,5856.828437,2.474214,0.021398,False,False,False,False,True,True,True,1-circle,1.000000,3869.849686,21139.658520,-0.709269,0.116726,100.000000,100.000000,0.000000,0.000000,2,4,4,0.0000,0.0000,0.0000,0.5000,"Accelerate",0.014536
1903,A0100,pursuit_chase_v1,UNKNOWN,15520.143876,27933.145516,4466.854484,5623.494412,28650.221905,16072.381163,517.584023,27932.083324,237.311676,5856.828437,2.474214,0.021398,False,False,False,False,True,True,True,1-circle,1.000000,3869.849686,21139.658520,-0.709269,0.116726,100.000000,100.000000,0.000000,0.000000,2,4,4,0.0000,0.0000,0.0000,0.5000,"PursuitChaseOptimal",-0.013131
1903,B0100,aggressive,UNKNOWN,15520.143876,27933.145516,4466.854484,5623.494412,28650.221905,16072.381163,517.584023,27932.083324,237.311676,5856.828437,2.474214,0.021398,False,False,False,False,True,True,True,1-circle,1.000000,3869.849686,21139.658520,-0.709269,0.116726,100.000000,100.000000,0.000000,0.000000,2,4,4,0.0000,0.0000,0.0000,0.5000,"Accelerate",0.010986
1904,A0100,pursuit_chase_v1,UNKNOWN,15521.048780,27962.564866,4437.435134,5586.959668,28687.121268,16072.723925,517.818716,27943.183845,222.010415,5878.952070,1.501408,0.009619,False,False,False,False,True,True,True,1-circle,1.000000,3875.507940,21186.928261,-0.318978,-0.096813,100.000000,100.000000,0.000000,0.000000,2,4,4,0.0000,0.0000,0.0000,0.5000,"PursuitChaseOptimal",-0.007628
1904,B0100,aggressive,UNKNOWN,15521.048780,27962.564866,4437.435134,5586.959668,28687.121268,16072.723925,517.818716,27943.183845,222.010415,5878.952070,1.501408,0.009619,False,False,False,False,True,True,True,1-circle,1.000000,3875.507940,21186.928261,-0.318978,-0.096813,100.000000,100.000000,0.000000,0.000000,2,4,4,0.0000,0.0000,0.0000,0.5000,"Accelerate",0.005969
1905,A0100,pursuit_chase_v1,UNKNOWN,15521.048780,27962.564866,4437.435134,5586.959668,28687.121268,16072.723925,517.818716,27943.183845,222.010415,5878.952070,1.501408,0.009619,False,False,False,False,True,True,True,1-circle,1.000000,3875.507940,21186.928261,-0.318978,-0.096813,100.000000,100.000000,0.000000,0.000000,2,4,4,0.0000,0.0000,0.0000,0.5000,"PursuitChaseOptimal",-0.002540
1905,B0100,aggressive,UNKNOWN,15521.048780,27962.564866,4437.435134,5586.959668,28687.121268,16072.723925,517.818716,27943.183845,222.010415,5878.952070,1.501408,0.009619,False,False,False,False,True,True,True,1-circle,1.000000,3875.507940,21186.928261,-0.318978,-0.096813,100.000000,100.000000,0.000000,0.000000,2,4,4,0.0000,0.0000,0.0000,0.5000,"Accelerate",0.001047
1906,A0100,pursuit_chase_v1,UNKNOWN,15522.140324,27990.804657,4409.195343,5581.083963,28722.916022,16073.130084,518.018857,27952.767792,191.678940,5895.090598,0.069452,0.046843,False,False,False,False,True,True,True,1-circle,1.000000,3881.048441,20941.937901,-1.553613,-0.058206,100.000000,100.000000,0.000000,0.000000,2,4,4,0.0000,0.0000,0.0000,0.5000,"PursuitChaseOptimal",0.002327
1906,B0100,aggressive,UNKNOWN,15522.140324,27990.804657,4409.195343,5581.083963,28722.916022,16073.130084,518.018857,27952.767792,191.678940,5895.090598,0.069452,0.046843,False,False,False,False,True,True,True,1-circle,1.000000,3881.048441,20941.937901,-1.553613,-0.058206,100.000000,100.000000,0.000000,0.000000,2,4,4,0.0000,0.0000,0.0000,0.5000,"Accelerate",-0.003777
1907,A0100,pursuit_chase_v1,UNKNOWN,15522.140324,27990.804657,4409.195343,5581.083963,28722.916022,16073.130084,518.018857,27952.767792,191.678940,5895.090598,0.069452,0.046843,False,False,False,False,True,True,True,1-circle,1.000000,3881.048441,20941.937901,-1.553613,-0.058206,100.000000,100.000000,0.000000,0.000000,2,4,4,0.0000,0.0000,0.0000,0.5000,"PursuitChaseOptimal",0.006794
1907,B0100,aggressive,UNKNOWN,15522.140324,27990.804657,4409.195343,5581.083963,28722.916022,16073.130084,518.018857,27952.767792,191.678940,5895.090598,0.069452,0.046843,False,False,False,False,True,True,True,1-circle,1.000000,3881.048441,20941.937901,-1.553613,-0.058206,100.000000,100.000000,0.000000,0.000000,2,4,4,0.0000,0.0000,0.0000,0.5000,"Accelerate",-0.007756
1908,A0100,pursuit_chase_v1,UNKNOWN,15523.478475,28012.120361,4387.879639,5592.576636,28758.992341,16073.447562,518.369201,27969.159484,327.833847,5927.528311,-1.856656,0.024504,False,False,False,False,True,True,True,1-circle,1.000000,3886.408830,21345.233249,0.813344,-0.278506,100.000000,100.000000,0.000000,0.000000,2,4,4,0.0000,0.0000,0.0000,0.5000,"PursuitChaseOptimal",0.009215
1908,B0100,aggressive,UNKNOWN,15523.478475,28012.120361,4387.879639,5592.576636,28758.992341,16073.447562,518.369201,27969.159484,327.833847,5927.528311,-1.856656,0.024504,False,False,False,False,True,True,True,1-circle,1.000000,3886.408830,21345.233249,0.813344,-0.278506,100.000000,100.000000,0.000000,0.000000,2,4,4,0.0000,0.0000,0.0000,0.5000,"Accelerate",-0.009811
1909,A0100,pursuit_chase_v1,UNKNOWN,15523.478475,28012.120361,4387.879639,5592.576636,28758.992341,16073.447562,518.369201,27969.159484,327.833847,5927.528311,-1.856656,0.024504,False,False,False,False,True,True,True,1-circle,1.000000,3886.408830,21345.233249,0.813344,-0.278506,100.000000,100.000000,0.000000,0.000000,2,4,4,0.0000,0.0000,0.0000,0.5000,"PursuitChaseOptimal",0.006510
1909,B0100,aggressive,UNKNOWN,15523.478475,28012.120361,4387.879639,5592.576636,28758.992341,16073.447562,518.369201,27969.159484,327.833847,5927.528311,-1.856656,0.024504,False,False,False,False,True,True,True,1-circle,1.000000,3886.408830,21345.233249,0.813344,-0.278506,100.000000,100.000000,0.000000,0.000000,2,4,4,0.0000,0.0000,0.0000,0.5000,"Accelerate",-0.007200
1910,A0100,pursuit_chase_v1,UNKNOWN,15525.085446,28044.010313,4355.989687,5604.921209,28797.375220,16073.735779,518.465833,27973.883184,94.474001,5948.030613,-4.012775,0.039804,False,False,False,False,True,True,True,1-circle,1.000000,3891.395796,20937.980900,-1.321296,-0.323000,100.000000,100.000000,0.000000,0.000000,2,4,4,0.0000,0.0000,0.0000,0.5000,"PursuitChaseOptimal",-0.000259
1910,B0100,aggressive,UNKNOWN,15525.085446,28044.010313,4355.989687,5604.921209,28797.375220,16073.735779,518.465833,27973.883184,94.474001,5948.030613,-4.012775,0.039804,False,False,False,False,True,True,True,1-circle,1.000000,3891.395796,20937.980900,-1.321296,-0.323000,100.000000,100.000000,0.000000,0.000000,2,4,4,0.0000,0.0000,0.0000,0.5000,"Accelerate",-0.001066
1911,A0100,pursuit_chase_v1,UNKNOWN,15525.085446,28044.010313,4355.989687,5604.921209,28797.375220,16073.735779,518.465833,27973.883184,94.474001,5948.030613,-4.012775,0.039804,False,False,False,False,True,True,True,1-circle,1.000000,3891.395796,20937.980900,-1.321296,-0.323000,100.000000,100.000000,0.000000,0.000000,2,4,4,0.0000,0.0000,0.0000,0.5000,"PursuitChaseOptimal",-0.008014
1911,B0100,aggressive,UNKNOWN,15525.085446,28044.010313,4355.989687,5604.921209,28797.375220,16073.735779,518.465833,27973.883184,94.474001,5948.030613,-4.012775,0.039804,False,False,False,False,True,True,True,1-circle,1.000000,3891.395796,20937.980900,-1.321296,-0.323000,100.000000,100.000000,0.000000,0.000000,2,4,4,0.0000,0.0000,0.0000,0.5000,"Accelerate",0.005695
1912,A0100,pursuit_chase_v1,UNKNOWN,15526.965914,28065.682623,4334.317377,5612.810527,28833.420761,16074.008228,518.770809,27988.159746,285.531240,5980.682970,-5.870185,0.006037,False,False,False,False,True,True,True,1-circle,1.000000,3896.040179,21188.685605,0.200545,-0.189653,100.000000,100.000000,0.000000,0.000000,2,4,4,0.0000,0.0000,0.0000,0.5000,"PursuitChaseOptimal",-0.017177
1912,B0100,aggressive,UNKNOWN,15526.965914,28065.682623,4334.317377,5612.810527,28833.420761,16074.008228,518.770809,27988.159746,285.531240,5980.682970,-5.870185,0.006037,False,False,False,False,True,True,True,1-circle,1.000000,3896.040179,21188.685605,0.200545,-0.189653,100.000000,100.000000,0.000000,0.000000,2,4,4,0.0000,0.0000,0.0000,0.5000,"Accelerate",0.014598
1913,A0100,pursuit_chase_v1,UNKNOWN,15526.965914,28065.682623,4334.317377,5612.810527,28833.420761,16074.008228,518.770809,27988.159746,285.531240,5980.682970,-5.870185,0.006037,False,False,False,False,True,True,True,1-circle,1.000000,3896.040179,21188.685605,0.200545,-0.189653,100.000000,100.000000,0.000000,0.000000,2,4,4,0.0000,0.0000,0.0000,0.5000,"PursuitChaseOptimal",-0.027171
1913,B0100,aggressive,UNKNOWN,15526.965914,28065.682623,4334.317377,5612.810527,28833.420761,16074.008228,518.770809,27988.159746,285.531240,5980.682970,-5.870185,0.006037,False,False,False,False,True,True,True,1-circle,1.000000,3896.040179,21188.685605,0.200545,-0.189653,100.000000,100.000000,0.000000,0.000000,2,4,4,0.0000,0.0000,0.0000,0.5000,"Accelerate",0.024110
1914,A0100,pursuit_chase_v1,UNKNOWN,15529.111391,28093.511068,4306.488932,5611.175173,28869.249056,16074.196802,518.947506,27996.465808,166.121234,6002.789397,-7.376180,0.018539,False,False,False,False,True,True,True,1-circle,1.000000,3900.583527,21240.348878,0.616031,-0.305222,100.000000,100.000000,0.000000,0.000000,2,4,4,0.0000,0.0000,0.0000,0.5000,"PursuitChaseOptimal",-0.034358
1914,B0100,aggressive,UNKNOWN,15529.111391,28093.511068,4306.488932,5611.175173,28869.249056,16074.196802,518.947506,27996.465808,166.121234,6002.789397,-7.376180,0.018539,False,False,False,False,True,True,True,1-circle,1.000000,3900.583527,21240.348878,0.616031,-0.305222,100.000000,100.000000,0.000000,0.000000,2,4,4,0.0000,0.0000,0.0000,0.5000,"Accelerate",0.030776
1915,A0100,pursuit_chase_v1,UNKNOWN,15529.111391,28093.511068,4306.488932,5611.175173,28869.249056,16074.196802,518.947506,27996.465808,166.121234,6002.789397,-7.376180,0.018539,False,False,False,False,True,True,True,1-circle,1.000000,3900.583527,21240.348878,0.616031,-0.305222,100.000000,100.000000,0.000000,0.000000,2,4,4,0.0000,0.0000,0.0000,0.5000,"PursuitChaseOptimal",-0.037352
1915,B0100,aggressive,UNKNOWN,15529.111391,28093.511068,4306.488932,5611.175173,28869.249056,16074.196802,518.947506,27996.465808,166.121234,6002.789397,-7.376180,0.018539,False,False,False,False,True,True,True,1-circle,1.000000,3900.583527,21240.348878,0.616031,-0.305222,100.000000,100.000000,0.000000,0.000000,2,4,4,0.0000,0.0000,0.0000,0.5000,"Accelerate",0.033724
1916,A0100,pursuit_chase_v1,UNKNOWN,15531.498164,28123.131629,4276.868371,5609.423104,28904.846737,16074.452557,519.176860,28007.262198,215.927812,6030.857062,-8.897241,0.019331,False,False,False,False,True,True,True,1-circle,1.000000,3905.046846,20990.845720,-0.642597,-0.007612,100.000000,100.000000,0.000000,0.000000,2,4,4,0.0000,0.0000,0.0000,0.5000,"PursuitChaseOptimal",-0.022775
1916,B0100,aggressive,UNKNOWN,15531.498164,28123.131629,4276.868371,5609.423104,28904.846737,16074.452557,519.176860,28007.262198,215.927812,6030.857062,-8.897241,0.019331,False,False,False,False,True,True,True,1-circle,1.000000,3905.046846,20990.845720,-0.642597,-0.007612,100.000000,100.000000,0.000000,0.000000,2,4,4,0.0000,0.0000,0.0000,0.5000,"Accelerate",0.019921
1917,A0100,pursuit_chase_v1,UNKNOWN,15531.498164,28123.131629,4276.868371,5609.423104,28904.846737,16074.452557,519.176860,28007.262198,215.927812,6030.857062,-8.897241,0.019331,False,False,False,False,True,True,True,1-circle,1.000000,3905.046846,20990.845720,-0.642597,-0.007612,100.000000,100.000000,0.000000,0.000000,2,4,4,0.0000,0.0000,0.0000,0.5000,"PursuitChaseOptimal",-0.011881
1917,B0100,aggressive,UNKNOWN,15531.498164,28123.131629,4276.868371,5609.423104,28904.846737,16074.452557,519.176860,28007.262198,215.927812,6030.857062,-8.897241,0.019331,False,False,False,False,True,True,True,1-circle,1.000000,3905.046846,20990.845720,-0.642597,-0.007612,100.000000,100.000000,0.000000,0.000000,2,4,4,0.0000,0.0000,0.0000,0.5000,"Accelerate",0.009916
1918,A0100,pursuit_chase_v1,UNKNOWN,15534.162681,28152.069130,4247.930870,5612.329056,28942.103770,16074.693071,519.391120,28017.353898,201.833999,6061.050479,-10.752852,0.006313,False,False,False,False,True,True,True,1-circle,1.000000,3909.464042,21045.927759,-0.209951,-0.204603,100.000000,100.000000,0.000000,0.000000,2,5,4,0.0000,0.0000,0.0000,0.5000,"PursuitChaseOptimal",-0.001188
1918,B0100,aggressive,UNKNOWN,15534.162681,28152.069130,4247.930870,5612.329056,28942.103770,16074.693071,519.391120,28017.353898,201.833999,6061.050479,-10.752852,0.006313,False,False,False,False,True,True,True,1-circle,1.000000,3909.464042,21045.927759,-0.209951,-0.204603,100.000000,100.000000,0.000000,0.000000,2,4,4,0.0000,0.0000,0.0000,0.5000,"Accelerate",0.000018
1919,A0100,pursuit_chase_v1,UNKNOWN,15534.162681,28152.069130,4247.930870,5612.329056,28942.103770,16074.693071,519.391120,28017.353898,201.833999,6061.050479,-10.752852,0.006313,False,False,False,False,True,True,True,1-circle,1.000000,3909.464042,21045.927759,-0.209951,-0.204603,100.000000,100.000000,0.000000,0.000000,2,5,4,0.0000,0.0000,0.0000,0.5000,"PursuitChaseOptimal",0.024314
1919,B0100,aggressive,UNKNOWN,15534.162681,28152.069130,4247.930870,5612.329056,28942.103770,16074.693071,519.391120,28017.353898,201.833999,6061.050479,-10.752852,0.006313,False,False,False,False,True,True,True,1-circle,1.000000,3909.464042,21045.927759,-0.209951,-0.204603,100.000000,100.000000,0.000000,0.000000,2,4,4,0.0000,0.0000,0.0000,0.5000,"Accelerate",-0.024003
1920,A0100,pursuit_chase_v1,UNKNOWN,15537.085418,28180.224489,4219.775511,5624.346931,28978.270014,16074.991590,519.572721,28026.005207,173.026166,6077.925252,-12.831238,0.042663,False,False,False,False,True,True,True,1-circle,1.000000,3913.522943,20805.313608,-1.418986,-0.152058,100.000000,100.000000,0.000000,0.000000,2,5,4,0.0000,0.0000,0.0000,0.5000,"PursuitChaseOptimal",0.044777
1920,B0100,aggressive,UNKNOWN,15537.085418,28180.224489,4219.775511,5624.346931,28978.270014,16074.991590,519.572721,28026.005207,173.026166,6077.925252,-12.831238,0.042663,False,False,False,False,True,True,True,1-circle,1.000000,3913.522943,20805.313608,-1.418986,-0.152058,100.000000,100.000000,0.000000,0.000000,2,4,4,0.0000,0.0000,0.0000,0.5000,"Accelerate",-0.043345
1921,A0100,pursuit_chase_v1,UNKNOWN,15537.085418,28180.224489,4219.775511,5624.346931,28978.270014,16074.991590,519.572721,28026.005207,173.026166,6077.925252,-12.831238,0.042663,False,False,False,False,True,True,True,1-circle,1.000000,3913.522943,20805.313608,-1.418986,-0.152058,100.000000,100.000000,0.000000,0.000000,2,5,4,0.0000,0.0000,0.0000,0.5000,"PursuitChaseOptimal",0.056935
1921,B0100,aggressive,UNKNOWN,15537.085418,28180.224489,4219.775511,5624.346931,28978.270014,16074.991590,519.572721,28026.005207,173.026166,6077.925252,-12.831238,0.042663,False,False,False,False,True,True,True,1-circle,1.000000,3913.522943,20805.313608,-1.418986,-0.152058,100.000000,100.000000,0.000000,0.000000,2,4,4,0.0000,0.0000,0.0000,0.5000,"Accelerate",-0.054298
1922,A0100,pursuit_chase_v1,UNKNOWN,15540.258171,28202.139421,4197.860579,5642.263546,29014.843726,16075.200006,519.880537,28040.378334,287.462544,6093.835216,-15.300929,0.029577,False,False,False,False,True,True,True,1-circle,1.000000,3917.017879,21214.475366,0.984400,-0.355960,100.000000,100.000000,0.000000,0.000000,2,5,4,0.0000,0.0000,0.0000,0.5000,"PursuitChaseOptimal",0.061489
1922,B0100,aggressive,UNKNOWN,15540.258171,28202.139421,4197.860579,5642.263546,29014.843726,16075.200006,519.880537,28040.378334,287.462544,6093.835216,-15.300929,0.029577,False,False,False,False,True,True,True,1-circle,1.000000,3917.017879,21214.475366,0.984400,-0.355960,100.000000,100.000000,0.000000,0.000000,2,4,4,0.0000,0.0000,0.0000,0.5000,"Accelerate",-0.058044
1923,A0100,pursuit_chase_v1,UNKNOWN,15540.258171,28202.139421,4197.860579,5642.263546,29014.843726,16075.200006,519.880537,28040.378334,287.462544,6093.835216,-15.300929,0.029577,False,False,False,False,True,True,True,1-circle,1.000000,3917.017879,21214.475366,0.984400,-0.355960,100.000000,100.000000,0.000000,0.000000,2,5,4,0.0000,0.0000,0.0000,0.5000,"PursuitChaseOptimal",0.051173
1923,B0100,aggressive,UNKNOWN,15540.258171,28202.139421,4197.860579,5642.263546,29014.843726,16075.200006,519.880537,28040.378334,287.462544,6093.835216,-15.300929,0.029577,False,False,False,False,True,True,True,1-circle,1.000000,3917.017879,21214.475366,0.984400,-0.355960,100.000000,100.000000,0.000000,0.000000,2,4,4,0.0000,0.0000,0.0000,0.5000,"Accelerate",-0.048321
1924,A0100,pursuit_chase_v1,UNKNOWN,15543.653302,28237.677621,4162.322379,5670.838802,29053.638961,16075.419478,519.998009,28046.005707,112.547461,6082.827994,-18.090289,0.034336,False,False,False,False,True,True,True,1-circle,1.000000,3919.561331,20807.204853,-1.142978,-0.142381,100.000000,100.000000,0.000000,0.000000,2,5,4,0.0000,0.0000,0.0000,0.5000,"PursuitChaseOptimal",0.029479
1924,B0100,aggressive,UNKNOWN,15543.653302,28237.677621,4162.322379,5670.838802,29053.638961,16075.419478,519.998009,28046.005707,112.547461,6082.827994,-18.090289,0.034336,False,False,False,False,True,True,True,1-circle,1.000000,3919.561331,20807.204853,-1.142978,-0.142381,100.000000,100.000000,0.000000,0.000000,2,4,4,0.0000,0.0000,0.0000,0.5000,"Accelerate",-0.028341
1925,A0100,pursuit_chase_v1,UNKNOWN,15543.653302,28237.677621,4162.322379,5670.838802,29053.638961,16075.419478,519.998009,28046.005707,112.547461,6082.827994,-18.090289,0.034336,False,False,False,False,True,True,True,1-circle,1.000000,3919.561331,20807.204853,-1.142978,-0.142381,100.000000,100.000000,0.000000,0.000000,2,5,4,0.0000,0.0000,0.0000,0.5000,"PursuitChaseOptimal",0.013397
1925,B0100,aggressive,UNKNOWN,15543.653302,28237.677621,4162.322379,5670.838802,29053.638961,16075.419478,519.998009,28046.005707,112.547461,6082.827994,-18.090289,0.034336,False,False,False,False,True,True,True,1-circle,1.000000,3919.561331,20807.204853,-1.142978,-0.142381,100.000000,100.000000,0.000000,0.000000,2,4,4,0.0000,0.0000,0.0000,0.5000,"Accelerate",-0.013691
1926,A0100,pursuit_chase_v1,UNKNOWN,15547.276240,28263.635637,4136.364363,5698.771438,29088.663744,16075.680374,520.267275,28058.667053,253.226918,6082.185308,-20.407491,0.005033,False,False,False,False,True,True,True,1-circle,1.000000,3921.177149,21017.879104,0.167640,-0.052292,100.000000,100.000000,0.000000,0.000000,2,5,4,0.0000,0.0000,0.0000,0.5000,"PursuitChaseOptimal",-0.010144
1926,B0100,aggressive,UNKNOWN,15547.276240,28263.635637,4136.364363,5698.771438,29088.663744,16075.680374,520.267275,28058.667053,253.226918,6082.185308,-20.407491,0.005033,False,False,False,False,True,True,True,1-circle,1.000000,3921.177149,21017.879104,0.167640,-0.052292,100.000000,100.000000,0.000000,0.000000,2,4,4,0.0000,0.0000,0.0000,0.5000,"Accelerate",0.008142
1927,A0100,pursuit_chase_v1,UNKNOWN,15547.276240,28263.635637,4136.364363,5698.771438,29088.663744,16075.680374,520.267275,28058.667053,253.226918,6082.185308,-20.407491,0.005033,False,False,False,False,True,True,True,1-circle,1.000000,3921.177149,21017.879104,0.167640,-0.052292,100.000000,100.000000,0.000000,0.000000,2,5,4,0.0000,0.0000,0.0000,0.5000,"PursuitChaseOptimal",-0.014319
1927,B0100,aggressive,UNKNOWN,15547.276240,28263.635637,4136.364363,5698.771438,29088.663744,16075.680374,520.267275,28058.667053,253.226918,6082.185308,-20.407491,0.005033,False,False,False,False,True,True,True,1-circle,1.000000,3921.177149,21017.879104,0.167640,-0.052292,100.000000,100.000000,0.000000,0.000000,2,4,4,0.0000,0.0000,0.0000,0.5000,"Accelerate",0.012072
1928,A0100,pursuit_chase_v1,UNKNOWN,15551.095852,28299.968408,4100.031592,5674.504944,29128.773389,16075.968171,520.364749,28063.445387,95.566688,6072.894740,-21.341631,0.059242,False,False,False,False,True,True,True,1-circle,1.000000,3922.391266,20607.171537,-1.972835,-0.211847,100.000000,100.000000,0.000000,0.000000,2,5,4,0.0000,0.0000,0.0000,0.5000,"PursuitChaseOptimal",-0.009716
1928,B0100,aggressive,UNKNOWN,15551.095852,28299.968408,4100.031592,5674.504944,29128.773389,16075.968171,520.364749,28063.445387,95.566688,6072.894740,-21.341631,0.059242,False,False,False,False,True,True,True,1-circle,1.000000,3922.391266,20607.171537,-1.972835,-0.211847,100.000000,100.000000,0.000000,0.000000,2,4,4,0.0000,0.0000,0.0000,0.5000,"Accelerate",0.007625
1929,A0100,pursuit_chase_v1,UNKNOWN,15551.095852,28299.968408,4100.031592,5674.504944,29128.773389,16075.968171,520.364749,28063.445387,95.566688,6072.894740,-21.341631,0.059242,False,False,False,False,True,True,True,1-circle,1.000000,3922.391266,20607.171537,-1.972835,-0.211847,100.000000,100.000000,0.000000,0.000000,2,5,4,0.0000,0.0000,0.0000,0.5000,"PursuitChaseOptimal",-0.007097
1929,B0100,aggressive,UNKNOWN,15551.095852,28299.968408,4100.031592,5674.504944,29128.773389,16075.968171,520.364749,28063.445387,95.566688,6072.894740,-21.341631,0.059242,False,False,False,False,True,True,True,1-circle,1.000000,3922.391266,20607.171537,-1.972835,-0.211847,100.000000,100.000000,0.000000,0.000000,2,4,4,0.0000,0.0000,0.0000,0.5000,"Accelerate",0.004898
1930,A0100,pursuit_chase_v1,UNKNOWN,15554.980753,28321.594063,4078.405937,5607.963736,29164.417922,16076.260615,520.674162,28077.997777,291.047796,6068.992150,-20.876642,0.011994,False,False,False,False,True,True,True,1-circle,1.000000,3923.776545,20865.566572,-0.399789,-0.220699,100.000000,100.000000,0.000000,0.000000,2,5,4,0.0000,0.0000,0.0000,0.5000,"PursuitChaseOptimal",-0.004957
1930,B0100,aggressive,UNKNOWN,15554.980753,28321.594063,4078.405937,5607.963736,29164.417922,16076.260615,520.674162,28077.997777,291.047796,6068.992150,-20.876642,0.011994,False,False,False,False,True,True,True,1-circle,1.000000,3923.776545,20865.566572,-0.399789,-0.220699,100.000000,100.000000,0.000000,0.000000,2,4,4,0.0000,0.0000,0.0000,0.5000,"Accelerate",0.003110
1931,A0100,pursuit_chase_v1,UNKNOWN,15554.980753,28321.594063,4078.405937,5607.963736,29164.417922,16076.260615,520.674162,28077.997777,291.047796,6068.992150,-20.876642,0.011994,False,False,False,False,True,True,True,1-circle,1.000000,3923.776545,20865.566572,-0.399789,-0.220699,100.000000,100.000000,0.000000,0.000000,2,5,4,0.0000,0.0000,0.0000,0.5000,"PursuitChaseOptimal",-0.002214
1931,B0100,aggressive,UNKNOWN,15554.980753,28321.594063,4078.405937,5607.963736,29164.417922,16076.260615,520.674162,28077.997777,291.047796,6068.992150,-20.876642,0.011994,False,False,False,False,True,True,True,1-circle,1.000000,3923.776545,20865.566572,-0.399789,-0.220699,100.000000,100.000000,0.000000,0.000000,2,4,4,0.0000,0.0000,0.0000,0.5000,"Accelerate",0.000813
1932,A0100,pursuit_chase_v1,UNKNOWN,15558.878309,28348.612760,4051.387240,5507.239040,29201.991143,16076.459141,520.856038,28086.582405,171.692562,6070.584436,-19.956816,0.002355,False,False,False,False,True,True,True,1-circle,1.000000,3925.706138,20928.125559,0.078511,-0.458387,100.000000,100.000000,0.000000,0.000000,2,5,4,0.0000,0.0000,0.0000,0.5000,"PursuitChaseOptimal",0.000763
1932,B0100,aggressive,UNKNOWN,15558.878309,28348.612760,4051.387240,5507.239040,29201.991143,16076.459141,520.856038,28086.582405,171.692562,6070.584436,-19.956816,0.002355,False,False,False,False,True,True,True,1-circle,1.000000,3925.706138,20928.125559,0.078511,-0.458387,100.000000,100.000000,0.000000,0.000000,2,4,4,0.0000,0.0000,0.0000,0.5000,"Accelerate",-0.001798
1933,A0100,pursuit_chase_v1,UNKNOWN,15558.878309,28348.612760,4051.387240,5507.239040,29201.991143,16076.459141,520.856038,28086.582405,171.692562,6070.584436,-19.956816,0.002355,False,False,False,False,True,True,True,1-circle,1.000000,3925.706138,20928.125559,0.078511,-0.458387,100.000000,100.000000,0.000000,0.000000,2,5,4,0.0000,0.0000,0.0000,0.5000,"PursuitChaseOptimal",0.003635
1933,B0100,aggressive,UNKNOWN,15558.878309,28348.612760,4051.387240,5507.239040,29201.991143,16076.459141,520.856038,28086.582405,171.692562,6070.584436,-19.956816,0.002355,False,False,False,False,True,True,True,1-circle,1.000000,3925.706138,20928.125559,0.078511,-0.458387,100.000000,100.000000,0.000000,0.000000,2,4,4,0.0000,0.0000,0.0000,0.5000,"Accelerate",-0.004579
1934,A0100,pursuit_chase_v1,UNKNOWN,15562.758367,28375.668886,4024.331114,5387.988560,29237.368493,16076.686705,521.005588,28093.707742,142.506735,6088.975443,-18.998780,0.032114,False,False,False,False,True,True,True,1-circle,1.000000,3928.206504,20699.042919,-1.070957,-0.232745,100.000000,100.000000,0.000000,0.000000,2,5,4,0.0000,0.0000,0.0000,0.5000,"PursuitChaseOptimal",0.006400
1934,B0100,aggressive,UNKNOWN,15562.758367,28375.668886,4024.331114,5387.988560,29237.368493,16076.686705,521.005588,28093.707742,142.506735,6088.975443,-18.998780,0.032114,False,False,False,False,True,True,True,1-circle,1.000000,3928.206504,20699.042919,-1.070957,-0.232745,100.000000,100.000000,0.000000,0.000000,2,4,4,0.0000,0.0000,0.0000,0.5000,"Accelerate",-0.007533
1935,A0100,pursuit_chase_v1,UNKNOWN,15562.758367,28375.668886,4024.331114,5387.988560,29237.368493,16076.686705,521.005588,28093.707742,142.506735,6088.975443,-18.998780,0.032114,False,False,False,False,True,True,True,1-circle,1.000000,3928.206504,20699.042919,-1.070957,-0.232745,100.000000,100.000000,0.000000,0.000000,2,5,4,0.0000,0.0000,0.0000,0.5000,"PursuitChaseOptimal",0.009306
1935,B0100,aggressive,UNKNOWN,15562.758367,28375.668886,4024.331114,5387.988560,29237.368493,16076.686705,521.005588,28093.707742,142.506735,6088.975443,-18.998780,0.032114,False,False,False,False,True,True,True,1-circle,1.000000,3928.206504,20699.042919,-1.070957,-0.232745,100.000000,100.000000,0.000000,0.000000,2,4,4,0.0000,0.0000,0.0000,0.5000,"Accelerate",-0.009782
1936,A0100,pursuit_chase_v1,UNKNOWN,15566.656698,28394.939134,4005.060866,5257.489549,29272.004622,16076.826506,521.288006,28106.879008,263.425328,6124.762832,-18.041120,0.039171,False,False,False,False,True,True,True,1-circle,1.000000,3931.439792,21106.426894,1.306899,-0.379157,100.000000,100.000000,0.000000,0.000000,2,5,4,0.0000,0.0000,0.0000,0.5000,"PursuitChaseOptimal",0.012374
1936,B0100,aggressive,UNKNOWN,15566.656698,28394.939134,4005.060866,5257.489549,29272.004622,16076.826506,521.288006,28106.879008,263.425328,6124.762832,-18.041120,0.039171,False,False,False,False,True,True,True,1-circle,1.000000,3931.439792,21106.426894,1.306899,-0.379157,100.000000,100.000000,0.000000,0.000000,2,4,4,0.0000,0.0000,0.0000,0.5000,"Accelerate",-0.012327
1937,A0100,pursuit_chase_v1,UNKNOWN,15566.656698,28394.939134,4005.060866,5257.489549,29272.004622,16076.826506,521.288006,28106.879008,263.425328,6124.762832,-18.041120,0.039171,False,False,False,False,True,True,True,1-circle,1.000000,3931.439792,21106.426894,1.306899,-0.379157,100.000000,100.000000,0.000000,0.000000,2,5,4,0.0000,0.0000,0.0000,0.5000,"PursuitChaseOptimal",0.015584
1937,B0100,aggressive,UNKNOWN,15566.656698,28394.939134,4005.060866,5257.489549,29272.004622,16076.826506,521.288006,28106.879008,263.425328,6124.762832,-18.041120,0.039171,False,False,False,False,True,True,True,1-circle,1.000000,3931.439792,21106.426894,1.306899,-0.379157,100.000000,100.000000,0.000000,0.000000,2,4,4,0.0000,0.0000,0.0000,0.5000,"Accelerate",-0.015294
1938,A0100,pursuit_chase_v1,UNKNOWN,15570.563996,28427.764716,3972.235284,5113.702610,29308.977022,16076.975073,521.390914,28111.777787,97.975585,6155.397249,-17.314181,0.023434,False,False,False,False,True,True,True,1-circle,1.000000,3935.298239,20711.244683,-0.782069,-0.198091,100.000000,100.000000,0.000000,0.000000,2,4,4,0.0000,0.0000,0.0000,0.5000,"PursuitChaseOptimal",0.023631
1938,B0100,aggressive,UNKNOWN,15570.563996,28427.764716,3972.235284,5113.702610,29308.977022,16076.975073,521.390914,28111.777787,97.975585,6155.397249,-17.314181,0.023434,False,False,False,False,True,True,True,1-circle,1.000000,3935.298239,20711.244683,-0.782069,-0.198091,100.000000,100.000000,0.000000,0.000000,2,4,4,0.0000,0.0000,0.0000,0.5000,"Accelerate",-0.022592
1939,A0100,pursuit_chase_v1,UNKNOWN,15570.563996,28427.764716,3972.235284,5113.702610,29308.977022,16076.975073,521.390914,28111.777787,97.975585,6155.397249,-17.314181,0.023434,False,False,False,False,True,True,True,1-circle,1.000000,3935.298239,20711.244683,-0.782069,-0.198091,100.000000,100.000000,0.000000,0.000000,2,4,4,0.0000,0.0000,0.0000,0.5000,"PursuitChaseOptimal",0.017363
1939,B0100,aggressive,UNKNOWN,15570.563996,28427.764716,3972.235284,5113.702610,29308.977022,16076.975073,521.390914,28111.777787,97.975585,6155.397249,-17.314181,0.023434,False,False,False,False,True,True,True,1-circle,1.000000,3935.298239,20711.244683,-0.782069,-0.198091,100.000000,100.000000,0.000000,0.000000,2,4,4,0.0000,0.0000,0.0000,0.5000,"Accelerate",-0.017056
1940,A0100,pursuit_chase_v1,UNKNOWN,15574.487221,28447.022477,3952.977523,4969.418334,29338.119296,16077.162203,521.652654,28124.050967,245.463584,6198.308652,-16.504745,0.016645,False,False,False,False,True,True,True,1-circle,1.000000,3939.708921,20934.282186,0.555785,-0.102322,100.000000,100.000000,0.000000,0.000000,2,4,4,0.0000,0.0000,0.0000,0.5000,"PursuitChaseOptimal",0.016511
1940,B0100,aggressive,UNKNOWN,15574.487221,28447.022477,3952.977523,4969.418334,29338.119296,16077.162203,521.652654,28124.050967,245.463584,6198.308652,-16.504745,0.016645,False,False,False,False,True,True,True,1-circle,1.000000,3939.708921,20934.282186,0.555785,-0.102322,100.000000,100.000000,0.000000,0.000000,2,4,4,0.0000,0.0000,0.0000,0.5000,"Accelerate",-0.016061
1941,A0100,pursuit_chase_v1,UNKNOWN,15574.487221,28447.022477,3952.977523,4969.418334,29338.119296,16077.162203,521.652654,28124.050967,245.463584,6198.308652,-16.504745,0.016645,False,False,False,False,True,True,True,1-circle,1.000000,3939.708921,20934.282186,0.555785,-0.102322,100.000000,100.000000,0.000000,0.000000,2,4,4,0.0000,0.0000,0.0000,0.5000,"PursuitChaseOptimal",0.002959
1941,B0100,aggressive,UNKNOWN,15574.487221,28447.022477,3952.977523,4969.418334,29338.119296,16077.162203,521.652654,28124.050967,245.463584,6198.308652,-16.504745,0.016645,False,False,False,False,True,True,True,1-circle,1.000000,3939.708921,20934.282186,0.555785,-0.102322,100.000000,100.000000,0.000000,0.000000,2,4,4,0.0000,0.0000,0.0000,0.5000,"Accelerate",-0.003508
1942,A0100,pursuit_chase_v1,UNKNOWN,15578.426092,28476.923429,3923.076571,4830.103153,29372.797327,16077.373858,521.743434,28128.455896,88.098585,6225.976267,-15.928124,0.046177,False,False,False,False,True,True,True,1-circle,1.000000,3944.654437,20540.296548,-1.541779,-0.259719,100.000000,100.000000,0.000000,0.000000,2,4,4,0.0000,0.0000,0.0000,0.5000,"PursuitChaseOptimal",-0.005798
1942,B0100,aggressive,UNKNOWN,15578.426092,28476.923429,3923.076571,4830.103153,29372.797327,16077.373858,521.743434,28128.455896,88.098585,6225.976267,-15.928124,0.046177,False,False,False,False,True,True,True,1-circle,1.000000,3944.654437,20540.296548,-1.541779,-0.259719,100.000000,100.000000,0.000000,0.000000,2,4,4,0.0000,0.0000,0.0000,0.5000,"Accelerate",0.004299
1943,A0100,pursuit_chase_v1,UNKNOWN,15578.426092,28476.923429,3923.076571,4830.103153,29372.797327,16077.373858,521.743434,28128.455896,88.098585,6225.976267,-15.928124,0.046177,False,False,False,False,True,True,True,1-circle,1.000000,3944.654437,20540.296548,-1.541779,-0.259719,100.000000,100.000000,0.000000,0.000000,2,4,4,0.0000,0.0000,0.0000,0.5000,"PursuitChaseOptimal",-0.008595
1943,B0100,aggressive,UNKNOWN,15578.426092,28476.923429,3923.076571,4830.103153,29372.797327,16077.373858,521.743434,28128.455896,88.098585,6225.976267,-15.928124,0.046177,False,False,False,False,True,True,True,1-circle,1.000000,3944.654437,20540.296548,-1.541779,-0.259719,100.000000,100.000000,0.000000,0.000000,2,4,4,0.0000,0.0000,0.0000,0.5000,"Accelerate",0.006550
1944,A0100,pursuit_chase_v1,UNKNOWN,15582.416307,28491.213836,3908.786164,4747.860600,29402.468649,16077.588484,522.045827,28142.643733,283.756735,6258.001509,-15.815572,0.001314,False,False,False,False,True,True,True,1-circle,1.000000,3950.050074,20810.398391,0.043919,-0.267097,100.000000,100.000000,0.000000,0.000000,2,4,4,0.0000,0.0000,0.0000,0.5000,"PursuitChaseOptimal",-0.008311
1944,B0100,aggressive,UNKNOWN,15582.416307,28491.213836,3908.786164,4747.860600,29402.468649,16077.588484,522.045827,28142.643733,283.756735,6258.001509,-15.815572,0.001314,False,False,False,False,True,True,True,1-circle,1.000000,3950.050074,20810.398391,0.043919,-0.267097,100.000000,100.000000,0.000000,0.000000,2,4,4,0.0000,0.0000,0.0000,0.5000,"Accelerate",0.006553
1945,A0100,pursuit_chase_v1,UNKNOWN,15582.416307,28491.213836,3908.786164,4747.860600,29402.468649,16077.588484,522.045827,28142.643733,283.756735,6258.001509,-15.815572,0.001314,False,False,False,False,True,True,True,1-circle,1.000000,3950.050074,20810.398391,0.043919,-0.267097,100.000000,100.000000,0.000000,0.000000,2,4,4,0.0000,0.0000,0.0000,0.5000,"PursuitChaseOptimal",-0.004414
1945,B0100,aggressive,UNKNOWN,15582.416307,28491.213836,3908.786164,4747.860600,29402.468649,16077.588484,522.045827,28142.643733,283.756735,6258.001509,-15.815572,0.001314,False,False,False,False,True,True,True,1-circle,1.000000,3950.050074,20810.398391,0.043919,-0.267097,100.000000,100.000000,0.000000,0.000000,2,4,4,0.0000,0.0000,0.0000,0.5000,"Accelerate",0.003329
1946,A0100,pursuit_chase_v1,UNKNOWN,15586.519916,28514.321609,3885.678391,4708.904542,29434.159564,16077.727462,522.176670,28148.831331,123.751974,6272.763393,-16.386195,0.015254,False,False,False,False,True,True,True,1-circle,1.000000,3955.711480,20879.584017,0.509794,-0.343640,100.000000,100.000000,0.000000,0.000000,2,4,4,0.0000,0.0000,0.0000,0.5000,"PursuitChaseOptimal",0.001401
1946,B0100,aggressive,UNKNOWN,15586.519916,28514.321609,3885.678391,4708.904542,29434.159564,16077.727462,522.176670,28148.831331,123.751974,6272.763393,-16.386195,0.015254,False,False,False,False,True,True,True,1-circle,1.000000,3955.711480,20879.584017,0.509794,-0.343640,100.000000,100.000000,0.000000,0.000000,2,4,4,0.0000,0.0000,0.0000,0.5000,"Accelerate",-0.001963
1947,A0100,pursuit_chase_v1,UNKNOWN,15586.519916,28514.321609,3885.678391,4708.904542,29434.159564,16077.727462,522.176670,28148.831331,123.751974,6272.763393,-16.386195,0.015254,False,False,False,False,True,True,True,1-circle,1.000000,3955.711480,20879.584017,0.509794,-0.343640,100.000000,100.000000,0.000000,0.000000,2,4,4,0.0000,0.0000,0.0000,0.5000,"PursuitChaseOptimal",0.005558
1947,B0100,aggressive,UNKNOWN,15586.519916,28514.321609,3885.678391,4708.904542,29434.159564,16077.727462,522.176670,28148.831331,123.751974,6272.763393,-16.386195,0.015254,False,False,False,False,True,True,True,1-circle,1.000000,3955.711480,20879.584017,0.509794,-0.343640,100.000000,100.000000,0.000000,0.000000,2,4,4,0.0000,0.0000,0.0000,0.5000,"Accelerate",-0.005906
1948,A0100,pursuit_chase_v1,UNKNOWN,15590.743170,28538.526588,3861.473412,4700.571128,29464.175280,16077.946725,522.371435,28158.056986,184.513097,6288.716983,-17.558633,0.019327,False,False,False,False,True,True,True,1-circle,1.000000,3961.225095,20656.906116,-0.646167,-0.036638,100.000000,100.000000,0.000000,0.000000,2,4,4,0.0000,0.0000,0.0000,0.5000,"PursuitChaseOptimal",0.005401
1948,B0100,aggressive,UNKNOWN,15590.743170,28538.526588,3861.473412,4700.571128,29464.175280,16077.946725,522.371435,28158.056986,184.513097,6288.716983,-17.558633,0.019327,False,False,False,False,True,True,True,1-circle,1.000000,3961.225095,20656.906116,-0.646167,-0.036638,100.000000,100.000000,0.000000,0.000000,2,4,4,0.0000,0.0000,0.0000,0.5000,"Accelerate",-0.005945
1949,A0100,pursuit_chase_v1,UNKNOWN,15590.743170,28538.526588,3861.473412,4700.571128,29464.175280,16077.946725,522.371435,28158.056986,184.513097,6288.716983,-17.558633,0.019327,False,False,False,False,True,True,True,1-circle,1.000000,3961.225095,20656.906116,-0.646167,-0.036638,100.000000,100.000000,0.000000,0.000000,2,4,4,0.0000,0.0000,0.0000,0.5000,"PursuitChaseOptimal",0.001853
1949,B0100,aggressive,UNKNOWN,15590.743170,28538.526588,3861.473412,4700.571128,29464.175280,16077.946725,522.371435,28158.056986,184.513097,6288.716983,-17.558633,0.019327,False,False,False,False,True,True,True,1-circle,1.000000,3961.225095,20656.906116,-0.646167,-0.036638,100.000000,100.000000,0.000000,0.000000,2,4,4,0.0000,0.0000,0.0000,0.5000,"Accelerate",-0.002491
1950,A0100,pursuit_chase_v1,UNKNOWN,15595.146182,28561.785337,3838.214663,4696.637981,29495.900712,16078.163529,522.546673,28166.380119,166.462665,6314.542807,-18.994433,0.007831,False,False,False,False,True,True,True,1-circle,1.000000,3966.527492,20711.371555,-0.261889,-0.236023,100.000000,100.000000,0.000000,0.000000,2,4,4,0.0000,0.0000,0.0000,0.5000,"PursuitChaseOptimal",-0.003425
1950,B0100,aggressive,UNKNOWN,15595.146182,28561.785337,3838.214663,4696.637981,29495.900712,16078.163529,522.546673,28166.380119,166.462665,6314.542807,-18.994433,0.007831,False,False,False,False,True,True,True,1-circle,1.000000,3966.527492,20711.371555,-0.261889,-0.236023,100.000000,100.000000,0.000000,0.000000,2,4,4,0.0000,0.0000,0.0000,0.5000,"Accelerate",0.002435
1951,A0100,pursuit_chase_v1,UNKNOWN,15595.146182,28561.785337,3838.214663,4696.637981,29495.900712,16078.163529,522.546673,28166.380119,166.462665,6314.542807,-18.994433,0.007831,False,False,False,False,True,True,True,1-circle,1.000000,3966.527492,20711.371555,-0.261889,-0.236023,100.000000,100.000000,0.000000,0.000000,2,4,4,0.0000,0.0000,0.0000,0.5000,"PursuitChaseOptimal",-0.011179
1951,B0100,aggressive,UNKNOWN,15595.146182,28561.785337,3838.214663,4696.637981,29495.900712,16078.163529,522.546673,28166.380119,166.462665,6314.542807,-18.994433,0.007831,False,False,False,False,True,True,True,1-circle,1.000000,3966.527492,20711.371555,-0.261889,-0.236023,100.000000,100.000000,0.000000,0.000000,2,4,4,0.0000,0.0000,0.0000,0.5000,"Accelerate",0.009307
1952,A0100,pursuit_chase_v1,UNKNOWN,15599.715008,28584.336351,3815.663649,4686.530830,29526.371272,16078.452218,522.688850,28173.247707,137.351745,6329.757996,-20.005550,0.042804,False,False,False,False,True,True,True,1-circle,1.000000,3971.599429,20486.026569,-1.431625,-0.165369,100.000000,100.000000,0.000000,0.000000,2,4,4,0.0000,0.0000,0.0000,0.5000,"PursuitChaseOptimal",-0.017373
1952,B0100,aggressive,UNKNOWN,15599.715008,28584.336351,3815.663649,4686.530830,29526.371272,16078.452218,522.688850,28173.247707,137.351745,6329.757996,-20.005550,0.042804,False,False,False,False,True,True,True,1-circle,1.000000,3971.599429,20486.026569,-1.431625,-0.165369,100.000000,100.000000,0.000000,0.000000,2,4,4,0.0000,0.0000,0.0000,0.5000,"Accelerate",0.014666
1953,A0100,pursuit_chase_v1,UNKNOWN,15599.715008,28584.336351,3815.663649,4686.530830,29526.371272,16078.452218,522.688850,28173.247707,137.351745,6329.757996,-20.005550,0.042804,False,False,False,False,True,True,True,1-circle,1.000000,3971.599429,20486.026569,-1.431625,-0.165369,100.000000,100.000000,0.000000,0.000000,2,4,4,0.0000,0.0000,0.0000,0.5000,"PursuitChaseOptimal",-0.017286
1953,B0100,aggressive,UNKNOWN,15599.715008,28584.336351,3815.663649,4686.530830,29526.371272,16078.452218,522.688850,28173.247707,137.351745,6329.757996,-20.005550,0.042804,False,False,False,False,True,True,True,1-circle,1.000000,3971.599429,20486.026569,-1.431625,-0.165369,100.000000,100.000000,0.000000,0.000000,2,4,4,0.0000,0.0000,0.0000,0.5000,"Accelerate",0.014853
1954,A0100,pursuit_chase_v1,UNKNOWN,15604.456357,28599.186322,3800.813678,4674.853935,29557.064471,16078.663374,522.961914,28186.099342,257.032703,6359.926685,-20.966384,0.031095,False,False,False,False,True,True,True,1-circle,1.000000,3976.719981,20916.440991,1.040603,-0.362198,100.000000,100.000000,0.000000,0.000000,2,4,4,0.0000,0.0000,0.0000,0.5000,"PursuitChaseOptimal",-0.010355
1954,B0100,aggressive,UNKNOWN,15604.456357,28599.186322,3800.813678,4674.853935,29557.064471,16078.663374,522.961914,28186.099342,257.032703,6359.926685,-20.966384,0.031095,False,False,False,False,True,True,True,1-circle,1.000000,3976.719981,20916.440991,1.040603,-0.362198,100.000000,100.000000,0.000000,0.000000,2,4,4,0.0000,0.0000,0.0000,0.5000,"Accelerate",0.008843
1955,A0100,pursuit_chase_v1,UNKNOWN,15604.456357,28599.186322,3800.813678,4674.853935,29557.064471,16078.663374,522.961914,28186.099342,257.032703,6359.926685,-20.966384,0.031095,False,False,False,False,True,True,True,1-circle,1.000000,3976.719981,20916.440991,1.040603,-0.362198,100.000000,100.000000,0.000000,0.000000,2,4,4,0.0000,0.0000,0.0000,0.5000,"PursuitChaseOptimal",-0.005584
1955,B0100,aggressive,UNKNOWN,15604.456357,28599.186322,3800.813678,4674.853935,29557.064471,16078.663374,522.961914,28186.099342,257.032703,6359.926685,-20.966384,0.031095,False,False,False,False,True,True,True,1-circle,1.000000,3976.719981,20916.440991,1.040603,-0.362198,100.000000,100.000000,0.000000,0.000000,2,4,4,0.0000,0.0000,0.0000,0.5000,"Accelerate",0.004502
1956,A0100,pursuit_chase_v1,UNKNOWN,15609.383475,28628.241040,3771.758960,4671.509993,29589.679895,16078.894535,523.046341,28190.240071,82.814583,6380.603816,-22.395886,0.032137,False,False,False,False,True,True,True,1-circle,1.000000,3981.758069,20520.989908,-1.075644,-0.146626,100.000000,100.000000,0.000000,0.000000,2,4,4,0.0000,0.0000,0.0000,0.5000,"PursuitChaseOptimal",0.012484
1956,B0100,aggressive,UNKNOWN,15609.383475,28628.241040,3771.758960,4671.509993,29589.679895,16078.894535,523.046341,28190.240071,82.814583,6380.603816,-22.395886,0.032137,False,False,False,False,True,True,True,1-circle,1.000000,3981.758069,20520.989908,-1.075644,-0.146626,100.000000,100.000000,0.000000,0.000000,2,4,4,0.0000,0.0000,0.0000,0.5000,"Accelerate",-0.012272
1957,A0100,pursuit_chase_v1,UNKNOWN,15609.383475,28628.241040,3771.758960,4671.509993,29589.679895,16078.894535,523.046341,28190.240071,82.814583,6380.603816,-22.395886,0.032137,False,False,False,False,True,True,True,1-circle,1.000000,3981.758069,20520.989908,-1.075644,-0.146626,100.000000,100.000000,0.000000,0.000000,2,4,4,0.0000,0.0000,0.0000,0.5000,"PursuitChaseOptimal",0.027360
1957,B0100,aggressive,UNKNOWN,15609.383475,28628.241040,3771.758960,4671.509993,29589.679895,16078.894535,523.046341,28190.240071,82.814583,6380.603816,-22.395886,0.032137,False,False,False,False,True,True,True,1-circle,1.000000,3981.758069,20520.989908,-1.075644,-0.146626,100.000000,100.000000,0.000000,0.000000,2,4,4,0.0000,0.0000,0.0000,0.5000,"Accelerate",-0.026134
1958,A0100,pursuit_chase_v1,UNKNOWN,15614.503296,28646.625351,3753.374649,4681.656985,29618.160741,16079.175786,523.283608,28201.511824,225.435057,6405.740081,-24.071899,0.009119,False,False,False,False,True,True,True,1-circle,1.000000,3986.473313,20754.802998,0.305384,-0.056735,100.000000,100.000000,0.000000,0.000000,2,4,4,0.0000,0.0000,0.0000,0.5000,"PursuitChaseOptimal",0.026332
1958,B0100,aggressive,UNKNOWN,15614.503296,28646.625351,3753.374649,4681.656985,29618.160741,16079.175786,523.283608,28201.511824,225.435057,6405.740081,-24.071899,0.009119,False,False,False,False,True,True,True,1-circle,1.000000,3986.473313,20754.802998,0.305384,-0.056735,100.000000,100.000000,0.000000,0.000000,2,4,4,0.0000,0.0000,0.0000,0.5000,"Accelerate",-0.024953
1959,A0100,pursuit_chase_v1,UNKNOWN,15614.503296,28646.625351,3753.374649,4681.656985,29618.160741,16079.175786,523.283608,28201.511824,225.435057,6405.740081,-24.071899,0.009119,False,False,False,False,True,True,True,1-circle,1.000000,3986.473313,20754.802998,0.305384,-0.056735,100.000000,100.000000,0.000000,0.000000,2,4,4,0.0000,0.0000,0.0000,0.5000,"PursuitChaseOptimal",0.019187
1959,B0100,aggressive,UNKNOWN,15614.503296,28646.625351,3753.374649,4681.656985,29618.160741,16079.175786,523.283608,28201.511824,225.435057,6405.740081,-24.071899,0.009119,False,False,False,False,True,True,True,1-circle,1.000000,3986.473313,20754.802998,0.305384,-0.056735,100.000000,100.000000,0.000000,0.000000,2,4,4,0.0000,0.0000,0.0000,0.5000,"Accelerate",-0.018290
1960,A0100,pursuit_chase_v1,UNKNOWN,15619.823231,28675.978292,3724.021708,4688.486463,29651.847220,16079.491910,523.346191,28204.727719,64.317902,6427.119270,-26.044369,0.054327,False,False,False,False,True,True,True,1-circle,1.000000,3990.700823,20357.238161,-1.818908,-0.210513,100.000000,100.000000,0.000000,0.000000,2,4,4,0.0000,0.0000,0.0000,0.5000,"PursuitChaseOptimal",0.010971
1960,B0100,aggressive,UNKNOWN,15619.823231,28675.978292,3724.021708,4688.486463,29651.847220,16079.491910,523.346191,28204.727719,64.317902,6427.119270,-26.044369,0.054327,False,False,False,False,True,True,True,1-circle,1.000000,3990.700823,20357.238161,-1.818908,-0.210513,100.000000,100.000000,0.000000,0.000000,2,4,4,0.0000,0.0000,0.0000,0.5000,"Accelerate",-0.011011
1961,A0100,pursuit_chase_v1,UNKNOWN,15619.823231,28675.978292,3724.021708,4688.486463,29651.847220,16079.491910,523.346191,28204.727719,64.317902,6427.119270,-26.044369,0.054327,False,False,False,False,True,True,True,1-circle,1.000000,3990.700823,20357.238161,-1.818908,-0.210513,100.000000,100.000000,0.000000,0.000000,2,4,4,0.0000,0.0000,0.0000,0.5000,"PursuitChaseOptimal",-0.002524
1961,B0100,aggressive,UNKNOWN,15619.823231,28675.978292,3724.021708,4688.486463,29651.847220,16079.491910,523.346191,28204.727719,64.317902,6427.119270,-26.044369,0.054327,False,False,False,False,True,True,True,1-circle,1.000000,3990.700823,20357.238161,-1.818908,-0.210513,100.000000,100.000000,0.000000,0.000000,2,4,4,0.0000,0.0000,0.0000,0.5000,"Accelerate",0.001007
1962,A0100,pursuit_chase_v1,UNKNOWN,15625.357436,28690.108093,3709.891907,4697.291087,29681.264422,16079.821961,523.622977,28217.886700,263.179624,6457.154944,-27.587828,0.005418,False,False,False,False,True,True,True,1-circle,1.000000,3994.537489,20636.447876,-0.181565,-0.206191,100.000000,100.000000,0.000000,0.000000,2,4,4,0.0000,0.0000,0.0000,0.5000,"PursuitChaseOptimal",-0.019973
1962,B0100,aggressive,UNKNOWN,15625.357436,28690.108093,3709.891907,4697.291087,29681.264422,16079.821961,523.622977,28217.886700,263.179624,6457.154944,-27.587828,0.005418,False,False,False,False,True,True,True,1-circle,1.000000,3994.537489,20636.447876,-0.181565,-0.206191,100.000000,100.000000,0.000000,0.000000,2,4,4,0.0000,0.0000,0.0000,0.5000,"Accelerate",0.017267
1963,A0100,pursuit_chase_v1,UNKNOWN,15625.357436,28690.108093,3709.891907,4697.291087,29681.264422,16079.821961,523.622977,28217.886700,263.179624,6457.154944,-27.587828,0.005418,False,False,False,False,True,True,True,1-circle,1.000000,3994.537489,20636.447876,-0.181565,-0.206191,100.000000,100.000000,0.000000,0.000000,2,4,4,0.0000,0.0000,0.0000,0.5000,"PursuitChaseOptimal",-0.028637
1963,B0100,aggressive,UNKNOWN,15625.357436,28690.108093,3709.891907,4697.291087,29681.264422,16079.821961,523.622977,28217.886700,263.179624,6457.154944,-27.587828,0.005418,False,False,False,False,True,True,True,1-circle,1.000000,3994.537489,20636.447876,-0.181565,-0.206191,100.000000,100.000000,0.000000,0.000000,2,4,4,0.0000,0.0000,0.0000,0.5000,"Accelerate",0.025615
1964,A0100,pursuit_chase_v1,UNKNOWN,15631.105387,28713.624510,3686.375490,4701.320728,29713.193447,16080.083022,523.733527,28223.273575,107.737505,6474.580606,-28.832987,0.009299,False,False,False,False,True,True,True,1-circle,1.000000,3998.266821,20709.694858,0.311668,-0.284084,100.000000,100.000000,0.000000,0.000000,2,4,4,0.0000,0.0000,0.0000,0.5000,"PursuitChaseOptimal",-0.039851
1964,B0100,aggressive,UNKNOWN,15631.105387,28713.624510,3686.375490,4701.320728,29713.193447,16080.083022,523.733527,28223.273575,107.737505,6474.580606,-28.832987,0.009299,False,False,False,False,True,True,True,1-circle,1.000000,3998.266821,20709.694858,0.311668,-0.284084,100.000000,100.000000,0.000000,0.000000,2,4,4,0.0000,0.0000,0.0000,0.5000,"Accelerate",0.036028
1965,A0100,pursuit_chase_v1,UNKNOWN,15631.105387,28713.624510,3686.375490,4701.320728,29713.193447,16080.083022,523.733527,28223.273575,107.737505,6474.580606,-28.832987,0.009299,False,False,False,False,True,True,True,1-circle,1.000000,3998.266821,20709.694858,0.311668,-0.284084,100.000000,100.000000,0.000000,0.000000,2,4,4,0.0000,0.0000,0.0000,0.5000,"PursuitChaseOptimal",-0.049712
1965,B0100,aggressive,UNKNOWN,15631.105387,28713.624510,3686.375490,4701.320728,29713.193447,16080.083022,523.733527,28223.273575,107.737505,6474.580606,-28.832987,0.009299,False,False,False,False,True,True,True,1-circle,1.000000,3998.266821,20709.694858,0.311668,-0.284084,100.000000,100.000000,0.000000,0.000000,2,4,4,0.0000,0.0000,0.0000,0.5000,"Accelerate",0.045061
1966,A0100,pursuit_chase_v1,UNKNOWN,15637.031975,28738.414782,3661.585218,4704.851980,29743.492026,16080.430083,523.907760,28231.701477,168.558030,6489.413716,-29.815476,0.024319,False,False,False,False,True,True,True,1-circle,1.000000,4001.924663,20491.353610,-0.815260,0.024416,100.000000,100.000000,0.000000,0.000000,2,4,4,0.0000,0.0000,0.0000,0.5000,"PursuitChaseOptimal",-0.049455
1966,B0100,aggressive,UNKNOWN,15637.031975,28738.414782,3661.585218,4704.851980,29743.492026,16080.430083,523.907760,28231.701477,168.558030,6489.413716,-29.815476,0.024319,False,False,False,False,True,True,True,1-circle,1.000000,4001.924663,20491.353610,-0.815260,0.024416,100.000000,100.000000,0.000000,0.000000,2,4,4,0.0000,0.0000,0.0000,0.5000,"Accelerate",0.044753
1967,A0100,pursuit_chase_v1,UNKNOWN,15637.031975,28738.414782,3661.585218,4704.851980,29743.492026,16080.430083,523.907760,28231.701477,168.558030,6489.413716,-29.815476,0.024319,False,False,False,False,True,True,True,1-circle,1.000000,4001.924663,20491.353610,-0.815260,0.024416,100.000000,100.000000,0.000000,0.000000,2,4,4,0.0000,0.0000,0.0000,0.5000,"PursuitChaseOptimal",-0.032484
1967,B0100,aggressive,UNKNOWN,15637.031975,28738.414782,3661.585218,4704.851980,29743.492026,16080.430083,523.907760,28231.701477,168.558030,6489.413716,-29.815476,0.024319,False,False,False,False,True,True,True,1-circle,1.000000,4001.924663,20491.353610,-0.815260,0.024416,100.000000,100.000000,0.000000,0.000000,2,4,4,0.0000,0.0000,0.0000,0.5000,"Accelerate",0.029350
1968,A0100,pursuit_chase_v1,UNKNOWN,15643.142886,28761.944386,3638.055614,4710.571477,29775.554176,16080.779521,524.061922,28239.203070,150.031861,6500.309314,-30.813258,0.011808,False,False,False,False,True,True,True,1-circle,1.000000,4005.684945,20551.522883,-0.395991,-0.175114,100.000000,100.000000,0.000000,0.000000,2,4,4,0.0000,0.0000,0.0000,0.5000,"PursuitChaseOptimal",-0.000635
1968,B0100,aggressive,UNKNOWN,15643.142886,28761.944386,3638.055614,4710.571477,29775.554176,16080.779521,524.061922,28239.203070,150.031861,6500.309314,-30.813258,0.011808,False,False,False,False,True,True,True,1-circle,1.000000,4005.684945,20551.522883,-0.395991,-0.175114,100.000000,100.000000,0.000000,0.000000,2,4,4,0.0000,0.0000,0.0000,0.5000,"Accelerate",-0.000066
1969,A0100,pursuit_chase_v1,UNKNOWN,15643.142886,28761.944386,3638.055614,4710.571477,29775.554176,16080.779521,524.061922,28239.203070,150.031861,6500.309314,-30.813258,0.011808,False,False,False,False,True,True,True,1-circle,1.000000,4005.684945,20551.522883,-0.395991,-0.175114,100.000000,100.000000,0.000000,0.000000,2,4,4,0.0000,0.0000,0.0000,0.5000,"PursuitChaseOptimal",0.019409
1969,B0100,aggressive,UNKNOWN,15643.142886,28761.944386,3638.055614,4710.571477,29775.554176,16080.779521,524.061922,28239.203070,150.031861,6500.309314,-30.813258,0.011808,False,False,False,False,True,True,True,1-circle,1.000000,4005.684945,20551.522883,-0.395991,-0.175114,100.000000,100.000000,0.000000,0.000000,2,4,4,0.0000,0.0000,0.0000,0.5000,"Accelerate",-0.018918
1970,A0100,pursuit_chase_v1,UNKNOWN,15649.406043,28784.845336,3615.154664,4711.483090,29806.303934,16081.206119,524.183092,28245.252692,120.992432,6504.335802,-32.077595,0.045983,False,False,False,False,True,True,True,1-circle,1.000000,4009.232078,20329.838457,-1.542026,-0.097253,100.000000,100.000000,0.000000,0.000000,2,5,4,0.0000,0.0000,0.0000,0.5000,"PursuitChaseOptimal",0.023314
1970,B0100,aggressive,UNKNOWN,15649.406043,28784.845336,3615.154664,4711.483090,29806.303934,16081.206119,524.183092,28245.252692,120.992432,6504.335802,-32.077595,0.045983,False,False,False,False,True,True,True,1-circle,1.000000,4009.232078,20329.838457,-1.542026,-0.097253,100.000000,100.000000,0.000000,0.000000,2,4,4,0.0000,0.0000,0.0000,0.5000,"Accelerate",-0.022872
1971,A0100,pursuit_chase_v1,UNKNOWN,15649.406043,28784.845336,3615.154664,4711.483090,29806.303934,16081.206119,524.183092,28245.252692,120.992432,6504.335802,-32.077595,0.045983,False,False,False,False,True,True,True,1-circle,1.000000,4009.232078,20329.838457,-1.542026,-0.097253,100.000000,100.000000,0.000000,0.000000,2,5,4,0.0000,0.0000,0.0000,0.5000,"PursuitChaseOptimal",0.055423
1971,B0100,aggressive,UNKNOWN,15649.406043,28784.845336,3615.154664,4711.483090,29806.303934,16081.206119,524.183092,28245.252692,120.992432,6504.335802,-32.077595,0.045983,False,False,False,False,True,True,True,1-circle,1.000000,4009.232078,20329.838457,-1.542026,-0.097253,100.000000,100.000000,0.000000,0.000000,2,4,4,0.0000,0.0000,0.0000,0.5000,"Accelerate",-0.052310
1972,A0100,pursuit_chase_v1,UNKNOWN,15655.821030,28798.901378,3601.098622,4718.202355,29837.403714,16081.558830,524.463400,28258.618386,267.313894,6512.218869,-33.649619,0.028637,False,False,False,False,True,True,True,1-circle,1.000000,4012.425927,20764.723297,0.960935,-0.299881,100.000000,100.000000,0.000000,0.000000,2,5,4,0.0000,0.0000,0.0000,0.5000,"PursuitChaseOptimal",0.075774
1972,B0100,aggressive,UNKNOWN,15655.821030,28798.901378,3601.098622,4718.202355,29837.403714,16081.558830,524.463400,28258.618386,267.313894,6512.218869,-33.649619,0.028637,False,False,False,False,True,True,True,1-circle,1.000000,4012.425927,20764.723297,0.960935,-0.299881,100.000000,100.000000,0.000000,0.000000,2,4,4,0.0000,0.0000,0.0000,0.5000,"Accelerate",-0.070626
1973,A0100,pursuit_chase_v1,UNKNOWN,15655.821030,28798.901378,3601.098622,4718.202355,29837.403714,16081.558830,524.463400,28258.618386,267.313894,6512.218869,-33.649619,0.028637,False,False,False,False,True,True,True,1-circle,1.000000,4012.425927,20764.723297,0.960935,-0.299881,100.000000,100.000000,0.000000,0.000000,2,5,4,0.0000,0.0000,0.0000,0.5000,"PursuitChaseOptimal",0.078833
1973,B0100,aggressive,UNKNOWN,15655.821030,28798.901378,3601.098622,4718.202355,29837.403714,16081.558830,524.463400,28258.618386,267.313894,6512.218869,-33.649619,0.028637,False,False,False,False,True,True,True,1-circle,1.000000,4012.425927,20764.723297,0.960935,-0.299881,100.000000,100.000000,0.000000,0.000000,2,4,4,0.0000,0.0000,0.0000,0.5000,"Accelerate",-0.073031
1974,A0100,pursuit_chase_v1,UNKNOWN,15662.347017,28825.430825,3574.569175,4721.807391,29870.643985,16081.893973,524.493278,28260.340990,34.452076,6495.101364,-35.492258,0.034433,False,False,False,False,True,True,True,1-circle,1.000000,4014.882408,20367.512779,-1.155469,-0.330727,100.000000,100.000000,0.000000,0.000000,2,5,4,0.0000,0.0000,0.0000,0.5000,"PursuitChaseOptimal",0.069645
1974,B0100,aggressive,UNKNOWN,15662.347017,28825.430825,3574.569175,4721.807391,29870.643985,16081.893973,524.493278,28260.340990,34.452076,6495.101364,-35.492258,0.034433,False,False,False,False,True,True,True,1-circle,1.000000,4014.882408,20367.512779,-1.155469,-0.330727,100.000000,100.000000,0.000000,0.000000,2,4,4,0.0000,0.0000,0.0000,0.5000,"Accelerate",-0.064583
1975,A0100,pursuit_chase_v1,UNKNOWN,15662.347017,28825.430825,3574.569175,4721.807391,29870.643985,16081.893973,524.493278,28260.340990,34.452076,6495.101364,-35.492258,0.034433,False,False,False,False,True,True,True,1-circle,1.000000,4014.882408,20367.512779,-1.155469,-0.330727,100.000000,100.000000,0.000000,0.000000,2,5,4,0.0000,0.0000,0.0000,0.5000,"PursuitChaseOptimal",0.042167
1975,B0100,aggressive,UNKNOWN,15662.347017,28825.430825,3574.569175,4721.807391,29870.643985,16081.893973,524.493278,28260.340990,34.452076,6495.101364,-35.492258,0.034433,False,False,False,False,True,True,True,1-circle,1.000000,4014.882408,20367.512779,-1.155469,-0.330727,100.000000,100.000000,0.000000,0.000000,2,4,4,0.0000,0.0000,0.0000,0.5000,"Accelerate",-0.039535
1976,A0100,pursuit_chase_v1,UNKNOWN,15668.961931,28841.083324,3558.916676,4737.783894,29899.538872,16082.232452,524.694787,28270.039122,193.962645,6478.571010,-37.081811,0.007768,False,False,False,False,True,True,True,1-circle,1.000000,4016.471467,20605.435483,0.260786,-0.189666,100.000000,100.000000,0.000000,0.000000,2,5,4,0.0000,0.0000,0.0000,0.5000,"PursuitChaseOptimal",0.016366
1976,B0100,aggressive,UNKNOWN,15668.961931,28841.083324,3558.916676,4737.783894,29899.538872,16082.232452,524.694787,28270.039122,193.962645,6478.571010,-37.081811,0.007768,False,False,False,False,True,True,True,1-circle,1.000000,4016.471467,20605.435483,0.260786,-0.189666,100.000000,100.000000,0.000000,0.000000,2,4,4,0.0000,0.0000,0.0000,0.5000,"Accelerate",-0.015755
1977,A0100,pursuit_chase_v1,UNKNOWN,15668.961931,28841.083324,3558.916676,4737.783894,29899.538872,16082.232452,524.694787,28270.039122,193.962645,6478.571010,-37.081811,0.007768,False,False,False,False,True,True,True,1-circle,1.000000,4016.471467,20605.435483,0.260786,-0.189666,100.000000,100.000000,0.000000,0.000000,2,5,4,0.0000,0.0000,0.0000,0.5000,"PursuitChaseOptimal",-0.005403
1977,B0100,aggressive,UNKNOWN,15668.961931,28841.083324,3558.916676,4737.783894,29899.538872,16082.232452,524.694787,28270.039122,193.962645,6478.571010,-37.081811,0.007768,False,False,False,False,True,True,True,1-circle,1.000000,4016.471467,20605.435483,0.260786,-0.189666,100.000000,100.000000,0.000000,0.000000,2,4,4,0.0000,0.0000,0.0000,0.5000,"Accelerate",0.004151
1978,A0100,pursuit_chase_v1,UNKNOWN,15675.663246,28869.212899,3530.787101,4734.749982,29933.735495,16082.568098,524.743581,28272.641677,52.051093,6450.260961,-37.916108,0.055428,False,False,False,False,True,True,True,1-circle,1.000000,4017.526735,20206.217544,-1.860394,-0.308057,100.000000,100.000000,0.000000,0.000000,2,5,4,0.0000,0.0000,0.0000,0.5000,"PursuitChaseOptimal",-0.018688
1978,B0100,aggressive,UNKNOWN,15675.663246,28869.212899,3530.787101,4734.749982,29933.735495,16082.568098,524.743581,28272.641677,52.051093,6450.260961,-37.916108,0.055428,False,False,False,False,True,True,True,1-circle,1.000000,4017.526735,20206.217544,-1.860394,-0.308057,100.000000,100.000000,0.000000,0.000000,2,4,4,0.0000,0.0000,0.0000,0.5000,"Accelerate",0.015963
1979,A0100,pursuit_chase_v1,UNKNOWN,15675.663246,28869.212899,3530.787101,4734.749982,29933.735495,16082.568098,524.743581,28272.641677,52.051093,6450.260961,-37.916108,0.055428,False,False,False,False,True,True,True,1-circle,1.000000,4017.526735,20206.217544,-1.860394,-0.308057,100.000000,100.000000,0.000000,0.000000,2,5,4,0.0000,0.0000,0.0000,0.5000,"PursuitChaseOptimal",-0.017200
1979,B0100,aggressive,UNKNOWN,15675.663246,28869.212899,3530.787101,4734.749982,29933.735495,16082.568098,524.743581,28272.641677,52.051093,6450.260961,-37.916108,0.055428,False,False,False,False,True,True,True,1-circle,1.000000,4017.526735,20206.217544,-1.860394,-0.308057,100.000000,100.000000,0.000000,0.000000,2,4,4,0.0000,0.0000,0.0000,0.5000,"Accelerate",0.014295
1980,A0100,pursuit_chase_v1,UNKNOWN,15682.378449,28881.760467,3518.239533,4700.123697,29963.327655,16082.891493,524.996296,28284.709317,241.352796,6426.471332,-37.376335,0.005614,False,False,False,False,True,True,True,1-circle,1.000000,4018.558611,20489.930536,-0.188577,-0.301184,100.000000,100.000000,0.000000,0.000000,2,5,4,0.0000,0.0000,0.0000,0.5000,"PursuitChaseOptimal",-0.025414
1980,B0100,aggressive,UNKNOWN,15682.378449,28881.760467,3518.239533,4700.123697,29963.327655,16082.891493,524.996296,28284.709317,241.352796,6426.471332,-37.376335,0.005614,False,False,False,False,True,True,True,1-circle,1.000000,4018.558611,20489.930536,-0.188577,-0.301184,100.000000,100.000000,0.000000,0.000000,2,4,4,0.0000,0.0000,0.0000,0.5000,"Accelerate",0.022084
1981,A0100,pursuit_chase_v1,UNKNOWN,15682.378449,28881.760467,3518.239533,4700.123697,29963.327655,16082.891493,524.996296,28284.709317,241.352796,6426.471332,-37.376335,0.005614,False,False,False,False,True,True,True,1-circle,1.000000,4018.558611,20489.930536,-0.188577,-0.301184,100.000000,100.000000,0.000000,0.000000,2,5,4,0.0000,0.0000,0.0000,0.5000,"PursuitChaseOptimal",-0.020818
1981,B0100,aggressive,UNKNOWN,15682.378449,28881.760467,3518.239533,4700.123697,29963.327655,16082.891493,524.996296,28284.709317,241.352796,6426.471332,-37.376335,0.005614,False,False,False,False,True,True,True,1-circle,1.000000,4018.558611,20489.930536,-0.188577,-0.301184,100.000000,100.000000,0.000000,0.000000,2,4,4,0.0000,0.0000,0.0000,0.5000,"Accelerate",0.018333
1982,A0100,pursuit_chase_v1,UNKNOWN,15689.057013,28904.128818,3495.871182,4617.792602,29995.151072,16083.128514,525.091296,28289.362693,93.067534,6416.614921,-36.205207,0.009317,False,False,False,False,True,True,True,1-circle,1.000000,4020.068868,20563.825627,0.313013,-0.351495,100.000000,100.000000,0.000000,0.000000,2,5,4,0.0000,0.0000,0.0000,0.5000,"PursuitChaseOptimal",-0.015481
1982,B0100,aggressive,UNKNOWN,15689.057013,28904.128818,3495.871182,4617.792602,29995.151072,16083.128514,525.091296,28289.362693,93.067534,6416.614921,-36.205207,0.009317,False,False,False,False,True,True,True,1-circle,1.000000,4020.068868,20563.825627,0.313013,-0.351495,100.000000,100.000000,0.000000,0.000000,2,4,4,0.0000,0.0000,0.0000,0.5000,"Accelerate",0.013557
1983,A0100,pursuit_chase_v1,UNKNOWN,15689.057013,28904.128818,3495.871182,4617.792602,29995.151072,16083.128514,525.091296,28289.362693,93.067534,6416.614921,-36.205207,0.009317,False,False,False,False,True,True,True,1-circle,1.000000,4020.068868,20563.825627,0.313013,-0.351495,100.000000,100.000000,0.000000,0.000000,2,5,4,0.0000,0.0000,0.0000,0.5000,"PursuitChaseOptimal",-0.012625
1983,B0100,aggressive,UNKNOWN,15689.057013,28904.128818,3495.871182,4617.792602,29995.151072,16083.128514,525.091296,28289.362693,93.067534,6416.614921,-36.205207,0.009317,False,False,False,False,True,True,True,1-circle,1.000000,4020.068868,20563.825627,0.313013,-0.351495,100.000000,100.000000,0.000000,0.000000,2,4,4,0.0000,0.0000,0.0000,0.5000,"Accelerate",0.010817
1984,A0100,pursuit_chase_v1,UNKNOWN,15695.682009,28927.583957,3472.416043,4506.536630,30024.557455,16083.442250,525.250080,28297.059681,153.939755,6433.195500,-34.985197,0.024018,False,False,False,False,True,True,True,1-circle,1.000000,4022.174075,20346.883283,-0.807124,-0.029394,100.000000,100.000000,0.000000,0.000000,2,5,4,0.0000,0.0000,0.0000,0.5000,"PursuitChaseOptimal",-0.010504
1984,B0100,aggressive,UNKNOWN,15695.682009,28927.583957,3472.416043,4506.536630,30024.557455,16083.442250,525.250080,28297.059681,153.939755,6433.195500,-34.985197,0.024018,False,False,False,False,True,True,True,1-circle,1.000000,4022.174075,20346.883283,-0.807124,-0.029394,100.000000,100.000000,0.000000,0.000000,2,4,4,0.0000,0.0000,0.0000,0.5000,"Accelerate",0.008715
1985,A0100,pursuit_chase_v1,UNKNOWN,15695.682009,28927.583957,3472.416043,4506.536630,30024.557455,16083.442250,525.250080,28297.059681,153.939755,6433.195500,-34.985197,0.024018,False,False,False,False,True,True,True,1-circle,1.000000,4022.174075,20346.883283,-0.807124,-0.029394,100.000000,100.000000,0.000000,0.000000,2,5,4,0.0000,0.0000,0.0000,0.5000,"PursuitChaseOptimal",-0.008120
1985,B0100,aggressive,UNKNOWN,15695.682009,28927.583957,3472.416043,4506.536630,30024.557455,16083.442250,525.250080,28297.059681,153.939755,6433.195500,-34.985197,0.024018,False,False,False,False,True,True,True,1-circle,1.000000,4022.174075,20346.883283,-0.807124,-0.029394,100.000000,100.000000,0.000000,0.000000,2,4,4,0.0000,0.0000,0.0000,0.5000,"Accelerate",0.006804
1986,A0100,pursuit_chase_v1,UNKNOWN,15702.280512,28949.039489,3450.960511,4381.280891,30055.009066,16083.753714,525.388704,28303.818844,135.183263,6459.803894,-33.784732,0.011021,False,False,False,False,True,True,True,1-circle,1.000000,4025.014998,20411.408479,-0.370464,-0.222062,100.000000,100.000000,0.000000,0.000000,2,4,4,0.0000,0.0000,0.0000,0.5000,"PursuitChaseOptimal",-0.001430
1986,B0100,aggressive,UNKNOWN,15702.280512,28949.039489,3450.960511,4381.280891,30055.009066,16083.753714,525.388704,28303.818844,135.183263,6459.803894,-33.784732,0.011021,False,False,False,False,True,True,True,1-circle,1.000000,4025.014998,20411.408479,-0.370464,-0.222062,100.000000,100.000000,0.000000,0.000000,2,4,4,0.0000,0.0000,0.0000,0.5000,"Accelerate",0.000794
1987,A0100,pursuit_chase_v1,UNKNOWN,15702.280512,28949.039489,3450.960511,4381.280891,30055.009066,16083.753714,525.388704,28303.818844,135.183263,6459.803894,-33.784732,0.011021,False,False,False,False,True,True,True,1-circle,1.000000,4025.014998,20411.408479,-0.370464,-0.222062,100.000000,100.000000,0.000000,0.000000,2,4,4,0.0000,0.0000,0.0000,0.5000,"PursuitChaseOptimal",-0.007310
1987,B0100,aggressive,UNKNOWN,15702.280512,28949.039489,3450.960511,4381.280891,30055.009066,16083.753714,525.388704,28303.818844,135.183263,6459.803894,-33.784732,0.011021,False,False,False,False,True,True,True,1-circle,1.000000,4025.014998,20411.408479,-0.370464,-0.222062,100.000000,100.000000,0.000000,0.000000,2,4,4,0.0000,0.0000,0.0000,0.5000,"Accelerate",0.005902
1988,A0100,pursuit_chase_v1,UNKNOWN,15708.845372,28969.069879,3430.930121,4247.670191,30083.146543,16084.141187,525.495161,28309.159005,106.803218,6488.910615,-32.573501,0.044899,False,False,False,False,True,True,True,1-circle,1.000000,4028.507826,20193.561766,-1.509221,-0.134575,100.000000,100.000000,0.000000,0.000000,2,4,4,0.0000,0.0000,0.0000,0.5000,"PursuitChaseOptimal",-0.012804
1988,B0100,aggressive,UNKNOWN,15708.845372,28969.069879,3430.930121,4247.670191,30083.146543,16084.141187,525.495161,28309.159005,106.803218,6488.910615,-32.573501,0.044899,False,False,False,False,True,True,True,1-circle,1.000000,4028.507826,20193.561766,-1.509221,-0.134575,100.000000,100.000000,0.000000,0.000000,2,4,4,0.0000,0.0000,0.0000,0.5000,"Accelerate",0.010596
1989,A0100,pursuit_chase_v1,UNKNOWN,15708.845372,28969.069879,3430.930121,4247.670191,30083.146543,16084.141187,525.495161,28309.159005,106.803218,6488.910615,-32.573501,0.044899,False,False,False,False,True,True,True,1-circle,1.000000,4028.507826,20193.561766,-1.509221,-0.134575,100.000000,100.000000,0.000000,0.000000,2,4,4,0.0000,0.0000,0.0000,0.5000,"PursuitChaseOptimal",-0.018922
1989,B0100,aggressive,UNKNOWN,15708.845372,28969.069879,3430.930121,4247.670191,30083.146543,16084.141187,525.495161,28309.159005,106.803218,6488.910615,-32.573501,0.044899,False,False,False,False,True,True,True,1-circle,1.000000,4028.507826,20193.561766,-1.509221,-0.134575,100.000000,100.000000,0.000000,0.000000,2,4,4,0.0000,0.0000,0.0000,0.5000,"Accelerate",0.016504
1990,A0100,pursuit_chase_v1,UNKNOWN,15715.408821,28979.586304,3420.413696,4130.472013,30110.760284,16084.456135,525.735733,28320.669760,230.215094,6525.421255,-31.579389,0.030114,False,False,False,False,True,True,True,1-circle,1.000000,4032.782977,20635.944077,1.012792,-0.324312,100.000000,100.000000,0.000000,0.000000,2,4,4,0.0000,0.0000,0.0000,0.5000,"PursuitChaseOptimal",-0.019505
1990,B0100,aggressive,UNKNOWN,15715.408821,28979.586304,3420.413696,4130.472013,30110.760284,16084.456135,525.735733,28320.669760,230.215094,6525.421255,-31.579389,0.030114,False,False,False,False,True,True,True,1-circle,1.000000,4032.782977,20635.944077,1.012792,-0.324312,100.000000,100.000000,0.000000,0.000000,2,4,4,0.0000,0.0000,0.0000,0.5000,"Accelerate",0.017476
1991,A0100,pursuit_chase_v1,UNKNOWN,15715.408821,28979.586304,3420.413696,4130.472013,30110.760284,16084.456135,525.735733,28320.669760,230.215094,6525.421255,-31.579389,0.030114,False,False,False,False,True,True,True,1-circle,1.000000,4032.782977,20635.944077,1.012792,-0.324312,100.000000,100.000000,0.000000,0.000000,2,4,4,0.0000,0.0000,0.0000,0.5000,"PursuitChaseOptimal",-0.010181
1991,B0100,aggressive,UNKNOWN,15715.408821,28979.586304,3420.413696,4130.472013,30110.760284,16084.456135,525.735733,28320.669760,230.215094,6525.421255,-31.579389,0.030114,False,False,False,False,True,True,True,1-circle,1.000000,4032.782977,20635.944077,1.012792,-0.324312,100.000000,100.000000,0.000000,0.000000,2,4,4,0.0000,0.0000,0.0000,0.5000,"Accelerate",0.008935
1992,A0100,pursuit_chase_v1,UNKNOWN,15721.993978,29004.290058,3395.709942,4056.469364,30139.678066,16084.795031,525.774616,28322.818686,42.978526,6537.505827,-31.345624,0.033018,False,False,False,False,True,True,True,1-circle,1.000000,4037.564508,20243.077201,-1.110513,-0.108612,100.000000,100.000000,0.000000,0.000000,2,4,4,0.0000,0.0000,0.0000,0.5000,"PursuitChaseOptimal",-0.009421
1992,B0100,aggressive,UNKNOWN,15721.993978,29004.290058,3395.709942,4056.469364,30139.678066,16084.795031,525.774616,28322.818686,42.978526,6537.505827,-31.345624,0.033018,False,False,False,False,True,True,True,1-circle,1.000000,4037.564508,20243.077201,-1.110513,-0.108612,100.000000,100.000000,0.000000,0.000000,2,4,4,0.0000,0.0000,0.0000,0.5000,"Accelerate",0.007948
1993,A0100,pursuit_chase_v1,UNKNOWN,15721.993978,29004.290058,3395.709942,4056.469364,30139.678066,16084.795031,525.774616,28322.818686,42.978526,6537.505827,-31.345624,0.033018,False,False,False,False,True,True,True,1-circle,1.000000,4037.564508,20243.077201,-1.110513,-0.108612,100.000000,100.000000,0.000000,0.000000,2,4,4,0.0000,0.0000,0.0000,0.5000,"PursuitChaseOptimal",-0.002321
1993,B0100,aggressive,UNKNOWN,15721.993978,29004.290058,3395.709942,4056.469364,30139.678066,16084.795031,525.774616,28322.818686,42.978526,6537.505827,-31.345624,0.033018,False,False,False,False,True,True,True,1-circle,1.000000,4037.564508,20243.077201,-1.110513,-0.108612,100.000000,100.000000,0.000000,0.000000,2,4,4,0.0000,0.0000,0.0000,0.5000,"Accelerate",0.001329
1994,A0100,pursuit_chase_v1,UNKNOWN,15728.641740,29014.631908,3385.368092,4030.546508,30163.819514,16085.154889,525.979600,28332.722871,198.083701,6556.774555,-31.741780,0.009577,False,False,False,False,True,True,True,1-circle,1.000000,4042.508397,20490.700058,0.322259,-0.228066,100.000000,100.000000,0.000000,0.000000,2,4,4,0.0000,0.0000,0.0000,0.5000,"PursuitChaseOptimal",0.007875
1994,B0100,aggressive,UNKNOWN,15728.641740,29014.631908,3385.368092,4030.546508,30163.819514,16085.154889,525.979600,28332.722871,198.083701,6556.774555,-31.741780,0.009577,False,False,False,False,True,True,True,1-circle,1.000000,4042.508397,20490.700058,0.322259,-0.228066,100.000000,100.000000,0.000000,0.000000,2,4,4,0.0000,0.0000,0.0000,0.5000,"Accelerate",-0.007815
1995,A0100,pursuit_chase_v1,UNKNOWN,15728.641740,29014.631908,3385.368092,4030.546508,30163.819514,16085.154889,525.979600,28332.722871,198.083701,6556.774555,-31.741780,0.009577,False,False,False,False,True,True,True,1-circle,1.000000,4042.508397,20490.700058,0.322259,-0.228066,100.000000,100.000000,0.000000,0.000000,2,4,4,0.0000,0.0000,0.0000,0.5000,"PursuitChaseOptimal",0.015856
1995,B0100,aggressive,UNKNOWN,15728.641740,29014.631908,3385.368092,4030.546508,30163.819514,16085.154889,525.979600,28332.722871,198.083701,6556.774555,-31.741780,0.009577,False,False,False,False,True,True,True,1-circle,1.000000,4042.508397,20490.700058,0.322259,-0.228066,100.000000,100.000000,0.000000,0.000000,2,4,4,0.0000,0.0000,0.0000,0.5000,"Accelerate",-0.014988
1996,A0100,pursuit_chase_v1,UNKNOWN,15735.381904,29037.472077,3362.527923,4024.059504,30193.181947,16085.520522,525.992147,28333.672858,18.999729,6558.796924,-32.710504,0.053715,False,False,False,False,True,True,True,1-circle,1.000000,4047.337484,20097.170722,-1.806976,-0.275400,100.000000,100.000000,0.000000,0.000000,2,4,4,0.0000,0.0000,0.0000,0.5000,"PursuitChaseOptimal",0.020818
1996,B0100,aggressive,UNKNOWN,15735.381904,29037.472077,3362.527923,4024.059504,30193.181947,16085.520522,525.992147,28333.672858,18.999729,6558.796924,-32.710504,0.053715,False,False,False,False,True,True,True,1-circle,1.000000,4047.337484,20097.170722,-1.806976,-0.275400,100.000000,100.000000,0.000000,0.000000,2,4,4,0.0000,0.0000,0.0000,0.5000,"Accelerate",-0.019769
1997,A0100,pursuit_chase_v1,UNKNOWN,15735.381904,29037.472077,3362.527923,4024.059504,30193.181947,16085.520522,525.992147,28333.672858,18.999729,6558.796924,-32.710504,0.053715,False,False,False,False,True,True,True,1-circle,1.000000,4047.337484,20097.170722,-1.806976,-0.275400,100.000000,100.000000,0.000000,0.000000,2,4,4,0.0000,0.0000,0.0000,0.5000,"PursuitChaseOptimal",0.019419
1997,B0100,aggressive,UNKNOWN,15735.381904,29037.472077,3362.527923,4024.059504,30193.181947,16085.520522,525.992147,28333.672858,18.999729,6558.796924,-32.710504,0.053715,False,False,False,False,True,True,True,1-circle,1.000000,4047.337484,20097.170722,-1.806976,-0.275400,100.000000,100.000000,0.000000,0.000000,2,4,4,0.0000,0.0000,0.0000,0.5000,"Accelerate",-0.018865
1998,A0100,pursuit_chase_v1,UNKNOWN,15742.242518,29046.271795,3353.728205,4032.756884,30218.114117,16085.899919,526.220445,28344.686757,220.277993,6582.820145,-34.028039,0.003545,False,False,False,False,True,True,True,1-circle,1.000000,4051.830818,20390.407866,-0.119353,-0.134149,100.000000,100.000000,0.000000,0.000000,2,4,4,0.0000,0.0000,0.0000,0.5000,"PursuitChaseOptimal",0.013215
1998,B0100,aggressive,UNKNOWN,15742.242518,29046.271795,3353.728205,4032.756884,30218.114117,16085.899919,526.220445,28344.686757,220.277993,6582.820145,-34.028039,0.003545,False,False,False,False,True,True,True,1-circle,1.000000,4051.830818,20390.407866,-0.119353,-0.134149,100.000000,100.000000,0.000000,0.000000,2,4,4,0.0000,0.0000,0.0000,0.5000,"Accelerate",-0.012876
1999,A0100,pursuit_chase_v1,UNKNOWN,15742.242518,29046.271795,3353.728205,4032.756884,30218.114117,16085.899919,526.220445,28344.686757,220.277993,6582.820145,-34.028039,0.003545,False,False,False,False,True,True,True,1-circle,1.000000,4051.830818,20390.407866,-0.119353,-0.134149,100.000000,100.000000,0.000000,0.000000,2,4,4,0.0000,0.0000,0.0000,0.5000,"PursuitChaseOptimal",0.005266
1999,B0100,aggressive,UNKNOWN,15742.242518,29046.271795,3353.728205,4032.756884,30218.114117,16085.899919,526.220445,28344.686757,220.277993,6582.820145,-34.028039,0.003545,False,False,False,False,True,True,True,1-circle,1.000000,4051.830818,20390.407866,-0.119353,-0.134149,100.000000,100.000000,0.000000,0.000000,2,4,4,0.0000,0.0000,0.0000,0.5000,"Accelerate",-0.005187
2000,A0100,pursuit_chase_v1,UNKNOWN,15749.266006,29065.245685,3334.754315,4032.319739,30245.659069,16086.221283,526.309466,28349.156122,89.387289,6597.977466,-35.215831,0.011098,False,False,False,False,True,True,True,1-circle,1.000000,4056.065277,20468.412729,0.373681,-0.252877,100.000000,100.000000,0.000000,0.000000,2,4,4,0.0000,0.0000,0.0000,0.5000,"PursuitChaseOptimal",-0.004858
2000,B0100,aggressive,UNKNOWN,15749.266006,29065.245685,3334.754315,4032.319739,30245.659069,16086.221283,526.309466,28349.156122,89.387289,6597.977466,-35.215831,0.011098,False,False,False,False,True,True,True,1-circle,1.000000,4056.065277,20468.412729,0.373681,-0.252877,100.000000,100.000000,0.000000,0.000000,2,4,4,0.0000,0.0000,0.0000,0.5000,"Accelerate",0.004083
2001,A0100,pursuit_chase_v1,UNKNOWN,15749.266006,29065.245685,3334.754315,4032.319739,30245.659069,16086.221283,526.309466,28349.156122,89.387289,6597.977466,-35.215831,0.011098,False,False,False,False,True,True,True,1-circle,1.000000,4056.065277,20468.412729,0.373681,-0.252877,100.000000,100.000000,0.000000,0.000000,2,4,4,0.0000,0.0000,0.0000,0.5000,"PursuitChaseOptimal",-0.015387
2001,B0100,aggressive,UNKNOWN,15749.266006,29065.245685,3334.754315,4032.319739,30245.659069,16086.221283,526.309466,28349.156122,89.387289,6597.977466,-35.215831,0.011098,False,False,False,False,True,True,True,1-circle,1.000000,4056.065277,20468.412729,0.373681,-0.252877,100.000000,100.000000,0.000000,0.000000,2,4,4,0.0000,0.0000,0.0000,0.5000,"Accelerate",0.013410
2002,A0100,pursuit_chase_v1,UNKNOWN,15756.403810,29082.895272,3317.104728,4027.064604,30271.344704,16086.625475,526.423653,28354.881947,114.516512,6611.121903,-36.033081,0.022091,False,False,False,False,True,True,True,1-circle,1.000000,4060.055790,20256.354861,-0.743925,-0.055633,100.000000,100.000000,0.000000,0.000000,2,4,4,0.0000,0.0000,0.0000,0.5000,"PursuitChaseOptimal",-0.026334
2002,B0100,aggressive,UNKNOWN,15756.403810,29082.895272,3317.104728,4027.064604,30271.344704,16086.625475,526.423653,28354.881947,114.516512,6611.121903,-36.033081,0.022091,False,False,False,False,True,True,True,1-circle,1.000000,4060.055790,20256.354861,-0.743925,-0.055633,100.000000,100.000000,0.000000,0.000000,2,4,4,0.0000,0.0000,0.0000,0.5000,"Accelerate",0.023365
2003,A0100,pursuit_chase_v1,UNKNOWN,15756.403810,29082.895272,3317.104728,4027.064604,30271.344704,16086.625475,526.423653,28354.881947,114.516512,6611.121903,-36.033081,0.022091,False,False,False,False,True,True,True,1-circle,1.000000,4060.055790,20256.354861,-0.743925,-0.055633,100.000000,100.000000,0.000000,0.000000,2,4,4,0.0000,0.0000,0.0000,0.5000,"PursuitChaseOptimal",-0.036043
2003,B0100,aggressive,UNKNOWN,15756.403810,29082.895272,3317.104728,4027.064604,30271.344704,16086.625475,526.423653,28354.881947,114.516512,6611.121903,-36.033081,0.022091,False,False,False,False,True,True,True,1-circle,1.000000,4060.055790,20256.354861,-0.743925,-0.055633,100.000000,100.000000,0.000000,0.000000,2,4,4,0.0000,0.0000,0.0000,0.5000,"Accelerate",0.032564
2004,A0100,pursuit_chase_v1,UNKNOWN,15763.665314,29099.280111,3300.719889,4019.861438,30298.836437,16087.001912,526.554583,28361.361786,129.596780,6622.901827,-36.583236,0.008921,False,False,False,False,True,True,True,1-circle,1.000000,4064.094604,20325.410389,-0.300509,-0.313075,100.000000,100.000000,0.000000,0.000000,2,4,4,0.0000,0.0000,0.0000,0.5000,"PursuitChaseOptimal",-0.026833
2004,B0100,aggressive,UNKNOWN,15763.665314,29099.280111,3300.719889,4019.861438,30298.836437,16087.001912,526.554583,28361.361786,129.596780,6622.901827,-36.583236,0.008921,False,False,False,False,True,True,True,1-circle,1.000000,4064.094604,20325.410389,-0.300509,-0.313075,100.000000,100.000000,0.000000,0.000000,2,4,4,0.0000,0.0000,0.0000,0.5000,"Accelerate",0.024300
2005,A0100,pursuit_chase_v1,UNKNOWN,15763.665314,29099.280111,3300.719889,4019.861438,30298.836437,16087.001912,526.554583,28361.361786,129.596780,6622.901827,-36.583236,0.008921,False,False,False,False,True,True,True,1-circle,1.000000,4064.094604,20325.410389,-0.300509,-0.313075,100.000000,100.000000,0.000000,0.000000,2,4,4,0.0000,0.0000,0.0000,0.5000,"PursuitChaseOptimal",-0.014166
2005,B0100,aggressive,UNKNOWN,15763.665314,29099.280111,3300.719889,4019.861438,30298.836437,16087.001912,526.554583,28361.361786,129.596780,6622.901827,-36.583236,0.008921,False,False,False,False,True,True,True,1-circle,1.000000,4064.094604,20325.410389,-0.300509,-0.313075,100.000000,100.000000,0.000000,0.000000,2,4,4,0.0000,0.0000,0.0000,0.5000,"Accelerate",0.012410
2006,A0100,pursuit_chase_v1,UNKNOWN,15771.045593,29117.092134,3282.907866,4017.216537,30324.808333,16087.441754,526.646828,28366.102621,94.816694,6640.738248,-37.444968,0.042789,False,False,False,False,True,True,True,1-circle,1.000000,4068.135848,20109.401320,-1.441298,-0.083901,100.000000,100.000000,0.000000,0.000000,2,4,4,0.0000,0.0000,0.0000,0.5000,"PursuitChaseOptimal",-0.002145
2006,B0100,aggressive,UNKNOWN,15771.045593,29117.092134,3282.907866,4017.216537,30324.808333,16087.441754,526.646828,28366.102621,94.816694,6640.738248,-37.444968,0.042789,False,False,False,False,True,True,True,1-circle,1.000000,4068.135848,20109.401320,-1.441298,-0.083901,100.000000,100.000000,0.000000,0.000000,2,4,4,0.0000,0.0000,0.0000,0.5000,"Accelerate",0.000942
2007,A0100,pursuit_chase_v1,UNKNOWN,15771.045593,29117.092134,3282.907866,4017.216537,30324.808333,16087.441754,526.646828,28366.102621,94.816694,6640.738248,-37.444968,0.042789,False,False,False,False,True,True,True,1-circle,1.000000,4068.135848,20109.401320,-1.441298,-0.083901,100.000000,100.000000,0.000000,0.000000,2,4,4,0.0000,0.0000,0.0000,0.5000,"PursuitChaseOptimal",0.014002
2007,B0100,aggressive,UNKNOWN,15771.045593,29117.092134,3282.907866,4017.216537,30324.808333,16087.441754,526.646828,28366.102621,94.816694,6640.738248,-37.444968,0.042789,False,False,False,False,True,True,True,1-circle,1.000000,4068.135848,20109.401320,-1.441298,-0.083901,100.000000,100.000000,0.000000,0.000000,2,4,4,0.0000,0.0000,0.0000,0.5000,"Accelerate",-0.013635
2008,A0100,pursuit_chase_v1,UNKNOWN,15778.587891,29126.455163,3273.544837,4021.204602,30351.254082,16087.820581,526.867093,28376.754422,213.036026,6664.810712,-38.627585,0.032409,False,False,False,False,True,True,True,1-circle,1.000000,4072.113117,20554.750216,1.092173,-0.238046,100.000000,100.000000,0.000000,0.000000,2,4,4,0.0000,0.0000,0.0000,0.5000,"PursuitChaseOptimal",0.025993
2008,B0100,aggressive,UNKNOWN,15778.587891,29126.455163,3273.544837,4021.204602,30351.254082,16087.820581,526.867093,28376.754422,213.036026,6664.810712,-38.627585,0.032409,False,False,False,False,True,True,True,1-circle,1.000000,4072.113117,20554.750216,1.092173,-0.238046,100.000000,100.000000,0.000000,0.000000,2,4,4,0.0000,0.0000,0.0000,0.5000,"Accelerate",-0.024242
2009,A0100,pursuit_chase_v1,UNKNOWN,15778.587891,29126.455163,3273.544837,4021.204602,30351.254082,16087.820581,526.867093,28376.754422,213.036026,6664.810712,-38.627585,0.032409,False,False,False,False,True,True,True,1-circle,1.000000,4072.113117,20554.750216,1.092173,-0.238046,100.000000,100.000000,0.000000,0.000000,2,4,4,0.0000,0.0000,0.0000,0.5000,"PursuitChaseOptimal",0.030474
2009,B0100,aggressive,UNKNOWN,15778.587891,29126.455163,3273.544837,4021.204602,30351.254082,16087.820581,526.867093,28376.754422,213.036026,6664.810712,-38.627585,0.032409,False,False,False,False,True,True,True,1-circle,1.000000,4072.113117,20554.750216,1.092173,-0.238046,100.000000,100.000000,0.000000,0.000000,2,4,4,0.0000,0.0000,0.0000,0.5000,"Accelerate",-0.028327
2010,A0100,pursuit_chase_v1,UNKNOWN,15786.275019,29151.388770,3248.611230,4023.742636,30379.639403,16088.234380,526.893519,28378.401037,32.932293,6679.931606,-40.253455,0.030926,False,False,False,False,True,True,True,1-circle,1.000000,4075.698028,20159.559124,-1.042266,-0.061761,100.000000,100.000000,0.000000,0.000000,2,4,4,0.0000,0.0000,0.0000,0.5000,"PursuitChaseOptimal",0.035461
2010,B0100,aggressive,UNKNOWN,15786.275019,29151.388770,3248.611230,4023.742636,30379.639403,16088.234380,526.893519,28378.401037,32.932293,6679.931606,-40.253455,0.030926,False,False,False,False,True,True,True,1-circle,1.000000,4075.698028,20159.559124,-1.042266,-0.061761,100.000000,100.000000,0.000000,0.000000,2,4,4,0.0000,0.0000,0.0000,0.5000,"Accelerate",-0.033197
2011,A0100,pursuit_chase_v1,UNKNOWN,15786.275019,29151.388770,3248.611230,4023.742636,30379.639403,16088.234380,526.893519,28378.401037,32.932293,6679.931606,-40.253455,0.030926,False,False,False,False,True,True,True,1-circle,1.000000,4075.698028,20159.559124,-1.042266,-0.061761,100.000000,100.000000,0.000000,0.000000,2,4,4,0.0000,0.0000,0.0000,0.5000,"PursuitChaseOptimal",0.010202
2011,B0100,aggressive,UNKNOWN,15786.275019,29151.388770,3248.611230,4023.742636,30379.639403,16088.234380,526.893519,28378.401037,32.932293,6679.931606,-40.253455,0.030926,False,False,False,False,True,True,True,1-circle,1.000000,4075.698028,20159.559124,-1.042266,-0.061761,100.000000,100.000000,0.000000,0.000000,2,4,4,0.0000,0.0000,0.0000,0.5000,"Accelerate",-0.010120
2012,A0100,pursuit_chase_v1,UNKNOWN,15794.107111,29161.947842,3238.052158,4028.885331,30403.594227,16088.679227,527.084357,28387.750358,186.986429,6697.845361,-41.533269,0.012016,False,False,False,False,True,True,True,1-circle,1.000000,4078.813699,20408.714522,0.405145,-0.162801,100.000000,100.000000,0.000000,0.000000,2,4,4,0.0000,0.0000,0.0000,0.5000,"PursuitChaseOptimal",-0.011818
2012,B0100,aggressive,UNKNOWN,15794.107111,29161.947842,3238.052158,4028.885331,30403.594227,16088.679227,527.084357,28387.750358,186.986429,6697.845361,-41.533269,0.012016,False,False,False,False,True,True,True,1-circle,1.000000,4078.813699,20408.714522,0.405145,-0.162801,100.000000,100.000000,0.000000,0.000000,2,4,4,0.0000,0.0000,0.0000,0.5000,"Accelerate",0.010303
2013,A0100,pursuit_chase_v1,UNKNOWN,15794.107111,29161.947842,3238.052158,4028.885331,30403.594227,16088.679227,527.084357,28387.750358,186.986429,6697.845361,-41.533269,0.012016,False,False,False,False,True,True,True,1-circle,1.000000,4078.813699,20408.714522,0.405145,-0.162801,100.000000,100.000000,0.000000,0.000000,2,4,4,0.0000,0.0000,0.0000,0.5000,"PursuitChaseOptimal",-0.022119
2013,B0100,aggressive,UNKNOWN,15794.107111,29161.947842,3238.052158,4028.885331,30403.594227,16088.679227,527.084357,28387.750358,186.986429,6697.845361,-41.533269,0.012016,False,False,False,False,True,True,True,1-circle,1.000000,4078.813699,20408.714522,0.405145,-0.162801,100.000000,100.000000,0.000000,0.000000,2,4,4,0.0000,0.0000,0.0000,0.5000,"Accelerate",0.019913
2014,A0100,pursuit_chase_v1,UNKNOWN,15802.065192,29185.325818,3214.674182,4032.043790,30432.915897,16089.137439,527.083091,28388.149495,7.982727,6698.544164,-42.454935,0.051294,False,False,False,False,True,True,True,1-circle,1.000000,4081.697654,20013.038310,-1.728979,-0.215026,100.000000,100.000000,0.000000,0.000000,2,4,4,0.0000,0.0000,0.0000,0.5000,"PursuitChaseOptimal",-0.016488
2014,B0100,aggressive,UNKNOWN,15802.065192,29185.325818,3214.674182,4032.043790,30432.915897,16089.137439,527.083091,28388.149495,7.982727,6698.544164,-42.454935,0.051294,False,False,False,False,True,True,True,1-circle,1.000000,4081.697654,20013.038310,-1.728979,-0.215026,100.000000,100.000000,0.000000,0.000000,2,4,4,0.0000,0.0000,0.0000,0.5000,"Accelerate",0.014499
2015,A0100,pursuit_chase_v1,UNKNOWN,15802.065192,29185.325818,3214.674182,4032.043790,30432.915897,16089.137439,527.083091,28388.149495,7.982727,6698.544164,-42.454935,0.051294,False,False,False,False,True,True,True,1-circle,1.000000,4081.697654,20013.038310,-1.728979,-0.215026,100.000000,100.000000,0.000000,0.000000,2,4,4,0.0000,0.0000,0.0000,0.5000,"PursuitChaseOptimal",-0.021541
2015,B0100,aggressive,UNKNOWN,15802.065192,29185.325818,3214.674182,4032.043790,30432.915897,16089.137439,527.083091,28388.149495,7.982727,6698.544164,-42.454935,0.051294,False,False,False,False,True,True,True,1-circle,1.000000,4081.697654,20013.038310,-1.728979,-0.215026,100.000000,100.000000,0.000000,0.000000,2,4,4,0.0000,0.0000,0.0000,0.5000,"Accelerate",0.018698
2016,A0100,pursuit_chase_v1,UNKNOWN,15810.127791,29194.758248,3205.241752,4035.226277,30458.887240,16089.616122,527.300241,28398.764228,212.294660,6698.714550,-42.974013,0.001192,False,False,False,False,True,True,True,1-circle,1.000000,4084.475988,20305.447638,-0.040195,-0.071906,100.000000,100.000000,0.000000,0.000000,2,4,4,0.0000,0.0000,0.0000,0.5000,"PursuitChaseOptimal",-0.046695
2016,B0100,aggressive,UNKNOWN,15810.127791,29194.758248,3205.241752,4035.226277,30458.887240,16089.616122,527.300241,28398.764228,212.294660,6698.714550,-42.974013,0.001192,False,False,False,False,True,True,True,1-circle,1.000000,4084.475988,20305.447638,-0.040195,-0.071906,100.000000,100.000000,0.000000,0.000000,2,4,4,0.0000,0.0000,0.0000,0.5000,"Accelerate",0.042218
2017,A0100,pursuit_chase_v1,UNKNOWN,15810.127791,29194.758248,3205.241752,4035.226277,30458.887240,16089.616122,527.300241,28398.764228,212.294660,6698.714550,-42.974013,0.001192,False,False,False,False,True,True,True,1-circle,1.000000,4084.475988,20305.447638,-0.040195,-0.071906,100.000000,100.000000,0.000000,0.000000,2,4,4,0.0000,0.0000,0.0000,0.5000,"PursuitChaseOptimal",-0.060397
2017,B0100,aggressive,UNKNOWN,15810.127791,29194.758248,3205.241752,4035.226277,30458.887240,16089.616122,527.300241,28398.764228,212.294660,6698.714550,-42.974013,0.001192,False,False,False,False,True,True,True,1-circle,1.000000,4084.475988,20305.447638,-0.040195,-0.071906,100.000000,100.000000,0.000000,0.000000,2,4,4,0.0000,0.0000,0.0000,0.5000,"Accelerate",0.055212
2018,A0100,pursuit_chase_v1,UNKNOWN,15818.300022,29209.141889,3190.858111,4044.186479,30484.967255,16090.022207,527.427662,28405.120015,127.115736,6700.916438,-43.404706,0.012073,False,False,False,False,True,True,True,1-circle,1.000000,4087.369618,20374.590543,0.407330,-0.325588,100.000000,100.000000,0.000000,0.000000,2,5,4,0.0000,0.0000,0.0000,0.5000,"PursuitChaseOptimal",-0.052897
2018,B0100,aggressive,UNKNOWN,15818.300022,29209.141889,3190.858111,4044.186479,30484.967255,16090.022207,527.427662,28405.120015,127.115736,6700.916438,-43.404706,0.012073,False,False,False,False,True,True,True,1-circle,1.000000,4087.369618,20374.590543,0.407330,-0.325588,100.000000,100.000000,0.000000,0.000000,2,4,4,0.0000,0.0000,0.0000,0.5000,"Accelerate",0.048571
2019,A0100,pursuit_chase_v1,UNKNOWN,15818.300022,29209.141889,3190.858111,4044.186479,30484.967255,16090.022207,527.427662,28405.120015,127.115736,6700.916438,-43.404706,0.012073,False,False,False,False,True,True,True,1-circle,1.000000,4087.369618,20374.590543,0.407330,-0.325588,100.000000,100.000000,0.000000,0.000000,2,5,4,0.0000,0.0000,0.0000,0.5000,"PursuitChaseOptimal",-0.027578
2019,B0100,aggressive,UNKNOWN,15818.300022,29209.141889,3190.858111,4044.186479,30484.967255,16090.022207,527.427662,28405.120015,127.115736,6700.916438,-43.404706,0.012073,False,False,False,False,True,True,True,1-circle,1.000000,4087.369618,20374.590543,0.407330,-0.325588,100.000000,100.000000,0.000000,0.000000,2,4,4,0.0000,0.0000,0.0000,0.5000,"Accelerate",0.024929
2020,A0100,pursuit_chase_v1,UNKNOWN,15826.579063,29225.577714,3174.422286,4051.034116,30510.619899,16090.477901,527.520438,28409.908594,95.771591,6700.399770,-43.921977,0.021822,False,False,False,False,True,True,True,1-circle,1.000000,4090.378844,20157.484241,-0.736309,-0.092246,100.000000,100.000000,0.000000,0.000000,2,5,4,0.0000,0.0000,0.0000,0.5000,"PursuitChaseOptimal",0.002412
2020,B0100,aggressive,UNKNOWN,15826.579063,29225.577714,3174.422286,4051.034116,30510.619899,16090.477901,527.520438,28409.908594,95.771591,6700.399770,-43.921977,0.021822,False,False,False,False,True,True,True,1-circle,1.000000,4090.378844,20157.484241,-0.736309,-0.092246,100.000000,100.000000,0.000000,0.000000,2,4,4,0.0000,0.0000,0.0000,0.5000,"Accelerate",-0.003058
2021,A0100,pursuit_chase_v1,UNKNOWN,15826.579063,29225.577714,3174.422286,4051.034116,30510.619899,16090.477901,527.520438,28409.908594,95.771591,6700.399770,-43.921977,0.021822,False,False,False,False,True,True,True,1-circle,1.000000,4090.378844,20157.484241,-0.736309,-0.092246,100.000000,100.000000,0.000000,0.000000,2,5,4,0.0000,0.0000,0.0000,0.5000,"PursuitChaseOptimal",0.030805
2021,B0100,aggressive,UNKNOWN,15826.579063,29225.577714,3174.422286,4051.034116,30510.619899,16090.477901,527.520438,28409.908594,95.771591,6700.399770,-43.921977,0.021822,False,False,False,False,True,True,True,1-circle,1.000000,4090.378844,20157.484241,-0.736309,-0.092246,100.000000,100.000000,0.000000,0.000000,2,4,4,0.0000,0.0000,0.0000,0.5000,"Accelerate",-0.029073
2022,A0100,pursuit_chase_v1,UNKNOWN,15834.956929,29240.565584,3159.434416,4050.969347,30538.138811,16090.895413,527.637071,28415.774267,117.313456,6693.114523,-44.800068,0.008915,False,False,False,False,True,True,True,1-circle,1.000000,4093.306110,20224.591334,-0.300893,-0.248068,100.000000,100.000000,0.000000,0.000000,2,5,4,0.0000,0.0000,0.0000,0.5000,"PursuitChaseOptimal",0.057491
2022,B0100,aggressive,UNKNOWN,15834.956929,29240.565584,3159.434416,4050.969347,30538.138811,16090.895413,527.637071,28415.774267,117.313456,6693.114523,-44.800068,0.008915,False,False,False,False,True,True,True,1-circle,1.000000,4093.306110,20224.591334,-0.300893,-0.248068,100.000000,100.000000,0.000000,0.000000,2,4,4,0.0000,0.0000,0.0000,0.5000,"Accelerate",-0.053594
2023,A0100,pursuit_chase_v1,UNKNOWN,15834.956929,29240.565584,3159.434416,4050.969347,30538.138811,16090.895413,527.637071,28415.774267,117.313456,6693.114523,-44.800068,0.008915,False,False,False,False,True,True,True,1-circle,1.000000,4093.306110,20224.591334,-0.300893,-0.248068,100.000000,100.000000,0.000000,0.000000,2,5,4,0.0000,0.0000,0.0000,0.5000,"PursuitChaseOptimal",0.072756
2023,B0100,aggressive,UNKNOWN,15834.956929,29240.565584,3159.434416,4050.969347,30538.138811,16090.895413,527.637071,28415.774267,117.313456,6693.114523,-44.800068,0.008915,False,False,False,False,True,True,True,1-circle,1.000000,4093.306110,20224.591334,-0.300893,-0.248068,100.000000,100.000000,0.000000,0.000000,2,4,4,0.0000,0.0000,0.0000,0.5000,"Accelerate",-0.067854
2024,A0100,pursuit_chase_v1,UNKNOWN,15843.357976,29255.845071,3144.154929,4055.345700,30564.034717,16091.362943,527.727029,28420.444766,93.409983,6666.545045,-45.954011,0.043234,False,False,False,False,True,True,True,1-circle,1.000000,4095.633294,20004.384292,-1.459121,-0.158017,100.000000,100.000000,0.000000,0.000000,2,5,4,0.0000,0.0000,0.0000,0.5000,"PursuitChaseOptimal",0.062383
2024,B0100,aggressive,UNKNOWN,15843.357976,29255.845071,3144.154929,4055.345700,30564.034717,16091.362943,527.727029,28420.444766,93.409983,6666.545045,-45.954011,0.043234,False,False,False,False,True,True,True,1-circle,1.000000,4095.633294,20004.384292,-1.459121,-0.158017,100.000000,100.000000,0.000000,0.000000,2,4,4,0.0000,0.0000,0.0000,0.5000,"Accelerate",-0.058439
2025,A0100,pursuit_chase_v1,UNKNOWN,15843.357976,29255.845071,3144.154929,4055.345700,30564.034717,16091.362943,527.727029,28420.444766,93.409983,6666.545045,-45.954011,0.043234,False,False,False,False,True,True,True,1-circle,1.000000,4095.633294,20004.384292,-1.459121,-0.158017,100.000000,100.000000,0.000000,0.000000,2,5,4,0.0000,0.0000,0.0000,0.5000,"PursuitChaseOptimal",0.042655
2025,B0100,aggressive,UNKNOWN,15843.357976,29255.845071,3144.154929,4055.345700,30564.034717,16091.362943,527.727029,28420.444766,93.409983,6666.545045,-45.954011,0.043234,False,False,False,False,True,True,True,1-circle,1.000000,4095.633294,20004.384292,-1.459121,-0.158017,100.000000,100.000000,0.000000,0.000000,2,4,4,0.0000,0.0000,0.0000,0.5000,"Accelerate",-0.039908
2026,A0100,pursuit_chase_v1,UNKNOWN,15851.813421,29263.168854,3136.831146,4066.148317,30590.520726,16091.738405,527.948161,28431.154858,214.201845,6658.752024,-47.324999,0.031881,False,False,False,False,True,True,True,1-circle,1.000000,4097.284070,20448.506521,1.076472,-0.343445,100.000000,100.000000,0.000000,0.000000,2,5,4,0.0000,0.0000,0.0000,0.5000,"PursuitChaseOptimal",0.018072
2026,B0100,aggressive,UNKNOWN,15851.813421,29263.168854,3136.831146,4066.148317,30590.520726,16091.738405,527.948161,28431.154858,214.201845,6658.752024,-47.324999,0.031881,False,False,False,False,True,True,True,1-circle,1.000000,4097.284070,20448.506521,1.076472,-0.343445,100.000000,100.000000,0.000000,0.000000,2,4,4,0.0000,0.0000,0.0000,0.5000,"Accelerate",-0.016902
2027,A0100,pursuit_chase_v1,UNKNOWN,15851.813421,29263.168854,3136.831146,4066.148317,30590.520726,16091.738405,527.948161,28431.154858,214.201845,6658.752024,-47.324999,0.031881,False,False,False,False,True,True,True,1-circle,1.000000,4097.284070,20448.506521,1.076472,-0.343445,100.000000,100.000000,0.000000,0.000000,2,5,4,0.0000,0.0000,0.0000,0.5000,"PursuitChaseOptimal",-0.002912
2027,B0100,aggressive,UNKNOWN,15851.813421,29263.168854,3136.831146,4066.148317,30590.520726,16091.738405,527.948161,28431.154858,214.201845,6658.752024,-47.324999,0.031881,False,False,False,False,True,True,True,1-circle,1.000000,4097.284070,20448.506521,1.076472,-0.343445,100.000000,100.000000,0.000000,0.000000,2,4,4,0.0000,0.0000,0.0000,0.5000,"Accelerate",0.002303
2028,A0100,pursuit_chase_v1,UNKNOWN,15860.330899,29287.222886,3112.777114,4058.840114,30619.042115,16092.130793,527.963718,28432.274461,22.392043,6635.874938,-47.914652,0.032266,False,False,False,False,True,True,True,1-circle,1.000000,4098.440003,20045.974183,-1.089512,-0.108116,100.000000,100.000000,0.000000,0.000000,2,5,4,0.0000,0.0000,0.0000,0.5000,"PursuitChaseOptimal",-0.012813
2028,B0100,aggressive,UNKNOWN,15860.330899,29287.222886,3112.777114,4058.840114,30619.042115,16092.130793,527.963718,28432.274461,22.392043,6635.874938,-47.914652,0.032266,False,False,False,False,True,True,True,1-circle,1.000000,4098.440003,20045.974183,-1.089512,-0.108116,100.000000,100.000000,0.000000,0.000000,2,4,4,0.0000,0.0000,0.0000,0.5000,"Accelerate",0.011016
2029,A0100,pursuit_chase_v1,UNKNOWN,15860.330899,29287.222886,3112.777114,4058.840114,30619.042115,16092.130793,527.963718,28432.274461,22.392043,6635.874938,-47.914652,0.032266,False,False,False,False,True,True,True,1-circle,1.000000,4098.440003,20045.974183,-1.089512,-0.108116,100.000000,100.000000,0.000000,0.000000,2,5,4,0.0000,0.0000,0.0000,0.5000,"PursuitChaseOptimal",-0.029054
2029,B0100,aggressive,UNKNOWN,15860.330899,29287.222886,3112.777114,4058.840114,30619.042115,16092.130793,527.963718,28432.274461,22.392043,6635.874938,-47.914652,0.032266,False,False,False,False,True,True,True,1-circle,1.000000,4098.440003,20045.974183,-1.089512,-0.108116,100.000000,100.000000,0.000000,0.000000,2,4,4,0.0000,0.0000,0.0000,0.5000,"Accelerate",0.025824
2030,A0100,pursuit_chase_v1,UNKNOWN,15868.817678,29296.543136,3103.456864,4008.637173,30642.866680,16092.540179,528.146201,28441.215684,178.824461,6620.089966,-46.893385,0.010589,False,False,False,False,True,True,True,1-circle,1.000000,4099.653369,20294.044426,0.357694,-0.229772,100.000000,100.000000,0.000000,0.000000,2,5,4,0.0000,0.0000,0.0000,0.5000,"PursuitChaseOptimal",-0.027976
2030,B0100,aggressive,UNKNOWN,15868.817678,29296.543136,3103.456864,4008.637173,30642.866680,16092.540179,528.146201,28441.215684,178.824461,6620.089966,-46.893385,0.010589,False,False,False,False,True,True,True,1-circle,1.000000,4099.653369,20294.044426,0.357694,-0.229772,100.000000,100.000000,0.000000,0.000000,2,4,4,0.0000,0.0000,0.0000,0.5000,"Accelerate",0.025161
2031,A0100,pursuit_chase_v1,UNKNOWN,15868.817678,29296.543136,3103.456864,4008.637173,30642.866680,16092.540179,528.146201,28441.215684,178.824461,6620.089966,-46.893385,0.010589,False,False,False,False,True,True,True,1-circle,1.000000,4099.653369,20294.044426,0.357694,-0.229772,100.000000,100.000000,0.000000,0.000000,2,5,4,0.0000,0.0000,0.0000,0.5000,"PursuitChaseOptimal",-0.023050
2031,B0100,aggressive,UNKNOWN,15868.817678,29296.543136,3103.456864,4008.637173,30642.866680,16092.540179,528.146201,28441.215684,178.824461,6620.089966,-46.893385,0.010589,False,False,False,False,True,True,True,1-circle,1.000000,4099.653369,20294.044426,0.357694,-0.229772,100.000000,100.000000,0.000000,0.000000,2,4,4,0.0000,0.0000,0.0000,0.5000,"Accelerate",0.020852
2032,A0100,pursuit_chase_v1,UNKNOWN,15877.211697,29318.349436,3081.650564,3909.007768,30671.625405,16092.953564,528.137525,28441.223371,0.153745,6610.854451,-45.199382,0.053328,False,False,False,False,True,True,True,1-circle,1.000000,4101.475680,19893.945561,-1.800901,-0.268128,100.000000,100.000000,0.000000,0.000000,2,5,4,0.0000,0.0000,0.0000,0.5000,"PursuitChaseOptimal",-0.020271
2032,B0100,aggressive,UNKNOWN,15877.211697,29318.349436,3081.650564,3909.007768,30671.625405,16092.953564,528.137525,28441.223371,0.153745,6610.854451,-45.199382,0.053328,False,False,False,False,True,True,True,1-circle,1.000000,4101.475680,19893.945561,-1.800901,-0.268128,100.000000,100.000000,0.000000,0.000000,2,4,4,0.0000,0.0000,0.0000,0.5000,"Accelerate",0.018050
2033,A0100,pursuit_chase_v1,UNKNOWN,15877.211697,29318.349436,3081.650564,3909.007768,30671.625405,16092.953564,528.137525,28441.223371,0.153745,6610.854451,-45.199382,0.053328,False,False,False,False,True,True,True,1-circle,1.000000,4101.475680,19893.945561,-1.800901,-0.268128,100.000000,100.000000,0.000000,0.000000,2,5,4,0.0000,0.0000,0.0000,0.5000,"PursuitChaseOptimal",-0.020189
2033,B0100,aggressive,UNKNOWN,15877.211697,29318.349436,3081.650564,3909.007768,30671.625405,16092.953564,528.137525,28441.223371,0.153745,6610.854451,-45.199382,0.053328,False,False,False,False,True,True,True,1-circle,1.000000,4101.475680,19893.945561,-1.800901,-0.268128,100.000000,100.000000,0.000000,0.000000,2,4,4,0.0000,0.0000,0.0000,0.5000,"Accelerate",0.014575
2034,A0100,pursuit_chase_v1,UNKNOWN,15885.516281,29325.170397,3074.829603,3801.725971,30696.252906,16093.380594,528.344685,28451.339414,202.320871,6634.505099,-43.674416,0.003247,False,False,False,False,True,True,True,1-circle,1.000000,4104.048738,20187.874486,-0.109718,-0.123547,100.000000,100.000000,0.000000,0.000000,2,4,4,0.0000,0.0000,0.0000,0.5000,"PursuitChaseOptimal",-0.015062
2034,B0100,aggressive,UNKNOWN,15885.516281,29325.170397,3074.829603,3801.725971,30696.252906,16093.380594,528.344685,28451.339414,202.320871,6634.505099,-43.674416,0.003247,False,False,False,False,True,True,True,1-circle,1.000000,4104.048738,20187.874486,-0.109718,-0.123547,100.000000,100.000000,0.000000,0.000000,2,4,4,0.0000,0.0000,0.0000,0.5000,"Accelerate",0.008713
2035,A0100,pursuit_chase_v1,UNKNOWN,15885.516281,29325.170397,3074.829603,3801.725971,30696.252906,16093.380594,528.344685,28451.339414,202.320871,6634.505099,-43.674416,0.003247,False,False,False,False,True,True,True,1-circle,1.000000,4104.048738,20187.874486,-0.109718,-0.123547,100.000000,100.000000,0.000000,0.000000,2,4,4,0.0000,0.0000,0.0000,0.5000,"PursuitChaseOptimal",-0.020464
2035,B0100,aggressive,UNKNOWN,15885.516281,29325.170397,3074.829603,3801.725971,30696.252906,16093.380594,528.344685,28451.339414,202.320871,6634.505099,-43.674416,0.003247,False,False,False,False,True,True,True,1-circle,1.000000,4104.048738,20187.874486,-0.109718,-0.123547,100.000000,100.000000,0.000000,0.000000,2,4,4,0.0000,0.0000,0.0000,0.5000,"Accelerate",0.014073
2036,A0100,pursuit_chase_v1,UNKNOWN,15893.781211,29339.804953,3060.195047,3689.536355,30720.248036,16093.745537,528.425041,28455.463681,82.485332,6655.595988,-42.305628,0.009548,False,False,False,False,True,True,True,1-circle,1.000000,4107.422646,20256.339938,0.322710,-0.237158,100.000000,100.000000,0.000000,0.000000,2,4,4,0.0000,0.0000,0.0000,0.5000,"PursuitChaseOptimal",-0.024665
2036,B0100,aggressive,UNKNOWN,15893.781211,29339.804953,3060.195047,3689.536355,30720.248036,16093.745537,528.425041,28455.463681,82.485332,6655.595988,-42.305628,0.009548,False,False,False,False,True,True,True,1-circle,1.000000,4107.422646,20256.339938,0.322710,-0.237158,100.000000,100.000000,0.000000,0.000000,2,4,4,0.0000,0.0000,0.0000,0.5000,"Accelerate",0.017952
2037,A0100,pursuit_chase_v1,UNKNOWN,15893.781211,29339.804953,3060.195047,3689.536355,30720.248036,16093.745537,528.425041,28455.463681,82.485332,6655.595988,-42.305628,0.009548,False,False,False,False,True,True,True,1-circle,1.000000,4107.422646,20256.339938,0.322710,-0.237158,100.000000,100.000000,0.000000,0.000000,2,4,4,0.0000,0.0000,0.0000,0.5000,"PursuitChaseOptimal",-0.027311
2037,B0100,aggressive,UNKNOWN,15893.781211,29339.804953,3060.195047,3689.536355,30720.248036,16093.745537,528.425041,28455.463681,82.485332,6655.595988,-42.305628,0.009548,False,False,False,False,True,True,True,1-circle,1.000000,4107.422646,20256.339938,0.322710,-0.237158,100.000000,100.000000,0.000000,0.000000,2,4,4,0.0000,0.0000,0.0000,0.5000,"Accelerate",0.020027
2038,A0100,pursuit_chase_v1,UNKNOWN,15901.987943,29353.329352,3046.670648,3595.941833,30742.957935,16094.188550,528.529530,28460.795908,106.644541,6674.872640,-41.230649,0.024622,False,False,False,False,True,True,True,1-circle,1.000000,4111.410640,20040.002326,-0.832280,-0.037806,100.000000,100.000000,0.000000,0.000000,2,4,4,0.0000,0.0000,0.0000,0.5000,"PursuitChaseOptimal",-0.023607
2038,B0100,aggressive,UNKNOWN,15901.987943,29353.329352,3046.670648,3595.941833,30742.957935,16094.188550,528.529530,28460.795908,106.644541,6674.872640,-41.230649,0.024622,False,False,False,False,True,True,True,1-circle,1.000000,4111.410640,20040.002326,-0.832280,-0.037806,100.000000,100.000000,0.000000,0.000000,2,4,4,0.0000,0.0000,0.0000,0.5000,"Accelerate",0.016486
2039,A0100,pursuit_chase_v1,UNKNOWN,15901.987943,29353.329352,3046.670648,3595.941833,30742.957935,16094.188550,528.529530,28460.795908,106.644541,6674.872640,-41.230649,0.024622,False,False,False,False,True,True,True,1-circle,1.000000,4111.410640,20040.002326,-0.832280,-0.037806,100.000000,100.000000,0.000000,0.000000,2,4,4,0.0000,0.0000,0.0000,0.5000,"PursuitChaseOptimal",-0.016191
2039,B0100,aggressive,UNKNOWN,15901.987943,29353.329352,3046.670648,3595.941833,30742.957935,16094.188550,528.529530,28460.795908,106.644541,6674.872640,-41.230649,0.024622,False,False,False,False,True,True,True,1-circle,1.000000,4111.410640,20040.002326,-0.832280,-0.037806,100.000000,100.000000,0.000000,0.000000,2,4,4,0.0000,0.0000,0.0000,0.5000,"Accelerate",0.009892
2040,A0100,pursuit_chase_v1,UNKNOWN,15910.203990,29364.832430,3035.167570,3542.536861,30767.104243,16094.599513,528.651276,28466.904815,122.178140,6688.666748,-40.906387,0.012044,False,False,False,False,True,True,True,1-circle,1.000000,4115.913738,20108.797022,-0.407230,-0.296001,100.000000,100.000000,0.000000,0.000000,2,4,4,0.0000,0.0000,0.0000,0.5000,"PursuitChaseOptimal",-0.007714
2040,B0100,aggressive,UNKNOWN,15910.203990,29364.832430,3035.167570,3542.536861,30767.104243,16094.599513,528.651276,28466.904815,122.178140,6688.666748,-40.906387,0.012044,False,False,False,False,True,True,True,1-circle,1.000000,4115.913738,20108.797022,-0.407230,-0.296001,100.000000,100.000000,0.000000,0.000000,2,4,4,0.0000,0.0000,0.0000,0.5000,"Accelerate",0.002196
2041,A0100,pursuit_chase_v1,UNKNOWN,15910.203990,29364.832430,3035.167570,3542.536861,30767.104243,16094.599513,528.651276,28466.904815,122.178140,6688.666748,-40.906387,0.012044,False,False,False,False,True,True,True,1-circle,1.000000,4115.913738,20108.797022,-0.407230,-0.296001,100.000000,100.000000,0.000000,0.000000,2,4,4,0.0000,0.0000,0.0000,0.5000,"PursuitChaseOptimal",0.003433
2041,B0100,aggressive,UNKNOWN,15910.203990,29364.832430,3035.167570,3542.536861,30767.104243,16094.599513,528.651276,28466.904815,122.178140,6688.666748,-40.906387,0.012044,False,False,False,False,True,True,True,1-circle,1.000000,4115.913738,20108.797022,-0.407230,-0.296001,100.000000,100.000000,0.000000,0.000000,2,4,4,0.0000,0.0000,0.0000,0.5000,"Accelerate",-0.008449
2042,A0100,pursuit_chase_v1,UNKNOWN,15918.447184,29377.976954,3022.023046,3523.727386,30789.412841,16095.071018,528.734979,28471.294500,87.793708,6695.050271,-41.287469,0.046700,False,False,False,False,True,True,True,1-circle,1.000000,4120.479643,19890.394764,-1.578891,-0.063530,100.000000,100.000000,0.000000,0.000000,2,4,4,0.0000,0.0000,0.0000,0.5000,"PursuitChaseOptimal",0.019772
2042,B0100,aggressive,UNKNOWN,15918.447184,29377.976954,3022.023046,3523.727386,30789.412841,16095.071018,528.734979,28471.294500,87.793708,6695.050271,-41.287469,0.046700,False,False,False,False,True,True,True,1-circle,1.000000,4120.479643,19890.394764,-1.578891,-0.063530,100.000000,100.000000,0.000000,0.000000,2,4,4,0.0000,0.0000,0.0000,0.5000,"Accelerate",-0.024031
2043,A0100,pursuit_chase_v1,UNKNOWN,15918.447184,29377.976954,3022.023046,3523.727386,30789.412841,16095.071018,528.734979,28471.294500,87.793708,6695.050271,-41.287469,0.046700,False,False,False,False,True,True,True,1-circle,1.000000,4120.479643,19890.394764,-1.578891,-0.063530,100.000000,100.000000,0.000000,0.000000,2,4,4,0.0000,0.0000,0.0000,0.5000,"PursuitChaseOptimal",0.020546
2043,B0100,aggressive,UNKNOWN,15918.447184,29377.976954,3022.023046,3523.727386,30789.412841,16095.071018,528.734979,28471.294500,87.793708,6695.050271,-41.287469,0.046700,False,False,False,False,True,True,True,1-circle,1.000000,4120.479643,19890.394764,-1.578891,-0.063530,100.000000,100.000000,0.000000,0.000000,2,4,4,0.0000,0.0000,0.0000,0.5000,"Accelerate",-0.024410
2044,A0100,pursuit_chase_v1,UNKNOWN,15926.767640,29381.021166,3018.978834,3522.485281,30811.931500,16095.477924,528.968116,28482.617994,226.469870,6712.156745,-42.205064,0.025665,False,False,False,False,True,True,True,1-circle,1.000000,4124.907870,20323.308456,0.868215,-0.226051,100.000000,100.000000,0.000000,0.000000,2,4,4,0.0000,0.0000,0.0000,0.5000,"PursuitChaseOptimal",0.019000
2044,B0100,aggressive,UNKNOWN,15926.767640,29381.021166,3018.978834,3522.485281,30811.931500,16095.477924,528.968116,28482.617994,226.469870,6712.156745,-42.205064,0.025665,False,False,False,False,True,True,True,1-circle,1.000000,4124.907870,20323.308456,0.868215,-0.226051,100.000000,100.000000,0.000000,0.000000,2,4,4,0.0000,0.0000,0.0000,0.5000,"Accelerate",-0.022721
2045,A0100,pursuit_chase_v1,UNKNOWN,15926.767640,29381.021166,3018.978834,3522.485281,30811.931500,16095.477924,528.968116,28482.617994,226.469870,6712.156745,-42.205064,0.025665,False,False,False,False,True,True,True,1-circle,1.000000,4124.907870,20323.308456,0.868215,-0.226051,100.000000,100.000000,0.000000,0.000000,2,4,4,0.0000,0.0000,0.0000,0.5000,"PursuitChaseOptimal",0.014365
2045,B0100,aggressive,UNKNOWN,15926.767640,29381.021166,3018.978834,3522.485281,30811.931500,16095.477924,528.968116,28482.617994,226.469870,6712.156745,-42.205064,0.025665,False,False,False,False,True,True,True,1-circle,1.000000,4124.907870,20323.308456,0.868215,-0.226051,100.000000,100.000000,0.000000,0.000000,2,4,4,0.0000,0.0000,0.0000,0.5000,"Accelerate",-0.018292
2046,A0100,pursuit_chase_v1,UNKNOWN,15935.192220,29398.450304,3001.549696,3520.907694,30836.981374,16095.881142,528.965066,28482.878378,5.207679,6723.187967,-43.345686,0.038374,False,False,False,False,True,True,True,1-circle,1.000000,4129.001220,19925.553462,-1.298028,-0.263048,100.000000,100.000000,0.000000,0.000000,2,4,4,0.0000,0.0000,0.0000,0.5000,"PursuitChaseOptimal",0.006153
2046,B0100,aggressive,UNKNOWN,15935.192220,29398.450304,3001.549696,3520.907694,30836.981374,16095.881142,528.965066,28482.878378,5.207679,6723.187967,-43.345686,0.038374,False,False,False,False,True,True,True,1-circle,1.000000,4129.001220,19925.553462,-1.298028,-0.263048,100.000000,100.000000,0.000000,0.000000,2,4,4,0.0000,0.0000,0.0000,0.5000,"Accelerate",-0.011033
2047,A0100,pursuit_chase_v1,UNKNOWN,15935.192220,29398.450304,3001.549696,3520.907694,30836.981374,16095.881142,528.965066,28482.878378,5.207679,6723.187967,-43.345686,0.038374,False,False,False,False,True,True,True,1-circle,1.000000,4129.001220,19925.553462,-1.298028,-0.263048,100.000000,100.000000,0.000000,0.000000,2,4,4,0.0000,0.0000,0.0000,0.5000,"PursuitChaseOptimal",-0.005225
2047,B0100,aggressive,UNKNOWN,15935.192220,29398.450304,3001.549696,3520.907694,30836.981374,16095.881142,528.965066,28482.878378,5.207679,6723.187967,-43.345686,0.038374,False,False,False,False,True,True,True,1-circle,1.000000,4129.001220,19925.553462,-1.298028,-0.263048,100.000000,100.000000,0.000000,0.000000,2,4,4,0.0000,0.0000,0.0000,0.5000,"Accelerate",-0.000747
2048,A0100,pursuit_chase_v1,UNKNOWN,15943.711752,29403.406514,2996.593486,3519.994796,30857.122947,16096.298958,529.139703,28491.476638,171.965210,6737.021112,-44.027155,0.003796,False,False,False,False,True,True,True,1-circle,1.000000,4132.829241,20174.294141,0.128454,-0.123459,100.000000,100.000000,0.000000,0.000000,2,4,4,0.0000,0.0000,0.0000,0.5000,"PursuitChaseOptimal",-0.020163
2048,B0100,aggressive,UNKNOWN,15943.711752,29403.406514,2996.593486,3519.994796,30857.122947,16096.298958,529.139703,28491.476638,171.965210,6737.021112,-44.027155,0.003796,False,False,False,False,True,True,True,1-circle,1.000000,4132.829241,20174.294141,0.128454,-0.123459,100.000000,100.000000,0.000000,0.000000,2,4,4,0.0000,0.0000,0.0000,0.5000,"Accelerate",0.013340
2049,A0100,pursuit_chase_v1,UNKNOWN,15943.711752,29403.406514,2996.593486,3519.994796,30857.122947,16096.298958,529.139703,28491.476638,171.965210,6737.021112,-44.027155,0.003796,False,False,False,False,True,True,True,1-circle,1.000000,4132.829241,20174.294141,0.128454,-0.123459,100.000000,100.000000,0.000000,0.000000,2,4,4,0.0000,0.0000,0.0000,0.5000,"PursuitChaseOptimal",-0.025881
2049,B0100,aggressive,UNKNOWN,15943.711752,29403.406514,2996.593486,3519.994796,30857.122947,16096.298958,529.139703,28491.476638,171.965210,6737.021112,-44.027155,0.003796,False,False,False,False,True,True,True,1-circle,1.000000,4132.829241,20174.294141,0.128454,-0.123459,100.000000,100.000000,0.000000,0.000000,2,4,4,0.0000,0.0000,0.0000,0.5000,"Accelerate",0.018722
2050,A0100,pursuit_chase_v1,UNKNOWN,15952.315601,29421.332608,2978.667392,3511.236895,30882.820837,16096.722021,529.155841,28492.655788,23.582984,6739.759801,-44.491258,0.060998,False,False,False,False,True,True,True,1-circle,1.000000,4136.590797,19771.718879,-2.063477,-0.249124,100.000000,100.000000,0.000000,0.000000,2,4,4,0.0000,0.0000,0.0000,0.5000,"PursuitChaseOptimal",-0.030695
2050,B0100,aggressive,UNKNOWN,15952.315601,29421.332608,2978.667392,3511.236895,30882.820837,16096.722021,529.155841,28492.655788,23.582984,6739.759801,-44.491258,0.060998,False,False,False,False,True,True,True,1-circle,1.000000,4136.590797,19771.718879,-2.063477,-0.249124,100.000000,100.000000,0.000000,0.000000,2,4,4,0.0000,0.0000,0.0000,0.5000,"Accelerate",0.022769
2051,A0100,pursuit_chase_v1,UNKNOWN,15952.315601,29421.332608,2978.667392,3511.236895,30882.820837,16096.722021,529.155841,28492.655788,23.582984,6739.759801,-44.491258,0.060998,False,False,False,False,True,True,True,1-circle,1.000000,4136.590797,19771.718879,-2.063477,-0.249124,100.000000,100.000000,0.000000,0.000000,2,4,4,0.0000,0.0000,0.0000,0.5000,"PursuitChaseOptimal",-0.027648
2051,B0100,aggressive,UNKNOWN,15952.315601,29421.332608,2978.667392,3511.236895,30882.820837,16096.722021,529.155841,28492.655788,23.582984,6739.759801,-44.491258,0.060998,False,False,False,False,True,True,True,1-circle,1.000000,4136.590797,19771.718879,-2.063477,-0.249124,100.000000,100.000000,0.000000,0.000000,2,4,4,0.0000,0.0000,0.0000,0.5000,"Accelerate",0.019590
2052,A0100,pursuit_chase_v1,UNKNOWN,15960.998230,29422.095278,2977.904722,3509.033553,30903.715798,16097.139352,529.379317,28503.545555,217.795342,6758.656188,-44.855842,0.010895,False,False,False,False,True,True,True,1-circle,1.000000,4140.427020,20068.849252,-0.368847,-0.236851,100.000000,100.000000,0.000000,0.000000,2,4,4,0.0000,0.0000,0.0000,0.5000,"PursuitChaseOptimal",-0.014272
2052,B0100,aggressive,UNKNOWN,15960.998230,29422.095278,2977.904722,3509.033553,30903.715798,16097.139352,529.379317,28503.545555,217.795342,6758.656188,-44.855842,0.010895,False,False,False,False,True,True,True,1-circle,1.000000,4140.427020,20068.849252,-0.368847,-0.236851,100.000000,100.000000,0.000000,0.000000,2,4,4,0.0000,0.0000,0.0000,0.5000,"Accelerate",0.007394
2053,A0100,pursuit_chase_v1,UNKNOWN,15960.998230,29422.095278,2977.904722,3509.033553,30903.715798,16097.139352,529.379317,28503.545555,217.795342,6758.656188,-44.855842,0.010895,False,False,False,False,True,True,True,1-circle,1.000000,4140.427020,20068.849252,-0.368847,-0.236851,100.000000,100.000000,0.000000,0.000000,2,4,4,0.0000,0.0000,0.0000,0.5000,"PursuitChaseOptimal",0.001162
2053,B0100,aggressive,UNKNOWN,15960.998230,29422.095278,2977.904722,3509.033553,30903.715798,16097.139352,529.379317,28503.545555,217.795342,6758.656188,-44.855842,0.010895,False,False,False,False,True,True,True,1-circle,1.000000,4140.427020,20068.849252,-0.368847,-0.236851,100.000000,100.000000,0.000000,0.000000,2,4,4,0.0000,0.0000,0.0000,0.5000,"Accelerate",-0.006603
2054,A0100,pursuit_chase_v1,UNKNOWN,15969.809804,29430.766832,2969.233168,3507.891038,30927.519141,16097.461276,529.477223,28508.456939,98.227680,6776.033822,-45.687053,0.002446,False,False,False,False,True,True,True,1-circle,1.000000,4144.342289,20142.355637,0.082837,-0.456009,100.000000,100.000000,0.000000,0.000000,2,4,4,0.0000,0.0000,0.0000,0.5000,"PursuitChaseOptimal",0.018545
2054,B0100,aggressive,UNKNOWN,15969.809804,29430.766832,2969.233168,3507.891038,30927.519141,16097.461276,529.477223,28508.456939,98.227680,6776.033822,-45.687053,0.002446,False,False,False,False,True,True,True,1-circle,1.000000,4144.342289,20142.355637,0.082837,-0.456009,100.000000,100.000000,0.000000,0.000000,2,4,4,0.0000,0.0000,0.0000,0.5000,"Accelerate",-0.022530
2055,A0100,pursuit_chase_v1,UNKNOWN,15969.809804,29430.766832,2969.233168,3507.891038,30927.519141,16097.461276,529.477223,28508.456939,98.227680,6776.033822,-45.687053,0.002446,False,False,False,False,True,True,True,1-circle,1.000000,4144.342289,20142.355637,0.082837,-0.456009,100.000000,100.000000,0.000000,0.000000,2,4,4,0.0000,0.0000,0.0000,0.5000,"PursuitChaseOptimal",0.034734
2055,B0100,aggressive,UNKNOWN,15969.809804,29430.766832,2969.233168,3507.891038,30927.519141,16097.461276,529.477223,28508.456939,98.227680,6776.033822,-45.687053,0.002446,False,False,False,False,True,True,True,1-circle,1.000000,4144.342289,20142.355637,0.082837,-0.456009,100.000000,100.000000,0.000000,0.000000,2,4,4,0.0000,0.0000,0.0000,0.5000,"Accelerate",-0.037788
2056,A0100,pursuit_chase_v1,UNKNOWN,15978.713762,29441.832224,2958.167776,3510.809371,30949.355825,16097.819625,529.540727,28511.792522,66.711666,6786.771929,-46.863174,0.031821,False,False,False,False,True,True,True,1-circle,1.000000,4147.943975,19925.453408,-1.077556,-0.208266,100.000000,100.000000,0.000000,0.000000,2,4,4,0.0000,0.0000,0.0000,0.5000,"PursuitChaseOptimal",0.048298
2056,B0100,aggressive,UNKNOWN,15978.713762,29441.832224,2958.167776,3510.809371,30949.355825,16097.819625,529.540727,28511.792522,66.711666,6786.771929,-46.863174,0.031821,False,False,False,False,True,True,True,1-circle,1.000000,4147.943975,19925.453408,-1.077556,-0.208266,100.000000,100.000000,0.000000,0.000000,2,4,4,0.0000,0.0000,0.0000,0.5000,"Accelerate",-0.050379
2057,A0100,pursuit_chase_v1,UNKNOWN,15978.713762,29441.832224,2958.167776,3510.809371,30949.355825,16097.819625,529.540727,28511.792522,66.711666,6786.771929,-46.863174,0.031821,False,False,False,False,True,True,True,1-circle,1.000000,4147.943975,19925.453408,-1.077556,-0.208266,100.000000,100.000000,0.000000,0.000000,2,4,4,0.0000,0.0000,0.0000,0.5000,"PursuitChaseOptimal",0.051650
2057,B0100,aggressive,UNKNOWN,15978.713762,29441.832224,2958.167776,3510.809371,30949.355825,16097.819625,529.540727,28511.792522,66.711666,6786.771929,-46.863174,0.031821,False,False,False,False,True,True,True,1-circle,1.000000,4147.943975,19925.453408,-1.077556,-0.208266,100.000000,100.000000,0.000000,0.000000,2,4,4,0.0000,0.0000,0.0000,0.5000,"Accelerate",-0.052971
2058,A0100,pursuit_chase_v1,UNKNOWN,15987.719865,29451.867537,2948.132463,3508.666201,30973.313276,16098.132582,529.629680,28516.276470,89.678951,6794.745239,-48.165964,0.018934,False,False,False,False,True,True,True,1-circle,1.000000,4151.075541,19995.562931,-0.641316,-0.353479,100.000000,100.000000,0.000000,0.000000,2,4,4,0.0000,0.0000,0.0000,0.5000,"PursuitChaseOptimal",0.039250
2058,B0100,aggressive,UNKNOWN,15987.719865,29451.867537,2948.132463,3508.666201,30973.313276,16098.132582,529.629680,28516.276470,89.678951,6794.745239,-48.165964,0.018934,False,False,False,False,True,True,True,1-circle,1.000000,4151.075541,19995.562931,-0.641316,-0.353479,100.000000,100.000000,0.000000,0.000000,2,4,4,0.0000,0.0000,0.0000,0.5000,"Accelerate",-0.041329
2059,A0100,pursuit_chase_v1,UNKNOWN,15987.719865,29451.867537,2948.132463,3508.666201,30973.313276,16098.132582,529.629680,28516.276470,89.678951,6794.745239,-48.165964,0.018934,False,False,False,False,True,True,True,1-circle,1.000000,4151.075541,19995.562931,-0.641316,-0.353479,100.000000,100.000000,0.000000,0.000000,2,4,4,0.0000,0.0000,0.0000,0.5000,"PursuitChaseOptimal",0.000919
2059,B0100,aggressive,UNKNOWN,15987.719865,29451.867537,2948.132463,3508.666201,30973.313276,16098.132582,529.629680,28516.276470,89.678951,6794.745239,-48.165964,0.018934,False,False,False,False,True,True,True,1-circle,1.000000,4151.075541,19995.562931,-0.641316,-0.353479,100.000000,100.000000,0.000000,0.000000,2,4,4,0.0000,0.0000,0.0000,0.5000,"Accelerate",-0.006567
2060,A0100,pursuit_chase_v1,UNKNOWN,15996.771504,29462.859527,2937.140473,3509.422231,30995.505339,16098.494496,529.692911,28519.603704,66.544695,6788.387305,-48.943082,0.053440,False,False,False,False,True,True,True,1-circle,1.000000,4153.657495,19776.418816,-1.809724,-0.242422,100.000000,100.000000,0.000000,0.000000,2,5,4,0.0000,0.0000,0.0000,0.5000,"PursuitChaseOptimal",-0.019600
2060,B0100,aggressive,UNKNOWN,15996.771504,29462.859527,2937.140473,3509.422231,30995.505339,16098.494496,529.692911,28519.603704,66.544695,6788.387305,-48.943082,0.053440,False,False,False,False,True,True,True,1-circle,1.000000,4153.657495,19776.418816,-1.809724,-0.242422,100.000000,100.000000,0.000000,0.000000,2,4,4,0.0000,0.0000,0.0000,0.5000,"Accelerate",0.011845
2061,A0100,pursuit_chase_v1,UNKNOWN,15996.771504,29462.859527,2937.140473,3509.422231,30995.505339,16098.494496,529.692911,28519.603704,66.544695,6788.387305,-48.943082,0.053440,False,False,False,False,True,True,True,1-circle,1.000000,4153.657495,19776.418816,-1.809724,-0.242422,100.000000,100.000000,0.000000,0.000000,2,5,4,0.0000,0.0000,0.0000,0.5000,"PursuitChaseOptimal",-0.001931
2061,B0100,aggressive,UNKNOWN,15996.771504,29462.859527,2937.140473,3509.422231,30995.505339,16098.494496,529.692911,28519.603704,66.544695,6788.387305,-48.943082,0.053440,False,False,False,False,True,True,True,1-circle,1.000000,4153.657495,19776.418816,-1.809724,-0.242422,100.000000,100.000000,0.000000,0.000000,2,4,4,0.0000,0.0000,0.0000,0.5000,"Accelerate",-0.004163
2062,A0100,pursuit_chase_v1,UNKNOWN,16005.912083,29463.619603,2936.380397,3516.145455,31018.283434,16098.763882,529.922698,28530.652274,220.971387,6795.635065,-49.570432,0.021848,False,False,False,False,True,True,True,1-circle,1.000000,4156.134692,20226.542887,0.740390,-0.427819,100.000000,100.000000,0.000000,0.000000,2,5,4,0.0000,0.0000,0.0000,0.5000,"PursuitChaseOptimal",0.008072
2062,B0100,aggressive,UNKNOWN,16005.912083,29463.619603,2936.380397,3516.145455,31018.283434,16098.763882,529.922698,28530.652274,220.971387,6795.635065,-49.570432,0.021848,False,False,False,False,True,True,True,1-circle,1.000000,4156.134692,20226.542887,0.740390,-0.427819,100.000000,100.000000,0.000000,0.000000,2,4,4,0.0000,0.0000,0.0000,0.5000,"Accelerate",-0.012995
2063,A0100,pursuit_chase_v1,UNKNOWN,16005.912083,29463.619603,2936.380397,3516.145455,31018.283434,16098.763882,529.922698,28530.652274,220.971387,6795.635065,-49.570432,0.021848,False,False,False,False,True,True,True,1-circle,1.000000,4156.134692,20226.542887,0.740390,-0.427819,100.000000,100.000000,0.000000,0.000000,2,5,4,0.0000,0.0000,0.0000,0.5000,"PursuitChaseOptimal",0.018316
2063,B0100,aggressive,UNKNOWN,16005.912083,29463.619603,2936.380397,3516.145455,31018.283434,16098.763882,529.922698,28530.652274,220.971387,6795.635065,-49.570432,0.021848,False,False,False,False,True,True,True,1-circle,1.000000,4156.134692,20226.542887,0.740390,-0.427819,100.000000,100.000000,0.000000,0.000000,2,4,4,0.0000,0.0000,0.0000,0.5000,"Accelerate",-0.022171
2064,A0100,pursuit_chase_v1,UNKNOWN,16015.088861,29479.422813,2920.577187,3514.087633,31043.309144,16099.007033,529.902744,28529.959174,-13.862000,6767.022862,-49.991941,0.043143,False,False,False,False,True,True,True,1-circle,1.000000,4158.413380,19821.146832,-1.461722,-0.436270,100.000000,100.000000,0.000000,0.000000,2,5,4,0.0000,0.0000,0.0000,0.5000,"PursuitChaseOptimal",0.029910
2064,B0100,aggressive,UNKNOWN,16015.088861,29479.422813,2920.577187,3514.087633,31043.309144,16099.007033,529.902744,28529.959174,-13.862000,6767.022862,-49.991941,0.043143,False,False,False,False,True,True,True,1-circle,1.000000,4158.413380,19821.146832,-1.461722,-0.436270,100.000000,100.000000,0.000000,0.000000,2,4,4,0.0000,0.0000,0.0000,0.5000,"Accelerate",-0.033052
2065,A0100,pursuit_chase_v1,UNKNOWN,16015.088861,29479.422813,2920.577187,3514.087633,31043.309144,16099.007033,529.902744,28529.959174,-13.862000,6767.022862,-49.991941,0.043143,False,False,False,False,True,True,True,1-circle,1.000000,4158.413380,19821.146832,-1.461722,-0.436270,100.000000,100.000000,0.000000,0.000000,2,5,4,0.0000,0.0000,0.0000,0.5000,"PursuitChaseOptimal",0.030645
2065,B0100,aggressive,UNKNOWN,16015.088861,29479.422813,2920.577187,3514.087633,31043.309144,16099.007033,529.902744,28529.959174,-13.862000,6767.022862,-49.991941,0.043143,False,False,False,False,True,True,True,1-circle,1.000000,4158.413380,19821.146832,-1.461722,-0.436270,100.000000,100.000000,0.000000,0.000000,2,4,4,0.0000,0.0000,0.0000,0.5000,"Accelerate",-0.033802
2066,A0100,pursuit_chase_v1,UNKNOWN,16024.244320,29483.446817,2916.553183,3519.122969,31063.619138,16099.251162,530.052943,28537.251350,145.843535,6739.474073,-50.452775,0.000152,False,False,False,False,True,True,True,1-circle,1.000000,4160.305598,20075.897746,0.005162,-0.285339,100.000000,100.000000,0.000000,0.000000,2,5,4,0.0000,0.0000,0.0000,0.5000,"PursuitChaseOptimal",0.017226
2066,B0100,aggressive,UNKNOWN,16024.244320,29483.446817,2916.553183,3519.122969,31063.619138,16099.251162,530.052943,28537.251350,145.843535,6739.474073,-50.452775,0.000152,False,False,False,False,True,True,True,1-circle,1.000000,4160.305598,20075.897746,0.005162,-0.285339,100.000000,100.000000,0.000000,0.000000,2,4,4,0.0000,0.0000,0.0000,0.5000,"Accelerate",-0.021137
2067,A0100,pursuit_chase_v1,UNKNOWN,16024.244320,29483.446817,2916.553183,3519.122969,31063.619138,16099.251162,530.052943,28537.251350,145.843535,6739.474073,-50.452775,0.000152,False,False,False,False,True,True,True,1-circle,1.000000,4160.305598,20075.897746,0.005162,-0.285339,100.000000,100.000000,0.000000,0.000000,2,5,4,0.0000,0.0000,0.0000,0.5000,"PursuitChaseOptimal",0.011816
2067,B0100,aggressive,UNKNOWN,16024.244320,29483.446817,2916.553183,3519.122969,31063.619138,16099.251162,530.052943,28537.251350,145.843535,6739.474073,-50.452775,0.000152,False,False,False,False,True,True,True,1-circle,1.000000,4160.305598,20075.897746,0.005162,-0.285339,100.000000,100.000000,0.000000,0.000000,2,4,4,0.0000,0.0000,0.0000,0.5000,"Accelerate",-0.016039
2068,A0100,pursuit_chase_v1,UNKNOWN,16033.372194,29501.235341,2898.764659,3517.567551,31089.549786,16099.494009,530.050093,28537.360409,2.181181,6698.834987,-50.761852,0.064142,False,False,False,False,True,True,True,1-circle,1.000000,4161.807240,19674.230106,-2.173218,-0.390577,100.000000,100.000000,0.000000,0.000000,2,5,4,0.0000,0.0000,0.0000,0.5000,"PursuitChaseOptimal",0.005986
2068,B0100,aggressive,UNKNOWN,16033.372194,29501.235341,2898.764659,3517.567551,31089.549786,16099.494009,530.050093,28537.360409,2.181181,6698.834987,-50.761852,0.064142,False,False,False,False,True,True,True,1-circle,1.000000,4161.807240,19674.230106,-2.173218,-0.390577,100.000000,100.000000,0.000000,0.000000,2,4,4,0.0000,0.0000,0.0000,0.5000,"Accelerate",-0.011110
2069,A0100,pursuit_chase_v1,UNKNOWN,16033.372194,29501.235341,2898.764659,3517.567551,31089.549786,16099.494009,530.050093,28537.360409,2.181181,6698.834987,-50.761852,0.064142,False,False,False,False,True,True,True,1-circle,1.000000,4161.807240,19674.230106,-2.173218,-0.390577,100.000000,100.000000,0.000000,0.000000,2,5,4,0.0000,0.0000,0.0000,0.5000,"PursuitChaseOptimal",-0.000024
2069,B0100,aggressive,UNKNOWN,16033.372194,29501.235341,2898.764659,3517.567551,31089.549786,16099.494009,530.050093,28537.360409,2.181181,6698.834987,-50.761852,0.064142,False,False,False,False,True,True,True,1-circle,1.000000,4161.807240,19674.230106,-2.173218,-0.390577,100.000000,100.000000,0.000000,0.000000,2,4,4,0.0000,0.0000,0.0000,0.5000,"Accelerate",-0.005990
2070,A0100,pursuit_chase_v1,UNKNOWN,16042.453300,29502.031510,2897.968490,3514.344827,31110.616944,16099.730876,530.253741,28547.156507,195.921943,6671.379140,-50.710143,0.013167,False,False,False,False,True,True,True,1-circle,1.000000,4163.054765,19975.337558,-0.446491,-0.360785,100.000000,100.000000,0.000000,0.000000,2,5,4,0.0000,0.0000,0.0000,0.5000,"PursuitChaseOptimal",-0.005499
2070,B0100,aggressive,UNKNOWN,16042.453300,29502.031510,2897.968490,3514.344827,31110.616944,16099.730876,530.253741,28547.156507,195.921943,6671.379140,-50.710143,0.013167,False,False,False,False,True,True,True,1-circle,1.000000,4163.054765,19975.337558,-0.446491,-0.360785,100.000000,100.000000,0.000000,0.000000,2,4,4,0.0000,0.0000,0.0000,0.5000,"Accelerate",-0.000794
2071,A0100,pursuit_chase_v1,UNKNOWN,16042.453300,29502.031510,2897.968490,3514.344827,31110.616944,16099.730876,530.253741,28547.156507,195.921943,6671.379140,-50.710143,0.013167,False,False,False,False,True,True,True,1-circle,1.000000,4163.054765,19975.337558,-0.446491,-0.360785,100.000000,100.000000,0.000000,0.000000,2,5,4,0.0000,0.0000,0.0000,0.5000,"PursuitChaseOptimal",-0.003235
2071,B0100,aggressive,UNKNOWN,16042.453300,29502.031510,2897.968490,3514.344827,31110.616944,16099.730876,530.253741,28547.156507,195.921943,6671.379140,-50.710143,0.013167,False,False,False,False,True,True,True,1-circle,1.000000,4163.054765,19975.337558,-0.446491,-0.360785,100.000000,100.000000,0.000000,0.000000,2,4,4,0.0000,0.0000,0.0000,0.5000,"Accelerate",-0.002505
2072,A0100,pursuit_chase_v1,UNKNOWN,16051.508142,29510.530112,2889.469888,3479.464198,31134.562004,16099.869648,530.345307,28551.594603,88.761922,6652.368711,-50.201400,0.000506,False,False,False,False,True,True,True,1-circle,1.000000,4164.352075,20049.243646,0.017177,-0.573232,100.000000,100.000000,0.000000,0.000000,2,5,4,0.0000,0.0000,0.0000,0.5000,"PursuitChaseOptimal",-0.012332
2072,B0100,aggressive,UNKNOWN,16051.508142,29510.530112,2889.469888,3479.464198,31134.562004,16099.869648,530.345307,28551.594603,88.761922,6652.368711,-50.201400,0.000506,False,False,False,False,True,True,True,1-circle,1.000000,4164.352075,20049.243646,0.017177,-0.573232,100.000000,100.000000,0.000000,0.000000,2,4,4,0.0000,0.0000,0.0000,0.5000,"Accelerate",0.005962
2073,A0100,pursuit_chase_v1,UNKNOWN,16051.508142,29510.530112,2889.469888,3479.464198,31134.562004,16099.869648,530.345307,28551.594603,88.761922,6652.368711,-50.201400,0.000506,False,False,False,False,True,True,True,1-circle,1.000000,4164.352075,20049.243646,0.017177,-0.573232,100.000000,100.000000,0.000000,0.000000,2,5,4,0.0000,0.0000,0.0000,0.5000,"PursuitChaseOptimal",-0.008162
2073,B0100,aggressive,UNKNOWN,16051.508142,29510.530112,2889.469888,3479.464198,31134.562004,16099.869648,530.345307,28551.594603,88.761922,6652.368711,-50.201400,0.000506,False,False,False,False,True,True,True,1-circle,1.000000,4164.352075,20049.243646,0.017177,-0.573232,100.000000,100.000000,0.000000,0.000000,2,4,4,0.0000,0.0000,0.0000,0.5000,"Accelerate",0.001829
2074,A0100,pursuit_chase_v1,UNKNOWN,16060.467257,29521.283835,2878.716165,3402.558606,31156.092982,16100.043392,530.401545,28554.409244,56.292831,6643.061104,-48.823784,0.033311,False,False,False,False,True,True,True,1-circle,1.000000,4165.916254,19833.694167,-1.129725,-0.320295,100.000000,100.000000,0.000000,0.000000,2,5,4,0.0000,0.0000,0.0000,0.5000,"PursuitChaseOptimal",-0.001947
2074,B0100,aggressive,UNKNOWN,16060.467257,29521.283835,2878.716165,3402.558606,31156.092982,16100.043392,530.401545,28554.409244,56.292831,6643.061104,-48.823784,0.033311,False,False,False,False,True,True,True,1-circle,1.000000,4165.916254,19833.694167,-1.129725,-0.320295,100.000000,100.000000,0.000000,0.000000,2,4,4,0.0000,0.0000,0.0000,0.5000,"Accelerate",-0.003988
2075,A0100,pursuit_chase_v1,UNKNOWN,16060.467257,29521.283835,2878.716165,3402.558606,31156.092982,16100.043392,530.401545,28554.409244,56.292831,6643.061104,-48.823784,0.033311,False,False,False,False,True,True,True,1-circle,1.000000,4165.916254,19833.694167,-1.129725,-0.320295,100.000000,100.000000,0.000000,0.000000,2,5,4,0.0000,0.0000,0.0000,0.5000,"PursuitChaseOptimal",0.001696
2075,B0100,aggressive,UNKNOWN,16060.467257,29521.283835,2878.716165,3402.558606,31156.092982,16100.043392,530.401545,28554.409244,56.292831,6643.061104,-48.823784,0.033311,False,False,False,False,True,True,True,1-circle,1.000000,4165.916254,19833.694167,-1.129725,-0.320295,100.000000,100.000000,0.000000,0.000000,2,4,4,0.0000,0.0000,0.0000,0.5000,"Accelerate",-0.006928
2076,A0100,pursuit_chase_v1,UNKNOWN,16069.309350,29530.038354,2869.961646,3291.566116,31179.133797,16100.171347,530.483334,28558.378449,79.384094,6650.574507,-47.148119,0.019899,False,False,False,False,True,True,True,1-circle,1.000000,4168.107620,19907.276317,-0.675015,-0.463361,100.000000,100.000000,0.000000,0.000000,2,4,4,0.0000,0.0000,0.0000,0.5000,"PursuitChaseOptimal",0.009093
2076,B0100,aggressive,UNKNOWN,16069.309350,29530.038354,2869.961646,3291.566116,31179.133797,16100.171347,530.483334,28558.378449,79.384094,6650.574507,-47.148119,0.019899,False,False,False,False,True,True,True,1-circle,1.000000,4168.107620,19907.276317,-0.675015,-0.463361,100.000000,100.000000,0.000000,0.000000,2,4,4,0.0000,0.0000,0.0000,0.5000,"Accelerate",-0.013530
2077,A0100,pursuit_chase_v1,UNKNOWN,16069.309350,29530.038354,2869.961646,3291.566116,31179.133797,16100.171347,530.483334,28558.378449,79.384094,6650.574507,-47.148119,0.019899,False,False,False,False,True,True,True,1-circle,1.000000,4168.107620,19907.276317,-0.675015,-0.463361,100.000000,100.000000,0.000000,0.000000,2,4,4,0.0000,0.0000,0.0000,0.5000,"PursuitChaseOptimal",0.002176
2077,B0100,aggressive,UNKNOWN,16069.309350,29530.038354,2869.961646,3291.566116,31179.133797,16100.171347,530.483334,28558.378449,79.384094,6650.574507,-47.148119,0.019899,False,False,False,False,True,True,True,1-circle,1.000000,4168.107620,19907.276317,-0.675015,-0.463361,100.000000,100.000000,0.000000,0.000000,2,4,4,0.0000,0.0000,0.0000,0.5000,"Accelerate",-0.007661
2078,A0100,pursuit_chase_v1,UNKNOWN,16078.022420,29539.038533,2860.961467,3167.356570,31199.546665,16100.349409,530.539696,28561.203939,56.509793,6666.923266,-45.475885,0.054015,False,False,False,False,True,True,True,1-circle,1.000000,4170.896671,19691.643838,-1.831936,-0.346424,100.000000,100.000000,0.000000,0.000000,2,4,4,0.0000,0.0000,0.0000,0.5000,"PursuitChaseOptimal",-0.003133
2078,B0100,aggressive,UNKNOWN,16078.022420,29539.038533,2860.961467,3167.356570,31199.546665,16100.349409,530.539696,28561.203939,56.509793,6666.923266,-45.475885,0.054015,False,False,False,False,True,True,True,1-circle,1.000000,4170.896671,19691.643838,-1.831936,-0.346424,100.000000,100.000000,0.000000,0.000000,2,4,4,0.0000,0.0000,0.0000,0.5000,"Accelerate",-0.003213
2079,A0100,pursuit_chase_v1,UNKNOWN,16078.022420,29539.038533,2860.961467,3167.356570,31199.546665,16100.349409,530.539696,28561.203939,56.509793,6666.923266,-45.475885,0.054015,False,False,False,False,True,True,True,1-circle,1.000000,4170.896671,19691.643838,-1.831936,-0.346424,100.000000,100.000000,0.000000,0.000000,2,4,4,0.0000,0.0000,0.0000,0.5000,"PursuitChaseOptimal",-0.005678
2079,B0100,aggressive,UNKNOWN,16078.022420,29539.038533,2860.961467,3167.356570,31199.546665,16100.349409,530.539696,28561.203939,56.509793,6666.923266,-45.475885,0.054015,False,False,False,False,True,True,True,1-circle,1.000000,4170.896671,19691.643838,-1.831936,-0.346424,100.000000,100.000000,0.000000,0.000000,2,4,4,0.0000,0.0000,0.0000,0.5000,"Accelerate",-0.000613
2080,A0100,pursuit_chase_v1,UNKNOWN,16086.649426,29537.739797,2862.260203,3055.178513,31219.713791,16100.437808,530.735744,28570.503269,185.986614,6694.842903,-44.050803,0.021654,False,False,False,False,True,True,True,1-circle,1.000000,4174.428066,20147.264583,0.734870,-0.520401,100.000000,100.000000,0.000000,0.000000,2,4,4,0.0000,0.0000,0.0000,0.5000,"PursuitChaseOptimal",-0.015821
2080,B0100,aggressive,UNKNOWN,16086.649426,29537.739797,2862.260203,3055.178513,31219.713791,16100.437808,530.735744,28570.503269,185.986614,6694.842903,-44.050803,0.021654,False,False,False,False,True,True,True,1-circle,1.000000,4174.428066,20147.264583,0.734870,-0.520401,100.000000,100.000000,0.000000,0.000000,2,4,4,0.0000,0.0000,0.0000,0.5000,"Accelerate",0.009103
2081,A0100,pursuit_chase_v1,UNKNOWN,16086.649426,29537.739797,2862.260203,3055.178513,31219.713791,16100.437808,530.735744,28570.503269,185.986614,6694.842903,-44.050803,0.021654,False,False,False,False,True,True,True,1-circle,1.000000,4174.428066,20147.264583,0.734870,-0.520401,100.000000,100.000000,0.000000,0.000000,2,4,4,0.0000,0.0000,0.0000,0.5000,"PursuitChaseOptimal",-0.021276
2081,B0100,aggressive,UNKNOWN,16086.649426,29537.739797,2862.260203,3055.178513,31219.713791,16100.437808,530.735744,28570.503269,185.986614,6694.842903,-44.050803,0.021654,False,False,False,False,True,True,True,1-circle,1.000000,4174.428066,20147.264583,0.734870,-0.520401,100.000000,100.000000,0.000000,0.000000,2,4,4,0.0000,0.0000,0.0000,0.5000,"Accelerate",0.014130
2082,A0100,pursuit_chase_v1,UNKNOWN,16095.233221,29554.710449,2845.289551,2969.227801,31241.337946,16100.544663,530.748878,28571.227324,14.481099,6718.078993,-43.381274,0.043226,False,False,False,False,True,True,True,1-circle,1.000000,4178.501266,19745.326618,-1.466738,-0.273514,100.000000,100.000000,0.000000,0.000000,2,4,4,0.0000,0.0000,0.0000,0.5000,"PursuitChaseOptimal",-0.023022
2082,B0100,aggressive,UNKNOWN,16095.233221,29554.710449,2845.289551,2969.227801,31241.337946,16100.544663,530.748878,28571.227324,14.481099,6718.078993,-43.381274,0.043226,False,False,False,False,True,True,True,1-circle,1.000000,4178.501266,19745.326618,-1.466738,-0.273514,100.000000,100.000000,0.000000,0.000000,2,4,4,0.0000,0.0000,0.0000,0.5000,"Accelerate",0.015424
2083,A0100,pursuit_chase_v1,UNKNOWN,16095.233221,29554.710449,2845.289551,2969.227801,31241.337946,16100.544663,530.748878,28571.227324,14.481099,6718.078993,-43.381274,0.043226,False,False,False,False,True,True,True,1-circle,1.000000,4178.501266,19745.326618,-1.466738,-0.273514,100.000000,100.000000,0.000000,0.000000,2,4,4,0.0000,0.0000,0.0000,0.5000,"PursuitChaseOptimal",-0.023917
2083,B0100,aggressive,UNKNOWN,16095.233221,29554.710449,2845.289551,2969.227801,31241.337946,16100.544663,530.748878,28571.227324,14.481099,6718.078993,-43.381274,0.043226,False,False,False,False,True,True,True,1-circle,1.000000,4178.501266,19745.326618,-1.466738,-0.273514,100.000000,100.000000,0.000000,0.000000,2,4,4,0.0000,0.0000,0.0000,0.5000,"Accelerate",0.016030
2084,A0100,pursuit_chase_v1,UNKNOWN,16103.826706,29559.282960,2840.717040,2914.780132,31257.844429,16100.706875,530.912485,28579.079040,157.034325,6739.146624,-42.889243,0.000405,False,False,False,False,True,True,True,1-circle,1.000000,4182.947334,20006.683790,0.013738,-0.176934,100.000000,100.000000,0.000000,0.000000,2,4,4,0.0000,0.0000,0.0000,0.5000,"PursuitChaseOptimal",-0.023111
2084,B0100,aggressive,UNKNOWN,16103.826706,29559.282960,2840.717040,2914.780132,31257.844429,16100.706875,530.912485,28579.079040,157.034325,6739.146624,-42.889243,0.000405,False,False,False,False,True,True,True,1-circle,1.000000,4182.947334,20006.683790,0.013738,-0.176934,100.000000,100.000000,0.000000,0.000000,2,4,4,0.0000,0.0000,0.0000,0.5000,"Accelerate",0.015651
2085,A0100,pursuit_chase_v1,UNKNOWN,16103.826706,29559.282960,2840.717040,2914.780132,31257.844429,16100.706875,530.912485,28579.079040,157.034325,6739.146624,-42.889243,0.000405,False,False,False,False,True,True,True,1-circle,1.000000,4182.947334,20006.683790,0.013738,-0.176934,100.000000,100.000000,0.000000,0.000000,2,4,4,0.0000,0.0000,0.0000,0.5000,"PursuitChaseOptimal",-0.017861
2085,B0100,aggressive,UNKNOWN,16103.826706,29559.282960,2840.717040,2914.780132,31257.844429,16100.706875,530.912485,28579.079040,157.034325,6739.146624,-42.889243,0.000405,False,False,False,False,True,True,True,1-circle,1.000000,4182.947334,20006.683790,0.013738,-0.176934,100.000000,100.000000,0.000000,0.000000,2,4,4,0.0000,0.0000,0.0000,0.5000,"Accelerate",0.010967
2086,A0100,pursuit_chase_v1,UNKNOWN,16112.416379,29575.594140,2824.405860,2872.451671,31279.582842,16100.912274,530.897804,28578.594347,-9.693875,6740.478448,-42.636075,0.063734,False,False,False,False,True,True,True,1-circle,1.000000,4187.653878,19610.186339,-2.162619,-0.311865,100.000000,100.000000,0.000000,0.000000,2,4,4,0.0000,0.0000,0.0000,0.5000,"PursuitChaseOptimal",-0.013369
2086,B0100,aggressive,UNKNOWN,16112.416379,29575.594140,2824.405860,2872.451671,31279.582842,16100.912274,530.897804,28578.594347,-9.693875,6740.478448,-42.636075,0.063734,False,False,False,False,True,True,True,1-circle,1.000000,4187.653878,19610.186339,-2.162619,-0.311865,100.000000,100.000000,0.000000,0.000000,2,4,4,0.0000,0.0000,0.0000,0.5000,"Accelerate",0.006412
2087,A0100,pursuit_chase_v1,UNKNOWN,16112.416379,29575.594140,2824.405860,2872.451671,31279.582842,16100.912274,530.897804,28578.594347,-9.693875,6740.478448,-42.636075,0.063734,False,False,False,False,True,True,True,1-circle,1.000000,4187.653878,19610.186339,-2.162619,-0.311865,100.000000,100.000000,0.000000,0.000000,2,4,4,0.0000,0.0000,0.0000,0.5000,"PursuitChaseOptimal",0.001734
2087,B0100,aggressive,UNKNOWN,16112.416379,29575.594140,2824.405860,2872.451671,31279.582842,16100.912274,530.897804,28578.594347,-9.693875,6740.478448,-42.636075,0.063734,False,False,False,False,True,True,True,1-circle,1.000000,4187.653878,19610.186339,-2.162619,-0.311865,100.000000,100.000000,0.000000,0.000000,2,4,4,0.0000,0.0000,0.0000,0.5000,"Accelerate",-0.007814
2088,A0100,pursuit_chase_v1,UNKNOWN,16121.026465,29573.887088,2826.112912,2860.935293,31296.276888,16101.145559,531.101657,28588.411791,196.348890,6753.512279,-42.822253,0.012528,False,False,False,False,True,True,True,1-circle,1.000000,4192.440331,19918.283297,-0.425435,-0.273728,100.000000,100.000000,0.000000,0.000000,2,4,4,0.0000,0.0000,0.0000,0.5000,"PursuitChaseOptimal",0.013661
2088,B0100,aggressive,UNKNOWN,16121.026465,29573.887088,2826.112912,2860.935293,31296.276888,16101.145559,531.101657,28588.411791,196.348890,6753.512279,-42.822253,0.012528,False,False,False,False,True,True,True,1-circle,1.000000,4192.440331,19918.283297,-0.425435,-0.273728,100.000000,100.000000,0.000000,0.000000,2,4,4,0.0000,0.0000,0.0000,0.5000,"Accelerate",-0.018514
2089,A0100,pursuit_chase_v1,UNKNOWN,16121.026465,29573.887088,2826.112912,2860.935293,31296.276888,16101.145559,531.101657,28588.411791,196.348890,6753.512279,-42.822253,0.012528,False,False,False,False,True,True,True,1-circle,1.000000,4192.440331,19918.283297,-0.425435,-0.273728,100.000000,100.000000,0.000000,0.000000,2,4,4,0.0000,0.0000,0.0000,0.5000,"PursuitChaseOptimal",0.028244
2089,B0100,aggressive,UNKNOWN,16121.026465,29573.887088,2826.112912,2860.935293,31296.276888,16101.145559,531.101657,28588.411791,196.348890,6753.512279,-42.822253,0.012528,False,False,False,False,True,True,True,1-circle,1.000000,4192.440331,19918.283297,-0.425435,-0.273728,100.000000,100.000000,0.000000,0.000000,2,4,4,0.0000,0.0000,0.0000,0.5000,"Accelerate",-0.031465
2090,A0100,pursuit_chase_v1,UNKNOWN,16129.693194,29579.277022,2820.722978,2856.034379,31315.851604,16101.304848,531.186582,28592.564912,83.062423,6762.840576,-43.535522,0.001019,False,False,False,False,True,True,True,1-circle,1.000000,4197.141751,19996.457227,0.034619,-0.508096,100.000000,100.000000,0.000000,0.000000,2,4,4,0.0000,0.0000,0.0000,0.5000,"PursuitChaseOptimal",0.021618
2090,B0100,aggressive,UNKNOWN,16129.693194,29579.277022,2820.722978,2856.034379,31315.851604,16101.304848,531.186582,28592.564912,83.062423,6762.840576,-43.535522,0.001019,False,False,False,False,True,True,True,1-circle,1.000000,4197.141751,19996.457227,0.034619,-0.508096,100.000000,100.000000,0.000000,0.000000,2,4,4,0.0000,0.0000,0.0000,0.5000,"Accelerate",-0.025212
2091,A0100,pursuit_chase_v1,UNKNOWN,16129.693194,29579.277022,2820.722978,2856.034379,31315.851604,16101.304848,531.186582,28592.564912,83.062423,6762.840576,-43.535522,0.001019,False,False,False,False,True,True,True,1-circle,1.000000,4197.141751,19996.457227,0.034619,-0.508096,100.000000,100.000000,0.000000,0.000000,2,4,4,0.0000,0.0000,0.0000,0.5000,"PursuitChaseOptimal",0.013412
2091,B0100,aggressive,UNKNOWN,16129.693194,29579.277022,2820.722978,2856.034379,31315.851604,16101.304848,531.186582,28592.564912,83.062423,6762.840576,-43.535522,0.001019,False,False,False,False,True,True,True,1-circle,1.000000,4197.141751,19996.457227,0.034619,-0.508096,100.000000,100.000000,0.000000,0.000000,2,4,4,0.0000,0.0000,0.0000,0.5000,"Accelerate",-0.018099
2092,A0100,pursuit_chase_v1,UNKNOWN,16138.419792,29587.142427,2812.857573,2855.480919,31333.371313,16101.516269,531.237597,28595.175750,52.216761,6780.395243,-44.463948,0.032648,False,False,False,False,True,True,True,1-circle,1.000000,4201.482516,19785.713758,-1.108867,-0.263284,100.000000,100.000000,0.000000,0.000000,2,4,4,0.0000,0.0000,0.0000,0.5000,"PursuitChaseOptimal",0.003836
2092,B0100,aggressive,UNKNOWN,16138.419792,29587.142427,2812.857573,2855.480919,31333.371313,16101.516269,531.237597,28595.175750,52.216761,6780.395243,-44.463948,0.032648,False,False,False,False,True,True,True,1-circle,1.000000,4201.482516,19785.713758,-1.108867,-0.263284,100.000000,100.000000,0.000000,0.000000,2,4,4,0.0000,0.0000,0.0000,0.5000,"Accelerate",-0.009560
2093,A0100,pursuit_chase_v1,UNKNOWN,16138.419792,29587.142427,2812.857573,2855.480919,31333.371313,16101.516269,531.237597,28595.175750,52.216761,6780.395243,-44.463948,0.032648,False,False,False,False,True,True,True,1-circle,1.000000,4201.482516,19785.713758,-1.108867,-0.263284,100.000000,100.000000,0.000000,0.000000,2,4,4,0.0000,0.0000,0.0000,0.5000,"PursuitChaseOptimal",-0.010355
2093,B0100,aggressive,UNKNOWN,16138.419792,29587.142427,2812.857573,2855.480919,31333.371313,16101.516269,531.237597,28595.175750,52.216761,6780.395243,-44.463948,0.032648,False,False,False,False,True,True,True,1-circle,1.000000,4201.482516,19785.713758,-1.108867,-0.263284,100.000000,100.000000,0.000000,0.000000,2,4,4,0.0000,0.0000,0.0000,0.5000,"Accelerate",0.003733
2094,A0100,pursuit_chase_v1,UNKNOWN,16147.226146,29593.175071,2806.824929,2849.789448,31353.044633,16101.693660,531.312835,28598.892294,74.330862,6789.079968,-44.926707,0.019111,False,False,False,False,True,True,True,1-circle,1.000000,4205.660909,19863.413299,-0.649215,-0.414100,100.000000,100.000000,0.000000,0.000000,2,4,4,0.0000,0.0000,0.0000,0.5000,"PursuitChaseOptimal",-0.026008
2094,B0100,aggressive,UNKNOWN,16147.226146,29593.175071,2806.824929,2849.789448,31353.044633,16101.693660,531.312835,28598.892294,74.330862,6789.079968,-44.926707,0.019111,False,False,False,False,True,True,True,1-circle,1.000000,4205.660909,19863.413299,-0.649215,-0.414100,100.000000,100.000000,0.000000,0.000000,2,4,4,0.0000,0.0000,0.0000,0.5000,"Accelerate",0.018090
2095,A0100,pursuit_chase_v1,UNKNOWN,16147.226146,29593.175071,2806.824929,2849.789448,31353.044633,16101.693660,531.312835,28598.892294,74.330862,6789.079968,-44.926707,0.019111,False,False,False,False,True,True,True,1-circle,1.000000,4205.660909,19863.413299,-0.649215,-0.414100,100.000000,100.000000,0.000000,0.000000,2,4,4,0.0000,0.0000,0.0000,0.5000,"PursuitChaseOptimal",-0.033051
2095,B0100,aggressive,UNKNOWN,16147.226146,29593.175071,2806.824929,2849.789448,31353.044633,16101.693660,531.312835,28598.892294,74.330862,6789.079968,-44.926707,0.019111,False,False,False,False,True,True,True,1-circle,1.000000,4205.660909,19863.413299,-0.649215,-0.414100,100.000000,100.000000,0.000000,0.000000,2,4,4,0.0000,0.0000,0.0000,0.5000,"Accelerate",0.024058
2096,A0100,pursuit_chase_v1,UNKNOWN,16156.081473,29600.025080,2799.974920,2846.830591,31370.792636,16101.929125,531.362189,28601.449630,51.146735,6796.299939,-45.128606,0.053108,False,False,False,False,True,True,True,1-circle,1.000000,4209.784087,19650.540893,-1.803806,-0.303744,100.000000,100.000000,0.000000,0.000000,2,4,4,0.0000,0.0000,0.0000,0.5000,"PursuitChaseOptimal",-0.037794
2096,B0100,aggressive,UNKNOWN,16156.081473,29600.025080,2799.974920,2846.830591,31370.792636,16101.929125,531.362189,28601.449630,51.146735,6796.299939,-45.128606,0.053108,False,False,False,False,True,True,True,1-circle,1.000000,4209.784087,19650.540893,-1.803806,-0.303744,100.000000,100.000000,0.000000,0.000000,2,4,4,0.0000,0.0000,0.0000,0.5000,"Accelerate",0.028029
2097,A0100,pursuit_chase_v1,UNKNOWN,16156.081473,29600.025080,2799.974920,2846.830591,31370.792636,16101.929125,531.362189,28601.449630,51.146735,6796.299939,-45.128606,0.053108,False,False,False,False,True,True,True,1-circle,1.000000,4209.784087,19650.540893,-1.803806,-0.303744,100.000000,100.000000,0.000000,0.000000,2,4,4,0.0000,0.0000,0.0000,0.5000,"PursuitChaseOptimal",-0.032277
2097,B0100,aggressive,UNKNOWN,16156.081473,29600.025080,2799.974920,2846.830591,31370.792636,16101.929125,531.362189,28601.449630,51.146735,6796.299939,-45.128606,0.053108,False,False,False,False,True,True,True,1-circle,1.000000,4209.784087,19650.540893,-1.803806,-0.303744,100.000000,100.000000,0.000000,0.000000,2,4,4,0.0000,0.0000,0.0000,0.5000,"Accelerate",0.023204
2098,A0100,pursuit_chase_v1,UNKNOWN,16165.009125,29595.638344,2804.361656,2846.020935,31389.091281,16102.078660,531.578281,28611.767717,206.361728,6815.319620,-45.296478,0.022691,False,False,False,False,True,True,True,1-circle,1.000000,4214.121248,20109.198301,0.771208,-0.489898,100.000000,100.000000,0.000000,0.000000,2,4,4,0.0000,0.0000,0.0000,0.5000,"PursuitChaseOptimal",-0.015703
2098,B0100,aggressive,UNKNOWN,16165.009125,29595.638344,2804.361656,2846.020935,31389.091281,16102.078660,531.578281,28611.767717,206.361728,6815.319620,-45.296478,0.022691,False,False,False,False,True,True,True,1-circle,1.000000,4214.121248,20109.198301,0.771208,-0.489898,100.000000,100.000000,0.000000,0.000000,2,4,4,0.0000,0.0000,0.0000,0.5000,"Accelerate",0.008383
2099,A0100,pursuit_chase_v1,UNKNOWN,16165.009125,29595.638344,2804.361656,2846.020935,31389.091281,16102.078660,531.578281,28611.767717,206.361728,6815.319620,-45.296478,0.022691,False,False,False,False,True,True,True,1-circle,1.000000,4214.121248,20109.198301,0.771208,-0.489898,100.000000,100.000000,0.000000,0.000000,2,4,4,0.0000,0.0000,0.0000,0.5000,"PursuitChaseOptimal",0.004019
2099,B0100,aggressive,UNKNOWN,16165.009125,29595.638344,2804.361656,2846.020935,31389.091281,16102.078660,531.578281,28611.767717,206.361728,6815.319620,-45.296478,0.022691,False,False,False,False,True,True,True,1-circle,1.000000,4214.121248,20109.198301,0.771208,-0.489898,100.000000,100.000000,0.000000,0.000000,2,4,4,0.0000,0.0000,0.0000,0.5000,"Accelerate",-0.009509
2100,A0100,pursuit_chase_v1,UNKNOWN,16174.020194,29606.674287,2793.325713,2843.253127,31409.592987,16102.207250,531.543621,28610.265068,-30.052976,6824.486715,-45.927519,0.042438,False,False,False,False,True,True,True,1-circle,1.000000,4218.499700,19706.024101,-1.442031,-0.497452,100.000000,100.000000,0.000000,0.000000,2,4,4,0.0000,0.0000,0.0000,0.5000,"PursuitChaseOptimal",0.025998
2100,B0100,aggressive,UNKNOWN,16174.020194,29606.674287,2793.325713,2843.253127,31409.592987,16102.207250,531.543621,28610.265068,-30.052976,6824.486715,-45.927519,0.042438,False,False,False,False,True,True,True,1-circle,1.000000,4218.499700,19706.024101,-1.442031,-0.497452,100.000000,100.000000,0.000000,0.000000,2,4,4,0.0000,0.0000,0.0000,0.5000,"Accelerate",-0.029990
2101,A0100,pursuit_chase_v1,UNKNOWN,16174.020194,29606.674287,2793.325713,2843.253127,31409.592987,16102.207250,531.543621,28610.265068,-30.052976,6824.486715,-45.927519,0.042438,False,False,False,False,True,True,True,1-circle,1.000000,4218.499700,19706.024101,-1.442031,-0.497452,100.000000,100.000000,0.000000,0.000000,2,4,4,0.0000,0.0000,0.0000,0.5000,"PursuitChaseOptimal",0.056358
2101,B0100,aggressive,UNKNOWN,16174.020194,29606.674287,2793.325713,2843.253127,31409.592987,16102.207250,531.543621,28610.265068,-30.052976,6824.486715,-45.927519,0.042438,False,False,False,False,True,True,True,1-circle,1.000000,4218.499700,19706.024101,-1.442031,-0.497452,100.000000,100.000000,0.000000,0.000000,2,4,4,0.0000,0.0000,0.0000,0.5000,"Accelerate",-0.057787
2102,A0100,pursuit_chase_v1,UNKNOWN,16183.096726,29605.821416,2794.178584,2846.006051,31425.297532,16102.341703,531.680007,28616.819073,131.080112,6836.711471,-46.888532,0.001589,False,False,False,False,True,True,True,1-circle,1.000000,4222.588696,19970.293455,0.054029,-0.345771,100.000000,100.000000,0.000000,0.000000,2,4,4,0.0000,0.0000,0.0000,0.5000,"PursuitChaseOptimal",0.062939
2102,B0100,aggressive,UNKNOWN,16183.096726,29605.821416,2794.178584,2846.006051,31425.297532,16102.341703,531.680007,28616.819073,131.080112,6836.711471,-46.888532,0.001589,False,False,False,False,True,True,True,1-circle,1.000000,4222.588696,19970.293455,0.054029,-0.345771,100.000000,100.000000,0.000000,0.000000,2,4,4,0.0000,0.0000,0.0000,0.5000,"Accelerate",-0.063173
2103,A0100,pursuit_chase_v1,UNKNOWN,16183.096726,29605.821416,2794.178584,2846.006051,31425.297532,16102.341703,531.680007,28616.819073,131.080112,6836.711471,-46.888532,0.001589,False,False,False,False,True,True,True,1-circle,1.000000,4222.588696,19970.293455,0.054029,-0.345771,100.000000,100.000000,0.000000,0.000000,2,4,4,0.0000,0.0000,0.0000,0.5000,"PursuitChaseOptimal",0.031180
2103,B0100,aggressive,UNKNOWN,16183.096726,29605.821416,2794.178584,2846.006051,31425.297532,16102.341703,531.680007,28616.819073,131.080112,6836.711471,-46.888532,0.001589,False,False,False,False,True,True,True,1-circle,1.000000,4222.588696,19970.293455,0.054029,-0.345771,100.000000,100.000000,0.000000,0.000000,2,4,4,0.0000,0.0000,0.0000,0.5000,"Accelerate",-0.034065
2104,A0100,pursuit_chase_v1,UNKNOWN,16192.225057,29618.867778,2781.132222,2836.828318,31446.659041,16102.479186,531.661948,28616.106441,-14.252654,6845.510708,-48.011299,0.062671,False,False,False,False,True,True,True,1-circle,1.000000,4226.147060,19571.833538,-2.129456,-0.450148,100.000000,100.000000,0.000000,0.000000,2,4,4,0.0000,0.0000,0.0000,0.5000,"PursuitChaseOptimal",0.004900
2104,B0100,aggressive,UNKNOWN,16192.225057,29618.867778,2781.132222,2836.828318,31446.659041,16102.479186,531.661948,28616.106441,-14.252654,6845.510708,-48.011299,0.062671,False,False,False,False,True,True,True,1-circle,1.000000,4226.147060,19571.833538,-2.129456,-0.450148,100.000000,100.000000,0.000000,0.000000,2,4,4,0.0000,0.0000,0.0000,0.5000,"Accelerate",-0.010677
2105,A0100,pursuit_chase_v1,UNKNOWN,16192.225057,29618.867778,2781.132222,2836.828318,31446.659041,16102.479186,531.661948,28616.106441,-14.252654,6845.510708,-48.011299,0.062671,False,False,False,False,True,True,True,1-circle,1.000000,4226.147060,19571.833538,-2.129456,-0.450148,100.000000,100.000000,0.000000,0.000000,2,4,4,0.0000,0.0000,0.0000,0.5000,"PursuitChaseOptimal",-0.003210
2105,B0100,aggressive,UNKNOWN,16192.225057,29618.867778,2781.132222,2836.828318,31446.659041,16102.479186,531.661948,28616.106441,-14.252654,6845.510708,-48.011299,0.062671,False,False,False,False,True,True,True,1-circle,1.000000,4226.147060,19571.833538,-2.129456,-0.450148,100.000000,100.000000,0.000000,0.000000,2,4,4,0.0000,0.0000,0.0000,0.5000,"Accelerate",-0.003711
2106,A0100,pursuit_chase_v1,UNKNOWN,16201.430410,29614.742847,2785.257153,2843.681413,31463.080910,16102.615223,531.851691,28625.175948,181.390151,6861.227258,-48.648364,0.011015,False,False,False,False,True,True,True,1-circle,1.000000,4229.399875,19882.045270,-0.374550,-0.415426,100.000000,100.000000,0.000000,0.000000,2,4,4,0.0000,0.0000,0.0000,0.5000,"PursuitChaseOptimal",0.001385
2106,B0100,aggressive,UNKNOWN,16201.430410,29614.742847,2785.257153,2843.681413,31463.080910,16102.615223,531.851691,28625.175948,181.390151,6861.227258,-48.648364,0.011015,False,False,False,False,True,True,True,1-circle,1.000000,4229.399875,19882.045270,-0.374550,-0.415426,100.000000,100.000000,0.000000,0.000000,2,4,4,0.0000,0.0000,0.0000,0.5000,"Accelerate",-0.007581
2107,A0100,pursuit_chase_v1,UNKNOWN,16201.430410,29614.742847,2785.257153,2843.681413,31463.080910,16102.615223,531.851691,28625.175948,181.390151,6861.227258,-48.648364,0.011015,False,False,False,False,True,True,True,1-circle,1.000000,4229.399875,19882.045270,-0.374550,-0.415426,100.000000,100.000000,0.000000,0.000000,2,4,4,0.0000,0.0000,0.0000,0.5000,"PursuitChaseOptimal",0.000139
2107,B0100,aggressive,UNKNOWN,16201.430410,29614.742847,2785.257153,2843.681413,31463.080910,16102.615223,531.851691,28625.175948,181.390151,6861.227258,-48.648364,0.011015,False,False,False,False,True,True,True,1-circle,1.000000,4229.399875,19882.045270,-0.374550,-0.415426,100.000000,100.000000,0.000000,0.000000,2,4,4,0.0000,0.0000,0.0000,0.5000,"Accelerate",-0.005923
2108,A0100,pursuit_chase_v1,UNKNOWN,16210.701954,29622.735735,2777.264265,2840.811655,31482.507015,16102.675298,531.887771,28626.935119,35.183406,6859.816828,-49.091981,0.002520,False,False,False,False,True,True,True,1-circle,1.000000,4232.563477,19959.161552,0.085713,-0.462864,100.000000,100.000000,0.000000,0.000000,2,4,4,0.0000,0.0000,0.0000,0.5000,"PursuitChaseOptimal",-0.022925
2108,B0100,aggressive,UNKNOWN,16210.701954,29622.735735,2777.264265,2840.811655,31482.507015,16102.675298,531.887771,28626.935119,35.183406,6859.816828,-49.091981,0.002520,False,False,False,False,True,True,True,1-circle,1.000000,4232.563477,19959.161552,0.085713,-0.462864,100.000000,100.000000,0.000000,0.000000,2,4,4,0.0000,0.0000,0.0000,0.5000,"Accelerate",0.015047
2109,A0100,pursuit_chase_v1,UNKNOWN,16210.701954,29622.735735,2777.264265,2840.811655,31482.507015,16102.675298,531.887771,28626.935119,35.183406,6859.816828,-49.091981,0.002520,False,False,False,False,True,True,True,1-circle,1.000000,4232.563477,19959.161552,0.085713,-0.462864,100.000000,100.000000,0.000000,0.000000,2,4,4,0.0000,0.0000,0.0000,0.5000,"PursuitChaseOptimal",-0.025937
2109,B0100,aggressive,UNKNOWN,16210.701954,29622.735735,2777.264265,2840.811655,31482.507015,16102.675298,531.887771,28626.935119,35.183406,6859.816828,-49.091981,0.002520,False,False,False,False,True,True,True,1-circle,1.000000,4232.563477,19959.161552,0.085713,-0.462864,100.000000,100.000000,0.000000,0.000000,2,4,4,0.0000,0.0000,0.0000,0.5000,"Accelerate",0.017463
2110,A0100,pursuit_chase_v1,UNKNOWN,16220.010576,29634.022512,2765.977488,2848.112883,31499.809933,16102.825707,531.988125,28631.812011,97.537844,6861.591794,-49.549407,0.031027,False,False,False,False,True,True,True,1-circle,1.000000,4235.557751,19747.949916,-1.055213,-0.135272,100.000000,100.000000,0.000000,0.000000,2,4,4,0.0000,0.0000,0.0000,0.5000,"PursuitChaseOptimal",-0.000952
2110,B0100,aggressive,UNKNOWN,16220.010576,29634.022512,2765.977488,2848.112883,31499.809933,16102.825707,531.988125,28631.812011,97.537844,6861.591794,-49.549407,0.031027,False,False,False,False,True,True,True,1-circle,1.000000,4235.557751,19747.949916,-1.055213,-0.135272,100.000000,100.000000,0.000000,0.000000,2,4,4,0.0000,0.0000,0.0000,0.5000,"Accelerate",-0.005414
2111,A0100,pursuit_chase_v1,UNKNOWN,16220.010576,29634.022512,2765.977488,2848.112883,31499.809933,16102.825707,531.988125,28631.812011,97.537844,6861.591794,-49.549407,0.031027,False,False,False,False,True,True,True,1-circle,1.000000,4235.557751,19747.949916,-1.055213,-0.135272,100.000000,100.000000,0.000000,0.000000,2,4,4,0.0000,0.0000,0.0000,0.5000,"PursuitChaseOptimal",0.010045
2111,B0100,aggressive,UNKNOWN,16220.010576,29634.022512,2765.977488,2848.112883,31499.809933,16102.825707,531.988125,28631.812011,97.537844,6861.591794,-49.549407,0.031027,False,False,False,False,True,True,True,1-circle,1.000000,4235.557751,19747.949916,-1.055213,-0.135272,100.000000,100.000000,0.000000,0.000000,2,4,4,0.0000,0.0000,0.0000,0.5000,"Accelerate",-0.014998
2112,A0100,pursuit_chase_v1,UNKNOWN,16229.359259,29643.032288,2756.967712,2845.547718,31519.388616,16102.984663,532.066325,28635.654644,76.852660,6850.604299,-49.894872,0.017505,False,False,False,False,True,True,True,1-circle,1.000000,4238.457125,19824.799212,-0.595453,-0.330708,100.000000,100.000000,0.000000,0.000000,2,4,4,0.0000,0.0000,0.0000,0.5000,"PursuitChaseOptimal",0.010982
2112,B0100,aggressive,UNKNOWN,16229.359259,29643.032288,2756.967712,2845.547718,31519.388616,16102.984663,532.066325,28635.654644,76.852660,6850.604299,-49.894872,0.017505,False,False,False,False,True,True,True,1-circle,1.000000,4238.457125,19824.799212,-0.595453,-0.330708,100.000000,100.000000,0.000000,0.000000,2,4,4,0.0000,0.0000,0.0000,0.5000,"Accelerate",-0.015706
2113,A0100,pursuit_chase_v1,UNKNOWN,16229.359259,29643.032288,2756.967712,2845.547718,31519.388616,16102.984663,532.066325,28635.654644,76.852660,6850.604299,-49.894872,0.017505,False,False,False,False,True,True,True,1-circle,1.000000,4238.457125,19824.799212,-0.595453,-0.330708,100.000000,100.000000,0.000000,0.000000,2,4,4,0.0000,0.0000,0.0000,0.5000,"PursuitChaseOptimal",-0.011764
2113,B0100,aggressive,UNKNOWN,16229.359259,29643.032288,2756.967712,2845.547718,31519.388616,16102.984663,532.066325,28635.654644,76.852660,6850.604299,-49.894872,0.017505,False,False,False,False,True,True,True,1-circle,1.000000,4238.457125,19824.799212,-0.595453,-0.330708,100.000000,100.000000,0.000000,0.000000,2,4,4,0.0000,0.0000,0.0000,0.5000,"Accelerate",0.004445
2114,A0100,pursuit_chase_v1,UNKNOWN,16238.694036,29652.613904,2747.386096,2845.339953,31537.104615,16103.233757,532.112509,28638.079542,48.497962,6839.796972,-50.219248,0.051398,False,False,False,False,True,True,True,1-circle,1.000000,4241.059183,19611.219173,-1.748075,-0.214976,100.000000,100.000000,0.000000,0.000000,2,4,4,0.0000,0.0000,0.0000,0.5000,"PursuitChaseOptimal",-0.027852
2114,B0100,aggressive,UNKNOWN,16238.694036,29652.613904,2747.386096,2845.339953,31537.104615,16103.233757,532.112509,28638.079542,48.497962,6839.796972,-50.219248,0.051398,False,False,False,False,True,True,True,1-circle,1.000000,4241.059183,19611.219173,-1.748075,-0.214976,100.000000,100.000000,0.000000,0.000000,2,4,4,0.0000,0.0000,0.0000,0.5000,"Accelerate",0.018595
2115,A0100,pursuit_chase_v1,UNKNOWN,16238.694036,29652.613904,2747.386096,2845.339953,31537.104615,16103.233757,532.112509,28638.079542,48.497962,6839.796972,-50.219248,0.051398,False,False,False,False,True,True,True,1-circle,1.000000,4241.059183,19611.219173,-1.748075,-0.214976,100.000000,100.000000,0.000000,0.000000,2,4,4,0.0000,0.0000,0.0000,0.5000,"PursuitChaseOptimal",-0.034659
2115,B0100,aggressive,UNKNOWN,16238.694036,29652.613904,2747.386096,2845.339953,31537.104615,16103.233757,532.112509,28638.079542,48.497962,6839.796972,-50.219248,0.051398,False,False,False,False,True,True,True,1-circle,1.000000,4241.059183,19611.219173,-1.748075,-0.214976,100.000000,100.000000,0.000000,0.000000,2,4,4,0.0000,0.0000,0.0000,0.5000,"Accelerate",0.025019
2116,A0100,pursuit_chase_v1,UNKNOWN,16248.077023,29649.391636,2750.608364,2850.299580,31555.052754,16103.421354,532.327559,28648.400953,206.428232,6845.589384,-50.373110,0.021832,False,False,False,False,True,True,True,1-circle,1.000000,4243.693367,20053.546233,0.742984,-0.404761,100.000000,100.000000,0.000000,0.000000,2,4,4,0.0000,0.0000,0.0000,0.5000,"PursuitChaseOptimal",-0.016880
2116,B0100,aggressive,UNKNOWN,16248.077023,29649.391636,2750.608364,2850.299580,31555.052754,16103.421354,532.327559,28648.400953,206.428232,6845.589384,-50.373110,0.021832,False,False,False,False,True,True,True,1-circle,1.000000,4243.693367,20053.546233,0.742984,-0.404761,100.000000,100.000000,0.000000,0.000000,2,4,4,0.0000,0.0000,0.0000,0.5000,"Accelerate",0.009199
2117,A0100,pursuit_chase_v1,UNKNOWN,16248.077023,29649.391636,2750.608364,2850.299580,31555.052754,16103.421354,532.327559,28648.400953,206.428232,6845.589384,-50.373110,0.021832,False,False,False,False,True,True,True,1-circle,1.000000,4243.693367,20053.546233,0.742984,-0.404761,100.000000,100.000000,0.000000,0.000000,2,4,4,0.0000,0.0000,0.0000,0.5000,"PursuitChaseOptimal",-0.013609
2117,B0100,aggressive,UNKNOWN,16248.077023,29649.391636,2750.608364,2850.299580,31555.052754,16103.421354,532.327559,28648.400953,206.428232,6845.589384,-50.373110,0.021832,False,False,False,False,True,True,True,1-circle,1.000000,4243.693367,20053.546233,0.742984,-0.404761,100.000000,100.000000,0.000000,0.000000,2,4,4,0.0000,0.0000,0.0000,0.5000,"Accelerate",0.006406
2118,A0100,pursuit_chase_v1,UNKNOWN,16257.485595,29661.201709,2738.798291,2845.161870,31575.643203,16103.598850,532.296506,28647.114860,-25.721865,6829.918057,-50.459692,0.042823,False,False,False,False,True,True,True,1-circle,1.000000,4246.356447,19651.531528,-1.457028,-0.426154,100.000000,100.000000,0.000000,0.000000,2,4,4,0.0000,0.0000,0.0000,0.5000,"PursuitChaseOptimal",-0.032197
2118,B0100,aggressive,UNKNOWN,16257.485595,29661.201709,2738.798291,2845.161870,31575.643203,16103.598850,532.296506,28647.114860,-25.721865,6829.918057,-50.459692,0.042823,False,False,False,False,True,True,True,1-circle,1.000000,4246.356447,19651.531528,-1.457028,-0.426154,100.000000,100.000000,0.000000,0.000000,2,4,4,0.0000,0.0000,0.0000,0.5000,"Accelerate",0.022936
2119,A0100,pursuit_chase_v1,UNKNOWN,16257.485595,29661.201709,2738.798291,2845.161870,31575.643203,16103.598850,532.296506,28647.114860,-25.721865,6829.918057,-50.459692,0.042823,False,False,False,False,True,True,True,1-circle,1.000000,4246.356447,19651.531528,-1.457028,-0.426154,100.000000,100.000000,0.000000,0.000000,2,4,4,0.0000,0.0000,0.0000,0.5000,"PursuitChaseOptimal",-0.035922
2119,B0100,aggressive,UNKNOWN,16257.485595,29661.201709,2738.798291,2845.161870,31575.643203,16103.598850,532.296506,28647.114860,-25.721865,6829.918057,-50.459692,0.042823,False,False,False,False,True,True,True,1-circle,1.000000,4246.356447,19651.531528,-1.457028,-0.426154,100.000000,100.000000,0.000000,0.000000,2,4,4,0.0000,0.0000,0.0000,0.5000,"Accelerate",0.026174
2120,A0100,pursuit_chase_v1,UNKNOWN,16266.916337,29660.546876,2739.453124,2853.191458,31591.080021,16103.788122,532.440828,28654.106930,139.841395,6832.234078,-50.591969,0.000606,False,False,False,False,True,True,True,1-circle,1.000000,4249.026365,19911.532303,0.020641,-0.280798,100.000000,100.000000,0.000000,0.000000,2,4,4,0.0000,0.0000,0.0000,0.5000,"PursuitChaseOptimal",-0.011217
2120,B0100,aggressive,UNKNOWN,16266.916337,29660.546876,2739.453124,2853.191458,31591.080021,16103.788122,532.440828,28654.106930,139.841395,6832.234078,-50.591969,0.000606,False,False,False,False,True,True,True,1-circle,1.000000,4249.026365,19911.532303,0.020641,-0.280798,100.000000,100.000000,0.000000,0.000000,2,4,4,0.0000,0.0000,0.0000,0.5000,"Accelerate",0.004057
2121,A0100,pursuit_chase_v1,UNKNOWN,16266.916337,29660.546876,2739.453124,2853.191458,31591.080021,16103.788122,532.440828,28654.106930,139.841395,6832.234078,-50.591969,0.000606,False,False,False,False,True,True,True,1-circle,1.000000,4249.026365,19911.532303,0.020641,-0.280798,100.000000,100.000000,0.000000,0.000000,2,4,4,0.0000,0.0000,0.0000,0.5000,"PursuitChaseOptimal",-0.005762
2121,B0100,aggressive,UNKNOWN,16266.916337,29660.546876,2739.453124,2853.191458,31591.080021,16103.788122,532.440828,28654.106930,139.841395,6832.234078,-50.591969,0.000606,False,False,False,False,True,True,True,1-circle,1.000000,4249.026365,19911.532303,0.020641,-0.280798,100.000000,100.000000,0.000000,0.000000,2,4,4,0.0000,0.0000,0.0000,0.5000,"Accelerate",-0.000795
2122,A0100,pursuit_chase_v1,UNKNOWN,16276.372685,29673.192783,2726.807217,2846.560358,31612.312263,16103.982803,532.426661,28653.633757,-9.463454,6816.415640,-50.752102,0.064401,False,False,False,False,True,True,True,1-circle,1.000000,4251.685513,19507.449853,-2.191141,-0.395313,100.000000,100.000000,0.000000,0.000000,2,4,4,0.0000,0.0000,0.0000,0.5000,"PursuitChaseOptimal",-0.021842
2122,B0100,aggressive,UNKNOWN,16276.372685,29673.192783,2726.807217,2846.560358,31612.312263,16103.982803,532.426661,28653.633757,-9.463454,6816.415640,-50.752102,0.064401,False,False,False,False,True,True,True,1-circle,1.000000,4251.685513,19507.449853,-2.191141,-0.395313,100.000000,100.000000,0.000000,0.000000,2,4,4,0.0000,0.0000,0.0000,0.5000,"Accelerate",0.013405
2123,A0100,pursuit_chase_v1,UNKNOWN,16276.372685,29673.192783,2726.807217,2846.560358,31612.312263,16103.982803,532.426661,28653.633757,-9.463454,6816.415640,-50.752102,0.064401,False,False,False,False,True,True,True,1-circle,1.000000,4251.685513,19507.449853,-2.191141,-0.395313,100.000000,100.000000,0.000000,0.000000,2,4,4,0.0000,0.0000,0.0000,0.5000,"PursuitChaseOptimal",-0.023618
2123,B0100,aggressive,UNKNOWN,16276.372685,29673.192783,2726.807217,2846.560358,31612.312263,16103.982803,532.426661,28653.633757,-9.463454,6816.415640,-50.752102,0.064401,False,False,False,False,True,True,True,1-circle,1.000000,4251.685513,19507.449853,-2.191141,-0.395313,100.000000,100.000000,0.000000,0.000000,2,4,4,0.0000,0.0000,0.0000,0.5000,"Accelerate",0.014665
2124,A0100,pursuit_chase_v1,UNKNOWN,16285.846672,29668.438839,2731.561161,2852.765264,31628.559868,16104.175745,532.621000,28662.989754,187.119932,6821.089595,-50.957639,0.013095,False,False,False,False,True,True,True,1-circle,1.000000,4254.305700,19815.629034,-0.445912,-0.366459,100.000000,100.000000,0.000000,0.000000,2,4,4,0.0000,0.0000,0.0000,0.5000,"PursuitChaseOptimal",-0.000793
2124,B0100,aggressive,UNKNOWN,16285.846672,29668.438839,2731.561161,2852.765264,31628.559868,16104.175745,532.621000,28662.989754,187.119932,6821.089595,-50.957639,0.013095,False,False,False,False,True,True,True,1-circle,1.000000,4254.305700,19815.629034,-0.445912,-0.366459,100.000000,100.000000,0.000000,0.000000,2,4,4,0.0000,0.0000,0.0000,0.5000,"Accelerate",-0.005993
2125,A0100,pursuit_chase_v1,UNKNOWN,16285.846672,29668.438839,2731.561161,2852.765264,31628.559868,16104.175745,532.621000,28662.989754,187.119932,6821.089595,-50.957639,0.013095,False,False,False,False,True,True,True,1-circle,1.000000,4254.305700,19815.629034,-0.445912,-0.366459,100.000000,100.000000,0.000000,0.000000,2,4,4,0.0000,0.0000,0.0000,0.5000,"PursuitChaseOptimal",0.008890
2125,B0100,aggressive,UNKNOWN,16285.846672,29668.438839,2731.561161,2852.765264,31628.559868,16104.175745,532.621000,28662.989754,187.119932,6821.089595,-50.957639,0.013095,False,False,False,False,True,True,True,1-circle,1.000000,4254.305700,19815.629034,-0.445912,-0.366459,100.000000,100.000000,0.000000,0.000000,2,4,4,0.0000,0.0000,0.0000,0.5000,"Accelerate",-0.014462
2126,A0100,pursuit_chase_v1,UNKNOWN,16295.361454,29671.827161,2728.172839,2849.056954,31647.918360,16104.277834,532.692807,28666.478394,69.772794,6808.355297,-51.169401,0.000233,False,False,False,False,True,True,True,1-circle,1.000000,4256.934009,19888.532987,-0.007926,-0.583617,100.000000,100.000000,0.000000,0.000000,2,5,4,0.0000,0.0000,0.0000,0.5000,"PursuitChaseOptimal",0.017917
2126,B0100,aggressive,UNKNOWN,16295.361454,29671.827161,2728.172839,2849.056954,31647.918360,16104.277834,532.692807,28666.478394,69.772794,6808.355297,-51.169401,0.000233,False,False,False,False,True,True,True,1-circle,1.000000,4256.934009,19888.532987,-0.007926,-0.583617,100.000000,100.000000,0.000000,0.000000,2,4,4,0.0000,0.0000,0.0000,0.5000,"Accelerate",-0.022487
2127,A0100,pursuit_chase_v1,UNKNOWN,16295.361454,29671.827161,2728.172839,2849.056954,31647.918360,16104.277834,532.692807,28666.478394,69.772794,6808.355297,-51.169401,0.000233,False,False,False,False,True,True,True,1-circle,1.000000,4256.934009,19888.532987,-0.007926,-0.583617,100.000000,100.000000,0.000000,0.000000,2,5,4,0.0000,0.0000,0.0000,0.5000,"PursuitChaseOptimal",0.031663
2127,B0100,aggressive,UNKNOWN,16295.361454,29671.827161,2728.172839,2849.056954,31647.918360,16104.277834,532.692807,28666.478394,69.772794,6808.355297,-51.169401,0.000233,False,False,False,False,True,True,True,1-circle,1.000000,4256.934009,19888.532987,-0.007926,-0.583617,100.000000,100.000000,0.000000,0.000000,2,4,4,0.0000,0.0000,0.0000,0.5000,"Accelerate",-0.035369
2128,A0100,pursuit_chase_v1,UNKNOWN,16304.839679,29678.400037,2721.599963,2848.958900,31665.114236,16104.422669,532.729513,28668.354532,37.522760,6780.530986,-51.447546,0.034361,False,False,False,False,True,True,True,1-circle,1.000000,4259.253081,19673.202874,-1.170101,-0.329511,100.000000,100.000000,0.000000,0.000000,2,5,4,0.0000,0.0000,0.0000,0.5000,"PursuitChaseOptimal",0.040503
2128,B0100,aggressive,UNKNOWN,16304.839679,29678.400037,2721.599963,2848.958900,31665.114236,16104.422669,532.729513,28668.354532,37.522760,6780.530986,-51.447546,0.034361,False,False,False,False,True,True,True,1-circle,1.000000,4259.253081,19673.202874,-1.170101,-0.329511,100.000000,100.000000,0.000000,0.000000,2,4,4,0.0000,0.0000,0.0000,0.5000,"Accelerate",-0.043462
2129,A0100,pursuit_chase_v1,UNKNOWN,16304.839679,29678.400037,2721.599963,2848.958900,31665.114236,16104.422669,532.729513,28668.354532,37.522760,6780.530986,-51.447546,0.034361,False,False,False,False,True,True,True,1-circle,1.000000,4259.253081,19673.202874,-1.170101,-0.329511,100.000000,100.000000,0.000000,0.000000,2,5,4,0.0000,0.0000,0.0000,0.5000,"PursuitChaseOptimal",0.046838
2129,B0100,aggressive,UNKNOWN,16304.839679,29678.400037,2721.599963,2848.958900,31665.114236,16104.422669,532.729513,28668.354532,37.522760,6780.530986,-51.447546,0.034361,False,False,False,False,True,True,True,1-circle,1.000000,4259.253081,19673.202874,-1.170101,-0.329511,100.000000,100.000000,0.000000,0.000000,2,4,4,0.0000,0.0000,0.0000,0.5000,"Accelerate",-0.048632
2130,A0100,pursuit_chase_v1,UNKNOWN,16314.260341,29683.264312,2716.735688,2846.876389,31684.628394,16104.527574,532.791287,28671.373390,60.377166,6740.794510,-51.705688,0.021009,False,False,False,False,True,True,True,1-circle,1.000000,4261.185666,19748.610094,-0.715570,-0.475619,100.000000,100.000000,0.000000,0.000000,2,5,4,0.0000,0.0000,0.0000,0.5000,"PursuitChaseOptimal",0.034843
2130,B0100,aggressive,UNKNOWN,16314.260341,29683.264312,2716.735688,2846.876389,31684.628394,16104.527574,532.791287,28671.373390,60.377166,6740.794510,-51.705688,0.021009,False,False,False,False,True,True,True,1-circle,1.000000,4261.185666,19748.610094,-0.715570,-0.475619,100.000000,100.000000,0.000000,0.000000,2,4,4,0.0000,0.0000,0.0000,0.5000,"Accelerate",-0.037473
2131,A0100,pursuit_chase_v1,UNKNOWN,16314.260341,29683.264312,2716.735688,2846.876389,31684.628394,16104.527574,532.791287,28671.373390,60.377166,6740.794510,-51.705688,0.021009,False,False,False,False,True,True,True,1-circle,1.000000,4261.185666,19748.610094,-0.715570,-0.475619,100.000000,100.000000,0.000000,0.000000,2,5,4,0.0000,0.0000,0.0000,0.5000,"PursuitChaseOptimal",0.023532
2131,B0100,aggressive,UNKNOWN,16314.260341,29683.264312,2716.735688,2846.876389,31684.628394,16104.527574,532.791287,28671.373390,60.377166,6740.794510,-51.705688,0.021009,False,False,False,False,True,True,True,1-circle,1.000000,4261.185666,19748.610094,-0.715570,-0.475619,100.000000,100.000000,0.000000,0.000000,2,4,4,0.0000,0.0000,0.0000,0.5000,"Accelerate",-0.027625
2132,A0100,pursuit_chase_v1,UNKNOWN,16323.588271,29689.738941,2710.261059,2847.624251,31702.178578,16104.688433,532.827797,28673.256607,37.664335,6701.789745,-51.869724,0.055320,False,False,False,False,True,True,True,1-circle,1.000000,4262.595586,19531.567822,-1.883734,-0.354031,100.000000,100.000000,0.000000,0.000000,2,5,4,0.0000,0.0000,0.0000,0.5000,"PursuitChaseOptimal",0.015367
2132,B0100,aggressive,UNKNOWN,16323.588271,29689.738941,2710.261059,2847.624251,31702.178578,16104.688433,532.827797,28673.256607,37.664335,6701.789745,-51.869724,0.055320,False,False,False,False,True,True,True,1-circle,1.000000,4262.595586,19531.567822,-1.883734,-0.354031,100.000000,100.000000,0.000000,0.000000,2,4,4,0.0000,0.0000,0.0000,0.5000,"Accelerate",-0.020548
2133,A0100,pursuit_chase_v1,UNKNOWN,16323.588271,29689.738941,2710.261059,2847.624251,31702.178578,16104.688433,532.827797,28673.256607,37.664335,6701.789745,-51.869724,0.055320,False,False,False,False,True,True,True,1-circle,1.000000,4262.595586,19531.567822,-1.883734,-0.354031,100.000000,100.000000,0.000000,0.000000,2,5,4,0.0000,0.0000,0.0000,0.5000,"PursuitChaseOptimal",0.003860
2133,B0100,aggressive,UNKNOWN,16323.588271,29689.738941,2710.261059,2847.624251,31702.178578,16104.688433,532.827797,28673.256607,37.664335,6701.789745,-51.869724,0.055320,False,False,False,False,True,True,True,1-circle,1.000000,4262.595586,19531.567822,-1.883734,-0.354031,100.000000,100.000000,0.000000,0.000000,2,4,4,0.0000,0.0000,0.0000,0.5000,"Accelerate",-0.009803
2134,A0100,pursuit_chase_v1,UNKNOWN,16332.862716,29686.064797,2713.935203,2841.161868,31720.385010,16104.764383,533.003814,28681.637865,167.625163,6675.606443,-51.710274,0.020462,False,False,False,False,True,True,True,1-circle,1.000000,4263.796142,19989.241667,0.697206,-0.527174,100.000000,100.000000,0.000000,0.000000,2,5,4,0.0000,0.0000,0.0000,0.5000,"PursuitChaseOptimal",-0.007142
2134,B0100,aggressive,UNKNOWN,16332.862716,29686.064797,2713.935203,2841.161868,31720.385010,16104.764383,533.003814,28681.637865,167.625163,6675.606443,-51.710274,0.020462,False,False,False,False,True,True,True,1-circle,1.000000,4263.796142,19989.241667,0.697206,-0.527174,100.000000,100.000000,0.000000,0.000000,2,4,4,0.0000,0.0000,0.0000,0.5000,"Accelerate",0.000703
2135,A0100,pursuit_chase_v1,UNKNOWN,16332.862716,29686.064797,2713.935203,2841.161868,31720.385010,16104.764383,533.003814,28681.637865,167.625163,6675.606443,-51.710274,0.020462,False,False,False,False,True,True,True,1-circle,1.000000,4263.796142,19989.241667,0.697206,-0.527174,100.000000,100.000000,0.000000,0.000000,2,5,4,0.0000,0.0000,0.0000,0.5000,"PursuitChaseOptimal",-0.008891
2135,B0100,aggressive,UNKNOWN,16332.862716,29686.064797,2713.935203,2841.161868,31720.385010,16104.764383,533.003814,28681.637865,167.625163,6675.606443,-51.710274,0.020462,False,False,False,False,True,True,True,1-circle,1.000000,4263.796142,19989.241667,0.697206,-0.527174,100.000000,100.000000,0.000000,0.000000,2,4,4,0.0000,0.0000,0.0000,0.5000,"Accelerate",0.002308
2136,A0100,pursuit_chase_v1,UNKNOWN,16342.061392,29701.133363,2698.866637,2802.266690,31740.638246,16104.863263,532.975779,28680.413746,-24.482377,6650.536568,-51.004856,0.045365,False,False,False,False,True,True,True,1-circle,1.000000,4264.965135,19578.753222,-1.545345,-0.283890,100.000000,100.000000,0.000000,0.000000,2,5,4,0.0000,0.0000,0.0000,0.5000,"PursuitChaseOptimal",-0.022775
2136,B0100,aggressive,UNKNOWN,16342.061392,29701.133363,2698.866637,2802.266690,31740.638246,16104.863263,532.975779,28680.413746,-24.482377,6650.536568,-51.004856,0.045365,False,False,False,False,True,True,True,1-circle,1.000000,4264.965135,19578.753222,-1.545345,-0.283890,100.000000,100.000000,0.000000,0.000000,2,4,4,0.0000,0.0000,0.0000,0.5000,"Accelerate",0.014371
2137,A0100,pursuit_chase_v1,UNKNOWN,16342.061392,29701.133363,2698.866637,2802.266690,31740.638246,16104.863263,532.975779,28680.413746,-24.482377,6650.536568,-51.004856,0.045365,False,False,False,False,True,True,True,1-circle,1.000000,4264.965135,19578.753222,-1.545345,-0.283890,100.000000,100.000000,0.000000,0.000000,2,5,4,0.0000,0.0000,0.0000,0.5000,"PursuitChaseOptimal",-0.021893
2137,B0100,aggressive,UNKNOWN,16342.061392,29701.133363,2698.866637,2802.266690,31740.638246,16104.863263,532.975779,28680.413746,-24.482377,6650.536568,-51.004856,0.045365,False,False,False,False,True,True,True,1-circle,1.000000,4264.965135,19578.753222,-1.545345,-0.283890,100.000000,100.000000,0.000000,0.000000,2,4,4,0.0000,0.0000,0.0000,0.5000,"Accelerate",0.013230
2138,A0100,pursuit_chase_v1,UNKNOWN,16351.147008,29698.010034,2701.989966,2726.793754,31757.313343,16104.980293,533.155978,28689.035796,172.441008,6649.947229,-49.338200,0.006018,False,False,False,False,True,True,True,1-circle,1.000000,4266.515967,19887.481166,0.205104,-0.405048,100.000000,100.000000,0.000000,0.000000,2,5,4,0.0000,0.0000,0.0000,0.5000,"PursuitChaseOptimal",-0.018946
2138,B0100,aggressive,UNKNOWN,16351.147008,29698.010034,2701.989966,2726.793754,31757.313343,16104.980293,533.155978,28689.035796,172.441008,6649.947229,-49.338200,0.006018,False,False,False,False,True,True,True,1-circle,1.000000,4266.515967,19887.481166,0.205104,-0.405048,100.000000,100.000000,0.000000,0.000000,2,4,4,0.0000,0.0000,0.0000,0.5000,"Accelerate",0.010845
2139,A0100,pursuit_chase_v1,UNKNOWN,16351.147008,29698.010034,2701.989966,2726.793754,31757.313343,16104.980293,533.155978,28689.035796,172.441008,6649.947229,-49.338200,0.006018,False,False,False,False,True,True,True,1-circle,1.000000,4266.515967,19887.481166,0.205104,-0.405048,100.000000,100.000000,0.000000,0.000000,2,5,4,0.0000,0.0000,0.0000,0.5000,"PursuitChaseOptimal",-0.017566
2139,B0100,aggressive,UNKNOWN,16351.147008,29698.010034,2701.989966,2726.793754,31757.313343,16104.980293,533.155978,28689.035796,172.441008,6649.947229,-49.338200,0.006018,False,False,False,False,True,True,True,1-circle,1.000000,4266.515967,19887.481166,0.205104,-0.405048,100.000000,100.000000,0.000000,0.000000,2,4,4,0.0000,0.0000,0.0000,0.5000,"Accelerate",0.010110
2140,A0100,pursuit_chase_v1,UNKNOWN,16360.114709,29704.007246,2695.992754,2622.735704,31773.730194,16105.032966,533.193479,28690.858790,36.459880,6660.205329,-47.504980,0.017846,False,False,False,False,True,True,True,1-circle,1.000000,4268.824943,19954.546965,0.608278,-0.430991,100.000000,100.000000,0.000000,0.000000,2,4,4,0.0000,0.0000,0.0000,0.5000,"PursuitChaseOptimal",-0.012502
2140,B0100,aggressive,UNKNOWN,16360.114709,29704.007246,2695.992754,2622.735704,31773.730194,16105.032966,533.193479,28690.858790,36.459880,6660.205329,-47.504980,0.017846,False,False,False,False,True,True,True,1-circle,1.000000,4268.824943,19954.546965,0.608278,-0.430991,100.000000,100.000000,0.000000,0.000000,2,4,4,0.0000,0.0000,0.0000,0.5000,"Accelerate",0.005581
2141,A0100,pursuit_chase_v1,UNKNOWN,16360.114709,29704.007246,2695.992754,2622.735704,31773.730194,16105.032966,533.193479,28690.858790,36.459880,6660.205329,-47.504980,0.017846,False,False,False,False,True,True,True,1-circle,1.000000,4268.824943,19954.546965,0.608278,-0.430991,100.000000,100.000000,0.000000,0.000000,2,4,4,0.0000,0.0000,0.0000,0.5000,"PursuitChaseOptimal",-0.019514
2141,B0100,aggressive,UNKNOWN,16360.114709,29704.007246,2695.992754,2622.735704,31773.730194,16105.032966,533.193479,28690.858790,36.459880,6660.205329,-47.504980,0.017846,False,False,False,False,True,True,True,1-circle,1.000000,4268.824943,19954.546965,0.608278,-0.430991,100.000000,100.000000,0.000000,0.000000,2,4,4,0.0000,0.0000,0.0000,0.5000,"Accelerate",0.011626
2142,A0100,pursuit_chase_v1,UNKNOWN,16368.964972,29713.330293,2686.669707,2508.368495,31788.285609,16105.178103,533.298090,28695.943009,101.684373,6684.898569,-45.870139,0.019100,False,False,False,False,True,True,True,1-circle,1.000000,4271.804133,19723.170488,-0.651118,-0.110967,100.000000,100.000000,0.000000,0.000000,2,4,4,0.0000,0.0000,0.0000,0.5000,"PursuitChaseOptimal",-0.024647
2142,B0100,aggressive,UNKNOWN,16368.964972,29713.330293,2686.669707,2508.368495,31788.285609,16105.178103,533.298090,28695.943009,101.684373,6684.898569,-45.870139,0.019100,False,False,False,False,True,True,True,1-circle,1.000000,4271.804133,19723.170488,-0.651118,-0.110967,100.000000,100.000000,0.000000,0.000000,2,4,4,0.0000,0.0000,0.0000,0.5000,"Accelerate",0.016045
2143,A0100,pursuit_chase_v1,UNKNOWN,16368.964972,29713.330293,2686.669707,2508.368495,31788.285609,16105.178103,533.298090,28695.943009,101.684373,6684.898569,-45.870139,0.019100,False,False,False,False,True,True,True,1-circle,1.000000,4271.804133,19723.170488,-0.651118,-0.110967,100.000000,100.000000,0.000000,0.000000,2,4,4,0.0000,0.0000,0.0000,0.5000,"PursuitChaseOptimal",-0.029230
2143,B0100,aggressive,UNKNOWN,16368.964972,29713.330293,2686.669707,2508.368495,31788.285609,16105.178103,533.298090,28695.943009,101.684373,6684.898569,-45.870139,0.019100,False,False,False,False,True,True,True,1-circle,1.000000,4271.804133,19723.170488,-0.651118,-0.110967,100.000000,100.000000,0.000000,0.000000,2,4,4,0.0000,0.0000,0.0000,0.5000,"Accelerate",0.020614
2144,A0100,pursuit_chase_v1,UNKNOWN,16377.729645,29719.317739,2680.682261,2407.799778,31804.749761,16105.332831,533.378346,28699.887604,78.891903,6705.504837,-44.407314,0.003126,False,False,False,False,True,True,True,1-circle,1.000000,4275.532860,19817.363155,-0.106601,-0.312842,100.000000,100.000000,0.000000,0.000000,2,4,4,0.0000,0.0000,0.0000,0.5000,"PursuitChaseOptimal",-0.024046
2144,B0100,aggressive,UNKNOWN,16377.729645,29719.317739,2680.682261,2407.799778,31804.749761,16105.332831,533.378346,28699.887604,78.891903,6705.504837,-44.407314,0.003126,False,False,False,False,True,True,True,1-circle,1.000000,4275.532860,19817.363155,-0.106601,-0.312842,100.000000,100.000000,0.000000,0.000000,2,4,4,0.0000,0.0000,0.0000,0.5000,"Accelerate",0.016011
2145,A0100,pursuit_chase_v1,UNKNOWN,16377.729645,29719.317739,2680.682261,2407.799778,31804.749761,16105.332831,533.378346,28699.887604,78.891903,6705.504837,-44.407314,0.003126,False,False,False,False,True,True,True,1-circle,1.000000,4275.532860,19817.363155,-0.106601,-0.312842,100.000000,100.000000,0.000000,0.000000,2,4,4,0.0000,0.0000,0.0000,0.5000,"PursuitChaseOptimal",-0.015233
2145,B0100,aggressive,UNKNOWN,16377.729645,29719.317739,2680.682261,2407.799778,31804.749761,16105.332831,533.378346,28699.887604,78.891903,6705.504837,-44.407314,0.003126,False,False,False,False,True,True,True,1-circle,1.000000,4275.532860,19817.363155,-0.106601,-0.312842,100.000000,100.000000,0.000000,0.000000,2,4,4,0.0000,0.0000,0.0000,0.5000,"Accelerate",0.007477
2146,A0100,pursuit_chase_v1,UNKNOWN,16386.430840,29725.377175,2674.622825,2352.948707,31818.494990,16105.577623,533.426001,28702.383002,49.907953,6716.948662,-43.738737,0.038078,False,False,False,False,True,True,True,1-circle,1.000000,4279.727490,19599.625674,-1.298236,-0.198582,100.000000,100.000000,0.000000,0.000000,2,4,4,0.0000,0.0000,0.0000,0.5000,"PursuitChaseOptimal",-0.005055
2146,B0100,aggressive,UNKNOWN,16386.430840,29725.377175,2674.622825,2352.948707,31818.494990,16105.577623,533.426001,28702.383002,49.907953,6716.948662,-43.738737,0.038078,False,False,False,False,True,True,True,1-circle,1.000000,4279.727490,19599.625674,-1.298236,-0.198582,100.000000,100.000000,0.000000,0.000000,2,4,4,0.0000,0.0000,0.0000,0.5000,"Accelerate",-0.001959
2147,A0100,pursuit_chase_v1,UNKNOWN,16386.430840,29725.377175,2674.622825,2352.948707,31818.494990,16105.577623,533.426001,28702.383002,49.907953,6716.948662,-43.738737,0.038078,False,False,False,False,True,True,True,1-circle,1.000000,4279.727490,19599.625674,-1.298236,-0.198582,100.000000,100.000000,0.000000,0.000000,2,4,4,0.0000,0.0000,0.0000,0.5000,"PursuitChaseOptimal",0.012992
2147,B0100,aggressive,UNKNOWN,16386.430840,29725.377175,2674.622825,2352.948707,31818.494990,16105.577623,533.426001,28702.383002,49.907953,6716.948662,-43.738737,0.038078,False,False,False,False,True,True,True,1-circle,1.000000,4279.727490,19599.625674,-1.298236,-0.198582,100.000000,100.000000,0.000000,0.000000,2,4,4,0.0000,0.0000,0.0000,0.5000,"Accelerate",-0.018067
2148,A0100,pursuit_chase_v1,UNKNOWN,16395.134846,29726.642438,2673.357562,2329.045742,31834.355865,16105.795423,533.528319,28707.433724,101.014437,6727.574101,-43.830941,0.025893,False,False,False,False,True,True,True,1-circle,1.000000,4284.114081,19671.363834,-0.883031,-0.392818,100.000000,100.000000,0.000000,0.000000,2,4,4,0.0000,0.0000,0.0000,0.5000,"PursuitChaseOptimal",0.017462
2148,B0100,aggressive,UNKNOWN,16395.134846,29726.642438,2673.357562,2329.045742,31834.355865,16105.795423,533.528319,28707.433724,101.014437,6727.574101,-43.830941,0.025893,False,False,False,False,True,True,True,1-circle,1.000000,4284.114081,19671.363834,-0.883031,-0.392818,100.000000,100.000000,0.000000,0.000000,2,4,4,0.0000,0.0000,0.0000,0.5000,"Accelerate",-0.022208
2149,A0100,pursuit_chase_v1,UNKNOWN,16395.134846,29726.642438,2673.357562,2329.045742,31834.355865,16105.795423,533.528319,28707.433724,101.014437,6727.574101,-43.830941,0.025893,False,False,False,False,True,True,True,1-circle,1.000000,4284.114081,19671.363834,-0.883031,-0.392818,100.000000,100.000000,0.000000,0.000000,2,4,4,0.0000,0.0000,0.0000,0.5000,"PursuitChaseOptimal",0.016800
2149,B0100,aggressive,UNKNOWN,16395.134846,29726.642438,2673.357562,2329.045742,31834.355865,16105.795423,533.528319,28707.433724,101.014437,6727.574101,-43.830941,0.025893,False,False,False,False,True,True,True,1-circle,1.000000,4284.114081,19671.363834,-0.883031,-0.392818,100.000000,100.000000,0.000000,0.000000,2,4,4,0.0000,0.0000,0.0000,0.5000,"Accelerate",-0.022083
2150,A0100,pursuit_chase_v1,UNKNOWN,16403.857989,29722.825961,2677.174039,2323.917462,31848.014480,16106.022302,533.618668,28711.928941,89.904338,6742.738293,-44.355853,0.061127,False,False,False,False,True,True,True,1-circle,1.000000,4288.339016,19452.068724,-2.084194,-0.603132,100.000000,100.000000,0.000000,0.000000,2,4,4,0.0000,0.0000,0.0000,0.5000,"PursuitChaseOptimal",0.012879
2150,B0100,aggressive,UNKNOWN,16403.857989,29722.825961,2677.174039,2323.917462,31848.014480,16106.022302,533.618668,28711.928941,89.904338,6742.738293,-44.355853,0.061127,False,False,False,False,True,True,True,1-circle,1.000000,4288.339016,19452.068724,-2.084194,-0.603132,100.000000,100.000000,0.000000,0.000000,2,4,4,0.0000,0.0000,0.0000,0.5000,"Accelerate",-0.018889
2151,A0100,pursuit_chase_v1,UNKNOWN,16403.857989,29722.825961,2677.174039,2323.917462,31848.014480,16106.022302,533.618668,28711.928941,89.904338,6742.738293,-44.355853,0.061127,False,False,False,False,True,True,True,1-circle,1.000000,4288.339016,19452.068724,-2.084194,-0.603132,100.000000,100.000000,0.000000,0.000000,2,4,4,0.0000,0.0000,0.0000,0.5000,"PursuitChaseOptimal",0.003521
2151,B0100,aggressive,UNKNOWN,16403.857989,29722.825961,2677.174039,2323.917462,31848.014480,16106.022302,533.618668,28711.928941,89.904338,6742.738293,-44.355853,0.061127,False,False,False,False,True,True,True,1-circle,1.000000,4288.339016,19452.068724,-2.084194,-0.603132,100.000000,100.000000,0.000000,0.000000,2,4,4,0.0000,0.0000,0.0000,0.5000,"Accelerate",-0.010060
2152,A0100,pursuit_chase_v1,UNKNOWN,16412.654236,29709.244168,2690.755832,2318.705688,31862.310753,16106.092598,533.790213,28720.105534,163.531860,6760.664258,-44.647700,0.014346,False,False,False,False,True,True,True,1-circle,1.000000,4292.523210,19912.221515,0.489494,-0.750122,100.000000,100.000000,0.000000,0.000000,2,4,4,0.0000,0.0000,0.0000,0.5000,"PursuitChaseOptimal",-0.008953
2152,B0100,aggressive,UNKNOWN,16412.654236,29709.244168,2690.755832,2318.705688,31862.310753,16106.092598,533.790213,28720.105534,163.531860,6760.664258,-44.647700,0.014346,False,False,False,False,True,True,True,1-circle,1.000000,4292.523210,19912.221515,0.489494,-0.750122,100.000000,100.000000,0.000000,0.000000,3,8,0,0.0000,0.0000,0.0000,0.5000,"Pursue",0.001545
2153,A0100,pursuit_chase_v1,UNKNOWN,16412.654236,29709.244168,2690.755832,2318.705688,31862.310753,16106.092598,533.790213,28720.105534,163.531860,6760.664258,-44.647700,0.014346,False,False,False,False,True,True,True,1-circle,1.000000,4292.523210,19912.221515,0.489494,-0.750122,100.000000,100.000000,0.000000,0.000000,2,4,4,0.0000,0.0000,0.0000,0.5000,"PursuitChaseOptimal",-0.023359
2153,B0100,aggressive,UNKNOWN,16412.654236,29709.244168,2690.755832,2318.705688,31862.310753,16106.092598,533.790213,28720.105534,163.531860,6760.664258,-44.647700,0.014346,False,False,False,False,True,True,True,1-circle,1.000000,4292.523210,19912.221515,0.489494,-0.750122,100.000000,100.000000,0.000000,0.000000,3,8,0,0.0000,0.0000,0.0000,0.5000,"Pursue",0.014426
2154,A0100,pursuit_chase_v1,UNKNOWN,16421.480356,29706.377834,2693.622166,2307.654029,31878.456200,16106.083718,533.973947,28728.781810,173.525520,6774.600700,-44.736939,0.032593,False,False,False,False,True,True,True,1-circle,1.000000,4296.741049,20021.284939,1.112350,-0.335696,100.000000,100.000000,0.000000,0.000000,2,4,4,0.0000,0.0000,0.0000,0.5000,"PursuitChaseOptimal",-0.028690
2154,B0100,aggressive,UNKNOWN,16421.480356,29706.377834,2693.622166,2307.654029,31878.456200,16106.083718,533.973947,28728.781810,173.525520,6774.600700,-44.736939,0.032593,False,False,False,False,True,True,True,1-circle,1.000000,4296.741049,20021.284939,1.112350,-0.335696,100.000000,100.000000,0.000000,0.000000,3,8,0,0.0000,0.0000,0.0000,0.5000,"Pursue",0.019221
2155,A0100,pursuit_chase_v1,UNKNOWN,16421.480356,29706.377834,2693.622166,2307.654029,31878.456200,16106.083718,533.973947,28728.781810,173.525520,6774.600700,-44.736939,0.032593,False,False,False,False,True,True,True,1-circle,1.000000,4296.741049,20021.284939,1.112350,-0.335696,100.000000,100.000000,0.000000,0.000000,2,4,4,0.0000,0.0000,0.0000,0.5000,"PursuitChaseOptimal",-0.032422
2155,B0100,aggressive,UNKNOWN,16421.480356,29706.377834,2693.622166,2307.654029,31878.456200,16106.083718,533.973947,28728.781810,173.525520,6774.600700,-44.736939,0.032593,False,False,False,False,True,True,True,1-circle,1.000000,4296.741049,20021.284939,1.112350,-0.335696,100.000000,100.000000,0.000000,0.000000,3,8,0,0.0000,0.0000,0.0000,0.5000,"Pursue",0.022874
2156,A0100,pursuit_chase_v1,UNKNOWN,16430.383018,29703.198882,2696.801118,2300.504127,31890.741450,16105.999952,534.452413,28751.329249,450.948786,6804.592595,-44.929302,0.238278,False,False,False,False,True,True,True,1-circle,1.000000,4301.154018,21273.600798,8.085649,0.292578,100.000000,100.000000,0.000000,0.000000,2,4,4,0.0000,0.0000,0.0000,0.5000,"PursuitChaseOptimal",-0.026897
2156,B0100,aggressive,UNKNOWN,16430.383018,29703.198882,2696.801118,2300.504127,31890.741450,16105.999952,534.452413,28751.329249,450.948786,6804.592595,-44.929302,0.238278,False,False,False,False,True,True,True,1-circle,1.000000,4301.154018,21273.600798,8.085649,0.292578,100.000000,100.000000,0.000000,0.000000,3,8,0,0.0000,0.0000,0.0000,0.5000,"Pursue",0.018675
2157,A0100,pursuit_chase_v1,UNKNOWN,16430.383018,29703.198882,2696.801118,2300.504127,31890.741450,16105.999952,534.452413,28751.329249,450.948786,6804.592595,-44.929302,0.238278,False,False,False,False,True,True,True,1-circle,1.000000,4301.154018,21273.600798,8.085649,0.292578,100.000000,100.000000,0.000000,0.000000,2,4,4,0.0000,0.0000,0.0000,0.5000,"PursuitChaseOptimal",-0.010375
2157,B0100,aggressive,UNKNOWN,16430.383018,29703.198882,2696.801118,2300.504127,31890.741450,16105.999952,534.452413,28751.329249,450.948786,6804.592595,-44.929302,0.238278,False,False,False,False,True,True,True,1-circle,1.000000,4301.154018,21273.600798,8.085649,0.292578,100.000000,100.000000,0.000000,0.000000,3,8,0,0.0000,0.0000,0.0000,0.5000,"Pursue",0.005112
2158,A0100,pursuit_chase_v1,UNKNOWN,16439.370795,29738.777286,2661.222714,2301.661595,31891.094221,16106.042953,534.670107,28761.675755,206.930125,6828.227959,-45.874497,0.539380,False,False,False,False,True,True,True,1-circle,1.000000,4305.567442,23025.337633,17.833474,2.120176,100.000000,100.000000,0.000000,0.000000,2,4,4,0.0000,0.0000,0.0000,0.5000,"PursuitChaseOptimal",0.007668
2158,B0100,aggressive,UNKNOWN,16439.370795,29738.777286,2661.222714,2301.661595,31891.094221,16106.042953,534.670107,28761.675755,206.930125,6828.227959,-45.874497,0.539380,False,False,False,False,True,True,True,1-circle,1.000000,4305.567442,23025.337633,17.833474,2.120176,100.000000,100.000000,0.000000,0.000000,3,8,0,0.0000,0.0000,0.0000,0.5000,"Pursue",-0.010205
2159,A0100,pursuit_chase_v1,UNKNOWN,16439.370795,29738.777286,2661.222714,2301.661595,31891.094221,16106.042953,534.670107,28761.675755,206.930125,6828.227959,-45.874497,0.539380,False,False,False,False,True,True,True,1-circle,1.000000,4305.567442,23025.337633,17.833474,2.120176,100.000000,100.000000,0.000000,0.000000,2,4,4,0.0000,0.0000,0.0000,0.5000,"PursuitChaseOptimal",0.028021
2159,B0100,aggressive,UNKNOWN,16439.370795,29738.777286,2661.222714,2301.661595,31891.094221,16106.042953,534.670107,28761.675755,206.930125,6828.227959,-45.874497,0.539380,False,False,False,False,True,True,True,1-circle,1.000000,4305.567442,23025.337633,17.833474,2.120176,100.000000,100.000000,0.000000,0.000000,3,8,0,0.0000,0.0000,0.0000,0.5000,"Pursue",-0.027946
2160,A0100,pursuit_chase_v1,UNKNOWN,16448.416504,29817.927081,2582.072919,2329.333399,31862.471043,16106.786340,534.851515,28771.008470,186.654308,6846.826161,-47.889175,0.874357,False,False,False,False,True,True,True,1-circle,1.000000,4309.173457,24770.734730,27.549814,4.638823,100.000000,100.000000,0.000000,0.000000,2,4,4,0.0000,0.0000,0.0000,0.5000,"PursuitChaseOptimal",0.045621
2160,B0100,aggressive,UNKNOWN,16448.416504,29817.927081,2582.072919,2329.333399,31862.471043,16106.786340,534.851515,28771.008470,186.654308,6846.826161,-47.889175,0.874357,False,False,False,False,True,True,True,1-circle,1.000000,4309.173457,24770.734730,27.549814,4.638823,100.000000,100.000000,0.000000,0.000000,3,8,0,0.0000,0.0000,0.0000,0.5000,"Pursue",-0.043325
2161,A0100,pursuit_chase_v1,UNKNOWN,16448.416504,29817.927081,2582.072919,2329.333399,31862.471043,16106.786340,534.851515,28771.008470,186.654308,6846.826161,-47.889175,0.874357,False,False,False,False,True,True,True,1-circle,1.000000,4309.173457,24770.734730,27.549814,4.638823,100.000000,100.000000,0.000000,0.000000,2,4,4,0.0000,0.0000,0.0000,0.5000,"PursuitChaseOptimal",0.056296
2161,B0100,aggressive,UNKNOWN,16448.416504,29817.927081,2582.072919,2329.333399,31862.471043,16106.786340,534.851515,28771.008470,186.654308,6846.826161,-47.889175,0.874357,False,False,False,False,True,True,True,1-circle,1.000000,4309.173457,24770.734730,27.549814,4.638823,100.000000,100.000000,0.000000,0.000000,3,8,0,0.0000,0.0000,0.0000,0.5000,"Pursue",-0.052497
2162,A0100,pursuit_chase_v1,UNKNOWN,16457.467636,29905.330364,2494.669636,2396.581218,31800.536505,16108.566725,534.719968,28766.560060,-88.968207,6846.525221,-50.036181,1.284594,False,False,False,False,True,True,True,1-circle,1.000000,4311.346403,26550.183449,37.462103,5.832754,100.000000,100.000000,0.000000,0.000000,2,4,4,0.0000,0.0000,0.0000,0.5000,"PursuitChaseOptimal",0.042449
2162,B0100,aggressive,UNKNOWN,16457.467636,29905.330364,2494.669636,2396.581218,31800.536505,16108.566725,534.719968,28766.560060,-88.968207,6846.525221,-50.036181,1.284594,False,False,False,False,True,True,True,1-circle,1.000000,4311.346403,26550.183449,37.462103,5.832754,100.000000,100.000000,0.000000,0.000000,3,8,0,0.0000,0.0000,0.0000,0.5000,"Pursue",-0.039568
2163,A0100,pursuit_chase_v1,UNKNOWN,16457.467636,29905.330364,2494.669636,2396.581218,31800.536505,16108.566725,534.719968,28766.560060,-88.968207,6846.525221,-50.036181,1.284594,False,False,False,False,True,True,True,1-circle,1.000000,4311.346403,26550.183449,37.462103,5.832754,100.000000,100.000000,0.000000,0.000000,2,4,4,0.0000,0.0000,0.0000,0.5000,"PursuitChaseOptimal",0.022585
2163,B0100,aggressive,UNKNOWN,16457.467636,29905.330364,2494.669636,2396.581218,31800.536505,16108.566725,534.719968,28766.560060,-88.968207,6846.525221,-50.036181,1.284594,False,False,False,False,True,True,True,1-circle,1.000000,4311.346403,26550.183449,37.462103,5.832754,100.000000,100.000000,0.000000,0.000000,3,8,0,0.0000,0.0000,0.0000,0.5000,"Pursue",-0.021446
2164,A0100,pursuit_chase_v1,UNKNOWN,16466.426452,29979.819204,2420.180796,2505.074178,31706.185248,16111.448598,534.345083,28751.699464,-297.211929,6823.202853,-51.378770,1.831080,False,False,False,False,True,True,True,1-circle,1.000000,4311.964977,28352.225326,47.507416,6.677637,100.000000,100.000000,0.000000,0.000000,2,4,4,0.0000,0.0000,0.0000,0.5000,"PursuitChaseOptimal",0.021248
2164,B0100,aggressive,UNKNOWN,16466.426452,29979.819204,2420.180796,2505.074178,31706.185248,16111.448598,534.345083,28751.699464,-297.211929,6823.202853,-51.378770,1.831080,False,False,False,False,True,True,True,1-circle,1.000000,4311.964977,28352.225326,47.507416,6.677637,100.000000,100.000000,0.000000,0.000000,3,8,0,0.0000,0.0000,0.0000,0.5000,"Pursue",-0.019572
2165,A0100,pursuit_chase_v1,UNKNOWN,16466.426452,29979.819204,2420.180796,2505.074178,31706.185248,16111.448598,534.345083,28751.699464,-297.211929,6823.202853,-51.378770,1.831080,False,False,False,False,True,True,True,1-circle,1.000000,4311.964977,28352.225326,47.507416,6.677637,100.000000,100.000000,0.000000,0.000000,2,4,4,0.0000,0.0000,0.0000,0.5000,"PursuitChaseOptimal",0.011665
2165,B0100,aggressive,UNKNOWN,16466.426452,29979.819204,2420.180796,2505.074178,31706.185248,16111.448598,534.345083,28751.699464,-297.211929,6823.202853,-51.378770,1.831080,False,False,False,False,True,True,True,1-circle,1.000000,4311.964977,28352.225326,47.507416,6.677637,100.000000,100.000000,0.000000,0.000000,3,8,0,0.0000,0.0000,0.0000,0.5000,"Pursue",-0.010529
2166,A0100,pursuit_chase_v1,UNKNOWN,16475.177809,30044.832423,2355.167577,2646.036855,31584.310187,16115.422838,533.676110,28724.043602,-553.117227,6768.080831,-51.832524,2.165196,False,False,False,False,True,True,True,1-circle,1.000000,4311.200894,29190.099166,52.203192,7.370665,100.000000,100.000000,0.000000,0.000000,2,4,4,0.0000,0.0000,0.0000,0.5000,"PursuitChaseOptimal",-0.021676
2166,B0100,aggressive,UNKNOWN,16475.177809,30044.832423,2355.167577,2646.036855,31584.310187,16115.422838,533.676110,28724.043602,-553.117227,6768.080831,-51.832524,2.165196,False,False,False,False,True,True,True,1-circle,1.000000,4311.200894,29190.099166,52.203192,7.370665,100.000000,100.000000,0.000000,0.000000,3,8,0,0.0000,0.0000,0.0000,0.5000,"Pursue",0.019615
2167,A0100,pursuit_chase_v1,UNKNOWN,16475.177809,30044.832423,2355.167577,2646.036855,31584.310187,16115.422838,533.676110,28724.043602,-553.117227,6768.080831,-51.832524,2.165196,False,False,False,False,True,True,True,1-circle,1.000000,4311.200894,29190.099166,52.203192,7.370665,100.000000,100.000000,0.000000,0.000000,2,4,4,0.0000,0.0000,0.0000,0.5000,"PursuitChaseOptimal",-0.031651
2167,B0100,aggressive,UNKNOWN,16475.177809,30044.832423,2355.167577,2646.036855,31584.310187,16115.422838,533.676110,28724.043602,-553.117227,6768.080831,-51.832524,2.165196,False,False,False,False,True,True,True,1-circle,1.000000,4311.200894,29190.099166,52.203192,7.370665,100.000000,100.000000,0.000000,0.000000,3,8,0,0.0000,0.0000,0.0000,0.5000,"Pursue",0.028833
2168,A0100,pursuit_chase_v1,UNKNOWN,16483.627728,30088.275261,2311.724739,2814.232681,31445.570817,16120.489418,532.861669,28690.655591,-667.760217,6702.231746,-51.528548,2.467112,False,False,False,False,True,True,True,1-circle,1.000000,4309.251459,29814.956201,55.721774,7.851715,100.000000,100.000000,0.000000,0.000000,2,4,4,0.0000,0.0000,0.0000,0.5000,"PursuitChaseOptimal",-0.013204
2168,B0100,aggressive,UNKNOWN,16483.627728,30088.275261,2311.724739,2814.232681,31445.570817,16120.489418,532.861669,28690.655591,-667.760217,6702.231746,-51.528548,2.467112,False,False,False,False,True,True,True,1-circle,1.000000,4309.251459,29814.956201,55.721774,7.851715,100.000000,100.000000,0.000000,0.000000,3,8,0,0.0000,0.0000,0.0000,0.5000,"Pursue",0.012364
2169,A0100,pursuit_chase_v1,UNKNOWN,16483.627728,30088.275261,2311.724739,2814.232681,31445.570817,16120.489418,532.861669,28690.655591,-667.760217,6702.231746,-51.528548,2.467112,False,False,False,False,True,True,True,1-circle,1.000000,4309.251459,29814.956201,55.721774,7.851715,100.000000,100.000000,0.000000,0.000000,2,4,4,0.0000,0.0000,0.0000,0.5000,"PursuitChaseOptimal",0.002036
2169,B0100,aggressive,UNKNOWN,16483.627728,30088.275261,2311.724739,2814.232681,31445.570817,16120.489418,532.861669,28690.655591,-667.760217,6702.231746,-51.528548,2.467112,False,False,False,False,True,True,True,1-circle,1.000000,4309.251459,29814.956201,55.721774,7.851715,100.000000,100.000000,0.000000,0.000000,3,8,0,0.0000,0.0000,0.0000,0.5000,"Pursue",-0.001241
2170,A0100,pursuit_chase_v1,UNKNOWN,16491.720003,30109.536516,2290.463484,2987.224277,31299.600895,16126.564203,532.009165,28656.541564,-682.280551,6624.505879,-50.798821,2.841656,False,False,False,False,True,True,True,1-circle,1.000000,4306.292183,30458.437229,59.349332,8.250460,100.000000,100.000000,0.000000,0.000000,2,4,4,0.0000,0.0000,0.0000,0.5000,"PursuitChaseOptimal",-0.003706
2170,B0100,aggressive,UNKNOWN,16491.720003,30109.536516,2290.463484,2987.224277,31299.600895,16126.564203,532.009165,28656.541564,-682.280551,6624.505879,-50.798821,2.841656,False,False,False,False,True,True,True,1-circle,1.000000,4306.292183,30458.437229,59.349332,8.250460,100.000000,100.000000,0.000000,0.000000,3,8,0,0.0000,0.0000,0.0000,0.5000,"Pursue",0.004088
2171,A0100,pursuit_chase_v1,UNKNOWN,16491.720003,30109.536516,2290.463484,2987.224277,31299.600895,16126.564203,532.009165,28656.541564,-682.280551,6624.505879,-50.798821,2.841656,False,False,False,False,True,True,True,1-circle,1.000000,4306.292183,30458.437229,59.349332,8.250460,100.000000,100.000000,0.000000,0.000000,2,4,4,0.0000,0.0000,0.0000,0.5000,"PursuitChaseOptimal",-0.021994
2171,B0100,aggressive,UNKNOWN,16491.720003,30109.536516,2290.463484,2987.224277,31299.600895,16126.564203,532.009165,28656.541564,-682.280551,6624.505879,-50.798821,2.841656,False,False,False,False,True,True,True,1-circle,1.000000,4306.292183,30458.437229,59.349332,8.250460,100.000000,100.000000,0.000000,0.000000,3,8,0,0.0000,0.0000,0.0000,0.5000,"Pursue",0.020713
2172,A0100,pursuit_chase_v1,UNKNOWN,16499.397237,30106.798818,2293.201182,3166.873880,31147.777110,16133.541309,531.143348,28622.768107,-675.469145,6550.076935,-49.745116,3.313121,False,False,False,False,True,True,True,1-circle,1.000000,4302.339405,31109.512179,63.024446,8.567111,100.000000,100.000000,0.000000,0.000000,2,4,4,0.0000,0.0000,0.0000,0.5000,"PursuitChaseOptimal",-0.034367
2172,B0100,aggressive,UNKNOWN,16499.397237,30106.798818,2293.201182,3166.873880,31147.777110,16133.541309,531.143348,28622.768107,-675.469145,6550.076935,-49.745116,3.313121,False,False,False,False,True,True,True,1-circle,1.000000,4302.339405,31109.512179,63.024446,8.567111,100.000000,100.000000,0.000000,0.000000,3,8,0,0.0000,0.0000,0.0000,0.5000,"Pursue",0.032018
2173,A0100,pursuit_chase_v1,UNKNOWN,16499.397237,30106.798818,2293.201182,3166.873880,31147.777110,16133.541309,531.143348,28622.768107,-675.469145,6550.076935,-49.745116,3.313121,False,False,False,False,True,True,True,1-circle,1.000000,4302.339405,31109.512179,63.024446,8.567111,100.000000,100.000000,0.000000,0.000000,2,4,4,0.0000,0.0000,0.0000,0.5000,"PursuitChaseOptimal",-0.037322
2173,B0100,aggressive,UNKNOWN,16499.397237,30106.798818,2293.201182,3166.873880,31147.777110,16133.541309,531.143348,28622.768107,-675.469145,6550.076935,-49.745116,3.313121,False,False,False,False,True,True,True,1-circle,1.000000,4302.339405,31109.512179,63.024446,8.567111,100.000000,100.000000,0.000000,0.000000,3,8,0,0.0000,0.0000,0.0000,0.5000,"Pursue",0.034833
2174,A0100,pursuit_chase_v1,UNKNOWN,16506.670793,30079.935914,2320.064086,3352.224210,30990.873144,16141.306122,530.269998,28589.495015,-665.461832,6482.150956,-48.322304,3.930357,False,False,False,False,True,True,True,1-circle,1.000000,4297.662110,31768.606784,66.748369,8.801906,100.000000,100.000000,0.000000,0.000000,2,4,4,0.0000,0.0000,0.0000,0.5000,"PursuitChaseOptimal",-0.015566
2174,B0100,aggressive,UNKNOWN,16506.670793,30079.935914,2320.064086,3352.224210,30990.873144,16141.306122,530.269998,28589.495015,-665.461832,6482.150956,-48.322304,3.930357,False,False,False,False,True,True,True,1-circle,1.000000,4297.662110,31768.606784,66.748369,8.801906,100.000000,100.000000,0.000000,0.000000,3,8,0,0.0000,0.0000,0.0000,0.5000,"Pursue",0.015264
2175,A0100,pursuit_chase_v1,UNKNOWN,16506.670793,30079.935914,2320.064086,3352.224210,30990.873144,16141.306122,530.269998,28589.495015,-665.461832,6482.150956,-48.322304,3.930357,False,False,False,False,True,True,True,1-circle,1.000000,4297.662110,31768.606784,66.748369,8.801906,100.000000,100.000000,0.000000,0.000000,2,4,4,0.0000,0.0000,0.0000,0.5000,"PursuitChaseOptimal",-0.004070
2175,B0100,aggressive,UNKNOWN,16506.670793,30079.935914,2320.064086,3352.224210,30990.873144,16141.306122,530.269998,28589.495015,-665.461832,6482.150956,-48.322304,3.930357,False,False,False,False,True,True,True,1-circle,1.000000,4297.662110,31768.606784,66.748369,8.801906,100.000000,100.000000,0.000000,0.000000,3,8,0,0.0000,0.0000,0.0000,0.5000,"Pursue",0.004967
2176,A0100,pursuit_chase_v1,UNKNOWN,16513.510436,30029.781120,2370.218880,3541.613151,30829.658661,16149.738148,529.394026,28556.833784,-653.224624,6404.102456,-46.602246,4.780600,False,False,False,False,True,True,True,1-circle,1.000000,4292.362299,-32364.652908,70.518567,8.953136,100.000000,100.000000,0.000000,0.000000,2,4,4,0.0000,0.0000,0.0000,0.5000,"PursuitChaseOptimal",0.002028
2176,B0100,aggressive,UNKNOWN,16513.510436,30029.781120,2370.218880,3541.613151,30829.658661,16149.738148,529.394026,28556.833784,-653.224624,6404.102456,-46.602246,4.780600,False,False,False,False,True,True,True,1-circle,1.000000,4292.362299,-32364.652908,70.518567,8.953136,100.000000,100.000000,0.000000,0.000000,3,8,0,0.0000,0.0000,0.0000,0.5000,"Pursue",-0.000437
2177,A0100,pursuit_chase_v1,UNKNOWN,16513.510436,30029.781120,2370.218880,3541.613151,30829.658661,16149.738148,529.394026,28556.833784,-653.224624,6404.102456,-46.602246,4.780600,False,False,False,False,True,True,True,1-circle,1.000000,4292.362299,-32364.652908,70.518567,8.953136,100.000000,100.000000,0.000000,0.000000,2,4,4,0.0000,0.0000,0.0000,0.5000,"PursuitChaseOptimal",-0.018616
2177,B0100,aggressive,UNKNOWN,16513.510436,30029.781120,2370.218880,3541.613151,30829.658661,16149.738148,529.394026,28556.833784,-653.224624,6404.102456,-46.602246,4.780600,False,False,False,False,True,True,True,1-circle,1.000000,4292.362299,-32364.652908,70.518567,8.953136,100.000000,100.000000,0.000000,0.000000,3,8,0,0.0000,0.0000,0.0000,0.5000,"Pursue",0.018374
2178,A0100,pursuit_chase_v1,UNKNOWN,16519.861655,29957.951433,2442.048567,3731.641203,30664.893950,16158.712069,528.519447,28524.847580,-639.724086,6329.249751,-44.600701,6.037856,False,False,False,False,True,True,True,1-circle,1.000000,4286.432106,-31690.851703,74.331739,9.018531,100.000000,100.000000,0.000000,0.000000,2,4,4,0.0000,0.0000,0.0000,0.5000,"PursuitChaseOptimal",-0.031399
2178,B0100,aggressive,UNKNOWN,16519.861655,29957.951433,2442.048567,3731.641203,30664.893950,16158.712069,528.519447,28524.847580,-639.724086,6329.249751,-44.600701,6.037856,False,False,False,False,True,True,True,1-circle,1.000000,4286.432106,-31690.851703,74.331739,9.018531,100.000000,100.000000,0.000000,0.000000,3,8,0,0.0000,0.0000,0.0000,0.5000,"Pursue",0.030073
2179,A0100,pursuit_chase_v1,UNKNOWN,16519.861655,29957.951433,2442.048567,3731.641203,30664.893950,16158.712069,528.519447,28524.847580,-639.724086,6329.249751,-44.600701,6.037856,False,False,False,False,True,True,True,1-circle,1.000000,4286.432106,-31690.851703,74.331739,9.018531,100.000000,100.000000,0.000000,0.000000,2,4,4,0.0000,0.0000,0.0000,0.5000,"PursuitChaseOptimal",-0.038934
2179,B0100,aggressive,UNKNOWN,16519.861655,29957.951433,2442.048567,3731.641203,30664.893950,16158.712069,528.519447,28524.847580,-639.724086,6329.249751,-44.600701,6.037856,False,False,False,False,True,True,True,1-circle,1.000000,4286.432106,-31690.851703,74.331739,9.018531,100.000000,100.000000,0.000000,0.000000,3,8,0,0.0000,0.0000,0.0000,0.5000,"Pursue",0.037032
2180,A0100,pursuit_chase_v1,UNKNOWN,16525.737625,29866.476269,2533.523731,3922.089987,30497.371283,16168.098520,527.649828,28493.573359,-625.484413,6261.762288,-42.200745,8.106707,False,False,False,False,True,True,True,1-circle,1.000000,4280.139410,-31010.482377,78.184011,8.995794,100.000000,100.000000,0.000000,0.000000,2,4,4,0.0000,0.0000,0.0000,0.5000,"PursuitChaseOptimal",-0.035452
2180,B0100,aggressive,UNKNOWN,16525.737625,29866.476269,2533.523731,3922.089987,30497.371283,16168.098520,527.649828,28493.573359,-625.484413,6261.762288,-42.200745,8.106707,False,False,False,False,True,True,True,1-circle,1.000000,4280.139410,-31010.482377,78.184011,8.995794,100.000000,100.000000,0.000000,0.000000,3,8,0,0.0000,0.0000,0.0000,0.5000,"Pursue",0.033986
2181,A0100,pursuit_chase_v1,UNKNOWN,16525.737625,29866.476269,2533.523731,3922.089987,30497.371283,16168.098520,527.649828,28493.573359,-625.484413,6261.762288,-42.200745,8.106707,False,False,False,False,True,True,True,1-circle,1.000000,4280.139410,-31010.482377,78.184011,8.995794,100.000000,100.000000,0.000000,0.000000,2,4,4,0.0000,0.0000,0.0000,0.5000,"PursuitChaseOptimal",-0.033052
2181,B0100,aggressive,UNKNOWN,16525.737625,29866.476269,2533.523731,3922.089987,30497.371283,16168.098520,527.649828,28493.573359,-625.484413,6261.762288,-42.200745,8.106707,False,False,False,False,True,True,True,1-circle,1.000000,4280.139410,-31010.482377,78.184011,8.995794,100.000000,100.000000,0.000000,0.000000,3,8,0,0.0000,0.0000,0.0000,0.5000,"Pursue",0.031908
2182,A0100,pursuit_chase_v1,UNKNOWN,16531.127008,29757.698589,2642.301411,4115.907547,30327.919771,16177.764759,526.788504,28463.032775,-610.811685,6190.746488,-39.487012,12.193759,False,False,False,False,True,True,True,1-circle,1.000000,4273.698570,-30324.154995,82.071063,8.882896,100.000000,100.000000,0.000000,0.000000,2,4,4,0.0000,0.0000,0.0000,0.5000,"PursuitChaseOptimal",-0.013313
2182,B0100,aggressive,UNKNOWN,16531.127008,29757.698589,2642.301411,4115.907547,30327.919771,16177.764759,526.788504,28463.032775,-610.811685,6190.746488,-39.487012,12.193759,False,False,False,False,True,True,True,1-circle,1.000000,4273.698570,-30324.154995,82.071063,8.882896,100.000000,100.000000,0.000000,0.000000,3,8,0,0.0000,0.0000,0.0000,0.5000,"Pursue",0.013985
2183,A0100,pursuit_chase_v1,UNKNOWN,16531.127008,29757.698589,2642.301411,4115.907547,30327.919771,16177.764759,526.788504,28463.032775,-610.811685,6190.746488,-39.487012,12.193759,False,False,False,False,True,True,True,1-circle,1.000000,4273.698570,-30324.154995,82.071063,8.882896,100.000000,100.000000,0.000000,0.000000,2,4,4,0.0000,0.0000,0.0000,0.5000,"PursuitChaseOptimal",-0.002935
2183,B0100,aggressive,UNKNOWN,16531.127008,29757.698589,2642.301411,4115.907547,30327.919771,16177.764759,526.788504,28463.032775,-610.811685,6190.746488,-39.487012,12.193759,False,False,False,False,True,True,True,1-circle,1.000000,4273.698570,-30324.154995,82.071063,8.882896,100.000000,100.000000,0.000000,0.000000,3,8,0,0.0000,0.0000,0.0000,0.5000,"Pursue",0.004590
2184,A0100,pursuit_chase_v1,UNKNOWN,16535.992762,29634.110256,2765.889744,4312.198258,30157.410061,16187.575312,525.938684,28433.237891,-595.897680,6109.670864,-36.540858,24.248719,False,False,False,False,True,True,True,1-circle,1.000000,4267.129285,-29632.682251,85.988253,8.678240,100.000000,100.000000,0.000000,0.000000,2,4,4,0.0000,0.0000,0.0000,0.5000,"PursuitChaseOptimal",0.011080
2184,B0100,aggressive,UNKNOWN,16535.992762,29634.110256,2765.889744,4312.198258,30157.410061,16187.575312,525.938684,28433.237891,-595.897680,6109.670864,-36.540858,24.248719,False,False,False,False,True,True,True,1-circle,1.000000,4267.129285,-29632.682251,85.988253,8.678240,100.000000,100.000000,0.000000,0.000000,3,8,0,0.0000,0.0000,0.0000,0.5000,"Pursue",-0.008119
2185,A0100,pursuit_chase_v1,UNKNOWN,16535.992762,29634.110256,2765.889744,4312.198258,30157.410061,16187.575312,525.938684,28433.237891,-595.897680,6109.670864,-36.540858,24.248719,False,False,False,False,True,True,True,1-circle,1.000000,4267.129285,-29632.682251,85.988253,8.678240,100.000000,100.000000,0.000000,0.000000,2,4,4,0.0000,0.0000,0.0000,0.5000,"PursuitChaseOptimal",0.015962
2185,B0100,aggressive,UNKNOWN,16535.992762,29634.110256,2765.889744,4312.198258,30157.410061,16187.575312,525.938684,28433.237891,-595.897680,6109.670864,-36.540858,24.248719,False,False,False,False,True,True,True,1-circle,1.000000,4267.129285,-29632.682251,85.988253,8.678240,100.000000,100.000000,0.000000,0.000000,3,8,0,0.0000,0.0000,0.0000,0.5000,"Pursue",-0.011922
2186,A0100,pursuit_chase_v1,UNKNOWN,16540.265453,29491.851918,2908.148082,4517.416299,29977.940643,16197.388274,524.988813,28398.858251,-687.592799,6014.078409,-33.136603,52.835535,False,False,False,False,True,True,True,1-circle,1.000000,4260.378425,-29256.848783,88.153585,8.462364,100.000000,100.000000,0.000000,0.000000,2,4,4,0.0000,0.0000,0.0000,0.5000,"PursuitChaseOptimal",-0.006704
2186,B0100,aggressive,UNKNOWN,16540.265453,29491.851918,2908.148082,4517.416299,29977.940643,16197.388274,524.988813,28398.858251,-687.592799,6014.078409,-33.136603,52.835535,False,False,False,False,True,True,True,1-circle,1.000000,4260.378425,-29256.848783,88.153585,8.462364,100.000000,100.000000,0.000000,0.000000,3,8,0,0.0000,0.0000,0.0000,0.5000,"Pursue",0.009436
2187,A0100,pursuit_chase_v1,UNKNOWN,16540.265453,29491.851918,2908.148082,4517.416299,29977.940643,16197.388274,524.988813,28398.858251,-687.592799,6014.078409,-33.136603,52.835535,False,False,False,False,True,True,True,1-circle,1.000000,4260.378425,-29256.848783,88.153585,8.462364,100.000000,100.000000,0.000000,0.000000,2,4,4,0.0000,0.0000,0.0000,0.5000,"PursuitChaseOptimal",-0.018006
2187,B0100,aggressive,UNKNOWN,16540.265453,29491.851918,2908.148082,4517.416299,29977.940643,16197.388274,524.988813,28398.858251,-687.592799,6014.078409,-33.136603,52.835535,False,False,False,False,True,True,True,1-circle,1.000000,4260.378425,-29256.848783,88.153585,8.462364,100.000000,100.000000,0.000000,0.000000,3,8,0,0.0000,0.0000,0.0000,0.5000,"Pursue",0.020306
2188,A0100,pursuit_chase_v1,UNKNOWN,16543.853079,29333.375391,3066.624609,4738.610986,29781.663839,16207.156228,523.815792,28354.161845,-893.928116,5914.628759,-29.064712,22.286299,False,False,False,False,True,True,True,1-circle,1.000000,4253.506732,-29726.880612,85.621086,8.239388,100.000000,100.000000,0.000000,0.000000,2,4,4,0.0000,0.0000,0.0000,0.5000,"PursuitChaseOptimal",-0.032633
2188,B0100,aggressive,UNKNOWN,16543.853079,29333.375391,3066.624609,4738.610986,29781.663839,16207.156228,523.815792,28354.161845,-893.928116,5914.628759,-29.064712,22.286299,False,False,False,False,True,True,True,1-circle,1.000000,4253.506732,-29726.880612,85.621086,8.239388,100.000000,100.000000,0.000000,0.000000,3,8,0,0.0000,0.0000,0.0000,0.5000,"Pursue",0.034119
2189,A0100,pursuit_chase_v1,UNKNOWN,16543.853079,29333.375391,3066.624609,4738.610986,29781.663839,16207.156228,523.815792,28354.161845,-893.928116,5914.628759,-29.064712,22.286299,False,False,False,False,True,True,True,1-circle,1.000000,4253.506732,-29726.880612,85.621086,8.239388,100.000000,100.000000,0.000000,0.000000,2,4,4,0.0000,0.0000,0.0000,0.5000,"PursuitChaseOptimal",-0.040305
2189,B0100,aggressive,UNKNOWN,16543.853079,29333.375391,3066.624609,4738.610986,29781.663839,16207.156228,523.815792,28354.161845,-893.928116,5914.628759,-29.064712,22.286299,False,False,False,False,True,True,True,1-circle,1.000000,4253.506732,-29726.880612,85.621086,8.239388,100.000000,100.000000,0.000000,0.000000,3,8,0,0.0000,0.0000,0.0000,0.5000,"Pursue",0.041727
2190,A0100,pursuit_chase_v1,UNKNOWN,16546.718759,29178.154249,3221.845751,4953.915822,29588.888687,16216.930560,522.650523,28309.952389,-884.189108,5823.771709,-24.822912,12.612013,False,False,False,False,True,True,True,1-circle,1.000000,4246.664238,-30342.753889,82.279100,8.073638,100.000000,100.000000,0.000000,0.000000,2,5,4,0.0000,0.0000,0.0000,0.5000,"PursuitChaseOptimal",-0.036274
2190,B0100,aggressive,UNKNOWN,16546.718759,29178.154249,3221.845751,4953.915822,29588.888687,16216.930560,522.650523,28309.952389,-884.189108,5823.771709,-24.822912,12.612013,False,False,False,False,True,True,True,1-circle,1.000000,4246.664238,-30342.753889,82.279100,8.073638,100.000000,100.000000,0.000000,0.000000,3,8,0,0.0000,0.0000,0.0000,0.5000,"Pursue",0.038585
2191,A0100,pursuit_chase_v1,UNKNOWN,16546.718759,29178.154249,3221.845751,4953.915822,29588.888687,16216.930560,522.650523,28309.952389,-884.189108,5823.771709,-24.822912,12.612013,False,False,False,False,True,True,True,1-circle,1.000000,4246.664238,-30342.753889,82.279100,8.073638,100.000000,100.000000,0.000000,0.000000,2,5,4,0.0000,0.0000,0.0000,0.5000,"PursuitChaseOptimal",-0.013797
2191,B0100,aggressive,UNKNOWN,16546.718759,29178.154249,3221.845751,4953.915822,29588.888687,16216.930560,522.650523,28309.952389,-884.189108,5823.771709,-24.822912,12.612013,False,False,False,False,True,True,True,1-circle,1.000000,4246.664238,-30342.753889,82.279100,8.073638,100.000000,100.000000,0.000000,0.000000,3,8,0,0.0000,0.0000,0.0000,0.5000,"Pursue",0.017793
2192,A0100,pursuit_chase_v1,UNKNOWN,16548.863738,29033.627822,3366.372178,5163.272899,29408.481277,16226.815150,521.603936,28271.453872,-769.970356,5736.707498,-20.922888,11.089252,False,False,False,False,True,True,True,1-circle,1.000000,4239.814292,-30547.950386,81.219434,7.914626,100.000000,100.000000,0.000000,0.000000,2,5,4,0.0000,0.0000,0.0000,0.5000,"PursuitChaseOptimal",0.013107
2192,B0100,aggressive,UNKNOWN,16548.863738,29033.627822,3366.372178,5163.272899,29408.481277,16226.815150,521.603936,28271.453872,-769.970356,5736.707498,-20.922888,11.089252,False,False,False,False,True,True,True,1-circle,1.000000,4239.814292,-30547.950386,81.219434,7.914626,100.000000,100.000000,0.000000,0.000000,3,8,0,0.0000,0.0000,0.0000,0.5000,"Pursue",-0.006986
2193,A0100,pursuit_chase_v1,UNKNOWN,16548.863738,29033.627822,3366.372178,5163.272899,29408.481277,16226.815150,521.603936,28271.453872,-769.970356,5736.707498,-20.922888,11.089252,False,False,False,False,True,True,True,1-circle,1.000000,4239.814292,-30547.950386,81.219434,7.914626,100.000000,100.000000,0.000000,0.000000,2,5,4,0.0000,0.0000,0.0000,0.5000,"PursuitChaseOptimal",0.038735
2193,B0100,aggressive,UNKNOWN,16548.863738,29033.627822,3366.372178,5163.272899,29408.481277,16226.815150,521.603936,28271.453872,-769.970356,5736.707498,-20.922888,11.089252,False,False,False,False,True,True,True,1-circle,1.000000,4239.814292,-30547.950386,81.219434,7.914626,100.000000,100.000000,0.000000,0.000000,3,8,0,0.0000,0.0000,0.0000,0.5000,"Pursue",-0.030291
2194,A0100,pursuit_chase_v1,UNKNOWN,16550.327128,28896.204695,3503.795305,5363.627961,29244.505699,16236.781562,520.771049,28242.985727,-569.362902,5654.207927,-17.701577,18.067228,False,False,False,False,True,True,True,1-circle,1.000000,4232.698448,-29958.354607,84.576999,7.813235,100.000000,100.000000,0.000000,0.000000,2,5,4,0.0000,0.0000,0.0000,0.5000,"PursuitChaseOptimal",0.061814
2194,B0100,aggressive,UNKNOWN,16550.327128,28896.204695,3503.795305,5363.627961,29244.505699,16236.781562,520.771049,28242.985727,-569.362902,5654.207927,-17.701577,18.067228,False,False,False,False,True,True,True,1-circle,1.000000,4232.698448,-29958.354607,84.576999,7.813235,100.000000,100.000000,0.000000,0.000000,3,8,0,0.0000,0.0000,0.0000,0.5000,"Pursue",-0.051088
2195,A0100,pursuit_chase_v1,UNKNOWN,16550.327128,28896.204695,3503.795305,5363.627961,29244.505699,16236.781562,520.771049,28242.985727,-569.362902,5654.207927,-17.701577,18.067228,False,False,False,False,True,True,True,1-circle,1.000000,4232.698448,-29958.354607,84.576999,7.813235,100.000000,100.000000,0.000000,0.000000,2,5,4,0.0000,0.0000,0.0000,0.5000,"PursuitChaseOptimal",0.073734
2195,B0100,aggressive,UNKNOWN,16550.327128,28896.204695,3503.795305,5363.627961,29244.505699,16236.781562,520.771049,28242.985727,-569.362902,5654.207927,-17.701577,18.067228,False,False,False,False,True,True,True,1-circle,1.000000,4232.698448,-29958.354607,84.576999,7.813235,100.000000,100.000000,0.000000,0.000000,3,8,0,0.0000,0.0000,0.0000,0.5000,"Pursue",-0.060985
2196,A0100,pursuit_chase_v1,UNKNOWN,16551.080041,28745.422232,3654.577768,5583.662931,29072.229399,16246.736773,519.847034,28210.373003,-652.254479,5552.936792,-14.387120,26.032937,False,False,False,False,True,True,True,1-circle,1.000000,4224.992046,-29677.050433,86.224823,7.722016,100.000000,100.000000,0.000000,0.000000,2,5,4,0.0000,0.0000,0.0000,0.5000,"PursuitChaseOptimal",0.057436
2196,B0100,aggressive,UNKNOWN,16551.080041,28745.422232,3654.577768,5583.662931,29072.229399,16246.736773,519.847034,28210.373003,-652.254479,5552.936792,-14.387120,26.032937,False,False,False,False,True,True,True,1-circle,1.000000,4224.992046,-29677.050433,86.224823,7.722016,100.000000,100.000000,0.000000,0.000000,3,8,0,0.0000,0.0000,0.0000,0.5000,"Pursue",-0.045146
2197,A0100,pursuit_chase_v1,UNKNOWN,16551.080041,28745.422232,3654.577768,5583.662931,29072.229399,16246.736773,519.847034,28210.373003,-652.254479,5552.936792,-14.387120,26.032937,False,False,False,False,True,True,True,1-circle,1.000000,4224.992046,-29677.050433,86.224823,7.722016,100.000000,100.000000,0.000000,0.000000,2,5,4,0.0000,0.0000,0.0000,0.5000,"PursuitChaseOptimal",0.035406
2197,B0100,aggressive,UNKNOWN,16551.080041,28745.422232,3654.577768,5583.662931,29072.229399,16246.736773,519.847034,28210.373003,-652.254479,5552.936792,-14.387120,26.032937,False,False,False,False,True,True,True,1-circle,1.000000,4224.992046,-29677.050433,86.224823,7.722016,100.000000,100.000000,0.000000,0.000000,3,8,0,0.0000,0.0000,0.0000,0.5000,"Pursue",-0.024483
2198,A0100,pursuit_chase_v1,UNKNOWN,16551.037918,28582.863970,3817.136030,5820.170993,28885.818330,16256.660832,518.725626,28168.737074,-832.718578,5453.086822,-10.644579,14.430322,False,False,False,False,True,True,True,1-circle,1.000000,4216.552306,-30237.672818,83.198888,7.621828,100.000000,100.000000,0.000000,0.000000,2,5,4,0.0000,0.0000,0.0000,0.5000,"PursuitChaseOptimal",0.008210
2198,B0100,aggressive,UNKNOWN,16551.037918,28582.863970,3817.136030,5820.170993,28885.818330,16256.660832,518.725626,28168.737074,-832.718578,5453.086822,-10.644579,14.430322,False,False,False,False,True,True,True,1-circle,1.000000,4216.552306,-30237.672818,83.198888,7.621828,100.000000,100.000000,0.000000,0.000000,3,8,0,0.0000,0.0000,0.0000,0.5000,"Pursue",0.000627
2199,A0100,pursuit_chase_v1,UNKNOWN,16551.037918,28582.863970,3817.136030,5820.170993,28885.818330,16256.660832,518.725626,28168.737074,-832.718578,5453.086822,-10.644579,14.430322,False,False,False,False,True,True,True,1-circle,1.000000,4216.552306,-30237.672818,83.198888,7.621828,100.000000,100.000000,0.000000,0.000000,2,5,4,0.0000,0.0000,0.0000,0.5000,"PursuitChaseOptimal",-0.014179
2199,B0100,aggressive,UNKNOWN,16551.037918,28582.863970,3817.136030,5820.170993,28885.818330,16256.660832,518.725626,28168.737074,-832.718578,5453.086822,-10.644579,14.430322,False,False,False,False,True,True,True,1-circle,1.000000,4216.552306,-30237.672818,83.198888,7.621828,100.000000,100.000000,0.000000,0.000000,3,8,0,0.0000,0.0000,0.0000,0.5000,"Pursue",0.021380
2200,A0100,pursuit_chase_v1,UNKNOWN,16550.170126,28429.731708,3970.268292,6024.696838,28706.686545,16266.630497,517.652475,28129.469830,-785.344870,5355.680659,-6.086727,9.554379,False,False,False,False,True,True,True,1-circle,1.000000,4207.658312,-30871.040556,79.771115,7.572590,100.000000,100.000000,0.000000,0.000000,2,5,4,0.0000,0.0000,0.0000,0.5000,"PursuitChaseOptimal",-0.023263
2200,B0100,aggressive,UNKNOWN,16550.170126,28429.731708,3970.268292,6024.696838,28706.686545,16266.630497,517.652475,28129.469830,-785.344870,5355.680659,-6.086727,9.554379,False,False,False,False,True,True,True,1-circle,1.000000,4207.658312,-30871.040556,79.771115,7.572590,100.000000,100.000000,0.000000,0.000000,3,8,0,0.0000,0.0000,0.0000,0.5000,"Pursue",0.029469
2201,A0100,pursuit_chase_v1,UNKNOWN,16550.170126,28429.731708,3970.268292,6024.696838,28706.686545,16266.630497,517.652475,28129.469830,-785.344870,5355.680659,-6.086727,9.554379,False,False,False,False,True,True,True,1-circle,1.000000,4207.658312,-30871.040556,79.771115,7.572590,100.000000,100.000000,0.000000,0.000000,2,5,4,0.0000,0.0000,0.0000,0.5000,"PursuitChaseOptimal",-0.038742
2201,B0100,aggressive,UNKNOWN,16550.170126,28429.731708,3970.268292,6024.696838,28706.686545,16266.630497,517.652475,28129.469830,-785.344870,5355.680659,-6.086727,9.554379,False,False,False,False,True,True,True,1-circle,1.000000,4207.658312,-30871.040556,79.771115,7.572590,100.000000,100.000000,0.000000,0.000000,3,8,0,0.0000,0.0000,0.0000,0.5000,"Pursue",0.043465
2202,A0100,pursuit_chase_v1,UNKNOWN,16548.435760,28289.757247,4110.242753,6155.270467,28545.738482,16276.715889,516.799330,28100.485047,-579.695661,5273.873320,-0.554040,11.445748,False,False,False,False,True,True,True,1-circle,1.000000,4198.829589,-30590.162765,81.422110,7.496460,100.000000,100.000000,0.000000,0.000000,2,5,4,0.0000,0.0000,0.0000,0.5000,"PursuitChaseOptimal",-0.037013
2202,B0100,aggressive,UNKNOWN,16548.435760,28289.757247,4110.242753,6155.270467,28545.738482,16276.715889,516.799330,28100.485047,-579.695661,5273.873320,-0.554040,11.445748,False,False,False,False,True,True,True,1-circle,1.000000,4198.829589,-30590.162765,81.422110,7.496460,100.000000,100.000000,0.000000,0.000000,3,8,0,0.0000,0.0000,0.0000,0.5000,"Pursue",0.042138
2203,A0100,pursuit_chase_v1,UNKNOWN,16548.435760,28289.757247,4110.242753,6155.270467,28545.738482,16276.715889,516.799330,28100.485047,-579.695661,5273.873320,-0.554040,11.445748,False,False,False,False,True,True,True,1-circle,1.000000,4198.829589,-30590.162765,81.422110,7.496460,100.000000,100.000000,0.000000,0.000000,2,5,4,0.0000,0.0000,0.0000,0.5000,"PursuitChaseOptimal",-0.033574
2203,B0100,aggressive,UNKNOWN,16548.435760,28289.757247,4110.242753,6155.270467,28545.738482,16276.715889,516.799330,28100.485047,-579.695661,5273.873320,-0.554040,11.445748,False,False,False,False,True,True,True,1-circle,1.000000,4198.829589,-30590.162765,81.422110,7.496460,100.000000,100.000000,0.000000,0.000000,3,8,0,0.0000,0.0000,0.0000,0.5000,"Pursue",0.039322
2204,A0100,pursuit_chase_v1,UNKNOWN,16545.850155,28148.273063,4251.726937,6239.820209,28388.208757,16286.847204,516.005788,28074.333600,-523.028950,5215.670878,5.593520,17.996357,False,False,False,False,True,True,True,1-circle,1.000000,4190.644772,-30049.502610,84.513026,7.464511,100.000000,100.000000,0.000000,0.000000,2,5,4,0.0000,0.0000,0.0000,0.5000,"PursuitChaseOptimal",-0.030755
2204,B0100,aggressive,UNKNOWN,16545.850155,28148.273063,4251.726937,6239.820209,28388.208757,16286.847204,516.005788,28074.333600,-523.028950,5215.670878,5.593520,17.996357,False,False,False,False,True,True,True,1-circle,1.000000,4190.644772,-30049.502610,84.513026,7.464511,100.000000,100.000000,0.000000,0.000000,3,8,0,0.0000,0.0000,0.0000,0.5000,"Pursue",0.037552
2205,A0100,pursuit_chase_v1,UNKNOWN,16545.850155,28148.273063,4251.726937,6239.820209,28388.208757,16286.847204,516.005788,28074.333600,-523.028950,5215.670878,5.593520,17.996357,False,False,False,False,True,True,True,1-circle,1.000000,4190.644772,-30049.502610,84.513026,7.464511,100.000000,100.000000,0.000000,0.000000,2,5,4,0.0000,0.0000,0.0000,0.5000,"PursuitChaseOptimal",-0.028113
2205,B0100,aggressive,UNKNOWN,16545.850155,28148.273063,4251.726937,6239.820209,28388.208757,16286.847204,516.005788,28074.333600,-523.028950,5215.670878,5.593520,17.996357,False,False,False,False,True,True,True,1-circle,1.000000,4190.644772,-30049.502610,84.513026,7.464511,100.000000,100.000000,0.000000,0.000000,3,8,0,0.0000,0.0000,0.0000,0.5000,"Pursue",0.035955
2206,A0100,pursuit_chase_v1,UNKNOWN,16542.369724,27990.546670,4409.453330,6334.229821,28213.873900,16296.961366,515.003655,28038.707343,-712.525137,5163.936423,12.146478,14.256547,False,False,False,False,True,True,True,1-circle,1.000000,4183.287201,-30323.333331,83.074733,7.469550,100.000000,100.000000,0.000000,0.000000,2,4,4,0.0000,0.0000,0.0000,0.5000,"PursuitChaseOptimal",-0.021629
2206,B0100,aggressive,UNKNOWN,16542.369724,27990.546670,4409.453330,6334.229821,28213.873900,16296.961366,515.003655,28038.707343,-712.525137,5163.936423,12.146478,14.256547,False,False,False,False,True,True,True,1-circle,1.000000,4183.287201,-30323.333331,83.074733,7.469550,100.000000,100.000000,0.000000,0.000000,3,8,0,0.0000,0.0000,0.0000,0.5000,"Pursue",0.030574
2207,A0100,pursuit_chase_v1,UNKNOWN,16542.369724,27990.546670,4409.453330,6334.229821,28213.873900,16296.961366,515.003655,28038.707343,-712.525137,5163.936423,12.146478,14.256547,False,False,False,False,True,True,True,1-circle,1.000000,4183.287201,-30323.333331,83.074733,7.469550,100.000000,100.000000,0.000000,0.000000,2,4,4,0.0000,0.0000,0.0000,0.5000,"PursuitChaseOptimal",-0.026879
2207,B0100,aggressive,UNKNOWN,16542.369724,27990.546670,4409.453330,6334.229821,28213.873900,16296.961366,515.003655,28038.707343,-712.525137,5163.936423,12.146478,14.256547,False,False,False,False,True,True,True,1-circle,1.000000,4183.287201,-30323.333331,83.074733,7.469550,100.000000,100.000000,0.000000,0.000000,3,8,0,0.0000,0.0000,0.0000,0.5000,"Pursue",0.035706
2208,A0100,pursuit_chase_v1,UNKNOWN,16537.918682,27833.984940,4566.015060,6428.373392,28038.339901,16307.118564,513.956302,28001.155203,-751.042797,5112.996040,18.695560,9.413293,False,False,False,False,True,True,True,1-circle,1.000000,4176.647024,-30970.436746,79.558859,7.447766,100.000000,100.000000,0.000000,0.000000,2,4,4,0.0000,0.0000,0.0000,0.5000,"PursuitChaseOptimal",-0.031305
2208,B0100,aggressive,UNKNOWN,16537.918682,27833.984940,4566.015060,6428.373392,28038.339901,16307.118564,513.956302,28001.155203,-751.042797,5112.996040,18.695560,9.413293,False,False,False,False,True,True,True,1-circle,1.000000,4176.647024,-30970.436746,79.558859,7.447766,100.000000,100.000000,0.000000,0.000000,3,8,0,0.0000,0.0000,0.0000,0.5000,"Pursue",0.039624
2209,A0100,pursuit_chase_v1,UNKNOWN,16537.918682,27833.984940,4566.015060,6428.373392,28038.339901,16307.118564,513.956302,28001.155203,-751.042797,5112.996040,18.695560,9.413293,False,False,False,False,True,True,True,1-circle,1.000000,4176.647024,-30970.436746,79.558859,7.447766,100.000000,100.000000,0.000000,0.000000,2,4,4,0.0000,0.0000,0.0000,0.5000,"PursuitChaseOptimal",-0.034461
2209,B0100,aggressive,UNKNOWN,16537.918682,27833.984940,4566.015060,6428.373392,28038.339901,16307.118564,513.956302,28001.155203,-751.042797,5112.996040,18.695560,9.413293,False,False,False,False,True,True,True,1-circle,1.000000,4176.647024,-30970.436746,79.558859,7.447766,100.000000,100.000000,0.000000,0.000000,3,8,0,0.0000,0.0000,0.0000,0.5000,"Pursue",0.042440
2210,A0100,pursuit_chase_v1,UNKNOWN,16532.542617,27692.652414,4707.347586,6520.232782,27881.674407,16317.379174,513.141471,27974.365516,-535.793746,5070.732303,24.511833,11.001811,False,False,False,False,True,True,True,1-circle,1.000000,4170.623676,-30719.587511,81.028168,7.401728,100.000000,100.000000,0.000000,0.000000,2,4,4,0.0000,0.0000,0.0000,0.5000,"PursuitChaseOptimal",-0.029032
2210,B0100,aggressive,UNKNOWN,16532.542617,27692.652414,4707.347586,6520.232782,27881.674407,16317.379174,513.141471,27974.365516,-535.793746,5070.732303,24.511833,11.001811,False,False,False,False,True,True,True,1-circle,1.000000,4170.623676,-30719.587511,81.028168,7.401728,100.000000,100.000000,0.000000,0.000000,3,8,0,0.0000,0.0000,0.0000,0.5000,"Pursue",0.037654
2211,A0100,pursuit_chase_v1,UNKNOWN,16532.542617,27692.652414,4707.347586,6520.232782,27881.674407,16317.379174,513.141471,27974.365516,-535.793746,5070.732303,24.511833,11.001811,False,False,False,False,True,True,True,1-circle,1.000000,4170.623676,-30719.587511,81.028168,7.401728,100.000000,100.000000,0.000000,0.000000,2,4,4,0.0000,0.0000,0.0000,0.5000,"PursuitChaseOptimal",-0.021441
2211,B0100,aggressive,UNKNOWN,16532.542617,27692.652414,4707.347586,6520.232782,27881.674407,16317.379174,513.141471,27974.365516,-535.793746,5070.732303,24.511833,11.001811,False,False,False,False,True,True,True,1-circle,1.000000,4170.623676,-30719.587511,81.028168,7.401728,100.000000,100.000000,0.000000,0.000000,3,8,0,0.0000,0.0000,0.0000,0.5000,"Pursue",0.030884
2212,A0100,pursuit_chase_v1,UNKNOWN,16526.358109,27553.416307,4846.583693,6654.294756,27730.556771,16327.683109,512.408539,27951.393331,-459.443689,5026.582042,29.469884,17.145270,False,False,False,False,True,True,True,1-circle,1.000000,4165.071529,-30160.327989,84.208305,7.388450,100.000000,100.000000,0.000000,0.000000,2,4,4,0.0000,0.0000,0.0000,0.5000,"PursuitChaseOptimal",-0.012533
2212,B0100,aggressive,UNKNOWN,16526.358109,27553.416307,4846.583693,6654.294756,27730.556771,16327.683109,512.408539,27951.393331,-459.443689,5026.582042,29.469884,17.145270,False,False,False,False,True,True,True,1-circle,1.000000,4165.071529,-30160.327989,84.208305,7.388450,100.000000,100.000000,0.000000,0.000000,3,8,0,0.0000,0.0000,0.0000,0.5000,"Pursue",0.022941
2213,A0100,pursuit_chase_v1,UNKNOWN,16526.358109,27553.416307,4846.583693,6654.294756,27730.556771,16327.683109,512.408539,27951.393331,-459.443689,5026.582042,29.469884,17.145270,False,False,False,False,True,True,True,1-circle,1.000000,4165.071529,-30160.327989,84.208305,7.388450,100.000000,100.000000,0.000000,0.000000,2,4,4,0.0000,0.0000,0.0000,0.5000,"PursuitChaseOptimal",-0.001251
2213,B0100,aggressive,UNKNOWN,16526.358109,27553.416307,4846.583693,6654.294756,27730.556771,16327.683109,512.408539,27951.393331,-459.443689,5026.582042,29.469884,17.145270,False,False,False,False,True,True,True,1-circle,1.000000,4165.071529,-30160.327989,84.208305,7.388450,100.000000,100.000000,0.000000,0.000000,3,8,0,0.0000,0.0000,0.0000,0.5000,"Pursue",0.013297
2214,A0100,pursuit_chase_v1,UNKNOWN,16519.382710,27401.451750,4998.548250,6839.145221,27569.521070,16337.941906,511.562737,27923.310700,-561.652615,4971.117440,34.205102,22.383667,False,False,False,False,True,True,True,1-circle,1.000000,4159.685436,-29931.592274,85.551285,7.359590,100.000000,100.000000,0.000000,0.000000,2,4,4,0.0000,0.0000,0.0000,0.5000,"PursuitChaseOptimal",0.010432
2214,B0100,aggressive,UNKNOWN,16519.382710,27401.451750,4998.548250,6839.145221,27569.521070,16337.941906,511.562737,27923.310700,-561.652615,4971.117440,34.205102,22.383667,False,False,False,False,True,True,True,1-circle,1.000000,4159.685436,-29931.592274,85.551285,7.359590,100.000000,100.000000,0.000000,0.000000,3,8,0,0.0000,0.0000,0.0000,0.5000,"Pursue",0.003304
2215,A0100,pursuit_chase_v1,UNKNOWN,16519.382710,27401.451750,4998.548250,6839.145221,27569.521070,16337.941906,511.562737,27923.310700,-561.652615,4971.117440,34.205102,22.383667,False,False,False,False,True,True,True,1-circle,1.000000,4159.685436,-29931.592274,85.551285,7.359590,100.000000,100.000000,0.000000,0.000000,2,4,4,0.0000,0.0000,0.0000,0.5000,"PursuitChaseOptimal",0.022245
2215,B0100,aggressive,UNKNOWN,16519.382710,27401.451750,4998.548250,6839.145221,27569.521070,16337.941906,511.562737,27923.310700,-561.652615,4971.117440,34.205102,22.383667,False,False,False,False,True,True,True,1-circle,1.000000,4159.685436,-29931.592274,85.551285,7.359590,100.000000,100.000000,0.000000,0.000000,3,8,0,0.0000,0.0000,0.0000,0.5000,"Pursue",-0.007026
2216,A0100,pursuit_chase_v1,UNKNOWN,16511.527020,27238.287043,5161.712957,7061.284978,27394.674216,16348.150021,510.525837,27886.601027,-734.193467,4903.059970,38.971243,12.923910,False,False,False,False,True,True,True,1-circle,1.000000,4154.115859,-30527.713956,82.312464,7.321826,100.000000,100.000000,0.000000,0.000000,2,4,4,0.0000,0.0000,0.0000,0.5000,"PursuitChaseOptimal",0.013754
2216,B0100,aggressive,UNKNOWN,16511.527020,27238.287043,5161.712957,7061.284978,27394.674216,16348.150021,510.525837,27886.601027,-734.193467,4903.059970,38.971243,12.923910,False,False,False,False,True,True,True,1-circle,1.000000,4154.115859,-30527.713956,82.312464,7.321826,100.000000,100.000000,0.000000,0.000000,3,8,0,0.0000,0.0000,0.0000,0.5000,"Pursue",0.001200
2217,A0100,pursuit_chase_v1,UNKNOWN,16511.527020,27238.287043,5161.712957,7061.284978,27394.674216,16348.150021,510.525837,27886.601027,-734.193467,4903.059970,38.971243,12.923910,False,False,False,False,True,True,True,1-circle,1.000000,4154.115859,-30527.713956,82.312464,7.321826,100.000000,100.000000,0.000000,0.000000,2,4,4,0.0000,0.0000,0.0000,0.5000,"PursuitChaseOptimal",0.004864
2217,B0100,aggressive,UNKNOWN,16511.527020,27238.287043,5161.712957,7061.284978,27394.674216,16348.150021,510.525837,27886.601027,-734.193467,4903.059970,38.971243,12.923910,False,False,False,False,True,True,True,1-circle,1.000000,4154.115859,-30527.713956,82.312464,7.321826,100.000000,100.000000,0.000000,0.000000,3,8,0,0.0000,0.0000,0.0000,0.5000,"Pursue",0.009756
2218,A0100,pursuit_chase_v1,UNKNOWN,16502.772869,27085.423310,5314.576690,7278.903024,27227.322377,16358.394435,509.539594,27852.308139,-685.857766,4848.548442,43.300130,8.728993,False,False,False,False,True,True,True,1-circle,1.000000,4148.117685,-31195.029074,78.679877,7.338092,100.000000,100.000000,0.000000,0.000000,2,4,4,0.0000,0.0000,0.0000,0.5000,"PursuitChaseOptimal",-0.005099
2218,B0100,aggressive,UNKNOWN,16502.772869,27085.423310,5314.576690,7278.903024,27227.322377,16358.394435,509.539594,27852.308139,-685.857766,4848.548442,43.300130,8.728993,False,False,False,False,True,True,True,1-circle,1.000000,4148.117685,-31195.029074,78.679877,7.338092,100.000000,100.000000,0.000000,0.000000,3,8,0,0.0000,0.0000,0.0000,0.5000,"Pursue",0.018756
2219,A0100,pursuit_chase_v1,UNKNOWN,16502.772869,27085.423310,5314.576690,7278.903024,27227.322377,16358.394435,509.539594,27852.308139,-685.857766,4848.548442,43.300130,8.728993,False,False,False,False,True,True,True,1-circle,1.000000,4148.117685,-31195.029074,78.679877,7.338092,100.000000,100.000000,0.000000,0.000000,2,4,4,0.0000,0.0000,0.0000,0.5000,"PursuitChaseOptimal",-0.023325
2219,B0100,aggressive,UNKNOWN,16502.772869,27085.423310,5314.576690,7278.903024,27227.322377,16358.394435,509.539594,27852.308139,-685.857766,4848.548442,43.300130,8.728993,False,False,False,False,True,True,True,1-circle,1.000000,4148.117685,-31195.029074,78.679877,7.338092,100.000000,100.000000,0.000000,0.000000,3,8,0,0.0000,0.0000,0.0000,0.5000,"Pursue",0.035458
2220,A0100,pursuit_chase_v1,UNKNOWN,16493.186388,26948.602996,5451.397004,7471.217345,27078.326816,16368.753960,508.769508,27827.951567,-487.131438,4797.585748,47.500990,9.895630,False,False,False,False,True,True,True,1-circle,1.000000,4141.751356,-30975.921651,79.973257,7.336408,100.000000,100.000000,0.000000,0.000000,2,4,4,0.0000,0.0000,0.0000,0.5000,"PursuitChaseOptimal",-0.028951
2220,B0100,aggressive,UNKNOWN,16493.186388,26948.602996,5451.397004,7471.217345,27078.326816,16368.753960,508.769508,27827.951567,-487.131438,4797.585748,47.500990,9.895630,False,False,False,False,True,True,True,1-circle,1.000000,4141.751356,-30975.921651,79.973257,7.336408,100.000000,100.000000,0.000000,0.000000,3,8,0,0.0000,0.0000,0.0000,0.5000,"Pursue",0.040842
2221,A0100,pursuit_chase_v1,UNKNOWN,16493.186388,26948.602996,5451.397004,7471.217345,27078.326816,16368.753960,508.769508,27827.951567,-487.131438,4797.585748,47.500990,9.895630,False,False,False,False,True,True,True,1-circle,1.000000,4141.751356,-30975.921651,79.973257,7.336408,100.000000,100.000000,0.000000,0.000000,2,4,4,0.0000,0.0000,0.0000,0.5000,"PursuitChaseOptimal",-0.040757
2221,B0100,aggressive,UNKNOWN,16493.186388,26948.602996,5451.397004,7471.217345,27078.326816,16368.753960,508.769508,27827.951567,-487.131438,4797.585748,47.500990,9.895630,False,False,False,False,True,True,True,1-circle,1.000000,4141.751356,-30975.921651,79.973257,7.336408,100.000000,100.000000,0.000000,0.000000,3,8,0,0.0000,0.0000,0.0000,0.5000,"Pursue",0.052103
2222,A0100,pursuit_chase_v1,UNKNOWN,16482.846987,26815.162285,5584.837715,7651.218618,26935.341885,16379.172936,508.079973,27807.330286,-412.425615,4751.731590,51.868786,14.346752,False,False,False,False,True,True,True,1-circle,1.000000,4135.290173,-30437.785976,83.039211,7.365222,100.000000,100.000000,0.000000,0.000000,2,4,4,0.0000,0.0000,0.0000,0.5000,"PursuitChaseOptimal",-0.049979
2222,B0100,aggressive,UNKNOWN,16482.846987,26815.162285,5584.837715,7651.218618,26935.341885,16379.172936,508.079973,27807.330286,-412.425615,4751.731590,51.868786,14.346752,False,False,False,False,True,True,True,1-circle,1.000000,4135.290173,-30437.785976,83.039211,7.365222,100.000000,100.000000,0.000000,0.000000,3,8,0,0.0000,0.0000,0.0000,0.5000,"Pursue",0.061098
2223,A0100,pursuit_chase_v1,UNKNOWN,16482.846987,26815.162285,5584.837715,7651.218618,26935.341885,16379.172936,508.079973,27807.330286,-412.425615,4751.731590,51.868786,14.346752,False,False,False,False,True,True,True,1-circle,1.000000,4135.290173,-30437.785976,83.039211,7.365222,100.000000,100.000000,0.000000,0.000000,2,4,4,0.0000,0.0000,0.0000,0.5000,"PursuitChaseOptimal",-0.052641
2223,B0100,aggressive,UNKNOWN,16482.846987,26815.162285,5584.837715,7651.218618,26935.341885,16379.172936,508.079973,27807.330286,-412.425615,4751.731590,51.868786,14.346752,False,False,False,False,True,True,True,1-circle,1.000000,4135.290173,-30437.785976,83.039211,7.365222,100.000000,100.000000,0.000000,0.000000,3,8,0,0.0000,0.0000,0.0000,0.5000,"Pursue",0.064521
2224,A0100,pursuit_chase_v1,UNKNOWN,16471.718916,26669.318437,5730.681563,7842.376050,26782.101735,16389.570324,507.271677,27781.394857,-518.708584,4694.937802,56.988570,17.539158,False,False,False,False,True,True,True,1-circle,1.000000,4128.976168,-30226.349901,84.289317,7.376863,100.000000,100.000000,0.000000,0.000000,2,5,4,0.0000,0.0000,0.0000,0.5000,"PursuitChaseOptimal",-0.045797
2224,B0100,aggressive,UNKNOWN,16471.718916,26669.318437,5730.681563,7842.376050,26782.101735,16389.570324,507.271677,27781.394857,-518.708584,4694.937802,56.988570,17.539158,False,False,False,False,True,True,True,1-circle,1.000000,4128.976168,-30226.349901,84.289317,7.376863,100.000000,100.000000,0.000000,0.000000,3,8,0,0.0000,0.0000,0.0000,0.5000,"Pursue",0.059072
2225,A0100,pursuit_chase_v1,UNKNOWN,16471.718916,26669.318437,5730.681563,7842.376050,26782.101735,16389.570324,507.271677,27781.394857,-518.708584,4694.937802,56.988570,17.539158,False,False,False,False,True,True,True,1-circle,1.000000,4128.976168,-30226.349901,84.289317,7.376863,100.000000,100.000000,0.000000,0.000000,2,5,4,0.0000,0.0000,0.0000,0.5000,"PursuitChaseOptimal",-0.017457
2225,B0100,aggressive,UNKNOWN,16471.718916,26669.318437,5730.681563,7842.376050,26782.101735,16389.570324,507.271677,27781.394857,-518.708584,4694.937802,56.988570,17.539158,False,False,False,False,True,True,True,1-circle,1.000000,4128.976168,-30226.349901,84.289317,7.376863,100.000000,100.000000,0.000000,0.000000,3,8,0,0.0000,0.0000,0.0000,0.5000,"Pursue",0.033148
2226,A0100,pursuit_chase_v1,UNKNOWN,16459.695318,26512.256413,5887.743587,8057.608188,26615.110893,16399.947468,506.273691,27746.992483,-688.047479,4628.003222,62.350313,11.092912,False,False,False,False,True,True,True,1-circle,1.000000,4122.778891,-30831.844137,81.000178,7.380597,100.000000,100.000000,0.000000,0.000000,2,5,4,0.0000,0.0000,0.0000,0.5000,"PursuitChaseOptimal",0.006875
2226,B0100,aggressive,UNKNOWN,16459.695318,26512.256413,5887.743587,8057.608188,26615.110893,16399.947468,506.273691,27746.992483,-688.047479,4628.003222,62.350313,11.092912,False,False,False,False,True,True,True,1-circle,1.000000,4122.778891,-30831.844137,81.000178,7.380597,100.000000,100.000000,0.000000,0.000000,3,8,0,0.0000,0.0000,0.0000,0.5000,"Pursue",0.010519
2227,A0100,pursuit_chase_v1,UNKNOWN,16459.695318,26512.256413,5887.743587,8057.608188,26615.110893,16399.947468,506.273691,27746.992483,-688.047479,4628.003222,62.350313,11.092912,False,False,False,False,True,True,True,1-circle,1.000000,4122.778891,-30831.844137,81.000178,7.380597,100.000000,100.000000,0.000000,0.000000,2,5,4,0.0000,0.0000,0.0000,0.5000,"PursuitChaseOptimal",0.029153
2227,B0100,aggressive,UNKNOWN,16459.695318,26512.256413,5887.743587,8057.608188,26615.110893,16399.947468,506.273691,27746.992483,-688.047479,4628.003222,62.350313,11.092912,False,False,False,False,True,True,True,1-circle,1.000000,4122.778891,-30831.844137,81.000178,7.380597,100.000000,100.000000,0.000000,0.000000,3,8,0,0.0000,0.0000,0.0000,0.5000,"Pursue",-0.010581
2228,A0100,pursuit_chase_v1,UNKNOWN,16446.711467,26369.674145,6030.325855,8268.153277,26461.332432,16410.395203,505.405714,27718.565865,-568.532350,4551.978568,66.914739,9.320399,False,False,False,False,True,True,True,1-circle,1.000000,4116.240615,-31149.757941,79.309741,7.365545,100.000000,100.000000,0.000000,0.000000,2,5,4,0.0000,0.0000,0.0000,0.5000,"PursuitChaseOptimal",0.047419
2228,B0100,aggressive,UNKNOWN,16446.711467,26369.674145,6030.325855,8268.153277,26461.332432,16410.395203,505.405714,27718.565865,-568.532350,4551.978568,66.914739,9.320399,False,False,False,False,True,True,True,1-circle,1.000000,4116.240615,-31149.757941,79.309741,7.365545,100.000000,100.000000,0.000000,0.000000,3,8,0,0.0000,0.0000,0.0000,0.5000,"Pursue",-0.027805
2229,A0100,pursuit_chase_v1,UNKNOWN,16446.711467,26369.674145,6030.325855,8268.153277,26461.332432,16410.395203,505.405714,27718.565865,-568.532350,4551.978568,66.914739,9.320399,False,False,False,False,True,True,True,1-circle,1.000000,4116.240615,-31149.757941,79.309741,7.365545,100.000000,100.000000,0.000000,0.000000,2,5,4,0.0000,0.0000,0.0000,0.5000,"PursuitChaseOptimal",0.058951
2229,B0100,aggressive,UNKNOWN,16446.711467,26369.674145,6030.325855,8268.153277,26461.332432,16410.395203,505.405714,27718.565865,-568.532350,4551.978568,66.914739,9.320399,False,False,False,False,True,True,True,1-circle,1.000000,4116.240615,-31149.757941,79.309741,7.365545,100.000000,100.000000,0.000000,0.000000,3,8,0,0.0000,0.0000,0.0000,0.5000,"Pursue",-0.038312
2230,A0100,pursuit_chase_v1,UNKNOWN,16432.842726,26240.001152,6159.998848,8475.877787,26323.339292,16420.909987,504.738447,27699.240868,-386.499948,4480.690773,70.443018,12.611211,False,False,False,False,True,True,True,1-circle,1.000000,4108.952946,-30670.794362,82.049045,7.399786,100.000000,100.000000,0.000000,0.000000,2,5,4,0.0000,0.0000,0.0000,0.5000,"PursuitChaseOptimal",0.051516
2230,B0100,aggressive,UNKNOWN,16432.842726,26240.001152,6159.998848,8475.877787,26323.339292,16420.909987,504.738447,27699.240868,-386.499948,4480.690773,70.443018,12.611211,False,False,False,False,True,True,True,1-circle,1.000000,4108.952946,-30670.794362,82.049045,7.399786,100.000000,100.000000,0.000000,0.000000,3,8,0,0.0000,0.0000,0.0000,0.5000,"Pursue",-0.030926
2231,A0100,pursuit_chase_v1,UNKNOWN,16432.842726,26240.001152,6159.998848,8475.877787,26323.339292,16420.909987,504.738447,27699.240868,-386.499948,4480.690773,70.443018,12.611211,False,False,False,False,True,True,True,1-circle,1.000000,4108.952946,-30670.794362,82.049045,7.399786,100.000000,100.000000,0.000000,0.000000,2,5,4,0.0000,0.0000,0.0000,0.5000,"PursuitChaseOptimal",0.036361
2231,B0100,aggressive,UNKNOWN,16432.842726,26240.001152,6159.998848,8475.877787,26323.339292,16420.909987,504.738447,27699.240868,-386.499948,4480.690773,70.443018,12.611211,False,False,False,False,True,True,True,1-circle,1.000000,4108.952946,-30670.794362,82.049045,7.399786,100.000000,100.000000,0.000000,0.000000,3,8,0,0.0000,0.0000,0.0000,0.5000,"Pursue",-0.016360
2232,A0100,pursuit_chase_v1,UNKNOWN,16418.149610,26104.623218,6295.376782,8698.424449,26182.102993,16431.426366,504.041675,27678.640178,-412.013803,4407.238796,73.988530,19.949046,False,False,False,False,True,True,True,1-circle,1.000000,4100.734061,-30163.628068,84.948458,7.383510,100.000000,100.000000,0.000000,0.000000,2,5,4,0.0000,0.0000,0.0000,0.5000,"PursuitChaseOptimal",0.019075
2232,B0100,aggressive,UNKNOWN,16418.149610,26104.623218,6295.376782,8698.424449,26182.102993,16431.426366,504.041675,27678.640178,-412.013803,4407.238796,73.988530,19.949046,False,False,False,False,True,True,True,1-circle,1.000000,4100.734061,-30163.628068,84.948458,7.383510,100.000000,100.000000,0.000000,0.000000,3,8,0,0.0000,0.0000,0.0000,0.5000,"Pursue",0.000611
2233,A0100,pursuit_chase_v1,UNKNOWN,16418.149610,26104.623218,6295.376782,8698.424449,26182.102993,16431.426366,504.041675,27678.640178,-412.013803,4407.238796,73.988530,19.949046,False,False,False,False,True,True,True,1-circle,1.000000,4100.734061,-30163.628068,84.948458,7.383510,100.000000,100.000000,0.000000,0.000000,2,5,4,0.0000,0.0000,0.0000,0.5000,"PursuitChaseOptimal",0.000413
2233,B0100,aggressive,UNKNOWN,16418.149610,26104.623218,6295.376782,8698.424449,26182.102993,16431.426366,504.041675,27678.640178,-412.013803,4407.238796,73.988530,19.949046,False,False,False,False,True,True,True,1-circle,1.000000,4100.734061,-30163.628068,84.948458,7.383510,100.000000,100.000000,0.000000,0.000000,3,8,0,0.0000,0.0000,0.0000,0.5000,"Pursue",0.018833
2234,A0100,pursuit_chase_v1,UNKNOWN,16402.575042,25954.048258,6445.951742,8927.561478,26024.686083,16441.880249,503.140133,27648.895915,-594.885267,4324.330864,78.708857,15.405505,False,False,False,False,True,True,True,1-circle,1.000000,4091.798717,-30446.705094,83.460159,7.407404,100.000000,100.000000,0.000000,0.000000,2,5,4,0.0000,0.0000,0.0000,0.5000,"PursuitChaseOptimal",-0.008895
2234,B0100,aggressive,UNKNOWN,16402.575042,25954.048258,6445.951742,8927.561478,26024.686083,16441.880249,503.140133,27648.895915,-594.885267,4324.330864,78.708857,15.405505,False,False,False,False,True,True,True,1-circle,1.000000,4091.798717,-30446.705094,83.460159,7.407404,100.000000,100.000000,0.000000,0.000000,2,4,4,0.0000,0.0000,0.0000,0.5000,"Accelerate",0.028227
2235,A0100,pursuit_chase_v1,UNKNOWN,16402.575042,25954.048258,6445.951742,8927.561478,26024.686083,16441.880249,503.140133,27648.895915,-594.885267,4324.330864,78.708857,15.405505,False,False,False,False,True,True,True,1-circle,1.000000,4091.798717,-30446.705094,83.460159,7.407404,100.000000,100.000000,0.000000,0.000000,2,5,4,0.0000,0.0000,0.0000,0.5000,"PursuitChaseOptimal",-0.023759
2235,B0100,aggressive,UNKNOWN,16402.575042,25954.048258,6445.951742,8927.561478,26024.686083,16441.880249,503.140133,27648.895915,-594.885267,4324.330864,78.708857,15.405505,False,False,False,False,True,True,True,1-circle,1.000000,4091.798717,-30446.705094,83.460159,7.407404,100.000000,100.000000,0.000000,0.000000,2,4,4,0.0000,0.0000,0.0000,0.5000,"Accelerate",0.042988
2236,A0100,pursuit_chase_v1,UNKNOWN,16385.937337,25794.329951,6605.670049,9118.420869,25855.116171,16452.330346,502.071823,27611.805163,-741.815033,4229.744662,85.452837,8.743652,False,False,False,False,True,True,True,1-circle,1.000000,4082.561108,-31343.950339,78.560341,7.452544,100.000000,100.000000,0.000000,0.000000,2,5,4,0.0000,0.0000,0.0000,0.5000,"PursuitChaseOptimal",-0.020375
2236,B0100,aggressive,UNKNOWN,16385.937337,25794.329951,6605.670049,9118.420869,25855.116171,16452.330346,502.071823,27611.805163,-741.815033,4229.744662,85.452837,8.743652,False,False,False,False,True,True,True,1-circle,1.000000,4082.561108,-31343.950339,78.560341,7.452544,100.000000,100.000000,0.000000,0.000000,2,4,4,0.0000,0.0000,0.0000,0.5000,"Accelerate",0.040829
2237,A0100,pursuit_chase_v1,UNKNOWN,16385.937337,25794.329951,6605.670049,9118.420869,25855.116171,16452.330346,502.071823,27611.805163,-741.815033,4229.744662,85.452837,8.743652,False,False,False,False,True,True,True,1-circle,1.000000,4082.561108,-31343.950339,78.560341,7.452544,100.000000,100.000000,0.000000,0.000000,2,5,4,0.0000,0.0000,0.0000,0.5000,"PursuitChaseOptimal",-0.014811
2237,B0100,aggressive,UNKNOWN,16385.937337,25794.329951,6605.670049,9118.420869,25855.116171,16452.330346,502.071823,27611.805163,-741.815033,4229.744662,85.452837,8.743652,False,False,False,False,True,True,True,1-circle,1.000000,4082.561108,-31343.950339,78.560341,7.452544,100.000000,100.000000,0.000000,0.000000,2,4,4,0.0000,0.0000,0.0000,0.5000,"Accelerate",0.036409
2238,A0100,pursuit_chase_v1,UNKNOWN,16368.016691,25636.444608,6763.555392,9258.330842,25680.802499,16462.960063,500.831812,27567.379880,-888.505660,4133.425818,93.613027,4.867133,False,False,False,False,True,True,True,1-circle,1.000000,4073.462266,31897.157904,69.982858,7.652162,100.000000,100.000000,0.000000,0.000000,2,5,4,0.0000,0.0000,0.0000,0.5000,"PursuitChaseOptimal",-0.012503
2238,B0100,aggressive,UNKNOWN,16368.016691,25636.444608,6763.555392,9258.330842,25680.802499,16462.960063,500.831812,27567.379880,-888.505660,4133.425818,93.613027,4.867133,False,False,False,False,True,True,True,1-circle,1.000000,4073.462266,31897.157904,69.982858,7.652162,100.000000,100.000000,0.000000,0.000000,2,4,4,0.0000,0.0000,0.0000,0.5000,"Accelerate",0.033735
2239,A0100,pursuit_chase_v1,UNKNOWN,16368.016691,25636.444608,6763.555392,9258.330842,25680.802499,16462.960063,500.831812,27567.379880,-888.505660,4133.425818,93.613027,4.867133,False,False,False,False,True,True,True,1-circle,1.000000,4073.462266,31897.157904,69.982858,7.652162,100.000000,100.000000,0.000000,0.000000,2,5,4,0.0000,0.0000,0.0000,0.5000,"PursuitChaseOptimal",-0.010110
2239,B0100,aggressive,UNKNOWN,16368.016691,25636.444608,6763.555392,9258.330842,25680.802499,16462.960063,500.831812,27567.379880,-888.505660,4133.425818,93.613027,4.867133,False,False,False,False,True,True,True,1-circle,1.000000,4073.462266,31897.157904,69.982858,7.652162,100.000000,100.000000,0.000000,0.000000,2,4,4,0.0000,0.0000,0.0000,0.5000,"Accelerate",0.030106
2240,A0100,pursuit_chase_v1,UNKNOWN,16348.825858,25526.832430,6873.167570,9330.620953,25551.762924,16474.024422,499.971826,27540.341840,-540.760792,4074.135279,99.963584,2.956386,False,False,False,False,True,True,True,1-circle,1.000000,4064.526783,29907.416503,59.009445,7.895936,100.000000,100.000000,0.000000,0.000000,2,5,4,0.0000,0.0000,0.0000,0.5000,"PursuitChaseOptimal",-0.007321
2240,B0100,aggressive,UNKNOWN,16348.825858,25526.832430,6873.167570,9330.620953,25551.762924,16474.024422,499.971826,27540.341840,-540.760792,4074.135279,99.963584,2.956386,False,False,False,False,True,True,True,1-circle,1.000000,4064.526783,29907.416503,59.009445,7.895936,100.000000,100.000000,0.000000,0.000000,2,4,4,0.0000,0.0000,0.0000,0.5000,"Accelerate",0.025944
2241,A0100,pursuit_chase_v1,UNKNOWN,16348.825858,25526.832430,6873.167570,9330.620953,25551.762924,16474.024422,499.971826,27540.341840,-540.760792,4074.135279,99.963584,2.956386,False,False,False,False,True,True,True,1-circle,1.000000,4064.526783,29907.416503,59.009445,7.895936,100.000000,100.000000,0.000000,0.000000,2,5,4,0.0000,0.0000,0.0000,0.5000,"PursuitChaseOptimal",-0.004385
2241,B0100,aggressive,UNKNOWN,16348.825858,25526.832430,6873.167570,9330.620953,25551.762924,16474.024422,499.971826,27540.341840,-540.760792,4074.135279,99.963584,2.956386,False,False,False,False,True,True,True,1-circle,1.000000,4064.526783,29907.416503,59.009445,7.895936,100.000000,100.000000,0.000000,0.000000,2,4,4,0.0000,0.0000,0.0000,0.5000,"Accelerate",0.021629
2242,A0100,pursuit_chase_v1,UNKNOWN,16328.825837,25480.747806,6919.252194,9325.331539,25490.353394,16485.626080,499.347674,27524.330915,-320.218514,4050.414123,103.531345,2.063763,False,False,False,False,True,True,False,1-circle,1.000000,4055.719479,28138.724170,49.261910,7.441555,100.000000,100.000000,0.000000,0.000000,2,5,4,0.0000,0.0000,0.0000,0.5000,"PursuitChaseOptimal",-0.001467
2242,B0100,aggressive,UNKNOWN,16328.825837,25480.747806,6919.252194,9325.331539,25490.353394,16485.626080,499.347674,27524.330915,-320.218514,4050.414123,103.531345,2.063763,False,False,False,False,True,True,False,1-circle,1.000000,4055.719479,28138.724170,49.261910,7.441555,100.000000,100.000000,0.000000,0.000000,2,4,4,0.0000,0.0000,0.0000,0.5000,"Accelerate",0.017491
2243,A0100,pursuit_chase_v1,UNKNOWN,16328.825837,25480.747806,6919.252194,9325.331539,25490.353394,16485.626080,499.347674,27524.330915,-320.218514,4050.414123,103.531345,2.063763,False,False,False,False,True,True,False,1-circle,1.000000,4055.719479,28138.724170,49.261910,7.441555,100.000000,100.000000,0.000000,0.000000,2,5,4,0.0000,0.0000,0.0000,0.5000,"PursuitChaseOptimal",0.001467
2243,B0100,aggressive,UNKNOWN,16328.825837,25480.747806,6919.252194,9325.331539,25490.353394,16485.626080,499.347674,27524.330915,-320.218514,4050.414123,103.531345,2.063763,False,False,False,False,True,True,False,1-circle,1.000000,4055.719479,28138.724170,49.261910,7.441555,100.000000,100.000000,0.000000,0.000000,2,4,4,0.0000,0.0000,0.0000,0.5000,"Accelerate",0.013697
2244,A0100,pursuit_chase_v1,UNKNOWN,16308.438083,25474.006870,6925.993130,9264.313887,25474.783707,16497.627193,499.025730,27522.102675,-44.564792,4048.439366,105.393365,1.666361,False,False,False,False,True,True,True,1-circle,1.000000,4047.183421,27022.915160,43.138831,7.205046,100.000000,100.000000,0.000000,0.000000,2,5,4,0.0000,0.0000,0.0000,0.5000,"PursuitChaseOptimal",0.004680
2244,B0100,aggressive,UNKNOWN,16308.438083,25474.006870,6925.993130,9264.313887,25474.783707,16497.627193,499.025730,27522.102675,-44.564792,4048.439366,105.393365,1.666361,False,False,False,False,True,True,True,1-circle,1.000000,4047.183421,27022.915160,43.138831,7.205046,100.000000,100.000000,0.000000,0.000000,2,4,4,0.0000,0.0000,0.0000,0.5000,"Accelerate",0.009744
2245,A0100,pursuit_chase_v1,UNKNOWN,16308.438083,25474.006870,6925.993130,9264.313887,25474.783707,16497.627193,499.025730,27522.102675,-44.564792,4048.439366,105.393365,1.666361,False,False,False,False,True,True,True,1-circle,1.000000,4047.183421,27022.915160,43.138831,7.205046,100.000000,100.000000,0.000000,0.000000,2,5,4,0.0000,0.0000,0.0000,0.5000,"PursuitChaseOptimal",0.008113
2245,B0100,aggressive,UNKNOWN,16308.438083,25474.006870,6925.993130,9264.313887,25474.783707,16497.627193,499.025730,27522.102675,-44.564792,4048.439366,105.393365,1.666361,False,False,False,False,True,True,True,1-circle,1.000000,4047.183421,27022.915160,43.138831,7.205046,100.000000,100.000000,0.000000,0.000000,2,4,4,0.0000,0.0000,0.0000,0.5000,"Accelerate",0.005366
2246,A0100,pursuit_chase_v1,UNKNOWN,16287.923298,25488.162923,6911.837077,9166.790384,25486.170089,16509.866214,498.866236,27527.295742,103.861331,4058.116900,106.352833,1.347804,False,False,False,False,True,True,True,1-circle,1.000000,4039.069960,25932.803779,37.155317,6.727546,100.000000,100.000000,0.000000,0.000000,2,4,4,0.0000,0.0000,0.0000,0.5000,"PursuitChaseOptimal",0.016353
2246,B0100,aggressive,UNKNOWN,16287.923298,25488.162923,6911.837077,9166.790384,25486.170089,16509.866214,498.866236,27527.295742,103.861331,4058.116900,106.352833,1.347804,False,False,False,False,True,True,True,1-circle,1.000000,4039.069960,25932.803779,37.155317,6.727546,100.000000,100.000000,0.000000,0.000000,2,4,4,0.0000,0.0000,0.0000,0.5000,"Accelerate",-0.003714
2247,A0100,pursuit_chase_v1,UNKNOWN,16287.923298,25488.162923,6911.837077,9166.790384,25486.170089,16509.866214,498.866236,27527.295742,103.861331,4058.116900,106.352833,1.347804,False,False,False,False,True,True,True,1-circle,1.000000,4039.069960,25932.803779,37.155317,6.727546,100.000000,100.000000,0.000000,0.000000,2,4,4,0.0000,0.0000,0.0000,0.5000,"PursuitChaseOptimal",0.011139
2247,B0100,aggressive,UNKNOWN,16287.923298,25488.162923,6911.837077,9166.790384,25486.170089,16509.866214,498.866236,27527.295742,103.861331,4058.116900,106.352833,1.347804,False,False,False,False,True,True,True,1-circle,1.000000,4039.069960,25932.803779,37.155317,6.727546,100.000000,100.000000,0.000000,0.000000,2,4,4,0.0000,0.0000,0.0000,0.5000,"Accelerate",-0.000093
2248,A0100,pursuit_chase_v1,UNKNOWN,16267.476882,25523.270212,6876.729788,9031.260778,25526.783456,16522.081571,498.699261,27532.137045,96.826073,4069.356026,106.520369,1.080892,False,False,False,False,True,True,True,1-circle,1.000000,4031.610319,24863.761736,31.284777,5.297666,100.000000,100.000000,0.000000,0.000000,2,4,4,0.0000,0.0000,0.0000,0.5000,"PursuitChaseOptimal",0.005488
2248,B0100,aggressive,UNKNOWN,16267.476882,25523.270212,6876.729788,9031.260778,25526.783456,16522.081571,498.699261,27532.137045,96.826073,4069.356026,106.520369,1.080892,False,False,False,False,True,True,True,1-circle,1.000000,4031.610319,24863.761736,31.284777,5.297666,100.000000,100.000000,0.000000,0.000000,2,4,4,0.0000,0.0000,0.0000,0.5000,"Accelerate",0.004080
2249,A0100,pursuit_chase_v1,UNKNOWN,16267.476882,25523.270212,6876.729788,9031.260778,25526.783456,16522.081571,498.699261,27532.137045,96.826073,4069.356026,106.520369,1.080892,False,False,False,False,True,True,True,1-circle,1.000000,4031.610319,24863.761736,31.284777,5.297666,100.000000,100.000000,0.000000,0.000000,2,4,4,0.0000,0.0000,0.0000,0.5000,"PursuitChaseOptimal",0.002293
2249,B0100,aggressive,UNKNOWN,16267.476882,25523.270212,6876.729788,9031.260778,25526.783456,16522.081571,498.699261,27532.137045,96.826073,4069.356026,106.520369,1.080892,False,False,False,False,True,True,True,1-circle,1.000000,4031.610319,24863.761736,31.284777,5.297666,100.000000,100.000000,0.000000,0.000000,2,4,4,0.0000,0.0000,0.0000,0.5000,"Accelerate",0.006132
2250,A0100,pursuit_chase_v1,UNKNOWN,16247.281905,25570.099524,6829.900476,8891.505143,25587.489467,16533.965809,498.447738,27532.918052,15.620136,4068.587657,106.150711,0.843166,False,False,False,False,True,True,True,1-circle,1.000000,4025.079784,23784.798550,25.354079,4.034327,100.000000,100.000000,0.000000,0.000000,2,4,4,0.0000,0.0000,0.0000,0.5000,"PursuitChaseOptimal",-0.008414
2250,B0100,aggressive,UNKNOWN,16247.281905,25570.099524,6829.900476,8891.505143,25587.489467,16533.965809,498.447738,27532.918052,15.620136,4068.587657,106.150711,0.843166,False,False,False,False,True,True,True,1-circle,1.000000,4025.079784,23784.798550,25.354079,4.034327,100.000000,100.000000,0.000000,0.000000,2,4,4,0.0000,0.0000,0.0000,0.5000,"Accelerate",0.015549
2251,A0100,pursuit_chase_v1,UNKNOWN,16247.281905,25570.099524,6829.900476,8891.505143,25587.489467,16533.965809,498.447738,27532.918052,15.620136,4068.587657,106.150711,0.843166,False,False,False,False,True,True,True,1-circle,1.000000,4025.079784,23784.798550,25.354079,4.034327,100.000000,100.000000,0.000000,0.000000,2,4,4,0.0000,0.0000,0.0000,0.5000,"PursuitChaseOptimal",-0.013042
2251,B0100,aggressive,UNKNOWN,16247.281905,25570.099524,6829.900476,8891.505143,25587.489467,16533.965809,498.447738,27532.918052,15.620136,4068.587657,106.150711,0.843166,False,False,False,False,True,True,True,1-circle,1.000000,4025.079784,23784.798550,25.354079,4.034327,100.000000,100.000000,0.000000,0.000000,2,4,4,0.0000,0.0000,0.0000,0.5000,"Accelerate",0.019430
2252,A0100,pursuit_chase_v1,UNKNOWN,16227.465851,25618.247377,6781.752623,8799.826049,25655.353142,16545.256136,498.070091,27527.548084,-107.399355,4053.117338,105.067879,0.632888,False,False,False,False,True,True,True,1-circle,1.000000,4019.573557,22733.013102,19.569296,3.075865,100.000000,100.000000,0.000000,0.000000,2,4,4,0.0000,0.0000,0.0000,0.5000,"PursuitChaseOptimal",-0.012867
2252,B0100,aggressive,UNKNOWN,16227.465851,25618.247377,6781.752623,8799.826049,25655.353142,16545.256136,498.070091,27527.548084,-107.399355,4053.117338,105.067879,0.632888,False,False,False,False,True,True,True,1-circle,1.000000,4019.573557,22733.013102,19.569296,3.075865,100.000000,100.000000,0.000000,0.000000,2,4,4,0.0000,0.0000,0.0000,0.5000,"Accelerate",0.018901
2253,A0100,pursuit_chase_v1,UNKNOWN,16227.465851,25618.247377,6781.752623,8799.826049,25655.353142,16545.256136,498.070091,27527.548084,-107.399355,4053.117338,105.067879,0.632888,False,False,False,False,True,True,True,1-circle,1.000000,4019.573557,22733.013102,19.569296,3.075865,100.000000,100.000000,0.000000,0.000000,2,4,4,0.0000,0.0000,0.0000,0.5000,"PursuitChaseOptimal",-0.009659
2253,B0100,aggressive,UNKNOWN,16227.465851,25618.247377,6781.752623,8799.826049,25655.353142,16545.256136,498.070091,27527.548084,-107.399355,4053.117338,105.067879,0.632888,False,False,False,False,True,True,True,1-circle,1.000000,4019.573557,22733.013102,19.569296,3.075865,100.000000,100.000000,0.000000,0.000000,2,4,4,0.0000,0.0000,0.0000,0.5000,"Accelerate",0.015598
2254,A0100,pursuit_chase_v1,UNKNOWN,16208.109664,25663.279455,6736.720545,8757.130684,25723.762185,16555.806176,497.617487,27518.147626,-188.009155,4026.623062,103.422932,0.444213,False,False,False,False,True,True,True,1-circle,1.000000,4014.941387,21720.745921,14.000033,2.247891,100.000000,100.000000,0.000000,0.000000,2,4,4,0.0000,0.0000,0.0000,0.5000,"PursuitChaseOptimal",-0.006869
2254,B0100,aggressive,UNKNOWN,16208.109664,25663.279455,6736.720545,8757.130684,25723.762185,16555.806176,497.617487,27518.147626,-188.009155,4026.623062,103.422932,0.444213,False,False,False,False,True,True,True,1-circle,1.000000,4014.941387,21720.745921,14.000033,2.247891,100.000000,100.000000,0.000000,0.000000,2,4,4,0.0000,0.0000,0.0000,0.5000,"Accelerate",0.012743
2255,A0100,pursuit_chase_v1,UNKNOWN,16208.109664,25663.279455,6736.720545,8757.130684,25723.762185,16555.806176,497.617487,27518.147626,-188.009155,4026.623062,103.422932,0.444213,False,False,False,False,True,True,True,1-circle,1.000000,4014.941387,21720.745921,14.000033,2.247891,100.000000,100.000000,0.000000,0.000000,2,4,4,0.0000,0.0000,0.0000,0.5000,"PursuitChaseOptimal",-0.007984
2255,B0100,aggressive,UNKNOWN,16208.109664,25663.279455,6736.720545,8757.130684,25723.762185,16555.806176,497.617487,27518.147626,-188.009155,4026.623062,103.422932,0.444213,False,False,False,False,True,True,True,1-circle,1.000000,4014.941387,21720.745921,14.000033,2.247891,100.000000,100.000000,0.000000,0.000000,2,4,4,0.0000,0.0000,0.0000,0.5000,"Accelerate",0.013606
2256,A0100,pursuit_chase_v1,UNKNOWN,16189.238629,25703.560447,6696.439553,8741.533238,25790.000202,16565.535729,497.122325,27506.071540,-241.521730,4002.647391,101.421613,0.271030,False,False,False,False,True,True,False,1-circle,1.000000,4010.987223,20747.211207,8.642985,1.496214,100.000000,100.000000,0.000000,0.000000,2,4,4,0.0000,0.0000,0.0000,0.5000,"PursuitChaseOptimal",-0.012260
2256,B0100,aggressive,UNKNOWN,16189.238629,25703.560447,6696.439553,8741.533238,25790.000202,16565.535729,497.122325,27506.071540,-241.521730,4002.647391,101.421613,0.271030,False,False,False,False,True,True,False,1-circle,1.000000,4010.987223,20747.211207,8.642985,1.496214,100.000000,100.000000,0.000000,0.000000,2,4,4,0.0000,0.0000,0.0000,0.5000,"Accelerate",0.017487
2257,A0100,pursuit_chase_v1,UNKNOWN,16189.238629,25703.560447,6696.439553,8741.533238,25790.000202,16565.535729,497.122325,27506.071540,-241.521730,4002.647391,101.421613,0.271030,False,False,False,False,True,True,False,1-circle,1.000000,4010.987223,20747.211207,8.642985,1.496214,100.000000,100.000000,0.000000,0.000000,2,4,4,0.0000,0.0000,0.0000,0.5000,"PursuitChaseOptimal",-0.018537
2257,B0100,aggressive,UNKNOWN,16189.238629,25703.560447,6696.439553,8741.533238,25790.000202,16565.535729,497.122325,27506.071540,-241.521730,4002.647391,101.421613,0.271030,False,False,False,False,True,True,False,1-circle,1.000000,4010.987223,20747.211207,8.642985,1.496214,100.000000,100.000000,0.000000,0.000000,2,4,4,0.0000,0.0000,0.0000,0.5000,"Accelerate",0.023302
2258,A0100,pursuit_chase_v1,UNKNOWN,16170.865856,25738.549899,6661.450101,8724.006801,25852.863937,16574.402822,496.604505,27492.158434,-278.262121,3978.855248,99.758165,0.108532,False,False,False,False,True,True,False,1-circle,1.000000,4007.704542,19809.164853,3.480241,0.792082,100.000000,100.000000,0.000000,0.000000,2,4,4,0.0000,0.0000,0.0000,0.5000,"PursuitChaseOptimal",-0.027384
2258,B0100,aggressive,UNKNOWN,16170.865856,25738.549899,6661.450101,8724.006801,25852.863937,16574.402822,496.604505,27492.158434,-278.262121,3978.855248,99.758165,0.108532,False,False,False,False,True,True,False,1-circle,1.000000,4007.704542,19809.164853,3.480241,0.792082,100.000000,100.000000,0.000000,0.000000,2,4,4,0.0000,0.0000,0.0000,0.5000,"Accelerate",0.031358
2259,A0100,pursuit_chase_v1,UNKNOWN,16170.865856,25738.549899,6661.450101,8724.006801,25852.863937,16574.402822,496.604505,27492.158434,-278.262121,3978.855248,99.758165,0.108532,False,False,False,False,True,True,False,1-circle,1.000000,4007.704542,19809.164853,3.480241,0.792082,100.000000,100.000000,0.000000,0.000000,2,4,4,0.0000,0.0000,0.0000,0.5000,"PursuitChaseOptimal",-0.035155
2259,B0100,aggressive,UNKNOWN,16170.865856,25738.549899,6661.450101,8724.006801,25852.863937,16574.402822,496.604505,27492.158434,-278.262121,3978.855248,99.758165,0.108532,False,False,False,False,True,True,False,1-circle,1.000000,4007.704542,19809.164853,3.480241,0.792082,100.000000,100.000000,0.000000,0.000000,2,4,4,0.0000,0.0000,0.0000,0.5000,"Accelerate",0.038937
2260,A0100,pursuit_chase_v1,UNKNOWN,16152.944357,25767.972764,6632.027236,8697.953589,25912.598960,16582.376595,496.317044,27487.496314,-93.242404,3962.974728,98.556811,0.033482,False,False,False,False,True,True,False,1-circle,1.000000,4005.283644,19368.017050,1.074376,0.310439,100.000000,100.000000,0.000000,0.000000,2,4,4,0.0000,0.0000,0.0000,0.5000,"PursuitChaseOptimal",-0.042240
2260,B0100,aggressive,UNKNOWN,16152.944357,25767.972764,6632.027236,8697.953589,25912.598960,16582.376595,496.317044,27487.496314,-93.242404,3962.974728,98.556811,0.033482,False,False,False,False,True,True,False,1-circle,1.000000,4005.283644,19368.017050,1.074376,0.310439,100.000000,100.000000,0.000000,0.000000,2,4,4,0.0000,0.0000,0.0000,0.5000,"Accelerate",0.045593
2261,A0100,pursuit_chase_v1,UNKNOWN,16152.944357,25767.972764,6632.027236,8697.953589,25912.598960,16582.376595,496.317044,27487.496314,-93.242404,3962.974728,98.556811,0.033482,False,False,False,False,True,True,False,1-circle,1.000000,4005.283644,19368.017050,1.074376,0.310439,100.000000,100.000000,0.000000,0.000000,2,4,4,0.0000,0.0000,0.0000,0.5000,"PursuitChaseOptimal",-0.029915
2261,B0100,aggressive,UNKNOWN,16152.944357,25767.972764,6632.027236,8697.953589,25912.598960,16582.376595,496.317044,27487.496314,-93.242404,3962.974728,98.556811,0.033482,False,False,False,False,True,True,False,1-circle,1.000000,4005.283644,19368.017050,1.074376,0.310439,100.000000,100.000000,0.000000,0.000000,2,4,4,0.0000,0.0000,0.0000,0.5000,"Accelerate",0.034179
2262,A0100,pursuit_chase_v1,UNKNOWN,16135.497561,25796.106714,6603.893286,8683.142207,25968.923466,16589.458386,496.289573,27493.370916,117.492041,3973.264931,96.884704,0.128645,False,False,False,False,True,True,False,1-circle,1.000000,4003.847552,19909.149890,4.121550,0.864461,100.000000,100.000000,0.000000,0.000000,2,5,4,0.0000,0.0000,0.0000,0.5000,"PursuitChaseOptimal",-0.020757
2262,B0100,aggressive,UNKNOWN,16135.497561,25796.106714,6603.893286,8683.142207,25968.923466,16589.458386,496.289573,27493.370916,117.492041,3973.264931,96.884704,0.128645,False,False,False,False,True,True,False,1-circle,1.000000,4003.847552,19909.149890,4.121550,0.864461,100.000000,100.000000,0.000000,0.000000,2,4,4,0.0000,0.0000,0.0000,0.5000,"Accelerate",0.025815
2263,A0100,pursuit_chase_v1,UNKNOWN,16135.497561,25796.106714,6603.893286,8683.142207,25968.923466,16589.458386,496.289573,27493.370916,117.492041,3973.264931,96.884704,0.128645,False,False,False,False,True,True,False,1-circle,1.000000,4003.847552,19909.149890,4.121550,0.864461,100.000000,100.000000,0.000000,0.000000,2,5,4,0.0000,0.0000,0.0000,0.5000,"PursuitChaseOptimal",0.003880
2263,B0100,aggressive,UNKNOWN,16135.497561,25796.106714,6603.893286,8683.142207,25968.923466,16589.458386,496.289573,27493.370916,117.492041,3973.264931,96.884704,0.128645,False,False,False,False,True,True,False,1-circle,1.000000,4003.847552,19909.149890,4.121550,0.864461,100.000000,100.000000,0.000000,0.000000,2,4,4,0.0000,0.0000,0.0000,0.5000,"Accelerate",0.002870
2264,A0100,pursuit_chase_v1,UNKNOWN,16118.535940,25839.659072,6560.340928,8684.513721,26026.396747,16595.973430,496.094944,27491.335342,-40.711467,3967.734749,94.304298,0.082561,False,False,False,False,True,True,False,1-circle,1.000000,4002.857872,19636.716701,2.647033,1.708057,100.000000,100.000000,0.000000,0.000000,2,5,4,0.0000,0.0000,0.0000,0.5000,"PursuitChaseOptimal",0.002349
2264,B0100,aggressive,UNKNOWN,16118.535940,25839.659072,6560.340928,8684.513721,26026.396747,16595.973430,496.094944,27491.335342,-40.711467,3967.734749,94.304298,0.082561,False,False,False,False,True,True,False,1-circle,1.000000,4002.857872,19636.716701,2.647033,1.708057,100.000000,100.000000,0.000000,0.000000,2,4,4,0.0000,0.0000,0.0000,0.5000,"Accelerate",0.004298
2265,A0100,pursuit_chase_v1,UNKNOWN,16118.535940,25839.659072,6560.340928,8684.513721,26026.396747,16595.973430,496.094944,27491.335342,-40.711467,3967.734749,94.304298,0.082561,False,False,False,False,True,True,False,1-circle,1.000000,4002.857872,19636.716701,2.647033,1.708057,100.000000,100.000000,0.000000,0.000000,2,5,4,0.0000,0.0000,0.0000,0.5000,"PursuitChaseOptimal",0.021242
2265,B0100,aggressive,UNKNOWN,16118.535940,25839.659072,6560.340928,8684.513721,26026.396747,16595.973430,496.094944,27491.335342,-40.711467,3967.734749,94.304298,0.082561,False,False,False,False,True,True,False,1-circle,1.000000,4002.857872,19636.716701,2.647033,1.708057,100.000000,100.000000,0.000000,0.000000,2,4,4,0.0000,0.0000,0.0000,0.5000,"Accelerate",-0.013892
2266,A0100,pursuit_chase_v1,UNKNOWN,16102.018041,25886.851747,6513.148253,8704.058667,26082.281091,16602.297527,495.923148,27490.114673,-24.413398,3963.262110,91.000533,0.000778,False,False,False,False,True,True,False,1-circle,1.000000,4001.587720,19157.544179,0.024958,2.150258,100.000000,100.000000,0.000000,0.000000,2,5,4,0.0000,0.0000,0.0000,0.5000,"PursuitChaseOptimal",0.031304
2266,B0100,aggressive,UNKNOWN,16102.018041,25886.851747,6513.148253,8704.058667,26082.281091,16602.297527,495.923148,27490.114673,-24.413398,3963.262110,91.000533,0.000778,False,False,False,False,True,True,False,1-circle,1.000000,4001.587720,19157.544179,0.024958,2.150258,100.000000,100.000000,0.000000,0.000000,2,4,4,0.0000,0.0000,0.0000,0.5000,"Accelerate",-0.023823
2267,A0100,pursuit_chase_v1,UNKNOWN,16102.018041,25886.851747,6513.148253,8704.058667,26082.281091,16602.297527,495.923148,27490.114673,-24.413398,3963.262110,91.000533,0.000778,False,False,False,False,True,True,False,1-circle,1.000000,4001.587720,19157.544179,0.024958,2.150258,100.000000,100.000000,0.000000,0.000000,2,5,4,0.0000,0.0000,0.0000,0.5000,"PursuitChaseOptimal",0.029832
2267,B0100,aggressive,UNKNOWN,16102.018041,25886.851747,6513.148253,8704.058667,26082.281091,16602.297527,495.923148,27490.114673,-24.413398,3963.262110,91.000533,0.000778,False,False,False,False,True,True,False,1-circle,1.000000,4001.587720,19157.544179,0.024958,2.150258,100.000000,100.000000,0.000000,0.000000,2,4,4,0.0000,0.0000,0.0000,0.5000,"Accelerate",-0.022365
2268,A0100,pursuit_chase_v1,UNKNOWN,16085.972737,25926.825126,6473.174874,8737.373594,26134.626884,16608.393229,496.032403,27501.008212,217.870784,3964.914230,87.397361,0.109466,False,False,False,False,True,True,False,1-circle,1.000000,3999.767654,19776.888786,3.507915,2.114954,100.000000,100.000000,0.000000,0.000000,2,5,4,0.0000,0.0000,0.0000,0.5000,"PursuitChaseOptimal",0.020263
2268,B0100,aggressive,UNKNOWN,16085.972737,25926.825126,6473.174874,8737.373594,26134.626884,16608.393229,496.032403,27501.008212,217.870784,3964.914230,87.397361,0.109466,False,False,False,False,True,True,False,1-circle,1.000000,3999.767654,19776.888786,3.507915,2.114954,100.000000,100.000000,0.000000,0.000000,2,4,4,0.0000,0.0000,0.0000,0.5000,"Accelerate",-0.013568
2269,A0100,pursuit_chase_v1,UNKNOWN,16085.972737,25926.825126,6473.174874,8737.373594,26134.626884,16608.393229,496.032403,27501.008212,217.870784,3964.914230,87.397361,0.109466,False,False,False,False,True,True,False,1-circle,1.000000,3999.767654,19776.888786,3.507915,2.114954,100.000000,100.000000,0.000000,0.000000,2,5,4,0.0000,0.0000,0.0000,0.5000,"PursuitChaseOptimal",0.003183
2269,B0100,aggressive,UNKNOWN,16085.972737,25926.825126,6473.174874,8737.373594,26134.626884,16608.393229,496.032403,27501.008212,217.870784,3964.914230,87.397361,0.109466,False,False,False,False,True,True,False,1-circle,1.000000,3999.767654,19776.888786,3.507915,2.114954,100.000000,100.000000,0.000000,0.000000,2,4,4,0.0000,0.0000,0.0000,0.5000,"Accelerate",0.002501
2270,A0100,pursuit_chase_v1,UNKNOWN,16070.372303,25969.928084,6430.071916,8768.981407,26190.815931,16614.212449,495.783528,27495.899823,-102.167768,3930.888874,84.267654,0.122115,False,False,False,False,True,True,False,1-circle,1.000000,3997.352576,19841.351595,3.910534,1.392616,100.000000,100.000000,0.000000,0.000000,2,5,4,0.0000,0.0000,0.0000,0.5000,"PursuitChaseOptimal",-0.009139
2270,B0100,aggressive,UNKNOWN,16070.372303,25969.928084,6430.071916,8768.981407,26190.815931,16614.212449,495.783528,27495.899823,-102.167768,3930.888874,84.267654,0.122115,False,False,False,False,True,True,False,1-circle,1.000000,3997.352576,19841.351595,3.910534,1.392616,100.000000,100.000000,0.000000,0.000000,2,4,4,0.0000,0.0000,0.0000,0.5000,"Accelerate",0.013956
2271,A0100,pursuit_chase_v1,UNKNOWN,16070.372303,25969.928084,6430.071916,8768.981407,26190.815931,16614.212449,495.783528,27495.899823,-102.167768,3930.888874,84.267654,0.122115,False,False,False,False,True,True,False,1-circle,1.000000,3997.352576,19841.351595,3.910534,1.392616,100.000000,100.000000,0.000000,0.000000,2,5,4,0.0000,0.0000,0.0000,0.5000,"PursuitChaseOptimal",-0.024485
2271,B0100,aggressive,UNKNOWN,16070.372303,25969.928084,6430.071916,8768.981407,26190.815931,16614.212449,495.783528,27495.899823,-102.167768,3930.888874,84.267654,0.122115,False,False,False,False,True,True,False,1-circle,1.000000,3997.352576,19841.351595,3.910534,1.392616,100.000000,100.000000,0.000000,0.000000,2,4,4,0.0000,0.0000,0.0000,0.5000,"Accelerate",0.027912
2272,A0100,pursuit_chase_v1,UNKNOWN,16055.167817,26009.135229,6390.864771,8757.975022,26249.088061,16619.684413,495.505907,27489.188507,-134.226320,3897.221497,82.470369,0.018810,False,False,False,False,True,True,False,1-circle,1.000000,3994.752080,19020.804144,-0.602999,-0.030523,100.000000,100.000000,0.000000,0.000000,2,5,4,0.0000,0.0000,0.0000,0.5000,"PursuitChaseOptimal",-0.022502
2272,B0100,aggressive,UNKNOWN,16055.167817,26009.135229,6390.864771,8757.975022,26249.088061,16619.684413,495.505907,27489.188507,-134.226320,3897.221497,82.470369,0.018810,False,False,False,False,True,True,False,1-circle,1.000000,3994.752080,19020.804144,-0.602999,-0.030523,100.000000,100.000000,0.000000,0.000000,2,4,4,0.0000,0.0000,0.0000,0.5000,"Accelerate",0.026067
2273,A0100,pursuit_chase_v1,UNKNOWN,16055.167817,26009.135229,6390.864771,8757.975022,26249.088061,16619.684413,495.505907,27489.188507,-134.226320,3897.221497,82.470369,0.018810,False,False,False,False,True,True,False,1-circle,1.000000,3994.752080,19020.804144,-0.602999,-0.030523,100.000000,100.000000,0.000000,0.000000,2,5,4,0.0000,0.0000,0.0000,0.5000,"PursuitChaseOptimal",-0.016230
2273,B0100,aggressive,UNKNOWN,16055.167817,26009.135229,6390.864771,8757.975022,26249.088061,16619.684413,495.505907,27489.188507,-134.226320,3897.221497,82.470369,0.018810,False,False,False,False,True,True,False,1-circle,1.000000,3994.752080,19020.804144,-0.602999,-0.030523,100.000000,100.000000,0.000000,0.000000,2,4,4,0.0000,0.0000,0.0000,0.5000,"Accelerate",0.019902
2274,A0100,pursuit_chase_v1,UNKNOWN,16040.264508,26035.764455,6364.235545,8695.035473,26301.370392,16624.594191,495.442167,27491.302063,42.271109,3874.267808,82.424637,0.000856,False,False,False,False,True,True,False,1-circle,1.000000,3992.801113,19126.718663,0.027456,-0.188352,100.000000,100.000000,0.000000,0.000000,2,5,4,0.0000,0.0000,0.0000,0.5000,"PursuitChaseOptimal",-0.012632
2274,B0100,aggressive,UNKNOWN,16040.264508,26035.764455,6364.235545,8695.035473,26301.370392,16624.594191,495.442167,27491.302063,42.271109,3874.267808,82.424637,0.000856,False,False,False,False,True,True,False,1-circle,1.000000,3992.801113,19126.718663,0.027456,-0.188352,100.000000,100.000000,0.000000,0.000000,2,4,4,0.0000,0.0000,0.0000,0.5000,"Accelerate",0.016528
2275,A0100,pursuit_chase_v1,UNKNOWN,16040.264508,26035.764455,6364.235545,8695.035473,26301.370392,16624.594191,495.442167,27491.302063,42.271109,3874.267808,82.424637,0.000856,False,False,False,False,True,True,False,1-circle,1.000000,3992.801113,19126.718663,0.027456,-0.188352,100.000000,100.000000,0.000000,0.000000,2,5,4,0.0000,0.0000,0.0000,0.5000,"PursuitChaseOptimal",-0.009259
2275,B0100,aggressive,UNKNOWN,16040.264508,26035.764455,6364.235545,8695.035473,26301.370392,16624.594191,495.442167,27491.302063,42.271109,3874.267808,82.424637,0.000856,False,False,False,False,True,True,False,1-circle,1.000000,3992.801113,19126.718663,0.027456,-0.188352,100.000000,100.000000,0.000000,0.000000,2,4,4,0.0000,0.0000,0.0000,0.5000,"Accelerate",0.013478
2276,A0100,pursuit_chase_v1,UNKNOWN,16025.590026,26069.945101,6330.054899,8595.781928,26355.860025,16628.922265,495.461424,27496.474896,103.456665,3870.133922,82.565667,0.031612,False,False,False,False,True,True,False,1-circle,1.000000,3991.852201,19297.453203,1.013373,0.465729,100.000000,100.000000,0.000000,0.000000,2,5,4,0.0000,0.0000,0.0000,0.5000,"PursuitChaseOptimal",-0.005443
2276,B0100,aggressive,UNKNOWN,16025.590026,26069.945101,6330.054899,8595.781928,26355.860025,16628.922265,495.461424,27496.474896,103.456665,3870.133922,82.565667,0.031612,False,False,False,False,True,True,False,1-circle,1.000000,3991.852201,19297.453203,1.013373,0.465729,100.000000,100.000000,0.000000,0.000000,2,4,4,0.0000,0.0000,0.0000,0.5000,"Accelerate",0.009857
2277,A0100,pursuit_chase_v1,UNKNOWN,16025.590026,26069.945101,6330.054899,8595.781928,26355.860025,16628.922265,495.461424,27496.474896,103.456665,3870.133922,82.565667,0.031612,False,False,False,False,True,True,False,1-circle,1.000000,3991.852201,19297.453203,1.013373,0.465729,100.000000,100.000000,0.000000,0.000000,2,5,4,0.0000,0.0000,0.0000,0.5000,"PursuitChaseOptimal",-0.002111
2277,B0100,aggressive,UNKNOWN,16025.590026,26069.945101,6330.054899,8595.781928,26355.860025,16628.922265,495.461424,27496.474896,103.456665,3870.133922,82.565667,0.031612,False,False,False,False,True,True,False,1-circle,1.000000,3991.852201,19297.453203,1.013373,0.465729,100.000000,100.000000,0.000000,0.000000,2,4,4,0.0000,0.0000,0.0000,0.5000,"Accelerate",0.006744
2278,A0100,pursuit_chase_v1,UNKNOWN,16011.135940,26108.860253,6291.139747,8475.429369,26409.618322,16632.936080,495.521220,27503.112005,132.742171,3886.874189,82.605693,0.000732,False,False,False,False,True,True,False,1-circle,1.000000,3991.798189,19104.883304,-0.023461,0.830478,100.000000,100.000000,0.000000,0.000000,2,5,4,0.0000,0.0000,0.0000,0.5000,"PursuitChaseOptimal",0.001228
2278,B0100,aggressive,UNKNOWN,16011.135940,26108.860253,6291.139747,8475.429369,26409.618322,16632.936080,495.521220,27503.112005,132.742171,3886.874189,82.605693,0.000732,False,False,False,False,True,True,False,1-circle,1.000000,3991.798189,19104.883304,-0.023461,0.830478,100.000000,100.000000,0.000000,0.000000,2,4,4,0.0000,0.0000,0.0000,0.5000,"Accelerate",0.003181
2279,A0100,pursuit_chase_v1,UNKNOWN,16011.135940,26108.860253,6291.139747,8475.429369,26409.618322,16632.936080,495.521220,27503.112005,132.742171,3886.874189,82.605693,0.000732,False,False,False,False,True,True,False,1-circle,1.000000,3991.798189,19104.883304,-0.023461,0.830478,100.000000,100.000000,0.000000,0.000000,2,5,4,0.0000,0.0000,0.0000,0.5000,"PursuitChaseOptimal",0.004618
2279,B0100,aggressive,UNKNOWN,16011.135940,26108.860253,6291.139747,8475.429369,26409.618322,16632.936080,495.521220,27503.112005,132.742171,3886.874189,82.605693,0.000732,False,False,False,False,True,True,False,1-circle,1.000000,3991.798189,19104.883304,-0.023461,0.830478,100.000000,100.000000,0.000000,0.000000,2,4,4,0.0000,0.0000,0.0000,0.5000,"Accelerate",0.000058
2280,A0100,pursuit_chase_v1,UNKNOWN,15996.910342,26142.287578,6257.712422,8345.693276,26460.014715,16636.612264,495.815272,27519.693156,331.623026,3927.311308,82.625453,0.077133,False,False,False,False,True,True,False,1-circle,1.000000,3992.713747,19549.193985,2.473234,0.819674,100.000000,100.000000,0.000000,0.000000,2,5,4,0.0000,0.0000,0.0000,0.5000,"PursuitChaseOptimal",0.008129
2280,B0100,aggressive,UNKNOWN,15996.910342,26142.287578,6257.712422,8345.693276,26460.014715,16636.612264,495.815272,27519.693156,331.623026,3927.311308,82.625453,0.077133,False,False,False,False,True,True,False,1-circle,1.000000,3992.713747,19549.193985,2.473234,0.819674,100.000000,100.000000,0.000000,0.000000,2,4,4,0.0000,0.0000,0.0000,0.5000,"Accelerate",-0.003268
2281,A0100,pursuit_chase_v1,UNKNOWN,15996.910342,26142.287578,6257.712422,8345.693276,26460.014715,16636.612264,495.815272,27519.693156,331.623026,3927.311308,82.625453,0.077133,False,False,False,False,True,True,False,1-circle,1.000000,3992.713747,19549.193985,2.473234,0.819674,100.000000,100.000000,0.000000,0.000000,2,5,4,0.0000,0.0000,0.0000,0.5000,"PursuitChaseOptimal",0.011768
2281,B0100,aggressive,UNKNOWN,15996.910342,26142.287578,6257.712422,8345.693276,26460.014715,16636.612264,495.815272,27519.693156,331.623026,3927.311308,82.625453,0.077133,False,False,False,False,True,True,False,1-circle,1.000000,3992.713747,19549.193985,2.473234,0.819674,100.000000,100.000000,0.000000,0.000000,2,4,4,0.0000,0.0000,0.0000,0.5000,"Accelerate",-0.006473
2282,A0100,pursuit_chase_v1,UNKNOWN,15982.910431,26186.577097,6213.422903,8204.570293,26512.252913,16640.072135,495.899371,27526.845281,143.042496,3961.141720,82.408054,0.015087,False,False,False,False,True,True,False,1-circle,1.000000,3994.466450,19186.822414,0.484146,0.915882,100.000000,100.000000,0.000000,0.000000,2,5,4,0.0000,0.0000,0.0000,0.5000,"PursuitChaseOptimal",0.015483
2282,B0100,aggressive,UNKNOWN,15982.910431,26186.577097,6213.422903,8204.570293,26512.252913,16640.072135,495.899371,27526.845281,143.042496,3961.141720,82.408054,0.015087,False,False,False,False,True,True,False,1-circle,1.000000,3994.466450,19186.822414,0.484146,0.915882,100.000000,100.000000,0.000000,0.000000,2,4,4,0.0000,0.0000,0.0000,0.5000,"Accelerate",-0.010420
2283,A0100,pursuit_chase_v1,UNKNOWN,15982.910431,26186.577097,6213.422903,8204.570293,26512.252913,16640.072135,495.899371,27526.845281,143.042496,3961.141720,82.408054,0.015087,False,False,False,False,True,True,False,1-circle,1.000000,3994.466450,19186.822414,0.484146,0.915882,100.000000,100.000000,0.000000,0.000000,2,5,4,0.0000,0.0000,0.0000,0.5000,"PursuitChaseOptimal",0.019047
2283,B0100,aggressive,UNKNOWN,15982.910431,26186.577097,6213.422903,8204.570293,26512.252913,16640.072135,495.899371,27526.845281,143.042496,3961.141720,82.408054,0.015087,False,False,False,False,True,True,False,1-circle,1.000000,3994.466450,19186.822414,0.484146,0.915882,100.000000,100.000000,0.000000,0.000000,2,4,4,0.0000,0.0000,0.0000,0.5000,"Accelerate",-0.013906
2284,A0100,pursuit_chase_v1,UNKNOWN,15969.118519,26226.170783,6173.829217,8059.250257,26562.276989,16643.456879,496.078568,27538.099492,225.084229,4004.522701,82.175840,0.031099,False,False,False,False,True,True,True,1-circle,1.000000,3996.871296,18916.288068,-0.998272,1.069142,100.000000,100.000000,0.000000,0.000000,2,4,4,0.0000,0.0000,0.0000,0.5000,"PursuitChaseOptimal",0.027483
2284,B0100,aggressive,UNKNOWN,15969.118519,26226.170783,6173.829217,8059.250257,26562.276989,16643.456879,496.078568,27538.099492,225.084229,4004.522701,82.175840,0.031099,False,False,False,False,True,True,True,1-circle,1.000000,3996.871296,18916.288068,-0.998272,1.069142,100.000000,100.000000,0.000000,0.000000,2,4,4,0.0000,0.0000,0.0000,0.5000,"Accelerate",-0.022339
2285,A0100,pursuit_chase_v1,UNKNOWN,15969.118519,26226.170783,6173.829217,8059.250257,26562.276989,16643.456879,496.078568,27538.099492,225.084229,4004.522701,82.175840,0.031099,False,False,False,False,True,True,True,1-circle,1.000000,3996.871296,18916.288068,-0.998272,1.069142,100.000000,100.000000,0.000000,0.000000,2,4,4,0.0000,0.0000,0.0000,0.5000,"PursuitChaseOptimal",0.023333
2285,B0100,aggressive,UNKNOWN,15969.118519,26226.170783,6173.829217,8059.250257,26562.276989,16643.456879,496.078568,27538.099492,225.084229,4004.522701,82.175840,0.031099,False,False,False,False,True,True,True,1-circle,1.000000,3996.871296,18916.288068,-0.998272,1.069142,100.000000,100.000000,0.000000,0.000000,2,4,4,0.0000,0.0000,0.0000,0.5000,"Accelerate",-0.018220
2286,A0100,pursuit_chase_v1,UNKNOWN,15955.551168,26259.076933,6140.923067,7910.952547,26609.426615,16646.625251,496.461309,27558.085506,399.720268,4060.103150,81.938947,0.042001,False,False,False,False,True,True,True,1-circle,1.000000,4000.003610,19335.799765,1.349122,0.918287,100.000000,100.000000,0.000000,0.000000,2,4,4,0.0000,0.0000,0.0000,0.5000,"PursuitChaseOptimal",0.022839
2286,B0100,aggressive,UNKNOWN,15955.551168,26259.076933,6140.923067,7910.952547,26609.426615,16646.625251,496.461309,27558.085506,399.720268,4060.103150,81.938947,0.042001,False,False,False,False,True,True,True,1-circle,1.000000,4000.003610,19335.799765,1.349122,0.918287,100.000000,100.000000,0.000000,0.000000,2,4,4,0.0000,0.0000,0.0000,0.5000,"Accelerate",-0.017786
2287,A0100,pursuit_chase_v1,UNKNOWN,15955.551168,26259.076933,6140.923067,7910.952547,26609.426615,16646.625251,496.461309,27558.085506,399.720268,4060.103150,81.938947,0.042001,False,False,False,False,True,True,True,1-circle,1.000000,4000.003610,19335.799765,1.349122,0.918287,100.000000,100.000000,0.000000,0.000000,2,4,4,0.0000,0.0000,0.0000,0.5000,"PursuitChaseOptimal",0.009444
2287,B0100,aggressive,UNKNOWN,15955.551168,26259.076933,6140.923067,7910.952547,26609.426615,16646.625251,496.461309,27558.085506,399.720268,4060.103150,81.938947,0.042001,False,False,False,False,True,True,True,1-circle,1.000000,4000.003610,19335.799765,1.349122,0.918287,100.000000,100.000000,0.000000,0.000000,2,4,4,0.0000,0.0000,0.0000,0.5000,"Accelerate",-0.005194
2288,A0100,pursuit_chase_v1,UNKNOWN,15942.197851,26300.491931,6099.508069,7772.670954,26660.756791,16649.630911,496.668873,27570.216944,242.628765,4097.098809,81.436451,0.014950,False,False,False,False,True,True,True,1-circle,1.000000,4003.757988,19004.050022,-0.480499,0.771150,100.000000,100.000000,0.000000,0.000000,2,4,4,0.0000,0.0000,0.0000,0.5000,"PursuitChaseOptimal",-0.001855
2288,B0100,aggressive,UNKNOWN,15942.197851,26300.491931,6099.508069,7772.670954,26660.756791,16649.630911,496.668873,27570.216944,242.628765,4097.098809,81.436451,0.014950,False,False,False,False,True,True,True,1-circle,1.000000,4003.757988,19004.050022,-0.480499,0.771150,100.000000,100.000000,0.000000,0.000000,2,4,4,0.0000,0.0000,0.0000,0.5000,"Accelerate",0.005589
2289,A0100,pursuit_chase_v1,UNKNOWN,15942.197851,26300.491931,6099.508069,7772.670954,26660.756791,16649.630911,496.668873,27570.216944,242.628765,4097.098809,81.436451,0.014950,False,False,False,False,True,True,True,1-circle,1.000000,4003.757988,19004.050022,-0.480499,0.771150,100.000000,100.000000,0.000000,0.000000,2,4,4,0.0000,0.0000,0.0000,0.5000,"PursuitChaseOptimal",-0.008603
2289,B0100,aggressive,UNKNOWN,15942.197851,26300.491931,6099.508069,7772.670954,26660.756791,16649.630911,496.668873,27570.216944,242.628765,4097.098809,81.436451,0.014950,False,False,False,False,True,True,True,1-circle,1.000000,4003.757988,19004.050022,-0.480499,0.771150,100.000000,100.000000,0.000000,0.000000,2,4,4,0.0000,0.0000,0.0000,0.5000,"Accelerate",0.011662
2290,A0100,pursuit_chase_v1,UNKNOWN,15929.100007,26329.457161,6070.542839,7696.439880,26705.723816,16652.454726,497.051719,27589.883028,393.321692,4136.970736,80.488361,0.025975,False,False,False,False,True,True,True,1-circle,1.000000,4008.043083,19238.987812,0.835415,0.639094,100.000000,100.000000,0.000000,0.000000,2,4,4,0.0000,0.0000,0.0000,0.5000,"PursuitChaseOptimal",-0.011926
2290,B0100,aggressive,UNKNOWN,15929.100007,26329.457161,6070.542839,7696.439880,26705.723816,16652.454726,497.051719,27589.883028,393.321692,4136.970736,80.488361,0.025975,False,False,False,False,True,True,True,1-circle,1.000000,4008.043083,19238.987812,0.835415,0.639094,100.000000,100.000000,0.000000,0.000000,2,4,4,0.0000,0.0000,0.0000,0.5000,"Accelerate",0.014991
2291,A0100,pursuit_chase_v1,UNKNOWN,15929.100007,26329.457161,6070.542839,7696.439880,26705.723816,16652.454726,497.051719,27589.883028,393.321692,4136.970736,80.488361,0.025975,False,False,False,False,True,True,True,1-circle,1.000000,4008.043083,19238.987812,0.835415,0.639094,100.000000,100.000000,0.000000,0.000000,2,4,4,0.0000,0.0000,0.0000,0.5000,"PursuitChaseOptimal",-0.011920
2291,B0100,aggressive,UNKNOWN,15929.100007,26329.457161,6070.542839,7696.439880,26705.723816,16652.454726,497.051719,27589.883028,393.321692,4136.970736,80.488361,0.025975,False,False,False,False,True,True,True,1-circle,1.000000,4008.043083,19238.987812,0.835415,0.639094,100.000000,100.000000,0.000000,0.000000,2,4,4,0.0000,0.0000,0.0000,0.5000,"Accelerate",0.015002
2292,A0100,pursuit_chase_v1,UNKNOWN,15916.327803,26363.541412,6036.458588,7667.130016,26752.016537,16655.028618,497.315685,27604.076910,283.877631,4164.005497,78.772503,0.044842,False,False,False,False,True,True,True,1-circle,1.000000,4012.685202,19346.684680,1.442772,0.525093,100.000000,100.000000,0.000000,0.000000,2,4,4,0.0000,0.0000,0.0000,0.5000,"PursuitChaseOptimal",-0.010142
2292,B0100,aggressive,UNKNOWN,15916.327803,26363.541412,6036.458588,7667.130016,26752.016537,16655.028618,497.315685,27604.076910,283.877631,4164.005497,78.772503,0.044842,False,False,False,False,True,True,True,1-circle,1.000000,4012.685202,19346.684680,1.442772,0.525093,100.000000,100.000000,0.000000,0.000000,2,4,4,0.0000,0.0000,0.0000,0.5000,"Accelerate",0.013220
2293,A0100,pursuit_chase_v1,UNKNOWN,15916.327803,26363.541412,6036.458588,7667.130016,26752.016537,16655.028618,497.315685,27604.076910,283.877631,4164.005497,78.772503,0.044842,False,False,False,False,True,True,True,1-circle,1.000000,4012.685202,19346.684680,1.442772,0.525093,100.000000,100.000000,0.000000,0.000000,2,4,4,0.0000,0.0000,0.0000,0.5000,"PursuitChaseOptimal",-0.008711
2293,B0100,aggressive,UNKNOWN,15916.327803,26363.541412,6036.458588,7667.130016,26752.016537,16655.028618,497.315685,27604.076910,283.877631,4164.005497,78.772503,0.044842,False,False,False,False,True,True,True,1-circle,1.000000,4012.685202,19346.684680,1.442772,0.525093,100.000000,100.000000,0.000000,0.000000,2,4,4,0.0000,0.0000,0.0000,0.5000,"Accelerate",0.011012
2294,A0100,pursuit_chase_v1,UNKNOWN,15903.906365,26400.534523,5999.465477,7668.130258,26799.159432,16657.510016,497.549594,27616.860365,255.669103,4186.572773,76.438265,0.004698,False,False,False,False,True,True,True,1-circle,1.000000,4017.287349,19112.574259,0.151265,0.749831,100.000000,100.000000,0.000000,0.000000,2,4,4,0.0000,0.0000,0.0000,0.5000,"PursuitChaseOptimal",-0.009843
2294,B0100,aggressive,UNKNOWN,15903.906365,26400.534523,5999.465477,7668.130258,26799.159432,16657.510016,497.549594,27616.860365,255.669103,4186.572773,76.438265,0.004698,False,False,False,False,True,True,True,1-circle,1.000000,4017.287349,19112.574259,0.151265,0.749831,100.000000,100.000000,0.000000,0.000000,2,4,4,0.0000,0.0000,0.0000,0.5000,"Accelerate",0.007220
2295,A0100,pursuit_chase_v1,UNKNOWN,15903.906365,26400.534523,5999.465477,7668.130258,26799.159432,16657.510016,497.549594,27616.860365,255.669103,4186.572773,76.438265,0.004698,False,False,False,False,True,True,True,1-circle,1.000000,4017.287349,19112.574259,0.151265,0.749831,100.000000,100.000000,0.000000,0.000000,2,4,4,0.0000,0.0000,0.0000,0.5000,"PursuitChaseOptimal",-0.007845
2295,B0100,aggressive,UNKNOWN,15903.906365,26400.534523,5999.465477,7668.130258,26799.159432,16657.510016,497.549594,27616.860365,255.669103,4186.572773,76.438265,0.004698,False,False,False,False,True,True,True,1-circle,1.000000,4017.287349,19112.574259,0.151265,0.749831,100.000000,100.000000,0.000000,0.000000,2,4,4,0.0000,0.0000,0.0000,0.5000,"Accelerate",0.005244
2296,A0100,pursuit_chase_v1,UNKNOWN,15891.884238,26435.726490,5964.273510,7686.918836,26844.831164,16659.836984,497.844315,27632.174628,306.285264,4221.041534,73.590850,0.014206,False,False,False,False,True,True,True,1-circle,1.000000,4021.726596,19165.949613,0.457622,0.638136,100.000000,100.000000,0.000000,0.000000,2,4,4,0.0000,0.0000,0.0000,0.5000,"PursuitChaseOptimal",-0.006099
2296,B0100,aggressive,UNKNOWN,15891.884238,26435.726490,5964.273510,7686.918836,26844.831164,16659.836984,497.844315,27632.174628,306.285264,4221.041534,73.590850,0.014206,False,False,False,False,True,True,True,1-circle,1.000000,4021.726596,19165.949613,0.457622,0.638136,100.000000,100.000000,0.000000,0.000000,2,4,4,0.0000,0.0000,0.0000,0.5000,"Accelerate",0.003443
2297,A0100,pursuit_chase_v1,UNKNOWN,15891.884238,26435.726490,5964.273510,7686.918836,26844.831164,16659.836984,497.844315,27632.174628,306.285264,4221.041534,73.590850,0.014206,False,False,False,False,True,True,True,1-circle,1.000000,4021.726596,19165.949613,0.457622,0.638136,100.000000,100.000000,0.000000,0.000000,2,4,4,0.0000,0.0000,0.0000,0.5000,"PursuitChaseOptimal",-0.004723
2297,B0100,aggressive,UNKNOWN,15891.884238,26435.726490,5964.273510,7686.918836,26844.831164,16659.836984,497.844315,27632.174628,306.285264,4221.041534,73.590850,0.014206,False,False,False,False,True,True,True,1-circle,1.000000,4021.726596,19165.949613,0.457622,0.638136,100.000000,100.000000,0.000000,0.000000,2,4,4,0.0000,0.0000,0.0000,0.5000,"Accelerate",0.002165
2298,A0100,pursuit_chase_v1,UNKNOWN,15880.315912,26471.904206,5928.095794,7711.524125,26892.564473,16662.080581,498.139238,27647.422098,304.949385,4260.900139,70.380827,0.028180,False,False,False,False,True,True,True,1-circle,1.000000,4025.810175,18918.046379,-0.908261,0.447310,100.000000,100.000000,0.000000,0.000000,2,4,4,0.0000,0.0000,0.0000,0.5000,"PursuitChaseOptimal",-0.004762
2298,B0100,aggressive,UNKNOWN,15880.315912,26471.904206,5928.095794,7711.524125,26892.564473,16662.080581,498.139238,27647.422098,304.949385,4260.900139,70.380827,0.028180,False,False,False,False,True,True,True,1-circle,1.000000,4025.810175,18918.046379,-0.908261,0.447310,100.000000,100.000000,0.000000,0.000000,2,4,4,0.0000,0.0000,0.0000,0.5000,"Accelerate",0.001918
2299,A0100,pursuit_chase_v1,UNKNOWN,15880.315912,26471.904206,5928.095794,7711.524125,26892.564473,16662.080581,498.139238,27647.422098,304.949385,4260.900139,70.380827,0.028180,False,False,False,False,True,True,True,1-circle,1.000000,4025.810175,18918.046379,-0.908261,0.447310,100.000000,100.000000,0.000000,0.000000,2,4,4,0.0000,0.0000,0.0000,0.5000,"PursuitChaseOptimal",-0.008472
2299,B0100,aggressive,UNKNOWN,15880.315912,26471.904206,5928.095794,7711.524125,26892.564473,16662.080581,498.139238,27647.422098,304.949385,4260.900139,70.380827,0.028180,False,False,False,False,True,True,True,1-circle,1.000000,4025.810175,18918.046379,-0.908261,0.447310,100.000000,100.000000,0.000000,0.000000,2,4,4,0.0000,0.0000,0.0000,0.5000,"Accelerate",0.005726
2300,A0100,pursuit_chase_v1,UNKNOWN,15869.227863,26500.837768,5899.162232,7738.894706,26937.666292,16664.098459,498.553052,27667.699032,405.538694,4305.960473,67.290476,0.040987,False,False,False,False,True,True,True,1-circle,1.000000,4029.617894,19317.215810,1.321987,0.295666,100.000000,100.000000,0.000000,0.000000,2,5,4,0.0000,0.0000,0.0000,0.5000,"PursuitChaseOptimal",-0.021472
2300,B0100,aggressive,UNKNOWN,15869.227863,26500.837768,5899.162232,7738.894706,26937.666292,16664.098459,498.553052,27667.699032,405.538694,4305.960473,67.290476,0.040987,False,False,False,False,True,True,True,1-circle,1.000000,4029.617894,19317.215810,1.321987,0.295666,100.000000,100.000000,0.000000,0.000000,2,4,4,0.0000,0.0000,0.0000,0.5000,"Accelerate",0.018335
2301,A0100,pursuit_chase_v1,UNKNOWN,15869.227863,26500.837768,5899.162232,7738.894706,26937.666292,16664.098459,498.553052,27667.699032,405.538694,4305.960473,67.290476,0.040987,False,False,False,False,True,True,True,1-circle,1.000000,4029.617894,19317.215810,1.321987,0.295666,100.000000,100.000000,0.000000,0.000000,2,5,4,0.0000,0.0000,0.0000,0.5000,"PursuitChaseOptimal",-0.010333
2301,B0100,aggressive,UNKNOWN,15869.227863,26500.837768,5899.162232,7738.894706,26937.666292,16664.098459,498.553052,27667.699032,405.538694,4305.960473,67.290476,0.040987,False,False,False,False,True,True,True,1-circle,1.000000,4029.617894,19317.215810,1.321987,0.295666,100.000000,100.000000,0.000000,0.000000,2,4,4,0.0000,0.0000,0.0000,0.5000,"Accelerate",0.007624
2302,A0100,pursuit_chase_v1,UNKNOWN,15858.595464,26542.212302,5857.787698,7755.452582,26988.022242,16665.966616,498.742640,27677.937574,204.770839,4327.696321,64.311775,0.021354,False,False,False,False,True,True,True,1-circle,1.000000,4033.149696,18952.728092,-0.689086,0.308259,100.000000,100.000000,0.000000,0.000000,2,5,4,0.0000,0.0000,0.0000,0.5000,"PursuitChaseOptimal",-0.009386
2302,B0100,aggressive,UNKNOWN,15858.595464,26542.212302,5857.787698,7755.452582,26988.022242,16665.966616,498.742640,27677.937574,204.770839,4327.696321,64.311775,0.021354,False,False,False,False,True,True,True,1-circle,1.000000,4033.149696,18952.728092,-0.689086,0.308259,100.000000,100.000000,0.000000,0.000000,2,4,4,0.0000,0.0000,0.0000,0.5000,"Accelerate",0.006772
2303,A0100,pursuit_chase_v1,UNKNOWN,15858.595464,26542.212302,5857.787698,7755.452582,26988.022242,16665.966616,498.742640,27677.937574,204.770839,4327.696321,64.311775,0.021354,False,False,False,False,True,True,True,1-circle,1.000000,4033.149696,18952.728092,-0.689086,0.308259,100.000000,100.000000,0.000000,0.000000,2,5,4,0.0000,0.0000,0.0000,0.5000,"PursuitChaseOptimal",-0.012971
2303,B0100,aggressive,UNKNOWN,15858.595464,26542.212302,5857.787698,7755.452582,26988.022242,16665.966616,498.742640,27677.937574,204.770839,4327.696321,64.311775,0.021354,False,False,False,False,True,True,True,1-circle,1.000000,4033.149696,18952.728092,-0.689086,0.308259,100.000000,100.000000,0.000000,0.000000,2,4,4,0.0000,0.0000,0.0000,0.5000,"Accelerate",0.009967
2304,A0100,pursuit_chase_v1,UNKNOWN,15848.382732,26573.100054,5826.899946,7775.731815,27033.155207,16667.721448,499.126970,27696.670565,374.659815,4357.337079,61.506846,0.015665,False,False,False,False,True,True,True,1-circle,1.000000,4036.378741,19165.104825,0.505893,0.436769,100.000000,100.000000,0.000000,0.000000,2,5,4,0.0000,0.0000,0.0000,0.5000,"PursuitChaseOptimal",-0.012294
2304,B0100,aggressive,UNKNOWN,15848.382732,26573.100054,5826.899946,7775.731815,27033.155207,16667.721448,499.126970,27696.670565,374.659815,4357.337079,61.506846,0.015665,False,False,False,False,True,True,True,1-circle,1.000000,4036.378741,19165.104825,0.505893,0.436769,100.000000,100.000000,0.000000,0.000000,2,4,4,0.0000,0.0000,0.0000,0.5000,"Accelerate",0.009638
2305,A0100,pursuit_chase_v1,UNKNOWN,15848.382732,26573.100054,5826.899946,7775.731815,27033.155207,16667.721448,499.126970,27696.670565,374.659815,4357.337079,61.506846,0.015665,False,False,False,False,True,True,True,1-circle,1.000000,4036.378741,19165.104825,0.505893,0.436769,100.000000,100.000000,0.000000,0.000000,2,5,4,0.0000,0.0000,0.0000,0.5000,"PursuitChaseOptimal",-0.009667
2305,B0100,aggressive,UNKNOWN,15848.382732,26573.100054,5826.899946,7775.731815,27033.155207,16667.721448,499.126970,27696.670565,374.659815,4357.337079,61.506846,0.015665,False,False,False,False,True,True,True,1-circle,1.000000,4036.378741,19165.104825,0.505893,0.436769,100.000000,100.000000,0.000000,0.000000,2,4,4,0.0000,0.0000,0.0000,0.5000,"Accelerate",0.007275
2306,A0100,pursuit_chase_v1,UNKNOWN,15838.616373,26611.392542,5788.607458,7802.300983,27079.912829,16669.315676,499.394330,27710.083376,268.256221,4380.895707,58.297285,0.030464,False,False,False,False,True,True,True,1-circle,1.000000,4039.305782,19248.254381,0.984237,0.364712,100.000000,100.000000,0.000000,0.000000,2,5,4,0.0000,0.0000,0.0000,0.5000,"PursuitChaseOptimal",-0.008702
2306,B0100,aggressive,UNKNOWN,15838.616373,26611.392542,5788.607458,7802.300983,27079.912829,16669.315676,499.394330,27710.083376,268.256221,4380.895707,58.297285,0.030464,False,False,False,False,True,True,True,1-circle,1.000000,4039.305782,19248.254381,0.984237,0.364712,100.000000,100.000000,0.000000,0.000000,2,4,4,0.0000,0.0000,0.0000,0.5000,"Accelerate",0.006234
2307,A0100,pursuit_chase_v1,UNKNOWN,15838.616373,26611.392542,5788.607458,7802.300983,27079.912829,16669.315676,499.394330,27710.083376,268.256221,4380.895707,58.297285,0.030464,False,False,False,False,True,True,True,1-circle,1.000000,4039.305782,19248.254381,0.984237,0.364712,100.000000,100.000000,0.000000,0.000000,2,5,4,0.0000,0.0000,0.0000,0.5000,"PursuitChaseOptimal",-0.010872
2307,B0100,aggressive,UNKNOWN,15838.616373,26611.392542,5788.607458,7802.300983,27079.912829,16669.315676,499.394330,27710.083376,268.256221,4380.895707,58.297285,0.030464,False,False,False,False,True,True,True,1-circle,1.000000,4039.305782,19248.254381,0.984237,0.364712,100.000000,100.000000,0.000000,0.000000,2,4,4,0.0000,0.0000,0.0000,0.5000,"Accelerate",0.008330
2308,A0100,pursuit_chase_v1,UNKNOWN,15829.295359,26651.515941,5748.484059,7838.107542,27128.092945,16670.906225,499.682671,27724.427068,286.873829,4397.923429,54.798116,0.012372,False,False,False,False,True,True,True,1-circle,1.000000,4041.647283,18995.716048,-0.399977,0.563912,100.000000,100.000000,0.000000,0.000000,2,5,4,0.0000,0.0000,0.0000,0.5000,"PursuitChaseOptimal",-0.015539
2308,B0100,aggressive,UNKNOWN,15829.295359,26651.515941,5748.484059,7838.107542,27128.092945,16670.906225,499.682671,27724.427068,286.873829,4397.923429,54.798116,0.012372,False,False,False,False,True,True,True,1-circle,1.000000,4041.647283,18995.716048,-0.399977,0.563912,100.000000,100.000000,0.000000,0.000000,2,4,4,0.0000,0.0000,0.0000,0.5000,"Accelerate",0.012591
2309,A0100,pursuit_chase_v1,UNKNOWN,15829.295359,26651.515941,5748.484059,7838.107542,27128.092945,16670.906225,499.682671,27724.427068,286.873829,4397.923429,54.798116,0.012372,False,False,False,False,True,True,True,1-circle,1.000000,4041.647283,18995.716048,-0.399977,0.563912,100.000000,100.000000,0.000000,0.000000,2,5,4,0.0000,0.0000,0.0000,0.5000,"PursuitChaseOptimal",-0.020146
2309,B0100,aggressive,UNKNOWN,15829.295359,26651.515941,5748.484059,7838.107542,27128.092945,16670.906225,499.682671,27724.427068,286.873829,4397.923429,54.798116,0.012372,False,False,False,False,True,True,True,1-circle,1.000000,4041.647283,18995.716048,-0.399977,0.563912,100.000000,100.000000,0.000000,0.000000,2,4,4,0.0000,0.0000,0.0000,0.5000,"Accelerate",0.017346
2310,A0100,pursuit_chase_v1,UNKNOWN,15820.451452,26685.227384,5714.772616,7869.048009,27173.906695,16672.366133,500.104122,27744.540758,402.273817,4428.156091,51.488020,0.054807,False,False,False,False,True,True,True,1-circle,1.000000,4043.509208,19383.058243,1.772727,0.327405,100.000000,100.000000,0.000000,0.000000,2,5,4,0.0000,0.0000,0.0000,0.5000,"PursuitChaseOptimal",-0.022861
2310,B0100,aggressive,UNKNOWN,15820.451452,26685.227384,5714.772616,7869.048009,27173.906695,16672.366133,500.104122,27744.540758,402.273817,4428.156091,51.488020,0.054807,False,False,False,False,True,True,True,1-circle,1.000000,4043.509208,19383.058243,1.772727,0.327405,100.000000,100.000000,0.000000,0.000000,2,4,4,0.0000,0.0000,0.0000,0.5000,"Accelerate",0.020158
2311,A0100,pursuit_chase_v1,UNKNOWN,15820.451452,26685.227384,5714.772616,7869.048009,27173.906695,16672.366133,500.104122,27744.540758,402.273817,4428.156091,51.488020,0.054807,False,False,False,False,True,True,True,1-circle,1.000000,4043.509208,19383.058243,1.772727,0.327405,100.000000,100.000000,0.000000,0.000000,2,5,4,0.0000,0.0000,0.0000,0.5000,"PursuitChaseOptimal",-0.022236
2311,B0100,aggressive,UNKNOWN,15820.451452,26685.227384,5714.772616,7869.048009,27173.906695,16672.366133,500.104122,27744.540758,402.273817,4428.156091,51.488020,0.054807,False,False,False,False,True,True,True,1-circle,1.000000,4043.509208,19383.058243,1.772727,0.327405,100.000000,100.000000,0.000000,0.000000,2,4,4,0.0000,0.0000,0.0000,0.5000,"Accelerate",0.019504
2312,A0100,pursuit_chase_v1,UNKNOWN,15812.026530,26731.750106,5668.249894,7852.004398,27224.514728,16673.793951,500.332785,27756.095967,231.104178,4439.749645,49.214795,0.009165,False,False,False,False,True,True,True,1-circle,1.000000,4045.067316,19006.610096,-0.296680,0.524077,100.000000,100.000000,0.000000,0.000000,2,5,4,0.0000,0.0000,0.0000,0.5000,"PursuitChaseOptimal",-0.018269
2312,B0100,aggressive,UNKNOWN,15812.026530,26731.750106,5668.249894,7852.004398,27224.514728,16673.793951,500.332785,27756.095967,231.104178,4439.749645,49.214795,0.009165,False,False,False,False,True,True,True,1-circle,1.000000,4045.067316,19006.610096,-0.296680,0.524077,100.000000,100.000000,0.000000,0.000000,2,4,4,0.0000,0.0000,0.0000,0.5000,"Accelerate",0.015753
2313,A0100,pursuit_chase_v1,UNKNOWN,15812.026530,26731.750106,5668.249894,7852.004398,27224.514728,16673.793951,500.332785,27756.095967,231.104178,4439.749645,49.214795,0.009165,False,False,False,False,True,True,True,1-circle,1.000000,4045.067316,19006.610096,-0.296680,0.524077,100.000000,100.000000,0.000000,0.000000,2,5,4,0.0000,0.0000,0.0000,0.5000,"PursuitChaseOptimal",-0.012139
2313,B0100,aggressive,UNKNOWN,15812.026530,26731.750106,5668.249894,7852.004398,27224.514728,16673.793951,500.332785,27756.095967,231.104178,4439.749645,49.214795,0.009165,False,False,False,False,True,True,True,1-circle,1.000000,4045.067316,19006.610096,-0.296680,0.524077,100.000000,100.000000,0.000000,0.000000,2,4,4,0.0000,0.0000,0.0000,0.5000,"Accelerate",0.009799
2314,A0100,pursuit_chase_v1,UNKNOWN,15803.865759,26767.156419,5632.843581,7784.766763,27268.365141,16675.221005,500.713634,27774.400927,366.099196,4448.610758,48.785904,0.018980,False,False,False,False,True,True,True,1-circle,1.000000,4046.753409,19166.869807,0.614795,0.624219,100.000000,100.000000,0.000000,0.000000,2,5,4,0.0000,0.0000,0.0000,0.5000,"PursuitChaseOptimal",-0.005884
2314,B0100,aggressive,UNKNOWN,15803.865759,26767.156419,5632.843581,7784.766763,27268.365141,16675.221005,500.713634,27774.400927,366.099196,4448.610758,48.785904,0.018980,False,False,False,False,True,True,True,1-circle,1.000000,4046.753409,19166.869807,0.614795,0.624219,100.000000,100.000000,0.000000,0.000000,2,4,4,0.0000,0.0000,0.0000,0.5000,"Accelerate",0.003661
2315,A0100,pursuit_chase_v1,UNKNOWN,15803.865759,26767.156419,5632.843581,7784.766763,27268.365141,16675.221005,500.713634,27774.400927,366.099196,4448.610758,48.785904,0.018980,False,False,False,False,True,True,True,1-circle,1.000000,4046.753409,19166.869807,0.614795,0.624219,100.000000,100.000000,0.000000,0.000000,2,5,4,0.0000,0.0000,0.0000,0.5000,"PursuitChaseOptimal",0.000026
2315,B0100,aggressive,UNKNOWN,15803.865759,26767.156419,5632.843581,7784.766763,27268.365141,16675.221005,500.713634,27774.400927,366.099196,4448.610758,48.785904,0.018980,False,False,False,False,True,True,True,1-circle,1.000000,4046.753409,19166.869807,0.614795,0.624219,100.000000,100.000000,0.000000,0.000000,2,4,4,0.0000,0.0000,0.0000,0.5000,"Accelerate",-0.002237
2316,A0100,pursuit_chase_v1,UNKNOWN,15795.858407,26811.610662,5588.389338,7674.819238,27319.283252,16676.624520,500.982838,27787.742397,266.829402,4462.478798,48.728115,0.047649,False,False,False,False,True,True,True,1-circle,1.000000,4048.916999,18774.932409,-1.543926,0.323177,100.000000,100.000000,0.000000,0.000000,2,5,4,0.0000,0.0000,0.0000,0.5000,"PursuitChaseOptimal",0.004863
2316,B0100,aggressive,UNKNOWN,15795.858407,26811.610662,5588.389338,7674.819238,27319.283252,16676.624520,500.982838,27787.742397,266.829402,4462.478798,48.728115,0.047649,False,False,False,False,True,True,True,1-circle,1.000000,4048.916999,18774.932409,-1.543926,0.323177,100.000000,100.000000,0.000000,0.000000,2,4,4,0.0000,0.0000,0.0000,0.5000,"Accelerate",-0.006941
2317,A0100,pursuit_chase_v1,UNKNOWN,15795.858407,26811.610662,5588.389338,7674.819238,27319.283252,16676.624520,500.982838,27787.742397,266.829402,4462.478798,48.728115,0.047649,False,False,False,False,True,True,True,1-circle,1.000000,4048.916999,18774.932409,-1.543926,0.323177,100.000000,100.000000,0.000000,0.000000,2,5,4,0.0000,0.0000,0.0000,0.5000,"PursuitChaseOptimal",0.009125
2317,B0100,aggressive,UNKNOWN,15795.858407,26811.610662,5588.389338,7674.819238,27319.283252,16676.624520,500.982838,27787.742397,266.829402,4462.478798,48.728115,0.047649,False,False,False,False,True,True,True,1-circle,1.000000,4048.916999,18774.932409,-1.543926,0.323177,100.000000,100.000000,0.000000,0.000000,2,4,4,0.0000,0.0000,0.0000,0.5000,"Accelerate",-0.011350
2318,A0100,pursuit_chase_v1,UNKNOWN,15787.994588,26841.067293,5558.932707,7559.922822,27363.973629,16677.938880,501.413018,27808.146578,408.083621,4500.471655,48.866773,0.012661,False,False,False,False,True,True,True,1-circle,1.000000,4051.696835,18976.101049,-0.410658,0.094380,100.000000,100.000000,0.000000,0.000000,2,5,4,0.0000,0.0000,0.0000,0.5000,"PursuitChaseOptimal",0.013502
2318,B0100,aggressive,UNKNOWN,15787.994588,26841.067293,5558.932707,7559.922822,27363.973629,16677.938880,501.413018,27808.146578,408.083621,4500.471655,48.866773,0.012661,False,False,False,False,True,True,True,1-circle,1.000000,4051.696835,18976.101049,-0.410658,0.094380,100.000000,100.000000,0.000000,0.000000,2,4,4,0.0000,0.0000,0.0000,0.5000,"Accelerate",-0.015566
2319,A0100,pursuit_chase_v1,UNKNOWN,15787.994588,26841.067293,5558.932707,7559.922822,27363.973629,16677.938880,501.413018,27808.146578,408.083621,4500.471655,48.866773,0.012661,False,False,False,False,True,True,True,1-circle,1.000000,4051.696835,18976.101049,-0.410658,0.094380,100.000000,100.000000,0.000000,0.000000,2,5,4,0.0000,0.0000,0.0000,0.5000,"PursuitChaseOptimal",0.018406
2319,B0100,aggressive,UNKNOWN,15787.994588,26841.067293,5558.932707,7559.922822,27363.973629,16677.938880,501.413018,27808.146578,408.083621,4500.471655,48.866773,0.012661,False,False,False,False,True,True,True,1-circle,1.000000,4051.696835,18976.101049,-0.410658,0.094380,100.000000,100.000000,0.000000,0.000000,2,4,4,0.0000,0.0000,0.0000,0.5000,"Accelerate",-0.019994
2320,A0100,pursuit_chase_v1,UNKNOWN,15780.314335,26870.389443,5529.610557,7437.274068,27408.312381,16679.039213,501.799862,27826.427618,365.620801,4553.037874,48.779862,0.058276,False,False,False,False,True,True,True,1-circle,1.000000,4055.174693,19388.162486,1.890930,-0.082810,100.000000,100.000000,0.000000,0.000000,2,5,4,0.0000,0.0000,0.0000,0.5000,"PursuitChaseOptimal",0.022943
2320,B0100,aggressive,UNKNOWN,15780.314335,26870.389443,5529.610557,7437.274068,27408.312381,16679.039213,501.799862,27826.427618,365.620801,4553.037874,48.779862,0.058276,False,False,False,False,True,True,True,1-circle,1.000000,4055.174693,19388.162486,1.890930,-0.082810,100.000000,100.000000,0.000000,0.000000,2,4,4,0.0000,0.0000,0.0000,0.5000,"Accelerate",-0.024166
2321,A0100,pursuit_chase_v1,UNKNOWN,15780.314335,26870.389443,5529.610557,7437.274068,27408.312381,16679.039213,501.799862,27826.427618,365.620801,4553.037874,48.779862,0.058276,False,False,False,False,True,True,True,1-circle,1.000000,4055.174693,19388.162486,1.890930,-0.082810,100.000000,100.000000,0.000000,0.000000,2,5,4,0.0000,0.0000,0.0000,0.5000,"PursuitChaseOptimal",0.028227
2321,B0100,aggressive,UNKNOWN,15780.314335,26870.389443,5529.610557,7437.274068,27408.312381,16679.039213,501.799862,27826.427618,365.620801,4553.037874,48.779862,0.058276,False,False,False,False,True,True,True,1-circle,1.000000,4055.174693,19388.162486,1.890930,-0.082810,100.000000,100.000000,0.000000,0.000000,2,4,4,0.0000,0.0000,0.0000,0.5000,"Accelerate",-0.029285
2322,A0100,pursuit_chase_v1,UNKNOWN,15772.779418,26911.525799,5488.474201,7299.858292,27455.925982,16680.064447,502.020666,27837.265263,216.752902,4587.856295,48.681743,0.008222,False,False,False,False,True,True,True,1-circle,1.000000,4059.175520,18997.998907,-0.267003,0.165188,100.000000,100.000000,0.000000,0.000000,2,5,4,0.0000,0.0000,0.0000,0.5000,"PursuitChaseOptimal",0.033773
2322,B0100,aggressive,UNKNOWN,15772.779418,26911.525799,5488.474201,7299.858292,27455.925982,16680.064447,502.020666,27837.265263,216.752902,4587.856295,48.681743,0.008222,False,False,False,False,True,True,True,1-circle,1.000000,4059.175520,18997.998907,-0.267003,0.165188,100.000000,100.000000,0.000000,0.000000,2,4,4,0.0000,0.0000,0.0000,0.5000,"Accelerate",-0.034483
2323,A0100,pursuit_chase_v1,UNKNOWN,15772.779418,26911.525799,5488.474201,7299.858292,27455.925982,16680.064447,502.020666,27837.265263,216.752902,4587.856295,48.681743,0.008222,False,False,False,False,True,True,True,1-circle,1.000000,4059.175520,18997.998907,-0.267003,0.165188,100.000000,100.000000,0.000000,0.000000,2,5,4,0.0000,0.0000,0.0000,0.5000,"PursuitChaseOptimal",0.039213
2323,B0100,aggressive,UNKNOWN,15772.779418,26911.525799,5488.474201,7299.858292,27455.925982,16680.064447,502.020666,27837.265263,216.752902,4587.856295,48.681743,0.008222,False,False,False,False,True,True,True,1-circle,1.000000,4059.175520,18997.998907,-0.267003,0.165188,100.000000,100.000000,0.000000,0.000000,2,4,4,0.0000,0.0000,0.0000,0.5000,"Accelerate",-0.039662
2324,A0100,pursuit_chase_v1,UNKNOWN,15765.367906,26941.298756,5458.701244,7159.615513,27495.987392,16681.061893,502.380553,27854.265091,339.996542,4636.204815,48.745246,0.019132,False,False,False,False,True,True,True,1-circle,1.000000,4063.612828,19156.662836,0.621677,0.296657,100.000000,100.000000,0.000000,0.000000,2,5,4,0.0000,0.0000,0.0000,0.5000,"PursuitChaseOptimal",0.044647
2324,B0100,aggressive,UNKNOWN,15765.367906,26941.298756,5458.701244,7159.615513,27495.987392,16681.061893,502.380553,27854.265091,339.996542,4636.204815,48.745246,0.019132,False,False,False,False,True,True,True,1-circle,1.000000,4063.612828,19156.662836,0.621677,0.296657,100.000000,100.000000,0.000000,0.000000,2,4,4,0.0000,0.0000,0.0000,0.5000,"Accelerate",-0.044796
2325,A0100,pursuit_chase_v1,UNKNOWN,15765.367906,26941.298756,5458.701244,7159.615513,27495.987392,16681.061893,502.380553,27854.265091,339.996542,4636.204815,48.745246,0.019132,False,False,False,False,True,True,True,1-circle,1.000000,4063.612828,19156.662836,0.621677,0.296657,100.000000,100.000000,0.000000,0.000000,2,5,4,0.0000,0.0000,0.0000,0.5000,"PursuitChaseOptimal",0.050113
2325,B0100,aggressive,UNKNOWN,15765.367906,26941.298756,5458.701244,7159.615513,27495.987392,16681.061893,502.380553,27854.265091,339.996542,4636.204815,48.745246,0.019132,False,False,False,False,True,True,True,1-circle,1.000000,4063.612828,19156.662836,0.621677,0.296657,100.000000,100.000000,0.000000,0.000000,2,4,4,0.0000,0.0000,0.0000,0.5000,"Accelerate",-0.049959
2326,A0100,pursuit_chase_v1,UNKNOWN,15758.069756,26982.147208,5417.852792,7003.395270,27542.874962,16682.033256,502.598268,27864.922755,213.153283,4679.828473,48.499271,0.048386,False,False,False,False,True,True,True,1-circle,1.000000,4068.424955,18760.802663,-1.572552,0.136240,100.000000,100.000000,0.000000,0.000000,2,4,4,0.0000,0.0000,0.0000,0.5000,"PursuitChaseOptimal",0.060034
2326,B0100,aggressive,UNKNOWN,15758.069756,26982.147208,5417.852792,7003.395270,27542.874962,16682.033256,502.598268,27864.922755,213.153283,4679.828473,48.499271,0.048386,False,False,False,False,True,True,True,1-circle,1.000000,4068.424955,18760.802663,-1.572552,0.136240,100.000000,100.000000,0.000000,0.000000,2,4,4,0.0000,0.0000,0.0000,0.5000,"Accelerate",-0.059249
2327,A0100,pursuit_chase_v1,UNKNOWN,15758.069756,26982.147208,5417.852792,7003.395270,27542.874962,16682.033256,502.598268,27864.922755,213.153283,4679.828473,48.499271,0.048386,False,False,False,False,True,True,True,1-circle,1.000000,4068.424955,18760.802663,-1.572552,0.136240,100.000000,100.000000,0.000000,0.000000,2,4,4,0.0000,0.0000,0.0000,0.5000,"PursuitChaseOptimal",0.058324
2327,B0100,aggressive,UNKNOWN,15758.069756,26982.147208,5417.852792,7003.395270,27542.874962,16682.033256,502.598268,27864.922755,213.153283,4679.828473,48.499271,0.048386,False,False,False,False,True,True,True,1-circle,1.000000,4068.424955,18760.802663,-1.572552,0.136240,100.000000,100.000000,0.000000,0.000000,2,4,4,0.0000,0.0000,0.0000,0.5000,"Accelerate",-0.057851
2328,A0100,pursuit_chase_v1,UNKNOWN,15750.884460,27008.775307,5391.224693,6847.204870,27583.561840,16682.956121,503.012749,27884.297768,387.500262,4735.860785,48.409898,0.011184,False,False,False,False,True,True,True,1-circle,1.000000,4073.551563,18977.830245,-0.363853,0.070523,100.000000,100.000000,0.000000,0.000000,2,4,4,0.0000,0.0000,0.0000,0.5000,"PursuitChaseOptimal",0.057383
2328,B0100,aggressive,UNKNOWN,15750.884460,27008.775307,5391.224693,6847.204870,27583.561840,16682.956121,503.012749,27884.297768,387.500262,4735.860785,48.409898,0.011184,False,False,False,False,True,True,True,1-circle,1.000000,4073.551563,18977.830245,-0.363853,0.070523,100.000000,100.000000,0.000000,0.000000,2,4,4,0.0000,0.0000,0.0000,0.5000,"Accelerate",-0.056456
2329,A0100,pursuit_chase_v1,UNKNOWN,15750.884460,27008.775307,5391.224693,6847.204870,27583.561840,16682.956121,503.012749,27884.297768,387.500262,4735.860785,48.409898,0.011184,False,False,False,False,True,True,True,1-circle,1.000000,4073.551563,18977.830245,-0.363853,0.070523,100.000000,100.000000,0.000000,0.000000,2,4,4,0.0000,0.0000,0.0000,0.5000,"PursuitChaseOptimal",0.044743
2329,B0100,aggressive,UNKNOWN,15750.884460,27008.775307,5391.224693,6847.204870,27583.561840,16682.956121,503.012749,27884.297768,387.500262,4735.860785,48.409898,0.011184,False,False,False,False,True,True,True,1-circle,1.000000,4073.551563,18977.830245,-0.363853,0.070523,100.000000,100.000000,0.000000,0.000000,2,4,4,0.0000,0.0000,0.0000,0.5000,"Accelerate",-0.044197
2330,A0100,pursuit_chase_v1,UNKNOWN,15743.819334,27039.015409,5360.984591,6701.182734,27624.712301,16683.738216,503.308549,27898.257785,279.200336,4780.537547,48.166874,0.001541,False,False,False,False,True,True,True,1-circle,1.000000,4079.028696,19034.131699,-0.050167,-0.154790,100.000000,100.000000,0.000000,0.000000,2,4,4,0.0000,0.0000,0.0000,0.5000,"PursuitChaseOptimal",0.031418
2330,B0100,aggressive,UNKNOWN,15743.819334,27039.015409,5360.984591,6701.182734,27624.712301,16683.738216,503.308549,27898.257785,279.200336,4780.537547,48.166874,0.001541,False,False,False,False,True,True,True,1-circle,1.000000,4079.028696,19034.131699,-0.050167,-0.154790,100.000000,100.000000,0.000000,0.000000,2,4,4,0.0000,0.0000,0.0000,0.5000,"Accelerate",-0.031497
2331,A0100,pursuit_chase_v1,UNKNOWN,15743.819334,27039.015409,5360.984591,6701.182734,27624.712301,16683.738216,503.308549,27898.257785,279.200336,4780.537547,48.166874,0.001541,False,False,False,False,True,True,True,1-circle,1.000000,4079.028696,19034.131699,-0.050167,-0.154790,100.000000,100.000000,0.000000,0.000000,2,4,4,0.0000,0.0000,0.0000,0.5000,"PursuitChaseOptimal",0.018733
2331,B0100,aggressive,UNKNOWN,15743.819334,27039.015409,5360.984591,6701.182734,27624.712301,16683.738216,503.308549,27898.257785,279.200336,4780.537547,48.166874,0.001541,False,False,False,False,True,True,True,1-circle,1.000000,4079.028696,19034.131699,-0.050167,-0.154790,100.000000,100.000000,0.000000,0.000000,2,4,4,0.0000,0.0000,0.0000,0.5000,"Accelerate",-0.019338
2332,A0100,pursuit_chase_v1,UNKNOWN,15736.908988,27070.286009,5329.713991,6576.259016,27665.317924,16684.501761,503.570940,27910.717340,249.191111,4838.294626,47.453193,0.044868,False,False,False,False,True,True,True,1-circle,1.000000,4084.738303,18780.312086,-1.460911,0.044824,100.000000,100.000000,0.000000,0.000000,2,4,4,0.0000,0.0000,0.0000,0.5000,"PursuitChaseOptimal",0.004829
2332,B0100,aggressive,UNKNOWN,15736.908988,27070.286009,5329.713991,6576.259016,27665.317924,16684.501761,503.570940,27910.717340,249.191111,4838.294626,47.453193,0.044868,False,False,False,False,True,True,True,1-circle,1.000000,4084.738303,18780.312086,-1.460911,0.044824,100.000000,100.000000,0.000000,0.000000,2,4,4,0.0000,0.0000,0.0000,0.5000,"Accelerate",-0.006634
2333,A0100,pursuit_chase_v1,UNKNOWN,15736.908988,27070.286009,5329.713991,6576.259016,27665.317924,16684.501761,503.570940,27910.717340,249.191111,4838.294626,47.453193,0.044868,False,False,False,False,True,True,True,1-circle,1.000000,4084.738303,18780.312086,-1.460911,0.044824,100.000000,100.000000,0.000000,0.000000,2,4,4,0.0000,0.0000,0.0000,0.5000,"PursuitChaseOptimal",-0.012800
2333,B0100,aggressive,UNKNOWN,15736.908988,27070.286009,5329.713991,6576.259016,27665.317924,16684.501761,503.570940,27910.717340,249.191111,4838.294626,47.453193,0.044868,False,False,False,False,True,True,True,1-circle,1.000000,4084.738303,18780.312086,-1.460911,0.044824,100.000000,100.000000,0.000000,0.000000,2,4,4,0.0000,0.0000,0.0000,0.5000,"Accelerate",0.010424
2334,A0100,pursuit_chase_v1,UNKNOWN,15730.238847,27095.925437,5304.074563,6476.218229,27705.012329,16685.139485,503.958699,27928.650519,358.663575,4901.338106,46.660658,0.022205,False,False,False,False,True,True,True,1-circle,1.000000,4090.857622,19174.003315,0.723636,-0.089055,100.000000,100.000000,0.000000,0.000000,2,4,4,0.0000,0.0000,0.0000,0.5000,"PursuitChaseOptimal",-0.015722
2334,B0100,aggressive,UNKNOWN,15730.238847,27095.925437,5304.074563,6476.218229,27705.012329,16685.139485,503.958699,27928.650519,358.663575,4901.338106,46.660658,0.022205,False,False,False,False,True,True,True,1-circle,1.000000,4090.857622,19174.003315,0.723636,-0.089055,100.000000,100.000000,0.000000,0.000000,2,4,4,0.0000,0.0000,0.0000,0.5000,"Accelerate",0.013404
2335,A0100,pursuit_chase_v1,UNKNOWN,15730.238847,27095.925437,5304.074563,6476.218229,27705.012329,16685.139485,503.958699,27928.650519,358.663575,4901.338106,46.660658,0.022205,False,False,False,False,True,True,True,1-circle,1.000000,4090.857622,19174.003315,0.723636,-0.089055,100.000000,100.000000,0.000000,0.000000,2,4,4,0.0000,0.0000,0.0000,0.5000,"PursuitChaseOptimal",-0.019105
2335,B0100,aggressive,UNKNOWN,15730.238847,27095.925437,5304.074563,6476.218229,27705.012329,16685.139485,503.958699,27928.650519,358.663575,4901.338106,46.660658,0.022205,False,False,False,False,True,True,True,1-circle,1.000000,4090.857622,19174.003315,0.723636,-0.089055,100.000000,100.000000,0.000000,0.000000,2,4,4,0.0000,0.0000,0.0000,0.5000,"Accelerate",0.016510
2336,A0100,pursuit_chase_v1,UNKNOWN,15723.808552,27133.018068,5266.981932,6402.346257,27747.560555,16685.755009,504.163128,27938.389651,194.782640,4934.680653,45.642973,0.043609,False,False,False,False,True,True,True,1-circle,1.000000,4097.295764,18788.624434,-1.421511,0.062236,100.000000,100.000000,0.000000,0.000000,2,4,4,0.0000,0.0000,0.0000,0.5000,"PursuitChaseOptimal",-0.020070
2336,B0100,aggressive,UNKNOWN,15723.808552,27133.018068,5266.981932,6402.346257,27747.560555,16685.755009,504.163128,27938.389651,194.782640,4934.680653,45.642973,0.043609,False,False,False,False,True,True,True,1-circle,1.000000,4097.295764,18788.624434,-1.421511,0.062236,100.000000,100.000000,0.000000,0.000000,2,4,4,0.0000,0.0000,0.0000,0.5000,"Accelerate",0.017505
2337,A0100,pursuit_chase_v1,UNKNOWN,15723.808552,27133.018068,5266.981932,6402.346257,27747.560555,16685.755009,504.163128,27938.389651,194.782640,4934.680653,45.642973,0.043609,False,False,False,False,True,True,True,1-circle,1.000000,4097.295764,18788.624434,-1.421511,0.062236,100.000000,100.000000,0.000000,0.000000,2,4,4,0.0000,0.0000,0.0000,0.5000,"PursuitChaseOptimal",-0.018577
2337,B0100,aggressive,UNKNOWN,15723.808552,27133.018068,5266.981932,6402.346257,27747.560555,16685.755009,504.163128,27938.389651,194.782640,4934.680653,45.642973,0.043609,False,False,False,False,True,True,True,1-circle,1.000000,4097.295764,18788.624434,-1.421511,0.062236,100.000000,100.000000,0.000000,0.000000,2,4,4,0.0000,0.0000,0.0000,0.5000,"Accelerate",0.015685
2338,A0100,pursuit_chase_v1,UNKNOWN,15717.608757,27157.249592,5242.750408,6366.225560,27785.173819,16686.345023,504.559339,27956.673044,365.667852,4969.447592,44.539586,0.004388,False,False,False,False,True,True,True,1-circle,1.000000,4103.936901,19019.649151,-0.143160,-0.019334,100.000000,100.000000,0.000000,0.000000,2,4,4,0.0000,0.0000,0.0000,0.5000,"PursuitChaseOptimal",-0.015341
2338,B0100,aggressive,UNKNOWN,15717.608757,27157.249592,5242.750408,6366.225560,27785.173819,16686.345023,504.559339,27956.673044,365.667852,4969.447592,44.539586,0.004388,False,False,False,False,True,True,True,1-circle,1.000000,4103.936901,19019.649151,-0.143160,-0.019334,100.000000,100.000000,0.000000,0.000000,2,4,4,0.0000,0.0000,0.0000,0.5000,"Accelerate",0.012981
2339,A0100,pursuit_chase_v1,UNKNOWN,15717.608757,27157.249592,5242.750408,6366.225560,27785.173819,16686.345023,504.559339,27956.673044,365.667852,4969.447592,44.539586,0.004388,False,False,False,False,True,True,True,1-circle,1.000000,4103.936901,19019.649151,-0.143160,-0.019334,100.000000,100.000000,0.000000,0.000000,2,4,4,0.0000,0.0000,0.0000,0.5000,"PursuitChaseOptimal",-0.011102
2339,B0100,aggressive,UNKNOWN,15717.608757,27157.249592,5242.750408,6366.225560,27785.173819,16686.345023,504.559339,27956.673044,365.667852,4969.447592,44.539586,0.004388,False,False,False,False,True,True,True,1-circle,1.000000,4103.936901,19019.649151,-0.143160,-0.019334,100.000000,100.000000,0.000000,0.000000,2,4,4,0.0000,0.0000,0.0000,0.5000,"Accelerate",0.009157
2340,A0100,pursuit_chase_v1,UNKNOWN,15711.675058,27187.714800,5212.285200,6352.805838,27823.835336,16686.841445,504.804426,27968.121110,228.961339,4992.713009,42.996989,0.006006,False,False,False,False,True,True,True,1-circle,1.000000,4110.681023,19081.708475,0.196060,-0.104746,100.000000,100.000000,0.000000,0.000000,2,4,4,0.0000,0.0000,0.0000,0.5000,"PursuitChaseOptimal",-0.005067
2340,B0100,aggressive,UNKNOWN,15711.675058,27187.714800,5212.285200,6352.805838,27823.835336,16686.841445,504.804426,27968.121110,228.961339,4992.713009,42.996989,0.006006,False,False,False,False,True,True,True,1-circle,1.000000,4110.681023,19081.708475,0.196060,-0.104746,100.000000,100.000000,0.000000,0.000000,2,4,4,0.0000,0.0000,0.0000,0.5000,"Accelerate",0.003340
2341,A0100,pursuit_chase_v1,UNKNOWN,15711.675058,27187.714800,5212.285200,6352.805838,27823.835336,16686.841445,504.804426,27968.121110,228.961339,4992.713009,42.996989,0.006006,False,False,False,False,True,True,True,1-circle,1.000000,4110.681023,19081.708475,0.196060,-0.104746,100.000000,100.000000,0.000000,0.000000,2,4,4,0.0000,0.0000,0.0000,0.5000,"PursuitChaseOptimal",0.001108
2341,B0100,aggressive,UNKNOWN,15711.675058,27187.714800,5212.285200,6352.805838,27823.835336,16686.841445,504.804426,27968.121110,228.961339,4992.713009,42.996989,0.006006,False,False,False,False,True,True,True,1-circle,1.000000,4110.681023,19081.708475,0.196060,-0.104746,100.000000,100.000000,0.000000,0.000000,2,4,4,0.0000,0.0000,0.0000,0.5000,"Accelerate",-0.002398
2342,A0100,pursuit_chase_v1,UNKNOWN,15706.018183,27220.261644,5179.738356,6358.822053,27862.871910,16687.388295,505.112359,27982.435432,286.286435,5024.309661,40.815623,0.035879,False,False,False,False,True,True,True,1-circle,1.000000,4117.194995,18836.360512,-1.171659,0.187182,100.000000,100.000000,0.000000,0.000000,2,4,4,0.0000,0.0000,0.0000,0.5000,"PursuitChaseOptimal",0.006084
2342,B0100,aggressive,UNKNOWN,15706.018183,27220.261644,5179.738356,6358.822053,27862.871910,16687.388295,505.112359,27982.435432,286.286435,5024.309661,40.815623,0.035879,False,False,False,False,True,True,True,1-circle,1.000000,4117.194995,18836.360512,-1.171659,0.187182,100.000000,100.000000,0.000000,0.000000,2,4,4,0.0000,0.0000,0.0000,0.5000,"Accelerate",-0.007637
2343,A0100,pursuit_chase_v1,UNKNOWN,15706.018183,27220.261644,5179.738356,6358.822053,27862.871910,16687.388295,505.112359,27982.435432,286.286435,5024.309661,40.815623,0.035879,False,False,False,False,True,True,True,1-circle,1.000000,4117.194995,18836.360512,-1.171659,0.187182,100.000000,100.000000,0.000000,0.000000,2,4,4,0.0000,0.0000,0.0000,0.5000,"PursuitChaseOptimal",0.010013
2343,B0100,aggressive,UNKNOWN,15706.018183,27220.261644,5179.738356,6358.822053,27862.871910,16687.388295,505.112359,27982.435432,286.286435,5024.309661,40.815623,0.035879,False,False,False,False,True,True,True,1-circle,1.000000,4117.194995,18836.360512,-1.171659,0.187182,100.000000,100.000000,0.000000,0.000000,2,4,4,0.0000,0.0000,0.0000,0.5000,"Accelerate",-0.011008
2344,A0100,pursuit_chase_v1,UNKNOWN,15700.692498,27247.432017,5152.567983,6376.822692,27901.943917,16687.876806,505.503095,28000.405545,359.402248,5067.952155,38.279292,0.031663,False,False,False,False,True,True,True,1-circle,1.000000,4123.407465,19234.128869,1.034757,-0.004311,100.000000,100.000000,0.000000,0.000000,2,4,4,0.0000,0.0000,0.0000,0.5000,"PursuitChaseOptimal",0.013172
2344,B0100,aggressive,UNKNOWN,15700.692498,27247.432017,5152.567983,6376.822692,27901.943917,16687.876806,505.503095,28000.405545,359.402248,5067.952155,38.279292,0.031663,False,False,False,False,True,True,True,1-circle,1.000000,4123.407465,19234.128869,1.034757,-0.004311,100.000000,100.000000,0.000000,0.000000,2,4,4,0.0000,0.0000,0.0000,0.5000,"Accelerate",-0.013822
2345,A0100,pursuit_chase_v1,UNKNOWN,15700.692498,27247.432017,5152.567983,6376.822692,27901.943917,16687.876806,505.503095,28000.405545,359.402248,5067.952155,38.279292,0.031663,False,False,False,False,True,True,True,1-circle,1.000000,4123.407465,19234.128869,1.034757,-0.004311,100.000000,100.000000,0.000000,0.000000,2,4,4,0.0000,0.0000,0.0000,0.5000,"PursuitChaseOptimal",0.015745
2345,B0100,aggressive,UNKNOWN,15700.692498,27247.432017,5152.567983,6376.822692,27901.943917,16687.876806,505.503095,28000.405545,359.402248,5067.952155,38.279292,0.031663,False,False,False,False,True,True,True,1-circle,1.000000,4123.407465,19234.128869,1.034757,-0.004311,100.000000,100.000000,0.000000,0.000000,2,4,4,0.0000,0.0000,0.0000,0.5000,"Accelerate",-0.016368
2346,A0100,pursuit_chase_v1,UNKNOWN,15695.711586,27286.387935,5113.612065,6394.498303,27944.353803,16688.388580,505.699080,28009.690835,185.705802,5103.462301,35.333154,0.033404,False,False,False,False,True,True,True,1-circle,1.000000,4129.120782,18851.558507,-1.092031,0.110647,100.000000,100.000000,0.000000,0.000000,2,4,4,0.0000,0.0000,0.0000,0.5000,"PursuitChaseOptimal",0.017773
2346,B0100,aggressive,UNKNOWN,15695.711586,27286.387935,5113.612065,6394.498303,27944.353803,16688.388580,505.699080,28009.690835,185.705802,5103.462301,35.333154,0.033404,False,False,False,False,True,True,True,1-circle,1.000000,4129.120782,18851.558507,-1.092031,0.110647,100.000000,100.000000,0.000000,0.000000,2,4,4,0.0000,0.0000,0.0000,0.5000,"Accelerate",-0.018170
2347,A0100,pursuit_chase_v1,UNKNOWN,15695.711586,27286.387935,5113.612065,6394.498303,27944.353803,16688.388580,505.699080,28009.690835,185.705802,5103.462301,35.333154,0.033404,False,False,False,False,True,True,True,1-circle,1.000000,4129.120782,18851.558507,-1.092031,0.110647,100.000000,100.000000,0.000000,0.000000,2,4,4,0.0000,0.0000,0.0000,0.5000,"PursuitChaseOptimal",0.017577
2347,B0100,aggressive,UNKNOWN,15695.711586,27286.387935,5113.612065,6394.498303,27944.353803,16688.388580,505.699080,28009.690835,185.705802,5103.462301,35.333154,0.033404,False,False,False,False,True,True,True,1-circle,1.000000,4129.120782,18851.558507,-1.092031,0.110647,100.000000,100.000000,0.000000,0.000000,2,4,4,0.0000,0.0000,0.0000,0.5000,"Accelerate",-0.018491
2348,A0100,pursuit_chase_v1,UNKNOWN,15691.100646,27314.116512,5085.883488,6419.210109,27982.590358,16688.933005,506.094183,28027.932863,364.840569,5152.042835,32.389176,0.006793,False,False,False,False,True,True,True,1-circle,1.000000,4134.254591,19087.966265,0.222277,0.192725,100.000000,100.000000,0.000000,0.000000,2,4,4,0.0000,0.0000,0.0000,0.5000,"PursuitChaseOptimal",0.011647
2348,B0100,aggressive,UNKNOWN,15691.100646,27314.116512,5085.883488,6419.210109,27982.590358,16688.933005,506.094183,28027.932863,364.840569,5152.042835,32.389176,0.006793,False,False,False,False,True,True,True,1-circle,1.000000,4134.254591,19087.966265,0.222277,0.192725,100.000000,100.000000,0.000000,0.000000,2,4,4,0.0000,0.0000,0.0000,0.5000,"Accelerate",-0.012511
2349,A0100,pursuit_chase_v1,UNKNOWN,15691.100646,27314.116512,5085.883488,6419.210109,27982.590358,16688.933005,506.094183,28027.932863,364.840569,5152.042835,32.389176,0.006793,False,False,False,False,True,True,True,1-circle,1.000000,4134.254591,19087.966265,0.222277,0.192725,100.000000,100.000000,0.000000,0.000000,2,4,4,0.0000,0.0000,0.0000,0.5000,"PursuitChaseOptimal",0.000675
2349,B0100,aggressive,UNKNOWN,15691.100646,27314.116512,5085.883488,6419.210109,27982.590358,16688.933005,506.094183,28027.932863,364.840569,5152.042835,32.389176,0.006793,False,False,False,False,True,True,True,1-circle,1.000000,4134.254591,19087.966265,0.222277,0.192725,100.000000,100.000000,0.000000,0.000000,2,4,4,0.0000,0.0000,0.0000,0.5000,"Accelerate",-0.001945
2350,A0100,pursuit_chase_v1,UNKNOWN,15686.862027,27347.609844,5052.390156,6436.387293,28021.952006,16689.433453,506.336984,28039.315803,227.658805,5186.723782,29.683607,0.017491,False,False,False,False,True,True,True,1-circle,1.000000,4138.907268,19150.496390,0.572554,0.012556,100.000000,100.000000,0.000000,0.000000,2,4,4,0.0000,0.0000,0.0000,0.5000,"PursuitChaseOptimal",-0.010361
2350,B0100,aggressive,UNKNOWN,15686.862027,27347.609844,5052.390156,6436.387293,28021.952006,16689.433453,506.336984,28039.315803,227.658805,5186.723782,29.683607,0.017491,False,False,False,False,True,True,True,1-circle,1.000000,4138.907268,19150.496390,0.572554,0.012556,100.000000,100.000000,0.000000,0.000000,2,4,4,0.0000,0.0000,0.0000,0.5000,"Accelerate",0.008382
2351,A0100,pursuit_chase_v1,UNKNOWN,15686.862027,27347.609844,5052.390156,6436.387293,28021.952006,16689.433453,506.336984,28039.315803,227.658805,5186.723782,29.683607,0.017491,False,False,False,False,True,True,True,1-circle,1.000000,4138.907268,19150.496390,0.572554,0.012556,100.000000,100.000000,0.000000,0.000000,2,4,4,0.0000,0.0000,0.0000,0.5000,"PursuitChaseOptimal",-0.022030
2351,B0100,aggressive,UNKNOWN,15686.862027,27347.609844,5052.390156,6436.387293,28021.952006,16689.433453,506.336984,28039.315803,227.658805,5186.723782,29.683607,0.017491,False,False,False,False,True,True,True,1-circle,1.000000,4138.907268,19150.496390,0.572554,0.012556,100.000000,100.000000,0.000000,0.000000,2,4,4,0.0000,0.0000,0.0000,0.5000,"Accelerate",0.019452
2352,A0100,pursuit_chase_v1,UNKNOWN,15682.964984,27383.367263,5016.632737,6443.257328,28062.860919,16690.018320,506.631884,28053.125242,276.188773,5222.198703,27.278466,0.023900,False,False,False,False,True,True,True,1-circle,1.000000,4143.139842,18905.729285,-0.782725,0.267007,100.000000,100.000000,0.000000,0.000000,2,4,4,0.0000,0.0000,0.0000,0.5000,"PursuitChaseOptimal",-0.034714
2352,B0100,aggressive,UNKNOWN,15682.964984,27383.367263,5016.632737,6443.257328,28062.860919,16690.018320,506.631884,28053.125242,276.188773,5222.198703,27.278466,0.023900,False,False,False,False,True,True,True,1-circle,1.000000,4143.139842,18905.729285,-0.782725,0.267007,100.000000,100.000000,0.000000,0.000000,2,4,4,0.0000,0.0000,0.0000,0.5000,"Accelerate",0.031159
2353,A0100,pursuit_chase_v1,UNKNOWN,15682.964984,27383.367263,5016.632737,6443.257328,28062.860919,16690.018320,506.631884,28053.125242,276.188773,5222.198703,27.278466,0.023900,False,False,False,False,True,True,True,1-circle,1.000000,4143.139842,18905.729285,-0.782725,0.267007,100.000000,100.000000,0.000000,0.000000,2,4,4,0.0000,0.0000,0.0000,0.5000,"PursuitChaseOptimal",-0.046771
2353,B0100,aggressive,UNKNOWN,15682.964984,27383.367263,5016.632737,6443.257328,28062.860919,16690.018320,506.631884,28053.125242,276.188773,5222.198703,27.278466,0.023900,False,False,False,False,True,True,True,1-circle,1.000000,4143.139842,18905.729285,-0.782725,0.267007,100.000000,100.000000,0.000000,0.000000,2,4,4,0.0000,0.0000,0.0000,0.5000,"Accelerate",0.042983
2354,A0100,pursuit_chase_v1,UNKNOWN,15679.422073,27410.575686,4989.424314,6450.320111,28101.256462,16690.561772,507.018550,28071.020172,357.898602,5261.466242,25.371340,0.044030,False,False,False,False,True,True,True,1-circle,1.000000,4147.309103,19305.448004,1.442816,0.062203,100.000000,100.000000,0.000000,0.000000,2,4,4,0.0000,0.0000,0.0000,0.5000,"PursuitChaseOptimal",-0.038777
2354,B0100,aggressive,UNKNOWN,15679.422073,27410.575686,4989.424314,6450.320111,28101.256462,16690.561772,507.018550,28071.020172,357.898602,5261.466242,25.371340,0.044030,False,False,False,False,True,True,True,1-circle,1.000000,4147.309103,19305.448004,1.442816,0.062203,100.000000,100.000000,0.000000,0.000000,2,4,4,0.0000,0.0000,0.0000,0.5000,"Accelerate",0.035645
2355,A0100,pursuit_chase_v1,UNKNOWN,15679.422073,27410.575686,4989.424314,6450.320111,28101.256462,16690.561772,507.018550,28071.020172,357.898602,5261.466242,25.371340,0.044030,False,False,False,False,True,True,True,1-circle,1.000000,4147.309103,19305.448004,1.442816,0.062203,100.000000,100.000000,0.000000,0.000000,2,4,4,0.0000,0.0000,0.0000,0.5000,"PursuitChaseOptimal",-0.028418
2355,B0100,aggressive,UNKNOWN,15679.422073,27410.575686,4989.424314,6450.320111,28101.256462,16690.561772,507.018550,28071.020172,357.898602,5261.466242,25.371340,0.044030,False,False,False,False,True,True,True,1-circle,1.000000,4147.309103,19305.448004,1.442816,0.062203,100.000000,100.000000,0.000000,0.000000,2,4,4,0.0000,0.0000,0.0000,0.5000,"Accelerate",0.025728
2356,A0100,pursuit_chase_v1,UNKNOWN,15676.221503,27450.540459,4949.459541,6452.555001,28144.142710,16691.137043,507.206611,28080.039403,180.384623,5293.388657,23.110470,0.019789,False,False,False,False,True,True,True,1-circle,1.000000,4151.438703,18928.037063,-0.648793,0.169367,100.000000,100.000000,0.000000,0.000000,2,5,4,0.0000,0.0000,0.0000,0.5000,"PursuitChaseOptimal",-0.017436
2356,B0100,aggressive,UNKNOWN,15676.221503,27450.540459,4949.459541,6452.555001,28144.142710,16691.137043,507.206611,28080.039403,180.384623,5293.388657,23.110470,0.019789,False,False,False,False,True,True,True,1-circle,1.000000,4151.438703,18928.037063,-0.648793,0.169367,100.000000,100.000000,0.000000,0.000000,2,4,4,0.0000,0.0000,0.0000,0.5000,"Accelerate",0.015271
2357,A0100,pursuit_chase_v1,UNKNOWN,15676.221503,27450.540459,4949.459541,6452.555001,28144.142710,16691.137043,507.206611,28080.039403,180.384623,5293.388657,23.110470,0.019789,False,False,False,False,True,True,True,1-circle,1.000000,4151.438703,18928.037063,-0.648793,0.169367,100.000000,100.000000,0.000000,0.000000,2,5,4,0.0000,0.0000,0.0000,0.5000,"PursuitChaseOptimal",0.009279
2357,B0100,aggressive,UNKNOWN,15676.221503,27450.540459,4949.459541,6452.555001,28144.142710,16691.137043,507.206611,28080.039403,180.384623,5293.388657,23.110470,0.019789,False,False,False,False,True,True,True,1-circle,1.000000,4151.438703,18928.037063,-0.648793,0.169367,100.000000,100.000000,0.000000,0.000000,2,4,4,0.0000,0.0000,0.0000,0.5000,"Accelerate",-0.010326
2358,A0100,pursuit_chase_v1,UNKNOWN,15673.372308,27478.545141,4921.454859,6467.682598,28180.761329,16691.755748,507.561836,28096.616241,331.536759,5325.507200,20.734577,0.010861,False,False,False,False,True,True,True,1-circle,1.000000,4155.330510,19107.863815,0.356336,0.244174,100.000000,100.000000,0.000000,0.000000,2,5,4,0.0000,0.0000,0.0000,0.5000,"PursuitChaseOptimal",0.029685
2358,B0100,aggressive,UNKNOWN,15673.372308,27478.545141,4921.454859,6467.682598,28180.761329,16691.755748,507.561836,28096.616241,331.536759,5325.507200,20.734577,0.010861,False,False,False,False,True,True,True,1-circle,1.000000,4155.330510,19107.863815,0.356336,0.244174,100.000000,100.000000,0.000000,0.000000,2,4,4,0.0000,0.0000,0.0000,0.5000,"Accelerate",-0.029796
2359,A0100,pursuit_chase_v1,UNKNOWN,15673.372308,27478.545141,4921.454859,6467.682598,28180.761329,16691.755748,507.561836,28096.616241,331.536759,5325.507200,20.734577,0.010861,False,False,False,False,True,True,True,1-circle,1.000000,4155.330510,19107.863815,0.356336,0.244174,100.000000,100.000000,0.000000,0.000000,2,5,4,0.0000,0.0000,0.0000,0.5000,"PursuitChaseOptimal",0.046892
2359,B0100,aggressive,UNKNOWN,15673.372308,27478.545141,4921.454859,6467.682598,28180.761329,16691.755748,507.561836,28096.616241,331.536759,5325.507200,20.734577,0.010861,False,False,False,False,True,True,True,1-circle,1.000000,4155.330510,19107.863815,0.356336,0.244174,100.000000,100.000000,0.000000,0.000000,2,4,4,0.0000,0.0000,0.0000,0.5000,"Accelerate",-0.046108
2360,A0100,pursuit_chase_v1,UNKNOWN,15670.818450,27517.120832,4882.879168,6478.154825,28223.908910,16692.394509,507.748812,28105.659242,180.860021,5333.051413,17.908605,0.054886,False,False,False,False,True,True,True,1-circle,1.000000,4158.645407,18718.099679,-1.800768,0.048809,100.000000,100.000000,0.000000,0.000000,2,5,4,0.0000,0.0000,0.0000,0.5000,"PursuitChaseOptimal",0.056353
2360,B0100,aggressive,UNKNOWN,15670.818450,27517.120832,4882.879168,6478.154825,28223.908910,16692.394509,507.748812,28105.659242,180.860021,5333.051413,17.908605,0.054886,False,False,False,False,True,True,True,1-circle,1.000000,4158.645407,18718.099679,-1.800768,0.048809,100.000000,100.000000,0.000000,0.000000,2,4,4,0.0000,0.0000,0.0000,0.5000,"Accelerate",-0.055185
2361,A0100,pursuit_chase_v1,UNKNOWN,15670.818450,27517.120832,4882.879168,6478.154825,28223.908910,16692.394509,507.748812,28105.659242,180.860021,5333.051413,17.908605,0.054886,False,False,False,False,True,True,True,1-circle,1.000000,4158.645407,18718.099679,-1.800768,0.048809,100.000000,100.000000,0.000000,0.000000,2,5,4,0.0000,0.0000,0.0000,0.5000,"PursuitChaseOptimal",0.053719
2361,B0100,aggressive,UNKNOWN,15670.818450,27517.120832,4882.879168,6478.154825,28223.908910,16692.394509,507.748812,28105.659242,180.860021,5333.051413,17.908605,0.054886,False,False,False,False,True,True,True,1-circle,1.000000,4158.645407,18718.099679,-1.800768,0.048809,100.000000,100.000000,0.000000,0.000000,2,4,4,0.0000,0.0000,0.0000,0.5000,"Accelerate",-0.052926
2362,A0100,pursuit_chase_v1,UNKNOWN,15668.556415,27543.471776,4856.528224,6505.496982,28264.465387,16693.018872,508.142844,28124.004674,366.908634,5346.488585,14.761264,0.014594,False,False,False,False,True,True,True,1-circle,1.000000,4161.081316,18953.891150,-0.479303,-0.020056,100.000000,100.000000,0.000000,0.000000,2,5,4,0.0000,0.0000,0.0000,0.5000,"PursuitChaseOptimal",0.037372
2362,B0100,aggressive,UNKNOWN,15668.556415,27543.471776,4856.528224,6505.496982,28264.465387,16693.018872,508.142844,28124.004674,366.908634,5346.488585,14.761264,0.014594,False,False,False,False,True,True,True,1-circle,1.000000,4161.081316,18953.891150,-0.479303,-0.020056,100.000000,100.000000,0.000000,0.000000,2,4,4,0.0000,0.0000,0.0000,0.5000,"Accelerate",-0.037051
2363,A0100,pursuit_chase_v1,UNKNOWN,15668.556415,27543.471776,4856.528224,6505.496982,28264.465387,16693.018872,508.142844,28124.004674,366.908634,5346.488585,14.761264,0.014594,False,False,False,False,True,True,True,1-circle,1.000000,4161.081316,18953.891150,-0.479303,-0.020056,100.000000,100.000000,0.000000,0.000000,2,5,4,0.0000,0.0000,0.0000,0.5000,"PursuitChaseOptimal",0.019907
2363,B0100,aggressive,UNKNOWN,15668.556415,27543.471776,4856.528224,6505.496982,28264.465387,16693.018872,508.142844,28124.004674,366.908634,5346.488585,14.761264,0.014594,False,False,False,False,True,True,True,1-circle,1.000000,4161.081316,18953.891150,-0.479303,-0.020056,100.000000,100.000000,0.000000,0.000000,2,4,4,0.0000,0.0000,0.0000,0.5000,"Accelerate",-0.020431
2364,A0100,pursuit_chase_v1,UNKNOWN,15666.611359,27573.323526,4826.676474,6539.779849,28305.164576,16693.523547,508.414804,28136.748457,254.875670,5344.609374,11.805023,0.004653,False,False,False,False,True,True,True,1-circle,1.000000,4162.671696,19009.995519,-0.152903,-0.262541,100.000000,100.000000,0.000000,0.000000,2,5,4,0.0000,0.0000,0.0000,0.5000,"PursuitChaseOptimal",0.006079
2364,B0100,aggressive,UNKNOWN,15666.611359,27573.323526,4826.676474,6539.779849,28305.164576,16693.523547,508.414804,28136.748457,254.875670,5344.609374,11.805023,0.004653,False,False,False,False,True,True,True,1-circle,1.000000,4162.671696,19009.995519,-0.152903,-0.262541,100.000000,100.000000,0.000000,0.000000,2,4,4,0.0000,0.0000,0.0000,0.5000,"Accelerate",-0.007305
2365,A0100,pursuit_chase_v1,UNKNOWN,15666.611359,27573.323526,4826.676474,6539.779849,28305.164576,16693.523547,508.414804,28136.748457,254.875670,5344.609374,11.805023,0.004653,False,False,False,False,True,True,True,1-circle,1.000000,4162.671696,19009.995519,-0.152903,-0.262541,100.000000,100.000000,0.000000,0.000000,2,5,4,0.0000,0.0000,0.0000,0.5000,"PursuitChaseOptimal",-0.014851
2365,B0100,aggressive,UNKNOWN,15666.611359,27573.323526,4826.676474,6539.779849,28305.164576,16693.523547,508.414804,28136.748457,254.875670,5344.609374,11.805023,0.004653,False,False,False,False,True,True,True,1-circle,1.000000,4162.671696,19009.995519,-0.152903,-0.262541,100.000000,100.000000,0.000000,0.000000,2,4,4,0.0000,0.0000,0.0000,0.5000,"Accelerate",0.012314
2366,A0100,pursuit_chase_v1,UNKNOWN,15664.950708,27605.536029,4794.463971,6544.179497,28346.477199,16694.024321,508.655381,28148.081460,226.660052,5345.336179,9.812075,0.043597,False,False,False,False,True,True,True,1-circle,1.000000,4163.621356,18776.517981,-1.432924,-0.063689,100.000000,100.000000,0.000000,0.000000,2,5,4,0.0000,0.0000,0.0000,0.5000,"PursuitChaseOptimal",-0.018252
2366,B0100,aggressive,UNKNOWN,15664.950708,27605.536029,4794.463971,6544.179497,28346.477199,16694.024321,508.655381,28148.081460,226.660052,5345.336179,9.812075,0.043597,False,False,False,False,True,True,True,1-circle,1.000000,4163.621356,18776.517981,-1.432924,-0.063689,100.000000,100.000000,0.000000,0.000000,2,4,4,0.0000,0.0000,0.0000,0.5000,"Accelerate",0.015149
2367,A0100,pursuit_chase_v1,UNKNOWN,15664.950708,27605.536029,4794.463971,6544.179497,28346.477199,16694.024321,508.655381,28148.081460,226.660052,5345.336179,9.812075,0.043597,False,False,False,False,True,True,True,1-circle,1.000000,4163.621356,18776.517981,-1.432924,-0.063689,100.000000,100.000000,0.000000,0.000000,2,5,4,0.0000,0.0000,0.0000,0.5000,"PursuitChaseOptimal",-0.014265
2367,B0100,aggressive,UNKNOWN,15664.950708,27605.536029,4794.463971,6544.179497,28346.477199,16694.024321,508.655381,28148.081460,226.660052,5345.336179,9.812075,0.043597,False,False,False,False,True,True,True,1-circle,1.000000,4163.621356,18776.517981,-1.432924,-0.063689,100.000000,100.000000,0.000000,0.000000,2,4,4,0.0000,0.0000,0.0000,0.5000,"Accelerate",0.011820
2368,A0100,pursuit_chase_v1,UNKNOWN,15663.501956,27631.995677,4768.004323,6495.453309,28387.500174,16694.410698,509.019413,28164.868468,335.740167,5346.714366,9.507884,0.023399,False,False,False,False,True,True,True,1-circle,1.000000,4164.646325,19169.991785,0.769690,-0.206387,100.000000,100.000000,0.000000,0.000000,2,5,4,0.0000,0.0000,0.0000,0.5000,"PursuitChaseOptimal",-0.012051
2368,B0100,aggressive,UNKNOWN,15663.501956,27631.995677,4768.004323,6495.453309,28387.500174,16694.410698,509.019413,28164.868468,335.740167,5346.714366,9.507884,0.023399,False,False,False,False,True,True,True,1-circle,1.000000,4164.646325,19169.991785,0.769690,-0.206387,100.000000,100.000000,0.000000,0.000000,2,4,4,0.0000,0.0000,0.0000,0.5000,"Accelerate",0.009959
2369,A0100,pursuit_chase_v1,UNKNOWN,15663.501956,27631.995677,4768.004323,6495.453309,28387.500174,16694.410698,509.019413,28164.868468,335.740167,5346.714366,9.507884,0.023399,False,False,False,False,True,True,True,1-circle,1.000000,4164.646325,19169.991785,0.769690,-0.206387,100.000000,100.000000,0.000000,0.000000,2,5,4,0.0000,0.0000,0.0000,0.5000,"PursuitChaseOptimal",-0.010024
2369,B0100,aggressive,UNKNOWN,15663.501956,27631.995677,4768.004323,6495.453309,28387.500174,16694.410698,509.019413,28164.868468,335.740167,5346.714366,9.507884,0.023399,False,False,False,False,True,True,True,1-circle,1.000000,4164.646325,19169.991785,0.769690,-0.206387,100.000000,100.000000,0.000000,0.000000,2,4,4,0.0000,0.0000,0.0000,0.5000,"Accelerate",0.007993
2370,A0100,pursuit_chase_v1,UNKNOWN,15662.132540,27671.381974,4728.618026,6406.724637,28431.551102,16694.785065,509.199961,28173.381375,170.258126,5343.425626,9.785762,0.041393,False,False,False,False,True,True,True,1-circle,1.000000,4166.022243,18783.614345,-1.361891,-0.050281,100.000000,100.000000,0.000000,0.000000,2,5,4,0.0000,0.0000,0.0000,0.5000,"PursuitChaseOptimal",-0.007431
2370,B0100,aggressive,UNKNOWN,15662.132540,27671.381974,4728.618026,6406.724637,28431.551102,16694.785065,509.199961,28173.381375,170.258126,5343.425626,9.785762,0.041393,False,False,False,False,True,True,True,1-circle,1.000000,4166.022243,18783.614345,-1.361891,-0.050281,100.000000,100.000000,0.000000,0.000000,2,4,4,0.0000,0.0000,0.0000,0.5000,"Accelerate",0.005666
2371,A0100,pursuit_chase_v1,UNKNOWN,15662.132540,27671.381974,4728.618026,6406.724637,28431.551102,16694.785065,509.199961,28173.381375,170.258126,5343.425626,9.785762,0.041393,False,False,False,False,True,True,True,1-circle,1.000000,4166.022243,18783.614345,-1.361891,-0.050281,100.000000,100.000000,0.000000,0.000000,2,5,4,0.0000,0.0000,0.0000,0.5000,"PursuitChaseOptimal",-0.004683
2371,B0100,aggressive,UNKNOWN,15662.132540,27671.381974,4728.618026,6406.724637,28431.551102,16694.785065,509.199961,28173.381375,170.258126,5343.425626,9.785762,0.041393,False,False,False,False,True,True,True,1-circle,1.000000,4166.022243,18783.614345,-1.361891,-0.050281,100.000000,100.000000,0.000000,0.000000,2,4,4,0.0000,0.0000,0.0000,0.5000,"Accelerate",0.002583
2372,A0100,pursuit_chase_v1,UNKNOWN,15660.828078,27698.223841,4701.776159,6298.800907,28470.170660,16695.170740,509.571405,28190.519637,342.765246,5371.698154,10.383943,0.000899,False,False,False,False,True,True,True,1-circle,1.000000,4167.931901,19031.830786,0.029608,0.049536,100.000000,100.000000,0.000000,0.000000,2,5,4,0.0000,0.0000,0.0000,0.5000,"PursuitChaseOptimal",-0.001897
2372,B0100,aggressive,UNKNOWN,15660.828078,27698.223841,4701.776159,6298.800907,28470.170660,16695.170740,509.571405,28190.519637,342.765246,5371.698154,10.383943,0.000899,False,False,False,False,True,True,True,1-circle,1.000000,4167.931901,19031.830786,0.029608,0.049536,100.000000,100.000000,0.000000,0.000000,2,4,4,0.0000,0.0000,0.0000,0.5000,"Accelerate",0.000360
2373,A0100,pursuit_chase_v1,UNKNOWN,15660.828078,27698.223841,4701.776159,6298.800907,28470.170660,16695.170740,509.571405,28190.519637,342.765246,5371.698154,10.383943,0.000899,False,False,False,False,True,True,True,1-circle,1.000000,4167.931901,19031.830786,0.029608,0.049536,100.000000,100.000000,0.000000,0.000000,2,5,4,0.0000,0.0000,0.0000,0.5000,"PursuitChaseOptimal",0.000981
2373,B0100,aggressive,UNKNOWN,15660.828078,27698.223841,4701.776159,6298.800907,28470.170660,16695.170740,509.571405,28190.519637,342.765246,5371.698154,10.383943,0.000899,False,False,False,False,True,True,True,1-circle,1.000000,4167.931901,19031.830786,0.029608,0.049536,100.000000,100.000000,0.000000,0.000000,2,4,4,0.0000,0.0000,0.0000,0.5000,"Accelerate",-0.002129
2374,A0100,pursuit_chase_v1,UNKNOWN,15659.600396,27731.117530,4668.882470,6175.029143,28509.182394,16695.506356,509.783729,28200.436823,198.343723,5401.474521,10.989844,0.012294,False,False,False,False,True,True,True,1-circle,1.000000,4170.520917,19097.684666,0.404988,-0.115791,100.000000,100.000000,0.000000,0.000000,2,5,4,0.0000,0.0000,0.0000,0.5000,"PursuitChaseOptimal",0.004048
2374,B0100,aggressive,UNKNOWN,15659.600396,27731.117530,4668.882470,6175.029143,28509.182394,16695.506356,509.783729,28200.436823,198.343723,5401.474521,10.989844,0.012294,False,False,False,False,True,True,True,1-circle,1.000000,4170.520917,19097.684666,0.404988,-0.115791,100.000000,100.000000,0.000000,0.000000,2,4,4,0.0000,0.0000,0.0000,0.5000,"Accelerate",-0.005106
2375,A0100,pursuit_chase_v1,UNKNOWN,15659.600396,27731.117530,4668.882470,6175.029143,28509.182394,16695.506356,509.783729,28200.436823,198.343723,5401.474521,10.989844,0.012294,False,False,False,False,True,True,True,1-circle,1.000000,4170.520917,19097.684666,0.404988,-0.115791,100.000000,100.000000,0.000000,0.000000,2,5,4,0.0000,0.0000,0.0000,0.5000,"PursuitChaseOptimal",0.007190
2375,B0100,aggressive,UNKNOWN,15659.600396,27731.117530,4668.882470,6175.029143,28509.182394,16695.506356,509.783729,28200.436823,198.343723,5401.474521,10.989844,0.012294,False,False,False,False,True,True,True,1-circle,1.000000,4170.520917,19097.684666,0.404988,-0.115791,100.000000,100.000000,0.000000,0.000000,2,4,4,0.0000,0.0000,0.0000,0.5000,"Accelerate",-0.007975
2376,A0100,pursuit_chase_v1,UNKNOWN,15658.434838,27764.303908,4635.696092,6041.877396,28547.487149,16695.929021,510.048403,28212.809032,247.444174,5441.759057,11.457200,0.027827,False,False,False,False,True,True,True,1-circle,1.000000,4173.658637,18858.464717,-0.917051,0.149559,100.000000,100.000000,0.000000,0.000000,2,5,4,0.0000,0.0000,0.0000,0.5000,"PursuitChaseOptimal",0.010374
2376,B0100,aggressive,UNKNOWN,15658.434838,27764.303908,4635.696092,6041.877396,28547.487149,16695.929021,510.048403,28212.809032,247.444174,5441.759057,11.457200,0.027827,False,False,False,False,True,True,True,1-circle,1.000000,4173.658637,18858.464717,-0.917051,0.149559,100.000000,100.000000,0.000000,0.000000,2,4,4,0.0000,0.0000,0.0000,0.5000,"Accelerate",-0.011211
2377,A0100,pursuit_chase_v1,UNKNOWN,15658.434838,27764.303908,4635.696092,6041.877396,28547.487149,16695.929021,510.048403,28212.809032,247.444174,5441.759057,11.457200,0.027827,False,False,False,False,True,True,True,1-circle,1.000000,4173.658637,18858.464717,-0.917051,0.149559,100.000000,100.000000,0.000000,0.000000,2,5,4,0.0000,0.0000,0.0000,0.5000,"PursuitChaseOptimal",0.013702
2377,B0100,aggressive,UNKNOWN,15658.434838,27764.303908,4635.696092,6041.877396,28547.487149,16695.929021,510.048403,28212.809032,247.444174,5441.759057,11.457200,0.027827,False,False,False,False,True,True,True,1-circle,1.000000,4173.658637,18858.464717,-0.917051,0.149559,100.000000,100.000000,0.000000,0.000000,2,4,4,0.0000,0.0000,0.0000,0.5000,"Accelerate",-0.014207
2378,A0100,pursuit_chase_v1,UNKNOWN,15657.344091,27795.214937,4604.785063,5901.017174,28586.165677,16696.348060,510.299909,28224.588863,235.596614,5485.434150,11.894745,0.017650,False,False,False,False,True,True,True,1-circle,1.000000,4177.403193,18918.022564,-0.581964,-0.054010,100.000000,100.000000,0.000000,0.000000,2,4,4,0.0000,0.0000,0.0000,0.5000,"PursuitChaseOptimal",0.021666
2378,B0100,aggressive,UNKNOWN,15657.344091,27795.214937,4604.785063,5901.017174,28586.165677,16696.348060,510.299909,28224.588863,235.596614,5485.434150,11.894745,0.017650,False,False,False,False,True,True,True,1-circle,1.000000,4177.403193,18918.022564,-0.581964,-0.054010,100.000000,100.000000,0.000000,0.000000,2,4,4,0.0000,0.0000,0.0000,0.5000,"Accelerate",-0.021637
2379,A0100,pursuit_chase_v1,UNKNOWN,15657.344091,27795.214937,4604.785063,5901.017174,28586.165677,16696.348060,510.299909,28224.588863,235.596614,5485.434150,11.894745,0.017650,False,False,False,False,True,True,True,1-circle,1.000000,4177.403193,18918.022564,-0.581964,-0.054010,100.000000,100.000000,0.000000,0.000000,2,4,4,0.0000,0.0000,0.0000,0.5000,"PursuitChaseOptimal",0.016788
2379,B0100,aggressive,UNKNOWN,15657.344091,27795.214937,4604.785063,5901.017174,28586.165677,16696.348060,510.299909,28224.588863,235.596614,5485.434150,11.894745,0.017650,False,False,False,False,True,True,True,1-circle,1.000000,4177.403193,18918.022564,-0.581964,-0.054010,100.000000,100.000000,0.000000,0.000000,2,4,4,0.0000,0.0000,0.0000,0.5000,"Accelerate",-0.017221
2380,A0100,pursuit_chase_v1,UNKNOWN,15656.317059,27824.006347,4575.993653,5754.281312,28623.253990,16696.826631,510.517548,28234.902943,206.281617,5527.393827,12.360515,0.056396,False,False,False,False,True,True,True,1-circle,1.000000,4181.634599,18687.701893,-1.859660,-0.045205,100.000000,100.000000,0.000000,0.000000,2,4,4,0.0000,0.0000,0.0000,0.5000,"PursuitChaseOptimal",0.016407
2380,B0100,aggressive,UNKNOWN,15656.317059,27824.006347,4575.993653,5754.281312,28623.253990,16696.826631,510.517548,28234.902943,206.281617,5527.393827,12.360515,0.056396,False,False,False,False,True,True,True,1-circle,1.000000,4181.634599,18687.701893,-1.859660,-0.045205,100.000000,100.000000,0.000000,0.000000,2,4,4,0.0000,0.0000,0.0000,0.5000,"Accelerate",-0.017138
2381,A0100,pursuit_chase_v1,UNKNOWN,15656.317059,27824.006347,4575.993653,5754.281312,28623.253990,16696.826631,510.517548,28234.902943,206.281617,5527.393827,12.360515,0.056396,False,False,False,False,True,True,True,1-circle,1.000000,4181.634599,18687.701893,-1.859660,-0.045205,100.000000,100.000000,0.000000,0.000000,2,4,4,0.0000,0.0000,0.0000,0.5000,"PursuitChaseOptimal",0.003855
2381,B0100,aggressive,UNKNOWN,15656.317059,27824.006347,4575.993653,5754.281312,28623.253990,16696.826631,510.517548,28234.902943,206.281617,5527.393827,12.360515,0.056396,False,False,False,False,True,True,True,1-circle,1.000000,4181.634599,18687.701893,-1.859660,-0.045205,100.000000,100.000000,0.000000,0.000000,2,4,4,0.0000,0.0000,0.0000,0.5000,"Accelerate",-0.005132
2382,A0100,pursuit_chase_v1,UNKNOWN,15655.370620,27844.012100,4555.987900,5621.088240,28659.416905,16697.208090,510.894488,28252.328936,348.519859,5575.157879,12.728379,0.013911,False,False,False,False,True,True,True,1-circle,1.000000,4186.467027,19105.247166,0.459200,-0.268924,100.000000,100.000000,0.000000,0.000000,2,4,4,0.0000,0.0000,0.0000,0.5000,"PursuitChaseOptimal",-0.006005
2382,B0100,aggressive,UNKNOWN,15655.370620,27844.012100,4555.987900,5621.088240,28659.416905,16697.208090,510.894488,28252.328936,348.519859,5575.157879,12.728379,0.013911,False,False,False,False,True,True,True,1-circle,1.000000,4186.467027,19105.247166,0.459200,-0.268924,100.000000,100.000000,0.000000,0.000000,2,4,4,0.0000,0.0000,0.0000,0.5000,"Accelerate",0.004377
2383,A0100,pursuit_chase_v1,UNKNOWN,15655.370620,27844.012100,4555.987900,5621.088240,28659.416905,16697.208090,510.894488,28252.328936,348.519859,5575.157879,12.728379,0.013911,False,False,False,False,True,True,True,1-circle,1.000000,4186.467027,19105.247166,0.459200,-0.268924,100.000000,100.000000,0.000000,0.000000,2,4,4,0.0000,0.0000,0.0000,0.5000,"PursuitChaseOptimal",-0.012390
2383,B0100,aggressive,UNKNOWN,15655.370620,27844.012100,4555.987900,5621.088240,28659.416905,16697.208090,510.894488,28252.328936,348.519859,5575.157879,12.728379,0.013911,False,False,False,False,True,True,True,1-circle,1.000000,4186.467027,19105.247166,0.459200,-0.268924,100.000000,100.000000,0.000000,0.000000,2,4,4,0.0000,0.0000,0.0000,0.5000,"Accelerate",0.010522
2384,A0100,pursuit_chase_v1,UNKNOWN,15654.540425,27873.727484,4526.272516,5517.465689,28697.186782,16697.543753,511.024638,28258.552688,124.475038,5610.970156,12.569413,0.050969,False,False,False,False,True,True,True,1-circle,1.000000,4191.799962,18720.312678,-1.682386,-0.315868,100.000000,100.000000,0.000000,0.000000,2,4,4,0.0000,0.0000,0.0000,0.5000,"PursuitChaseOptimal",-0.016513
2384,B0100,aggressive,UNKNOWN,15654.540425,27873.727484,4526.272516,5517.465689,28697.186782,16697.543753,511.024638,28258.552688,124.475038,5610.970156,12.569413,0.050969,False,False,False,False,True,True,True,1-circle,1.000000,4191.799962,18720.312678,-1.682386,-0.315868,100.000000,100.000000,0.000000,0.000000,2,4,4,0.0000,0.0000,0.0000,0.5000,"Accelerate",0.014290
2385,A0100,pursuit_chase_v1,UNKNOWN,15654.540425,27873.727484,4526.272516,5517.465689,28697.186782,16697.543753,511.024638,28258.552688,124.475038,5610.970156,12.569413,0.050969,False,False,False,False,True,True,True,1-circle,1.000000,4191.799962,18720.312678,-1.682386,-0.315868,100.000000,100.000000,0.000000,0.000000,2,4,4,0.0000,0.0000,0.0000,0.5000,"PursuitChaseOptimal",-0.018785
2385,B0100,aggressive,UNKNOWN,15654.540425,27873.727484,4526.272516,5517.465689,28697.186782,16697.543753,511.024638,28258.552688,124.475038,5610.970156,12.569413,0.050969,False,False,False,False,True,True,True,1-circle,1.000000,4191.799962,18720.312678,-1.682386,-0.315868,100.000000,100.000000,0.000000,0.000000,2,4,4,0.0000,0.0000,0.0000,0.5000,"Accelerate",0.016058
2386,A0100,pursuit_chase_v1,UNKNOWN,15653.859400,27892.378063,4507.621937,5448.223184,28731.928639,16697.847821,511.358833,28273.982818,308.602594,5645.692588,12.288611,0.006585,False,False,False,False,True,True,True,1-circle,1.000000,4197.515126,18984.830057,-0.217557,-0.185996,100.000000,100.000000,0.000000,0.000000,2,4,4,0.0000,0.0000,0.0000,0.5000,"PursuitChaseOptimal",-0.018793
2386,B0100,aggressive,UNKNOWN,15653.859400,27892.378063,4507.621937,5448.223184,28731.928639,16697.847821,511.358833,28273.982818,308.602594,5645.692588,12.288611,0.006585,False,False,False,False,True,True,True,1-circle,1.000000,4197.515126,18984.830057,-0.217557,-0.185996,100.000000,100.000000,0.000000,0.000000,2,4,4,0.0000,0.0000,0.0000,0.5000,"Accelerate",0.016500
2387,A0100,pursuit_chase_v1,UNKNOWN,15653.859400,27892.378063,4507.621937,5448.223184,28731.928639,16697.847821,511.358833,28273.982818,308.602594,5645.692588,12.288611,0.006585,False,False,False,False,True,True,True,1-circle,1.000000,4197.515126,18984.830057,-0.217557,-0.185996,100.000000,100.000000,0.000000,0.000000,2,4,4,0.0000,0.0000,0.0000,0.5000,"PursuitChaseOptimal",-0.015169
2387,B0100,aggressive,UNKNOWN,15653.859400,27892.378063,4507.621937,5448.223184,28731.928639,16697.847821,511.358833,28273.982818,308.602594,5645.692588,12.288611,0.006585,False,False,False,False,True,True,True,1-circle,1.000000,4197.515126,18984.830057,-0.217557,-0.185996,100.000000,100.000000,0.000000,0.000000,2,4,4,0.0000,0.0000,0.0000,0.5000,"Accelerate",0.013331
2388,A0100,pursuit_chase_v1,UNKNOWN,15653.337545,27917.085227,4482.914773,5405.428999,28766.145597,16698.056423,511.566966,28283.616752,192.678674,5664.601264,11.663192,0.005560,False,False,False,False,True,True,True,1-circle,1.000000,4203.553948,19058.155478,0.183762,-0.299179,100.000000,100.000000,0.000000,0.000000,2,4,4,0.0000,0.0000,0.0000,0.5000,"PursuitChaseOptimal",-0.010677
2388,B0100,aggressive,UNKNOWN,15653.337545,27917.085227,4482.914773,5405.428999,28766.145597,16698.056423,511.566966,28283.616752,192.678674,5664.601264,11.663192,0.005560,False,False,False,False,True,True,True,1-circle,1.000000,4203.553948,19058.155478,0.183762,-0.299179,100.000000,100.000000,0.000000,0.000000,2,4,4,0.0000,0.0000,0.0000,0.5000,"Accelerate",0.009111
2389,A0100,pursuit_chase_v1,UNKNOWN,15653.337545,27917.085227,4482.914773,5405.428999,28766.145597,16698.056423,511.566966,28283.616752,192.678674,5664.601264,11.663192,0.005560,False,False,False,False,True,True,True,1-circle,1.000000,4203.553948,19058.155478,0.183762,-0.299179,100.000000,100.000000,0.000000,0.000000,2,4,4,0.0000,0.0000,0.0000,0.5000,"PursuitChaseOptimal",-0.004741
2389,B0100,aggressive,UNKNOWN,15653.337545,27917.085227,4482.914773,5405.428999,28766.145597,16698.056423,511.566966,28283.616752,192.678674,5664.601264,11.663192,0.005560,False,False,False,False,True,True,True,1-circle,1.000000,4203.553948,19058.155478,0.183762,-0.299179,100.000000,100.000000,0.000000,0.000000,2,4,4,0.0000,0.0000,0.0000,0.5000,"Accelerate",0.003408
2390,A0100,pursuit_chase_v1,UNKNOWN,15652.978575,27943.832275,4456.167725,5388.627998,28800.389924,16698.320147,511.825237,28295.581658,239.298129,5682.640667,10.484699,0.030803,False,False,False,False,True,True,True,1-circle,1.000000,4209.572161,18842.856854,-1.018405,-0.006597,100.000000,100.000000,0.000000,0.000000,2,4,4,0.0000,0.0000,0.0000,0.5000,"PursuitChaseOptimal",0.002900
2390,B0100,aggressive,UNKNOWN,15652.978575,27943.832275,4456.167725,5388.627998,28800.389924,16698.320147,511.825237,28295.581658,239.298129,5682.640667,10.484699,0.030803,False,False,False,False,True,True,True,1-circle,1.000000,4209.572161,18842.856854,-1.018405,-0.006597,100.000000,100.000000,0.000000,0.000000,2,4,4,0.0000,0.0000,0.0000,0.5000,"Accelerate",-0.003996
2391,A0100,pursuit_chase_v1,UNKNOWN,15652.978575,27943.832275,4456.167725,5388.627998,28800.389924,16698.320147,511.825237,28295.581658,239.298129,5682.640667,10.484699,0.030803,False,False,False,False,True,True,True,1-circle,1.000000,4209.572161,18842.856854,-1.018405,-0.006597,100.000000,100.000000,0.000000,0.000000,2,4,4,0.0000,0.0000,0.0000,0.5000,"PursuitChaseOptimal",0.010176
2391,B0100,aggressive,UNKNOWN,15652.978575,27943.832275,4456.167725,5388.627998,28800.389924,16698.320147,511.825237,28295.581658,239.298129,5682.640667,10.484699,0.030803,False,False,False,False,True,True,True,1-circle,1.000000,4209.572161,18842.856854,-1.018405,-0.006597,100.000000,100.000000,0.000000,0.000000,2,4,4,0.0000,0.0000,0.0000,0.5000,"Accelerate",-0.010725
2392,A0100,pursuit_chase_v1,UNKNOWN,15652.824789,27969.643487,4430.356513,5390.991378,28835.891110,16698.559152,512.071677,28306.991347,228.193769,5705.209852,8.763990,0.021506,False,False,False,False,True,True,True,1-circle,1.000000,4215.430435,18899.102989,-0.711392,-0.195588,100.000000,100.000000,0.000000,0.000000,2,4,4,0.0000,0.0000,0.0000,0.5000,"PursuitChaseOptimal",0.016338
2392,B0100,aggressive,UNKNOWN,15652.824789,27969.643487,4430.356513,5390.991378,28835.891110,16698.559152,512.071677,28306.991347,228.193769,5705.209852,8.763990,0.021506,False,False,False,False,True,True,True,1-circle,1.000000,4215.430435,18899.102989,-0.711392,-0.195588,100.000000,100.000000,0.000000,0.000000,2,4,4,0.0000,0.0000,0.0000,0.5000,"Accelerate",-0.016495
2393,A0100,pursuit_chase_v1,UNKNOWN,15652.824789,27969.643487,4430.356513,5390.991378,28835.891110,16698.559152,512.071677,28306.991347,228.193769,5705.209852,8.763990,0.021506,False,False,False,False,True,True,True,1-circle,1.000000,4215.430435,18899.102989,-0.711392,-0.195588,100.000000,100.000000,0.000000,0.000000,2,4,4,0.0000,0.0000,0.0000,0.5000,"PursuitChaseOptimal",0.021290
2393,B0100,aggressive,UNKNOWN,15652.824789,27969.643487,4430.356513,5390.991378,28835.891110,16698.559152,512.071677,28306.991347,228.193769,5705.209852,8.763990,0.021506,False,False,False,False,True,True,True,1-circle,1.000000,4215.430435,18899.102989,-0.711392,-0.195588,100.000000,100.000000,0.000000,0.000000,2,4,4,0.0000,0.0000,0.0000,0.5000,"Accelerate",-0.021400
2394,A0100,pursuit_chase_v1,UNKNOWN,15652.904448,27994.727762,4405.272238,5404.408165,28870.694459,16698.844331,512.286559,28317.021106,200.595185,5732.711244,6.641826,0.058421,False,False,False,False,True,True,True,1-circle,1.000000,4220.862531,18679.984489,-1.932582,-0.173997,100.000000,100.000000,0.000000,0.000000,2,4,4,0.0000,0.0000,0.0000,0.5000,"PursuitChaseOptimal",0.023369
2394,B0100,aggressive,UNKNOWN,15652.904448,27994.727762,4405.272238,5404.408165,28870.694459,16698.844331,512.286559,28317.021106,200.595185,5732.711244,6.641826,0.058421,False,False,False,False,True,True,True,1-circle,1.000000,4220.862531,18679.984489,-1.932582,-0.173997,100.000000,100.000000,0.000000,0.000000,2,4,4,0.0000,0.0000,0.0000,0.5000,"Accelerate",-0.023644
2395,A0100,pursuit_chase_v1,UNKNOWN,15652.904448,27994.727762,4405.272238,5404.408165,28870.694459,16698.844331,512.286559,28317.021106,200.595185,5732.711244,6.641826,0.058421,False,False,False,False,True,True,True,1-circle,1.000000,4220.862531,18679.984489,-1.932582,-0.173997,100.000000,100.000000,0.000000,0.000000,2,4,4,0.0000,0.0000,0.0000,0.5000,"PursuitChaseOptimal",0.018983
2395,B0100,aggressive,UNKNOWN,15652.904448,27994.727762,4405.272238,5404.408165,28870.694459,16698.844331,512.286559,28317.021106,200.595185,5732.711244,6.641826,0.058421,False,False,False,False,True,True,True,1-circle,1.000000,4220.862531,18679.984489,-1.932582,-0.173997,100.000000,100.000000,0.000000,0.000000,2,4,4,0.0000,0.0000,0.0000,0.5000,"Accelerate",-0.019247
2396,A0100,pursuit_chase_v1,UNKNOWN,15653.260421,28013.344790,4386.655210,5420.332880,28905.640277,16699.027617,512.623206,28332.479109,309.160070,5768.792527,4.451806,0.013780,False,False,False,False,True,True,True,1-circle,1.000000,4225.906930,19110.404283,0.456302,-0.384054,100.000000,100.000000,0.000000,0.000000,2,4,4,0.0000,0.0000,0.0000,0.5000,"PursuitChaseOptimal",0.009547
2396,B0100,aggressive,UNKNOWN,15653.260421,28013.344790,4386.655210,5420.332880,28905.640277,16699.027617,512.623206,28332.479109,309.160070,5768.792527,4.451806,0.013780,False,False,False,False,True,True,True,1-circle,1.000000,4225.906930,19110.404283,0.456302,-0.384054,100.000000,100.000000,0.000000,0.000000,2,4,4,0.0000,0.0000,0.0000,0.5000,"Accelerate",-0.010021
2397,A0100,pursuit_chase_v1,UNKNOWN,15653.260421,28013.344790,4386.655210,5420.332880,28905.640277,16699.027617,512.623206,28332.479109,309.160070,5768.792527,4.451806,0.013780,False,False,False,False,True,True,True,1-circle,1.000000,4225.906930,19110.404283,0.456302,-0.384054,100.000000,100.000000,0.000000,0.000000,2,4,4,0.0000,0.0000,0.0000,0.5000,"PursuitChaseOptimal",-0.000672
2397,B0100,aggressive,UNKNOWN,15653.260421,28013.344790,4386.655210,5420.332880,28905.640277,16699.027617,512.623206,28332.479109,309.160070,5768.792527,4.451806,0.013780,False,False,False,False,True,True,True,1-circle,1.000000,4225.906930,19110.404283,0.456302,-0.384054,100.000000,100.000000,0.000000,0.000000,2,4,4,0.0000,0.0000,0.0000,0.5000,"Accelerate",-0.000350
2398,A0100,pursuit_chase_v1,UNKNOWN,15653.876608,28045.683250,4354.316750,5424.525707,28942.959476,16699.210815,512.768763,28339.269775,135.813315,5790.691946,2.434871,0.049594,False,False,False,False,True,True,True,1-circle,1.000000,4230.537212,18732.809342,-1.642208,-0.174833,100.000000,100.000000,0.000000,0.000000,2,4,4,0.0000,0.0000,0.0000,0.5000,"PursuitChaseOptimal",-0.012033
2398,B0100,aggressive,UNKNOWN,15653.876608,28045.683250,4354.316750,5424.525707,28942.959476,16699.210815,512.768763,28339.269775,135.813315,5790.691946,2.434871,0.049594,False,False,False,False,True,True,True,1-circle,1.000000,4230.537212,18732.809342,-1.642208,-0.174833,100.000000,100.000000,0.000000,0.000000,2,4,4,0.0000,0.0000,0.0000,0.5000,"Accelerate",0.010254
2399,A0100,pursuit_chase_v1,UNKNOWN,15653.876608,28045.683250,4354.316750,5424.525707,28942.959476,16699.210815,512.768763,28339.269775,135.813315,5790.691946,2.434871,0.049594,False,False,False,False,True,True,True,1-circle,1.000000,4230.537212,18732.809342,-1.642208,-0.174833,100.000000,100.000000,0.000000,0.000000,2,4,4,0.0000,0.0000,0.0000,0.5000,"PursuitChaseOptimal",-0.024568
2399,B0100,aggressive,UNKNOWN,15653.876608,28045.683250,4354.316750,5424.525707,28942.959476,16699.210815,512.768763,28339.269775,135.813315,5790.691946,2.434871,0.049594,False,False,False,False,True,True,True,1-circle,1.000000,4230.537212,18732.809342,-1.642208,-0.174833,100.000000,100.000000,0.000000,0.000000,2,4,4,0.0000,0.0000,0.0000,0.5000,"Accelerate",0.021641
2400,A0100,pursuit_chase_v1,UNKNOWN,15654.743076,28067.423723,4332.576277,5425.579597,28977.858406,16699.419830,513.100779,28354.557454,305.753583,5823.559963,0.865551,0.003393,False,False,False,False,True,True,True,1-circle,1.000000,4234.929611,19008.140029,-0.112435,-0.076527,100.000000,100.000000,0.000000,0.000000,2,4,4,0.0000,0.0000,0.0000,0.5000,"PursuitChaseOptimal",-0.036446
2400,B0100,aggressive,UNKNOWN,15654.743076,28067.423723,4332.576277,5425.579597,28977.858406,16699.419830,513.100779,28354.557454,305.753583,5823.559963,0.865551,0.003393,False,False,False,False,True,True,True,1-circle,1.000000,4234.929611,19008.140029,-0.112435,-0.076527,100.000000,100.000000,0.000000,0.000000,2,4,4,0.0000,0.0000,0.0000,0.5000,"Accelerate",0.033289
2401,A0100,pursuit_chase_v1,UNKNOWN,15654.743076,28067.423723,4332.576277,5425.579597,28977.858406,16699.419830,513.100779,28354.557454,305.753583,5823.559963,0.865551,0.003393,False,False,False,False,True,True,True,1-circle,1.000000,4234.929611,19008.140029,-0.112435,-0.076527,100.000000,100.000000,0.000000,0.000000,2,4,4,0.0000,0.0000,0.0000,0.5000,"PursuitChaseOptimal",-0.028860
2401,B0100,aggressive,UNKNOWN,15654.743076,28067.423723,4332.576277,5425.579597,28977.858406,16699.419830,513.100779,28354.557454,305.753583,5823.559963,0.865551,0.003393,False,False,False,False,True,True,True,1-circle,1.000000,4234.929611,19008.140029,-0.112435,-0.076527,100.000000,100.000000,0.000000,0.000000,2,4,4,0.0000,0.0000,0.0000,0.5000,"Accelerate",0.026405
2402,A0100,pursuit_chase_v1,UNKNOWN,15655.871557,28094.553252,4305.446748,5427.274609,29012.461530,16699.579519,513.292879,28363.445936,177.769642,5849.114506,-0.593554,0.009710,False,False,False,False,True,True,True,1-circle,1.000000,4239.349705,19086.296445,0.321905,-0.231490,100.000000,100.000000,0.000000,0.000000,2,4,4,0.0000,0.0000,0.0000,0.5000,"PursuitChaseOptimal",-0.018135
2402,B0100,aggressive,UNKNOWN,15655.871557,28094.553252,4305.446748,5427.274609,29012.461530,16699.579519,513.292879,28363.445936,177.769642,5849.114506,-0.593554,0.009710,False,False,False,False,True,True,True,1-circle,1.000000,4239.349705,19086.296445,0.321905,-0.231490,100.000000,100.000000,0.000000,0.000000,2,4,4,0.0000,0.0000,0.0000,0.5000,"Accelerate",0.016278
2403,A0100,pursuit_chase_v1,UNKNOWN,15655.871557,28094.553252,4305.446748,5427.274609,29012.461530,16699.579519,513.292879,28363.445936,177.769642,5849.114506,-0.593554,0.009710,False,False,False,False,True,True,True,1-circle,1.000000,4239.349705,19086.296445,0.321905,-0.231490,100.000000,100.000000,0.000000,0.000000,2,4,4,0.0000,0.0000,0.0000,0.5000,"PursuitChaseOptimal",-0.007631
2403,B0100,aggressive,UNKNOWN,15655.871557,28094.553252,4305.446748,5427.274609,29012.461530,16699.579519,513.292879,28363.445936,177.769642,5849.114506,-0.593554,0.009710,False,False,False,False,True,True,True,1-circle,1.000000,4239.349705,19086.296445,0.321905,-0.231490,100.000000,100.000000,0.000000,0.000000,2,4,4,0.0000,0.0000,0.0000,0.5000,"Accelerate",0.006213
2404,A0100,pursuit_chase_v1,UNKNOWN,15657.257587,28123.284379,4276.715621,5431.325447,29047.253463,16699.825366,513.538901,28374.875457,228.590419,5881.341489,-2.486622,0.025345,False,False,False,False,True,True,True,1-circle,1.000000,4243.605273,18876.904670,-0.840592,0.040220,100.000000,100.000000,0.000000,0.000000,2,4,4,0.0000,0.0000,0.0000,0.5000,"PursuitChaseOptimal",0.006175
2404,B0100,aggressive,UNKNOWN,15657.257587,28123.284379,4276.715621,5431.325447,29047.253463,16699.825366,513.538901,28374.875457,228.590419,5881.341489,-2.486622,0.025345,False,False,False,False,True,True,True,1-circle,1.000000,4243.605273,18876.904670,-0.840592,0.040220,100.000000,100.000000,0.000000,0.000000,2,4,4,0.0000,0.0000,0.0000,0.5000,"Accelerate",-0.007067
2405,A0100,pursuit_chase_v1,UNKNOWN,15657.257587,28123.284379,4276.715621,5431.325447,29047.253463,16699.825366,513.538901,28374.875457,228.590419,5881.341489,-2.486622,0.025345,False,False,False,False,True,True,True,1-circle,1.000000,4243.605273,18876.904670,-0.840592,0.040220,100.000000,100.000000,0.000000,0.000000,2,4,4,0.0000,0.0000,0.0000,0.5000,"PursuitChaseOptimal",0.018430
2405,B0100,aggressive,UNKNOWN,15657.257587,28123.284379,4276.715621,5431.325447,29047.253463,16699.825366,513.538901,28374.875457,228.590419,5881.341489,-2.486622,0.025345,False,False,False,False,True,True,True,1-circle,1.000000,4243.605273,18876.904670,-0.840592,0.040220,100.000000,100.000000,0.000000,0.000000,2,4,4,0.0000,0.0000,0.0000,0.5000,"Accelerate",-0.018509
2406,A0100,pursuit_chase_v1,UNKNOWN,15658.908882,28150.581907,4249.418093,5438.033417,29083.376555,16700.067182,513.770420,28385.646604,215.422941,5907.460251,-4.610805,0.014817,False,False,False,False,True,True,True,1-circle,1.000000,4247.574522,18939.374150,-0.491642,-0.164127,100.000000,100.000000,0.000000,0.000000,2,4,4,0.0000,0.0000,0.0000,0.5000,"PursuitChaseOptimal",0.026315
2406,B0100,aggressive,UNKNOWN,15658.908882,28150.581907,4249.418093,5438.033417,29083.376555,16700.067182,513.770420,28385.646604,215.422941,5907.460251,-4.610805,0.014817,False,False,False,False,True,True,True,1-circle,1.000000,4247.574522,18939.374150,-0.491642,-0.164127,100.000000,100.000000,0.000000,0.000000,2,4,4,0.0000,0.0000,0.0000,0.5000,"Accelerate",-0.025902
2407,A0100,pursuit_chase_v1,UNKNOWN,15658.908882,28150.581907,4249.418093,5438.033417,29083.376555,16700.067182,513.770420,28385.646604,215.422941,5907.460251,-4.610805,0.014817,False,False,False,False,True,True,True,1-circle,1.000000,4247.574522,18939.374150,-0.491642,-0.164127,100.000000,100.000000,0.000000,0.000000,2,4,4,0.0000,0.0000,0.0000,0.5000,"PursuitChaseOptimal",0.013730
2407,B0100,aggressive,UNKNOWN,15658.908882,28150.581907,4249.418093,5438.033417,29083.376555,16700.067182,513.770420,28385.646604,215.422941,5907.460251,-4.610805,0.014817,False,False,False,False,True,True,True,1-circle,1.000000,4247.574522,18939.374150,-0.491642,-0.164127,100.000000,100.000000,0.000000,0.000000,2,4,4,0.0000,0.0000,0.0000,0.5000,"Accelerate",-0.014234
2408,A0100,pursuit_chase_v1,UNKNOWN,15660.806045,28176.922548,4223.077452,5442.904957,29118.677244,16700.370851,513.967514,28394.917676,185.421439,5931.011193,-6.725583,0.050649,False,False,False,False,True,True,True,1-circle,1.000000,4251.011783,18724.645543,-1.680739,-0.142043,100.000000,100.000000,0.000000,0.000000,2,5,4,0.0000,0.0000,0.0000,0.5000,"PursuitChaseOptimal",-0.005908
2408,B0100,aggressive,UNKNOWN,15660.806045,28176.922548,4223.077452,5442.904957,29118.677244,16700.370851,513.967514,28394.917676,185.421439,5931.011193,-6.725583,0.050649,False,False,False,False,True,True,True,1-circle,1.000000,4251.011783,18724.645543,-1.680739,-0.142043,100.000000,100.000000,0.000000,0.000000,2,4,4,0.0000,0.0000,0.0000,0.5000,"Accelerate",0.004022
2409,A0100,pursuit_chase_v1,UNKNOWN,15660.806045,28176.922548,4223.077452,5442.904957,29118.677244,16700.370851,513.967514,28394.917676,185.421439,5931.011193,-6.725583,0.050649,False,False,False,False,True,True,True,1-circle,1.000000,4251.011783,18724.645543,-1.680739,-0.142043,100.000000,100.000000,0.000000,0.000000,2,5,4,0.0000,0.0000,0.0000,0.5000,"PursuitChaseOptimal",-0.004763
2409,B0100,aggressive,UNKNOWN,15660.806045,28176.922548,4223.077452,5442.904957,29118.677244,16700.370851,513.967514,28394.917676,185.421439,5931.011193,-6.725583,0.050649,False,False,False,False,True,True,True,1-circle,1.000000,4251.011783,18724.645543,-1.680739,-0.142043,100.000000,100.000000,0.000000,0.000000,2,4,4,0.0000,0.0000,0.0000,0.5000,"Accelerate",0.003186
2410,A0100,pursuit_chase_v1,UNKNOWN,15662.955611,28196.179946,4203.820054,5451.595506,29154.084939,16700.584204,514.287586,28409.701065,295.667774,5948.601447,-8.349758,0.022446,False,False,False,False,True,True,True,1-circle,1.000000,4254.188150,19160.491540,0.745464,-0.355789,100.000000,100.000000,0.000000,0.000000,2,5,4,0.0000,0.0000,0.0000,0.5000,"PursuitChaseOptimal",-0.002532
2410,B0100,aggressive,UNKNOWN,15662.955611,28196.179946,4203.820054,5451.595506,29154.084939,16700.584204,514.287586,28409.701065,295.667774,5948.601447,-8.349758,0.022446,False,False,False,False,True,True,True,1-circle,1.000000,4254.188150,19160.491540,0.745464,-0.355789,100.000000,100.000000,0.000000,0.000000,2,4,4,0.0000,0.0000,0.0000,0.5000,"Accelerate",0.001415
2411,A0100,pursuit_chase_v1,UNKNOWN,15662.955611,28196.179946,4203.820054,5451.595506,29154.084939,16700.584204,514.287586,28409.701065,295.667774,5948.601447,-8.349758,0.022446,False,False,False,False,True,True,True,1-circle,1.000000,4254.188150,19160.491540,0.745464,-0.355789,100.000000,100.000000,0.000000,0.000000,2,5,4,0.0000,0.0000,0.0000,0.5000,"PursuitChaseOptimal",0.002662
2411,B0100,aggressive,UNKNOWN,15662.955611,28196.179946,4203.820054,5451.595506,29154.084939,16700.584204,514.287586,28409.701065,295.667774,5948.601447,-8.349758,0.022446,False,False,False,False,True,True,True,1-circle,1.000000,4254.188150,19160.491540,0.745464,-0.355789,100.000000,100.000000,0.000000,0.000000,2,4,4,0.0000,0.0000,0.0000,0.5000,"Accelerate",-0.003456
2412,A0100,pursuit_chase_v1,UNKNOWN,15665.302031,28229.364736,4170.635264,5453.802058,29191.702034,16700.806669,514.415471,28415.747533,120.929357,5945.171659,-9.971094,0.040476,False,False,False,False,True,True,True,1-circle,1.000000,4257.078112,18783.261288,-1.344403,-0.147950,100.000000,100.000000,0.000000,0.000000,2,5,4,0.0000,0.0000,0.0000,0.5000,"PursuitChaseOptimal",0.009745
2412,B0100,aggressive,UNKNOWN,15665.302031,28229.364736,4170.635264,5453.802058,29191.702034,16700.806669,514.415471,28415.747533,120.929357,5945.171659,-9.971094,0.040476,False,False,False,False,True,True,True,1-circle,1.000000,4257.078112,18783.261288,-1.344403,-0.147950,100.000000,100.000000,0.000000,0.000000,2,4,4,0.0000,0.0000,0.0000,0.5000,"Accelerate",-0.010277
2413,A0100,pursuit_chase_v1,UNKNOWN,15665.302031,28229.364736,4170.635264,5453.802058,29191.702034,16700.806669,514.415471,28415.747533,120.929357,5945.171659,-9.971094,0.040476,False,False,False,False,True,True,True,1-circle,1.000000,4257.078112,18783.261288,-1.344403,-0.147950,100.000000,100.000000,0.000000,0.000000,2,5,4,0.0000,0.0000,0.0000,0.5000,"PursuitChaseOptimal",0.013647
2413,B0100,aggressive,UNKNOWN,15665.302031,28229.364736,4170.635264,5453.802058,29191.702034,16700.806669,514.415471,28415.747533,120.929357,5945.171659,-9.971094,0.040476,False,False,False,False,True,True,True,1-circle,1.000000,4257.078112,18783.261288,-1.344403,-0.147950,100.000000,100.000000,0.000000,0.000000,2,4,4,0.0000,0.0000,0.0000,0.5000,"Accelerate",-0.014136
2414,A0100,pursuit_chase_v1,UNKNOWN,15667.807482,28252.284599,4147.715401,5462.176052,29225.248208,16701.067801,514.693610,28428.680380,258.656950,5932.384716,-11.359804,0.000537,False,False,False,False,True,True,True,1-circle,1.000000,4259.568469,19020.736192,-0.017858,-0.052859,100.000000,100.000000,0.000000,0.000000,2,5,4,0.0000,0.0000,0.0000,0.5000,"PursuitChaseOptimal",0.008122
2414,B0100,aggressive,UNKNOWN,15667.807482,28252.284599,4147.715401,5462.176052,29225.248208,16701.067801,514.693610,28428.680380,258.656950,5932.384716,-11.359804,0.000537,False,False,False,False,True,True,True,1-circle,1.000000,4259.568469,19020.736192,-0.017858,-0.052859,100.000000,100.000000,0.000000,0.000000,2,4,4,0.0000,0.0000,0.0000,0.5000,"Accelerate",-0.008723
2415,A0100,pursuit_chase_v1,UNKNOWN,15667.807482,28252.284599,4147.715401,5462.176052,29225.248208,16701.067801,514.693610,28428.680380,258.656950,5932.384716,-11.359804,0.000537,False,False,False,False,True,True,True,1-circle,1.000000,4259.568469,19020.736192,-0.017858,-0.052859,100.000000,100.000000,0.000000,0.000000,2,5,4,0.0000,0.0000,0.0000,0.5000,"PursuitChaseOptimal",0.001853
2415,B0100,aggressive,UNKNOWN,15667.807482,28252.284599,4147.715401,5462.176052,29225.248208,16701.067801,514.693610,28428.680380,258.656950,5932.384716,-11.359804,0.000537,False,False,False,False,True,True,True,1-circle,1.000000,4259.568469,19020.736192,-0.017858,-0.052859,100.000000,100.000000,0.000000,0.000000,2,4,4,0.0000,0.0000,0.0000,0.5000,"Accelerate",-0.002739
2416,A0100,pursuit_chase_v1,UNKNOWN,15670.439345,28285.754727,4114.245273,5465.008526,29263.950177,16701.353520,514.806617,28434.116538,108.723157,5906.041096,-12.722428,0.064032,False,False,False,False,True,True,True,1-circle,1.000000,4261.627229,18639.398546,-2.127699,-0.218874,100.000000,100.000000,0.000000,0.000000,2,5,4,0.0000,0.0000,0.0000,0.5000,"PursuitChaseOptimal",-0.003534
2416,B0100,aggressive,UNKNOWN,15670.439345,28285.754727,4114.245273,5465.008526,29263.950177,16701.353520,514.806617,28434.116538,108.723157,5906.041096,-12.722428,0.064032,False,False,False,False,True,True,True,1-circle,1.000000,4261.627229,18639.398546,-2.127699,-0.218874,100.000000,100.000000,0.000000,0.000000,2,4,4,0.0000,0.0000,0.0000,0.5000,"Accelerate",0.002083
2417,A0100,pursuit_chase_v1,UNKNOWN,15670.439345,28285.754727,4114.245273,5465.008526,29263.950177,16701.353520,514.806617,28434.116538,108.723157,5906.041096,-12.722428,0.064032,False,False,False,False,True,True,True,1-circle,1.000000,4261.627229,18639.398546,-2.127699,-0.218874,100.000000,100.000000,0.000000,0.000000,2,5,4,0.0000,0.0000,0.0000,0.5000,"PursuitChaseOptimal",-0.010858
2417,B0100,aggressive,UNKNOWN,15670.439345,28285.754727,4114.245273,5465.008526,29263.950177,16701.353520,514.806617,28434.116538,108.723157,5906.041096,-12.722428,0.064032,False,False,False,False,True,True,True,1-circle,1.000000,4261.627229,18639.398546,-2.127699,-0.218874,100.000000,100.000000,0.000000,0.000000,2,4,4,0.0000,0.0000,0.0000,0.5000,"Accelerate",0.008678
2418,A0100,pursuit_chase_v1,UNKNOWN,15673.190955,28304.042687,4095.957313,5464.675553,29298.377752,16701.638000,515.127039,28449.010789,297.885020,5893.627179,-13.626155,0.016394,False,False,False,False,True,True,True,1-circle,1.000000,4263.389025,18922.487136,-0.545312,-0.251898,100.000000,100.000000,0.000000,0.000000,2,5,4,0.0000,0.0000,0.0000,0.5000,"PursuitChaseOptimal",-0.012318
2418,B0100,aggressive,UNKNOWN,15673.190955,28304.042687,4095.957313,5464.675553,29298.377752,16701.638000,515.127039,28449.010789,297.885020,5893.627179,-13.626155,0.016394,False,False,False,False,True,True,True,1-circle,1.000000,4263.389025,18922.487136,-0.545312,-0.251898,100.000000,100.000000,0.000000,0.000000,2,4,4,0.0000,0.0000,0.0000,0.5000,"Accelerate",0.010312
2419,A0100,pursuit_chase_v1,UNKNOWN,15673.190955,28304.042687,4095.957313,5464.675553,29298.377752,16701.638000,515.127039,28449.010789,297.885020,5893.627179,-13.626155,0.016394,False,False,False,False,True,True,True,1-circle,1.000000,4263.389025,18922.487136,-0.545312,-0.251898,100.000000,100.000000,0.000000,0.000000,2,5,4,0.0000,0.0000,0.0000,0.5000,"PursuitChaseOptimal",-0.022870
2419,B0100,aggressive,UNKNOWN,15673.190955,28304.042687,4095.957313,5464.675553,29298.377752,16701.638000,515.127039,28449.010789,297.885020,5893.627179,-13.626155,0.016394,False,False,False,False,True,True,True,1-circle,1.000000,4263.389025,18922.487136,-0.545312,-0.251898,100.000000,100.000000,0.000000,0.000000,2,4,4,0.0000,0.0000,0.0000,0.5000,"Accelerate",0.020669
2420,A0100,pursuit_chase_v1,UNKNOWN,15676.057459,28331.362778,4068.637222,5425.162554,29335.165977,16701.839509,515.278411,28456.117352,142.131265,5885.431241,-13.816565,0.001299,False,False,False,False,True,True,True,1-circle,1.000000,4265.194613,19011.174728,-0.043208,-0.325931,100.000000,100.000000,0.000000,0.000000,2,5,4,0.0000,0.0000,0.0000,0.5000,"PursuitChaseOptimal",-0.021342
2420,B0100,aggressive,UNKNOWN,15676.057459,28331.362778,4068.637222,5425.162554,29335.165977,16701.839509,515.278411,28456.117352,142.131265,5885.431241,-13.816565,0.001299,False,False,False,False,True,True,True,1-circle,1.000000,4265.194613,19011.174728,-0.043208,-0.325931,100.000000,100.000000,0.000000,0.000000,2,4,4,0.0000,0.0000,0.0000,0.5000,"Accelerate",0.019308
2421,A0100,pursuit_chase_v1,UNKNOWN,15676.057459,28331.362778,4068.637222,5425.162554,29335.165977,16701.839509,515.278411,28456.117352,142.131265,5885.431241,-13.816565,0.001299,False,False,False,False,True,True,True,1-circle,1.000000,4265.194613,19011.174728,-0.043208,-0.325931,100.000000,100.000000,0.000000,0.000000,2,5,4,0.0000,0.0000,0.0000,0.5000,"PursuitChaseOptimal",-0.015820
2421,B0100,aggressive,UNKNOWN,15676.057459,28331.362778,4068.637222,5425.162554,29335.165977,16701.839509,515.278411,28456.117352,142.131265,5885.431241,-13.816565,0.001299,False,False,False,False,True,True,True,1-circle,1.000000,4265.194613,19011.174728,-0.043208,-0.325931,100.000000,100.000000,0.000000,0.000000,2,4,4,0.0000,0.0000,0.0000,0.5000,"Accelerate",0.013981
2422,A0100,pursuit_chase_v1,UNKNOWN,15678.968092,28359.627255,4040.372745,5342.599574,29370.150504,16702.111649,515.492311,28466.150297,200.658891,5891.056904,-13.180827,0.035397,False,False,False,False,True,True,True,1-circle,1.000000,4267.302617,18805.460485,-1.178022,-0.019798,100.000000,100.000000,0.000000,0.000000,2,5,4,0.0000,0.0000,0.0000,0.5000,"PursuitChaseOptimal",-0.012310
2422,B0100,aggressive,UNKNOWN,15678.968092,28359.627255,4040.372745,5342.599574,29370.150504,16702.111649,515.492311,28466.150297,200.658891,5891.056904,-13.180827,0.035397,False,False,False,False,True,True,True,1-circle,1.000000,4267.302617,18805.460485,-1.178022,-0.019798,100.000000,100.000000,0.000000,0.000000,2,4,4,0.0000,0.0000,0.0000,0.5000,"Accelerate",0.010216
2423,A0100,pursuit_chase_v1,UNKNOWN,15678.968092,28359.627255,4040.372745,5342.599574,29370.150504,16702.111649,515.492311,28466.150297,200.658891,5891.056904,-13.180827,0.035397,False,False,False,False,True,True,True,1-circle,1.000000,4267.302617,18805.460485,-1.178022,-0.019798,100.000000,100.000000,0.000000,0.000000,2,5,4,0.0000,0.0000,0.0000,0.5000,"PursuitChaseOptimal",-0.009247
2423,B0100,aggressive,UNKNOWN,15678.968092,28359.627255,4040.372745,5342.599574,29370.150504,16702.111649,515.492311,28466.150297,200.658891,5891.056904,-13.180827,0.035397,False,False,False,False,True,True,True,1-circle,1.000000,4267.302617,18805.460485,-1.178022,-0.019798,100.000000,100.000000,0.000000,0.000000,2,4,4,0.0000,0.0000,0.0000,0.5000,"Accelerate",0.007716
2424,A0100,pursuit_chase_v1,UNKNOWN,15681.897813,28379.433959,4020.566041,5235.418696,29404.494260,16702.340668,515.796489,28480.266671,282.327480,5915.196314,-12.206217,0.036017,False,False,False,False,True,True,True,1-circle,1.000000,4270.033583,19232.394889,1.199320,-0.208995,100.000000,100.000000,0.000000,0.000000,2,5,4,0.0000,0.0000,0.0000,0.5000,"PursuitChaseOptimal",-0.006089
2424,B0100,aggressive,UNKNOWN,15681.897813,28379.433959,4020.566041,5235.418696,29404.494260,16702.340668,515.796489,28480.266671,282.327480,5915.196314,-12.206217,0.036017,False,False,False,False,True,True,True,1-circle,1.000000,4270.033583,19232.394889,1.199320,-0.208995,100.000000,100.000000,0.000000,0.000000,2,4,4,0.0000,0.0000,0.0000,0.5000,"Accelerate",0.005008
2425,A0100,pursuit_chase_v1,UNKNOWN,15681.897813,28379.433959,4020.566041,5235.418696,29404.494260,16702.340668,515.796489,28480.266671,282.327480,5915.196314,-12.206217,0.036017,False,False,False,False,True,True,True,1-circle,1.000000,4270.033583,19232.394889,1.199320,-0.208995,100.000000,100.000000,0.000000,0.000000,2,5,4,0.0000,0.0000,0.0000,0.5000,"PursuitChaseOptimal",-0.002738
2425,B0100,aggressive,UNKNOWN,15681.897813,28379.433959,4020.566041,5235.418696,29404.494260,16702.340668,515.796489,28480.266671,282.327480,5915.196314,-12.206217,0.036017,False,False,False,False,True,True,True,1-circle,1.000000,4270.033583,19232.394889,1.199320,-0.208995,100.000000,100.000000,0.000000,0.000000,2,4,4,0.0000,0.0000,0.0000,0.5000,"Accelerate",0.001787
2426,A0100,pursuit_chase_v1,UNKNOWN,15684.831168,28412.513485,3987.486515,5108.290746,29441.315117,16702.605895,515.909965,28485.714790,108.962379,5940.516026,-11.377734,0.026043,False,False,False,False,True,True,True,1-circle,1.000000,4273.377751,18859.852627,-0.867449,-0.064751,100.000000,100.000000,0.000000,0.000000,2,5,4,0.0000,0.0000,0.0000,0.5000,"PursuitChaseOptimal",0.000694
2426,B0100,aggressive,UNKNOWN,15684.831168,28412.513485,3987.486515,5108.290746,29441.315117,16702.605895,515.909965,28485.714790,108.962379,5940.516026,-11.377734,0.026043,False,False,False,False,True,True,True,1-circle,1.000000,4273.377751,18859.852627,-0.867449,-0.064751,100.000000,100.000000,0.000000,0.000000,2,4,4,0.0000,0.0000,0.0000,0.5000,"Accelerate",-0.001439
2427,A0100,pursuit_chase_v1,UNKNOWN,15684.831168,28412.513485,3987.486515,5108.290746,29441.315117,16702.605895,515.909965,28485.714790,108.962379,5940.516026,-11.377734,0.026043,False,False,False,False,True,True,True,1-circle,1.000000,4273.377751,18859.852627,-0.867449,-0.064751,100.000000,100.000000,0.000000,0.000000,2,5,4,0.0000,0.0000,0.0000,0.5000,"PursuitChaseOptimal",0.004184
2427,B0100,aggressive,UNKNOWN,15684.831168,28412.513485,3987.486515,5108.290746,29441.315117,16702.605895,515.909965,28485.714790,108.962379,5940.516026,-11.377734,0.026043,False,False,False,False,True,True,True,1-circle,1.000000,4273.377751,18859.852627,-0.867449,-0.064751,100.000000,100.000000,0.000000,0.000000,2,4,4,0.0000,0.0000,0.0000,0.5000,"Accelerate",-0.004998
2428,A0100,pursuit_chase_v1,UNKNOWN,15687.782534,28431.385518,3968.614482,4979.573083,29470.421592,16702.925037,516.187785,28498.727884,260.261872,5983.423199,-10.498547,0.014055,False,False,False,False,True,True,True,1-circle,1.000000,4277.312533,19100.229750,0.468399,0.018117,100.000000,100.000000,0.000000,0.000000,2,4,4,0.0000,0.0000,0.0000,0.5000,"PursuitChaseOptimal",0.012036
2428,B0100,aggressive,UNKNOWN,15687.782534,28431.385518,3968.614482,4979.573083,29470.421592,16702.925037,516.187785,28498.727884,260.261872,5983.423199,-10.498547,0.014055,False,False,False,False,True,True,True,1-circle,1.000000,4277.312533,19100.229750,0.468399,0.018117,100.000000,100.000000,0.000000,0.000000,2,4,4,0.0000,0.0000,0.0000,0.5000,"Accelerate",-0.012239
2429,A0100,pursuit_chase_v1,UNKNOWN,15687.782534,28431.385518,3968.614482,4979.573083,29470.421592,16702.925037,516.187785,28498.727884,260.261872,5983.423199,-10.498547,0.014055,False,False,False,False,True,True,True,1-circle,1.000000,4277.312533,19100.229750,0.468399,0.018117,100.000000,100.000000,0.000000,0.000000,2,4,4,0.0000,0.0000,0.0000,0.5000,"PursuitChaseOptimal",0.007668
2429,B0100,aggressive,UNKNOWN,15687.782534,28431.385518,3968.614482,4979.573083,29470.421592,16702.925037,516.187785,28498.727884,260.261872,5983.423199,-10.498547,0.014055,False,False,False,False,True,True,True,1-circle,1.000000,4277.312533,19100.229750,0.468399,0.018117,100.000000,100.000000,0.000000,0.000000,2,4,4,0.0000,0.0000,0.0000,0.5000,"Accelerate",-0.007992
2430,A0100,pursuit_chase_v1,UNKNOWN,15690.751171,28460.651640,3939.348360,4835.396214,29505.143459,16703.277232,516.292751,28503.877852,102.999372,6017.053371,-9.747020,0.048378,False,False,False,False,True,True,True,1-circle,1.000000,4281.810771,18726.083688,-1.612172,-0.157474,100.000000,100.000000,0.000000,0.000000,2,4,4,0.0000,0.0000,0.0000,0.5000,"PursuitChaseOptimal",0.008477
2430,B0100,aggressive,UNKNOWN,15690.751171,28460.651640,3939.348360,4835.396214,29505.143459,16703.277232,516.292751,28503.877852,102.999372,6017.053371,-9.747020,0.048378,False,False,False,False,True,True,True,1-circle,1.000000,4281.810771,18726.083688,-1.612172,-0.157474,100.000000,100.000000,0.000000,0.000000,2,4,4,0.0000,0.0000,0.0000,0.5000,"Accelerate",-0.009029
2431,A0100,pursuit_chase_v1,UNKNOWN,15690.751171,28460.651640,3939.348360,4835.396214,29505.143459,16703.277232,516.292751,28503.877852,102.999372,6017.053371,-9.747020,0.048378,False,False,False,False,True,True,True,1-circle,1.000000,4281.810771,18726.083688,-1.612172,-0.157474,100.000000,100.000000,0.000000,0.000000,2,4,4,0.0000,0.0000,0.0000,0.5000,"PursuitChaseOptimal",-0.002729
2431,B0100,aggressive,UNKNOWN,15690.751171,28460.651640,3939.348360,4835.396214,29505.143459,16703.277232,516.292751,28503.877852,102.999372,6017.053371,-9.747020,0.048378,False,False,False,False,True,True,True,1-circle,1.000000,4281.810771,18726.083688,-1.612172,-0.157474,100.000000,100.000000,0.000000,0.000000,2,4,4,0.0000,0.0000,0.0000,0.5000,"Accelerate",0.001291
2432,A0100,pursuit_chase_v1,UNKNOWN,15693.734861,28473.150009,3926.849991,4708.580446,29534.597606,16703.633379,516.607706,28518.635914,295.161244,6060.985417,-9.015543,0.000882,False,False,False,False,True,True,True,1-circle,1.000000,4286.857341,19011.756495,-0.029416,-0.192666,100.000000,100.000000,0.000000,0.000000,2,4,4,0.0000,0.0000,0.0000,0.5000,"PursuitChaseOptimal",-0.010442
2432,B0100,aggressive,UNKNOWN,15693.734861,28473.150009,3926.849991,4708.580446,29534.597606,16703.633379,516.607706,28518.635914,295.161244,6060.985417,-9.015543,0.000882,False,False,False,False,True,True,True,1-circle,1.000000,4286.857341,19011.756495,-0.029416,-0.192666,100.000000,100.000000,0.000000,0.000000,2,4,4,0.0000,0.0000,0.0000,0.5000,"Accelerate",0.008889
2433,A0100,pursuit_chase_v1,UNKNOWN,15693.734861,28473.150009,3926.849991,4708.580446,29534.597606,16703.633379,516.607706,28518.635914,295.161244,6060.985417,-9.015543,0.000882,False,False,False,False,True,True,True,1-circle,1.000000,4286.857341,19011.756495,-0.029416,-0.192666,100.000000,100.000000,0.000000,0.000000,2,4,4,0.0000,0.0000,0.0000,0.5000,"PursuitChaseOptimal",-0.011827
2433,B0100,aggressive,UNKNOWN,15693.734861,28473.150009,3926.849991,4708.580446,29534.597606,16703.633379,516.607706,28518.635914,295.161244,6060.985417,-9.015543,0.000882,False,False,False,False,True,True,True,1-circle,1.000000,4286.857341,19011.756495,-0.029416,-0.192666,100.000000,100.000000,0.000000,0.000000,2,4,4,0.0000,0.0000,0.0000,0.5000,"Accelerate",0.010596
2434,A0100,pursuit_chase_v1,UNKNOWN,15696.786220,28494.345561,3905.654439,4618.770613,29565.738933,16703.912415,516.746830,28525.279422,132.870153,6086.354677,-8.793435,0.013461,False,False,False,False,True,True,True,1-circle,1.000000,4292.458494,19099.063502,0.449076,-0.271199,100.000000,100.000000,0.000000,0.000000,2,4,4,0.0000,0.0000,0.0000,0.5000,"PursuitChaseOptimal",-0.011095
2434,B0100,aggressive,UNKNOWN,15696.786220,28494.345561,3905.654439,4618.770613,29565.738933,16703.912415,516.746830,28525.279422,132.870153,6086.354677,-8.793435,0.013461,False,False,False,False,True,True,True,1-circle,1.000000,4292.458494,19099.063502,0.449076,-0.271199,100.000000,100.000000,0.000000,0.000000,2,4,4,0.0000,0.0000,0.0000,0.5000,"Accelerate",0.009966
2435,A0100,pursuit_chase_v1,UNKNOWN,15696.786220,28494.345561,3905.654439,4618.770613,29565.738933,16703.912415,516.746830,28525.279422,132.870153,6086.354677,-8.793435,0.013461,False,False,False,False,True,True,True,1-circle,1.000000,4292.458494,19099.063502,0.449076,-0.271199,100.000000,100.000000,0.000000,0.000000,2,4,4,0.0000,0.0000,0.0000,0.5000,"PursuitChaseOptimal",-0.008051
2435,B0100,aggressive,UNKNOWN,15696.786220,28494.345561,3905.654439,4618.770613,29565.738933,16703.912415,516.746830,28525.279422,132.870153,6086.354677,-8.793435,0.013461,False,False,False,False,True,True,True,1-circle,1.000000,4292.458494,19099.063502,0.449076,-0.271199,100.000000,100.000000,0.000000,0.000000,2,4,4,0.0000,0.0000,0.0000,0.5000,"Accelerate",0.006933
2436,A0100,pursuit_chase_v1,UNKNOWN,15699.915346,28516.495003,3883.504997,4574.914726,29594.966475,16704.267646,516.949306,28534.900345,192.418468,6106.870822,-9.282647,0.021133,False,False,False,False,True,True,True,1-circle,1.000000,4298.228844,18892.606889,-0.705225,0.031894,100.000000,100.000000,0.000000,0.000000,2,4,4,0.0000,0.0000,0.0000,0.5000,"PursuitChaseOptimal",-0.002757
2436,B0100,aggressive,UNKNOWN,15699.915346,28516.495003,3883.504997,4574.914726,29594.966475,16704.267646,516.949306,28534.900345,192.418468,6106.870822,-9.282647,0.021133,False,False,False,False,True,True,True,1-circle,1.000000,4298.228844,18892.606889,-0.705225,0.031894,100.000000,100.000000,0.000000,0.000000,2,4,4,0.0000,0.0000,0.0000,0.5000,"Accelerate",0.001734
2437,A0100,pursuit_chase_v1,UNKNOWN,15699.915346,28516.495003,3883.504997,4574.914726,29594.966475,16704.267646,516.949306,28534.900345,192.418468,6106.870822,-9.282647,0.021133,False,False,False,False,True,True,True,1-circle,1.000000,4298.228844,18892.606889,-0.705225,0.031894,100.000000,100.000000,0.000000,0.000000,2,4,4,0.0000,0.0000,0.0000,0.5000,"PursuitChaseOptimal",0.003087
2437,B0100,aggressive,UNKNOWN,15699.915346,28516.495003,3883.504997,4574.914726,29594.966475,16704.267646,516.949306,28534.900345,192.418468,6106.870822,-9.282647,0.021133,False,False,False,False,True,True,True,1-circle,1.000000,4298.228844,18892.606889,-0.705225,0.031894,100.000000,100.000000,0.000000,0.000000,2,4,4,0.0000,0.0000,0.0000,0.5000,"Accelerate",-0.003567
2438,A0100,pursuit_chase_v1,UNKNOWN,15703.168426,28537.830708,3862.169292,4561.032086,29625.606771,16704.620054,517.128274,28543.445725,170.907590,6121.723380,-10.270665,0.009419,False,False,False,False,True,True,True,1-circle,1.000000,4304.000517,18964.274228,-0.314444,-0.139407,100.000000,100.000000,0.000000,0.000000,2,4,4,0.0000,0.0000,0.0000,0.5000,"PursuitChaseOptimal",0.008888
2438,B0100,aggressive,UNKNOWN,15703.168426,28537.830708,3862.169292,4561.032086,29625.606771,16704.620054,517.128274,28543.445725,170.907590,6121.723380,-10.270665,0.009419,False,False,False,False,True,True,True,1-circle,1.000000,4304.000517,18964.274228,-0.314444,-0.139407,100.000000,100.000000,0.000000,0.000000,2,4,4,0.0000,0.0000,0.0000,0.5000,"Accelerate",-0.008974
2439,A0100,pursuit_chase_v1,UNKNOWN,15703.168426,28537.830708,3862.169292,4561.032086,29625.606771,16704.620054,517.128274,28543.445725,170.907590,6121.723380,-10.270665,0.009419,False,False,False,False,True,True,True,1-circle,1.000000,4304.000517,18964.274228,-0.314444,-0.139407,100.000000,100.000000,0.000000,0.000000,2,4,4,0.0000,0.0000,0.0000,0.5000,"PursuitChaseOptimal",0.014198
2439,B0100,aggressive,UNKNOWN,15703.168426,28537.830708,3862.169292,4561.032086,29625.606771,16704.620054,517.128274,28543.445725,170.907590,6121.723380,-10.270665,0.009419,False,False,False,False,True,True,True,1-circle,1.000000,4304.000517,18964.274228,-0.314444,-0.139407,100.000000,100.000000,0.000000,0.000000,2,4,4,0.0000,0.0000,0.0000,0.5000,"Accelerate",-0.014263
2440,A0100,pursuit_chase_v1,UNKNOWN,15706.566191,28560.205595,3839.794405,4566.692092,29655.203841,16705.059946,517.283367,28550.987880,150.843096,6141.012956,-11.810340,0.044439,False,False,False,False,True,True,True,1-circle,1.000000,4309.461610,18754.950318,-1.483629,0.020238,100.000000,100.000000,0.000000,0.000000,2,4,4,0.0000,0.0000,0.0000,0.5000,"PursuitChaseOptimal",0.018730
2440,B0100,aggressive,UNKNOWN,15706.566191,28560.205595,3839.794405,4566.692092,29655.203841,16705.059946,517.283367,28550.987880,150.843096,6141.012956,-11.810340,0.044439,False,False,False,False,True,True,True,1-circle,1.000000,4309.461610,18754.950318,-1.483629,0.020238,100.000000,100.000000,0.000000,0.000000,2,4,4,0.0000,0.0000,0.0000,0.5000,"Accelerate",-0.018943
2441,A0100,pursuit_chase_v1,UNKNOWN,15706.566191,28560.205595,3839.794405,4566.692092,29655.203841,16705.059946,517.283367,28550.987880,150.843096,6141.012956,-11.810340,0.044439,False,False,False,False,True,True,True,1-circle,1.000000,4309.461610,18754.950318,-1.483629,0.020238,100.000000,100.000000,0.000000,0.000000,2,4,4,0.0000,0.0000,0.0000,0.5000,"PursuitChaseOptimal",0.020979
2441,B0100,aggressive,UNKNOWN,15706.566191,28560.205595,3839.794405,4566.692092,29655.203841,16705.059946,517.283367,28550.987880,150.843096,6141.012956,-11.810340,0.044439,False,False,False,False,True,True,True,1-circle,1.000000,4309.461610,18754.950318,-1.483629,0.020238,100.000000,100.000000,0.000000,0.000000,2,4,4,0.0000,0.0000,0.0000,0.5000,"Accelerate",-0.020795
2442,A0100,pursuit_chase_v1,UNKNOWN,15710.172293,28574.309823,3825.690177,4582.498957,29685.074622,16705.450531,517.562898,28564.184577,263.933943,6173.261037,-13.654111,0.029533,False,False,False,False,True,True,True,1-circle,1.000000,4314.588343,19200.492458,0.986604,-0.159710,100.000000,100.000000,0.000000,0.000000,2,4,4,0.0000,0.0000,0.0000,0.5000,"PursuitChaseOptimal",0.017812
2442,B0100,aggressive,UNKNOWN,15710.172293,28574.309823,3825.690177,4582.498957,29685.074622,16705.450531,517.562898,28564.184577,263.933943,6173.261037,-13.654111,0.029533,False,False,False,False,True,True,True,1-circle,1.000000,4314.588343,19200.492458,0.986604,-0.159710,100.000000,100.000000,0.000000,0.000000,2,4,4,0.0000,0.0000,0.0000,0.5000,"Accelerate",-0.017413
2443,A0100,pursuit_chase_v1,UNKNOWN,15710.172293,28574.309823,3825.690177,4582.498957,29685.074622,16705.450531,517.562898,28564.184577,263.933943,6173.261037,-13.654111,0.029533,False,False,False,False,True,True,True,1-circle,1.000000,4314.588343,19200.492458,0.986604,-0.159710,100.000000,100.000000,0.000000,0.000000,2,4,4,0.0000,0.0000,0.0000,0.5000,"PursuitChaseOptimal",0.010443
2443,B0100,aggressive,UNKNOWN,15710.172293,28574.309823,3825.690177,4582.498957,29685.074622,16705.450531,517.562898,28564.184577,263.933943,6173.261037,-13.654111,0.029533,False,False,False,False,True,True,True,1-circle,1.000000,4314.588343,19200.492458,0.986604,-0.159710,100.000000,100.000000,0.000000,0.000000,2,4,4,0.0000,0.0000,0.0000,0.5000,"Accelerate",-0.010399
2444,A0100,pursuit_chase_v1,UNKNOWN,15713.983805,28602.893638,3797.106362,4590.299621,29717.093717,16705.879166,517.648353,28568.529538,86.899223,6195.261088,-15.551526,0.033427,False,False,False,False,True,True,True,1-circle,1.000000,4319.254300,18822.469181,-1.116823,-0.004207,100.000000,100.000000,0.000000,0.000000,2,4,4,0.0000,0.0000,0.0000,0.5000,"PursuitChaseOptimal",0.002173
2444,B0100,aggressive,UNKNOWN,15713.983805,28602.893638,3797.106362,4590.299621,29717.093717,16705.879166,517.648353,28568.529538,86.899223,6195.261088,-15.551526,0.033427,False,False,False,False,True,True,True,1-circle,1.000000,4319.254300,18822.469181,-1.116823,-0.004207,100.000000,100.000000,0.000000,0.000000,2,4,4,0.0000,0.0000,0.0000,0.5000,"Accelerate",-0.002746
2445,A0100,pursuit_chase_v1,UNKNOWN,15713.983805,28602.893638,3797.106362,4590.299621,29717.093717,16705.879166,517.648353,28568.529538,86.899223,6195.261088,-15.551526,0.033427,False,False,False,False,True,True,True,1-circle,1.000000,4319.254300,18822.469181,-1.116823,-0.004207,100.000000,100.000000,0.000000,0.000000,2,4,4,0.0000,0.0000,0.0000,0.5000,"PursuitChaseOptimal",-0.007334
2445,B0100,aggressive,UNKNOWN,15713.983805,28602.893638,3797.106362,4590.299621,29717.093717,16705.879166,517.648353,28568.529538,86.899223,6195.261088,-15.551526,0.033427,False,False,False,False,True,True,True,1-circle,1.000000,4319.254300,18822.469181,-1.116823,-0.004207,100.000000,100.000000,0.000000,0.000000,2,4,4,0.0000,0.0000,0.0000,0.5000,"Accelerate",0.006056
2446,A0100,pursuit_chase_v1,UNKNOWN,15717.992535,28620.033728,3779.966272,4593.915512,29744.932456,16706.366098,517.896100,28580.374148,236.892209,6222.388037,-16.925714,0.007784,False,False,False,False,True,True,True,1-circle,1.000000,4323.579346,19070.701525,0.260207,0.082810,100.000000,100.000000,0.000000,0.000000,2,4,4,0.0000,0.0000,0.0000,0.5000,"PursuitChaseOptimal",-0.017932
2446,B0100,aggressive,UNKNOWN,15717.992535,28620.033728,3779.966272,4593.915512,29744.932456,16706.366098,517.896100,28580.374148,236.892209,6222.388037,-16.925714,0.007784,False,False,False,False,True,True,True,1-circle,1.000000,4323.579346,19070.701525,0.260207,0.082810,100.000000,100.000000,0.000000,0.000000,2,4,4,0.0000,0.0000,0.0000,0.5000,"Accelerate",0.016326
2447,A0100,pursuit_chase_v1,UNKNOWN,15717.992535,28620.033728,3779.966272,4593.915512,29744.932456,16706.366098,517.896100,28580.374148,236.892209,6222.388037,-16.925714,0.007784,False,False,False,False,True,True,True,1-circle,1.000000,4323.579346,19070.701525,0.260207,0.082810,100.000000,100.000000,0.000000,0.000000,2,4,4,0.0000,0.0000,0.0000,0.5000,"PursuitChaseOptimal",-0.027540
2447,B0100,aggressive,UNKNOWN,15717.992535,28620.033728,3779.966272,4593.915512,29744.932456,16706.366098,517.896100,28580.374148,236.892209,6222.388037,-16.925714,0.007784,False,False,False,False,True,True,True,1-circle,1.000000,4323.579346,19070.701525,0.260207,0.082810,100.000000,100.000000,0.000000,0.000000,2,4,4,0.0000,0.0000,0.0000,0.5000,"Accelerate",0.025526
2448,A0100,pursuit_chase_v1,UNKNOWN,15722.181862,28647.791452,3752.208548,4584.565414,29777.930856,16706.891253,517.971585,28584.360909,79.735218,6235.531577,-17.951393,0.055449,False,False,False,False,True,True,True,1-circle,1.000000,4327.781728,18690.555280,-1.853289,-0.085972,100.000000,100.000000,0.000000,0.000000,2,4,4,0.0000,0.0000,0.0000,0.5000,"PursuitChaseOptimal",-0.032758
2448,B0100,aggressive,UNKNOWN,15722.181862,28647.791452,3752.208548,4584.565414,29777.930856,16706.891253,517.971585,28584.360909,79.735218,6235.531577,-17.951393,0.055449,False,False,False,False,True,True,True,1-circle,1.000000,4327.781728,18690.555280,-1.853289,-0.085972,100.000000,100.000000,0.000000,0.000000,2,4,4,0.0000,0.0000,0.0000,0.5000,"Accelerate",0.030214
2449,A0100,pursuit_chase_v1,UNKNOWN,15722.181862,28647.791452,3752.208548,4584.565414,29777.930856,16706.891253,517.971585,28584.360909,79.735218,6235.531577,-17.951393,0.055449,False,False,False,False,True,True,True,1-circle,1.000000,4327.781728,18690.555280,-1.853289,-0.085972,100.000000,100.000000,0.000000,0.000000,2,4,4,0.0000,0.0000,0.0000,0.5000,"PursuitChaseOptimal",-0.034181
2449,B0100,aggressive,UNKNOWN,15722.181862,28647.791452,3752.208548,4584.565414,29777.930856,16706.891253,517.971585,28584.360909,79.735218,6235.531577,-17.951393,0.055449,False,False,False,False,True,True,True,1-circle,1.000000,4327.781728,18690.555280,-1.853289,-0.085972,100.000000,100.000000,0.000000,0.000000,2,4,4,0.0000,0.0000,0.0000,0.5000,"Accelerate",0.031279
2450,A0100,pursuit_chase_v1,UNKNOWN,15726.540156,28659.110310,3740.889690,4583.488263,29806.456683,16707.427179,518.258193,28598.044732,273.676454,6265.578485,-18.817216,0.006593,False,False,False,False,True,True,True,1-circle,1.000000,4332.044660,18984.765351,-0.220546,-0.111397,100.000000,100.000000,0.000000,0.000000,2,4,4,0.0000,0.0000,0.0000,0.5000,"PursuitChaseOptimal",-0.018253
2450,B0100,aggressive,UNKNOWN,15726.540156,28659.110310,3740.889690,4583.488263,29806.456683,16707.427179,518.258193,28598.044732,273.676454,6265.578485,-18.817216,0.006593,False,False,False,False,True,True,True,1-circle,1.000000,4332.044660,18984.765351,-0.220546,-0.111397,100.000000,100.000000,0.000000,0.000000,2,4,4,0.0000,0.0000,0.0000,0.5000,"Accelerate",0.016415
2451,A0100,pursuit_chase_v1,UNKNOWN,15726.540156,28659.110310,3740.889690,4583.488263,29806.456683,16707.427179,518.258193,28598.044732,273.676454,6265.578485,-18.817216,0.006593,False,False,False,False,True,True,True,1-circle,1.000000,4332.044660,18984.765351,-0.220546,-0.111397,100.000000,100.000000,0.000000,0.000000,2,4,4,0.0000,0.0000,0.0000,0.5000,"PursuitChaseOptimal",-0.005636
2451,B0100,aggressive,UNKNOWN,15726.540156,28659.110310,3740.889690,4583.488263,29806.456683,16707.427179,518.258193,28598.044732,273.676454,6265.578485,-18.817216,0.006593,False,False,False,False,True,True,True,1-circle,1.000000,4332.044660,18984.765351,-0.220546,-0.111397,100.000000,100.000000,0.000000,0.000000,2,4,4,0.0000,0.0000,0.0000,0.5000,"Accelerate",0.004794
2452,A0100,pursuit_chase_v1,UNKNOWN,15731.111868,28680.002190,3719.997810,4584.486533,29837.492903,16707.889512,518.375061,28603.870364,116.512634,6289.031062,-20.147222,0.008458,False,False,False,False,True,True,True,1-circle,1.000000,4336.378765,19075.751285,0.283009,-0.186748,100.000000,100.000000,0.000000,0.000000,2,4,4,0.0000,0.0000,0.0000,0.5000,"PursuitChaseOptimal",0.006969
2452,B0100,aggressive,UNKNOWN,15731.111868,28680.002190,3719.997810,4584.486533,29837.492903,16707.889512,518.375061,28603.870364,116.512634,6289.031062,-20.147222,0.008458,False,False,False,False,True,True,True,1-circle,1.000000,4336.378765,19075.751285,0.283009,-0.186748,100.000000,100.000000,0.000000,0.000000,2,4,4,0.0000,0.0000,0.0000,0.5000,"Accelerate",-0.007172
2453,A0100,pursuit_chase_v1,UNKNOWN,15731.111868,28680.002190,3719.997810,4584.486533,29837.492903,16707.889512,518.375061,28603.870364,116.512634,6289.031062,-20.147222,0.008458,False,False,False,False,True,True,True,1-circle,1.000000,4336.378765,19075.751285,0.283009,-0.186748,100.000000,100.000000,0.000000,0.000000,2,4,4,0.0000,0.0000,0.0000,0.5000,"PursuitChaseOptimal",0.017943
2453,B0100,aggressive,UNKNOWN,15731.111868,28680.002190,3719.997810,4584.486533,29837.492903,16707.889512,518.375061,28603.870364,116.512634,6289.031062,-20.147222,0.008458,False,False,False,False,True,True,True,1-circle,1.000000,4336.378765,19075.751285,0.283009,-0.186748,100.000000,100.000000,0.000000,0.000000,2,4,4,0.0000,0.0000,0.0000,0.5000,"Accelerate",-0.017794
2454,A0100,pursuit_chase_v1,UNKNOWN,15735.871088,28702.555724,3697.444276,4591.829131,29866.976893,16708.431781,518.555114,28612.678033,176.153383,6312.948710,-21.910435,0.025257,False,False,False,False,True,True,True,1-circle,1.000000,4340.390882,18872.791821,-0.845295,0.119775,100.000000,100.000000,0.000000,0.000000,2,4,4,0.0000,0.0000,0.0000,0.5000,"PursuitChaseOptimal",0.032979
2454,B0100,aggressive,UNKNOWN,15735.871088,28702.555724,3697.444276,4591.829131,29866.976893,16708.431781,518.555114,28612.678033,176.153383,6312.948710,-21.910435,0.025257,False,False,False,False,True,True,True,1-circle,1.000000,4340.390882,18872.791821,-0.845295,0.119775,100.000000,100.000000,0.000000,0.000000,2,4,4,0.0000,0.0000,0.0000,0.5000,"Accelerate",-0.032264
2455,A0100,pursuit_chase_v1,UNKNOWN,15735.871088,28702.555724,3697.444276,4591.829131,29866.976893,16708.431781,518.555114,28612.678033,176.153383,6312.948710,-21.910435,0.025257,False,False,False,False,True,True,True,1-circle,1.000000,4340.390882,18872.791821,-0.845295,0.119775,100.000000,100.000000,0.000000,0.000000,2,4,4,0.0000,0.0000,0.0000,0.5000,"PursuitChaseOptimal",0.032906
2455,B0100,aggressive,UNKNOWN,15735.871088,28702.555724,3697.444276,4591.829131,29866.976893,16708.431781,518.555114,28612.678033,176.153383,6312.948710,-21.910435,0.025257,False,False,False,False,True,True,True,1-circle,1.000000,4340.390882,18872.791821,-0.845295,0.119775,100.000000,100.000000,0.000000,0.000000,2,4,4,0.0000,0.0000,0.0000,0.5000,"Accelerate",-0.031897
2456,A0100,pursuit_chase_v1,UNKNOWN,15740.828625,28723.924953,3676.075047,4597.257201,29898.147889,16708.972279,518.717462,28620.673590,159.911151,6335.044129,-23.863261,0.012576,False,False,False,False,True,True,True,1-circle,1.000000,4343.947106,18948.995073,-0.421045,-0.072676,100.000000,100.000000,0.000000,0.000000,2,4,4,0.0000,0.0000,0.0000,0.5000,"PursuitChaseOptimal",0.015499
2456,B0100,aggressive,UNKNOWN,15740.828625,28723.924953,3676.075047,4597.257201,29898.147889,16708.972279,518.717462,28620.673590,159.911151,6335.044129,-23.863261,0.012576,False,False,False,False,True,True,True,1-circle,1.000000,4343.947106,18948.995073,-0.421045,-0.072676,100.000000,100.000000,0.000000,0.000000,2,4,4,0.0000,0.0000,0.0000,0.5000,"Accelerate",-0.015276
2457,A0100,pursuit_chase_v1,UNKNOWN,15740.828625,28723.924953,3676.075047,4597.257201,29898.147889,16708.972279,518.717462,28620.673590,159.911151,6335.044129,-23.863261,0.012576,False,False,False,False,True,True,True,1-circle,1.000000,4343.947106,18948.995073,-0.421045,-0.072676,100.000000,100.000000,0.000000,0.000000,2,4,4,0.0000,0.0000,0.0000,0.5000,"PursuitChaseOptimal",0.001803
2457,B0100,aggressive,UNKNOWN,15740.828625,28723.924953,3676.075047,4597.257201,29898.147889,16708.972279,518.717462,28620.673590,159.911151,6335.044129,-23.863261,0.012576,False,False,False,False,True,True,True,1-circle,1.000000,4343.947106,18948.995073,-0.421045,-0.072676,100.000000,100.000000,0.000000,0.000000,2,4,4,0.0000,0.0000,0.0000,0.5000,"Accelerate",-0.002612
2458,A0100,pursuit_chase_v1,UNKNOWN,15745.967609,28744.627856,3655.372144,4604.416012,29928.149929,16709.583930,518.846535,28627.213997,130.808133,6350.321842,-25.430456,0.046868,False,False,False,False,True,True,True,1-circle,1.000000,4346.988139,18741.851604,-1.569119,-0.019074,100.000000,100.000000,0.000000,0.000000,2,5,4,0.0000,0.0000,0.0000,0.5000,"PursuitChaseOptimal",-0.011537
2458,B0100,aggressive,UNKNOWN,15745.967609,28744.627856,3655.372144,4604.416012,29928.149929,16709.583930,518.846535,28627.213997,130.808133,6350.321842,-25.430456,0.046868,False,False,False,False,True,True,True,1-circle,1.000000,4346.988139,18741.851604,-1.569119,-0.019074,100.000000,100.000000,0.000000,0.000000,2,4,4,0.0000,0.0000,0.0000,0.5000,"Accelerate",0.009683
2459,A0100,pursuit_chase_v1,UNKNOWN,15745.967609,28744.627856,3655.372144,4604.416012,29928.149929,16709.583930,518.846535,28627.213997,130.808133,6350.321842,-25.430456,0.046868,False,False,False,False,True,True,True,1-circle,1.000000,4346.988139,18741.851604,-1.569119,-0.019074,100.000000,100.000000,0.000000,0.000000,2,5,4,0.0000,0.0000,0.0000,0.5000,"PursuitChaseOptimal",-0.001073
2459,B0100,aggressive,UNKNOWN,15745.967609,28744.627856,3655.372144,4604.416012,29928.149929,16709.583930,518.846535,28627.213997,130.808133,6350.321842,-25.430456,0.046868,False,False,False,False,True,True,True,1-circle,1.000000,4346.988139,18741.851604,-1.569119,-0.019074,100.000000,100.000000,0.000000,0.000000,2,4,4,0.0000,0.0000,0.0000,0.5000,"Accelerate",0.000029
2460,A0100,pursuit_chase_v1,UNKNOWN,15751.302654,28756.834719,3643.165281,4613.418913,29958.378638,16710.115074,519.107878,28639.753980,250.799667,6369.447112,-26.741431,0.027973,False,False,False,False,True,True,True,1-circle,1.000000,4349.860755,19192.369667,0.937133,-0.217885,100.000000,100.000000,0.000000,0.000000,2,5,4,0.0000,0.0000,0.0000,0.5000,"PursuitChaseOptimal",0.004210
2460,B0100,aggressive,UNKNOWN,15751.302654,28756.834719,3643.165281,4613.418913,29958.378638,16710.115074,519.107878,28639.753980,250.799667,6369.447112,-26.741431,0.027973,False,False,False,False,True,True,True,1-circle,1.000000,4349.860755,19192.369667,0.937133,-0.217885,100.000000,100.000000,0.000000,0.000000,2,4,4,0.0000,0.0000,0.0000,0.5000,"Accelerate",-0.004575
2461,A0100,pursuit_chase_v1,UNKNOWN,15751.302654,28756.834719,3643.165281,4613.418913,29958.378638,16710.115074,519.107878,28639.753980,250.799667,6369.447112,-26.741431,0.027973,False,False,False,False,True,True,True,1-circle,1.000000,4349.860755,19192.369667,0.937133,-0.217885,100.000000,100.000000,0.000000,0.000000,2,5,4,0.0000,0.0000,0.0000,0.5000,"PursuitChaseOptimal",0.011288
2461,B0100,aggressive,UNKNOWN,15751.302654,28756.834719,3643.165281,4613.418913,29958.378638,16710.115074,519.107878,28639.753980,250.799667,6369.447112,-26.741431,0.027973,False,False,False,False,True,True,True,1-circle,1.000000,4349.860755,19192.369667,0.937133,-0.217885,100.000000,100.000000,0.000000,0.000000,2,4,4,0.0000,0.0000,0.0000,0.5000,"Accelerate",-0.011229
2462,A0100,pursuit_chase_v1,UNKNOWN,15756.776379,28784.656717,3615.343283,4615.529918,29990.746316,16710.662327,519.180968,28643.660818,78.136748,6357.623614,-27.957701,0.034971,False,False,False,False,True,True,True,1-circle,1.000000,4352.453983,18812.006535,-1.171655,-0.001065,100.000000,100.000000,0.000000,0.000000,2,5,4,0.0000,0.0000,0.0000,0.5000,"PursuitChaseOptimal",0.022435
2462,B0100,aggressive,UNKNOWN,15756.776379,28784.656717,3615.343283,4615.529918,29990.746316,16710.662327,519.180968,28643.660818,78.136748,6357.623614,-27.957701,0.034971,False,False,False,False,True,True,True,1-circle,1.000000,4352.453983,18812.006535,-1.171655,-0.001065,100.000000,100.000000,0.000000,0.000000,2,4,4,0.0000,0.0000,0.0000,0.5000,"Accelerate",-0.021959
2463,A0100,pursuit_chase_v1,UNKNOWN,15756.776379,28784.656717,3615.343283,4615.529918,29990.746316,16710.662327,519.180968,28643.660818,78.136748,6357.623614,-27.957701,0.034971,False,False,False,False,True,True,True,1-circle,1.000000,4352.453983,18812.006535,-1.171655,-0.001065,100.000000,100.000000,0.000000,0.000000,2,5,4,0.0000,0.0000,0.0000,0.5000,"PursuitChaseOptimal",0.028645
2463,B0100,aggressive,UNKNOWN,15756.776379,28784.656717,3615.343283,4615.529918,29990.746316,16710.662327,519.180968,28643.660818,78.136748,6357.623614,-27.957701,0.034971,False,False,False,False,True,True,True,1-circle,1.000000,4352.453983,18812.006535,-1.171655,-0.001065,100.000000,100.000000,0.000000,0.000000,2,4,4,0.0000,0.0000,0.0000,0.5000,"Accelerate",-0.027995
2464,A0100,pursuit_chase_v1,UNKNOWN,15762.346755,28801.380444,3598.619556,4626.514250,30018.803916,16711.256721,519.404805,28654.546903,217.721702,6344.773795,-29.231560,0.007035,False,False,False,False,True,True,True,1-circle,1.000000,4354.598232,19064.300802,0.235831,0.095963,100.000000,100.000000,0.000000,0.000000,2,5,4,0.0000,0.0000,0.0000,0.5000,"PursuitChaseOptimal",0.022742
2464,B0100,aggressive,UNKNOWN,15762.346755,28801.380444,3598.619556,4626.514250,30018.803916,16711.256721,519.404805,28654.546903,217.721702,6344.773795,-29.231560,0.007035,False,False,False,False,True,True,True,1-circle,1.000000,4354.598232,19064.300802,0.235831,0.095963,100.000000,100.000000,0.000000,0.000000,2,4,4,0.0000,0.0000,0.0000,0.5000,"Accelerate",-0.022129
2465,A0100,pursuit_chase_v1,UNKNOWN,15762.346755,28801.380444,3598.619556,4626.514250,30018.803916,16711.256721,519.404805,28654.546903,217.721702,6344.773795,-29.231560,0.007035,False,False,False,False,True,True,True,1-circle,1.000000,4354.598232,19064.300802,0.235831,0.095963,100.000000,100.000000,0.000000,0.000000,2,5,4,0.0000,0.0000,0.0000,0.5000,"PursuitChaseOptimal",0.016200
2465,B0100,aggressive,UNKNOWN,15762.346755,28801.380444,3598.619556,4626.514250,30018.803916,16711.256721,519.404805,28654.546903,217.721702,6344.773795,-29.231560,0.007035,False,False,False,False,True,True,True,1-circle,1.000000,4354.598232,19064.300802,0.235831,0.095963,100.000000,100.000000,0.000000,0.000000,2,4,4,0.0000,0.0000,0.0000,0.5000,"Accelerate",-0.015860
2466,A0100,pursuit_chase_v1,UNKNOWN,15767.994482,28829.481001,3570.518999,4633.750985,30052.208743,16711.884434,519.460298,28657.726768,63.597309,6317.275391,-30.498047,0.056026,False,False,False,False,True,True,True,1-circle,1.000000,4356.211145,18682.507483,-1.877618,-0.060552,100.000000,100.000000,0.000000,0.000000,2,5,4,0.0000,0.0000,0.0000,0.5000,"PursuitChaseOptimal",0.006451
2466,B0100,aggressive,UNKNOWN,15767.994482,28829.481001,3570.518999,4633.750985,30052.208743,16711.884434,519.460298,28657.726768,63.597309,6317.275391,-30.498047,0.056026,False,False,False,False,True,True,True,1-circle,1.000000,4356.211145,18682.507483,-1.877618,-0.060552,100.000000,100.000000,0.000000,0.000000,2,4,4,0.0000,0.0000,0.0000,0.5000,"Accelerate",-0.006996
2467,A0100,pursuit_chase_v1,UNKNOWN,15767.994482,28829.481001,3570.518999,4633.750985,30052.208743,16711.884434,519.460298,28657.726768,63.597309,6317.275391,-30.498047,0.056026,False,False,False,False,True,True,True,1-circle,1.000000,4356.211145,18682.507483,-1.877618,-0.060552,100.000000,100.000000,0.000000,0.000000,2,5,4,0.0000,0.0000,0.0000,0.5000,"PursuitChaseOptimal",-0.004760
2467,B0100,aggressive,UNKNOWN,15767.994482,28829.481001,3570.518999,4633.750985,30052.208743,16711.884434,519.460298,28657.726768,63.597309,6317.275391,-30.498047,0.056026,False,False,False,False,True,True,True,1-circle,1.000000,4356.211145,18682.507483,-1.877618,-0.060552,100.000000,100.000000,0.000000,0.000000,2,4,4,0.0000,0.0000,0.0000,0.5000,"Accelerate",0.003220
2468,A0100,pursuit_chase_v1,UNKNOWN,15773.727882,28841.044942,3558.955058,4631.875581,30081.117471,16712.521996,519.726324,28670.602875,257.522141,6312.457481,-31.255504,0.006482,False,False,False,False,True,True,True,1-circle,1.000000,4357.457783,18979.754958,-0.217412,-0.074000,100.000000,100.000000,0.000000,0.000000,2,5,4,0.0000,0.0000,0.0000,0.5000,"PursuitChaseOptimal",-0.006809
2468,B0100,aggressive,UNKNOWN,15773.727882,28841.044942,3558.955058,4631.875581,30081.117471,16712.521996,519.726324,28670.602875,257.522141,6312.457481,-31.255504,0.006482,False,False,False,False,True,True,True,1-circle,1.000000,4357.457783,18979.754958,-0.217412,-0.074000,100.000000,100.000000,0.000000,0.000000,2,4,4,0.0000,0.0000,0.0000,0.5000,"Accelerate",0.005431
2469,A0100,pursuit_chase_v1,UNKNOWN,15773.727882,28841.044942,3558.955058,4631.875581,30081.117471,16712.521996,519.726324,28670.602875,257.522141,6312.457481,-31.255504,0.006482,False,False,False,False,True,True,True,1-circle,1.000000,4357.457783,18979.754958,-0.217412,-0.074000,100.000000,100.000000,0.000000,0.000000,2,5,4,0.0000,0.0000,0.0000,0.5000,"PursuitChaseOptimal",-0.015909
2469,B0100,aggressive,UNKNOWN,15773.727882,28841.044942,3558.955058,4631.875581,30081.117471,16712.521996,519.726324,28670.602875,257.522141,6312.457481,-31.255504,0.006482,False,False,False,False,True,True,True,1-circle,1.000000,4357.457783,18979.754958,-0.217412,-0.074000,100.000000,100.000000,0.000000,0.000000,2,4,4,0.0000,0.0000,0.0000,0.5000,"Accelerate",0.014451
2470,A0100,pursuit_chase_v1,UNKNOWN,15779.518164,28862.429533,3537.570467,4581.378186,30112.465364,16713.085930,519.826864,28675.793775,103.817990,6298.897620,-30.830475,0.008590,False,False,False,False,True,True,True,1-circle,1.000000,4358.786784,19069.246513,0.288188,-0.145718,100.000000,100.000000,0.000000,0.000000,2,5,4,0.0000,0.0000,0.0000,0.5000,"PursuitChaseOptimal",-0.011374
2470,B0100,aggressive,UNKNOWN,15779.518164,28862.429533,3537.570467,4581.378186,30112.465364,16713.085930,519.826864,28675.793775,103.817990,6298.897620,-30.830475,0.008590,False,False,False,False,True,True,True,1-circle,1.000000,4358.786784,19069.246513,0.288188,-0.145718,100.000000,100.000000,0.000000,0.000000,2,4,4,0.0000,0.0000,0.0000,0.5000,"Accelerate",0.010250
2471,A0100,pursuit_chase_v1,UNKNOWN,15779.518164,28862.429533,3537.570467,4581.378186,30112.465364,16713.085930,519.826864,28675.793775,103.817990,6298.897620,-30.830475,0.008590,False,False,False,False,True,True,True,1-circle,1.000000,4358.786784,19069.246513,0.288188,-0.145718,100.000000,100.000000,0.000000,0.000000,2,5,4,0.0000,0.0000,0.0000,0.5000,"PursuitChaseOptimal",-0.004162
2471,B0100,aggressive,UNKNOWN,15779.518164,28862.429533,3537.570467,4581.378186,30112.465364,16713.085930,519.826864,28675.793775,103.817990,6298.897620,-30.830475,0.008590,False,False,False,False,True,True,True,1-circle,1.000000,4358.786784,19069.246513,0.288188,-0.145718,100.000000,100.000000,0.000000,0.000000,2,4,4,0.0000,0.0000,0.0000,0.5000,"Accelerate",0.003266
2472,A0100,pursuit_chase_v1,UNKNOWN,15785.259907,28885.002365,3514.997635,4484.023808,30141.641826,16713.731219,519.990187,28683.957352,163.271544,6300.984878,-29.621439,0.024919,False,False,False,False,True,True,True,1-circle,1.000000,4360.479093,18865.622878,-0.836175,0.163838,100.000000,100.000000,0.000000,0.000000,2,5,4,0.0000,0.0000,0.0000,0.5000,"PursuitChaseOptimal",0.000015
2472,B0100,aggressive,UNKNOWN,15785.259907,28885.002365,3514.997635,4484.023808,30141.641826,16713.731219,519.990187,28683.957352,163.271544,6300.984878,-29.621439,0.024919,False,False,False,False,True,True,True,1-circle,1.000000,4360.479093,18865.622878,-0.836175,0.163838,100.000000,100.000000,0.000000,0.000000,2,4,4,0.0000,0.0000,0.0000,0.5000,"Accelerate",-0.000852
2473,A0100,pursuit_chase_v1,UNKNOWN,15785.259907,28885.002365,3514.997635,4484.023808,30141.641826,16713.731219,519.990187,28683.957352,163.271544,6300.984878,-29.621439,0.024919,False,False,False,False,True,True,True,1-circle,1.000000,4360.479093,18865.622878,-0.836175,0.163838,100.000000,100.000000,0.000000,0.000000,2,5,4,0.0000,0.0000,0.0000,0.5000,"PursuitChaseOptimal",0.003459
2473,B0100,aggressive,UNKNOWN,15785.259907,28885.002365,3514.997635,4484.023808,30141.641826,16713.731219,519.990187,28683.957352,163.271544,6300.984878,-29.621439,0.024919,False,False,False,False,True,True,True,1-circle,1.000000,4360.479093,18865.622878,-0.836175,0.163838,100.000000,100.000000,0.000000,0.000000,2,4,4,0.0000,0.0000,0.0000,0.5000,"Accelerate",-0.003818
2474,A0100,pursuit_chase_v1,UNKNOWN,15790.934479,28905.285845,3494.714155,4365.811718,30171.807068,16714.376314,520.135509,28691.294009,146.733139,6317.068868,-28.355545,0.011875,False,False,False,False,True,True,True,1-circle,1.000000,4362.764370,18943.575227,-0.398610,-0.027686,100.000000,100.000000,0.000000,0.000000,2,5,4,0.0000,0.0000,0.0000,0.5000,"PursuitChaseOptimal",0.006863
2474,B0100,aggressive,UNKNOWN,15790.934479,28905.285845,3494.714155,4365.811718,30171.807068,16714.376314,520.135509,28691.294009,146.733139,6317.068868,-28.355545,0.011875,False,False,False,False,True,True,True,1-circle,1.000000,4362.764370,18943.575227,-0.398610,-0.027686,100.000000,100.000000,0.000000,0.000000,2,4,4,0.0000,0.0000,0.0000,0.5000,"Accelerate",-0.006934
2475,A0100,pursuit_chase_v1,UNKNOWN,15790.934479,28905.285845,3494.714155,4365.811718,30171.807068,16714.376314,520.135509,28691.294009,146.733139,6317.068868,-28.355545,0.011875,False,False,False,False,True,True,True,1-circle,1.000000,4362.764370,18943.575227,-0.398610,-0.027686,100.000000,100.000000,0.000000,0.000000,2,5,4,0.0000,0.0000,0.0000,0.5000,"PursuitChaseOptimal",0.010174
2475,B0100,aggressive,UNKNOWN,15790.934479,28905.285845,3494.714155,4365.811718,30171.807068,16714.376314,520.135509,28691.294009,146.733139,6317.068868,-28.355545,0.011875,False,False,False,False,True,True,True,1-circle,1.000000,4362.764370,18943.575227,-0.398610,-0.027686,100.000000,100.000000,0.000000,0.000000,2,4,4,0.0000,0.0000,0.0000,0.5000,"Accelerate",-0.010387
2476,A0100,pursuit_chase_v1,UNKNOWN,15796.556230,28923.939112,3476.060888,4237.785436,30199.840179,16715.095195,520.247744,28697.182208,117.763987,6346.956520,-27.237387,0.045955,False,False,False,False,True,True,True,1-circle,1.000000,4365.576295,18737.250088,-1.542524,0.032198,100.000000,100.000000,0.000000,0.000000,2,4,4,0.0000,0.0000,0.0000,0.5000,"PursuitChaseOptimal",0.017673
2476,B0100,aggressive,UNKNOWN,15796.556230,28923.939112,3476.060888,4237.785436,30199.840179,16715.095195,520.247744,28697.182208,117.763987,6346.956520,-27.237387,0.045955,False,False,False,False,True,True,True,1-circle,1.000000,4365.576295,18737.250088,-1.542524,0.032198,100.000000,100.000000,0.000000,0.000000,2,4,4,0.0000,0.0000,0.0000,0.5000,"Accelerate",-0.017794
2477,A0100,pursuit_chase_v1,UNKNOWN,15796.556230,28923.939112,3476.060888,4237.785436,30199.840179,16715.095195,520.247744,28697.182208,117.763987,6346.956520,-27.237387,0.045955,False,False,False,False,True,True,True,1-circle,1.000000,4365.576295,18737.250088,-1.542524,0.032198,100.000000,100.000000,0.000000,0.000000,2,4,4,0.0000,0.0000,0.0000,0.5000,"PursuitChaseOptimal",0.012822
2477,B0100,aggressive,UNKNOWN,15796.556230,28923.939112,3476.060888,4237.785436,30199.840179,16715.095195,520.247744,28697.182208,117.763987,6346.956520,-27.237387,0.045955,False,False,False,False,True,True,True,1-circle,1.000000,4365.576295,18737.250088,-1.542524,0.032198,100.000000,100.000000,0.000000,0.000000,2,4,4,0.0000,0.0000,0.0000,0.5000,"Accelerate",-0.012911
2478,A0100,pursuit_chase_v1,UNKNOWN,15802.154808,28932.698088,3467.301912,4100.867343,30227.201047,16715.736225,520.493127,28709.129009,238.936003,6385.301721,-26.050272,0.029201,False,False,False,False,True,True,True,1-circle,1.000000,4369.035894,19191.471162,0.980724,-0.164141,100.000000,100.000000,0.000000,0.000000,2,4,4,0.0000,0.0000,0.0000,0.5000,"PursuitChaseOptimal",0.013366
2478,B0100,aggressive,UNKNOWN,15802.154808,28932.698088,3467.301912,4100.867343,30227.201047,16715.736225,520.493127,28709.129009,238.936003,6385.301721,-26.050272,0.029201,False,False,False,False,True,True,True,1-circle,1.000000,4369.035894,19191.471162,0.980724,-0.164141,100.000000,100.000000,0.000000,0.000000,2,4,4,0.0000,0.0000,0.0000,0.5000,"Accelerate",-0.012965
2479,A0100,pursuit_chase_v1,UNKNOWN,15802.154808,28932.698088,3467.301912,4100.867343,30227.201047,16715.736225,520.493127,28709.129009,238.936003,6385.301721,-26.050272,0.029201,False,False,False,False,True,True,True,1-circle,1.000000,4369.035894,19191.471162,0.980724,-0.164141,100.000000,100.000000,0.000000,0.000000,2,4,4,0.0000,0.0000,0.0000,0.5000,"PursuitChaseOptimal",0.001928
2479,B0100,aggressive,UNKNOWN,15802.154808,28932.698088,3467.301912,4100.867343,30227.201047,16715.736225,520.493127,28709.129009,238.936003,6385.301721,-26.050272,0.029201,False,False,False,False,True,True,True,1-circle,1.000000,4369.035894,19191.471162,0.980724,-0.164141,100.000000,100.000000,0.000000,0.000000,2,4,4,0.0000,0.0000,0.0000,0.5000,"Accelerate",-0.002174
2480,A0100,pursuit_chase_v1,UNKNOWN,15807.707096,28955.986495,3444.013505,3968.654737,30255.733647,16716.395298,520.537290,28711.823412,53.888065,6408.017373,-25.089219,0.033958,False,False,False,False,True,True,True,1-circle,1.000000,4373.025933,18810.066247,-1.140552,0.048969,100.000000,100.000000,0.000000,0.000000,2,4,4,0.0000,0.0000,0.0000,0.5000,"PursuitChaseOptimal",-0.006686
2480,B0100,aggressive,UNKNOWN,15807.707096,28955.986495,3444.013505,3968.654737,30255.733647,16716.395298,520.537290,28711.823412,53.888065,6408.017373,-25.089219,0.033958,False,False,False,False,True,True,True,1-circle,1.000000,4373.025933,18810.066247,-1.140552,0.048969,100.000000,100.000000,0.000000,0.000000,2,4,4,0.0000,0.0000,0.0000,0.5000,"Accelerate",0.005123
2481,A0100,pursuit_chase_v1,UNKNOWN,15807.707096,28955.986495,3444.013505,3968.654737,30255.733647,16716.395298,520.537290,28711.823412,53.888065,6408.017373,-25.089219,0.033958,False,False,False,False,True,True,True,1-circle,1.000000,4373.025933,18810.066247,-1.140552,0.048969,100.000000,100.000000,0.000000,0.000000,2,4,4,0.0000,0.0000,0.0000,0.5000,"PursuitChaseOptimal",-0.013314
2481,B0100,aggressive,UNKNOWN,15807.707096,28955.986495,3444.013505,3968.654737,30255.733647,16716.395298,520.537290,28711.823412,53.888065,6408.017373,-25.089219,0.033958,False,False,False,False,True,True,True,1-circle,1.000000,4373.025933,18810.066247,-1.140552,0.048969,100.000000,100.000000,0.000000,0.000000,2,4,4,0.0000,0.0000,0.0000,0.5000,"Accelerate",0.008350
2482,A0100,pursuit_chase_v1,UNKNOWN,15813.258891,28964.325929,3435.674071,3876.305355,30278.974035,16717.070015,520.745514,28722.096771,205.467186,6445.338002,-24.572686,0.008508,False,False,False,False,True,True,True,1-circle,1.000000,4377.492050,19067.591830,0.285907,-0.063521,100.000000,100.000000,0.000000,0.000000,2,4,4,0.0000,0.0000,0.0000,0.5000,"PursuitChaseOptimal",-0.016873
2482,B0100,aggressive,UNKNOWN,15813.258891,28964.325929,3435.674071,3876.305355,30278.974035,16717.070015,520.745514,28722.096771,205.467186,6445.338002,-24.572686,0.008508,False,False,False,False,True,True,True,1-circle,1.000000,4377.492050,19067.591830,0.285907,-0.063521,100.000000,100.000000,0.000000,0.000000,2,4,4,0.0000,0.0000,0.0000,0.5000,"Accelerate",0.011926
2483,A0100,pursuit_chase_v1,UNKNOWN,15813.258891,28964.325929,3435.674071,3876.305355,30278.974035,16717.070015,520.745514,28722.096771,205.467186,6445.338002,-24.572686,0.008508,False,False,False,False,True,True,True,1-circle,1.000000,4377.492050,19067.591830,0.285907,-0.063521,100.000000,100.000000,0.000000,0.000000,2,4,4,0.0000,0.0000,0.0000,0.5000,"PursuitChaseOptimal",-0.018503
2483,B0100,aggressive,UNKNOWN,15813.258891,28964.325929,3435.674071,3876.305355,30278.974035,16717.070015,520.745514,28722.096771,205.467186,6445.338002,-24.572686,0.008508,False,False,False,False,True,True,True,1-circle,1.000000,4377.492050,19067.591830,0.285907,-0.063521,100.000000,100.000000,0.000000,0.000000,2,4,4,0.0000,0.0000,0.0000,0.5000,"Accelerate",0.013611
2484,A0100,pursuit_chase_v1,UNKNOWN,15818.864208,28984.827669,3415.172331,3804.884073,30307.053187,16717.746481,520.763320,28723.594259,29.949765,6462.288843,-24.382885,0.054766,False,False,False,False,True,True,True,1-circle,1.000000,4382.329915,18685.981386,-1.839808,-0.118732,100.000000,100.000000,0.000000,0.000000,2,4,4,0.0000,0.0000,0.0000,0.5000,"PursuitChaseOptimal",-0.018914
2484,B0100,aggressive,UNKNOWN,15818.864208,28984.827669,3415.172331,3804.884073,30307.053187,16717.746481,520.763320,28723.594259,29.949765,6462.288843,-24.382885,0.054766,False,False,False,False,True,True,True,1-circle,1.000000,4382.329915,18685.981386,-1.839808,-0.118732,100.000000,100.000000,0.000000,0.000000,2,4,4,0.0000,0.0000,0.0000,0.5000,"Accelerate",0.013713
2485,A0100,pursuit_chase_v1,UNKNOWN,15818.864208,28984.827669,3415.172331,3804.884073,30307.053187,16717.746481,520.763320,28723.594259,29.949765,6462.288843,-24.382885,0.054766,False,False,False,False,True,True,True,1-circle,1.000000,4382.329915,18685.981386,-1.839808,-0.118732,100.000000,100.000000,0.000000,0.000000,2,4,4,0.0000,0.0000,0.0000,0.5000,"PursuitChaseOptimal",-0.016543
2485,B0100,aggressive,UNKNOWN,15818.864208,28984.827669,3415.172331,3804.884073,30307.053187,16717.746481,520.763320,28723.594259,29.949765,6462.288843,-24.382885,0.054766,False,False,False,False,True,True,True,1-circle,1.000000,4382.329915,18685.981386,-1.839808,-0.118732,100.000000,100.000000,0.000000,0.000000,2,4,4,0.0000,0.0000,0.0000,0.5000,"Accelerate",0.011056
2486,A0100,pursuit_chase_v1,UNKNOWN,15824.512523,28990.385674,3409.614326,3761.351013,30330.179611,16718.431504,520.994818,28734.955717,227.229158,6481.322970,-24.265160,0.004724,False,False,False,False,True,True,True,1-circle,1.000000,4387.431021,18989.762753,-0.158806,0.018623,100.000000,100.000000,0.000000,0.000000,2,4,4,0.0000,0.0000,0.0000,0.5000,"PursuitChaseOptimal",-0.010173
2486,B0100,aggressive,UNKNOWN,15824.512523,28990.385674,3409.614326,3761.351013,30330.179611,16718.431504,520.994818,28734.955717,227.229158,6481.322970,-24.265160,0.004724,False,False,False,False,True,True,True,1-circle,1.000000,4387.431021,18989.762753,-0.158806,0.018623,100.000000,100.000000,0.000000,0.000000,2,4,4,0.0000,0.0000,0.0000,0.5000,"Accelerate",0.005303
2487,A0100,pursuit_chase_v1,UNKNOWN,15824.512523,28990.385674,3409.614326,3761.351013,30330.179611,16718.431504,520.994818,28734.955717,227.229158,6481.322970,-24.265160,0.004724,False,False,False,False,True,True,True,1-circle,1.000000,4387.431021,18989.762753,-0.158806,0.018623,100.000000,100.000000,0.000000,0.000000,2,4,4,0.0000,0.0000,0.0000,0.5000,"PursuitChaseOptimal",-0.003620
2487,B0100,aggressive,UNKNOWN,15824.512523,28990.385674,3409.614326,3761.351013,30330.179611,16718.431504,520.994818,28734.955717,227.229158,6481.322970,-24.265160,0.004724,False,False,False,False,True,True,True,1-circle,1.000000,4387.431021,18989.762753,-0.158806,0.018623,100.000000,100.000000,0.000000,0.000000,2,4,4,0.0000,0.0000,0.0000,0.5000,"Accelerate",-0.000480
2488,A0100,pursuit_chase_v1,UNKNOWN,15830.238827,29006.058723,3393.941277,3738.038064,30355.716327,16719.054457,521.088654,28739.907647,99.038586,6490.655849,-24.694900,0.010115,False,False,False,False,True,True,True,1-circle,1.000000,4392.703462,19080.883924,0.340121,-0.099713,100.000000,100.000000,0.000000,0.000000,2,4,4,0.0000,0.0000,0.0000,0.5000,"PursuitChaseOptimal",0.004416
2488,B0100,aggressive,UNKNOWN,15830.238827,29006.058723,3393.941277,3738.038064,30355.716327,16719.054457,521.088654,28739.907647,99.038586,6490.655849,-24.694900,0.010115,False,False,False,False,True,True,True,1-circle,1.000000,4392.703462,19080.883924,0.340121,-0.099713,100.000000,100.000000,0.000000,0.000000,2,4,4,0.0000,0.0000,0.0000,0.5000,"Accelerate",-0.008091
2489,A0100,pursuit_chase_v1,UNKNOWN,15830.238827,29006.058723,3393.941277,3738.038064,30355.716327,16719.054457,521.088654,28739.907647,99.038586,6490.655849,-24.694900,0.010115,False,False,False,False,True,True,True,1-circle,1.000000,4392.703462,19080.883924,0.340121,-0.099713,100.000000,100.000000,0.000000,0.000000,2,4,4,0.0000,0.0000,0.0000,0.5000,"PursuitChaseOptimal",0.014061
2489,B0100,aggressive,UNKNOWN,15830.238827,29006.058723,3393.941277,3738.038064,30355.716327,16719.054457,521.088654,28739.907647,99.038586,6490.655849,-24.694900,0.010115,False,False,False,False,True,True,True,1-circle,1.000000,4392.703462,19080.883924,0.340121,-0.099713,100.000000,100.000000,0.000000,0.000000,2,4,4,0.0000,0.0000,0.0000,0.5000,"Accelerate",-0.017573
2490,A0100,pursuit_chase_v1,UNKNOWN,15836.036719,29020.395347,3379.604653,3735.877865,30379.386630,16719.754577,521.207037,28746.070269,123.252442,6503.104196,-25.637367,0.023276,False,False,False,False,True,True,True,1-circle,1.000000,4397.789537,18879.964895,-0.782787,0.091167,100.000000,100.000000,0.000000,0.000000,2,4,4,0.0000,0.0000,0.0000,0.5000,"PursuitChaseOptimal",0.022414
2490,B0100,aggressive,UNKNOWN,15836.036719,29020.395347,3379.604653,3735.877865,30379.386630,16719.754577,521.207037,28746.070269,123.252442,6503.104196,-25.637367,0.023276,False,False,False,False,True,True,True,1-circle,1.000000,4397.789537,18879.964895,-0.782787,0.091167,100.000000,100.000000,0.000000,0.000000,2,4,4,0.0000,0.0000,0.0000,0.5000,"Accelerate",-0.025559
2491,A0100,pursuit_chase_v1,UNKNOWN,15836.036719,29020.395347,3379.604653,3735.877865,30379.386630,16719.754577,521.207037,28746.070269,123.252442,6503.104196,-25.637367,0.023276,False,False,False,False,True,True,True,1-circle,1.000000,4397.789537,18879.964895,-0.782787,0.091167,100.000000,100.000000,0.000000,0.000000,2,4,4,0.0000,0.0000,0.0000,0.5000,"PursuitChaseOptimal",0.029227
2491,B0100,aggressive,UNKNOWN,15836.036719,29020.395347,3379.604653,3735.877865,30379.386630,16719.754577,521.207037,28746.070269,123.252442,6503.104196,-25.637367,0.023276,False,False,False,False,True,True,True,1-circle,1.000000,4397.789537,18879.964895,-0.782787,0.091167,100.000000,100.000000,0.000000,0.000000,2,4,4,0.0000,0.0000,0.0000,0.5000,"Accelerate",-0.031702
2492,A0100,pursuit_chase_v1,UNKNOWN,15841.959877,29033.536903,3366.463097,3743.860370,30404.851060,16720.422726,521.343869,28753.053742,139.669470,6523.129016,-27.071243,0.010007,False,False,False,False,True,True,True,1-circle,1.000000,4402.581820,18961.286812,-0.336636,-0.162271,100.000000,100.000000,0.000000,0.000000,2,4,4,0.0000,0.0000,0.0000,0.5000,"PursuitChaseOptimal",0.032702
2492,B0100,aggressive,UNKNOWN,15841.959877,29033.536903,3366.463097,3743.860370,30404.851060,16720.422726,521.343869,28753.053742,139.669470,6523.129016,-27.071243,0.010007,False,False,False,False,True,True,True,1-circle,1.000000,4402.581820,18961.286812,-0.336636,-0.162271,100.000000,100.000000,0.000000,0.000000,2,4,4,0.0000,0.0000,0.0000,0.5000,"Accelerate",-0.034766
2493,A0100,pursuit_chase_v1,UNKNOWN,15841.959877,29033.536903,3366.463097,3743.860370,30404.851060,16720.422726,521.343869,28753.053742,139.669470,6523.129016,-27.071243,0.010007,False,False,False,False,True,True,True,1-circle,1.000000,4402.581820,18961.286812,-0.336636,-0.162271,100.000000,100.000000,0.000000,0.000000,2,4,4,0.0000,0.0000,0.0000,0.5000,"PursuitChaseOptimal",0.028735
2493,B0100,aggressive,UNKNOWN,15841.959877,29033.536903,3366.463097,3743.860370,30404.851060,16720.422726,521.343869,28753.053742,139.669470,6523.129016,-27.071243,0.010007,False,False,False,False,True,True,True,1-circle,1.000000,4402.581820,18961.286812,-0.336636,-0.162271,100.000000,100.000000,0.000000,0.000000,2,4,4,0.0000,0.0000,0.0000,0.5000,"Accelerate",-0.031280
2494,A0100,pursuit_chase_v1,UNKNOWN,15848.011766,29048.577985,3351.422015,3755.185950,30429.062576,16721.148969,521.439791,28758.208149,103.088138,6542.481079,-28.649291,0.044077,False,False,False,False,True,True,True,1-circle,1.000000,4406.857510,18755.676382,-1.482742,0.053879,100.000000,100.000000,0.000000,0.000000,2,4,4,0.0000,0.0000,0.0000,0.5000,"PursuitChaseOptimal",0.019082
2494,B0100,aggressive,UNKNOWN,15848.011766,29048.577985,3351.422015,3755.185950,30429.062576,16721.148969,521.439791,28758.208149,103.088138,6542.481079,-28.649291,0.044077,False,False,False,False,True,True,True,1-circle,1.000000,4406.857510,18755.676382,-1.482742,0.053879,100.000000,100.000000,0.000000,0.000000,2,4,4,0.0000,0.0000,0.0000,0.5000,"Accelerate",-0.022614
2495,A0100,pursuit_chase_v1,UNKNOWN,15848.011766,29048.577985,3351.422015,3755.185950,30429.062576,16721.148969,521.439791,28758.208149,103.088138,6542.481079,-28.649291,0.044077,False,False,False,False,True,True,True,1-circle,1.000000,4406.857510,18755.676382,-1.482742,0.053879,100.000000,100.000000,0.000000,0.000000,2,4,4,0.0000,0.0000,0.0000,0.5000,"PursuitChaseOptimal",0.008344
2495,B0100,aggressive,UNKNOWN,15848.011766,29048.577985,3351.422015,3755.185950,30429.062576,16721.148969,521.439791,28758.208149,103.088138,6542.481079,-28.649291,0.044077,False,False,False,False,True,True,True,1-circle,1.000000,4406.857510,18755.676382,-1.482742,0.053879,100.000000,100.000000,0.000000,0.000000,2,4,4,0.0000,0.0000,0.0000,0.5000,"Accelerate",-0.012261
2496,A0100,pursuit_chase_v1,UNKNOWN,15854.223763,29055.010236,3344.989764,3761.305454,30453.699499,16721.809330,521.663439,28769.196253,219.762074,6568.350292,-29.890755,0.031294,False,False,False,False,True,True,True,1-circle,1.000000,4410.804451,19212.628767,1.053259,-0.094452,100.000000,100.000000,0.000000,0.000000,2,4,4,0.0000,0.0000,0.0000,0.5000,"PursuitChaseOptimal",-0.003699
2496,B0100,aggressive,UNKNOWN,15854.223763,29055.010236,3344.989764,3761.305454,30453.699499,16721.809330,521.663439,28769.196253,219.762074,6568.350292,-29.890755,0.031294,False,False,False,False,True,True,True,1-circle,1.000000,4410.804451,19212.628767,1.053259,-0.094452,100.000000,100.000000,0.000000,0.000000,2,4,4,0.0000,0.0000,0.0000,0.5000,"Accelerate",-0.000555
2497,A0100,pursuit_chase_v1,UNKNOWN,15854.223763,29055.010236,3344.989764,3761.305454,30453.699499,16721.809330,521.663439,28769.196253,219.762074,6568.350292,-29.890755,0.031294,False,False,False,False,True,True,True,1-circle,1.000000,4410.804451,19212.628767,1.053259,-0.094452,100.000000,100.000000,0.000000,0.000000,2,4,4,0.0000,0.0000,0.0000,0.5000,"PursuitChaseOptimal",-0.016760
2497,B0100,aggressive,UNKNOWN,15854.223763,29055.010236,3344.989764,3761.305454,30453.699499,16721.809330,521.663439,28769.196253,219.762074,6568.350292,-29.890755,0.031294,False,False,False,False,True,True,True,1-circle,1.000000,4410.804451,19212.628767,1.053259,-0.094452,100.000000,100.000000,0.000000,0.000000,2,4,4,0.0000,0.0000,0.0000,0.5000,"Accelerate",0.011665
2498,A0100,pursuit_chase_v1,UNKNOWN,15860.563791,29077.362099,3322.637901,3757.906611,30480.372184,16722.499570,521.695141,28771.350798,43.090896,6580.730570,-30.869097,0.032059,False,False,False,False,True,True,True,1-circle,1.000000,4414.522633,18829.133060,-1.079080,0.072297,100.000000,100.000000,0.000000,0.000000,2,4,4,0.0000,0.0000,0.0000,0.5000,"PursuitChaseOptimal",-0.031865
2498,B0100,aggressive,UNKNOWN,15860.563791,29077.362099,3322.637901,3757.906611,30480.372184,16722.499570,521.695141,28771.350798,43.090896,6580.730570,-30.869097,0.032059,False,False,False,False,True,True,True,1-circle,1.000000,4414.522633,18829.133060,-1.079080,0.072297,100.000000,100.000000,0.000000,0.000000,2,4,4,0.0000,0.0000,0.0000,0.5000,"Accelerate",0.025451
2499,A0100,pursuit_chase_v1,UNKNOWN,15860.563791,29077.362099,3322.637901,3757.906611,30480.372184,16722.499570,521.695141,28771.350798,43.090896,6580.730570,-30.869097,0.032059,False,False,False,False,True,True,True,1-circle,1.000000,4414.522633,18829.133060,-1.079080,0.072297,100.000000,100.000000,0.000000,0.000000,2,4,4,0.0000,0.0000,0.0000,0.5000,"PursuitChaseOptimal",-0.032608
2499,B0100,aggressive,UNKNOWN,15860.563791,29077.362099,3322.637901,3757.906611,30480.372184,16722.499570,521.695141,28771.350798,43.090896,6580.730570,-30.869097,0.032059,False,False,False,False,True,True,True,1-circle,1.000000,4414.522633,18829.133060,-1.079080,0.072297,100.000000,100.000000,0.000000,0.000000,2,4,4,0.0000,0.0000,0.0000,0.5000,"Accelerate",0.026050
2500,A0100,pursuit_chase_v1,UNKNOWN,15867.028550,29084.907267,3315.092733,3761.355772,30502.487198,16723.215344,521.890526,28781.093309,194.850224,6599.261608,-31.425798,0.010777,False,False,False,False,True,True,True,1-circle,1.000000,4418.221620,19089.000399,0.362921,-0.024838,100.000000,100.000000,0.000000,0.000000,2,4,4,0.0000,0.0000,0.0000,0.5000,"PursuitChaseOptimal",-0.028191
2500,B0100,aggressive,UNKNOWN,15867.028550,29084.907267,3315.092733,3761.355772,30502.487198,16723.215344,521.890526,28781.093309,194.850224,6599.261608,-31.425798,0.010777,False,False,False,False,True,True,True,1-circle,1.000000,4418.221620,19089.000399,0.362921,-0.024838,100.000000,100.000000,0.000000,0.000000,2,4,4,0.0000,0.0000,0.0000,0.5000,"Accelerate",0.022161
2501,A0100,pursuit_chase_v1,UNKNOWN,15867.028550,29084.907267,3315.092733,3761.355772,30502.487198,16723.215344,521.890526,28781.093309,194.850224,6599.261608,-31.425798,0.010777,False,False,False,False,True,True,True,1-circle,1.000000,4418.221620,19089.000399,0.362921,-0.024838,100.000000,100.000000,0.000000,0.000000,2,4,4,0.0000,0.0000,0.0000,0.5000,"PursuitChaseOptimal",-0.016475
2501,B0100,aggressive,UNKNOWN,15867.028550,29084.907267,3315.092733,3761.355772,30502.487198,16723.215344,521.890526,28781.093309,194.850224,6599.261608,-31.425798,0.010777,False,False,False,False,True,True,True,1-circle,1.000000,4418.221620,19089.000399,0.362921,-0.024838,100.000000,100.000000,0.000000,0.000000,2,4,4,0.0000,0.0000,0.0000,0.5000,"Accelerate",0.011269
2502,A0100,pursuit_chase_v1,UNKNOWN,15873.625725,29105.240026,3294.759974,3759.035532,30530.020222,16723.939893,521.895217,28782.034639,18.826607,6613.865158,-32.307955,0.052502,False,False,False,False,True,True,True,1-circle,1.000000,4421.963447,18705.854899,-1.767475,-0.084345,100.000000,100.000000,0.000000,0.000000,2,4,4,0.0000,0.0000,0.0000,0.5000,"PursuitChaseOptimal",-0.001165
2502,B0100,aggressive,UNKNOWN,15873.625725,29105.240026,3294.759974,3759.035532,30530.020222,16723.939893,521.895217,28782.034639,18.826607,6613.865158,-32.307955,0.052502,False,False,False,False,True,True,True,1-circle,1.000000,4421.963447,18705.854899,-1.767475,-0.084345,100.000000,100.000000,0.000000,0.000000,2,4,4,0.0000,0.0000,0.0000,0.5000,"Accelerate",-0.003494
2503,A0100,pursuit_chase_v1,UNKNOWN,15873.625725,29105.240026,3294.759974,3759.035532,30530.020222,16723.939893,521.895217,28782.034639,18.826607,6613.865158,-32.307955,0.052502,False,False,False,False,True,True,True,1-circle,1.000000,4421.963447,18705.854899,-1.767475,-0.084345,100.000000,100.000000,0.000000,0.000000,2,4,4,0.0000,0.0000,0.0000,0.5000,"PursuitChaseOptimal",0.019711
2503,B0100,aggressive,UNKNOWN,15873.625725,29105.240026,3294.759974,3759.035532,30530.020222,16723.939893,521.895217,28782.034639,18.826607,6613.865158,-32.307955,0.052502,False,False,False,False,True,True,True,1-circle,1.000000,4421.963447,18705.854899,-1.767475,-0.084345,100.000000,100.000000,0.000000,0.000000,2,4,4,0.0000,0.0000,0.0000,0.5000,"Accelerate",-0.023599
2504,A0100,pursuit_chase_v1,UNKNOWN,15880.366482,29110.689633,3289.310367,3766.205876,30552.966293,16724.679217,522.115796,28792.968824,218.683699,6638.028595,-33.480279,0.002081,False,False,False,False,True,True,True,1-circle,1.000000,4425.558413,19011.605250,-0.070118,0.054298,100.000000,100.000000,0.000000,0.000000,2,4,4,0.0000,0.0000,0.0000,0.5000,"PursuitChaseOptimal",0.042224
2504,B0100,aggressive,UNKNOWN,15880.366482,29110.689633,3289.310367,3766.205876,30552.966293,16724.679217,522.115796,28792.968824,218.683699,6638.028595,-33.480279,0.002081,False,False,False,False,True,True,True,1-circle,1.000000,4425.558413,19011.605250,-0.070118,0.054298,100.000000,100.000000,0.000000,0.000000,2,4,4,0.0000,0.0000,0.0000,0.5000,"Accelerate",-0.044442
2505,A0100,pursuit_chase_v1,UNKNOWN,15880.366482,29110.689633,3289.310367,3766.205876,30552.966293,16724.679217,522.115796,28792.968824,218.683699,6638.028595,-33.480279,0.002081,False,False,False,False,True,True,True,1-circle,1.000000,4425.558413,19011.605250,-0.070118,0.054298,100.000000,100.000000,0.000000,0.000000,2,4,4,0.0000,0.0000,0.0000,0.5000,"PursuitChaseOptimal",0.044528
2505,B0100,aggressive,UNKNOWN,15880.366482,29110.689633,3289.310367,3766.205876,30552.966293,16724.679217,522.115796,28792.968824,218.683699,6638.028595,-33.480279,0.002081,False,False,False,False,True,True,True,1-circle,1.000000,4425.558413,19011.605250,-0.070118,0.054298,100.000000,100.000000,0.000000,0.000000,2,4,4,0.0000,0.0000,0.0000,0.5000,"Accelerate",-0.046049
2506,A0100,pursuit_chase_v1,UNKNOWN,15887.241594,29126.820008,3273.179992,3768.738049,30578.625433,16725.360985,522.197937,28797.448138,89.586285,6649.789406,-35.034784,0.012645,False,False,False,False,True,True,True,1-circle,1.000000,4428.777175,19100.906054,0.426062,-0.066535,100.000000,100.000000,0.000000,0.000000,2,4,4,0.0000,0.0000,0.0000,0.5000,"PursuitChaseOptimal",0.048528
2506,B0100,aggressive,UNKNOWN,15887.241594,29126.820008,3273.179992,3768.738049,30578.625433,16725.360985,522.197937,28797.448138,89.586285,6649.789406,-35.034784,0.012645,False,False,False,False,True,True,True,1-circle,1.000000,4428.777175,19100.906054,0.426062,-0.066535,100.000000,100.000000,0.000000,0.000000,2,4,4,0.0000,0.0000,0.0000,0.5000,"Accelerate",-0.049669
2507,A0100,pursuit_chase_v1,UNKNOWN,15887.241594,29126.820008,3273.179992,3768.738049,30578.625433,16725.360985,522.197937,28797.448138,89.586285,6649.789406,-35.034784,0.012645,False,False,False,False,True,True,True,1-circle,1.000000,4428.777175,19100.906054,0.426062,-0.066535,100.000000,100.000000,0.000000,0.000000,2,4,4,0.0000,0.0000,0.0000,0.5000,"PursuitChaseOptimal",0.036054
2507,B0100,aggressive,UNKNOWN,15887.241594,29126.820008,3273.179992,3768.738049,30578.625433,16725.360985,522.197937,28797.448138,89.586285,6649.789406,-35.034784,0.012645,False,False,False,False,True,True,True,1-circle,1.000000,4428.777175,19100.906054,0.426062,-0.066535,100.000000,100.000000,0.000000,0.000000,2,4,4,0.0000,0.0000,0.0000,0.5000,"Accelerate",-0.038282
2508,A0100,pursuit_chase_v1,UNKNOWN,15894.210687,29141.873531,3258.126469,3769.746873,30602.463518,16726.123840,522.304702,28803.147835,113.993930,6652.442821,-36.335566,0.020668,False,False,False,False,True,True,True,1-circle,1.000000,4431.368971,18898.451375,-0.696501,0.123991,100.000000,100.000000,0.000000,0.000000,2,4,4,0.0000,0.0000,0.0000,0.5000,"PursuitChaseOptimal",0.000748
2508,B0100,aggressive,UNKNOWN,15894.210687,29141.873531,3258.126469,3769.746873,30602.463518,16726.123840,522.304702,28803.147835,113.993930,6652.442821,-36.335566,0.020668,False,False,False,False,True,True,True,1-circle,1.000000,4431.368971,18898.451375,-0.696501,0.123991,100.000000,100.000000,0.000000,0.000000,2,4,4,0.0000,0.0000,0.0000,0.5000,"Accelerate",-0.005430
2509,A0100,pursuit_chase_v1,UNKNOWN,15894.210687,29141.873531,3258.126469,3769.746873,30602.463518,16726.123840,522.304702,28803.147835,113.993930,6652.442821,-36.335566,0.020668,False,False,False,False,True,True,True,1-circle,1.000000,4431.368971,18898.451375,-0.696501,0.123991,100.000000,100.000000,0.000000,0.000000,2,4,4,0.0000,0.0000,0.0000,0.5000,"PursuitChaseOptimal",-0.023887
2509,B0100,aggressive,UNKNOWN,15894.210687,29141.873531,3258.126469,3769.746873,30602.463518,16726.123840,522.304702,28803.147835,113.993930,6652.442821,-36.335566,0.020668,False,False,False,False,True,True,True,1-circle,1.000000,4431.368971,18898.451375,-0.696501,0.123991,100.000000,100.000000,0.000000,0.000000,2,4,4,0.0000,0.0000,0.0000,0.5000,"Accelerate",0.017802
2510,A0100,pursuit_chase_v1,UNKNOWN,15901.272984,29155.543002,3244.456998,3774.551813,30628.139991,16726.857497,522.429463,28809.651783,130.078962,6658.629286,-37.177334,0.007207,False,False,False,False,True,True,True,1-circle,1.000000,4433.662845,18979.518971,-0.242931,-0.129999,100.000000,100.000000,0.000000,0.000000,2,4,4,0.0000,0.0000,0.0000,0.5000,"PursuitChaseOptimal",-0.037438
2510,B0100,aggressive,UNKNOWN,15901.272984,29155.543002,3244.456998,3774.551813,30628.139991,16726.857497,522.429463,28809.651783,130.078962,6658.629286,-37.177334,0.007207,False,False,False,False,True,True,True,1-circle,1.000000,4433.662845,18979.518971,-0.242931,-0.129999,100.000000,100.000000,0.000000,0.000000,2,4,4,0.0000,0.0000,0.0000,0.5000,"Accelerate",0.030620
2511,A0100,pursuit_chase_v1,UNKNOWN,15901.272984,29155.543002,3244.456998,3774.551813,30628.139991,16726.857497,522.429463,28809.651783,130.078962,6658.629286,-37.177334,0.007207,False,False,False,False,True,True,True,1-circle,1.000000,4433.662845,18979.518971,-0.242931,-0.129999,100.000000,100.000000,0.000000,0.000000,2,4,4,0.0000,0.0000,0.0000,0.5000,"PursuitChaseOptimal",-0.040777
2511,B0100,aggressive,UNKNOWN,15901.272984,29155.543002,3244.456998,3774.551813,30628.139991,16726.857497,522.429463,28809.651783,130.078962,6658.629286,-37.177334,0.007207,False,False,False,False,True,True,True,1-circle,1.000000,4433.662845,18979.518971,-0.242931,-0.129999,100.000000,100.000000,0.000000,0.000000,2,4,4,0.0000,0.0000,0.0000,0.5000,"Accelerate",0.033459
2512,A0100,pursuit_chase_v1,UNKNOWN,15908.439714,29170.944572,3229.055428,3781.121209,30652.418379,16727.652069,522.513546,28814.336031,93.684954,6659.512961,-37.662337,0.041176,False,False,False,False,True,True,True,1-circle,1.000000,4435.904562,18772.807631,-1.387944,0.088145,100.000000,100.000000,0.000000,0.000000,2,4,4,0.0000,0.0000,0.0000,0.5000,"PursuitChaseOptimal",-0.027155
2512,B0100,aggressive,UNKNOWN,15908.439714,29170.944572,3229.055428,3781.121209,30652.418379,16727.652069,522.513546,28814.336031,93.684954,6659.512961,-37.662337,0.041176,False,False,False,False,True,True,True,1-circle,1.000000,4435.904562,18772.807631,-1.387944,0.088145,100.000000,100.000000,0.000000,0.000000,2,4,4,0.0000,0.0000,0.0000,0.5000,"Accelerate",0.020252
2513,A0100,pursuit_chase_v1,UNKNOWN,15908.439714,29170.944572,3229.055428,3781.121209,30652.418379,16727.652069,522.513546,28814.336031,93.684954,6659.512961,-37.662337,0.041176,False,False,False,False,True,True,True,1-circle,1.000000,4435.904562,18772.807631,-1.387944,0.088145,100.000000,100.000000,0.000000,0.000000,2,4,4,0.0000,0.0000,0.0000,0.5000,"PursuitChaseOptimal",-0.022850
2513,B0100,aggressive,UNKNOWN,15908.439714,29170.944572,3229.055428,3781.121209,30652.418379,16727.652069,522.513546,28814.336031,93.684954,6659.512961,-37.662337,0.041176,False,False,False,False,True,True,True,1-circle,1.000000,4435.904562,18772.807631,-1.387944,0.088145,100.000000,100.000000,0.000000,0.000000,2,4,4,0.0000,0.0000,0.0000,0.5000,"Accelerate",0.016594
2514,A0100,pursuit_chase_v1,UNKNOWN,15915.702304,29176.587237,3223.412763,3784.581500,30676.845175,16728.381555,522.731633,28825.157108,216.421539,6658.912019,-38.014396,0.031873,False,False,False,False,True,True,True,1-circle,1.000000,4438.252260,19215.568211,1.074871,-0.060359,100.000000,100.000000,0.000000,0.000000,2,4,4,0.0000,0.0000,0.0000,0.5000,"PursuitChaseOptimal",-0.040413
2514,B0100,aggressive,UNKNOWN,15915.702304,29176.587237,3223.412763,3784.581500,30676.845175,16728.381555,522.731633,28825.157108,216.421539,6658.912019,-38.014396,0.031873,False,False,False,False,True,True,True,1-circle,1.000000,4438.252260,19215.568211,1.074871,-0.060359,100.000000,100.000000,0.000000,0.000000,2,4,4,0.0000,0.0000,0.0000,0.5000,"Accelerate",0.033518
2515,A0100,pursuit_chase_v1,UNKNOWN,15915.702304,29176.587237,3223.412763,3784.581500,30676.845175,16728.381555,522.731633,28825.157108,216.421539,6658.912019,-38.014396,0.031873,False,False,False,False,True,True,True,1-circle,1.000000,4438.252260,19215.568211,1.074871,-0.060359,100.000000,100.000000,0.000000,0.000000,2,4,4,0.0000,0.0000,0.0000,0.5000,"PursuitChaseOptimal",-0.051890
2515,B0100,aggressive,UNKNOWN,15915.702304,29176.587237,3223.412763,3784.581500,30676.845175,16728.381555,522.731633,28825.157108,216.421539,6658.912019,-38.014396,0.031873,False,False,False,False,True,True,True,1-circle,1.000000,4438.252260,19215.568211,1.074871,-0.060359,100.000000,100.000000,0.000000,0.000000,2,4,4,0.0000,0.0000,0.0000,0.5000,"Accelerate",0.044372
2516,A0100,pursuit_chase_v1,UNKNOWN,15923.044683,29198.461090,3201.538910,3787.800749,30703.626915,16729.136137,522.762235,28827.328064,43.419123,6657.627009,-38.501634,0.031049,False,False,False,False,True,True,True,1-circle,1.000000,4440.626357,18833.075200,-1.047154,0.108757,100.000000,100.000000,0.000000,0.000000,2,4,4,0.0000,0.0000,0.0000,0.5000,"PursuitChaseOptimal",-0.044291
2516,B0100,aggressive,UNKNOWN,15923.044683,29198.461090,3201.538910,3787.800749,30703.626915,16729.136137,522.762235,28827.328064,43.419123,6657.627009,-38.501634,0.031049,False,False,False,False,True,True,True,1-circle,1.000000,4440.626357,18833.075200,-1.047154,0.108757,100.000000,100.000000,0.000000,0.000000,2,4,4,0.0000,0.0000,0.0000,0.5000,"Accelerate",0.036878
2517,A0100,pursuit_chase_v1,UNKNOWN,15923.044683,29198.461090,3201.538910,3787.800749,30703.626915,16729.136137,522.762235,28827.328064,43.419123,6657.627009,-38.501634,0.031049,False,False,False,False,True,True,True,1-circle,1.000000,4440.626357,18833.075200,-1.047154,0.108757,100.000000,100.000000,0.000000,0.000000,2,4,4,0.0000,0.0000,0.0000,0.5000,"PursuitChaseOptimal",-0.025232
2517,B0100,aggressive,UNKNOWN,15923.044683,29198.461090,3201.538910,3787.800749,30703.626915,16729.136137,522.762235,28827.328064,43.419123,6657.627009,-38.501634,0.031049,False,False,False,False,True,True,True,1-circle,1.000000,4440.626357,18833.075200,-1.047154,0.108757,100.000000,100.000000,0.000000,0.000000,2,4,4,0.0000,0.0000,0.0000,0.5000,"Accelerate",0.018774
2518,A0100,pursuit_chase_v1,UNKNOWN,15930.493358,29205.107705,3194.892295,3795.644839,30725.592906,16729.911663,522.957156,28837.127344,195.985608,6660.927099,-38.879857,0.011351,False,False,False,False,True,True,True,1-circle,1.000000,4443.113630,19090.039042,0.382996,0.009251,100.000000,100.000000,0.000000,0.000000,2,5,4,0.0000,0.0000,0.0000,0.5000,"PursuitChaseOptimal",-0.015569
2518,B0100,aggressive,UNKNOWN,15930.493358,29205.107705,3194.892295,3795.644839,30725.592906,16729.911663,522.957156,28837.127344,195.985608,6660.927099,-38.879857,0.011351,False,False,False,False,True,True,True,1-circle,1.000000,4443.113630,19090.039042,0.382996,0.009251,100.000000,100.000000,0.000000,0.000000,2,4,4,0.0000,0.0000,0.0000,0.5000,"Accelerate",0.009913
2519,A0100,pursuit_chase_v1,UNKNOWN,15930.493358,29205.107705,3194.892295,3795.644839,30725.592906,16729.911663,522.957156,28837.127344,195.985608,6660.927099,-38.879857,0.011351,False,False,False,False,True,True,True,1-circle,1.000000,4443.113630,19090.039042,0.382996,0.009251,100.000000,100.000000,0.000000,0.000000,2,5,4,0.0000,0.0000,0.0000,0.5000,"PursuitChaseOptimal",-0.001298
2519,B0100,aggressive,UNKNOWN,15930.493358,29205.107705,3194.892295,3795.644839,30725.592906,16729.911663,522.957156,28837.127344,195.985608,6660.927099,-38.879857,0.011351,False,False,False,False,True,True,True,1-circle,1.000000,4443.113630,19090.039042,0.382996,0.009251,100.000000,100.000000,0.000000,0.000000,2,4,4,0.0000,0.0000,0.0000,0.5000,"Accelerate",-0.003439
2520,A0100,pursuit_chase_v1,UNKNOWN,15938.002852,29224.812151,3175.187849,3794.687251,30753.150732,16730.691876,522.960619,28838.067871,18.810530,6638.094389,-39.327363,0.052682,False,False,False,False,True,True,True,1-circle,1.000000,4445.555376,18700.751104,-1.777017,-0.050022,100.000000,100.000000,0.000000,0.000000,2,5,4,0.0000,0.0000,0.0000,0.5000,"PursuitChaseOptimal",0.011693
2520,B0100,aggressive,UNKNOWN,15938.002852,29224.812151,3175.187849,3794.687251,30753.150732,16730.691876,522.960619,28838.067871,18.810530,6638.094389,-39.327363,0.052682,False,False,False,False,True,True,True,1-circle,1.000000,4445.555376,18700.751104,-1.777017,-0.050022,100.000000,100.000000,0.000000,0.000000,2,4,4,0.0000,0.0000,0.0000,0.5000,"Accelerate",-0.016057
2521,A0100,pursuit_chase_v1,UNKNOWN,15938.002852,29224.812151,3175.187849,3794.687251,30753.150732,16730.691876,522.960619,28838.067871,18.810530,6638.094389,-39.327363,0.052682,False,False,False,False,True,True,True,1-circle,1.000000,4445.555376,18700.751104,-1.777017,-0.050022,100.000000,100.000000,0.000000,0.000000,2,5,4,0.0000,0.0000,0.0000,0.5000,"PursuitChaseOptimal",0.024533
2521,B0100,aggressive,UNKNOWN,15938.002852,29224.812151,3175.187849,3794.687251,30753.150732,16730.691876,522.960619,28838.067871,18.810530,6638.094389,-39.327363,0.052682,False,False,False,False,True,True,True,1-circle,1.000000,4445.555376,18700.751104,-1.777017,-0.050022,100.000000,100.000000,0.000000,0.000000,2,4,4,0.0000,0.0000,0.0000,0.5000,"Accelerate",-0.028620
2522,A0100,pursuit_chase_v1,UNKNOWN,15945.524588,29230.121562,3169.878438,3796.855254,30777.207859,16731.483130,523.179246,28848.984367,218.329924,6616.284730,-39.811789,0.002930,False,False,False,False,True,True,True,1-circle,1.000000,4447.744816,19002.184416,-0.098917,0.087948,100.000000,100.000000,0.000000,0.000000,2,5,4,0.0000,0.0000,0.0000,0.5000,"PursuitChaseOptimal",0.034357
2522,B0100,aggressive,UNKNOWN,15945.524588,29230.121562,3169.878438,3796.855254,30777.207859,16731.483130,523.179246,28848.984367,218.329924,6616.284730,-39.811789,0.002930,False,False,False,False,True,True,True,1-circle,1.000000,4447.744816,19002.184416,-0.098917,0.087948,100.000000,100.000000,0.000000,0.000000,2,4,4,0.0000,0.0000,0.0000,0.5000,"Accelerate",-0.037506
2523,A0100,pursuit_chase_v1,UNKNOWN,15945.524588,29230.121562,3169.878438,3796.855254,30777.207859,16731.483130,523.179246,28848.984367,218.329924,6616.284730,-39.811789,0.002930,False,False,False,False,True,True,True,1-circle,1.000000,4447.744816,19002.184416,-0.098917,0.087948,100.000000,100.000000,0.000000,0.000000,2,5,4,0.0000,0.0000,0.0000,0.5000,"PursuitChaseOptimal",0.039545
2523,B0100,aggressive,UNKNOWN,15945.524588,29230.121562,3169.878438,3796.855254,30777.207859,16731.483130,523.179246,28848.984367,218.329924,6616.284730,-39.811789,0.002930,False,False,False,False,True,True,True,1-circle,1.000000,4447.744816,19002.184416,-0.098917,0.087948,100.000000,100.000000,0.000000,0.000000,2,4,4,0.0000,0.0000,0.0000,0.5000,"Accelerate",-0.042023
2524,A0100,pursuit_chase_v1,UNKNOWN,15953.057997,29241.529178,3158.470822,3804.310109,30801.556026,16732.198716,523.302927,28855.429884,128.910344,6590.175449,-40.724839,0.009848,False,False,False,False,True,True,True,1-circle,1.000000,4449.555248,19078.996030,0.332483,-0.164415,100.000000,100.000000,0.000000,0.000000,2,5,4,0.0000,0.0000,0.0000,0.5000,"PursuitChaseOptimal",0.043953
2524,B0100,aggressive,UNKNOWN,15953.057997,29241.529178,3158.470822,3804.310109,30801.556026,16732.198716,523.302927,28855.429884,128.910344,6590.175449,-40.724839,0.009848,False,False,False,False,True,True,True,1-circle,1.000000,4449.555248,19078.996030,0.332483,-0.164415,100.000000,100.000000,0.000000,0.000000,2,4,4,0.0000,0.0000,0.0000,0.5000,"Accelerate",-0.045888
2525,A0100,pursuit_chase_v1,UNKNOWN,15953.057997,29241.529178,3158.470822,3804.310109,30801.556026,16732.198716,523.302927,28855.429884,128.910344,6590.175449,-40.724839,0.009848,False,False,False,False,True,True,True,1-circle,1.000000,4449.555248,19078.996030,0.332483,-0.164415,100.000000,100.000000,0.000000,0.000000,2,5,4,0.0000,0.0000,0.0000,0.5000,"PursuitChaseOptimal",0.043599
2525,B0100,aggressive,UNKNOWN,15953.057997,29241.529178,3158.470822,3804.310109,30801.556026,16732.198716,523.302927,28855.429884,128.910344,6590.175449,-40.724839,0.009848,False,False,False,False,True,True,True,1-circle,1.000000,4449.555248,19078.996030,0.332483,-0.164415,100.000000,100.000000,0.000000,0.000000,2,4,4,0.0000,0.0000,0.0000,0.5000,"Accelerate",-0.045736
2526,A0100,pursuit_chase_v1,UNKNOWN,15960.598019,29255.489417,3144.510583,3820.820313,30825.547539,16732.960978,523.390763,28860.262210,96.646516,6561.867028,-41.959136,0.024659,False,False,False,False,True,True,True,1-circle,1.000000,4450.707466,18868.049665,-0.832643,0.058323,100.000000,100.000000,0.000000,0.000000,2,5,4,0.0000,0.0000,0.0000,0.5000,"PursuitChaseOptimal",0.036952
2526,B0100,aggressive,UNKNOWN,15960.598019,29255.489417,3144.510583,3820.820313,30825.547539,16732.960978,523.390763,28860.262210,96.646516,6561.867028,-41.959136,0.024659,False,False,False,False,True,True,True,1-circle,1.000000,4450.707466,18868.049665,-0.832643,0.058323,100.000000,100.000000,0.000000,0.000000,2,4,4,0.0000,0.0000,0.0000,0.5000,"Accelerate",-0.039567
2527,A0100,pursuit_chase_v1,UNKNOWN,15960.598019,29255.489417,3144.510583,3820.820313,30825.547539,16732.960978,523.390763,28860.262210,96.646516,6561.867028,-41.959136,0.024659,False,False,False,False,True,True,True,1-circle,1.000000,4450.707466,18868.049665,-0.832643,0.058323,100.000000,100.000000,0.000000,0.000000,2,5,4,0.0000,0.0000,0.0000,0.5000,"PursuitChaseOptimal",0.029699
2527,B0100,aggressive,UNKNOWN,15960.598019,29255.489417,3144.510583,3820.820313,30825.547539,16732.960978,523.390763,28860.262210,96.646516,6561.867028,-41.959136,0.024659,False,False,False,False,True,True,True,1-circle,1.000000,4450.707466,18868.049665,-0.832643,0.058323,100.000000,100.000000,0.000000,0.000000,2,4,4,0.0000,0.0000,0.0000,0.5000,"Accelerate",-0.032356
2528,A0100,pursuit_chase_v1,UNKNOWN,15968.196447,29267.999182,3132.000818,3834.328722,30851.467675,16733.681871,523.503631,28866.214147,119.038746,6546.273859,-43.260074,0.011950,False,False,False,False,True,True,True,1-circle,1.000000,4451.251547,18943.689713,-0.403609,-0.092467,100.000000,100.000000,0.000000,0.000000,2,5,4,0.0000,0.0000,0.0000,0.5000,"PursuitChaseOptimal",0.008675
2528,B0100,aggressive,UNKNOWN,15968.196447,29267.999182,3132.000818,3834.328722,30851.467675,16733.681871,523.503631,28866.214147,119.038746,6546.273859,-43.260074,0.011950,False,False,False,False,True,True,True,1-circle,1.000000,4451.251547,18943.689713,-0.403609,-0.092467,100.000000,100.000000,0.000000,0.000000,2,4,4,0.0000,0.0000,0.0000,0.5000,"Accelerate",-0.012599
2529,A0100,pursuit_chase_v1,UNKNOWN,15968.196447,29267.999182,3132.000818,3834.328722,30851.467675,16733.681871,523.503631,28866.214147,119.038746,6546.273859,-43.260074,0.011950,False,False,False,False,True,True,True,1-circle,1.000000,4451.251547,18943.689713,-0.403609,-0.092467,100.000000,100.000000,0.000000,0.000000,2,5,4,0.0000,0.0000,0.0000,0.5000,"PursuitChaseOptimal",0.001584
2529,B0100,aggressive,UNKNOWN,15968.196447,29267.999182,3132.000818,3834.328722,30851.467675,16733.681871,523.503631,28866.214147,119.038746,6546.273859,-43.260074,0.011950,False,False,False,False,True,True,True,1-circle,1.000000,4451.251547,18943.689713,-0.403609,-0.092467,100.000000,100.000000,0.000000,0.000000,2,4,4,0.0000,0.0000,0.0000,0.5000,"Accelerate",-0.006418
2530,A0100,pursuit_chase_v1,UNKNOWN,15975.848347,29280.704801,3119.295199,3811.062581,30875.791164,16734.448487,523.588853,28870.931227,94.341599,6542.964755,-43.519402,0.046832,False,False,False,False,True,True,True,1-circle,1.000000,4451.408355,18729.838197,-1.581618,-0.016825,100.000000,100.000000,0.000000,0.000000,2,5,4,0.0000,0.0000,0.0000,0.5000,"PursuitChaseOptimal",0.001467
2530,B0100,aggressive,UNKNOWN,15975.848347,29280.704801,3119.295199,3811.062581,30875.791164,16734.448487,523.588853,28870.931227,94.341599,6542.964755,-43.519402,0.046832,False,False,False,False,True,True,True,1-circle,1.000000,4451.408355,18729.838197,-1.581618,-0.016825,100.000000,100.000000,0.000000,0.000000,2,4,4,0.0000,0.0000,0.0000,0.5000,"Accelerate",-0.006657
2531,A0100,pursuit_chase_v1,UNKNOWN,15975.848347,29280.704801,3119.295199,3811.062581,30875.791164,16734.448487,523.588853,28870.931227,94.341599,6542.964755,-43.519402,0.046832,False,False,False,False,True,True,True,1-circle,1.000000,4451.408355,18729.838197,-1.581618,-0.016825,100.000000,100.000000,0.000000,0.000000,2,5,4,0.0000,0.0000,0.0000,0.5000,"PursuitChaseOptimal",0.000300
2531,B0100,aggressive,UNKNOWN,15975.848347,29280.704801,3119.295199,3811.062581,30875.791164,16734.448487,523.588853,28870.931227,94.341599,6542.964755,-43.519402,0.046832,False,False,False,False,True,True,True,1-circle,1.000000,4451.408355,18729.838197,-1.581618,-0.016825,100.000000,100.000000,0.000000,0.000000,2,4,4,0.0000,0.0000,0.0000,0.5000,"Accelerate",-0.005359
2532,A0100,pursuit_chase_v1,UNKNOWN,15983.481411,29283.134844,3116.865156,3736.814663,30900.236199,16735.116382,523.833775,28882.956056,240.496581,6542.349686,-42.353085,0.028340,False,False,False,False,True,True,True,1-circle,1.000000,4451.832898,19185.293737,0.957694,-0.213691,100.000000,100.000000,0.000000,0.000000,2,5,4,0.0000,0.0000,0.0000,0.5000,"PursuitChaseOptimal",-0.000188
2532,B0100,aggressive,UNKNOWN,15983.481411,29283.134844,3116.865156,3736.814663,30900.236199,16735.116382,523.833775,28882.956056,240.496581,6542.349686,-42.353085,0.028340,False,False,False,False,True,True,True,1-circle,1.000000,4451.832898,19185.293737,0.957694,-0.213691,100.000000,100.000000,0.000000,0.000000,2,4,4,0.0000,0.0000,0.0000,0.5000,"Accelerate",-0.004558
2533,A0100,pursuit_chase_v1,UNKNOWN,15983.481411,29283.134844,3116.865156,3736.814663,30900.236199,16735.116382,523.833775,28882.956056,240.496581,6542.349686,-42.353085,0.028340,False,False,False,False,True,True,True,1-circle,1.000000,4451.832898,19185.293737,0.957694,-0.213691,100.000000,100.000000,0.000000,0.000000,2,5,4,0.0000,0.0000,0.0000,0.5000,"PursuitChaseOptimal",0.000665
2533,B0100,aggressive,UNKNOWN,15983.481411,29283.134844,3116.865156,3736.814663,30900.236199,16735.116382,523.833775,28882.956056,240.496581,6542.349686,-42.353085,0.028340,False,False,False,False,True,True,True,1-circle,1.000000,4451.832898,19185.293737,0.957694,-0.213691,100.000000,100.000000,0.000000,0.000000,2,4,4,0.0000,0.0000,0.0000,0.5000,"Accelerate",-0.005168
2534,A0100,pursuit_chase_v1,UNKNOWN,15990.987462,29299.726528,3100.273472,3626.213640,30926.371514,16735.754025,523.825916,28883.229185,5.462569,6532.487075,-40.541390,0.036516,False,False,False,False,True,True,True,1-circle,1.000000,4452.787994,18789.561643,-1.233874,-0.230558,100.000000,100.000000,0.000000,0.000000,2,5,4,0.0000,0.0000,0.0000,0.5000,"PursuitChaseOptimal",0.002532
2534,B0100,aggressive,UNKNOWN,15990.987462,29299.726528,3100.273472,3626.213640,30926.371514,16735.754025,523.825916,28883.229185,5.462569,6532.487075,-40.541390,0.036516,False,False,False,False,True,True,True,1-circle,1.000000,4452.787994,18789.561643,-1.233874,-0.230558,100.000000,100.000000,0.000000,0.000000,2,4,4,0.0000,0.0000,0.0000,0.5000,"Accelerate",-0.007241
2535,A0100,pursuit_chase_v1,UNKNOWN,15990.987462,29299.726528,3100.273472,3626.213640,30926.371514,16735.754025,523.825916,28883.229185,5.462569,6532.487075,-40.541390,0.036516,False,False,False,False,True,True,True,1-circle,1.000000,4452.787994,18789.561643,-1.233874,-0.230558,100.000000,100.000000,0.000000,0.000000,2,5,4,0.0000,0.0000,0.0000,0.5000,"PursuitChaseOptimal",0.004903
2535,B0100,aggressive,UNKNOWN,15990.987462,29299.726528,3100.273472,3626.213640,30926.371514,16735.754025,523.825916,28883.229185,5.462569,6532.487075,-40.541390,0.036516,False,False,False,False,True,True,True,1-circle,1.000000,4452.787994,18789.561643,-1.233874,-0.230558,100.000000,100.000000,0.000000,0.000000,2,4,4,0.0000,0.0000,0.0000,0.5000,"Accelerate",-0.009608
2536,A0100,pursuit_chase_v1,UNKNOWN,15998.362130,29303.627868,3096.372132,3510.760318,30947.036599,16736.386508,523.986668,28891.318489,161.786090,6552.498648,-38.911038,0.006329,False,False,False,False,True,True,True,1-circle,1.000000,4454.367819,19049.352418,0.213965,-0.084308,100.000000,100.000000,0.000000,0.000000,2,4,4,0.0000,0.0000,0.0000,0.5000,"PursuitChaseOptimal",0.012024
2536,B0100,aggressive,UNKNOWN,15998.362130,29303.627868,3096.372132,3510.760318,30947.036599,16736.386508,523.986668,28891.318489,161.786090,6552.498648,-38.911038,0.006329,False,False,False,False,True,True,True,1-circle,1.000000,4454.367819,19049.352418,0.213965,-0.084308,100.000000,100.000000,0.000000,0.000000,2,4,4,0.0000,0.0000,0.0000,0.5000,"Accelerate",-0.015869
2537,A0100,pursuit_chase_v1,UNKNOWN,15998.362130,29303.627868,3096.372132,3510.760318,30947.036599,16736.386508,523.986668,28891.318489,161.786090,6552.498648,-38.911038,0.006329,False,False,False,False,True,True,True,1-circle,1.000000,4454.367819,19049.352418,0.213965,-0.084308,100.000000,100.000000,0.000000,0.000000,2,4,4,0.0000,0.0000,0.0000,0.5000,"PursuitChaseOptimal",0.006147
2537,B0100,aggressive,UNKNOWN,15998.362130,29303.627868,3096.372132,3510.760318,30947.036599,16736.386508,523.986668,28891.318489,161.786090,6552.498648,-38.911038,0.006329,False,False,False,False,True,True,True,1-circle,1.000000,4454.367819,19049.352418,0.213965,-0.084308,100.000000,100.000000,0.000000,0.000000,2,4,4,0.0000,0.0000,0.0000,0.5000,"Accelerate",-0.010276
2538,A0100,pursuit_chase_v1,UNKNOWN,16005.642846,29320.274703,3079.725297,3388.794784,30972.506714,16737.011850,523.998220,28892.479754,23.225302,6565.576884,-37.555279,0.057871,False,False,False,False,True,True,True,1-circle,1.000000,4456.527561,18658.400787,-1.955629,-0.191832,100.000000,100.000000,0.000000,0.000000,2,4,4,0.0000,0.0000,0.0000,0.5000,"PursuitChaseOptimal",0.001277
2538,B0100,aggressive,UNKNOWN,16005.642846,29320.274703,3079.725297,3388.794784,30972.506714,16737.011850,523.998220,28892.479754,23.225302,6565.576884,-37.555279,0.057871,False,False,False,False,True,True,True,1-circle,1.000000,4456.527561,18658.400787,-1.955629,-0.191832,100.000000,100.000000,0.000000,0.000000,2,4,4,0.0000,0.0000,0.0000,0.5000,"Accelerate",-0.006177
2539,A0100,pursuit_chase_v1,UNKNOWN,16005.642846,29320.274703,3079.725297,3388.794784,30972.506714,16737.011850,523.998220,28892.479754,23.225302,6565.576884,-37.555279,0.057871,False,False,False,False,True,True,True,1-circle,1.000000,4456.527561,18658.400787,-1.955629,-0.191832,100.000000,100.000000,0.000000,0.000000,2,4,4,0.0000,0.0000,0.0000,0.5000,"PursuitChaseOptimal",-0.000604
2539,B0100,aggressive,UNKNOWN,16005.642846,29320.274703,3079.725297,3388.794784,30972.506714,16737.011850,523.998220,28892.479754,23.225302,6565.576884,-37.555279,0.057871,False,False,False,False,True,True,True,1-circle,1.000000,4456.527561,18658.400787,-1.955629,-0.191832,100.000000,100.000000,0.000000,0.000000,2,4,4,0.0000,0.0000,0.0000,0.5000,"Accelerate",-0.004801
2540,A0100,pursuit_chase_v1,UNKNOWN,16012.841939,29319.103270,3080.896730,3288.144264,30992.383533,16737.622676,524.211576,28902.991276,210.230437,6593.451548,-36.405856,0.007306,False,False,False,False,True,True,True,1-circle,1.000000,4459.214251,18965.869843,-0.247098,-0.181840,100.000000,100.000000,0.000000,0.000000,2,4,4,0.0000,0.0000,0.0000,0.5000,"PursuitChaseOptimal",-0.010019
2540,B0100,aggressive,UNKNOWN,16012.841939,29319.103270,3080.896730,3288.144264,30992.383533,16737.622676,524.211576,28902.991276,210.230437,6593.451548,-36.405856,0.007306,False,False,False,False,True,True,True,1-circle,1.000000,4459.214251,18965.869843,-0.247098,-0.181840,100.000000,100.000000,0.000000,0.000000,2,4,4,0.0000,0.0000,0.0000,0.5000,"Accelerate",0.004222
2541,A0100,pursuit_chase_v1,UNKNOWN,16012.841939,29319.103270,3080.896730,3288.144264,30992.383533,16737.622676,524.211576,28902.991276,210.230437,6593.451548,-36.405856,0.007306,False,False,False,False,True,True,True,1-circle,1.000000,4459.214251,18965.869843,-0.247098,-0.181840,100.000000,100.000000,0.000000,0.000000,2,4,4,0.0000,0.0000,0.0000,0.5000,"PursuitChaseOptimal",-0.014261
2541,B0100,aggressive,UNKNOWN,16012.841939,29319.103270,3080.896730,3288.144264,30992.383533,16737.622676,524.211576,28902.991276,210.230437,6593.451548,-36.405856,0.007306,False,False,False,False,True,True,True,1-circle,1.000000,4459.214251,18965.869843,-0.247098,-0.181840,100.000000,100.000000,0.000000,0.000000,2,4,4,0.0000,0.0000,0.0000,0.5000,"Accelerate",0.008651
2542,A0100,pursuit_chase_v1,UNKNOWN,16020.035518,29329.218059,3070.781941,3208.640779,31014.566585,16738.146306,524.270970,28906.271779,65.610063,6614.125418,-35.735674,0.006738,False,False,False,False,True,True,True,1-circle,1.000000,4462.435587,19051.647737,0.227893,-0.227719,100.000000,100.000000,0.000000,0.000000,2,4,4,0.0000,0.0000,0.0000,0.5000,"PursuitChaseOptimal",-0.016189
2542,B0100,aggressive,UNKNOWN,16020.035518,29329.218059,3070.781941,3208.640779,31014.566585,16738.146306,524.270970,28906.271779,65.610063,6614.125418,-35.735674,0.006738,False,False,False,False,True,True,True,1-circle,1.000000,4462.435587,19051.647737,0.227893,-0.227719,100.000000,100.000000,0.000000,0.000000,2,4,4,0.0000,0.0000,0.0000,0.5000,"Accelerate",0.010515
2543,A0100,pursuit_chase_v1,UNKNOWN,16020.035518,29329.218059,3070.781941,3208.640779,31014.566585,16738.146306,524.270970,28906.271779,65.610063,6614.125418,-35.735674,0.006738,False,False,False,False,True,True,True,1-circle,1.000000,4462.435587,19051.647737,0.227893,-0.227719,100.000000,100.000000,0.000000,0.000000,2,4,4,0.0000,0.0000,0.0000,0.5000,"PursuitChaseOptimal",-0.018481
2543,B0100,aggressive,UNKNOWN,16020.035518,29329.218059,3070.781941,3208.640779,31014.566585,16738.146306,524.270970,28906.271779,65.610063,6614.125418,-35.735674,0.006738,False,False,False,False,True,True,True,1-circle,1.000000,4462.435587,19051.647737,0.227893,-0.227719,100.000000,100.000000,0.000000,0.000000,2,4,4,0.0000,0.0000,0.0000,0.5000,"Accelerate",0.012369
2544,A0100,pursuit_chase_v1,UNKNOWN,16027.221738,29341.856228,3058.143772,3152.719866,31034.344371,16738.747383,524.392983,28912.537247,125.309365,6628.561185,-35.368115,0.027188,False,False,False,False,True,True,True,1-circle,1.000000,4465.928341,18845.541854,-0.919713,0.096761,100.000000,100.000000,0.000000,0.000000,2,4,4,0.0000,0.0000,0.0000,0.5000,"PursuitChaseOptimal",-0.020999
2544,B0100,aggressive,UNKNOWN,16027.221738,29341.856228,3058.143772,3152.719866,31034.344371,16738.747383,524.392983,28912.537247,125.309365,6628.561185,-35.368115,0.027188,False,False,False,False,True,True,True,1-circle,1.000000,4465.928341,18845.541854,-0.919713,0.096761,100.000000,100.000000,0.000000,0.000000,2,4,4,0.0000,0.0000,0.0000,0.5000,"Accelerate",0.014511
2545,A0100,pursuit_chase_v1,UNKNOWN,16027.221738,29341.856228,3058.143772,3152.719866,31034.344371,16738.747383,524.392983,28912.537247,125.309365,6628.561185,-35.368115,0.027188,False,False,False,False,True,True,True,1-circle,1.000000,4465.928341,18845.541854,-0.919713,0.096761,100.000000,100.000000,0.000000,0.000000,2,4,4,0.0000,0.0000,0.0000,0.5000,"PursuitChaseOptimal",-0.023478
2545,B0100,aggressive,UNKNOWN,16027.221738,29341.856228,3058.143772,3152.719866,31034.344371,16738.747383,524.392983,28912.537247,125.309365,6628.561185,-35.368115,0.027188,False,False,False,False,True,True,True,1-circle,1.000000,4465.928341,18845.541854,-0.919713,0.096761,100.000000,100.000000,0.000000,0.000000,2,4,4,0.0000,0.0000,0.0000,0.5000,"Accelerate",0.017170
2546,A0100,pursuit_chase_v1,UNKNOWN,16034.423663,29352.352722,3047.647278,3107.976170,31055.785228,16739.347514,524.496113,28917.926212,107.779291,6637.801054,-35.052086,0.013927,False,False,False,False,True,True,True,1-circle,1.000000,4469.705623,18926.917985,-0.471220,-0.089721,100.000000,100.000000,0.000000,0.000000,2,4,4,0.0000,0.0000,0.0000,0.5000,"PursuitChaseOptimal",-0.030362
2546,B0100,aggressive,UNKNOWN,16034.423663,29352.352722,3047.647278,3107.976170,31055.785228,16739.347514,524.496113,28917.926212,107.779291,6637.801054,-35.052086,0.013927,False,False,False,False,True,True,True,1-circle,1.000000,4469.705623,18926.917985,-0.471220,-0.089721,100.000000,100.000000,0.000000,0.000000,2,4,4,0.0000,0.0000,0.0000,0.5000,"Accelerate",0.023704
2547,A0100,pursuit_chase_v1,UNKNOWN,16034.423663,29352.352722,3047.647278,3107.976170,31055.785228,16739.347514,524.496113,28917.926212,107.779291,6637.801054,-35.052086,0.013927,False,False,False,False,True,True,True,1-circle,1.000000,4469.705623,18926.917985,-0.471220,-0.089721,100.000000,100.000000,0.000000,0.000000,2,4,4,0.0000,0.0000,0.0000,0.5000,"PursuitChaseOptimal",-0.025891
2547,B0100,aggressive,UNKNOWN,16034.423663,29352.352722,3047.647278,3107.976170,31055.785228,16739.347514,524.496113,28917.926212,107.779291,6637.801054,-35.052086,0.013927,False,False,False,False,True,True,True,1-circle,1.000000,4469.705623,18926.917985,-0.471220,-0.089721,100.000000,100.000000,0.000000,0.000000,2,4,4,0.0000,0.0000,0.0000,0.5000,"Accelerate",0.019089
2548,A0100,pursuit_chase_v1,UNKNOWN,16041.630398,29362.322057,3037.677943,3076.307248,31075.372004,16740.025466,524.567001,28921.896341,79.402571,6641.067356,-34.760012,0.048210,False,False,False,False,True,True,True,1-circle,1.000000,4473.668237,18718.922888,-1.631038,-0.009274,100.000000,100.000000,0.000000,0.000000,2,4,4,0.0000,0.0000,0.0000,0.5000,"PursuitChaseOptimal",-0.020646
2548,B0100,aggressive,UNKNOWN,16041.630398,29362.322057,3037.677943,3076.307248,31075.372004,16740.025466,524.567001,28921.896341,79.402571,6641.067356,-34.760012,0.048210,False,False,False,False,True,True,True,1-circle,1.000000,4473.668237,18718.922888,-1.631038,-0.009274,100.000000,100.000000,0.000000,0.000000,2,4,4,0.0000,0.0000,0.0000,0.5000,"Accelerate",0.013793
2549,A0100,pursuit_chase_v1,UNKNOWN,16041.630398,29362.322057,3037.677943,3076.307248,31075.372004,16740.025466,524.567001,28921.896341,79.402571,6641.067356,-34.760012,0.048210,False,False,False,False,True,True,True,1-circle,1.000000,4473.668237,18718.922888,-1.631038,-0.009274,100.000000,100.000000,0.000000,0.000000,2,4,4,0.0000,0.0000,0.0000,0.5000,"PursuitChaseOptimal",-0.010851
2549,B0100,aggressive,UNKNOWN,16041.630398,29362.322057,3037.677943,3076.307248,31075.372004,16740.025466,524.567001,28921.896341,79.402571,6641.067356,-34.760012,0.048210,False,False,False,False,True,True,True,1-circle,1.000000,4473.668237,18718.922888,-1.631038,-0.009274,100.000000,100.000000,0.000000,0.000000,2,4,4,0.0000,0.0000,0.0000,0.5000,"Accelerate",0.004799
2550,A0100,pursuit_chase_v1,UNKNOWN,16048.875425,29360.659704,3039.340296,3056.756628,31095.152627,16740.629319,524.800299,28933.338223,228.837652,6658.116755,-34.813572,0.027342,False,False,False,False,True,True,True,1-circle,1.000000,4477.887050,19180.045955,0.925583,-0.206625,100.000000,100.000000,0.000000,0.000000,2,4,4,0.0000,0.0000,0.0000,0.5000,"PursuitChaseOptimal",0.001278
2550,B0100,aggressive,UNKNOWN,16048.875425,29360.659704,3039.340296,3056.756628,31095.152627,16740.629319,524.800299,28933.338223,228.837652,6658.116755,-34.813572,0.027342,False,False,False,False,True,True,True,1-circle,1.000000,4477.887050,19180.045955,0.925583,-0.206625,100.000000,100.000000,0.000000,0.000000,2,4,4,0.0000,0.0000,0.0000,0.5000,"Accelerate",-0.006239
2551,A0100,pursuit_chase_v1,UNKNOWN,16048.875425,29360.659704,3039.340296,3056.756628,31095.152627,16740.629319,524.800299,28933.338223,228.837652,6658.116755,-34.813572,0.027342,False,False,False,False,True,True,True,1-circle,1.000000,4477.887050,19180.045955,0.925583,-0.206625,100.000000,100.000000,0.000000,0.000000,2,4,4,0.0000,0.0000,0.0000,0.5000,"PursuitChaseOptimal",0.014922
2551,B0100,aggressive,UNKNOWN,16048.875425,29360.659704,3039.340296,3056.756628,31095.152627,16740.629319,524.800299,28933.338223,228.837652,6658.116755,-34.813572,0.027342,False,False,False,False,True,True,True,1-circle,1.000000,4477.887050,19180.045955,0.925583,-0.206625,100.000000,100.000000,0.000000,0.000000,2,4,4,0.0000,0.0000,0.0000,0.5000,"Accelerate",-0.018844
2552,A0100,pursuit_chase_v1,UNKNOWN,16056.169313,29373.567653,3026.432347,3046.482400,31117.111980,16741.216758,524.783089,28933.125998,-4.244502,6657.236443,-35.337008,0.037332,False,False,False,False,True,True,True,1-circle,1.000000,4482.086959,18786.904289,-1.263660,-0.232439,100.000000,100.000000,0.000000,0.000000,2,4,4,0.0000,0.0000,0.0000,0.5000,"PursuitChaseOptimal",0.025796
2552,B0100,aggressive,UNKNOWN,16056.169313,29373.567653,3026.432347,3046.482400,31117.111980,16741.216758,524.783089,28933.125998,-4.244502,6657.236443,-35.337008,0.037332,False,False,False,False,True,True,True,1-circle,1.000000,4482.086959,18786.904289,-1.263660,-0.232439,100.000000,100.000000,0.000000,0.000000,2,4,4,0.0000,0.0000,0.0000,0.5000,"Accelerate",-0.029354
2553,A0100,pursuit_chase_v1,UNKNOWN,16056.169313,29373.567653,3026.432347,3046.482400,31117.111980,16741.216758,524.783089,28933.125998,-4.244502,6657.236443,-35.337008,0.037332,False,False,False,False,True,True,True,1-circle,1.000000,4482.086959,18786.904289,-1.263660,-0.232439,100.000000,100.000000,0.000000,0.000000,2,4,4,0.0000,0.0000,0.0000,0.5000,"PursuitChaseOptimal",0.026544
2553,B0100,aggressive,UNKNOWN,16056.169313,29373.567653,3026.432347,3046.482400,31117.111980,16741.216758,524.783089,28933.125998,-4.244502,6657.236443,-35.337008,0.037332,False,False,False,False,True,True,True,1-circle,1.000000,4482.086959,18786.904289,-1.263660,-0.232439,100.000000,100.000000,0.000000,0.000000,2,4,4,0.0000,0.0000,0.0000,0.5000,"Accelerate",-0.030175
2554,A0100,pursuit_chase_v1,UNKNOWN,16063.521775,29374.337590,3025.662410,3049.134164,31134.288163,16741.809281,524.937196,28940.880082,155.081681,6677.183861,-36.326704,0.006072,False,False,False,False,True,True,True,1-circle,1.000000,4486.003405,19052.124631,0.205611,-0.088775,100.000000,100.000000,0.000000,0.000000,2,4,4,0.0000,0.0000,0.0000,0.5000,"PursuitChaseOptimal",0.019951
2554,B0100,aggressive,UNKNOWN,16063.521775,29374.337590,3025.662410,3049.134164,31134.288163,16741.809281,524.937196,28940.880082,155.081681,6677.183861,-36.326704,0.006072,False,False,False,False,True,True,True,1-circle,1.000000,4486.003405,19052.124631,0.205611,-0.088775,100.000000,100.000000,0.000000,0.000000,2,4,4,0.0000,0.0000,0.0000,0.5000,"Accelerate",-0.023612
2555,A0100,pursuit_chase_v1,UNKNOWN,16063.521775,29374.337590,3025.662410,3049.134164,31134.288163,16741.809281,524.937196,28940.880082,155.081681,6677.183861,-36.326704,0.006072,False,False,False,False,True,True,True,1-circle,1.000000,4486.003405,19052.124631,0.205611,-0.088775,100.000000,100.000000,0.000000,0.000000,2,4,4,0.0000,0.0000,0.0000,0.5000,"PursuitChaseOptimal",0.007466
2555,B0100,aggressive,UNKNOWN,16063.521775,29374.337590,3025.662410,3049.134164,31134.288163,16741.809281,524.937196,28940.880082,155.081681,6677.183861,-36.326704,0.006072,False,False,False,False,True,True,True,1-circle,1.000000,4486.003405,19052.124631,0.205611,-0.088775,100.000000,100.000000,0.000000,0.000000,2,4,4,0.0000,0.0000,0.0000,0.5000,"Accelerate",-0.011848
2556,A0100,pursuit_chase_v1,UNKNOWN,16070.963134,29388.572593,3011.427407,3042.878356,31157.094476,16742.401966,524.939553,28941.582353,14.045418,6684.618831,-37.180488,0.057918,False,False,False,False,True,True,True,1-circle,1.000000,4489.610539,18662.769047,-1.960591,-0.201505,100.000000,100.000000,0.000000,0.000000,2,4,4,0.0000,0.0000,0.0000,0.5000,"PursuitChaseOptimal",-0.008163
2556,B0100,aggressive,UNKNOWN,16070.963134,29388.572593,3011.427407,3042.878356,31157.094476,16742.401966,524.939553,28941.582353,14.045418,6684.618831,-37.180488,0.057918,False,False,False,False,True,True,True,1-circle,1.000000,4489.610539,18662.769047,-1.960591,-0.201505,100.000000,100.000000,0.000000,0.000000,2,4,4,0.0000,0.0000,0.0000,0.5000,"Accelerate",0.002252
2557,A0100,pursuit_chase_v1,UNKNOWN,16070.963134,29388.572593,3011.427407,3042.878356,31157.094476,16742.401966,524.939553,28941.582353,14.045418,6684.618831,-37.180488,0.057918,False,False,False,False,True,True,True,1-circle,1.000000,4489.610539,18662.769047,-1.960591,-0.201505,100.000000,100.000000,0.000000,0.000000,2,4,4,0.0000,0.0000,0.0000,0.5000,"PursuitChaseOptimal",-0.020217
2557,B0100,aggressive,UNKNOWN,16070.963134,29388.572593,3011.427407,3042.878356,31157.094476,16742.401966,524.939553,28941.582353,14.045418,6684.618831,-37.180488,0.057918,False,False,False,False,True,True,True,1-circle,1.000000,4489.610539,18662.769047,-1.960591,-0.201505,100.000000,100.000000,0.000000,0.000000,2,4,4,0.0000,0.0000,0.0000,0.5000,"Accelerate",0.013105
2558,A0100,pursuit_chase_v1,UNKNOWN,16078.470252,29385.364931,3014.635069,3042.599346,31174.956152,16742.985522,525.145236,28951.727593,202.904790,6700.950475,-37.533451,0.006857,False,False,False,False,True,True,True,1-circle,1.000000,4493.102035,18974.353718,-0.232288,-0.192905,100.000000,100.000000,0.000000,0.000000,2,4,4,0.0000,0.0000,0.0000,0.5000,"PursuitChaseOptimal",-0.033154
2558,B0100,aggressive,UNKNOWN,16078.470252,29385.364931,3014.635069,3042.599346,31174.956152,16742.985522,525.145236,28951.727593,202.904790,6700.950475,-37.533451,0.006857,False,False,False,False,True,True,True,1-circle,1.000000,4493.102035,18974.353718,-0.232288,-0.192905,100.000000,100.000000,0.000000,0.000000,2,4,4,0.0000,0.0000,0.0000,0.5000,"Accelerate",0.025469
2559,A0100,pursuit_chase_v1,UNKNOWN,16078.470252,29385.364931,3014.635069,3042.599346,31174.956152,16742.985522,525.145236,28951.727593,202.904790,6700.950475,-37.533451,0.006857,False,False,False,False,True,True,True,1-circle,1.000000,4493.102035,18974.353718,-0.232288,-0.192905,100.000000,100.000000,0.000000,0.000000,2,4,4,0.0000,0.0000,0.0000,0.5000,"PursuitChaseOptimal",-0.034984
2559,B0100,aggressive,UNKNOWN,16078.470252,29385.364931,3014.635069,3042.599346,31174.956152,16742.985522,525.145236,28951.727593,202.904790,6700.950475,-37.533451,0.006857,False,False,False,False,True,True,True,1-circle,1.000000,4493.102035,18974.353718,-0.232288,-0.192905,100.000000,100.000000,0.000000,0.000000,2,4,4,0.0000,0.0000,0.0000,0.5000,"Accelerate",0.027715
2560,A0100,pursuit_chase_v1,UNKNOWN,16086.059370,29393.985370,3006.014630,3042.698719,31195.751724,16743.485588,525.195517,28954.565639,56.760923,6701.877987,-37.697093,0.007226,False,False,False,False,True,True,True,1-circle,1.000000,4496.741198,19060.808796,0.244832,-0.239283,100.000000,100.000000,0.000000,0.000000,2,4,4,0.0000,0.0000,0.0000,0.5000,"PursuitChaseOptimal",-0.011797
2560,B0100,aggressive,UNKNOWN,16086.059370,29393.985370,3006.014630,3042.698719,31195.751724,16743.485588,525.195517,28954.565639,56.760923,6701.877987,-37.697093,0.007226,False,False,False,False,True,True,True,1-circle,1.000000,4496.741198,19060.808796,0.244832,-0.239283,100.000000,100.000000,0.000000,0.000000,2,4,4,0.0000,0.0000,0.0000,0.5000,"Accelerate",0.006111
2561,A0100,pursuit_chase_v1,UNKNOWN,16086.059370,29393.985370,3006.014630,3042.698719,31195.751724,16743.485588,525.195517,28954.565639,56.760923,6701.877987,-37.697093,0.007226,False,False,False,False,True,True,True,1-circle,1.000000,4496.741198,19060.808796,0.244832,-0.239283,100.000000,100.000000,0.000000,0.000000,2,4,4,0.0000,0.0000,0.0000,0.5000,"PursuitChaseOptimal",0.017121
2561,B0100,aggressive,UNKNOWN,16086.059370,29393.985370,3006.014630,3042.698719,31195.751724,16743.485588,525.195517,28954.565639,56.760923,6701.877987,-37.697093,0.007226,False,False,False,False,True,True,True,1-circle,1.000000,4496.741198,19060.808796,0.244832,-0.239283,100.000000,100.000000,0.000000,0.000000,2,4,4,0.0000,0.0000,0.0000,0.5000,"Accelerate",-0.021240
2562,A0100,pursuit_chase_v1,UNKNOWN,16093.696376,29405.657651,2994.342349,3041.639558,31214.536024,16744.066517,525.308905,28960.419806,117.083350,6705.144975,-38.330003,0.026497,False,False,False,False,True,True,True,1-circle,1.000000,4500.303857,18855.660140,-0.897822,0.085162,100.000000,100.000000,0.000000,0.000000,2,4,4,0.0000,0.0000,0.0000,0.5000,"PursuitChaseOptimal",0.040108
2562,B0100,aggressive,UNKNOWN,16093.696376,29405.657651,2994.342349,3041.639558,31214.536024,16744.066517,525.308905,28960.419806,117.083350,6705.144975,-38.330003,0.026497,False,False,False,False,True,True,True,1-circle,1.000000,4500.303857,18855.660140,-0.897822,0.085162,100.000000,100.000000,0.000000,0.000000,2,4,4,0.0000,0.0000,0.0000,0.5000,"Accelerate",-0.042859
2563,A0100,pursuit_chase_v1,UNKNOWN,16093.696376,29405.657651,2994.342349,3041.639558,31214.536024,16744.066517,525.308905,28960.419806,117.083350,6705.144975,-38.330003,0.026497,False,False,False,False,True,True,True,1-circle,1.000000,4500.303857,18855.660140,-0.897822,0.085162,100.000000,100.000000,0.000000,0.000000,2,4,4,0.0000,0.0000,0.0000,0.5000,"PursuitChaseOptimal",0.042406
2563,B0100,aggressive,UNKNOWN,16093.696376,29405.657651,2994.342349,3041.639558,31214.536024,16744.066517,525.308905,28960.419806,117.083350,6705.144975,-38.330003,0.026497,False,False,False,False,True,True,True,1-circle,1.000000,4500.303857,18855.660140,-0.897822,0.085162,100.000000,100.000000,0.000000,0.000000,2,4,4,0.0000,0.0000,0.0000,0.5000,"Accelerate",-0.044518
2564,A0100,pursuit_chase_v1,UNKNOWN,16101.373446,29415.482618,2984.517382,3035.120817,31235.367485,16744.649130,525.402931,28965.376093,99.125734,6704.251498,-39.234555,0.012958,False,False,False,False,True,True,True,1-circle,1.000000,4503.536179,18938.552946,-0.439165,-0.102150,100.000000,100.000000,0.000000,0.000000,2,4,4,0.0000,0.0000,0.0000,0.5000,"PursuitChaseOptimal",0.041619
2564,B0100,aggressive,UNKNOWN,16101.373446,29415.482618,2984.517382,3035.120817,31235.367485,16744.649130,525.402931,28965.376093,99.125734,6704.251498,-39.234555,0.012958,False,False,False,False,True,True,True,1-circle,1.000000,4503.536179,18938.552946,-0.439165,-0.102150,100.000000,100.000000,0.000000,0.000000,2,4,4,0.0000,0.0000,0.0000,0.5000,"Accelerate",-0.043566
2565,A0100,pursuit_chase_v1,UNKNOWN,16101.373446,29415.482618,2984.517382,3035.120817,31235.367485,16744.649130,525.402931,28965.376093,99.125734,6704.251498,-39.234555,0.012958,False,False,False,False,True,True,True,1-circle,1.000000,4503.536179,18938.552946,-0.439165,-0.102150,100.000000,100.000000,0.000000,0.000000,2,4,4,0.0000,0.0000,0.0000,0.5000,"PursuitChaseOptimal",0.040544
2565,B0100,aggressive,UNKNOWN,16101.373446,29415.482618,2984.517382,3035.120817,31235.367485,16744.649130,525.402931,28965.376093,99.125734,6704.251498,-39.234555,0.012958,False,False,False,False,True,True,True,1-circle,1.000000,4503.536179,18938.552946,-0.439165,-0.102150,100.000000,100.000000,0.000000,0.000000,2,4,4,0.0000,0.0000,0.0000,0.5000,"Accelerate",-0.042936
2566,A0100,pursuit_chase_v1,UNKNOWN,16109.096445,29425.397237,2974.602763,3033.285095,31254.549258,16745.312384,525.464662,28968.911188,70.701905,6718.706399,-40.474391,0.047053,False,False,False,False,True,True,True,1-circle,1.000000,4506.234862,18730.605134,-1.594535,-0.018118,100.000000,100.000000,0.000000,0.000000,2,4,4,0.0000,0.0000,0.0000,0.5000,"PursuitChaseOptimal",0.035926
2566,B0100,aggressive,UNKNOWN,16109.096445,29425.397237,2974.602763,3033.285095,31254.549258,16745.312384,525.464662,28968.911188,70.701905,6718.706399,-40.474391,0.047053,False,False,False,False,True,True,True,1-circle,1.000000,4506.234862,18730.605134,-1.594535,-0.018118,100.000000,100.000000,0.000000,0.000000,2,4,4,0.0000,0.0000,0.0000,0.5000,"Accelerate",-0.038966
2567,A0100,pursuit_chase_v1,UNKNOWN,16109.096445,29425.397237,2974.602763,3033.285095,31254.549258,16745.312384,525.464662,28968.911188,70.701905,6718.706399,-40.474391,0.047053,False,False,False,False,True,True,True,1-circle,1.000000,4506.234862,18730.605134,-1.594535,-0.018118,100.000000,100.000000,0.000000,0.000000,2,4,4,0.0000,0.0000,0.0000,0.5000,"PursuitChaseOptimal",0.023366
2567,B0100,aggressive,UNKNOWN,16109.096445,29425.397237,2974.602763,3033.285095,31254.549258,16745.312384,525.464662,28968.911188,70.701905,6718.706399,-40.474391,0.047053,False,False,False,False,True,True,True,1-circle,1.000000,4506.234862,18730.605134,-1.594535,-0.018118,100.000000,100.000000,0.000000,0.000000,2,4,4,0.0000,0.0000,0.0000,0.5000,"Accelerate",-0.027100
2568,A0100,pursuit_chase_v1,UNKNOWN,16116.921538,29423.770863,2976.229137,3034.109518,31274.151797,16745.904077,525.689124,28979.948189,220.740016,6734.339321,-41.431215,0.028731,False,False,False,False,True,True,True,1-circle,1.000000,4508.586174,19192.778599,0.974181,-0.214261,100.000000,100.000000,0.000000,0.000000,2,4,4,0.0000,0.0000,0.0000,0.5000,"PursuitChaseOptimal",0.020922
2568,B0100,aggressive,UNKNOWN,16116.921538,29423.770863,2976.229137,3034.109518,31274.151797,16745.904077,525.689124,28979.948189,220.740016,6734.339321,-41.431215,0.028731,False,False,False,False,True,True,True,1-circle,1.000000,4508.586174,19192.778599,0.974181,-0.214261,100.000000,100.000000,0.000000,0.000000,2,4,4,0.0000,0.0000,0.0000,0.5000,"Accelerate",-0.024451
2569,A0100,pursuit_chase_v1,UNKNOWN,16116.921538,29423.770863,2976.229137,3034.109518,31274.151797,16745.904077,525.689124,28979.948189,220.740016,6734.339321,-41.431215,0.028731,False,False,False,False,True,True,True,1-circle,1.000000,4508.586174,19192.778599,0.974181,-0.214261,100.000000,100.000000,0.000000,0.000000,2,4,4,0.0000,0.0000,0.0000,0.5000,"PursuitChaseOptimal",0.018826
2569,B0100,aggressive,UNKNOWN,16116.921538,29423.770863,2976.229137,3034.109518,31274.151797,16745.904077,525.689124,28979.948189,220.740016,6734.339321,-41.431215,0.028731,False,False,False,False,True,True,True,1-circle,1.000000,4508.586174,19192.778599,0.974181,-0.214261,100.000000,100.000000,0.000000,0.000000,2,4,4,0.0000,0.0000,0.0000,0.5000,"Accelerate",-0.022301
2570,A0100,pursuit_chase_v1,UNKNOWN,16124.786274,29437.124364,2962.875636,3029.612588,31296.020849,16746.481703,525.662939,28979.307065,-12.822487,6718.334845,-41.966322,0.036067,False,False,False,False,True,True,True,1-circle,1.000000,4510.634223,18796.943468,-1.222834,-0.239289,100.000000,100.000000,0.000000,0.000000,2,4,4,0.0000,0.0000,0.0000,0.5000,"PursuitChaseOptimal",0.001599
2570,B0100,aggressive,UNKNOWN,16124.786274,29437.124364,2962.875636,3029.612588,31296.020849,16746.481703,525.662939,28979.307065,-12.822487,6718.334845,-41.966322,0.036067,False,False,False,False,True,True,True,1-circle,1.000000,4510.634223,18796.943468,-1.222834,-0.239289,100.000000,100.000000,0.000000,0.000000,2,4,4,0.0000,0.0000,0.0000,0.5000,"Accelerate",-0.006790
2571,A0100,pursuit_chase_v1,UNKNOWN,16124.786274,29437.124364,2962.875636,3029.612588,31296.020849,16746.481703,525.662939,28979.307065,-12.822487,6718.334845,-41.966322,0.036067,False,False,False,False,True,True,True,1-circle,1.000000,4510.634223,18796.943468,-1.222834,-0.239289,100.000000,100.000000,0.000000,0.000000,2,4,4,0.0000,0.0000,0.0000,0.5000,"PursuitChaseOptimal",-0.022448
2571,B0100,aggressive,UNKNOWN,16124.786274,29437.124364,2962.875636,3029.612588,31296.020849,16746.481703,525.662939,28979.307065,-12.822487,6718.334845,-41.966322,0.036067,False,False,False,False,True,True,True,1-circle,1.000000,4510.634223,18796.943468,-1.222834,-0.239289,100.000000,100.000000,0.000000,0.000000,2,4,4,0.0000,0.0000,0.0000,0.5000,"Accelerate",0.015201
2572,A0100,pursuit_chase_v1,UNKNOWN,16132.653024,29438.251391,2961.748609,3033.716583,31313.073228,16747.066674,525.808487,28986.667166,147.202030,6707.784051,-42.089210,0.007680,False,False,False,False,True,True,True,1-circle,1.000000,4512.474215,19063.454107,0.260483,-0.095044,100.000000,100.000000,0.000000,0.000000,2,4,4,0.0000,0.0000,0.0000,0.5000,"PursuitChaseOptimal",-0.037169
2572,B0100,aggressive,UNKNOWN,16132.653024,29438.251391,2961.748609,3033.716583,31313.073228,16747.066674,525.808487,28986.667166,147.202030,6707.784051,-42.089210,0.007680,False,False,False,False,True,True,True,1-circle,1.000000,4512.474215,19063.454107,0.260483,-0.095044,100.000000,100.000000,0.000000,0.000000,2,4,4,0.0000,0.0000,0.0000,0.5000,"Accelerate",0.029192
2573,A0100,pursuit_chase_v1,UNKNOWN,16132.653024,29438.251391,2961.748609,3033.716583,31313.073228,16747.066674,525.808487,28986.667166,147.202030,6707.784051,-42.089210,0.007680,False,False,False,False,True,True,True,1-circle,1.000000,4512.474215,19063.454107,0.260483,-0.095044,100.000000,100.000000,0.000000,0.000000,2,4,4,0.0000,0.0000,0.0000,0.5000,"PursuitChaseOptimal",-0.038072
2573,B0100,aggressive,UNKNOWN,16132.653024,29438.251391,2961.748609,3033.716583,31313.073228,16747.066674,525.808487,28986.667166,147.202030,6707.784051,-42.089210,0.007680,False,False,False,False,True,True,True,1-circle,1.000000,4512.474215,19063.454107,0.260483,-0.095044,100.000000,100.000000,0.000000,0.000000,2,4,4,0.0000,0.0000,0.0000,0.5000,"Accelerate",0.030177
2574,A0100,pursuit_chase_v1,UNKNOWN,16140.544994,29452.642483,2947.357517,3033.400412,31335.796177,16747.653868,525.801669,28986.936920,5.395084,6695.773265,-42.162389,0.056324,False,False,False,False,True,True,True,1-circle,1.000000,4514.359039,18672.367777,-1.909696,-0.207248,100.000000,100.000000,0.000000,0.000000,2,4,4,0.0000,0.0000,0.0000,0.5000,"PursuitChaseOptimal",-0.019340
2574,B0100,aggressive,UNKNOWN,16140.544994,29452.642483,2947.357517,3033.400412,31335.796177,16747.653868,525.801669,28986.936920,5.395084,6695.773265,-42.162389,0.056324,False,False,False,False,True,True,True,1-circle,1.000000,4514.359039,18672.367777,-1.909696,-0.207248,100.000000,100.000000,0.000000,0.000000,2,4,4,0.0000,0.0000,0.0000,0.5000,"Accelerate",0.012399
2575,A0100,pursuit_chase_v1,UNKNOWN,16140.544994,29452.642483,2947.357517,3033.400412,31335.796177,16747.653868,525.801669,28986.936920,5.395084,6695.773265,-42.162389,0.056324,False,False,False,False,True,True,True,1-circle,1.000000,4514.359039,18672.367777,-1.909696,-0.207248,100.000000,100.000000,0.000000,0.000000,2,4,4,0.0000,0.0000,0.0000,0.5000,"PursuitChaseOptimal",-0.007281
2575,B0100,aggressive,UNKNOWN,16140.544994,29452.642483,2947.357517,3033.400412,31335.796177,16747.653868,525.801669,28986.936920,5.395084,6695.773265,-42.162389,0.056324,False,False,False,False,True,True,True,1-circle,1.000000,4514.359039,18672.367777,-1.909696,-0.207248,100.000000,100.000000,0.000000,0.000000,2,4,4,0.0000,0.0000,0.0000,0.5000,"Accelerate",0.000880
2576,A0100,pursuit_chase_v1,UNKNOWN,16148.463343,29449.380831,2950.619169,3035.857240,31353.559972,16748.234108,525.998819,28996.697140,195.204393,6688.254128,-42.207289,0.004936,False,False,False,False,True,True,True,1-circle,1.000000,4516.299862,18985.548986,-0.167493,-0.196187,100.000000,100.000000,0.000000,0.000000,2,4,4,0.0000,0.0000,0.0000,0.5000,"PursuitChaseOptimal",-0.001602
2576,B0100,aggressive,UNKNOWN,16148.463343,29449.380831,2950.619169,3035.857240,31353.559972,16748.234108,525.998819,28996.697140,195.204393,6688.254128,-42.207289,0.004936,False,False,False,False,True,True,True,1-circle,1.000000,4516.299862,18985.548986,-0.167493,-0.196187,100.000000,100.000000,0.000000,0.000000,2,4,4,0.0000,0.0000,0.0000,0.5000,"Accelerate",-0.004065
2577,A0100,pursuit_chase_v1,UNKNOWN,16148.463343,29449.380831,2950.619169,3035.857240,31353.559972,16748.234108,525.998819,28996.697140,195.204393,6688.254128,-42.207289,0.004936,False,False,False,False,True,True,True,1-circle,1.000000,4516.299862,18985.548986,-0.167493,-0.196187,100.000000,100.000000,0.000000,0.000000,2,4,4,0.0000,0.0000,0.0000,0.5000,"PursuitChaseOptimal",-0.003682
2577,B0100,aggressive,UNKNOWN,16148.463343,29449.380831,2950.619169,3035.857240,31353.559972,16748.234108,525.998819,28996.697140,195.204393,6688.254128,-42.207289,0.004936,False,False,False,False,True,True,True,1-circle,1.000000,4516.299862,18985.548986,-0.167493,-0.196187,100.000000,100.000000,0.000000,0.000000,2,4,4,0.0000,0.0000,0.0000,0.5000,"Accelerate",-0.001597
2578,A0100,pursuit_chase_v1,UNKNOWN,16156.390114,29458.128622,2941.871378,3034.502069,31374.316101,16748.732662,526.040757,28999.148915,49.035494,6668.513432,-42.388221,0.009053,False,False,False,False,True,True,True,1-circle,1.000000,4518.209287,19070.565970,0.307188,-0.242171,100.000000,100.000000,0.000000,0.000000,2,4,4,0.0000,0.0000,0.0000,0.5000,"PursuitChaseOptimal",-0.020636
2578,B0100,aggressive,UNKNOWN,16156.390114,29458.128622,2941.871378,3034.502069,31374.316101,16748.732662,526.040757,28999.148915,49.035494,6668.513432,-42.388221,0.009053,False,False,False,False,True,True,True,1-circle,1.000000,4518.209287,19070.565970,0.307188,-0.242171,100.000000,100.000000,0.000000,0.000000,2,4,4,0.0000,0.0000,0.0000,0.5000,"Accelerate",0.014188
2579,A0100,pursuit_chase_v1,UNKNOWN,16156.390114,29458.128622,2941.871378,3034.502069,31374.316101,16748.732662,526.040757,28999.148915,49.035494,6668.513432,-42.388221,0.009053,False,False,False,False,True,True,True,1-circle,1.000000,4518.209287,19070.565970,0.307188,-0.242171,100.000000,100.000000,0.000000,0.000000,2,4,4,0.0000,0.0000,0.0000,0.5000,"PursuitChaseOptimal",-0.032747
2579,B0100,aggressive,UNKNOWN,16156.390114,29458.128622,2941.871378,3034.502069,31374.316101,16748.732662,526.040757,28999.148915,49.035494,6668.513432,-42.388221,0.009053,False,False,False,False,True,True,True,1-circle,1.000000,4518.209287,19070.565970,0.307188,-0.242171,100.000000,100.000000,0.000000,0.000000,2,4,4,0.0000,0.0000,0.0000,0.5000,"Accelerate",0.025114
2580,A0100,pursuit_chase_v1,UNKNOWN,16164.327771,29470.106606,2929.893394,3035.853270,31393.001319,16749.314162,526.145955,29004.630621,109.634131,6664.961172,-42.646427,0.024603,False,False,False,False,True,True,True,1-circle,1.000000,4519.990494,18864.486079,-0.834959,0.082747,100.000000,100.000000,0.000000,0.000000,2,4,4,0.0000,0.0000,0.0000,0.5000,"PursuitChaseOptimal",-0.037269
2580,B0100,aggressive,UNKNOWN,16164.327771,29470.106606,2929.893394,3035.853270,31393.001319,16749.314162,526.145955,29004.630621,109.634131,6664.961172,-42.646427,0.024603,False,False,False,False,True,True,True,1-circle,1.000000,4519.990494,18864.486079,-0.834959,0.082747,100.000000,100.000000,0.000000,0.000000,2,4,4,0.0000,0.0000,0.0000,0.5000,"Accelerate",0.029137
2581,A0100,pursuit_chase_v1,UNKNOWN,16164.327771,29470.106606,2929.893394,3035.853270,31393.001319,16749.314162,526.145955,29004.630621,109.634131,6664.961172,-42.646427,0.024603,False,False,False,False,True,True,True,1-circle,1.000000,4519.990494,18864.486079,-0.834959,0.082747,100.000000,100.000000,0.000000,0.000000,2,4,4,0.0000,0.0000,0.0000,0.5000,"PursuitChaseOptimal",-0.020807
2581,B0100,aggressive,UNKNOWN,16164.327771,29470.106606,2929.893394,3035.853270,31393.001319,16749.314162,526.145955,29004.630621,109.634131,6664.961172,-42.646427,0.024603,False,False,False,False,True,True,True,1-circle,1.000000,4519.990494,18864.486079,-0.834959,0.082747,100.000000,100.000000,0.000000,0.000000,2,4,4,0.0000,0.0000,0.0000,0.5000,"Accelerate",0.014237
2582,A0100,pursuit_chase_v1,UNKNOWN,16172.314087,29479.852051,2920.147949,3035.079328,31413.798020,16749.898985,526.231476,29009.199772,91.383019,6656.936281,-42.756416,0.010910,False,False,False,False,True,True,True,1-circle,1.000000,4521.857341,18947.679173,-0.370326,-0.104816,100.000000,100.000000,0.000000,0.000000,2,4,4,0.0000,0.0000,0.0000,0.5000,"PursuitChaseOptimal",-0.009506
2582,B0100,aggressive,UNKNOWN,16172.314087,29479.852051,2920.147949,3035.079328,31413.798020,16749.898985,526.231476,29009.199772,91.383019,6656.936281,-42.756416,0.010910,False,False,False,False,True,True,True,1-circle,1.000000,4521.857341,18947.679173,-0.370326,-0.104816,100.000000,100.000000,0.000000,0.000000,2,4,4,0.0000,0.0000,0.0000,0.5000,"Accelerate",0.003832
2583,A0100,pursuit_chase_v1,UNKNOWN,16172.314087,29479.852051,2920.147949,3035.079328,31413.798020,16749.898985,526.231476,29009.199772,91.383019,6656.936281,-42.756416,0.010910,False,False,False,False,True,True,True,1-circle,1.000000,4521.857341,18947.679173,-0.370326,-0.104816,100.000000,100.000000,0.000000,0.000000,2,4,4,0.0000,0.0000,0.0000,0.5000,"PursuitChaseOptimal",-0.006958
2583,B0100,aggressive,UNKNOWN,16172.314087,29479.852051,2920.147949,3035.079328,31413.798020,16749.898985,526.231476,29009.199772,91.383019,6656.936281,-42.756416,0.010910,False,False,False,False,True,True,True,1-circle,1.000000,4521.857341,18947.679173,-0.370326,-0.104816,100.000000,100.000000,0.000000,0.000000,2,4,4,0.0000,0.0000,0.0000,0.5000,"Accelerate",0.000986
2584,A0100,pursuit_chase_v1,UNKNOWN,16180.297274,29489.560625,2910.439375,3034.145277,31432.878321,16750.566486,526.284715,29012.347948,62.963508,6638.322828,-42.893662,0.044922,False,False,False,False,True,True,True,1-circle,1.000000,4523.617310,18739.407777,-1.524648,-0.017490,100.000000,100.000000,0.000000,0.000000,2,4,4,0.0000,0.0000,0.0000,0.5000,"PursuitChaseOptimal",-0.024173
2584,B0100,aggressive,UNKNOWN,16180.297274,29489.560625,2910.439375,3034.145277,31432.878321,16750.566486,526.284715,29012.347948,62.963508,6638.322828,-42.893662,0.044922,False,False,False,False,True,True,True,1-circle,1.000000,4523.617310,18739.407777,-1.524648,-0.017490,100.000000,100.000000,0.000000,0.000000,2,4,4,0.0000,0.0000,0.0000,0.5000,"Accelerate",0.016595
2585,A0100,pursuit_chase_v1,UNKNOWN,16180.297274,29489.560625,2910.439375,3034.145277,31432.878321,16750.566486,526.284715,29012.347948,62.963508,6638.322828,-42.893662,0.044922,False,False,False,False,True,True,True,1-circle,1.000000,4523.617310,18739.407777,-1.524648,-0.017490,100.000000,100.000000,0.000000,0.000000,2,4,4,0.0000,0.0000,0.0000,0.5000,"PursuitChaseOptimal",-0.034920
2585,B0100,aggressive,UNKNOWN,16180.297274,29489.560625,2910.439375,3034.145277,31432.878321,16750.566486,526.284715,29012.347948,62.963508,6638.322828,-42.893662,0.044922,False,False,False,False,True,True,True,1-circle,1.000000,4523.617310,18739.407777,-1.524648,-0.017490,100.000000,100.000000,0.000000,0.000000,2,4,4,0.0000,0.0000,0.0000,0.5000,"Accelerate",0.026952
2586,A0100,pursuit_chase_v1,UNKNOWN,16188.313681,29487.803117,2912.196883,3035.775853,31452.096944,16751.164141,526.480029,29022.048448,194.010001,6640.662710,-42.978982,0.028489,False,False,False,False,True,True,True,1-circle,1.000000,4525.431149,19187.516967,0.967387,-0.203681,100.000000,100.000000,0.000000,0.000000,2,5,4,0.0000,0.0000,0.0000,0.5000,"PursuitChaseOptimal",-0.036515
2586,B0100,aggressive,UNKNOWN,16188.313681,29487.803117,2912.196883,3035.775853,31452.096944,16751.164141,526.480029,29022.048448,194.010001,6640.662710,-42.978982,0.028489,False,False,False,False,True,True,True,1-circle,1.000000,4525.431149,19187.516967,0.967387,-0.203681,100.000000,100.000000,0.000000,0.000000,2,4,4,0.0000,0.0000,0.0000,0.5000,"Accelerate",0.028968
2587,A0100,pursuit_chase_v1,UNKNOWN,16188.313681,29487.803117,2912.196883,3035.775853,31452.096944,16751.164141,526.480029,29022.048448,194.010001,6640.662710,-42.978982,0.028489,False,False,False,False,True,True,True,1-circle,1.000000,4525.431149,19187.516967,0.967387,-0.203681,100.000000,100.000000,0.000000,0.000000,2,5,4,0.0000,0.0000,0.0000,0.5000,"PursuitChaseOptimal",-0.017758
2587,B0100,aggressive,UNKNOWN,16188.313681,29487.803117,2912.196883,3035.775853,31452.096944,16751.164141,526.480029,29022.048448,194.010001,6640.662710,-42.978982,0.028489,False,False,False,False,True,True,True,1-circle,1.000000,4525.431149,19187.516967,0.967387,-0.203681,100.000000,100.000000,0.000000,0.000000,2,4,4,0.0000,0.0000,0.0000,0.5000,"Accelerate",0.011448
2588,A0100,pursuit_chase_v1,UNKNOWN,16196.368057,29503.695467,2896.304533,3034.940619,31473.835611,16751.783693,526.477545,29022.552225,10.075544,6627.446068,-43.167127,0.035772,False,False,False,False,True,True,True,1-circle,1.000000,4527.315251,18794.340592,-1.214637,0.016069,100.000000,100.000000,0.000000,0.000000,2,5,4,0.0000,0.0000,0.0000,0.5000,"PursuitChaseOptimal",-0.006273
2588,B0100,aggressive,UNKNOWN,16196.368057,29503.695467,2896.304533,3034.940619,31473.835611,16751.783693,526.477545,29022.552225,10.075544,6627.446068,-43.167127,0.035772,False,False,False,False,True,True,True,1-circle,1.000000,4527.315251,18794.340592,-1.214637,0.016069,100.000000,100.000000,0.000000,0.000000,2,4,4,0.0000,0.0000,0.0000,0.5000,"Accelerate",0.000237
2589,A0100,pursuit_chase_v1,UNKNOWN,16196.368057,29503.695467,2896.304533,3034.940619,31473.835611,16751.783693,526.477545,29022.552225,10.075544,6627.446068,-43.167127,0.035772,False,False,False,False,True,True,True,1-circle,1.000000,4527.315251,18794.340592,-1.214637,0.016069,100.000000,100.000000,0.000000,0.000000,2,5,4,0.0000,0.0000,0.0000,0.5000,"PursuitChaseOptimal",0.006468
2589,B0100,aggressive,UNKNOWN,16196.368057,29503.695467,2896.304533,3034.940619,31473.835611,16751.783693,526.477545,29022.552225,10.075544,6627.446068,-43.167127,0.035772,False,False,False,False,True,True,True,1-circle,1.000000,4527.315251,18794.340592,-1.214637,0.016069,100.000000,100.000000,0.000000,0.000000,2,4,4,0.0000,0.0000,0.0000,0.5000,"Accelerate",-0.011765
2590,A0100,pursuit_chase_v1,UNKNOWN,16204.426264,29504.164650,2895.835350,3036.797316,31490.489612,16752.422491,526.642829,29030.896874,166.892978,6609.614038,-43.262297,0.007379,False,False,False,False,True,True,True,1-circle,1.000000,4529.123664,19057.647627,0.250666,-0.100731,100.000000,100.000000,0.000000,0.000000,2,5,4,0.0000,0.0000,0.0000,0.5000,"PursuitChaseOptimal",0.018264
2590,B0100,aggressive,UNKNOWN,16204.426264,29504.164650,2895.835350,3036.797316,31490.489612,16752.422491,526.642829,29030.896874,166.892978,6609.614038,-43.262297,0.007379,False,False,False,False,True,True,True,1-circle,1.000000,4529.123664,19057.647627,0.250666,-0.100731,100.000000,100.000000,0.000000,0.000000,2,4,4,0.0000,0.0000,0.0000,0.5000,"Accelerate",-0.022402
2591,A0100,pursuit_chase_v1,UNKNOWN,16204.426264,29504.164650,2895.835350,3036.797316,31490.489612,16752.422491,526.642829,29030.896874,166.892978,6609.614038,-43.262297,0.007379,False,False,False,False,True,True,True,1-circle,1.000000,4529.123664,19057.647627,0.250666,-0.100731,100.000000,100.000000,0.000000,0.000000,2,5,4,0.0000,0.0000,0.0000,0.5000,"PursuitChaseOptimal",0.028324
2591,B0100,aggressive,UNKNOWN,16204.426264,29504.164650,2895.835350,3036.797316,31490.489612,16752.422491,526.642829,29030.896874,166.892978,6609.614038,-43.262297,0.007379,False,False,False,False,True,True,True,1-circle,1.000000,4529.123664,19057.647627,0.250666,-0.100731,100.000000,100.000000,0.000000,0.000000,2,4,4,0.0000,0.0000,0.0000,0.5000,"Accelerate",-0.031541
2592,A0100,pursuit_chase_v1,UNKNOWN,16212.436513,29517.968791,2882.031209,3031.955031,31512.975388,16753.066392,526.614879,29030.237514,-13.187203,6564.866278,-43.415825,0.057461,False,False,False,False,True,True,True,1-circle,1.000000,4530.680788,18660.744351,-1.951140,-0.147657,100.000000,100.000000,0.000000,0.000000,2,5,4,0.0000,0.0000,0.0000,0.5000,"PursuitChaseOptimal",0.028446
2592,B0100,aggressive,UNKNOWN,16212.436513,29517.968791,2882.031209,3031.955031,31512.975388,16753.066392,526.614879,29030.237514,-13.187203,6564.866278,-43.415825,0.057461,False,False,False,False,True,True,True,1-circle,1.000000,4530.680788,18660.744351,-1.951140,-0.147657,100.000000,100.000000,0.000000,0.000000,2,4,4,0.0000,0.0000,0.0000,0.5000,"Accelerate",-0.031957
2593,A0100,pursuit_chase_v1,UNKNOWN,16212.436513,29517.968791,2882.031209,3031.955031,31512.975388,16753.066392,526.614879,29030.237514,-13.187203,6564.866278,-43.415825,0.057461,False,False,False,False,True,True,True,1-circle,1.000000,4530.680788,18660.744351,-1.951140,-0.147657,100.000000,100.000000,0.000000,0.000000,2,5,4,0.0000,0.0000,0.0000,0.5000,"PursuitChaseOptimal",0.023082
2593,B0100,aggressive,UNKNOWN,16212.436513,29517.968791,2882.031209,3031.955031,31512.975388,16753.066392,526.614879,29030.237514,-13.187203,6564.866278,-43.415825,0.057461,False,False,False,False,True,True,True,1-circle,1.000000,4530.680788,18660.744351,-1.951140,-0.147657,100.000000,100.000000,0.000000,0.000000,2,4,4,0.0000,0.0000,0.0000,0.5000,"Accelerate",-0.027307
2594,A0100,pursuit_chase_v1,UNKNOWN,16220.368918,29516.882752,2883.117248,3033.107593,31531.719740,16753.723053,526.801775,29039.610083,187.451399,6532.780208,-43.595020,0.006898,False,False,False,False,True,True,True,1-circle,1.000000,4531.852197,18968.977840,-0.234382,-0.006478,100.000000,100.000000,0.000000,0.000000,2,5,4,0.0000,0.0000,0.0000,0.5000,"PursuitChaseOptimal",0.015562
2594,B0100,aggressive,UNKNOWN,16220.368918,29516.882752,2883.117248,3033.107593,31531.719740,16753.723053,526.801775,29039.610083,187.451399,6532.780208,-43.595020,0.006898,False,False,False,False,True,True,True,1-circle,1.000000,4531.852197,18968.977840,-0.234382,-0.006478,100.000000,100.000000,0.000000,0.000000,2,4,4,0.0000,0.0000,0.0000,0.5000,"Accelerate",-0.019966
2595,A0100,pursuit_chase_v1,UNKNOWN,16220.368918,29516.882752,2883.117248,3033.107593,31531.719740,16753.723053,526.801775,29039.610083,187.451399,6532.780208,-43.595020,0.006898,False,False,False,False,True,True,True,1-circle,1.000000,4531.852197,18968.977840,-0.234382,-0.006478,100.000000,100.000000,0.000000,0.000000,2,5,4,0.0000,0.0000,0.0000,0.5000,"PursuitChaseOptimal",0.004055
2595,B0100,aggressive,UNKNOWN,16220.368918,29516.882752,2883.117248,3033.107593,31531.719740,16753.723053,526.801775,29039.610083,187.451399,6532.780208,-43.595020,0.006898,False,False,False,False,True,True,True,1-circle,1.000000,4531.852197,18968.977840,-0.234382,-0.006478,100.000000,100.000000,0.000000,0.000000,2,4,4,0.0000,0.0000,0.0000,0.5000,"Accelerate",-0.008907
2596,A0100,pursuit_chase_v1,UNKNOWN,16228.270572,29522.534217,2877.465783,3027.124892,31550.921160,16754.305963,526.894603,29044.523185,98.262031,6507.473460,-43.676262,0.005004,False,False,False,False,True,True,True,1-circle,1.000000,4532.803310,19040.882770,0.170076,-0.255600,100.000000,100.000000,0.000000,0.000000,2,5,4,0.0000,0.0000,0.0000,0.5000,"PursuitChaseOptimal",-0.009140
2596,B0100,aggressive,UNKNOWN,16228.270572,29522.534217,2877.465783,3027.124892,31550.921160,16754.305963,526.894603,29044.523185,98.262031,6507.473460,-43.676262,0.005004,False,False,False,False,True,True,True,1-circle,1.000000,4532.803310,19040.882770,0.170076,-0.255600,100.000000,100.000000,0.000000,0.000000,2,4,4,0.0000,0.0000,0.0000,0.5000,"Accelerate",0.003532
2597,A0100,pursuit_chase_v1,UNKNOWN,16228.270572,29522.534217,2877.465783,3027.124892,31550.921160,16754.305963,526.894603,29044.523185,98.262031,6507.473460,-43.676262,0.005004,False,False,False,False,True,True,True,1-circle,1.000000,4532.803310,19040.882770,0.170076,-0.255600,100.000000,100.000000,0.000000,0.000000,2,5,4,0.0000,0.0000,0.0000,0.5000,"PursuitChaseOptimal",-0.014145
2597,B0100,aggressive,UNKNOWN,16228.270572,29522.534217,2877.465783,3027.124892,31550.921160,16754.305963,526.894603,29044.523185,98.262031,6507.473460,-43.676262,0.005004,False,False,False,False,True,True,True,1-circle,1.000000,4532.803310,19040.882770,0.170076,-0.255600,100.000000,100.000000,0.000000,0.000000,2,4,4,0.0000,0.0000,0.0000,0.5000,"Accelerate",0.007781
2598,A0100,pursuit_chase_v1,UNKNOWN,16236.117479,29530.775627,2869.224373,2993.366049,31569.369238,16754.939675,526.951647,29047.818233,65.900953,6492.808229,-43.065578,0.029850,False,False,False,False,True,True,True,1-circle,1.000000,4533.690228,18826.743526,-1.014501,-0.024043,100.000000,100.000000,0.000000,0.000000,2,5,4,0.0000,0.0000,0.0000,0.5000,"PursuitChaseOptimal",-0.030004
2598,B0100,aggressive,UNKNOWN,16236.117479,29530.775627,2869.224373,2993.366049,31569.369238,16754.939675,526.951647,29047.818233,65.900953,6492.808229,-43.065578,0.029850,False,False,False,False,True,True,True,1-circle,1.000000,4533.690228,18826.743526,-1.014501,-0.024043,100.000000,100.000000,0.000000,0.000000,2,4,4,0.0000,0.0000,0.0000,0.5000,"Accelerate",0.022374
2599,A0100,pursuit_chase_v1,UNKNOWN,16236.117479,29530.775627,2869.224373,2993.366049,31569.369238,16754.939675,526.951647,29047.818233,65.900953,6492.808229,-43.065578,0.029850,False,False,False,False,True,True,True,1-circle,1.000000,4533.690228,18826.743526,-1.014501,-0.024043,100.000000,100.000000,0.000000,0.000000,2,5,4,0.0000,0.0000,0.0000,0.5000,"PursuitChaseOptimal",-0.031613
2599,B0100,aggressive,UNKNOWN,16236.117479,29530.775627,2869.224373,2993.366049,31569.369238,16754.939675,526.951647,29047.818233,65.900953,6492.808229,-43.065578,0.029850,False,False,False,False,True,True,True,1-circle,1.000000,4533.690228,18826.743526,-1.014501,-0.024043,100.000000,100.000000,0.000000,0.000000,2,4,4,0.0000,0.0000,0.0000,0.5000,"Accelerate",0.024319
2600,A0100,pursuit_chase_v1,UNKNOWN,16243.885540,29536.314728,2863.685272,2916.114793,31589.510572,16755.535844,527.033489,29052.233171,88.298768,6489.168023,-41.417641,0.016961,False,False,False,False,True,True,True,1-circle,1.000000,4535.036397,18904.951555,-0.576573,-0.175403,100.000000,100.000000,0.000000,0.000000,2,5,4,0.0000,0.0000,0.0000,0.5000,"PursuitChaseOptimal",-0.029291
2600,B0100,aggressive,UNKNOWN,16243.885540,29536.314728,2863.685272,2916.114793,31589.510572,16755.535844,527.033489,29052.233171,88.298768,6489.168023,-41.417641,0.016961,False,False,False,False,True,True,True,1-circle,1.000000,4535.036397,18904.951555,-0.576573,-0.175403,100.000000,100.000000,0.000000,0.000000,2,4,4,0.0000,0.0000,0.0000,0.5000,"Accelerate",0.022290
2601,A0100,pursuit_chase_v1,UNKNOWN,16243.885540,29536.314728,2863.685272,2916.114793,31589.510572,16755.535844,527.033489,29052.233171,88.298768,6489.168023,-41.417641,0.016961,False,False,False,False,True,True,True,1-circle,1.000000,4535.036397,18904.951555,-0.576573,-0.175403,100.000000,100.000000,0.000000,0.000000,2,5,4,0.0000,0.0000,0.0000,0.5000,"PursuitChaseOptimal",-0.027658
2601,B0100,aggressive,UNKNOWN,16243.885540,29536.314728,2863.685272,2916.114793,31589.510572,16755.535844,527.033489,29052.233171,88.298768,6489.168023,-41.417641,0.016961,False,False,False,False,True,True,True,1-circle,1.000000,4535.036397,18904.951555,-0.576573,-0.175403,100.000000,100.000000,0.000000,0.000000,2,4,4,0.0000,0.0000,0.0000,0.5000,"Accelerate",0.020268
2602,A0100,pursuit_chase_v1,UNKNOWN,16251.525467,29541.844581,2858.155419,2815.294570,31607.235257,16756.183636,527.088155,29055.431986,63.976292,6500.295967,-39.544665,0.051986,False,False,False,False,True,True,True,1-circle,1.000000,4537.061066,18690.511301,-1.766880,-0.087744,100.000000,100.000000,0.000000,0.000000,2,4,4,0.0000,0.0000,0.0000,0.5000,"PursuitChaseOptimal",-0.022750
2602,B0100,aggressive,UNKNOWN,16251.525467,29541.844581,2858.155419,2815.294570,31607.235257,16756.183636,527.088155,29055.431986,63.976292,6500.295967,-39.544665,0.051986,False,False,False,False,True,True,True,1-circle,1.000000,4537.061066,18690.511301,-1.766880,-0.087744,100.000000,100.000000,0.000000,0.000000,2,4,4,0.0000,0.0000,0.0000,0.5000,"Accelerate",0.015324
2603,A0100,pursuit_chase_v1,UNKNOWN,16251.525467,29541.844581,2858.155419,2815.294570,31607.235257,16756.183636,527.088155,29055.431986,63.976292,6500.295967,-39.544665,0.051986,False,False,False,False,True,True,True,1-circle,1.000000,4537.061066,18690.511301,-1.766880,-0.087744,100.000000,100.000000,0.000000,0.000000,2,4,4,0.0000,0.0000,0.0000,0.5000,"PursuitChaseOptimal",-0.027065
2603,B0100,aggressive,UNKNOWN,16251.525467,29541.844581,2858.155419,2815.294570,31607.235257,16756.183636,527.088155,29055.431986,63.976292,6500.295967,-39.544665,0.051986,False,False,False,False,True,True,True,1-circle,1.000000,4537.061066,18690.511301,-1.766880,-0.087744,100.000000,100.000000,0.000000,0.000000,2,4,4,0.0000,0.0000,0.0000,0.5000,"Accelerate",0.019574
2604,A0100,pursuit_chase_v1,UNKNOWN,16259.091327,29535.700203,2864.299797,2708.900123,31624.793381,16756.738302,527.303284,29066.028502,211.930317,6531.761879,-37.809109,0.023499,False,False,False,False,True,True,True,1-circle,1.000000,4539.950113,19152.749484,0.799173,-0.280611,100.000000,100.000000,0.000000,0.000000,2,4,4,0.0000,0.0000,0.0000,0.5000,"PursuitChaseOptimal",-0.028959
2604,B0100,aggressive,UNKNOWN,16259.091327,29535.700203,2864.299797,2708.900123,31624.793381,16756.738302,527.303284,29066.028502,211.930317,6531.761879,-37.809109,0.023499,False,False,False,False,True,True,True,1-circle,1.000000,4539.950113,19152.749484,0.799173,-0.280611,100.000000,100.000000,0.000000,0.000000,2,4,4,0.0000,0.0000,0.0000,0.5000,"Accelerate",0.021731
2605,A0100,pursuit_chase_v1,UNKNOWN,16259.091327,29535.700203,2864.299797,2708.900123,31624.793381,16756.738302,527.303284,29066.028502,211.930317,6531.761879,-37.809109,0.023499,False,False,False,False,True,True,True,1-circle,1.000000,4539.950113,19152.749484,0.799173,-0.280611,100.000000,100.000000,0.000000,0.000000,2,4,4,0.0000,0.0000,0.0000,0.5000,"PursuitChaseOptimal",-0.027848
2605,B0100,aggressive,UNKNOWN,16259.091327,29535.700203,2864.299797,2708.900123,31624.793381,16756.738302,527.303284,29066.028502,211.930317,6531.761879,-37.809109,0.023499,False,False,False,False,True,True,True,1-circle,1.000000,4539.950113,19152.749484,0.799173,-0.280611,100.000000,100.000000,0.000000,0.000000,2,4,4,0.0000,0.0000,0.0000,0.5000,"Accelerate",0.020883
2606,A0100,pursuit_chase_v1,UNKNOWN,16266.580029,29544.646758,2855.353242,2620.537122,31644.040234,16757.269126,527.264400,29064.743982,-25.690392,6542.703566,-36.459784,0.042614,False,False,False,False,True,True,True,1-circle,1.000000,4543.571518,18748.886931,-1.448971,-0.294302,100.000000,100.000000,0.000000,0.000000,2,4,4,0.0000,0.0000,0.0000,0.5000,"PursuitChaseOptimal",-0.020543
2606,B0100,aggressive,UNKNOWN,16266.580029,29544.646758,2855.353242,2620.537122,31644.040234,16757.269126,527.264400,29064.743982,-25.690392,6542.703566,-36.459784,0.042614,False,False,False,False,True,True,True,1-circle,1.000000,4543.571518,18748.886931,-1.448971,-0.294302,100.000000,100.000000,0.000000,0.000000,2,4,4,0.0000,0.0000,0.0000,0.5000,"Accelerate",0.013602
2607,A0100,pursuit_chase_v1,UNKNOWN,16266.580029,29544.646758,2855.353242,2620.537122,31644.040234,16757.269126,527.264400,29064.743982,-25.690392,6542.703566,-36.459784,0.042614,False,False,False,False,True,True,True,1-circle,1.000000,4543.571518,18748.886931,-1.448971,-0.294302,100.000000,100.000000,0.000000,0.000000,2,4,4,0.0000,0.0000,0.0000,0.5000,"PursuitChaseOptimal",-0.010051
2607,B0100,aggressive,UNKNOWN,16266.580029,29544.646758,2855.353242,2620.537122,31644.040234,16757.269126,527.264400,29064.743982,-25.690392,6542.703566,-36.459784,0.042614,False,False,False,False,True,True,True,1-circle,1.000000,4543.571518,18748.886931,-1.448971,-0.294302,100.000000,100.000000,0.000000,0.000000,2,4,4,0.0000,0.0000,0.0000,0.5000,"Accelerate",0.003579
2608,A0100,pursuit_chase_v1,UNKNOWN,16274.033634,29541.237707,2858.762293,2580.638259,31657.915580,16757.801335,527.395696,29071.406424,133.248837,6559.085064,-35.981385,0.000954,False,False,False,False,True,True,True,1-circle,1.000000,4547.638695,19016.621736,0.032446,-0.145593,100.000000,100.000000,0.000000,0.000000,2,4,4,0.0000,0.0000,0.0000,0.5000,"PursuitChaseOptimal",0.000918
2608,B0100,aggressive,UNKNOWN,16274.033634,29541.237707,2858.762293,2580.638259,31657.915580,16757.801335,527.395696,29071.406424,133.248837,6559.085064,-35.981385,0.000954,False,False,False,False,True,True,True,1-circle,1.000000,4547.638695,19016.621736,0.032446,-0.145593,100.000000,100.000000,0.000000,0.000000,2,4,4,0.0000,0.0000,0.0000,0.5000,"Accelerate",-0.006311
2609,A0100,pursuit_chase_v1,UNKNOWN,16274.033634,29541.237707,2858.762293,2580.638259,31657.915580,16757.801335,527.395696,29071.406424,133.248837,6559.085064,-35.981385,0.000954,False,False,False,False,True,True,True,1-circle,1.000000,4547.638695,19016.621736,0.032446,-0.145593,100.000000,100.000000,0.000000,0.000000,2,4,4,0.0000,0.0000,0.0000,0.5000,"PursuitChaseOptimal",0.015714
2609,B0100,aggressive,UNKNOWN,16274.033634,29541.237707,2858.762293,2580.638259,31657.915580,16757.801335,527.395696,29071.406424,133.248837,6559.085064,-35.981385,0.000954,False,False,False,False,True,True,True,1-circle,1.000000,4547.638695,19016.621736,0.032446,-0.145593,100.000000,100.000000,0.000000,0.000000,2,4,4,0.0000,0.0000,0.0000,0.5000,"Accelerate",-0.020091
2610,A0100,pursuit_chase_v1,UNKNOWN,16281.500396,29551.155367,2848.844633,2560.449209,31677.426947,16758.332500,527.375486,29070.993854,-8.251388,6563.766718,-36.345481,0.063989,False,False,False,False,True,True,True,1-circle,1.000000,4551.765239,18620.290656,-2.175610,-0.251410,100.000000,100.000000,0.000000,0.000000,2,4,4,0.0000,0.0000,0.0000,0.5000,"PursuitChaseOptimal",0.010510
2610,B0100,aggressive,UNKNOWN,16281.500396,29551.155367,2848.844633,2560.449209,31677.426947,16758.332500,527.375486,29070.993854,-8.251388,6563.766718,-36.345481,0.063989,False,False,False,False,True,True,True,1-circle,1.000000,4551.765239,18620.290656,-2.175610,-0.251410,100.000000,100.000000,0.000000,0.000000,2,4,4,0.0000,0.0000,0.0000,0.5000,"Accelerate",-0.015699
2611,A0100,pursuit_chase_v1,UNKNOWN,16281.500396,29551.155367,2848.844633,2560.449209,31677.426947,16758.332500,527.375486,29070.993854,-8.251388,6563.766718,-36.345481,0.063989,False,False,False,False,True,True,True,1-circle,1.000000,4551.765239,18620.290656,-2.175610,-0.251410,100.000000,100.000000,0.000000,0.000000,2,4,4,0.0000,0.0000,0.0000,0.5000,"PursuitChaseOptimal",0.005043
2611,B0100,aggressive,UNKNOWN,16281.500396,29551.155367,2848.844633,2560.449209,31677.426947,16758.332500,527.375486,29070.993854,-8.251388,6563.766718,-36.345481,0.063989,False,False,False,False,True,True,True,1-circle,1.000000,4551.765239,18620.290656,-2.175610,-0.251410,100.000000,100.000000,0.000000,0.000000,2,4,4,0.0000,0.0000,0.0000,0.5000,"Accelerate",-0.010933
2612,A0100,pursuit_chase_v1,UNKNOWN,16289.018258,29543.670878,2856.329122,2554.277266,31691.771366,16758.855881,527.559547,29080.113322,182.389352,6589.961201,-36.891806,0.012654,False,False,False,False,True,True,True,1-circle,1.000000,4555.738571,18935.423515,-0.430575,-0.231928,100.000000,100.000000,0.000000,0.000000,2,4,4,0.0000,0.0000,0.0000,0.5000,"PursuitChaseOptimal",-0.004500
2612,B0100,aggressive,UNKNOWN,16289.018258,29543.670878,2856.329122,2554.277266,31691.771366,16758.855881,527.559547,29080.113322,182.389352,6589.961201,-36.891806,0.012654,False,False,False,False,True,True,True,1-circle,1.000000,4555.738571,18935.423515,-0.430575,-0.231928,100.000000,100.000000,0.000000,0.000000,2,4,4,0.0000,0.0000,0.0000,0.5000,"Accelerate",-0.001779
2613,A0100,pursuit_chase_v1,UNKNOWN,16289.018258,29543.670878,2856.329122,2554.277266,31691.771366,16758.855881,527.559547,29080.113322,182.389352,6589.961201,-36.891806,0.012654,False,False,False,False,True,True,True,1-circle,1.000000,4555.738571,18935.423515,-0.430575,-0.231928,100.000000,100.000000,0.000000,0.000000,2,4,4,0.0000,0.0000,0.0000,0.5000,"PursuitChaseOptimal",-0.017920
2613,B0100,aggressive,UNKNOWN,16289.018258,29543.670878,2856.329122,2554.277266,31691.771366,16758.855881,527.559547,29080.113322,182.389352,6589.961201,-36.891806,0.012654,False,False,False,False,True,True,True,1-circle,1.000000,4555.738571,18935.423515,-0.430575,-0.231928,100.000000,100.000000,0.000000,0.000000,2,4,4,0.0000,0.0000,0.0000,0.5000,"Accelerate",0.011194
2614,A0100,pursuit_chase_v1,UNKNOWN,16296.599620,29544.028477,2855.971523,2538.613175,31709.232844,16759.279517,527.631944,29083.918886,76.111277,6595.449310,-36.881750,0.000509,False,False,False,False,True,True,True,1-circle,1.000000,4559.749379,19017.085835,0.017306,-0.440988,100.000000,100.000000,0.000000,0.000000,2,4,4,0.0000,0.0000,0.0000,0.5000,"PursuitChaseOptimal",-0.032304
2614,B0100,aggressive,UNKNOWN,16296.599620,29544.028477,2855.971523,2538.613175,31709.232844,16759.279517,527.631944,29083.918886,76.111277,6595.449310,-36.881750,0.000509,False,False,False,False,True,True,True,1-circle,1.000000,4559.749379,19017.085835,0.017306,-0.440988,100.000000,100.000000,0.000000,0.000000,2,4,4,0.0000,0.0000,0.0000,0.5000,"Accelerate",0.024900
2615,A0100,pursuit_chase_v1,UNKNOWN,16296.599620,29544.028477,2855.971523,2538.613175,31709.232844,16759.279517,527.631944,29083.918886,76.111277,6595.449310,-36.881750,0.000509,False,False,False,False,True,True,True,1-circle,1.000000,4559.749379,19017.085835,0.017306,-0.440988,100.000000,100.000000,0.000000,0.000000,2,4,4,0.0000,0.0000,0.0000,0.5000,"PursuitChaseOptimal",-0.030452
2615,B0100,aggressive,UNKNOWN,16296.599620,29544.028477,2855.971523,2538.613175,31709.232844,16759.279517,527.631944,29083.918886,76.111277,6595.449310,-36.881750,0.000509,False,False,False,False,True,True,True,1-circle,1.000000,4559.749379,19017.085835,0.017306,-0.440988,100.000000,100.000000,0.000000,0.000000,2,4,4,0.0000,0.0000,0.0000,0.5000,"Accelerate",0.022747
2616,A0100,pursuit_chase_v1,UNKNOWN,16304.186638,29547.485506,2852.514494,2525.874547,31724.428708,16759.736329,527.668392,29086.078497,43.192218,6602.498602,-36.730750,0.033768,False,False,False,False,True,True,True,1-circle,1.000000,4563.872593,18808.241932,-1.149130,-0.193221,100.000000,100.000000,0.000000,0.000000,2,4,4,0.0000,0.0000,0.0000,0.5000,"PursuitChaseOptimal",-0.019442
2616,B0100,aggressive,UNKNOWN,16304.186638,29547.485506,2852.514494,2525.874547,31724.428708,16759.736329,527.668392,29086.078497,43.192218,6602.498602,-36.730750,0.033768,False,False,False,False,True,True,True,1-circle,1.000000,4563.872593,18808.241932,-1.149130,-0.193221,100.000000,100.000000,0.000000,0.000000,2,4,4,0.0000,0.0000,0.0000,0.5000,"Accelerate",0.012227
2617,A0100,pursuit_chase_v1,UNKNOWN,16304.186638,29547.485506,2852.514494,2525.874547,31724.428708,16759.736329,527.668392,29086.078497,43.192218,6602.498602,-36.730750,0.033768,False,False,False,False,True,True,True,1-circle,1.000000,4563.872593,18808.241932,-1.149130,-0.193221,100.000000,100.000000,0.000000,0.000000,2,4,4,0.0000,0.0000,0.0000,0.5000,"PursuitChaseOptimal",-0.004950
2617,B0100,aggressive,UNKNOWN,16304.186638,29547.485506,2852.514494,2525.874547,31724.428708,16759.736329,527.668392,29086.078497,43.192218,6602.498602,-36.730750,0.033768,False,False,False,False,True,True,True,1-circle,1.000000,4563.872593,18808.241932,-1.149130,-0.193221,100.000000,100.000000,0.000000,0.000000,2,4,4,0.0000,0.0000,0.0000,0.5000,"Accelerate",-0.001004
2618,A0100,pursuit_chase_v1,UNKNOWN,16311.831149,29549.064868,2850.935132,2517.133652,31741.733629,16760.145467,527.731468,29089.434713,67.124333,6618.553316,-37.051112,0.020175,False,False,False,False,True,True,True,1-circle,1.000000,4568.167977,18892.692488,-0.686691,-0.330591,100.000000,100.000000,0.000000,0.000000,2,4,4,0.0000,0.0000,0.0000,0.5000,"PursuitChaseOptimal",0.015731
2618,B0100,aggressive,UNKNOWN,16311.831149,29549.064868,2850.935132,2517.133652,31741.733629,16760.145467,527.731468,29089.434713,67.124333,6618.553316,-37.051112,0.020175,False,False,False,False,True,True,True,1-circle,1.000000,4568.167977,18892.692488,-0.686691,-0.330591,100.000000,100.000000,0.000000,0.000000,2,4,4,0.0000,0.0000,0.0000,0.5000,"Accelerate",-0.020371
2619,A0100,pursuit_chase_v1,UNKNOWN,16311.831149,29549.064868,2850.935132,2517.133652,31741.733629,16760.145467,527.731468,29089.434713,67.124333,6618.553316,-37.051112,0.020175,False,False,False,False,True,True,True,1-circle,1.000000,4568.167977,18892.692488,-0.686691,-0.330591,100.000000,100.000000,0.000000,0.000000,2,4,4,0.0000,0.0000,0.0000,0.5000,"PursuitChaseOptimal",0.035162
2619,B0100,aggressive,UNKNOWN,16311.831149,29549.064868,2850.935132,2517.133652,31741.733629,16760.145467,527.731468,29089.434713,67.124333,6618.553316,-37.051112,0.020175,False,False,False,False,True,True,True,1-circle,1.000000,4568.167977,18892.692488,-0.686691,-0.330591,100.000000,100.000000,0.000000,0.000000,2,4,4,0.0000,0.0000,0.0000,0.5000,"Accelerate",-0.039123
2620,A0100,pursuit_chase_v1,UNKNOWN,16319.520284,29552.017086,2847.982914,2516.436975,31757.137283,16760.602995,527.768332,29091.614803,43.601803,6628.633745,-37.886749,0.054642,False,False,False,False,True,True,True,1-circle,1.000000,4572.249760,18682.689351,-1.859398,-0.222306,100.000000,100.000000,0.000000,0.000000,2,4,4,0.0000,0.0000,0.0000,0.5000,"PursuitChaseOptimal",0.048672
2620,B0100,aggressive,UNKNOWN,16319.520284,29552.017086,2847.982914,2516.436975,31757.137283,16760.602995,527.768332,29091.614803,43.601803,6628.633745,-37.886749,0.054642,False,False,False,False,True,True,True,1-circle,1.000000,4572.249760,18682.689351,-1.859398,-0.222306,100.000000,100.000000,0.000000,0.000000,2,4,4,0.0000,0.0000,0.0000,0.5000,"Accelerate",-0.052055
2621,A0100,pursuit_chase_v1,UNKNOWN,16319.520284,29552.017086,2847.982914,2516.436975,31757.137283,16760.602995,527.768332,29091.614803,43.601803,6628.633745,-37.886749,0.054642,False,False,False,False,True,True,True,1-circle,1.000000,4572.249760,18682.689351,-1.859398,-0.222306,100.000000,100.000000,0.000000,0.000000,2,4,4,0.0000,0.0000,0.0000,0.5000,"PursuitChaseOptimal",0.054576
2621,B0100,aggressive,UNKNOWN,16319.520284,29552.017086,2847.982914,2516.436975,31757.137283,16760.602995,527.768332,29091.614803,43.601803,6628.633745,-37.886749,0.054642,False,False,False,False,True,True,True,1-circle,1.000000,4572.249760,18682.689351,-1.859398,-0.222306,100.000000,100.000000,0.000000,0.000000,2,4,4,0.0000,0.0000,0.0000,0.5000,"Accelerate",-0.057103
2622,A0100,pursuit_chase_v1,UNKNOWN,16327.291737,29545.061902,2854.938098,2517.615051,31773.123731,16760.968107,527.945799,29100.274130,173.186538,6652.728126,-39.135396,0.021416,False,False,False,False,True,True,True,1-circle,1.000000,4575.951362,19149.491656,0.729209,-0.395897,100.000000,100.000000,0.000000,0.000000,2,4,4,0.0000,0.0000,0.0000,0.5000,"PursuitChaseOptimal",0.039031
2622,B0100,aggressive,UNKNOWN,16327.291737,29545.061902,2854.938098,2517.615051,31773.123731,16760.968107,527.945799,29100.274130,173.186538,6652.728126,-39.135396,0.021416,False,False,False,False,True,True,True,1-circle,1.000000,4575.951362,19149.491656,0.729209,-0.395897,100.000000,100.000000,0.000000,0.000000,2,4,4,0.0000,0.0000,0.0000,0.5000,"Accelerate",-0.041873
2623,A0100,pursuit_chase_v1,UNKNOWN,16327.291737,29545.061902,2854.938098,2517.615051,31773.123731,16760.968107,527.945799,29100.274130,173.186538,6652.728126,-39.135396,0.021416,False,False,False,False,True,True,True,1-circle,1.000000,4575.951362,19149.491656,0.729209,-0.395897,100.000000,100.000000,0.000000,0.000000,2,4,4,0.0000,0.0000,0.0000,0.5000,"PursuitChaseOptimal",0.011432
2623,B0100,aggressive,UNKNOWN,16327.291737,29545.061902,2854.938098,2517.615051,31773.123731,16760.968107,527.945799,29100.274130,173.186538,6652.728126,-39.135396,0.021416,False,False,False,False,True,True,True,1-circle,1.000000,4575.951362,19149.491656,0.729209,-0.395897,100.000000,100.000000,0.000000,0.000000,2,4,4,0.0000,0.0000,0.0000,0.5000,"Accelerate",-0.016076
2624,A0100,pursuit_chase_v1,UNKNOWN,16335.119059,29557.153336,2842.846664,2512.042457,31791.397437,16761.348757,527.920466,29099.470644,-16.069719,6655.481339,-39.984853,0.044396,False,False,False,False,True,True,True,1-circle,1.000000,4579.159958,18746.752884,-1.511344,-0.155689,100.000000,100.000000,0.000000,0.000000,2,4,4,0.0000,0.0000,0.0000,0.5000,"PursuitChaseOptimal",-0.010828
2624,B0100,aggressive,UNKNOWN,16335.119059,29557.153336,2842.846664,2512.042457,31791.397437,16761.348757,527.920466,29099.470644,-16.069719,6655.481339,-39.984853,0.044396,False,False,False,False,True,True,True,1-circle,1.000000,4579.159958,18746.752884,-1.511344,-0.155689,100.000000,100.000000,0.000000,0.000000,2,4,4,0.0000,0.0000,0.0000,0.5000,"Accelerate",0.004153
2625,A0100,pursuit_chase_v1,UNKNOWN,16335.119059,29557.153336,2842.846664,2512.042457,31791.397437,16761.348757,527.920466,29099.470644,-16.069719,6655.481339,-39.984853,0.044396,False,False,False,False,True,True,True,1-circle,1.000000,4579.159958,18746.752884,-1.511344,-0.155689,100.000000,100.000000,0.000000,0.000000,2,4,4,0.0000,0.0000,0.0000,0.5000,"PursuitChaseOptimal",-0.021533
2625,B0100,aggressive,UNKNOWN,16335.119059,29557.153336,2842.846664,2512.042457,31791.397437,16761.348757,527.920466,29099.470644,-16.069719,6655.481339,-39.984853,0.044396,False,False,False,False,True,True,True,1-circle,1.000000,4579.159958,18746.752884,-1.511344,-0.155689,100.000000,100.000000,0.000000,0.000000,2,4,4,0.0000,0.0000,0.0000,0.5000,"Accelerate",0.014033
2626,A0100,pursuit_chase_v1,UNKNOWN,16342.992424,29554.372497,2845.627503,2519.272016,31804.738005,16761.747060,528.063264,29106.544534,141.477794,6666.480574,-40.333137,0.000340,False,False,False,False,True,True,True,1-circle,1.000000,4582.197341,19017.170036,-0.011574,-0.267948,100.000000,100.000000,0.000000,0.000000,2,4,4,0.0000,0.0000,0.0000,0.5000,"PursuitChaseOptimal",-0.013485
2626,B0100,aggressive,UNKNOWN,16342.992424,29554.372497,2845.627503,2519.272016,31804.738005,16761.747060,528.063264,29106.544534,141.477794,6666.480574,-40.333137,0.000340,False,False,False,False,True,True,True,1-circle,1.000000,4582.197341,19017.170036,-0.011574,-0.267948,100.000000,100.000000,0.000000,0.000000,2,4,4,0.0000,0.0000,0.0000,0.5000,"Accelerate",0.006909
2627,A0100,pursuit_chase_v1,UNKNOWN,16342.992424,29554.372497,2845.627503,2519.272016,31804.738005,16761.747060,528.063264,29106.544534,141.477794,6666.480574,-40.333137,0.000340,False,False,False,False,True,True,True,1-circle,1.000000,4582.197341,19017.170036,-0.011574,-0.267948,100.000000,100.000000,0.000000,0.000000,2,4,4,0.0000,0.0000,0.0000,0.5000,"PursuitChaseOptimal",-0.005052
2627,B0100,aggressive,UNKNOWN,16342.992424,29554.372497,2845.627503,2519.272016,31804.738005,16761.747060,528.063264,29106.544534,141.477794,6666.480574,-40.333137,0.000340,False,False,False,False,True,True,True,1-circle,1.000000,4582.197341,19017.170036,-0.011574,-0.267948,100.000000,100.000000,0.000000,0.000000,2,4,4,0.0000,0.0000,0.0000,0.5000,"Accelerate",-0.000772
2628,A0100,pursuit_chase_v1,UNKNOWN,16350.902438,29564.813523,2835.186477,2517.529355,31823.982612,16762.151728,528.015585,29104.720097,-36.488746,6650.835987,-40.505657,0.065132,False,False,False,False,True,True,True,1-circle,1.000000,4585.196625,18620.621420,-2.217046,-0.304125,100.000000,100.000000,0.000000,0.000000,2,4,4,0.0000,0.0000,0.0000,0.5000,"PursuitChaseOptimal",-0.004088
2628,B0100,aggressive,UNKNOWN,16350.902438,29564.813523,2835.186477,2517.529355,31823.982612,16762.151728,528.015585,29104.720097,-36.488746,6650.835987,-40.505657,0.065132,False,False,False,False,True,True,True,1-circle,1.000000,4585.196625,18620.621420,-2.217046,-0.304125,100.000000,100.000000,0.000000,0.000000,2,4,4,0.0000,0.0000,0.0000,0.5000,"Accelerate",-0.002091
2629,A0100,pursuit_chase_v1,UNKNOWN,16350.902438,29564.813523,2835.186477,2517.529355,31823.982612,16762.151728,528.015585,29104.720097,-36.488746,6650.835987,-40.505657,0.065132,False,False,False,False,True,True,True,1-circle,1.000000,4585.196625,18620.621420,-2.217046,-0.304125,100.000000,100.000000,0.000000,0.000000,2,4,4,0.0000,0.0000,0.0000,0.5000,"PursuitChaseOptimal",-0.019473
2629,B0100,aggressive,UNKNOWN,16350.902438,29564.813523,2835.186477,2517.529355,31823.982612,16762.151728,528.015585,29104.720097,-36.488746,6650.835987,-40.505657,0.065132,False,False,False,False,True,True,True,1-circle,1.000000,4585.196625,18620.621420,-2.217046,-0.304125,100.000000,100.000000,0.000000,0.000000,2,4,4,0.0000,0.0000,0.0000,0.5000,"Accelerate",0.011856
2630,A0100,pursuit_chase_v1,UNKNOWN,16358.804476,29559.995567,2840.004433,2521.601397,31838.188709,16762.572541,528.183389,29112.987125,165.340572,6649.275819,-40.606447,0.013408,False,False,False,False,True,True,True,1-circle,1.000000,4588.084792,18937.855843,-0.456735,-0.157452,100.000000,100.000000,0.000000,0.000000,2,4,4,0.0000,0.0000,0.0000,0.5000,"PursuitChaseOptimal",-0.030482
2630,B0100,aggressive,UNKNOWN,16358.804476,29559.995567,2840.004433,2521.601397,31838.188709,16762.572541,528.183389,29112.987125,165.340572,6649.275819,-40.606447,0.013408,False,False,False,False,True,True,True,1-circle,1.000000,4588.084792,18937.855843,-0.456735,-0.157452,100.000000,100.000000,0.000000,0.000000,2,4,4,0.0000,0.0000,0.0000,0.5000,"Accelerate",0.022393
2631,A0100,pursuit_chase_v1,UNKNOWN,16358.804476,29559.995567,2840.004433,2521.601397,31838.188709,16762.572541,528.183389,29112.987125,165.340572,6649.275819,-40.606447,0.013408,False,False,False,False,True,True,True,1-circle,1.000000,4588.084792,18937.855843,-0.456735,-0.157452,100.000000,100.000000,0.000000,0.000000,2,4,4,0.0000,0.0000,0.0000,0.5000,"PursuitChaseOptimal",-0.033396
2631,B0100,aggressive,UNKNOWN,16358.804476,29559.995567,2840.004433,2521.601397,31838.188709,16762.572541,528.183389,29112.987125,165.340572,6649.275819,-40.606447,0.013408,False,False,False,False,True,True,True,1-circle,1.000000,4588.084792,18937.855843,-0.456735,-0.157452,100.000000,100.000000,0.000000,0.000000,2,4,4,0.0000,0.0000,0.0000,0.5000,"Accelerate",0.025509
2632,A0100,pursuit_chase_v1,UNKNOWN,16366.754974,29562.827186,2837.172814,2525.230659,31855.546621,16762.923180,528.254361,29116.657009,73.397673,6648.524476,-40.682721,0.000331,False,False,False,False,True,True,True,1-circle,1.000000,4591.081020,19018.480199,-0.011265,-0.401585,100.000000,100.000000,0.000000,0.000000,2,4,4,0.0000,0.0000,0.0000,0.5000,"PursuitChaseOptimal",-0.014617
2632,B0100,aggressive,UNKNOWN,16366.754974,29562.827186,2837.172814,2525.230659,31855.546621,16762.923180,528.254361,29116.657009,73.397673,6648.524476,-40.682721,0.000331,False,False,False,False,True,True,True,1-circle,1.000000,4591.081020,19018.480199,-0.011265,-0.401585,100.000000,100.000000,0.000000,0.000000,2,4,4,0.0000,0.0000,0.0000,0.5000,"Accelerate",0.008110
2633,A0100,pursuit_chase_v1,UNKNOWN,16366.754974,29562.827186,2837.172814,2525.230659,31855.546621,16762.923180,528.254361,29116.657009,73.397673,6648.524476,-40.682721,0.000331,False,False,False,False,True,True,True,1-circle,1.000000,4591.081020,19018.480199,-0.011265,-0.401585,100.000000,100.000000,0.000000,0.000000,2,4,4,0.0000,0.0000,0.0000,0.5000,"PursuitChaseOptimal",-0.004673
2633,B0100,aggressive,UNKNOWN,16366.754974,29562.827186,2837.172814,2525.230659,31855.546621,16762.923180,528.254361,29116.657009,73.397673,6648.524476,-40.682721,0.000331,False,False,False,False,True,True,True,1-circle,1.000000,4591.081020,19018.480199,-0.011265,-0.401585,100.000000,100.000000,0.000000,0.000000,2,4,4,0.0000,0.0000,0.0000,0.5000,"Accelerate",-0.001643
2634,A0100,pursuit_chase_v1,UNKNOWN,16374.711970,29568.162146,2831.837854,2526.002544,31870.778463,16763.331476,528.290252,29118.744086,41.741531,6635.874325,-40.780932,0.034320,False,False,False,False,True,True,True,1-circle,1.000000,4594.045127,18810.471109,-1.169236,-0.163307,100.000000,100.000000,0.000000,0.000000,2,4,4,0.0000,0.0000,0.0000,0.5000,"PursuitChaseOptimal",0.000332
2634,B0100,aggressive,UNKNOWN,16374.711970,29568.162146,2831.837854,2526.002544,31870.778463,16763.331476,528.290252,29118.744086,41.741531,6635.874325,-40.780932,0.034320,False,False,False,False,True,True,True,1-circle,1.000000,4594.045127,18810.471109,-1.169236,-0.163307,100.000000,100.000000,0.000000,0.000000,2,4,4,0.0000,0.0000,0.0000,0.5000,"Accelerate",-0.006476
2635,A0100,pursuit_chase_v1,UNKNOWN,16374.711970,29568.162146,2831.837854,2526.002544,31870.778463,16763.331476,528.290252,29118.744086,41.741531,6635.874325,-40.780932,0.034320,False,False,False,False,True,True,True,1-circle,1.000000,4594.045127,18810.471109,-1.169236,-0.163307,100.000000,100.000000,0.000000,0.000000,2,4,4,0.0000,0.0000,0.0000,0.5000,"PursuitChaseOptimal",-0.017587
2635,B0100,aggressive,UNKNOWN,16374.711970,29568.162146,2831.837854,2526.002544,31870.778463,16763.331476,528.290252,29118.744086,41.741531,6635.874325,-40.780932,0.034320,False,False,False,False,True,True,True,1-circle,1.000000,4594.045127,18810.471109,-1.169236,-0.163307,100.000000,100.000000,0.000000,0.000000,2,4,4,0.0000,0.0000,0.0000,0.5000,"Accelerate",0.010770
2636,A0100,pursuit_chase_v1,UNKNOWN,16382.664478,29570.995332,2829.004668,2522.481172,31888.200654,16763.708965,528.350526,29121.941026,63.938817,6627.629584,-40.875850,0.020539,False,False,False,False,True,True,True,1-circle,1.000000,4596.947295,18895.356223,-0.699853,-0.311580,100.000000,100.000000,0.000000,0.000000,2,4,4,0.0000,0.0000,0.0000,0.5000,"PursuitChaseOptimal",-0.028671
2636,B0100,aggressive,UNKNOWN,16382.664478,29570.995332,2829.004668,2522.481172,31888.200654,16763.708965,528.350526,29121.941026,63.938817,6627.629584,-40.875850,0.020539,False,False,False,False,True,True,True,1-circle,1.000000,4596.947295,18895.356223,-0.699853,-0.311580,100.000000,100.000000,0.000000,0.000000,2,4,4,0.0000,0.0000,0.0000,0.5000,"Accelerate",0.021284
2637,A0100,pursuit_chase_v1,UNKNOWN,16382.664478,29570.995332,2829.004668,2522.481172,31888.200654,16763.708965,528.350526,29121.941026,63.938817,6627.629584,-40.875850,0.020539,False,False,False,False,True,True,True,1-circle,1.000000,4596.947295,18895.356223,-0.699853,-0.311580,100.000000,100.000000,0.000000,0.000000,2,4,4,0.0000,0.0000,0.0000,0.5000,"PursuitChaseOptimal",-0.036460
2637,B0100,aggressive,UNKNOWN,16382.664478,29570.995332,2829.004668,2522.481172,31888.200654,16763.708965,528.350526,29121.941026,63.938817,6627.629584,-40.875850,0.020539,False,False,False,False,True,True,True,1-circle,1.000000,4596.947295,18895.356223,-0.699853,-0.311580,100.000000,100.000000,0.000000,0.000000,2,4,4,0.0000,0.0000,0.0000,0.5000,"Accelerate",0.028081
2638,A0100,pursuit_chase_v1,UNKNOWN,16390.624280,29574.728491,2825.271509,2523.512155,31903.699559,16764.145860,528.383888,29123.938679,39.953043,6624.621226,-40.835056,0.054799,False,False,False,False,True,True,True,1-circle,1.000000,4599.834874,18685.693715,-1.866826,-0.215351,100.000000,100.000000,0.000000,0.000000,2,4,4,0.0000,0.0000,0.0000,0.5000,"PursuitChaseOptimal",-0.033040
2638,B0100,aggressive,UNKNOWN,16390.624280,29574.728491,2825.271509,2523.512155,31903.699559,16764.145860,528.383888,29123.938679,39.953043,6624.621226,-40.835056,0.054799,False,False,False,False,True,True,True,1-circle,1.000000,4599.834874,18685.693715,-1.866826,-0.215351,100.000000,100.000000,0.000000,0.000000,2,4,4,0.0000,0.0000,0.0000,0.5000,"Accelerate",0.024531
2639,A0100,pursuit_chase_v1,UNKNOWN,16390.624280,29574.728491,2825.271509,2523.512155,31903.699559,16764.145860,528.383888,29123.938679,39.953043,6624.621226,-40.835056,0.054799,False,False,False,False,True,True,True,1-circle,1.000000,4599.834874,18685.693715,-1.866826,-0.215351,100.000000,100.000000,0.000000,0.000000,2,4,4,0.0000,0.0000,0.0000,0.5000,"PursuitChaseOptimal",-0.030613
2639,B0100,aggressive,UNKNOWN,16390.624280,29574.728491,2825.271509,2523.512155,31903.699559,16764.145860,528.383888,29123.938679,39.953043,6624.621226,-40.835056,0.054799,False,False,False,False,True,True,True,1-circle,1.000000,4599.834874,18685.693715,-1.866826,-0.215351,100.000000,100.000000,0.000000,0.000000,2,4,4,0.0000,0.0000,0.0000,0.5000,"Accelerate",0.022573
2640,A0100,pursuit_chase_v1,UNKNOWN,16398.627162,29567.769338,2832.230662,2526.765329,31919.729391,16764.496872,528.556799,29132.380390,168.834236,6626.976565,-40.737573,0.021418,False,False,False,False,True,True,True,1-circle,1.000000,4602.940847,19153.655244,0.730079,-0.394250,100.000000,100.000000,0.000000,0.000000,2,4,4,0.0000,0.0000,0.0000,0.5000,"PursuitChaseOptimal",-0.012686
2640,B0100,aggressive,UNKNOWN,16398.627162,29567.769338,2832.230662,2526.765329,31919.729391,16764.496872,528.556799,29132.380390,168.834236,6626.976565,-40.737573,0.021418,False,False,False,False,True,True,True,1-circle,1.000000,4602.940847,19153.655244,0.730079,-0.394250,100.000000,100.000000,0.000000,0.000000,2,4,4,0.0000,0.0000,0.0000,0.5000,"Accelerate",0.006243
2641,A0100,pursuit_chase_v1,UNKNOWN,16398.627162,29567.769338,2832.230662,2526.765329,31919.729391,16764.496872,528.556799,29132.380390,168.834236,6626.976565,-40.737573,0.021418,False,False,False,False,True,True,True,1-circle,1.000000,4602.940847,19153.655244,0.730079,-0.394250,100.000000,100.000000,0.000000,0.000000,2,4,4,0.0000,0.0000,0.0000,0.5000,"PursuitChaseOptimal",-0.002736
2641,B0100,aggressive,UNKNOWN,16398.627162,29567.769338,2832.230662,2526.765329,31919.729391,16764.496872,528.556799,29132.380390,168.834236,6626.976565,-40.737573,0.021418,False,False,False,False,True,True,True,1-circle,1.000000,4602.940847,19153.655244,0.730079,-0.394250,100.000000,100.000000,0.000000,0.000000,2,4,4,0.0000,0.0000,0.0000,0.5000,"Accelerate",-0.003121
2642,A0100,pursuit_chase_v1,UNKNOWN,16406.629476,29579.502774,2820.497226,2522.184617,31938.027872,16764.867973,528.525737,29131.297849,-21.650821,6605.608537,-40.799396,0.044460,False,False,False,False,True,True,True,1-circle,1.000000,4606.051233,18750.033526,-1.515193,-0.154786,100.000000,100.000000,0.000000,0.000000,2,4,4,0.0000,0.0000,0.0000,0.5000,"PursuitChaseOptimal",0.010713
2642,B0100,aggressive,UNKNOWN,16406.629476,29579.502774,2820.497226,2522.184617,31938.027872,16764.867973,528.525737,29131.297849,-21.650821,6605.608537,-40.799396,0.044460,False,False,False,False,True,True,True,1-circle,1.000000,4606.051233,18750.033526,-1.515193,-0.154786,100.000000,100.000000,0.000000,0.000000,3,8,0,0.0000,0.0000,0.0000,0.5000,"Pursue",-0.016267
2643,A0100,pursuit_chase_v1,UNKNOWN,16406.629476,29579.502774,2820.497226,2522.184617,31938.027872,16764.867973,528.525737,29131.297849,-21.650821,6605.608537,-40.799396,0.044460,False,False,False,False,True,True,True,1-circle,1.000000,4606.051233,18750.033526,-1.515193,-0.154786,100.000000,100.000000,0.000000,0.000000,2,4,4,0.0000,0.0000,0.0000,0.5000,"PursuitChaseOptimal",0.015518
2643,B0100,aggressive,UNKNOWN,16406.629476,29579.502774,2820.497226,2522.184617,31938.027872,16764.867973,528.525737,29131.297849,-21.650821,6605.608537,-40.799396,0.044460,False,False,False,False,True,True,True,1-circle,1.000000,4606.051233,18750.033526,-1.515193,-0.154786,100.000000,100.000000,0.000000,0.000000,3,8,0,0.0000,0.0000,0.0000,0.5000,"Pursue",-0.020983
2644,A0100,pursuit_chase_v1,UNKNOWN,16414.598747,29576.073659,2823.926341,2518.457079,31953.674637,16765.265533,528.777729,29143.490423,243.851475,6594.901848,-40.971680,0.033318,False,False,False,False,True,True,True,1-circle,1.000000,4608.972385,19227.690626,1.136079,-0.173505,100.000000,100.000000,0.000000,0.000000,2,4,4,0.0000,0.0000,0.0000,0.5000,"PursuitChaseOptimal",-0.002734
2644,B0100,aggressive,UNKNOWN,16414.598747,29576.073659,2823.926341,2518.457079,31953.674637,16765.265533,528.777729,29143.490423,243.851475,6594.901848,-40.971680,0.033318,False,False,False,False,True,True,True,1-circle,1.000000,4608.972385,19227.690626,1.136079,-0.173505,100.000000,100.000000,0.000000,0.000000,3,8,0,0.0000,0.0000,0.0000,0.5000,"Pursue",-0.003704
2645,A0100,pursuit_chase_v1,UNKNOWN,16414.598747,29576.073659,2823.926341,2518.457079,31953.674637,16765.265533,528.777729,29143.490423,243.851475,6594.901848,-40.971680,0.033318,False,False,False,False,True,True,True,1-circle,1.000000,4608.972385,19227.690626,1.136079,-0.173505,100.000000,100.000000,0.000000,0.000000,2,4,4,0.0000,0.0000,0.0000,0.5000,"PursuitChaseOptimal",-0.013787
2645,B0100,aggressive,UNKNOWN,16414.598747,29576.073659,2823.926341,2518.457079,31953.674637,16765.265533,528.777729,29143.490423,243.851475,6594.901848,-40.971680,0.033318,False,False,False,False,True,True,True,1-circle,1.000000,4608.972385,19227.690626,1.136079,-0.173505,100.000000,100.000000,0.000000,0.000000,3,8,0,0.0000,0.0000,0.0000,0.5000,"Pursue",0.007340
2646,A0100,pursuit_chase_v1,UNKNOWN,16422.577411,29579.117934,2820.882066,2518.277561,31966.494265,16765.604133,529.053995,29156.766692,265.525373,6595.878023,-41.214657,0.285336,False,False,False,False,True,True,True,1-circle,1.000000,4611.800625,20759.388345,9.643408,0.576194,100.000000,100.000000,0.000000,0.000000,2,5,4,0.0000,0.0000,0.0000,0.5000,"PursuitChaseOptimal",-0.018917
2646,B0100,aggressive,UNKNOWN,16422.577411,29579.117934,2820.882066,2518.277561,31966.494265,16765.604133,529.053995,29156.766692,265.525373,6595.878023,-41.214657,0.285336,False,False,False,False,True,True,True,1-circle,1.000000,4611.800625,20759.388345,9.643408,0.576194,100.000000,100.000000,0.000000,0.000000,3,8,0,0.0000,0.0000,0.0000,0.5000,"Pursue",0.013564
2647,A0100,pursuit_chase_v1,UNKNOWN,16422.577411,29579.117934,2820.882066,2518.277561,31966.494265,16765.604133,529.053995,29156.766692,265.525373,6595.878023,-41.214657,0.285336,False,False,False,False,True,True,True,1-circle,1.000000,4611.800625,20759.388345,9.643408,0.576194,100.000000,100.000000,0.000000,0.000000,2,5,4,0.0000,0.0000,0.0000,0.5000,"PursuitChaseOptimal",0.004039
2647,B0100,aggressive,UNKNOWN,16422.577411,29579.117934,2820.882066,2518.277561,31966.494265,16765.604133,529.053995,29156.766692,265.525373,6595.878023,-41.214657,0.285336,False,False,False,False,True,True,True,1-circle,1.000000,4611.800625,20759.388345,9.643408,0.576194,100.000000,100.000000,0.000000,0.000000,3,8,0,0.0000,0.0000,0.0000,0.5000,"Pursue",-0.006677
2648,A0100,pursuit_chase_v1,UNKNOWN,16430.567847,29635.795415,2764.204585,2529.548300,31963.479550,16766.231792,529.235750,29165.909693,182.860025,6589.292195,-42.274980,0.592176,False,False,False,False,True,True,True,1-circle,1.000000,4614.320978,22521.260143,19.430454,3.303294,100.000000,100.000000,0.000000,0.000000,2,5,4,0.0000,0.0000,0.0000,0.5000,"PursuitChaseOptimal",0.028223
2648,B0100,aggressive,UNKNOWN,16430.567847,29635.795415,2764.204585,2529.548300,31963.479550,16766.231792,529.235750,29165.909693,182.860025,6589.292195,-42.274980,0.592176,False,False,False,False,True,True,True,1-circle,1.000000,4614.320978,22521.260143,19.430454,3.303294,100.000000,100.000000,0.000000,0.000000,3,8,0,0.0000,0.0000,0.0000,0.5000,"Pursue",-0.028378
2649,A0100,pursuit_chase_v1,UNKNOWN,16430.567847,29635.795415,2764.204585,2529.548300,31963.479550,16766.231792,529.235750,29165.909693,182.860025,6589.292195,-42.274980,0.592176,False,False,False,False,True,True,True,1-circle,1.000000,4614.320978,22521.260143,19.430454,3.303294,100.000000,100.000000,0.000000,0.000000,2,5,4,0.0000,0.0000,0.0000,0.5000,"PursuitChaseOptimal",0.051223
2649,B0100,aggressive,UNKNOWN,16430.567847,29635.795415,2764.204585,2529.548300,31963.479550,16766.231792,529.235750,29165.909693,182.860025,6589.292195,-42.274980,0.592176,False,False,False,False,True,True,True,1-circle,1.000000,4614.320978,22521.260143,19.430454,3.303294,100.000000,100.000000,0.000000,0.000000,3,8,0,0.0000,0.0000,0.0000,0.5000,"Pursue",-0.049338
2650,A0100,pursuit_chase_v1,UNKNOWN,16438.528433,29728.419590,2671.580410,2573.901783,31928.448240,16767.737547,529.404871,29175.341543,188.637008,6572.700768,-44.330847,0.933938,False,False,False,False,True,True,True,1-circle,1.000000,4615.709370,24260.701667,29.096479,5.638756,100.000000,100.000000,0.000000,0.000000,2,5,4,0.0000,0.0000,0.0000,0.5000,"PursuitChaseOptimal",0.072785
2650,B0100,aggressive,UNKNOWN,16438.528433,29728.419590,2671.580410,2573.901783,31928.448240,16767.737547,529.404871,29175.341543,188.637008,6572.700768,-44.330847,0.933938,False,False,False,False,True,True,True,1-circle,1.000000,4615.709370,24260.701667,29.096479,5.638756,100.000000,100.000000,0.000000,0.000000,3,8,0,0.0000,0.0000,0.0000,0.5000,"Pursue",-0.069014
2651,A0100,pursuit_chase_v1,UNKNOWN,16438.528433,29728.419590,2671.580410,2573.901783,31928.448240,16767.737547,529.404871,29175.341543,188.637008,6572.700768,-44.330847,0.933938,False,False,False,False,True,True,True,1-circle,1.000000,4615.709370,24260.701667,29.096479,5.638756,100.000000,100.000000,0.000000,0.000000,2,5,4,0.0000,0.0000,0.0000,0.5000,"PursuitChaseOptimal",0.078678
2651,B0100,aggressive,UNKNOWN,16438.528433,29728.419590,2671.580410,2573.901783,31928.448240,16767.737547,529.404871,29175.341543,188.637008,6572.700768,-44.330847,0.933938,False,False,False,False,True,True,True,1-circle,1.000000,4615.709370,24260.701667,29.096479,5.638756,100.000000,100.000000,0.000000,0.000000,3,8,0,0.0000,0.0000,0.0000,0.5000,"Pursue",-0.074013
2652,A0100,pursuit_chase_v1,UNKNOWN,16446.363382,29818.563679,2581.436321,2665.958366,31864.256339,16770.337369,529.216413,29169.109214,-124.646583,6521.723279,-46.348631,1.364537,False,False,False,False,True,True,True,1-circle,1.000000,4615.356781,26061.008510,39.106105,6.336652,100.000000,100.000000,0.000000,0.000000,2,5,4,0.0000,0.0000,0.0000,0.5000,"PursuitChaseOptimal",0.064543
2652,B0100,aggressive,UNKNOWN,16446.363382,29818.563679,2581.436321,2665.958366,31864.256339,16770.337369,529.216413,29169.109214,-124.646583,6521.723279,-46.348631,1.364537,False,False,False,False,True,True,True,1-circle,1.000000,4615.356781,26061.008510,39.106105,6.336652,100.000000,100.000000,0.000000,0.000000,3,8,0,0.0000,0.0000,0.0000,0.5000,"Pursue",-0.060335
2653,A0100,pursuit_chase_v1,UNKNOWN,16446.363382,29818.563679,2581.436321,2665.958366,31864.256339,16770.337369,529.216413,29169.109214,-124.646583,6521.723279,-46.348631,1.364537,False,False,False,False,True,True,True,1-circle,1.000000,4615.356781,26061.008510,39.106105,6.336652,100.000000,100.000000,0.000000,0.000000,2,5,4,0.0000,0.0000,0.0000,0.5000,"PursuitChaseOptimal",0.046020
2653,B0100,aggressive,UNKNOWN,16446.363382,29818.563679,2581.436321,2665.958366,31864.256339,16770.337369,529.216413,29169.109214,-124.646583,6521.723279,-46.348631,1.364537,False,False,False,False,True,True,True,1-circle,1.000000,4615.356781,26061.008510,39.106105,6.336652,100.000000,100.000000,0.000000,0.000000,3,8,0,0.0000,0.0000,0.0000,0.5000,"Pursue",-0.042900
2654,A0100,pursuit_chase_v1,UNKNOWN,16454.013330,29893.063066,2506.936934,2796.572456,31771.598674,16773.991016,528.750090,29150.921934,-363.745608,6469.747674,-47.888884,1.953297,False,False,False,False,True,True,True,1-circle,1.000000,4613.201461,27893.819244,49.301901,6.988764,100.000000,100.000000,0.000000,0.000000,2,5,4,0.0000,0.0000,0.0000,0.5000,"PursuitChaseOptimal",0.023479
2654,B0100,aggressive,UNKNOWN,16454.013330,29893.063066,2506.936934,2796.572456,31771.598674,16773.991016,528.750090,29150.921934,-363.745608,6469.747674,-47.888884,1.953297,False,False,False,False,True,True,True,1-circle,1.000000,4613.201461,27893.819244,49.301901,6.988764,100.000000,100.000000,0.000000,0.000000,3,8,0,0.0000,0.0000,0.0000,0.5000,"Pursue",-0.021349
2655,A0100,pursuit_chase_v1,UNKNOWN,16454.013330,29893.063066,2506.936934,2796.572456,31771.598674,16773.991016,528.750090,29150.921934,-363.745608,6469.747674,-47.888884,1.953297,False,False,False,False,True,True,True,1-circle,1.000000,4613.201461,27893.819244,49.301901,6.988764,100.000000,100.000000,0.000000,0.000000,2,5,4,0.0000,0.0000,0.0000,0.5000,"PursuitChaseOptimal",0.008231
2655,B0100,aggressive,UNKNOWN,16454.013330,29893.063066,2506.936934,2796.572456,31771.598674,16773.991016,528.750090,29150.921934,-363.745608,6469.747674,-47.888884,1.953297,False,False,False,False,True,True,True,1-circle,1.000000,4613.201461,27893.819244,49.301901,6.988764,100.000000,100.000000,0.000000,0.000000,3,8,0,0.0000,0.0000,0.0000,0.5000,"Pursue",-0.006839
2656,A0100,pursuit_chase_v1,UNKNOWN,16461.442202,29959.284571,2440.715429,2929.210765,31652.097911,16778.662259,528.134445,29126.788053,-482.677613,6407.296768,-48.043972,2.325779,False,False,False,False,True,True,True,1-circle,1.000000,4609.625819,28759.754431,54.130477,7.692900,100.000000,100.000000,0.000000,0.000000,2,5,4,0.0000,0.0000,0.0000,0.5000,"PursuitChaseOptimal",-0.015429
2656,B0100,aggressive,UNKNOWN,16461.442202,29959.284571,2440.715429,2929.210765,31652.097911,16778.662259,528.134445,29126.788053,-482.677613,6407.296768,-48.043972,2.325779,False,False,False,False,True,True,True,1-circle,1.000000,4609.625819,28759.754431,54.130477,7.692900,100.000000,100.000000,0.000000,0.000000,3,8,0,0.0000,0.0000,0.0000,0.5000,"Pursue",0.015154
2657,A0100,pursuit_chase_v1,UNKNOWN,16461.442202,29959.284571,2440.715429,2929.210765,31652.097911,16778.662259,528.134445,29126.788053,-482.677613,6407.296768,-48.043972,2.325779,False,False,False,False,True,True,True,1-circle,1.000000,4609.625819,28759.754431,54.130477,7.692900,100.000000,100.000000,0.000000,0.000000,2,5,4,0.0000,0.0000,0.0000,0.5000,"PursuitChaseOptimal",-0.021260
2657,B0100,aggressive,UNKNOWN,16461.442202,29959.284571,2440.715429,2929.210765,31652.097911,16778.662259,528.134445,29126.788053,-482.677613,6407.296768,-48.043972,2.325779,False,False,False,False,True,True,True,1-circle,1.000000,4609.625819,28759.754431,54.130477,7.692900,100.000000,100.000000,0.000000,0.000000,3,8,0,0.0000,0.0000,0.0000,0.5000,"Pursue",0.020785
2658,A0100,pursuit_chase_v1,UNKNOWN,16468.482934,30005.052766,2394.947234,3020.835998,31514.282305,16784.349947,527.363106,29096.433245,-607.096159,6340.062174,-46.210000,2.665203,False,False,False,False,True,True,True,1-circle,1.000000,4605.234911,29401.486864,57.715686,8.148562,100.000000,100.000000,0.000000,0.000000,2,5,4,0.0000,0.0000,0.0000,0.5000,"PursuitChaseOptimal",-0.019625
2658,B0100,aggressive,UNKNOWN,16468.482934,30005.052766,2394.947234,3020.835998,31514.282305,16784.349947,527.363106,29096.433245,-607.096159,6340.062174,-46.210000,2.665203,False,False,False,False,True,True,True,1-circle,1.000000,4605.234911,29401.486864,57.715686,8.148562,100.000000,100.000000,0.000000,0.000000,3,8,0,0.0000,0.0000,0.0000,0.5000,"Pursue",0.019438
2659,A0100,pursuit_chase_v1,UNKNOWN,16468.482934,30005.052766,2394.947234,3020.835998,31514.282305,16784.349947,527.363106,29096.433245,-607.096159,6340.062174,-46.210000,2.665203,False,False,False,False,True,True,True,1-circle,1.000000,4605.234911,29401.486864,57.715686,8.148562,100.000000,100.000000,0.000000,0.000000,2,5,4,0.0000,0.0000,0.0000,0.5000,"PursuitChaseOptimal",-0.020429
2659,B0100,aggressive,UNKNOWN,16468.482934,30005.052766,2394.947234,3020.835998,31514.282305,16784.349947,527.363106,29096.433245,-607.096159,6340.062174,-46.210000,2.665203,False,False,False,False,True,True,True,1-circle,1.000000,4605.234911,29401.486864,57.715686,8.148562,100.000000,100.000000,0.000000,0.000000,3,8,0,0.0000,0.0000,0.0000,0.5000,"Pursue",0.020316
2660,A0100,pursuit_chase_v1,UNKNOWN,16475.035174,30029.163990,2370.836010,3085.073775,31368.094636,16790.971591,526.540990,29064.697733,-634.710255,6279.884305,-43.534942,3.093940,False,False,False,False,True,True,True,1-circle,1.000000,4600.559972,30062.867197,61.410449,8.508768,100.000000,100.000000,0.000000,0.000000,2,4,4,0.0000,0.0000,0.0000,0.5000,"PursuitChaseOptimal",-0.015548
2660,B0100,aggressive,UNKNOWN,16475.035174,30029.163990,2370.836010,3085.073775,31368.094636,16790.971591,526.540990,29064.697733,-634.710255,6279.884305,-43.534942,3.093940,False,False,False,False,True,True,True,1-circle,1.000000,4600.559972,30062.867197,61.410449,8.508768,100.000000,100.000000,0.000000,0.000000,3,8,0,0.0000,0.0000,0.0000,0.5000,"Pursue",0.015916
2661,A0100,pursuit_chase_v1,UNKNOWN,16475.035174,30029.163990,2370.836010,3085.073775,31368.094636,16790.971591,526.540990,29064.697733,-634.710255,6279.884305,-43.534942,3.093940,False,False,False,False,True,True,True,1-circle,1.000000,4600.559972,30062.867197,61.410449,8.508768,100.000000,100.000000,0.000000,0.000000,2,4,4,0.0000,0.0000,0.0000,0.5000,"PursuitChaseOptimal",-0.019070
2661,B0100,aggressive,UNKNOWN,16475.035174,30029.163990,2370.836010,3085.073775,31368.094636,16790.971591,526.540990,29064.697733,-634.710255,6279.884305,-43.534942,3.093940,False,False,False,False,True,True,True,1-circle,1.000000,4600.559972,30062.867197,61.410449,8.508768,100.000000,100.000000,0.000000,0.000000,3,8,0,0.0000,0.0000,0.0000,0.5000,"Pursue",0.019299
2662,A0100,pursuit_chase_v1,UNKNOWN,16481.080243,30029.265151,2370.734849,3148.444676,31215.308858,16798.421784,525.700928,29033.015326,-633.648136,6229.775774,-40.715605,3.644669,False,False,False,False,True,True,True,1-circle,1.000000,4595.787475,30731.102751,65.143079,8.778652,100.000000,100.000000,0.000000,0.000000,2,4,4,0.0000,0.0000,0.0000,0.5000,"PursuitChaseOptimal",-0.022391
2662,B0100,aggressive,UNKNOWN,16481.080243,30029.265151,2370.734849,3148.444676,31215.308858,16798.421784,525.700928,29033.015326,-633.648136,6229.775774,-40.715605,3.644669,False,False,False,False,True,True,True,1-circle,1.000000,4595.787475,30731.102751,65.143079,8.778652,100.000000,100.000000,0.000000,0.000000,3,8,0,0.0000,0.0000,0.0000,0.5000,"Pursue",0.022491
2663,A0100,pursuit_chase_v1,UNKNOWN,16481.080243,30029.265151,2370.734849,3148.444676,31215.308858,16798.421784,525.700928,29033.015326,-633.648136,6229.775774,-40.715605,3.644669,False,False,False,False,True,True,True,1-circle,1.000000,4595.787475,30731.102751,65.143079,8.778652,100.000000,100.000000,0.000000,0.000000,2,4,4,0.0000,0.0000,0.0000,0.5000,"PursuitChaseOptimal",-0.026457
2663,B0100,aggressive,UNKNOWN,16481.080243,30029.265151,2370.734849,3148.444676,31215.308858,16798.421784,525.700928,29033.015326,-633.648136,6229.775774,-40.715605,3.644669,False,False,False,False,True,True,True,1-circle,1.000000,4595.787475,30731.102751,65.143079,8.778652,100.000000,100.000000,0.000000,0.000000,3,8,0,0.0000,0.0000,0.0000,0.5000,"Pursue",0.026367
2664,A0100,pursuit_chase_v1,UNKNOWN,16486.633207,30005.114657,2394.885343,3234.955706,31056.938214,16806.584692,524.851437,29001.669896,-626.908602,6189.667320,-38.107104,4.385900,False,False,False,False,True,True,True,1-circle,1.000000,4590.964710,31406.966231,68.917725,8.961902,100.000000,100.000000,0.000000,0.000000,2,4,4,0.0000,0.0000,0.0000,0.5000,"PursuitChaseOptimal",-0.026182
2664,B0100,aggressive,UNKNOWN,16486.633207,30005.114657,2394.885343,3234.955706,31056.938214,16806.584692,524.851437,29001.669896,-626.908602,6189.667320,-38.107104,4.385900,False,False,False,False,True,True,True,1-circle,1.000000,4590.964710,31406.966231,68.917725,8.961902,100.000000,100.000000,0.000000,0.000000,3,8,0,0.0000,0.0000,0.0000,0.5000,"Pursue",0.026202
2665,A0100,pursuit_chase_v1,UNKNOWN,16486.633207,30005.114657,2394.885343,3234.955706,31056.938214,16806.584692,524.851437,29001.669896,-626.908602,6189.667320,-38.107104,4.385900,False,False,False,False,True,True,True,1-circle,1.000000,4590.964710,31406.966231,68.917725,8.961902,100.000000,100.000000,0.000000,0.000000,2,4,4,0.0000,0.0000,0.0000,0.5000,"PursuitChaseOptimal",-0.023943
2665,B0100,aggressive,UNKNOWN,16486.633207,30005.114657,2394.885343,3234.955706,31056.938214,16806.584692,524.851437,29001.669896,-626.908602,6189.667320,-38.107104,4.385900,False,False,False,False,True,True,True,1-circle,1.000000,4590.964710,31406.966231,68.917725,8.961902,100.000000,100.000000,0.000000,0.000000,3,8,0,0.0000,0.0000,0.0000,0.5000,"Pursue",0.024209
2666,A0100,pursuit_chase_v1,UNKNOWN,16491.741520,29957.439652,2442.560348,3352.692754,30894.020461,16815.338215,523.999024,28970.843455,-616.528812,6147.671097,-35.658492,5.447004,False,False,False,False,True,True,True,1-circle,1.000000,4586.095200,32090.099506,72.732420,9.058504,100.000000,100.000000,0.000000,0.000000,2,4,4,0.0000,0.0000,0.0000,0.5000,"PursuitChaseOptimal",-0.023149
2666,B0100,aggressive,UNKNOWN,16491.741520,29957.439652,2442.560348,3352.692754,30894.020461,16815.338215,523.999024,28970.843455,-616.528812,6147.671097,-35.658492,5.447004,False,False,False,False,True,True,True,1-circle,1.000000,4586.095200,32090.099506,72.732420,9.058504,100.000000,100.000000,0.000000,0.000000,3,8,0,0.0000,0.0000,0.0000,0.5000,"Pursue",0.023560
2667,A0100,pursuit_chase_v1,UNKNOWN,16491.741520,29957.439652,2442.560348,3352.692754,30894.020461,16815.338215,523.999024,28970.843455,-616.528812,6147.671097,-35.658492,5.447004,False,False,False,False,True,True,True,1-circle,1.000000,4586.095200,32090.099506,72.732420,9.058504,100.000000,100.000000,0.000000,0.000000,2,4,4,0.0000,0.0000,0.0000,0.5000,"PursuitChaseOptimal",-0.022140
2667,B0100,aggressive,UNKNOWN,16491.741520,29957.439652,2442.560348,3352.692754,30894.020461,16815.338215,523.999024,28970.843455,-616.528812,6147.671097,-35.658492,5.447004,False,False,False,False,True,True,True,1-circle,1.000000,4586.095200,32090.099506,72.732420,9.058504,100.000000,100.000000,0.000000,0.000000,3,8,0,0.0000,0.0000,0.0000,0.5000,"Pursue",0.022706
2668,A0100,pursuit_chase_v1,UNKNOWN,16496.388698,29887.778620,2512.221380,3493.843535,30727.570328,16824.555443,523.148532,28940.634004,-604.189015,6093.302502,-33.052781,7.108389,False,False,False,False,True,True,True,1-circle,1.000000,4581.140862,-32020.031981,76.584291,9.067230,100.000000,100.000000,0.000000,0.000000,2,4,4,0.0000,0.0000,0.0000,0.5000,"PursuitChaseOptimal",-0.017153
2668,B0100,aggressive,UNKNOWN,16496.388698,29887.778620,2512.221380,3493.843535,30727.570328,16824.555443,523.148532,28940.634004,-604.189015,6093.302502,-33.052781,7.108389,False,False,False,False,True,True,True,1-circle,1.000000,4581.140862,-32020.031981,76.584291,9.067230,100.000000,100.000000,0.000000,0.000000,3,8,0,0.0000,0.0000,0.0000,0.5000,"Pursue",0.018132
2669,A0100,pursuit_chase_v1,UNKNOWN,16496.388698,29887.778620,2512.221380,3493.843535,30727.570328,16824.555443,523.148532,28940.634004,-604.189015,6093.302502,-33.052781,7.108389,False,False,False,False,True,True,True,1-circle,1.000000,4581.140862,-32020.031981,76.584291,9.067230,100.000000,100.000000,0.000000,0.000000,2,4,4,0.0000,0.0000,0.0000,0.5000,"PursuitChaseOptimal",-0.006271
2669,B0100,aggressive,UNKNOWN,16496.388698,29887.778620,2512.221380,3493.843535,30727.570328,16824.555443,523.148532,28940.634004,-604.189015,6093.302502,-33.052781,7.108389,False,False,False,False,True,True,True,1-circle,1.000000,4581.140862,-32020.031981,76.584291,9.067230,100.000000,100.000000,0.000000,0.000000,3,8,0,0.0000,0.0000,0.0000,0.5000,"Pursue",0.008029
2670,A0100,pursuit_chase_v1,UNKNOWN,16500.551554,29798.185309,2601.814691,3657.368647,30558.556675,16834.105657,522.303960,28911.095350,-590.773076,6034.725888,-30.483719,10.113064,False,False,False,False,True,True,True,1-circle,1.000000,4576.095435,-31324.079389,80.469708,8.986498,100.000000,100.000000,0.000000,0.000000,2,4,4,0.0000,0.0000,0.0000,0.5000,"PursuitChaseOptimal",0.006437
2670,B0100,aggressive,UNKNOWN,16500.551554,29798.185309,2601.814691,3657.368647,30558.556675,16834.105657,522.303960,28911.095350,-590.773076,6034.725888,-30.483719,10.113064,False,False,False,False,True,True,True,1-circle,1.000000,4576.095435,-31324.079389,80.469708,8.986498,100.000000,100.000000,0.000000,0.000000,3,8,0,0.0000,0.0000,0.0000,0.5000,"Pursue",-0.003788
2671,A0100,pursuit_chase_v1,UNKNOWN,16500.551554,29798.185309,2601.814691,3657.368647,30558.556675,16834.105657,522.303960,28911.095350,-590.773076,6034.725888,-30.483719,10.113064,False,False,False,False,True,True,True,1-circle,1.000000,4576.095435,-31324.079389,80.469708,8.986498,100.000000,100.000000,0.000000,0.000000,2,4,4,0.0000,0.0000,0.0000,0.5000,"PursuitChaseOptimal",0.019269
2671,B0100,aggressive,UNKNOWN,16500.551554,29798.185309,2601.814691,3657.368647,30558.556675,16834.105657,522.303960,28911.095350,-590.773076,6034.725888,-30.483719,10.113064,False,False,False,False,True,True,True,1-circle,1.000000,4576.095435,-31324.079389,80.469708,8.986498,100.000000,100.000000,0.000000,0.000000,3,8,0,0.0000,0.0000,0.0000,0.5000,"Pursue",-0.015700
2672,A0100,pursuit_chase_v1,UNKNOWN,16504.234132,29691.082890,2708.917110,3844.720709,30387.972464,16843.855113,521.468860,28882.256408,-576.778840,5974.545639,-28.150633,17.291324,False,False,False,False,True,True,True,1-circle,1.000000,4570.838877,-30622.857020,84.384526,8.814847,100.000000,100.000000,0.000000,0.000000,2,4,4,0.0000,0.0000,0.0000,0.5000,"PursuitChaseOptimal",0.028012
2672,B0100,aggressive,UNKNOWN,16504.234132,29691.082890,2708.917110,3844.720709,30387.972464,16843.855113,521.468860,28882.256408,-576.778840,5974.545639,-28.150633,17.291324,False,False,False,False,True,True,True,1-circle,1.000000,4570.838877,-30622.857020,84.384526,8.814847,100.000000,100.000000,0.000000,0.000000,3,8,0,0.0000,0.0000,0.0000,0.5000,"Pursue",-0.023776
2673,A0100,pursuit_chase_v1,UNKNOWN,16504.234132,29691.082890,2708.917110,3844.720709,30387.972464,16843.855113,521.468860,28882.256408,-576.778840,5974.545639,-28.150633,17.291324,False,False,False,False,True,True,True,1-circle,1.000000,4570.838877,-30622.857020,84.384526,8.814847,100.000000,100.000000,0.000000,0.000000,2,4,4,0.0000,0.0000,0.0000,0.5000,"PursuitChaseOptimal",0.026506
2673,B0100,aggressive,UNKNOWN,16504.234132,29691.082890,2708.917110,3844.720709,30387.972464,16843.855113,521.468860,28882.256408,-576.778840,5974.545639,-28.150633,17.291324,False,False,False,False,True,True,True,1-circle,1.000000,4570.838877,-30622.857020,84.384526,8.814847,100.000000,100.000000,0.000000,0.000000,3,8,0,0.0000,0.0000,0.0000,0.5000,"Pursue",-0.022281
2674,A0100,pursuit_chase_v1,UNKNOWN,16507.446449,29566.934968,2833.065032,4044.400342,30215.165038,16853.665002,520.624154,28853.096868,-583.190803,5925.325030,-25.979684,52.411458,False,False,False,False,True,True,True,1-circle,1.000000,4565.260533,-29950.488840,88.139518,8.561492,100.000000,100.000000,0.000000,0.000000,2,4,4,0.0000,0.0000,0.0000,0.5000,"PursuitChaseOptimal",0.018880
2674,B0100,aggressive,UNKNOWN,16507.446449,29566.934968,2833.065032,4044.400342,30215.165038,16853.665002,520.624154,28853.096868,-583.190803,5925.325030,-25.979684,52.411458,False,False,False,False,True,True,True,1-circle,1.000000,4565.260533,-29950.488840,88.139518,8.561492,100.000000,100.000000,0.000000,0.000000,3,8,0,0.0000,0.0000,0.0000,0.5000,"Pursue",-0.014569
2675,A0100,pursuit_chase_v1,UNKNOWN,16507.446449,29566.934968,2833.065032,4044.400342,30215.165038,16853.665002,520.624154,28853.096868,-583.190803,5925.325030,-25.979684,52.411458,False,False,False,False,True,True,True,1-circle,1.000000,4565.260533,-29950.488840,88.139518,8.561492,100.000000,100.000000,0.000000,0.000000,2,4,4,0.0000,0.0000,0.0000,0.5000,"PursuitChaseOptimal",0.004037
2675,B0100,aggressive,UNKNOWN,16507.446449,29566.934968,2833.065032,4044.400342,30215.165038,16853.665002,520.624154,28853.096868,-583.190803,5925.325030,-25.979684,52.411458,False,False,False,False,True,True,True,1-circle,1.000000,4565.260533,-29950.488840,88.139518,8.561492,100.000000,100.000000,0.000000,0.000000,3,8,0,0.0000,0.0000,0.0000,0.5000,"Pursue",-0.000124
2676,A0100,pursuit_chase_v1,UNKNOWN,16510.154483,29422.912711,2977.087289,4257.169568,30025.169641,16863.420230,519.566727,28814.158083,-778.775696,5857.126325,-22.867562,40.039451,False,False,False,False,True,True,True,1-circle,1.000000,4559.464679,-30058.172753,87.560982,8.354683,100.000000,100.000000,0.000000,0.000000,2,4,4,0.0000,0.0000,0.0000,0.5000,"PursuitChaseOptimal",-0.012089
2676,B0100,aggressive,UNKNOWN,16510.154483,29422.912711,2977.087289,4257.169568,30025.169641,16863.420230,519.566727,28814.158083,-778.775696,5857.126325,-22.867562,40.039451,False,False,False,False,True,True,True,1-circle,1.000000,4559.464679,-30058.172753,87.560982,8.354683,100.000000,100.000000,0.000000,0.000000,3,8,0,0.0000,0.0000,0.0000,0.5000,"Pursue",0.015417
2677,A0100,pursuit_chase_v1,UNKNOWN,16510.154483,29422.912711,2977.087289,4257.169568,30025.169641,16863.420230,519.566727,28814.158083,-778.775696,5857.126325,-22.867562,40.039451,False,False,False,False,True,True,True,1-circle,1.000000,4559.464679,-30058.172753,87.560982,8.354683,100.000000,100.000000,0.000000,0.000000,2,4,4,0.0000,0.0000,0.0000,0.5000,"PursuitChaseOptimal",-0.023733
2677,B0100,aggressive,UNKNOWN,16510.154483,29422.912711,2977.087289,4257.169568,30025.169641,16863.420230,519.566727,28814.158083,-778.775696,5857.126325,-22.867562,40.039451,False,False,False,False,True,True,True,1-circle,1.000000,4559.464679,-30058.172753,87.560982,8.354683,100.000000,100.000000,0.000000,0.000000,3,8,0,0.0000,0.0000,0.0000,0.5000,"Pursue",0.026691
2678,A0100,pursuit_chase_v1,UNKNOWN,16512.233847,29272.372596,3127.627404,4472.663565,29829.247545,16873.135376,518.409751,28770.708482,-868.992020,5780.366180,-19.071069,17.277078,False,False,False,False,True,True,True,1-circle,1.000000,4553.636396,-30639.294529,84.351607,8.127652,100.000000,100.000000,0.000000,0.000000,2,4,4,0.0000,0.0000,0.0000,0.5000,"PursuitChaseOptimal",-0.031578
2678,B0100,aggressive,UNKNOWN,16512.233847,29272.372596,3127.627404,4472.663565,29829.247545,16873.135376,518.409751,28770.708482,-868.992020,5780.366180,-19.071069,17.277078,False,False,False,False,True,True,True,1-circle,1.000000,4553.636396,-30639.294529,84.351607,8.127652,100.000000,100.000000,0.000000,0.000000,3,8,0,0.0000,0.0000,0.0000,0.5000,"Pursue",0.034575
2679,A0100,pursuit_chase_v1,UNKNOWN,16512.233847,29272.372596,3127.627404,4472.663565,29829.247545,16873.135376,518.409751,28770.708482,-868.992020,5780.366180,-19.071069,17.277078,False,False,False,False,True,True,True,1-circle,1.000000,4553.636396,-30639.294529,84.351607,8.127652,100.000000,100.000000,0.000000,0.000000,2,4,4,0.0000,0.0000,0.0000,0.5000,"PursuitChaseOptimal",-0.024481
2679,B0100,aggressive,UNKNOWN,16512.233847,29272.372596,3127.627404,4472.663565,29829.247545,16873.135376,518.409751,28770.708482,-868.992020,5780.366180,-19.071069,17.277078,False,False,False,False,True,True,True,1-circle,1.000000,4553.636396,-30639.294529,84.351607,8.127652,100.000000,100.000000,0.000000,0.000000,3,8,0,0.0000,0.0000,0.0000,0.5000,"Pursue",0.028513
2680,A0100,pursuit_chase_v1,UNKNOWN,16513.646135,29126.519738,3273.480262,4690.579880,29637.585680,16882.888294,517.267948,28728.110034,-851.968965,5693.612868,-15.080865,10.741686,False,False,False,False,True,True,True,1-circle,1.000000,4547.851147,-31255.889544,80.944240,8.005623,100.000000,100.000000,0.000000,0.000000,2,4,4,0.0000,0.0000,0.0000,0.5000,"PursuitChaseOptimal",-0.008974
2680,B0100,aggressive,UNKNOWN,16513.646135,29126.519738,3273.480262,4690.579880,29637.585680,16882.888294,517.267948,28728.110034,-851.968965,5693.612868,-15.080865,10.741686,False,False,False,False,True,True,True,1-circle,1.000000,4547.851147,-31255.889544,80.944240,8.005623,100.000000,100.000000,0.000000,0.000000,3,8,0,0.0000,0.0000,0.0000,0.5000,"Pursue",0.014541
2681,A0100,pursuit_chase_v1,UNKNOWN,16513.646135,29126.519738,3273.480262,4690.579880,29637.585680,16882.888294,517.267948,28728.110034,-851.968965,5693.612868,-15.080865,10.741686,False,False,False,False,True,True,True,1-circle,1.000000,4547.851147,-31255.889544,80.944240,8.005623,100.000000,100.000000,0.000000,0.000000,2,4,4,0.0000,0.0000,0.0000,0.5000,"PursuitChaseOptimal",0.001247
2681,B0100,aggressive,UNKNOWN,16513.646135,29126.519738,3273.480262,4690.579880,29637.585680,16882.888294,517.267948,28728.110034,-851.968965,5693.612868,-15.080865,10.741686,False,False,False,False,True,True,True,1-circle,1.000000,4547.851147,-31255.889544,80.944240,8.005623,100.000000,100.000000,0.000000,0.000000,3,8,0,0.0000,0.0000,0.0000,0.5000,"Pursue",0.004836
2682,A0100,pursuit_chase_v1,UNKNOWN,16514.341796,28991.270310,3408.729690,4900.041187,29458.959897,16892.789395,516.249661,28691.420336,-733.793974,5602.529538,-11.388995,9.520441,False,False,False,False,True,True,True,1-circle,1.000000,4541.898735,-31467.098885,79.788719,7.888720,100.000000,100.000000,0.000000,0.000000,2,4,4,0.0000,0.0000,0.0000,0.5000,"PursuitChaseOptimal",0.014244
2682,B0100,aggressive,UNKNOWN,16514.341796,28991.270310,3408.729690,4900.041187,29458.959897,16892.789395,516.249661,28691.420336,-733.793974,5602.529538,-11.388995,9.520441,False,False,False,False,True,True,True,1-circle,1.000000,4541.898735,-31467.098885,79.788719,7.888720,100.000000,100.000000,0.000000,0.000000,3,8,0,0.0000,0.0000,0.0000,0.5000,"Pursue",-0.007359
2683,A0100,pursuit_chase_v1,UNKNOWN,16514.341796,28991.270310,3408.729690,4900.041187,29458.959897,16892.789395,516.249661,28691.420336,-733.793974,5602.529538,-11.388995,9.520441,False,False,False,False,True,True,True,1-circle,1.000000,4541.898735,-31467.098885,79.788719,7.888720,100.000000,100.000000,0.000000,0.000000,2,4,4,0.0000,0.0000,0.0000,0.5000,"PursuitChaseOptimal",0.018270
2683,B0100,aggressive,UNKNOWN,16514.341796,28991.270310,3408.729690,4900.041187,29458.959897,16892.789395,516.249661,28691.420336,-733.793974,5602.529538,-11.388995,9.520441,False,False,False,False,True,True,True,1-circle,1.000000,4541.898735,-31467.098885,79.788719,7.888720,100.000000,100.000000,0.000000,0.000000,3,8,0,0.0000,0.0000,0.0000,0.5000,"Pursue",-0.010901
2684,A0100,pursuit_chase_v1,UNKNOWN,16514.339132,28861.459401,3538.540599,5093.819460,29296.318635,16902.810177,515.439111,28664.420768,-539.991361,5516.772039,-7.999922,14.124296,False,False,False,False,True,True,True,1-circle,1.000000,4535.623608,-30880.061320,83.068119,7.828601,100.000000,100.000000,0.000000,0.000000,2,4,4,0.0000,0.0000,0.0000,0.5000,"PursuitChaseOptimal",-0.002682
2684,B0100,aggressive,UNKNOWN,16514.339132,28861.459401,3538.540599,5093.819460,29296.318635,16902.810177,515.439111,28664.420768,-539.991361,5516.772039,-7.999922,14.124296,False,False,False,False,True,True,True,1-circle,1.000000,4535.623608,-30880.061320,83.068119,7.828601,100.000000,100.000000,0.000000,0.000000,3,8,0,0.0000,0.0000,0.0000,0.5000,"Pursue",0.008862
2685,A0100,pursuit_chase_v1,UNKNOWN,16514.339132,28861.459401,3538.540599,5093.819460,29296.318635,16902.810177,515.439111,28664.420768,-539.991361,5516.772039,-7.999922,14.124296,False,False,False,False,True,True,True,1-circle,1.000000,4535.623608,-30880.061320,83.068119,7.828601,100.000000,100.000000,0.000000,0.000000,2,4,4,0.0000,0.0000,0.0000,0.5000,"PursuitChaseOptimal",-0.014673
2685,B0100,aggressive,UNKNOWN,16514.339132,28861.459401,3538.540599,5093.819460,29296.318635,16902.810177,515.439111,28664.420768,-539.991361,5516.772039,-7.999922,14.124296,False,False,False,False,True,True,True,1-circle,1.000000,4535.623608,-30880.061320,83.068119,7.828601,100.000000,100.000000,0.000000,0.000000,3,8,0,0.0000,0.0000,0.0000,0.5000,"Pursue",0.020781
2686,A0100,pursuit_chase_v1,UNKNOWN,16513.656045,28717.739273,3682.260727,5295.050767,29125.066059,16912.861623,514.534605,28633.229263,-623.830089,5435.165399,-4.091181,18.306153,False,False,False,False,True,True,True,1-circle,1.000000,4529.131400,-30601.595326,84.633114,7.782250,100.000000,100.000000,0.000000,0.000000,2,4,4,0.0000,0.0000,0.0000,0.5000,"PursuitChaseOptimal",-0.027666
2686,B0100,aggressive,UNKNOWN,16513.656045,28717.739273,3682.260727,5295.050767,29125.066059,16912.861623,514.534605,28633.229263,-623.830089,5435.165399,-4.091181,18.306153,False,False,False,False,True,True,True,1-circle,1.000000,4529.131400,-30601.595326,84.633114,7.782250,100.000000,100.000000,0.000000,0.000000,3,8,0,0.0000,0.0000,0.0000,0.5000,"Pursue",0.033698
2687,A0100,pursuit_chase_v1,UNKNOWN,16513.656045,28717.739273,3682.260727,5295.050767,29125.066059,16912.861623,514.534605,28633.229263,-623.830089,5435.165399,-4.091181,18.306153,False,False,False,False,True,True,True,1-circle,1.000000,4529.131400,-30601.595326,84.633114,7.782250,100.000000,100.000000,0.000000,0.000000,2,4,4,0.0000,0.0000,0.0000,0.5000,"PursuitChaseOptimal",-0.037991
2687,B0100,aggressive,UNKNOWN,16513.656045,28717.739273,3682.260727,5295.050767,29125.066059,16912.861623,514.534605,28633.229263,-623.830089,5435.165399,-4.091181,18.306153,False,False,False,False,True,True,True,1-circle,1.000000,4529.131400,-30601.595326,84.633114,7.782250,100.000000,100.000000,0.000000,0.000000,3,8,0,0.0000,0.0000,0.0000,0.5000,"Pursue",0.043928
2688,A0100,pursuit_chase_v1,UNKNOWN,16512.221518,28562.981710,3837.018290,5506.719986,28940.141375,16922.932629,513.436708,28593.336597,-797.853326,5349.976622,0.497074,11.561543,False,False,False,False,True,True,True,1-circle,1.000000,4522.634069,-31164.312856,81.523981,7.726607,100.000000,100.000000,0.000000,0.000000,2,4,4,0.0000,0.0000,0.0000,0.5000,"PursuitChaseOptimal",-0.039319
2688,B0100,aggressive,UNKNOWN,16512.221518,28562.981710,3837.018290,5506.719986,28940.141375,16922.932629,513.436708,28593.336597,-797.853326,5349.976622,0.497074,11.561543,False,False,False,False,True,True,True,1-circle,1.000000,4522.634069,-31164.312856,81.523981,7.726607,100.000000,100.000000,0.000000,0.000000,3,8,0,0.0000,0.0000,0.0000,0.5000,"Pursue",0.045610
2689,A0100,pursuit_chase_v1,UNKNOWN,16512.221518,28562.981710,3837.018290,5506.719986,28940.141375,16922.932629,513.436708,28593.336597,-797.853326,5349.976622,0.497074,11.561543,False,False,False,False,True,True,True,1-circle,1.000000,4522.634069,-31164.312856,81.523981,7.726607,100.000000,100.000000,0.000000,0.000000,2,4,4,0.0000,0.0000,0.0000,0.5000,"PursuitChaseOptimal",-0.036807
2689,B0100,aggressive,UNKNOWN,16512.221518,28562.981710,3837.018290,5506.719986,28940.141375,16922.932629,513.436708,28593.336597,-797.853326,5349.976622,0.497074,11.561543,False,False,False,False,True,True,True,1-circle,1.000000,4522.634069,-31164.312856,81.523981,7.726607,100.000000,100.000000,0.000000,0.000000,3,8,0,0.0000,0.0000,0.0000,0.5000,"Pursue",0.043146
2690,A0100,pursuit_chase_v1,UNKNOWN,16510.020352,28420.826690,3979.173310,5709.164742,28768.833783,16933.102383,512.471237,28559.657342,-673.585096,5274.508700,4.727223,9.944113,False,False,False,False,True,True,True,1-circle,1.000000,4516.177732,-31413.628342,80.154908,7.635897,100.000000,100.000000,0.000000,0.000000,2,4,4,0.0000,0.0000,0.0000,0.5000,"PursuitChaseOptimal",-0.019179
2690,B0100,aggressive,UNKNOWN,16510.020352,28420.826690,3979.173310,5709.164742,28768.833783,16933.102383,512.471237,28559.657342,-673.585096,5274.508700,4.727223,9.944113,False,False,False,False,True,True,True,1-circle,1.000000,4516.177732,-31413.628342,80.154908,7.635897,100.000000,100.000000,0.000000,0.000000,3,8,0,0.0000,0.0000,0.0000,0.5000,"Pursue",0.026481
2691,A0100,pursuit_chase_v1,UNKNOWN,16510.020352,28420.826690,3979.173310,5709.164742,28768.833783,16933.102383,512.471237,28559.657342,-673.585096,5274.508700,4.727223,9.944113,False,False,False,False,True,True,True,1-circle,1.000000,4516.177732,-31413.628342,80.154908,7.635897,100.000000,100.000000,0.000000,0.000000,2,4,4,0.0000,0.0000,0.0000,0.5000,"PursuitChaseOptimal",-0.008023
2691,B0100,aggressive,UNKNOWN,16510.020352,28420.826690,3979.173310,5709.164742,28768.833783,16933.102383,512.471237,28559.657342,-673.585096,5274.508700,4.727223,9.944113,False,False,False,False,True,True,True,1-circle,1.000000,4516.177732,-31413.628342,80.154908,7.635897,100.000000,100.000000,0.000000,0.000000,3,8,0,0.0000,0.0000,0.0000,0.5000,"Pursue",0.016175
2692,A0100,pursuit_chase_v1,UNKNOWN,16507.117725,28287.016587,4112.983413,5898.955058,28612.997154,16943.351283,511.704030,28535.120687,-490.733097,5201.082770,8.548444,14.594948,False,False,False,False,True,True,True,1-circle,1.000000,4509.676712,-30859.569945,83.248287,7.600701,100.000000,100.000000,0.000000,0.000000,2,4,4,0.0000,0.0000,0.0000,0.5000,"PursuitChaseOptimal",0.004319
2692,B0100,aggressive,UNKNOWN,16507.117725,28287.016587,4112.983413,5898.955058,28612.997154,16943.351283,511.704030,28535.120687,-490.733097,5201.082770,8.548444,14.594948,False,False,False,False,True,True,True,1-circle,1.000000,4509.676712,-30859.569945,83.248287,7.600701,100.000000,100.000000,0.000000,0.000000,3,8,0,0.0000,0.0000,0.0000,0.5000,"Pursue",0.004793
2693,A0100,pursuit_chase_v1,UNKNOWN,16507.117725,28287.016587,4112.983413,5898.955058,28612.997154,16943.351283,511.704030,28535.120687,-490.733097,5201.082770,8.548444,14.594948,False,False,False,False,True,True,True,1-circle,1.000000,4509.676712,-30859.569945,83.248287,7.600701,100.000000,100.000000,0.000000,0.000000,2,4,4,0.0000,0.0000,0.0000,0.5000,"PursuitChaseOptimal",0.013862
2693,B0100,aggressive,UNKNOWN,16507.117725,28287.016587,4112.983413,5898.955058,28612.997154,16943.351283,511.704030,28535.120687,-490.733097,5201.082770,8.548444,14.594948,False,False,False,False,True,True,True,1-circle,1.000000,4509.676712,-30859.569945,83.248287,7.600701,100.000000,100.000000,0.000000,0.000000,3,8,0,0.0000,0.0000,0.0000,0.5000,"Pursue",-0.003420
2694,A0100,pursuit_chase_v1,UNKNOWN,16503.477040,28140.547422,4259.452578,6098.593821,28448.090909,16953.599913,510.834141,28505.991160,-582.590535,5111.511367,12.799200,18.521516,False,False,False,False,True,True,True,1-circle,1.000000,4503.009427,-30607.657953,84.662686,7.579557,100.000000,100.000000,0.000000,0.000000,2,4,4,0.0000,0.0000,0.0000,0.5000,"PursuitChaseOptimal",0.004102
2694,B0100,aggressive,UNKNOWN,16503.477040,28140.547422,4259.452578,6098.593821,28448.090909,16953.599913,510.834141,28505.991160,-582.590535,5111.511367,12.799200,18.521516,False,False,False,False,True,True,True,1-circle,1.000000,4503.009427,-30607.657953,84.662686,7.579557,100.000000,100.000000,0.000000,0.000000,3,8,0,0.0000,0.0000,0.0000,0.5000,"Pursue",0.006597
2695,A0100,pursuit_chase_v1,UNKNOWN,16503.477040,28140.547422,4259.452578,6098.593821,28448.090909,16953.599913,510.834141,28505.991160,-582.590535,5111.511367,12.799200,18.521516,False,False,False,False,True,True,True,1-circle,1.000000,4503.009427,-30607.657953,84.662686,7.579557,100.000000,100.000000,0.000000,0.000000,2,4,4,0.0000,0.0000,0.0000,0.5000,"PursuitChaseOptimal",-0.004795
2695,B0100,aggressive,UNKNOWN,16503.477040,28140.547422,4259.452578,6098.593821,28448.090909,16953.599913,510.834141,28505.991160,-582.590535,5111.511367,12.799200,18.521516,False,False,False,False,True,True,True,1-circle,1.000000,4503.009427,-30607.657953,84.662686,7.579557,100.000000,100.000000,0.000000,0.000000,3,8,0,0.0000,0.0000,0.0000,0.5000,"Pursue",0.015546
2696,A0100,pursuit_chase_v1,UNKNOWN,16498.989820,27983.583052,4416.416948,6314.549831,28269.695453,16963.843794,509.773765,28468.324535,-753.332516,5022.153749,17.429008,11.522596,False,False,False,False,True,True,True,1-circle,1.000000,4496.103893,-31189.537373,81.444636,7.548306,100.000000,100.000000,0.000000,0.000000,2,5,4,0.0000,0.0000,0.0000,0.5000,"PursuitChaseOptimal",-0.009596
2696,B0100,aggressive,UNKNOWN,16498.989820,27983.583052,4416.416948,6314.549831,28269.695453,16963.843794,509.773765,28468.324535,-753.332516,5022.153749,17.429008,11.522596,False,False,False,False,True,True,True,1-circle,1.000000,4496.103893,-31189.537373,81.444636,7.548306,100.000000,100.000000,0.000000,0.000000,3,8,0,0.0000,0.0000,0.0000,0.5000,"Pursue",0.020403
2697,A0100,pursuit_chase_v1,UNKNOWN,16498.989820,27983.583052,4416.416948,6314.549831,28269.695453,16963.843794,509.773765,28468.324535,-753.332516,5022.153749,17.429008,11.522596,False,False,False,False,True,True,True,1-circle,1.000000,4496.103893,-31189.537373,81.444636,7.548306,100.000000,100.000000,0.000000,0.000000,2,5,4,0.0000,0.0000,0.0000,0.5000,"PursuitChaseOptimal",0.007996
2697,B0100,aggressive,UNKNOWN,16498.989820,27983.583052,4416.416948,6314.549831,28269.695453,16963.843794,509.773765,28468.324535,-753.332516,5022.153749,17.429008,11.522596,False,False,False,False,True,True,True,1-circle,1.000000,4496.103893,-31189.537373,81.444636,7.548306,100.000000,100.000000,0.000000,0.000000,3,8,0,0.0000,0.0000,0.0000,0.5000,"Pursue",0.003649
2698,A0100,pursuit_chase_v1,UNKNOWN,16493.662520,27840.615076,4559.384924,6519.511135,28105.032514,16974.167274,508.846877,28436.850350,-629.483695,4942.471065,21.600627,9.774910,False,False,False,False,True,True,True,1-circle,1.000000,4488.949816,-31464.996634,79.928670,7.488013,100.000000,100.000000,0.000000,0.000000,2,5,4,0.0000,0.0000,0.0000,0.5000,"PursuitChaseOptimal",0.020856
2698,B0100,aggressive,UNKNOWN,16493.662520,27840.615076,4559.384924,6519.511135,28105.032514,16974.167274,508.846877,28436.850350,-629.483695,4942.471065,21.600627,9.774910,False,False,False,False,True,True,True,1-circle,1.000000,4488.949816,-31464.996634,79.928670,7.488013,100.000000,100.000000,0.000000,0.000000,3,8,0,0.0000,0.0000,0.0000,0.5000,"Pursue",-0.008569
2699,A0100,pursuit_chase_v1,UNKNOWN,16493.662520,27840.615076,4559.384924,6519.511135,28105.032514,16974.167274,508.846877,28436.850350,-629.483695,4942.471065,21.600627,9.774910,False,False,False,False,True,True,True,1-circle,1.000000,4488.949816,-31464.996634,79.928670,7.488013,100.000000,100.000000,0.000000,0.000000,2,5,4,0.0000,0.0000,0.0000,0.5000,"PursuitChaseOptimal",0.037906
2699,B0100,aggressive,UNKNOWN,16493.662520,27840.615076,4559.384924,6519.511135,28105.032514,16974.167274,508.846877,28436.850350,-629.483695,4942.471065,21.600627,9.774910,False,False,False,False,True,True,True,1-circle,1.000000,4488.949816,-31464.996634,79.928670,7.488013,100.000000,100.000000,0.000000,0.000000,3,8,0,0.0000,0.0000,0.0000,0.5000,"Pursue",-0.024380
2700,A0100,pursuit_chase_v1,UNKNOWN,16487.555733,27707.850275,4692.149725,6715.457860,27955.851024,16984.558429,508.116583,28414.362757,-449.751858,4864.622076,25.131773,13.899660,False,False,False,False,True,True,True,1-circle,1.000000,4481.388724,-30937.845135,82.871963,7.480164,100.000000,100.000000,0.000000,0.000000,2,5,4,0.0000,0.0000,0.0000,0.5000,"PursuitChaseOptimal",0.052680
2700,B0100,aggressive,UNKNOWN,16487.555733,27707.850275,4692.149725,6715.457860,27955.851024,16984.558429,508.116583,28414.362757,-449.751858,4864.622076,25.131773,13.899660,False,False,False,False,True,True,True,1-circle,1.000000,4481.388724,-30937.845135,82.871963,7.480164,100.000000,100.000000,0.000000,0.000000,3,8,0,0.0000,0.0000,0.0000,0.5000,"Pursue",-0.037835
2701,A0100,pursuit_chase_v1,UNKNOWN,16487.555733,27707.850275,4692.149725,6715.457860,27955.851024,16984.558429,508.116583,28414.362757,-449.751858,4864.622076,25.131773,13.899660,False,False,False,False,True,True,True,1-circle,1.000000,4481.388724,-30937.845135,82.871963,7.480164,100.000000,100.000000,0.000000,0.000000,2,5,4,0.0000,0.0000,0.0000,0.5000,"PursuitChaseOptimal",0.057865
2701,B0100,aggressive,UNKNOWN,16487.555733,27707.850275,4692.149725,6715.457860,27955.851024,16984.558429,508.116583,28414.362757,-449.751858,4864.622076,25.131773,13.899660,False,False,False,False,True,True,True,1-circle,1.000000,4481.388724,-30937.845135,82.871963,7.480164,100.000000,100.000000,0.000000,0.000000,3,8,0,0.0000,0.0000,0.0000,0.5000,"Pursue",-0.041715
2702,A0100,pursuit_chase_v1,UNKNOWN,16480.665054,27563.292053,4836.707947,6934.196552,27797.441913,16994.943781,507.280065,28387.145075,-544.353632,4768.778827,28.779327,17.077052,False,False,False,False,True,True,True,1-circle,1.000000,4473.180546,-30705.212617,84.180107,7.486851,100.000000,100.000000,0.000000,0.000000,2,5,4,0.0000,0.0000,0.0000,0.5000,"PursuitChaseOptimal",0.047699
2702,B0100,aggressive,UNKNOWN,16480.665054,27563.292053,4836.707947,6934.196552,27797.441913,16994.943781,507.280065,28387.145075,-544.353632,4768.778827,28.779327,17.077052,False,False,False,False,True,True,True,1-circle,1.000000,4473.180546,-30705.212617,84.180107,7.486851,100.000000,100.000000,0.000000,0.000000,3,8,0,0.0000,0.0000,0.0000,0.5000,"Pursue",-0.031215
2703,A0100,pursuit_chase_v1,UNKNOWN,16480.665054,27563.292053,4836.707947,6934.196552,27797.441913,16994.943781,507.280065,28387.145075,-544.353632,4768.778827,28.779327,17.077052,False,False,False,False,True,True,True,1-circle,1.000000,4473.180546,-30705.212617,84.180107,7.486851,100.000000,100.000000,0.000000,0.000000,2,5,4,0.0000,0.0000,0.0000,0.5000,"PursuitChaseOptimal",0.034854
2703,B0100,aggressive,UNKNOWN,16480.665054,27563.292053,4836.707947,6934.196552,27797.441913,16994.943781,507.280065,28387.145075,-544.353632,4768.778827,28.779327,17.077052,False,False,False,False,True,True,True,1-circle,1.000000,4473.180546,-30705.212617,84.180107,7.486851,100.000000,100.000000,0.000000,0.000000,3,8,0,0.0000,0.0000,0.0000,0.5000,"Pursue",-0.018557
2704,A0100,pursuit_chase_v1,UNKNOWN,16472.895338,27408.607390,4991.392610,7171.142887,27625.812891,17005.324724,506.254973,28351.530693,-712.287649,4673.604567,32.754540,10.877185,False,False,False,False,True,True,True,1-circle,1.000000,4464.190710,-31300.000777,80.892863,7.482784,100.000000,100.000000,0.000000,0.000000,2,5,4,0.0000,0.0000,0.0000,0.5000,"PursuitChaseOptimal",0.018096
2704,B0100,aggressive,UNKNOWN,16472.895338,27408.607390,4991.392610,7171.142887,27625.812891,17005.324724,506.254973,28351.530693,-712.287649,4673.604567,32.754540,10.877185,False,False,False,False,True,True,True,1-circle,1.000000,4464.190710,-31300.000777,80.892863,7.482784,100.000000,100.000000,0.000000,0.000000,3,8,0,0.0000,0.0000,0.0000,0.5000,"Pursue",-0.002610
2705,A0100,pursuit_chase_v1,UNKNOWN,16472.895338,27408.607390,4991.392610,7171.142887,27625.812891,17005.324724,506.254973,28351.530693,-712.287649,4673.604567,32.754540,10.877185,False,False,False,False,True,True,True,1-circle,1.000000,4464.190710,-31300.000777,80.892863,7.482784,100.000000,100.000000,0.000000,0.000000,2,5,4,0.0000,0.0000,0.0000,0.5000,"PursuitChaseOptimal",0.005024
2705,B0100,aggressive,UNKNOWN,16472.895338,27408.607390,4991.392610,7171.142887,27625.812891,17005.324724,506.254973,28351.530693,-712.287649,4673.604567,32.754540,10.877185,False,False,False,False,True,True,True,1-circle,1.000000,4464.190710,-31300.000777,80.892863,7.482784,100.000000,100.000000,0.000000,0.000000,3,8,0,0.0000,0.0000,0.0000,0.5000,"Pursue",0.009393
2706,A0100,pursuit_chase_v1,UNKNOWN,16464.256276,27268.586184,5131.413816,7373.039668,27467.994417,17015.789130,505.362086,28322.007569,-590.462473,4596.930511,36.860996,9.213074,False,False,False,False,True,True,True,1-circle,1.000000,4454.545203,-31595.825553,79.267511,7.454164,100.000000,100.000000,0.000000,0.000000,2,5,4,0.0000,0.0000,0.0000,0.5000,"PursuitChaseOptimal",-0.016964
2706,B0100,aggressive,UNKNOWN,16464.256276,27268.586184,5131.413816,7373.039668,27467.994417,17015.789130,505.362086,28322.007569,-590.462473,4596.930511,36.860996,9.213074,False,False,False,False,True,True,True,1-circle,1.000000,4454.545203,-31595.825553,79.267511,7.454164,100.000000,100.000000,0.000000,0.000000,3,8,0,0.0000,0.0000,0.0000,0.5000,"Pursue",0.029742
2707,A0100,pursuit_chase_v1,UNKNOWN,16464.256276,27268.586184,5131.413816,7373.039668,27467.994417,17015.789130,505.362086,28322.007569,-590.462473,4596.930511,36.860996,9.213074,False,False,False,False,True,True,True,1-circle,1.000000,4454.545203,-31595.825553,79.267511,7.454164,100.000000,100.000000,0.000000,0.000000,2,5,4,0.0000,0.0000,0.0000,0.5000,"PursuitChaseOptimal",-0.020884
2707,B0100,aggressive,UNKNOWN,16464.256276,27268.586184,5131.413816,7373.039668,27467.994417,17015.789130,505.362086,28322.007569,-590.462473,4596.930511,36.860996,9.213074,False,False,False,False,True,True,True,1-circle,1.000000,4454.545203,-31595.825553,79.267511,7.454164,100.000000,100.000000,0.000000,0.000000,3,8,0,0.0000,0.0000,0.0000,0.5000,"Pursue",0.033581
2708,A0100,pursuit_chase_v1,UNKNOWN,16454.785599,27139.550528,5260.449472,7498.598092,27325.469703,17026.329290,504.664458,28301.353874,-413.073914,4534.139840,42.222100,12.587658,False,False,False,False,True,True,True,1-circle,1.000000,4444.818483,-31090.335783,82.093083,7.475588,100.000000,100.000000,0.000000,0.000000,2,5,4,0.0000,0.0000,0.0000,0.5000,"PursuitChaseOptimal",-0.019567
2708,B0100,aggressive,UNKNOWN,16454.785599,27139.550528,5260.449472,7498.598092,27325.469703,17026.329290,504.664458,28301.353874,-413.073914,4534.139840,42.222100,12.587658,False,False,False,False,True,True,True,1-circle,1.000000,4444.818483,-31090.335783,82.093083,7.475588,100.000000,100.000000,0.000000,0.000000,3,8,0,0.0000,0.0000,0.0000,0.5000,"Pursue",0.032611
2709,A0100,pursuit_chase_v1,UNKNOWN,16454.785599,27139.550528,5260.449472,7498.598092,27325.469703,17026.329290,504.664458,28301.353874,-413.073914,4534.139840,42.222100,12.587658,False,False,False,False,True,True,True,1-circle,1.000000,4444.818483,-31090.335783,82.093083,7.475588,100.000000,100.000000,0.000000,0.000000,2,5,4,0.0000,0.0000,0.0000,0.5000,"PursuitChaseOptimal",-0.020164
2709,B0100,aggressive,UNKNOWN,16454.785599,27139.550528,5260.449472,7498.598092,27325.469703,17026.329290,504.664458,28301.353874,-413.073914,4534.139840,42.222100,12.587658,False,False,False,False,True,True,True,1-circle,1.000000,4444.818483,-31090.335783,82.093083,7.475588,100.000000,100.000000,0.000000,0.000000,3,8,0,0.0000,0.0000,0.0000,0.5000,"Pursue",0.033487
2710,A0100,pursuit_chase_v1,UNKNOWN,16444.415862,27003.658170,5396.341830,7579.952166,27179.686011,17036.876890,503.943067,28279.690406,-433.269346,4476.070257,48.849188,20.143445,False,False,False,False,True,True,True,1-circle,1.000000,4435.634717,-30563.577023,85.033931,7.446308,100.000000,100.000000,0.000000,0.000000,2,5,4,0.0000,0.0000,0.0000,0.5000,"PursuitChaseOptimal",-0.019859
2710,B0100,aggressive,UNKNOWN,16444.415862,27003.658170,5396.341830,7579.952166,27179.686011,17036.876890,503.943067,28279.690406,-433.269346,4476.070257,48.849188,20.143445,False,False,False,False,True,True,True,1-circle,1.000000,4435.634717,-30563.577023,85.033931,7.446308,100.000000,100.000000,0.000000,0.000000,3,8,0,0.0000,0.0000,0.0000,0.5000,"Pursue",0.034021
2711,A0100,pursuit_chase_v1,UNKNOWN,16444.415862,27003.658170,5396.341830,7579.952166,27179.686011,17036.876890,503.943067,28279.690406,-433.269346,4476.070257,48.849188,20.143445,False,False,False,False,True,True,True,1-circle,1.000000,4435.634717,-30563.577023,85.033931,7.446308,100.000000,100.000000,0.000000,0.000000,2,5,4,0.0000,0.0000,0.0000,0.5000,"PursuitChaseOptimal",-0.017333
2711,B0100,aggressive,UNKNOWN,16444.415862,27003.658170,5396.341830,7579.952166,27179.686011,17036.876890,503.943067,28279.690406,-433.269346,4476.070257,48.849188,20.143445,False,False,False,False,True,True,True,1-circle,1.000000,4435.634717,-30563.577023,85.033931,7.446308,100.000000,100.000000,0.000000,0.000000,3,8,0,0.0000,0.0000,0.0000,0.5000,"Pursue",0.032482
2712,A0100,pursuit_chase_v1,UNKNOWN,16433.044585,26852.598800,5547.401200,7663.038280,27017.861503,17047.364126,503.026033,28249.297421,-607.859709,4425.653666,56.122835,15.489937,False,False,False,False,True,True,False,1-circle,1.000000,4427.259778,-30833.801478,83.543255,7.455761,100.000000,100.000000,0.000000,0.000000,2,5,4,0.0000,0.0000,0.0000,0.5000,"PursuitChaseOptimal",-0.014619
2712,B0100,aggressive,UNKNOWN,16433.044585,26852.598800,5547.401200,7663.038280,27017.861503,17047.364126,503.026033,28249.297421,-607.859709,4425.653666,56.122835,15.489937,False,False,False,False,True,True,False,1-circle,1.000000,4427.259778,-30833.801478,83.543255,7.455761,100.000000,100.000000,0.000000,0.000000,3,8,0,0.0000,0.0000,0.0000,0.5000,"Pursue",0.030520
2713,A0100,pursuit_chase_v1,UNKNOWN,16433.044585,26852.598800,5547.401200,7663.038280,27017.861503,17047.364126,503.026033,28249.297421,-607.859709,4425.653666,56.122835,15.489937,False,False,False,False,True,True,False,1-circle,1.000000,4427.259778,-30833.801478,83.543255,7.455761,100.000000,100.000000,0.000000,0.000000,2,5,4,0.0000,0.0000,0.0000,0.5000,"PursuitChaseOptimal",-0.012077
2713,B0100,aggressive,UNKNOWN,16433.044585,26852.598800,5547.401200,7663.038280,27017.861503,17047.364126,503.026033,28249.297421,-607.859709,4425.653666,56.122835,15.489937,False,False,False,False,True,True,False,1-circle,1.000000,4427.259778,-30833.801478,83.543255,7.455761,100.000000,100.000000,0.000000,0.000000,3,8,0,0.0000,0.0000,0.0000,0.5000,"Pursue",0.028356
2714,A0100,pursuit_chase_v1,UNKNOWN,16420.605430,26702.280542,5697.719458,7750.182482,26854.037627,17057.852506,502.058311,28216.726644,-651.415543,4387.422817,63.101709,9.933307,False,False,False,False,True,True,False,1-circle,1.000000,4419.608136,-31477.246222,79.975495,7.440157,100.000000,100.000000,0.000000,0.000000,2,4,4,0.0000,0.0000,0.0000,0.5000,"PursuitChaseOptimal",-0.006208
2714,B0100,aggressive,UNKNOWN,16420.605430,26702.280542,5697.719458,7750.182482,26854.037627,17057.852506,502.058311,28216.726644,-651.415543,4387.422817,63.101709,9.933307,False,False,False,False,True,True,False,1-circle,1.000000,4419.608136,-31477.246222,79.975495,7.440157,100.000000,100.000000,0.000000,0.000000,3,8,0,0.0000,0.0000,0.0000,0.5000,"Pursue",0.022602
2715,A0100,pursuit_chase_v1,UNKNOWN,16420.605430,26702.280542,5697.719458,7750.182482,26854.037627,17057.852506,502.058311,28216.726644,-651.415543,4387.422817,63.101709,9.933307,False,False,False,False,True,True,False,1-circle,1.000000,4419.608136,-31477.246222,79.975495,7.440157,100.000000,100.000000,0.000000,0.000000,2,4,4,0.0000,0.0000,0.0000,0.5000,"PursuitChaseOptimal",-0.012465
2715,B0100,aggressive,UNKNOWN,16420.605430,26702.280542,5697.719458,7750.182482,26854.037627,17057.852506,502.058311,28216.726644,-651.415543,4387.422817,63.101709,9.933307,False,False,False,False,True,True,False,1-circle,1.000000,4419.608136,-31477.246222,79.975495,7.440157,100.000000,100.000000,0.000000,0.000000,3,8,0,0.0000,0.0000,0.0000,0.5000,"Pursue",0.028304
2716,A0100,pursuit_chase_v1,UNKNOWN,16407.189790,26568.153025,5831.846975,7810.715072,26708.832431,17068.407100,501.316644,28194.336638,-447.800117,4367.686689,69.406794,11.443450,False,False,False,False,True,True,False,1-circle,1.000000,4412.561645,-31245.636597,81.265974,7.402771,100.000000,100.000000,0.000000,0.000000,2,4,4,0.0000,0.0000,0.0000,0.5000,"PursuitChaseOptimal",-0.019765
2716,B0100,aggressive,UNKNOWN,16407.189790,26568.153025,5831.846975,7810.715072,26708.832431,17068.407100,501.316644,28194.336638,-447.800117,4367.686689,69.406794,11.443450,False,False,False,False,True,True,False,1-circle,1.000000,4412.561645,-31245.636597,81.265974,7.402771,100.000000,100.000000,0.000000,0.000000,3,8,0,0.0000,0.0000,0.0000,0.5000,"Pursue",0.035307
2717,A0100,pursuit_chase_v1,UNKNOWN,16407.189790,26568.153025,5831.846975,7810.715072,26708.832431,17068.407100,501.316644,28194.336638,-447.800117,4367.686689,69.406794,11.443450,False,False,False,False,True,True,False,1-circle,1.000000,4412.561645,-31245.636597,81.265974,7.402771,100.000000,100.000000,0.000000,0.000000,2,4,4,0.0000,0.0000,0.0000,0.5000,"PursuitChaseOptimal",-0.027844
2717,B0100,aggressive,UNKNOWN,16407.189790,26568.153025,5831.846975,7810.715072,26708.832431,17068.407100,501.316644,28194.336638,-447.800117,4367.686689,69.406794,11.443450,False,False,False,False,True,True,False,1-circle,1.000000,4412.561645,-31245.636597,81.265974,7.402771,100.000000,100.000000,0.000000,0.000000,3,8,0,0.0000,0.0000,0.0000,0.5000,"Pursue",0.043338
2718,A0100,pursuit_chase_v1,UNKNOWN,16392.869949,26434.484810,5965.515190,7867.233633,26567.047100,17078.972314,500.636430,28174.729806,-392.136639,4346.341433,75.856584,17.183900,False,False,False,False,True,True,False,1-circle,1.000000,4406.234059,-30726.197212,84.152024,7.408191,100.000000,100.000000,0.000000,0.000000,2,4,4,0.0000,0.0000,0.0000,0.5000,"PursuitChaseOptimal",-0.030660
2718,B0100,aggressive,UNKNOWN,16392.869949,26434.484810,5965.515190,7867.233633,26567.047100,17078.972314,500.636430,28174.729806,-392.136639,4346.341433,75.856584,17.183900,False,False,False,False,True,True,False,1-circle,1.000000,4406.234059,-30726.197212,84.152024,7.408191,100.000000,100.000000,0.000000,0.000000,2,4,4,0.0000,0.0000,0.0000,0.5000,"Accelerate",0.046726
2719,A0100,pursuit_chase_v1,UNKNOWN,16392.869949,26434.484810,5965.515190,7867.233633,26567.047100,17078.972314,500.636430,28174.729806,-392.136639,4346.341433,75.856584,17.183900,False,False,False,False,True,True,False,1-circle,1.000000,4406.234059,-30726.197212,84.152024,7.408191,100.000000,100.000000,0.000000,0.000000,2,4,4,0.0000,0.0000,0.0000,0.5000,"PursuitChaseOptimal",-0.028152
2719,B0100,aggressive,UNKNOWN,16392.869949,26434.484810,5965.515190,7867.233633,26567.047100,17078.972314,500.636430,28174.729806,-392.136639,4346.341433,75.856584,17.183900,False,False,False,False,True,True,False,1-circle,1.000000,4406.234059,-30726.197212,84.152024,7.408191,100.000000,100.000000,0.000000,0.000000,2,4,4,0.0000,0.0000,0.0000,0.5000,"Accelerate",0.045082
2720,A0100,pursuit_chase_v1,UNKNOWN,16377.599774,26288.058282,6111.941718,7977.989739,26411.993636,17089.492456,499.807874,28148.553254,-523.531034,4305.410282,82.362628,13.281849,False,False,False,False,True,True,False,1-circle,1.000000,4400.634567,-31033.556849,82.441149,7.454182,100.000000,100.000000,0.000000,0.000000,2,4,4,0.0000,0.0000,0.0000,0.5000,"PursuitChaseOptimal",-0.021735
2720,B0100,aggressive,UNKNOWN,16377.599774,26288.058282,6111.941718,7977.989739,26411.993636,17089.492456,499.807874,28148.553254,-523.531034,4305.410282,82.362628,13.281849,False,False,False,False,True,True,False,1-circle,1.000000,4400.634567,-31033.556849,82.441149,7.454182,100.000000,100.000000,0.000000,0.000000,2,4,4,0.0000,0.0000,0.0000,0.5000,"Accelerate",0.039857
2721,A0100,pursuit_chase_v1,UNKNOWN,16377.599774,26288.058282,6111.941718,7977.989739,26411.993636,17089.492456,499.807874,28148.553254,-523.531034,4305.410282,82.362628,13.281849,False,False,False,False,True,True,False,1-circle,1.000000,4400.634567,-31033.556849,82.441149,7.454182,100.000000,100.000000,0.000000,0.000000,2,4,4,0.0000,0.0000,0.0000,0.5000,"PursuitChaseOptimal",-0.012026
2721,B0100,aggressive,UNKNOWN,16377.599774,26288.058282,6111.941718,7977.989739,26411.993636,17089.492456,499.807874,28148.553254,-523.531034,4305.410282,82.362628,13.281849,False,False,False,False,True,True,False,1-circle,1.000000,4400.634567,-31033.556849,82.441149,7.454182,100.000000,100.000000,0.000000,0.000000,2,4,4,0.0000,0.0000,0.0000,0.5000,"Accelerate",0.031360
2722,A0100,pursuit_chase_v1,UNKNOWN,16361.311201,26136.260833,6263.739167,8152.766297,26247.339010,17100.038991,498.797743,28114.443405,-682.196983,4242.604133,88.403214,7.035709,False,False,False,False,True,True,False,1-circle,1.000000,4395.341046,-32207.563052,75.913216,7.543940,100.000000,100.000000,0.000000,0.000000,2,4,4,0.0000,0.0000,0.0000,0.5000,"PursuitChaseOptimal",-0.002016
2722,B0100,aggressive,UNKNOWN,16361.311201,26136.260833,6263.739167,8152.766297,26247.339010,17100.038991,498.797743,28114.443405,-682.196983,4242.604133,88.403214,7.035709,False,False,False,False,True,True,False,1-circle,1.000000,4395.341046,-32207.563052,75.913216,7.543940,100.000000,100.000000,0.000000,0.000000,2,4,4,0.0000,0.0000,0.0000,0.5000,"Accelerate",0.022252
2723,A0100,pursuit_chase_v1,UNKNOWN,16361.311201,26136.260833,6263.739167,8152.766297,26247.339010,17100.038991,498.797743,28114.443405,-682.196983,4242.604133,88.403214,7.035709,False,False,False,False,True,True,False,1-circle,1.000000,4395.341046,-32207.563052,75.913216,7.543940,100.000000,100.000000,0.000000,0.000000,2,4,4,0.0000,0.0000,0.0000,0.5000,"PursuitChaseOptimal",0.010924
2723,B0100,aggressive,UNKNOWN,16361.311201,26136.260833,6263.739167,8152.766297,26247.339010,17100.038991,498.797743,28114.443405,-682.196983,4242.604133,88.403214,7.035709,False,False,False,False,True,True,False,1-circle,1.000000,4395.341046,-32207.563052,75.913216,7.543940,100.000000,100.000000,0.000000,0.000000,2,4,4,0.0000,0.0000,0.0000,0.5000,"Accelerate",0.009565
2724,A0100,pursuit_chase_v1,UNKNOWN,16344.020737,26009.670324,6390.329676,8343.166709,26101.768150,17110.808114,497.896094,28085.428254,-580.303014,4190.222309,92.689680,4.007101,False,False,False,False,True,True,False,1-circle,1.000000,4389.755747,30843.249908,66.189393,7.702763,100.000000,100.000000,0.000000,0.000000,2,4,4,0.0000,0.0000,0.0000,0.5000,"PursuitChaseOptimal",0.004189
2724,B0100,aggressive,UNKNOWN,16344.020737,26009.670324,6390.329676,8343.166709,26101.768150,17110.808114,497.896094,28085.428254,-580.303014,4190.222309,92.689680,4.007101,False,False,False,False,True,True,False,1-circle,1.000000,4389.755747,30843.249908,66.189393,7.702763,100.000000,100.000000,0.000000,0.000000,2,4,4,0.0000,0.0000,0.0000,0.5000,"Accelerate",0.014492
2725,A0100,pursuit_chase_v1,UNKNOWN,16344.020737,26009.670324,6390.329676,8343.166709,26101.768150,17110.808114,497.896094,28085.428254,-580.303014,4190.222309,92.689680,4.007101,False,False,False,False,True,True,False,1-circle,1.000000,4389.755747,30843.249908,66.189393,7.702763,100.000000,100.000000,0.000000,0.000000,2,4,4,0.0000,0.0000,0.0000,0.5000,"PursuitChaseOptimal",-0.001908
2725,B0100,aggressive,UNKNOWN,16344.020737,26009.670324,6390.329676,8343.166709,26101.768150,17110.808114,497.896094,28085.428254,-580.303014,4190.222309,92.689680,4.007101,False,False,False,False,True,True,False,1-circle,1.000000,4389.755747,30843.249908,66.189393,7.702763,100.000000,100.000000,0.000000,0.000000,2,4,4,0.0000,0.0000,0.0000,0.5000,"Accelerate",0.018916
2726,A0100,pursuit_chase_v1,UNKNOWN,16326.033607,25947.604331,6452.395669,8473.125136,26022.472654,17121.981261,497.165926,28064.436303,-419.839022,4153.963468,94.430579,2.504608,False,False,False,False,True,True,False,1-circle,1.000000,4383.491267,28784.265999,54.745590,7.318555,100.000000,100.000000,0.000000,0.000000,2,4,4,0.0000,0.0000,0.0000,0.5000,"PursuitChaseOptimal",-0.011776
2726,B0100,aggressive,UNKNOWN,16326.033607,25947.604331,6452.395669,8473.125136,26022.472654,17121.981261,497.165926,28064.436303,-419.839022,4153.963468,94.430579,2.504608,False,False,False,False,True,True,False,1-circle,1.000000,4383.491267,28784.265999,54.745590,7.318555,100.000000,100.000000,0.000000,0.000000,2,4,4,0.0000,0.0000,0.0000,0.5000,"Accelerate",0.027062
2727,A0100,pursuit_chase_v1,UNKNOWN,16326.033607,25947.604331,6452.395669,8473.125136,26022.472654,17121.981261,497.165926,28064.436303,-419.839022,4153.963468,94.430579,2.504608,False,False,False,False,True,True,False,1-circle,1.000000,4383.491267,28784.265999,54.745590,7.318555,100.000000,100.000000,0.000000,0.000000,2,4,4,0.0000,0.0000,0.0000,0.5000,"PursuitChaseOptimal",-0.028177
2727,B0100,aggressive,UNKNOWN,16326.033607,25947.604331,6452.395669,8473.125136,26022.472654,17121.981261,497.165926,28064.436303,-419.839022,4153.963468,94.430579,2.504608,False,False,False,False,True,True,False,1-circle,1.000000,4383.491267,28784.265999,54.745590,7.318555,100.000000,100.000000,0.000000,0.000000,2,4,4,0.0000,0.0000,0.0000,0.5000,"Accelerate",0.041483
2728,A0100,pursuit_chase_v1,UNKNOWN,16307.721033,25928.449386,6471.550614,8544.625985,25993.302796,17133.527275,496.758405,28058.050840,-127.709262,4125.258626,94.917199,1.946521,False,False,False,False,True,True,False,1-circle,1.000000,4376.705132,27516.053253,47.695936,7.035189,100.000000,100.000000,0.000000,0.000000,2,4,4,0.0000,0.0000,0.0000,0.5000,"PursuitChaseOptimal",-0.031985
2728,B0100,aggressive,UNKNOWN,16307.721033,25928.449386,6471.550614,8544.625985,25993.302796,17133.527275,496.758405,28058.050840,-127.709262,4125.258626,94.917199,1.946521,False,False,False,False,True,True,False,1-circle,1.000000,4376.705132,27516.053253,47.695936,7.035189,100.000000,100.000000,0.000000,0.000000,2,4,4,0.0000,0.0000,0.0000,0.5000,"Accelerate",0.044708
2729,A0100,pursuit_chase_v1,UNKNOWN,16307.721033,25928.449386,6471.550614,8544.625985,25993.302796,17133.527275,496.758405,28058.050840,-127.709262,4125.258626,94.917199,1.946521,False,False,False,False,True,True,False,1-circle,1.000000,4376.705132,27516.053253,47.695936,7.035189,100.000000,100.000000,0.000000,0.000000,2,4,4,0.0000,0.0000,0.0000,0.5000,"PursuitChaseOptimal",-0.036722
2729,B0100,aggressive,UNKNOWN,16307.721033,25928.449386,6471.550614,8544.625985,25993.302796,17133.527275,496.758405,28058.050840,-127.709262,4125.258626,94.917199,1.946521,False,False,False,False,True,True,False,1-circle,1.000000,4376.705132,27516.053253,47.695936,7.035189,100.000000,100.000000,0.000000,0.000000,2,4,4,0.0000,0.0000,0.0000,0.5000,"Accelerate",0.048806
2730,A0100,pursuit_chase_v1,UNKNOWN,16289.358861,25931.946048,6468.053952,8585.911603,25989.629471,17145.315994,496.569789,28061.545194,69.887080,4113.492768,94.555957,1.600954,False,False,False,False,True,True,False,1-circle,1.000000,4369.735438,26509.499261,42.100079,7.005147,100.000000,100.000000,0.000000,0.000000,2,4,4,0.0000,0.0000,0.0000,0.5000,"PursuitChaseOptimal",-0.029382
2730,B0100,aggressive,UNKNOWN,16289.358861,25931.946048,6468.053952,8585.911603,25989.629471,17145.315994,496.569789,28061.545194,69.887080,4113.492768,94.555957,1.600954,False,False,False,False,True,True,False,1-circle,1.000000,4369.735438,26509.499261,42.100079,7.005147,100.000000,100.000000,0.000000,0.000000,2,4,4,0.0000,0.0000,0.0000,0.5000,"Accelerate",0.040903
2731,A0100,pursuit_chase_v1,UNKNOWN,16289.358861,25931.946048,6468.053952,8585.911603,25989.629471,17145.315994,496.569789,28061.545194,69.887080,4113.492768,94.555957,1.600954,False,False,False,False,True,True,False,1-circle,1.000000,4369.735438,26509.499261,42.100079,7.005147,100.000000,100.000000,0.000000,0.000000,2,4,4,0.0000,0.0000,0.0000,0.5000,"PursuitChaseOptimal",-0.016991
2731,B0100,aggressive,UNKNOWN,16289.358861,25931.946048,6468.053952,8585.911603,25989.629471,17145.315994,496.569789,28061.545194,69.887080,4113.492768,94.555957,1.600954,False,False,False,False,True,True,False,1-circle,1.000000,4369.735438,26509.499261,42.100079,7.005147,100.000000,100.000000,0.000000,0.000000,2,4,4,0.0000,0.0000,0.0000,0.5000,"Accelerate",0.027864
2732,A0100,pursuit_chase_v1,UNKNOWN,16271.117486,25951.585137,6448.414863,8613.925179,26008.558413,17157.268824,496.361396,28064.337640,55.848914,4107.539093,93.222980,1.307471,False,False,False,False,True,True,False,1-circle,1.000000,4362.666483,25487.483203,36.418345,6.466133,100.000000,100.000000,0.000000,0.000000,2,4,4,0.0000,0.0000,0.0000,0.5000,"PursuitChaseOptimal",-0.001385
2732,B0100,aggressive,UNKNOWN,16271.117486,25951.585137,6448.414863,8613.925179,26008.558413,17157.268824,496.361396,28064.337640,55.848914,4107.539093,93.222980,1.307471,False,False,False,False,True,True,False,1-circle,1.000000,4362.666483,25487.483203,36.418345,6.466133,100.000000,100.000000,0.000000,0.000000,2,4,4,0.0000,0.0000,0.0000,0.5000,"Accelerate",0.011610
2733,A0100,pursuit_chase_v1,UNKNOWN,16271.117486,25951.585137,6448.414863,8613.925179,26008.558413,17157.268824,496.361396,28064.337640,55.848914,4107.539093,93.222980,1.307471,False,False,False,False,True,True,False,1-circle,1.000000,4362.666483,25487.483203,36.418345,6.466133,100.000000,100.000000,0.000000,0.000000,2,4,4,0.0000,0.0000,0.0000,0.5000,"PursuitChaseOptimal",0.012130
2733,B0100,aggressive,UNKNOWN,16271.117486,25951.585137,6448.414863,8613.925179,26008.558413,17157.268824,496.361396,28064.337640,55.848914,4107.539093,93.222980,1.307471,False,False,False,False,True,True,False,1-circle,1.000000,4362.666483,25487.483203,36.418345,6.466133,100.000000,100.000000,0.000000,0.000000,2,4,4,0.0000,0.0000,0.0000,0.5000,"Accelerate",-0.002613
2734,A0100,pursuit_chase_v1,UNKNOWN,16253.174972,25988.985895,6411.014105,8625.916044,26054.649274,17169.128156,496.142831,28066.593565,45.118505,4097.104510,90.829165,1.057615,False,False,False,False,True,True,False,1-circle,1.000000,4355.493316,24480.652749,30.821184,4.966852,100.000000,100.000000,0.000000,0.000000,2,5,4,0.0000,0.0000,0.0000,0.5000,"PursuitChaseOptimal",0.026595
2734,B0100,aggressive,UNKNOWN,16253.174972,25988.985895,6411.014105,8625.916044,26054.649274,17169.128156,496.142831,28066.593565,45.118505,4097.104510,90.829165,1.057615,False,False,False,False,True,True,False,1-circle,1.000000,4355.493316,24480.652749,30.821184,4.966852,100.000000,100.000000,0.000000,0.000000,2,4,4,0.0000,0.0000,0.0000,0.5000,"Accelerate",-0.017584
2735,A0100,pursuit_chase_v1,UNKNOWN,16253.174972,25988.985895,6411.014105,8625.916044,26054.649274,17169.128156,496.142831,28066.593565,45.118505,4097.104510,90.829165,1.057615,False,False,False,False,True,True,False,1-circle,1.000000,4355.493316,24480.652749,30.821184,4.966852,100.000000,100.000000,0.000000,0.000000,2,5,4,0.0000,0.0000,0.0000,0.5000,"PursuitChaseOptimal",0.049628
2735,B0100,aggressive,UNKNOWN,16253.174972,25988.985895,6411.014105,8625.916044,26054.649274,17169.128156,496.142831,28066.593565,45.118505,4097.104510,90.829165,1.057615,False,False,False,False,True,True,False,1-circle,1.000000,4355.493316,24480.652749,30.821184,4.966852,100.000000,100.000000,0.000000,0.000000,2,4,4,0.0000,0.0000,0.0000,0.5000,"Accelerate",-0.040516
2736,A0100,pursuit_chase_v1,UNKNOWN,16235.685733,26035.054931,6364.945069,8625.541118,26118.607002,17180.605575,495.834120,28064.513927,-41.592772,4079.188143,87.771649,0.833484,False,False,False,False,True,True,False,1-circle,1.000000,4348.196502,23464.512879,25.172730,3.789081,100.000000,100.000000,0.000000,0.000000,2,5,4,0.0000,0.0000,0.0000,0.5000,"PursuitChaseOptimal",0.061228
2736,B0100,aggressive,UNKNOWN,16235.685733,26035.054931,6364.945069,8625.541118,26118.607002,17180.605575,495.834120,28064.513927,-41.592772,4079.188143,87.771649,0.833484,False,False,False,False,True,True,False,1-circle,1.000000,4348.196502,23464.512879,25.172730,3.789081,100.000000,100.000000,0.000000,0.000000,2,4,4,0.0000,0.0000,0.0000,0.5000,"Accelerate",-0.052049
2737,A0100,pursuit_chase_v1,UNKNOWN,16235.685733,26035.054931,6364.945069,8625.541118,26118.607002,17180.605575,495.834120,28064.513927,-41.592772,4079.188143,87.771649,0.833484,False,False,False,False,True,True,False,1-circle,1.000000,4348.196502,23464.512879,25.172730,3.789081,100.000000,100.000000,0.000000,0.000000,2,5,4,0.0000,0.0000,0.0000,0.5000,"PursuitChaseOptimal",0.060507
2737,B0100,aggressive,UNKNOWN,16235.685733,26035.054931,6364.945069,8625.541118,26118.607002,17180.605575,495.834120,28064.513927,-41.592772,4079.188143,87.771649,0.833484,False,False,False,False,True,True,False,1-circle,1.000000,4348.196502,23464.512879,25.172730,3.789081,100.000000,100.000000,0.000000,0.000000,2,4,4,0.0000,0.0000,0.0000,0.5000,"Accelerate",-0.051575
2738,A0100,pursuit_chase_v1,UNKNOWN,16218.685212,26080.982590,6319.017410,8619.125894,26188.189856,17191.471702,495.405942,28056.590549,-158.467542,4041.363433,84.751849,0.635075,False,False,False,False,True,True,False,1-circle,1.000000,4340.705967,22478.202981,19.690704,2.888887,100.000000,100.000000,0.000000,0.000000,2,5,4,0.0000,0.0000,0.0000,0.5000,"PursuitChaseOptimal",0.057106
2738,B0100,aggressive,UNKNOWN,16218.685212,26080.982590,6319.017410,8619.125894,26188.189856,17191.471702,495.405942,28056.590549,-158.467542,4041.363433,84.751849,0.635075,False,False,False,False,True,True,False,1-circle,1.000000,4340.705967,22478.202981,19.690704,2.888887,100.000000,100.000000,0.000000,0.000000,2,4,4,0.0000,0.0000,0.0000,0.5000,"Accelerate",-0.048469
2739,A0100,pursuit_chase_v1,UNKNOWN,16218.685212,26080.982590,6319.017410,8619.125894,26188.189856,17191.471702,495.405942,28056.590549,-158.467542,4041.363433,84.751849,0.635075,False,False,False,False,True,True,False,1-circle,1.000000,4340.705967,22478.202981,19.690704,2.888887,100.000000,100.000000,0.000000,0.000000,2,5,4,0.0000,0.0000,0.0000,0.5000,"PursuitChaseOptimal",0.045011
2739,B0100,aggressive,UNKNOWN,16218.685212,26080.982590,6319.017410,8619.125894,26188.189856,17191.471702,495.405942,28056.590549,-158.467542,4041.363433,84.751849,0.635075,False,False,False,False,True,True,False,1-circle,1.000000,4340.705967,22478.202981,19.690704,2.888887,100.000000,100.000000,0.000000,0.000000,2,4,4,0.0000,0.0000,0.0000,0.5000,"Accelerate",-0.037057
2740,A0100,pursuit_chase_v1,UNKNOWN,16202.141568,26123.536188,6276.463812,8616.291855,26257.976915,17201.607162,494.918883,28045.372383,-224.363337,3981.801635,82.122937,0.456073,False,False,False,False,True,True,False,1-circle,1.000000,4333.059841,21526.658335,14.402371,2.097257,100.000000,100.000000,0.000000,0.000000,2,5,4,0.0000,0.0000,0.0000,0.5000,"PursuitChaseOptimal",0.022086
2740,B0100,aggressive,UNKNOWN,16202.141568,26123.536188,6276.463812,8616.291855,26257.976915,17201.607162,494.918883,28045.372383,-224.363337,3981.801635,82.122937,0.456073,False,False,False,False,True,True,False,1-circle,1.000000,4333.059841,21526.658335,14.402371,2.097257,100.000000,100.000000,0.000000,0.000000,2,4,4,0.0000,0.0000,0.0000,0.5000,"Accelerate",-0.015387
2741,A0100,pursuit_chase_v1,UNKNOWN,16202.141568,26123.536188,6276.463812,8616.291855,26257.976915,17201.607162,494.918883,28045.372383,-224.363337,3981.801635,82.122937,0.456073,False,False,False,False,True,True,False,1-circle,1.000000,4333.059841,21526.658335,14.402371,2.097257,100.000000,100.000000,0.000000,0.000000,2,5,4,0.0000,0.0000,0.0000,0.5000,"PursuitChaseOptimal",0.005908
2741,B0100,aggressive,UNKNOWN,16202.141568,26123.536188,6276.463812,8616.291855,26257.976915,17201.607162,494.918883,28045.372383,-224.363337,3981.801635,82.122937,0.456073,False,False,False,False,True,True,False,1-circle,1.000000,4333.059841,21526.658335,14.402371,2.097257,100.000000,100.000000,0.000000,0.000000,2,4,4,0.0000,0.0000,0.0000,0.5000,"Accelerate",-0.000159
2742,A0100,pursuit_chase_v1,UNKNOWN,16186.018744,26161.444423,6238.555577,8611.832056,26325.672058,17210.945273,494.400682,28032.014640,-267.154843,3911.365850,80.210378,0.290885,False,False,False,False,True,True,False,1-circle,1.000000,4325.485056,20607.556584,9.294032,1.369368,100.000000,100.000000,0.000000,0.000000,2,5,4,0.0000,0.0000,0.0000,0.5000,"PursuitChaseOptimal",-0.007674
2742,B0100,aggressive,UNKNOWN,16186.018744,26161.444423,6238.555577,8611.832056,26325.672058,17210.945273,494.400682,28032.014640,-267.154843,3911.365850,80.210378,0.290885,False,False,False,False,True,True,False,1-circle,1.000000,4325.485056,20607.556584,9.294032,1.369368,100.000000,100.000000,0.000000,0.000000,2,4,4,0.0000,0.0000,0.0000,0.5000,"Accelerate",0.012624
2743,A0100,pursuit_chase_v1,UNKNOWN,16186.018744,26161.444423,6238.555577,8611.832056,26325.672058,17210.945273,494.400682,28032.014640,-267.154843,3911.365850,80.210378,0.290885,False,False,False,False,True,True,False,1-circle,1.000000,4325.485056,20607.556584,9.294032,1.369368,100.000000,100.000000,0.000000,0.000000,2,5,4,0.0000,0.0000,0.0000,0.5000,"PursuitChaseOptimal",-0.019142
2743,B0100,aggressive,UNKNOWN,16186.018744,26161.444423,6238.555577,8611.832056,26325.672058,17210.945273,494.400682,28032.014640,-267.154843,3911.365850,80.210378,0.290885,False,False,False,False,True,True,False,1-circle,1.000000,4325.485056,20607.556584,9.294032,1.369368,100.000000,100.000000,0.000000,0.000000,2,4,4,0.0000,0.0000,0.0000,0.5000,"Accelerate",0.023437
2744,A0100,pursuit_chase_v1,UNKNOWN,16170.273560,26194.255320,6205.744680,8592.228296,26390.220200,17219.449817,493.868127,28017.219391,-295.904984,3840.213850,79.177430,0.135195,False,False,False,False,True,True,False,1-circle,1.000000,4318.345425,19717.524799,4.345693,0.681610,100.000000,100.000000,0.000000,0.000000,2,5,4,0.0000,0.0000,0.0000,0.5000,"PursuitChaseOptimal",-0.026740
2744,B0100,aggressive,UNKNOWN,16170.273560,26194.255320,6205.744680,8592.228296,26390.220200,17219.449817,493.868127,28017.219391,-295.904984,3840.213850,79.177430,0.135195,False,False,False,False,True,True,False,1-circle,1.000000,4318.345425,19717.524799,4.345693,0.681610,100.000000,100.000000,0.000000,0.000000,2,4,4,0.0000,0.0000,0.0000,0.5000,"Accelerate",0.030302
2745,A0100,pursuit_chase_v1,UNKNOWN,16170.273560,26194.255320,6205.744680,8592.228296,26390.220200,17219.449817,493.868127,28017.219391,-295.904984,3840.213850,79.177430,0.135195,False,False,False,False,True,True,False,1-circle,1.000000,4318.345425,19717.524799,4.345693,0.681610,100.000000,100.000000,0.000000,0.000000,2,5,4,0.0000,0.0000,0.0000,0.5000,"PursuitChaseOptimal",-0.022999
2745,B0100,aggressive,UNKNOWN,16170.273560,26194.255320,6205.744680,8592.228296,26390.220200,17219.449817,493.868127,28017.219391,-295.904984,3840.213850,79.177430,0.135195,False,False,False,False,True,True,False,1-circle,1.000000,4318.345425,19717.524799,4.345693,0.681610,100.000000,100.000000,0.000000,0.000000,2,4,4,0.0000,0.0000,0.0000,0.5000,"Accelerate",0.026693
2746,A0100,pursuit_chase_v1,UNKNOWN,16154.859870,26219.570053,6180.429947,8535.817971,26452.143220,17227.072982,493.485851,28008.133130,-181.725228,3789.441643,79.189924,0.067992,False,False,False,False,True,True,False,1-circle,1.000000,4312.085635,19330.226680,2.187315,0.029387,100.000000,100.000000,0.000000,0.000000,2,5,4,0.0000,0.0000,0.0000,0.5000,"PursuitChaseOptimal",-0.028883
2746,B0100,aggressive,UNKNOWN,16154.859870,26219.570053,6180.429947,8535.817971,26452.143220,17227.072982,493.485851,28008.133130,-181.725228,3789.441643,79.189924,0.067992,False,False,False,False,True,True,False,1-circle,1.000000,4312.085635,19330.226680,2.187315,0.029387,100.000000,100.000000,0.000000,0.000000,2,4,4,0.0000,0.0000,0.0000,0.5000,"Accelerate",0.032577
2747,A0100,pursuit_chase_v1,UNKNOWN,16154.859870,26219.570053,6180.429947,8535.817971,26452.143220,17227.072982,493.485851,28008.133130,-181.725228,3789.441643,79.189924,0.067992,False,False,False,False,True,True,False,1-circle,1.000000,4312.085635,19330.226680,2.187315,0.029387,100.000000,100.000000,0.000000,0.000000,2,5,4,0.0000,0.0000,0.0000,0.5000,"PursuitChaseOptimal",-0.022858
2747,B0100,aggressive,UNKNOWN,16154.859870,26219.570053,6180.429947,8535.817971,26452.143220,17227.072982,493.485851,28008.133130,-181.725228,3789.441643,79.189924,0.067992,False,False,False,False,True,True,False,1-circle,1.000000,4312.085635,19330.226680,2.187315,0.029387,100.000000,100.000000,0.000000,0.000000,2,4,4,0.0000,0.0000,0.0000,0.5000,"Accelerate",0.027013
2748,A0100,pursuit_chase_v1,UNKNOWN,16139.712823,26245.595599,6154.404401,8439.973198,26510.320011,17233.775371,493.284213,28006.027067,-42.121265,3765.852418,79.893018,0.111107,False,False,False,False,True,True,False,1-circle,1.000000,4307.146897,19581.201466,3.570394,0.114298,100.000000,100.000000,0.000000,0.000000,2,5,4,0.0000,0.0000,0.0000,0.5000,"PursuitChaseOptimal",-0.016731
2748,B0100,aggressive,UNKNOWN,16139.712823,26245.595599,6154.404401,8439.973198,26510.320011,17233.775371,493.284213,28006.027067,-42.121265,3765.852418,79.893018,0.111107,False,False,False,False,True,True,False,1-circle,1.000000,4307.146897,19581.201466,3.570394,0.114298,100.000000,100.000000,0.000000,0.000000,2,4,4,0.0000,0.0000,0.0000,0.5000,"Accelerate",0.021683
2749,A0100,pursuit_chase_v1,UNKNOWN,16139.712823,26245.595599,6154.404401,8439.973198,26510.320011,17233.775371,493.284213,28006.027067,-42.121265,3765.852418,79.893018,0.111107,False,False,False,False,True,True,False,1-circle,1.000000,4307.146897,19581.201466,3.570394,0.114298,100.000000,100.000000,0.000000,0.000000,2,5,4,0.0000,0.0000,0.0000,0.5000,"PursuitChaseOptimal",-0.013496
2749,B0100,aggressive,UNKNOWN,16139.712823,26245.595599,6154.404401,8439.973198,26510.320011,17233.775371,493.284213,28006.027067,-42.121265,3765.852418,79.893018,0.111107,False,False,False,False,True,True,False,1-circle,1.000000,4307.146897,19581.201466,3.570394,0.114298,100.000000,100.000000,0.000000,0.000000,2,4,4,0.0000,0.0000,0.0000,0.5000,"Accelerate",0.018790
2750,A0100,pursuit_chase_v1,UNKNOWN,16124.785588,26283.323115,6116.676885,8316.145935,26567.598685,17239.913021,493.021986,28000.714801,-106.245310,3760.590492,80.498383,0.023079,False,False,False,False,True,True,False,1-circle,1.000000,4303.440361,19074.906336,0.742235,1.128614,100.000000,100.000000,0.000000,0.000000,2,5,4,0.0000,0.0000,0.0000,0.5000,"PursuitChaseOptimal",-0.010721
2750,B0100,aggressive,UNKNOWN,16124.785588,26283.323115,6116.676885,8316.145935,26567.598685,17239.913021,493.021986,28000.714801,-106.245310,3760.590492,80.498383,0.023079,False,False,False,False,True,True,False,1-circle,1.000000,4303.440361,19074.906336,0.742235,1.128614,100.000000,100.000000,0.000000,0.000000,2,4,4,0.0000,0.0000,0.0000,0.5000,"Accelerate",0.016044
2751,A0100,pursuit_chase_v1,UNKNOWN,16124.785588,26283.323115,6116.676885,8316.145935,26567.598685,17239.913021,493.021986,28000.714801,-106.245310,3760.590492,80.498383,0.023079,False,False,False,False,True,True,False,1-circle,1.000000,4303.440361,19074.906336,0.742235,1.128614,100.000000,100.000000,0.000000,0.000000,2,5,4,0.0000,0.0000,0.0000,0.5000,"PursuitChaseOptimal",-0.007557
2751,B0100,aggressive,UNKNOWN,16124.785588,26283.323115,6116.676885,8316.145935,26567.598685,17239.913021,493.021986,28000.714801,-106.245310,3760.590492,80.498383,0.023079,False,False,False,False,True,True,False,1-circle,1.000000,4303.440361,19074.906336,0.742235,1.128614,100.000000,100.000000,0.000000,0.000000,2,4,4,0.0000,0.0000,0.0000,0.5000,"Accelerate",0.013037
2752,A0100,pursuit_chase_v1,UNKNOWN,16110.060388,26320.585123,6079.414877,8182.663709,26621.939537,17245.697341,492.966776,28004.089223,67.488429,3779.924820,80.904048,0.000806,False,False,False,False,True,True,False,1-circle,1.000000,4300.819283,18940.074240,-0.025919,1.658238,100.000000,100.000000,0.000000,0.000000,2,5,4,0.0000,0.0000,0.0000,0.5000,"PursuitChaseOptimal",-0.004611
2752,B0100,aggressive,UNKNOWN,16110.060388,26320.585123,6079.414877,8182.663709,26621.939537,17245.697341,492.966776,28004.089223,67.488429,3779.924820,80.904048,0.000806,False,False,False,False,True,True,False,1-circle,1.000000,4300.819283,18940.074240,-0.025919,1.658238,100.000000,100.000000,0.000000,0.000000,2,4,4,0.0000,0.0000,0.0000,0.5000,"Accelerate",0.009886
2753,A0100,pursuit_chase_v1,UNKNOWN,16110.060388,26320.585123,6079.414877,8182.663709,26621.939537,17245.697341,492.966776,28004.089223,67.488429,3779.924820,80.904048,0.000806,False,False,False,False,True,True,False,1-circle,1.000000,4300.819283,18940.074240,-0.025919,1.658238,100.000000,100.000000,0.000000,0.000000,2,5,4,0.0000,0.0000,0.0000,0.5000,"PursuitChaseOptimal",-0.001442
2753,B0100,aggressive,UNKNOWN,16110.060388,26320.585123,6079.414877,8182.663709,26621.939537,17245.697341,492.966776,28004.089223,67.488429,3779.924820,80.904048,0.000806,False,False,False,False,True,True,False,1-circle,1.000000,4300.819283,18940.074240,-0.025919,1.658238,100.000000,100.000000,0.000000,0.000000,2,4,4,0.0000,0.0000,0.0000,0.5000,"Accelerate",0.006987
2754,A0100,pursuit_chase_v1,UNKNOWN,16095.570594,26355.544130,6044.455870,8043.193205,26674.178535,17251.126176,493.150645,28017.544988,269.115310,3820.781430,81.085382,0.091020,False,False,False,False,True,True,False,1-circle,1.000000,4299.279971,19475.519841,2.926066,1.686549,100.000000,100.000000,0.000000,0.000000,2,5,4,0.0000,0.0000,0.0000,0.5000,"PursuitChaseOptimal",0.001747
2754,B0100,aggressive,UNKNOWN,16095.570594,26355.544130,6044.455870,8043.193205,26674.178535,17251.126176,493.150645,28017.544988,269.115310,3820.781430,81.085382,0.091020,False,False,False,False,True,True,False,1-circle,1.000000,4299.279971,19475.519841,2.926066,1.686549,100.000000,100.000000,0.000000,0.000000,2,4,4,0.0000,0.0000,0.0000,0.5000,"Accelerate",0.004072
2755,A0100,pursuit_chase_v1,UNKNOWN,16095.570594,26355.544130,6044.455870,8043.193205,26674.178535,17251.126176,493.150645,28017.544988,269.115310,3820.781430,81.085382,0.091020,False,False,False,False,True,True,False,1-circle,1.000000,4299.279971,19475.519841,2.926066,1.686549,100.000000,100.000000,0.000000,0.000000,2,5,4,0.0000,0.0000,0.0000,0.5000,"PursuitChaseOptimal",0.005435
2755,B0100,aggressive,UNKNOWN,16095.570594,26355.544130,6044.455870,8043.193205,26674.178535,17251.126176,493.150645,28017.544988,269.115310,3820.781430,81.085382,0.091020,False,False,False,False,True,True,False,1-circle,1.000000,4299.279971,19475.519841,2.926066,1.686549,100.000000,100.000000,0.000000,0.000000,2,4,4,0.0000,0.0000,0.0000,0.5000,"Accelerate",0.000461
2756,A0100,pursuit_chase_v1,UNKNOWN,16081.307353,26400.567319,5999.432681,7895.557201,26728.309976,17256.346253,493.182782,28024.168311,132.466467,3856.026373,80.985513,0.038052,False,False,False,False,True,True,False,1-circle,1.000000,4298.634851,19173.826183,1.224295,1.815042,100.000000,100.000000,0.000000,0.000000,2,5,4,0.0000,0.0000,0.0000,0.5000,"PursuitChaseOptimal",0.009103
2756,B0100,aggressive,UNKNOWN,16081.307353,26400.567319,5999.432681,7895.557201,26728.309976,17256.346253,493.182782,28024.168311,132.466467,3856.026373,80.985513,0.038052,False,False,False,False,True,True,False,1-circle,1.000000,4298.634851,19173.826183,1.224295,1.815042,100.000000,100.000000,0.000000,0.000000,2,4,4,0.0000,0.0000,0.0000,0.5000,"Accelerate",-0.003267
2757,A0100,pursuit_chase_v1,UNKNOWN,16081.307353,26400.567319,5999.432681,7895.557201,26728.309976,17256.346253,493.182782,28024.168311,132.466467,3856.026373,80.985513,0.038052,False,False,False,False,True,True,False,1-circle,1.000000,4298.634851,19173.826183,1.224295,1.815042,100.000000,100.000000,0.000000,0.000000,2,5,4,0.0000,0.0000,0.0000,0.5000,"PursuitChaseOptimal",0.012768
2757,B0100,aggressive,UNKNOWN,16081.307353,26400.567319,5999.432681,7895.557201,26728.309976,17256.346253,493.182782,28024.168311,132.466467,3856.026373,80.985513,0.038052,False,False,False,False,True,True,False,1-circle,1.000000,4298.634851,19173.826183,1.224295,1.815042,100.000000,100.000000,0.000000,0.000000,2,4,4,0.0000,0.0000,0.0000,0.5000,"Accelerate",-0.007133
2758,A0100,pursuit_chase_v1,UNKNOWN,16067.266936,26436.487675,5963.512325,7747.427162,26777.886293,17261.426360,493.388728,28038.243278,281.499327,3904.641522,80.906022,0.053220,False,False,False,False,True,True,False,1-circle,1.000000,4298.753968,19266.846582,1.712853,1.979393,100.000000,100.000000,0.000000,0.000000,2,4,4,0.0000,0.0000,0.0000,0.5000,"PursuitChaseOptimal",0.020805
2758,B0100,aggressive,UNKNOWN,16067.266936,26436.487675,5963.512325,7747.427162,26777.886293,17261.426360,493.388728,28038.243278,281.499327,3904.641522,80.906022,0.053220,False,False,False,False,True,True,False,1-circle,1.000000,4298.753968,19266.846582,1.712853,1.979393,100.000000,100.000000,0.000000,0.000000,2,4,4,0.0000,0.0000,0.0000,0.5000,"Accelerate",-0.014773
2759,A0100,pursuit_chase_v1,UNKNOWN,16067.266936,26436.487675,5963.512325,7747.427162,26777.886293,17261.426360,493.388728,28038.243278,281.499327,3904.641522,80.906022,0.053220,False,False,False,False,True,True,False,1-circle,1.000000,4298.753968,19266.846582,1.712853,1.979393,100.000000,100.000000,0.000000,0.000000,2,4,4,0.0000,0.0000,0.0000,0.5000,"PursuitChaseOptimal",0.016488
2759,B0100,aggressive,UNKNOWN,16067.266936,26436.487675,5963.512325,7747.427162,26777.886293,17261.426360,493.388728,28038.243278,281.499327,3904.641522,80.906022,0.053220,False,False,False,False,True,True,False,1-circle,1.000000,4298.753968,19266.846582,1.712853,1.979393,100.000000,100.000000,0.000000,0.000000,2,4,4,0.0000,0.0000,0.0000,0.5000,"Accelerate",-0.010628
2760,A0100,pursuit_chase_v1,UNKNOWN,16053.455922,26470.665952,5929.334048,7596.480038,26824.672040,17266.264677,493.653371,28054.645614,328.046718,3955.270661,80.781832,0.145311,False,False,False,False,True,True,False,1-circle,1.000000,4299.663187,19804.749521,4.670379,1.852468,100.000000,100.000000,0.000000,0.000000,2,4,4,0.0000,0.0000,0.0000,0.5000,"PursuitChaseOptimal",0.016573
2760,B0100,aggressive,UNKNOWN,16053.455922,26470.665952,5929.334048,7596.480038,26824.672040,17266.264677,493.653371,28054.645614,328.046718,3955.270661,80.781832,0.145311,False,False,False,False,True,True,False,1-circle,1.000000,4299.663187,19804.749521,4.670379,1.852468,100.000000,100.000000,0.000000,0.000000,2,4,4,0.0000,0.0000,0.0000,0.5000,"Accelerate",-0.010297
2761,A0100,pursuit_chase_v1,UNKNOWN,16053.455922,26470.665952,5929.334048,7596.480038,26824.672040,17266.264677,493.653371,28054.645614,328.046718,3955.270661,80.781832,0.145311,False,False,False,False,True,True,False,1-circle,1.000000,4299.663187,19804.749521,4.670379,1.852468,100.000000,100.000000,0.000000,0.000000,2,4,4,0.0000,0.0000,0.0000,0.5000,"PursuitChaseOptimal",0.004662
2761,B0100,aggressive,UNKNOWN,16053.455922,26470.665952,5929.334048,7596.480038,26824.672040,17266.264677,493.653371,28054.645614,328.046718,3955.270661,80.781832,0.145311,False,False,False,False,True,True,False,1-circle,1.000000,4299.663187,19804.749521,4.670379,1.852468,100.000000,100.000000,0.000000,0.000000,2,4,4,0.0000,0.0000,0.0000,0.5000,"Accelerate",0.001368
2762,A0100,pursuit_chase_v1,UNKNOWN,16039.828453,26515.212253,5884.787747,7457.733643,26871.247656,17271.053717,493.656234,28059.559764,98.283013,3983.880969,80.412699,0.037662,False,False,False,False,True,True,False,1-circle,1.000000,4301.116082,19188.306121,1.213073,2.113403,100.000000,100.000000,0.000000,0.000000,2,4,4,0.0000,0.0000,0.0000,0.5000,"PursuitChaseOptimal",-0.004722
2762,B0100,aggressive,UNKNOWN,16039.828453,26515.212253,5884.787747,7457.733643,26871.247656,17271.053717,493.656234,28059.559764,98.283013,3983.880969,80.412699,0.037662,False,False,False,False,True,True,False,1-circle,1.000000,4301.116082,19188.306121,1.213073,2.113403,100.000000,100.000000,0.000000,0.000000,2,4,4,0.0000,0.0000,0.0000,0.5000,"Accelerate",0.009966
2763,A0100,pursuit_chase_v1,UNKNOWN,16039.828453,26515.212253,5884.787747,7457.733643,26871.247656,17271.053717,493.656234,28059.559764,98.283013,3983.880969,80.412699,0.037662,False,False,False,False,True,True,False,1-circle,1.000000,4301.116082,19188.306121,1.213073,2.113403,100.000000,100.000000,0.000000,0.000000,2,4,4,0.0000,0.0000,0.0000,0.5000,"PursuitChaseOptimal",-0.010713
2763,B0100,aggressive,UNKNOWN,16039.828453,26515.212253,5884.787747,7457.733643,26871.247656,17271.053717,493.656234,28059.559764,98.283013,3983.880969,80.412699,0.037662,False,False,False,False,True,True,False,1-circle,1.000000,4301.116082,19188.306121,1.213073,2.113403,100.000000,100.000000,0.000000,0.000000,2,4,4,0.0000,0.0000,0.0000,0.5000,"Accelerate",0.015581
2764,A0100,pursuit_chase_v1,UNKNOWN,16026.409796,26557.302352,5842.697648,7354.809489,26918.244526,17275.918437,493.725716,28067.461680,158.038311,4017.988987,79.517279,0.049096,False,False,False,False,True,True,False,1-circle,1.000000,4302.928877,18691.369669,-1.581493,2.064266,100.000000,100.000000,0.000000,0.000000,2,4,4,0.0000,0.0000,0.0000,0.5000,"PursuitChaseOptimal",-0.013996
2764,B0100,aggressive,UNKNOWN,16026.409796,26557.302352,5842.697648,7354.809489,26918.244526,17275.918437,493.725716,28067.461680,158.038311,4017.988987,79.517279,0.049096,False,False,False,False,True,True,False,1-circle,1.000000,4302.928877,18691.369669,-1.581493,2.064266,100.000000,100.000000,0.000000,0.000000,2,4,4,0.0000,0.0000,0.0000,0.5000,"Accelerate",0.018314
2765,A0100,pursuit_chase_v1,UNKNOWN,16026.409796,26557.302352,5842.697648,7354.809489,26918.244526,17275.918437,493.725716,28067.461680,158.038311,4017.988987,79.517279,0.049096,False,False,False,False,True,True,False,1-circle,1.000000,4302.928877,18691.369669,-1.581493,2.064266,100.000000,100.000000,0.000000,0.000000,2,4,4,0.0000,0.0000,0.0000,0.5000,"PursuitChaseOptimal",-0.014833
2765,B0100,aggressive,UNKNOWN,16026.409796,26557.302352,5842.697648,7354.809489,26918.244526,17275.918437,493.725716,28067.461680,158.038311,4017.988987,79.517279,0.049096,False,False,False,False,True,True,False,1-circle,1.000000,4302.928877,18691.369669,-1.581493,2.064266,100.000000,100.000000,0.000000,0.000000,2,4,4,0.0000,0.0000,0.0000,0.5000,"Accelerate",0.018746
2766,A0100,pursuit_chase_v1,UNKNOWN,16013.271084,26589.628546,5810.371454,7292.637792,26963.759983,17280.684349,494.040526,28085.993818,370.642771,4049.031030,78.419354,0.027803,False,False,False,False,True,True,False,1-circle,1.000000,4305.140946,19143.704640,0.896329,1.867681,100.000000,100.000000,0.000000,0.000000,2,4,4,0.0000,0.0000,0.0000,0.5000,"PursuitChaseOptimal",-0.013164
2766,B0100,aggressive,UNKNOWN,16013.271084,26589.628546,5810.371454,7292.637792,26963.759983,17280.684349,494.040526,28085.993818,370.642771,4049.031030,78.419354,0.027803,False,False,False,False,True,True,False,1-circle,1.000000,4305.140946,19143.704640,0.896329,1.867681,100.000000,100.000000,0.000000,0.000000,2,4,4,0.0000,0.0000,0.0000,0.5000,"Accelerate",0.017244
2767,A0100,pursuit_chase_v1,UNKNOWN,16013.271084,26589.628546,5810.371454,7292.637792,26963.759983,17280.684349,494.040526,28085.993818,370.642771,4049.031030,78.419354,0.027803,False,False,False,False,True,True,False,1-circle,1.000000,4305.140946,19143.704640,0.896329,1.867681,100.000000,100.000000,0.000000,0.000000,2,4,4,0.0000,0.0000,0.0000,0.5000,"PursuitChaseOptimal",-0.010895
2767,B0100,aggressive,UNKNOWN,16013.271084,26589.628546,5810.371454,7292.637792,26963.759983,17280.684349,494.040526,28085.993818,370.642771,4049.031030,78.419354,0.027803,False,False,False,False,True,True,False,1-circle,1.000000,4305.140946,19143.704640,0.896329,1.867681,100.000000,100.000000,0.000000,0.000000,2,4,4,0.0000,0.0000,0.0000,0.5000,"Accelerate",0.015112
2768,A0100,pursuit_chase_v1,UNKNOWN,16000.442709,26624.030457,5775.969543,7265.266740,27009.140190,17285.263883,494.260453,28100.195647,284.036577,4067.615690,76.858341,0.082523,False,False,False,False,True,True,False,1-circle,1.000000,4307.649010,19467.676009,2.659976,1.708379,100.000000,100.000000,0.000000,0.000000,2,4,4,0.0000,0.0000,0.0000,0.5000,"PursuitChaseOptimal",-0.006818
2768,B0100,aggressive,UNKNOWN,16000.442709,26624.030457,5775.969543,7265.266740,27009.140190,17285.263883,494.260453,28100.195647,284.036577,4067.615690,76.858341,0.082523,False,False,False,False,True,True,False,1-circle,1.000000,4307.649010,19467.676009,2.659976,1.708379,100.000000,100.000000,0.000000,0.000000,2,4,4,0.0000,0.0000,0.0000,0.5000,"Accelerate",0.010941
2769,A0100,pursuit_chase_v1,UNKNOWN,16000.442709,26624.030457,5775.969543,7265.266740,27009.140190,17285.263883,494.260453,28100.195647,284.036577,4067.615690,76.858341,0.082523,False,False,False,False,True,True,False,1-circle,1.000000,4307.649010,19467.676009,2.659976,1.708379,100.000000,100.000000,0.000000,0.000000,2,4,4,0.0000,0.0000,0.0000,0.5000,"PursuitChaseOptimal",-0.002003
2769,B0100,aggressive,UNKNOWN,16000.442709,26624.030457,5775.969543,7265.266740,27009.140190,17285.263883,494.260453,28100.195647,284.036577,4067.615690,76.858341,0.082523,False,False,False,False,True,True,False,1-circle,1.000000,4307.649010,19467.676009,2.659976,1.708379,100.000000,100.000000,0.000000,0.000000,2,4,4,0.0000,0.0000,0.0000,0.5000,"Accelerate",0.006363
2770,A0100,pursuit_chase_v1,UNKNOWN,15987.938270,26655.908667,5744.091333,7266.863737,27052.669940,17289.716468,494.466084,28113.648963,269.066314,4088.825036,74.793247,0.078666,False,False,False,False,True,True,False,1-circle,1.000000,4310.179920,19452.071469,2.536925,1.560291,100.000000,100.000000,0.000000,0.000000,2,4,4,0.0000,0.0000,0.0000,0.5000,"PursuitChaseOptimal",0.002560
2770,B0100,aggressive,UNKNOWN,15987.938270,26655.908667,5744.091333,7266.863737,27052.669940,17289.716468,494.466084,28113.648963,269.066314,4088.825036,74.793247,0.078666,False,False,False,False,True,True,False,1-circle,1.000000,4310.179920,19452.071469,2.536925,1.560291,100.000000,100.000000,0.000000,0.000000,2,4,4,0.0000,0.0000,0.0000,0.5000,"Accelerate",0.001964
2771,A0100,pursuit_chase_v1,UNKNOWN,15987.938270,26655.908667,5744.091333,7266.863737,27052.669940,17289.716468,494.466084,28113.648963,269.066314,4088.825036,74.793247,0.078666,False,False,False,False,True,True,False,1-circle,1.000000,4310.179920,19452.071469,2.536925,1.560291,100.000000,100.000000,0.000000,0.000000,2,4,4,0.0000,0.0000,0.0000,0.5000,"PursuitChaseOptimal",0.006399
2771,B0100,aggressive,UNKNOWN,15987.938270,26655.908667,5744.091333,7266.863737,27052.669940,17289.716468,494.466084,28113.648963,269.066314,4088.825036,74.793247,0.078666,False,False,False,False,True,True,False,1-circle,1.000000,4310.179920,19452.071469,2.536925,1.560291,100.000000,100.000000,0.000000,0.000000,2,4,4,0.0000,0.0000,0.0000,0.5000,"Accelerate",-0.002025
2772,A0100,pursuit_chase_v1,UNKNOWN,15975.787773,26694.907713,5705.092287,7280.968232,27099.587418,17294.076242,494.521592,28120.439039,135.801520,4108.343206,72.114940,0.004428,False,False,False,False,True,True,False,1-circle,1.000000,4312.496673,18976.133621,-0.142909,1.431224,100.000000,100.000000,0.000000,0.000000,2,4,4,0.0000,0.0000,0.0000,0.5000,"PursuitChaseOptimal",0.009424
2772,B0100,aggressive,UNKNOWN,15975.787773,26694.907713,5705.092287,7280.968232,27099.587418,17294.076242,494.521592,28120.439039,135.801520,4108.343206,72.114940,0.004428,False,False,False,False,True,True,False,1-circle,1.000000,4312.496673,18976.133621,-0.142909,1.431224,100.000000,100.000000,0.000000,0.000000,2,4,4,0.0000,0.0000,0.0000,0.5000,"Accelerate",-0.005102
2773,A0100,pursuit_chase_v1,UNKNOWN,15975.787773,26694.907713,5705.092287,7280.968232,27099.587418,17294.076242,494.521592,28120.439039,135.801520,4108.343206,72.114940,0.004428,False,False,False,False,True,True,False,1-circle,1.000000,4312.496673,18976.133621,-0.142909,1.431224,100.000000,100.000000,0.000000,0.000000,2,4,4,0.0000,0.0000,0.0000,0.5000,"PursuitChaseOptimal",0.011745
2773,B0100,aggressive,UNKNOWN,15975.787773,26694.907713,5705.092287,7280.968232,27099.587418,17294.076242,494.521592,28120.439039,135.801520,4108.343206,72.114940,0.004428,False,False,False,False,True,True,False,1-circle,1.000000,4312.496673,18976.133621,-0.142909,1.431224,100.000000,100.000000,0.000000,0.000000,2,4,4,0.0000,0.0000,0.0000,0.5000,"Accelerate",-0.007779
2774,A0100,pursuit_chase_v1,UNKNOWN,15964.037160,26723.227330,5676.772670,7307.089697,27142.846351,17298.312142,494.759596,28135.098498,293.189185,4144.855575,69.248392,0.035964,False,False,False,False,True,True,False,1-circle,1.000000,4314.488253,19217.113493,1.161159,1.323324,100.000000,100.000000,0.000000,0.000000,2,4,4,0.0000,0.0000,0.0000,0.5000,"PursuitChaseOptimal",0.012021
2774,B0100,aggressive,UNKNOWN,15964.037160,26723.227330,5676.772670,7307.089697,27142.846351,17298.312142,494.759596,28135.098498,293.189185,4144.855575,69.248392,0.035964,False,False,False,False,True,True,False,1-circle,1.000000,4314.488253,19217.113493,1.161159,1.323324,100.000000,100.000000,0.000000,0.000000,2,4,4,0.0000,0.0000,0.0000,0.5000,"Accelerate",-0.008064
2775,A0100,pursuit_chase_v1,UNKNOWN,15964.037160,26723.227330,5676.772670,7307.089697,27142.846351,17298.312142,494.759596,28135.098498,293.189185,4144.855575,69.248392,0.035964,False,False,False,False,True,True,False,1-circle,1.000000,4314.488253,19217.113493,1.161159,1.323324,100.000000,100.000000,0.000000,0.000000,2,4,4,0.0000,0.0000,0.0000,0.5000,"PursuitChaseOptimal",0.007274
2775,B0100,aggressive,UNKNOWN,15964.037160,26723.227330,5676.772670,7307.089697,27142.846351,17298.312142,494.759596,28135.098498,293.189185,4144.855575,69.248392,0.035964,False,False,False,False,True,True,False,1-circle,1.000000,4314.488253,19217.113493,1.161159,1.323324,100.000000,100.000000,0.000000,0.000000,2,4,4,0.0000,0.0000,0.0000,0.5000,"Accelerate",-0.003464
2776,A0100,pursuit_chase_v1,UNKNOWN,15952.723171,26753.725379,5646.274621,7331.129871,27187.618567,17302.303822,494.987949,28149.095743,279.944894,4178.561703,66.318640,0.055302,False,False,False,False,True,True,False,1-circle,1.000000,4316.203701,19335.687324,1.786068,1.229392,100.000000,100.000000,0.000000,0.000000,2,4,4,0.0000,0.0000,0.0000,0.5000,"PursuitChaseOptimal",-0.001679
2776,B0100,aggressive,UNKNOWN,15952.723171,26753.725379,5646.274621,7331.129871,27187.618567,17302.303822,494.987949,28149.095743,279.944894,4178.561703,66.318640,0.055302,False,False,False,False,True,True,False,1-circle,1.000000,4316.203701,19335.687324,1.786068,1.229392,100.000000,100.000000,0.000000,0.000000,2,4,4,0.0000,0.0000,0.0000,0.5000,"Accelerate",0.004974
2777,A0100,pursuit_chase_v1,UNKNOWN,15952.723171,26753.725379,5646.274621,7331.129871,27187.618567,17302.303822,494.987949,28149.095743,279.944894,4178.561703,66.318640,0.055302,False,False,False,False,True,True,False,1-circle,1.000000,4316.203701,19335.687324,1.786068,1.229392,100.000000,100.000000,0.000000,0.000000,2,4,4,0.0000,0.0000,0.0000,0.5000,"PursuitChaseOptimal",-0.011124
2777,B0100,aggressive,UNKNOWN,15952.723171,26753.725379,5646.274621,7331.129871,27187.618567,17302.303822,494.987949,28149.095743,279.944894,4178.561703,66.318640,0.055302,False,False,False,False,True,True,False,1-circle,1.000000,4316.203701,19335.687324,1.786068,1.229392,100.000000,100.000000,0.000000,0.000000,2,4,4,0.0000,0.0000,0.0000,0.5000,"Accelerate",0.014018
2778,A0100,pursuit_chase_v1,UNKNOWN,15941.829909,26785.324325,5614.675675,7343.009317,27233.552551,17306.138563,495.207434,28162.551875,269.122643,4208.328878,63.759475,0.016169,False,False,False,False,True,True,False,1-circle,1.000000,4317.654790,19114.201826,0.522605,1.121907,100.000000,100.000000,0.000000,0.000000,2,4,4,0.0000,0.0000,0.0000,0.5000,"PursuitChaseOptimal",-0.021281
2778,B0100,aggressive,UNKNOWN,15941.829909,26785.324325,5614.675675,7343.009317,27233.552551,17306.138563,495.207434,28162.551875,269.122643,4208.328878,63.759475,0.016169,False,False,False,False,True,True,False,1-circle,1.000000,4317.654790,19114.201826,0.522605,1.121907,100.000000,100.000000,0.000000,0.000000,2,4,4,0.0000,0.0000,0.0000,0.5000,"Accelerate",0.023797
2779,A0100,pursuit_chase_v1,UNKNOWN,15941.829909,26785.324325,5614.675675,7343.009317,27233.552551,17306.138563,495.207434,28162.551875,269.122643,4208.328878,63.759475,0.016169,False,False,False,False,True,True,False,1-circle,1.000000,4317.654790,19114.201826,0.522605,1.121907,100.000000,100.000000,0.000000,0.000000,2,4,4,0.0000,0.0000,0.0000,0.5000,"PursuitChaseOptimal",-0.032386
2779,B0100,aggressive,UNKNOWN,15941.829909,26785.324325,5614.675675,7343.009317,27233.552551,17306.138563,495.207434,28162.551875,269.122643,4208.328878,63.759475,0.016169,False,False,False,False,True,True,False,1-circle,1.000000,4317.654790,19114.201826,0.522605,1.121907,100.000000,100.000000,0.000000,0.000000,2,4,4,0.0000,0.0000,0.0000,0.5000,"Accelerate",0.034476
2780,A0100,pursuit_chase_v1,UNKNOWN,15931.340944,26815.047825,5584.952175,7346.626615,27277.807112,17309.739928,495.444675,28176.557798,280.118464,4238.926629,61.645023,0.026197,False,False,False,False,True,True,False,1-circle,1.000000,4319.137032,19178.579032,0.847096,1.023182,100.000000,100.000000,0.000000,0.000000,2,5,4,0.0000,0.0000,0.0000,0.5000,"PursuitChaseOptimal",-0.044198
2780,B0100,aggressive,UNKNOWN,15931.340944,26815.047825,5584.952175,7346.626615,27277.807112,17309.739928,495.444675,28176.557798,280.118464,4238.926629,61.645023,0.026197,False,False,False,False,True,True,False,1-circle,1.000000,4319.137032,19178.579032,0.847096,1.023182,100.000000,100.000000,0.000000,0.000000,2,4,4,0.0000,0.0000,0.0000,0.5000,"Accelerate",0.045841
2781,A0100,pursuit_chase_v1,UNKNOWN,15931.340944,26815.047825,5584.952175,7346.626615,27277.807112,17309.739928,495.444675,28176.557798,280.118464,4238.926629,61.645023,0.026197,False,False,False,False,True,True,False,1-circle,1.000000,4319.137032,19178.579032,0.847096,1.023182,100.000000,100.000000,0.000000,0.000000,2,5,4,0.0000,0.0000,0.0000,0.5000,"PursuitChaseOptimal",-0.026641
2781,B0100,aggressive,UNKNOWN,15931.340944,26815.047825,5584.952175,7346.626615,27277.807112,17309.739928,495.444675,28176.557798,280.118464,4238.926629,61.645023,0.026197,False,False,False,False,True,True,False,1-circle,1.000000,4319.137032,19178.579032,0.847096,1.023182,100.000000,100.000000,0.000000,0.000000,2,4,4,0.0000,0.0000,0.0000,0.5000,"Accelerate",0.028737
2782,A0100,pursuit_chase_v1,UNKNOWN,15921.249427,26846.388087,5553.611913,7348.239489,27323.902241,17313.186367,495.670493,28189.912415,267.092330,4264.387196,59.655643,0.015519,False,False,False,False,True,True,False,1-circle,1.000000,4320.756563,18941.793688,-0.502064,0.916132,100.000000,100.000000,0.000000,0.000000,2,5,4,0.0000,0.0000,0.0000,0.5000,"PursuitChaseOptimal",-0.029991
2782,B0100,aggressive,UNKNOWN,15921.249427,26846.388087,5553.611913,7348.239489,27323.902241,17313.186367,495.670493,28189.912415,267.092330,4264.387196,59.655643,0.015519,False,False,False,False,True,True,False,1-circle,1.000000,4320.756563,18941.793688,-0.502064,0.916132,100.000000,100.000000,0.000000,0.000000,2,4,4,0.0000,0.0000,0.0000,0.5000,"Accelerate",0.031659
2783,A0100,pursuit_chase_v1,UNKNOWN,15921.249427,26846.388087,5553.611913,7348.239489,27323.902241,17313.186367,495.670493,28189.912415,267.092330,4264.387196,59.655643,0.015519,False,False,False,False,True,True,False,1-circle,1.000000,4320.756563,18941.793688,-0.502064,0.916132,100.000000,100.000000,0.000000,0.000000,2,5,4,0.0000,0.0000,0.0000,0.5000,"PursuitChaseOptimal",-0.026792
2783,B0100,aggressive,UNKNOWN,15921.249427,26846.388087,5553.611913,7348.239489,27323.902241,17313.186367,495.670493,28189.912415,267.092330,4264.387196,59.655643,0.015519,False,False,False,False,True,True,False,1-circle,1.000000,4320.756563,18941.793688,-0.502064,0.916132,100.000000,100.000000,0.000000,0.000000,2,4,4,0.0000,0.0000,0.0000,0.5000,"Accelerate",0.028723
2784,A0100,pursuit_chase_v1,UNKNOWN,15911.577052,26871.180901,5528.819099,7358.436190,27367.344733,17316.367330,496.019372,28208.410017,369.952053,4306.184367,57.381988,0.054471,False,False,False,False,True,True,False,1-circle,1.000000,4322.577691,19355.685999,1.762912,0.817453,100.000000,100.000000,0.000000,0.000000,2,5,4,0.0000,0.0000,0.0000,0.5000,"PursuitChaseOptimal",-0.001484
2784,B0100,aggressive,UNKNOWN,15911.577052,26871.180901,5528.819099,7358.436190,27367.344733,17316.367330,496.019372,28208.410017,369.952053,4306.184367,57.381988,0.054471,False,False,False,False,True,True,False,1-circle,1.000000,4322.577691,19355.685999,1.762912,0.817453,100.000000,100.000000,0.000000,0.000000,2,4,4,0.0000,0.0000,0.0000,0.5000,"Accelerate",0.004026
2785,A0100,pursuit_chase_v1,UNKNOWN,15911.577052,26871.180901,5528.819099,7358.436190,27367.344733,17316.367330,496.019372,28208.410017,369.952053,4306.184367,57.381988,0.054471,False,False,False,False,True,True,False,1-circle,1.000000,4322.577691,19355.685999,1.762912,0.817453,100.000000,100.000000,0.000000,0.000000,2,5,4,0.0000,0.0000,0.0000,0.5000,"PursuitChaseOptimal",0.014887
2785,B0100,aggressive,UNKNOWN,15911.577052,26871.180901,5528.819099,7358.436190,27367.344733,17316.367330,496.019372,28208.410017,369.952053,4306.184367,57.381988,0.054471,False,False,False,False,True,True,False,1-circle,1.000000,4322.577691,19355.685999,1.762912,0.817453,100.000000,100.000000,0.000000,0.000000,2,4,4,0.0000,0.0000,0.0000,0.5000,"Accelerate",-0.012043
2786,A0100,pursuit_chase_v1,UNKNOWN,15902.312769,26908.927288,5491.072712,7369.296654,27415.620716,17319.374962,496.172826,28218.158044,194.960532,4323.440840,54.542964,0.007620,False,False,False,False,True,True,False,1-circle,1.000000,4324.281613,19000.080144,-0.246771,0.859571,100.000000,100.000000,0.000000,0.000000,2,5,4,0.0000,0.0000,0.0000,0.5000,"PursuitChaseOptimal",0.027256
2786,B0100,aggressive,UNKNOWN,15902.312769,26908.927288,5491.072712,7369.296654,27415.620716,17319.374962,496.172826,28218.158044,194.960532,4323.440840,54.542964,0.007620,False,False,False,False,True,True,False,1-circle,1.000000,4324.281613,19000.080144,-0.246771,0.859571,100.000000,100.000000,0.000000,0.000000,2,4,4,0.0000,0.0000,0.0000,0.5000,"Accelerate",-0.024205
2787,A0100,pursuit_chase_v1,UNKNOWN,15902.312769,26908.927288,5491.072712,7369.296654,27415.620716,17319.374962,496.172826,28218.158044,194.960532,4323.440840,54.542964,0.007620,False,False,False,False,True,True,False,1-circle,1.000000,4324.281613,19000.080144,-0.246771,0.859571,100.000000,100.000000,0.000000,0.000000,2,5,4,0.0000,0.0000,0.0000,0.5000,"PursuitChaseOptimal",0.031117
2787,B0100,aggressive,UNKNOWN,15902.312769,26908.927288,5491.072712,7369.296654,27415.620716,17319.374962,496.172826,28218.158044,194.960532,4323.440840,54.542964,0.007620,False,False,False,False,True,True,False,1-circle,1.000000,4324.281613,19000.080144,-0.246771,0.859571,100.000000,100.000000,0.000000,0.000000,2,4,4,0.0000,0.0000,0.0000,0.5000,"Accelerate",-0.027956
2788,A0100,pursuit_chase_v1,UNKNOWN,15893.440504,26936.613111,5463.386889,7399.498982,27457.261244,17322.259022,496.465265,28233.893147,314.702058,4344.879944,51.328856,0.022753,False,False,False,False,True,True,True,1-circle,1.000000,4325.449909,19183.024364,0.737238,0.991470,100.000000,100.000000,0.000000,0.000000,2,5,4,0.0000,0.0000,0.0000,0.5000,"PursuitChaseOptimal",0.023435
2788,B0100,aggressive,UNKNOWN,15893.440504,26936.613111,5463.386889,7399.498982,27457.261244,17322.259022,496.465265,28233.893147,314.702058,4344.879944,51.328856,0.022753,False,False,False,False,True,True,True,1-circle,1.000000,4325.449909,19183.024364,0.737238,0.991470,100.000000,100.000000,0.000000,0.000000,2,4,4,0.0000,0.0000,0.0000,0.5000,"Accelerate",-0.020502
2789,A0100,pursuit_chase_v1,UNKNOWN,15893.440504,26936.613111,5463.386889,7399.498982,27457.261244,17322.259022,496.465265,28233.893147,314.702058,4344.879944,51.328856,0.022753,False,False,False,False,True,True,True,1-circle,1.000000,4325.449909,19183.024364,0.737238,0.991470,100.000000,100.000000,0.000000,0.000000,2,5,4,0.0000,0.0000,0.0000,0.5000,"PursuitChaseOptimal",0.010027
2789,B0100,aggressive,UNKNOWN,15893.440504,26936.613111,5463.386889,7399.498982,27457.261244,17322.259022,496.465265,28233.893147,314.702058,4344.879944,51.328856,0.022753,False,False,False,False,True,True,True,1-circle,1.000000,4325.449909,19183.024364,0.737238,0.991470,100.000000,100.000000,0.000000,0.000000,2,4,4,0.0000,0.0000,0.0000,0.5000,"Accelerate",-0.007616
2790,A0100,pursuit_chase_v1,UNKNOWN,15884.960753,26975.858088,5424.141912,7430.668339,27506.557694,17325.026976,496.685288,28246.334883,248.834718,4347.713313,47.919111,0.042394,False,False,False,False,True,True,True,1-circle,1.000000,4325.908709,18808.395048,-1.374064,0.797493,100.000000,100.000000,0.000000,0.000000,2,5,4,0.0000,0.0000,0.0000,0.5000,"PursuitChaseOptimal",-0.001274
2790,B0100,aggressive,UNKNOWN,15884.960753,26975.858088,5424.141912,7430.668339,27506.557694,17325.026976,496.685288,28246.334883,248.834718,4347.713313,47.919111,0.042394,False,False,False,False,True,True,True,1-circle,1.000000,4325.908709,18808.395048,-1.374064,0.797493,100.000000,100.000000,0.000000,0.000000,2,4,4,0.0000,0.0000,0.0000,0.5000,"Accelerate",0.003290
2791,A0100,pursuit_chase_v1,UNKNOWN,15884.960753,26975.858088,5424.141912,7430.668339,27506.557694,17325.026976,496.685288,28246.334883,248.834718,4347.713313,47.919111,0.042394,False,False,False,False,True,True,True,1-circle,1.000000,4325.908709,18808.395048,-1.374064,0.797493,100.000000,100.000000,0.000000,0.000000,2,5,4,0.0000,0.0000,0.0000,0.5000,"PursuitChaseOptimal",-0.017761
2791,B0100,aggressive,UNKNOWN,15884.960753,26975.858088,5424.141912,7430.668339,27506.557694,17325.026976,496.685288,28246.334883,248.834718,4347.713313,47.919111,0.042394,False,False,False,False,True,True,True,1-circle,1.000000,4325.908709,18808.395048,-1.374064,0.797493,100.000000,100.000000,0.000000,0.000000,2,4,4,0.0000,0.0000,0.0000,0.5000,"Accelerate",0.018983
2792,A0100,pursuit_chase_v1,UNKNOWN,15876.867300,27002.360966,5397.639034,7434.668852,27550.500614,17327.648016,497.064812,28265.652499,386.352325,4362.627488,45.797302,0.005542,False,False,False,False,True,True,True,1-circle,1.000000,4325.935976,19028.522702,-0.179782,0.636946,100.000000,100.000000,0.000000,0.000000,2,5,4,0.0000,0.0000,0.0000,0.5000,"PursuitChaseOptimal",-0.018200
2792,B0100,aggressive,UNKNOWN,15876.867300,27002.360966,5397.639034,7434.668852,27550.500614,17327.648016,497.064812,28265.652499,386.352325,4362.627488,45.797302,0.005542,False,False,False,False,True,True,True,1-circle,1.000000,4325.935976,19028.522702,-0.179782,0.636946,100.000000,100.000000,0.000000,0.000000,2,4,4,0.0000,0.0000,0.0000,0.5000,"Accelerate",0.019589
2793,A0100,pursuit_chase_v1,UNKNOWN,15876.867300,27002.360966,5397.639034,7434.668852,27550.500614,17327.648016,497.064812,28265.652499,386.352325,4362.627488,45.797302,0.005542,False,False,False,False,True,True,True,1-circle,1.000000,4325.935976,19028.522702,-0.179782,0.636946,100.000000,100.000000,0.000000,0.000000,2,5,4,0.0000,0.0000,0.0000,0.5000,"PursuitChaseOptimal",-0.012754
2793,B0100,aggressive,UNKNOWN,15876.867300,27002.360966,5397.639034,7434.668852,27550.500614,17327.648016,497.064812,28265.652499,386.352325,4362.627488,45.797302,0.005542,False,False,False,False,True,True,True,1-circle,1.000000,4325.935976,19028.522702,-0.179782,0.636946,100.000000,100.000000,0.000000,0.000000,2,4,4,0.0000,0.0000,0.0000,0.5000,"Accelerate",0.014285
2794,A0100,pursuit_chase_v1,UNKNOWN,15869.053721,27033.500767,5366.499233,7379.478318,27595.810410,17330.042561,497.344401,28280.355348,294.056977,4363.751444,45.337272,0.008836,False,False,False,False,True,True,True,1-circle,1.000000,4326.202639,19117.834628,0.286819,0.495744,100.000000,100.000000,0.000000,0.000000,2,5,4,0.0000,0.0000,0.0000,0.5000,"PursuitChaseOptimal",-0.009414
2794,B0100,aggressive,UNKNOWN,15869.053721,27033.500767,5366.499233,7379.478318,27595.810410,17330.042561,497.344401,28280.355348,294.056977,4363.751444,45.337272,0.008836,False,False,False,False,True,True,True,1-circle,1.000000,4326.202639,19117.834628,0.286819,0.495744,100.000000,100.000000,0.000000,0.000000,2,4,4,0.0000,0.0000,0.0000,0.5000,"Accelerate",0.010850
2795,A0100,pursuit_chase_v1,UNKNOWN,15869.053721,27033.500767,5366.499233,7379.478318,27595.810410,17330.042561,497.344401,28280.355348,294.056977,4363.751444,45.337272,0.008836,False,False,False,False,True,True,True,1-circle,1.000000,4326.202639,19117.834628,0.286819,0.495744,100.000000,100.000000,0.000000,0.000000,2,5,4,0.0000,0.0000,0.0000,0.5000,"PursuitChaseOptimal",-0.006355
2795,B0100,aggressive,UNKNOWN,15869.053721,27033.500767,5366.499233,7379.478318,27595.810410,17330.042561,497.344401,28280.355348,294.056977,4363.751444,45.337272,0.008836,False,False,False,False,True,True,True,1-circle,1.000000,4326.202639,19117.834628,0.286819,0.495744,100.000000,100.000000,0.000000,0.000000,2,4,4,0.0000,0.0000,0.0000,0.5000,"Accelerate",0.007801
2796,A0100,pursuit_chase_v1,UNKNOWN,15861.389791,27064.270490,5335.729510,7286.897492,27641.855904,17332.305033,497.611398,28294.378239,280.457816,4372.778073,45.593553,0.034276,False,False,False,False,True,True,True,1-circle,1.000000,4326.965625,18871.509572,-1.113032,0.358501,100.000000,100.000000,0.000000,0.000000,2,5,4,0.0000,0.0000,0.0000,0.5000,"PursuitChaseOptimal",-0.003041
2796,B0100,aggressive,UNKNOWN,15861.389791,27064.270490,5335.729510,7286.897492,27641.855904,17332.305033,497.611398,28294.378239,280.457816,4372.778073,45.593553,0.034276,False,False,False,False,True,True,True,1-circle,1.000000,4326.965625,18871.509572,-1.113032,0.358501,100.000000,100.000000,0.000000,0.000000,2,4,4,0.0000,0.0000,0.0000,0.5000,"Accelerate",0.004226
2797,A0100,pursuit_chase_v1,UNKNOWN,15861.389791,27064.270490,5335.729510,7286.897492,27641.855904,17332.305033,497.611398,28294.378239,280.457816,4372.778073,45.593553,0.034276,False,False,False,False,True,True,True,1-circle,1.000000,4326.965625,18871.509572,-1.113032,0.358501,100.000000,100.000000,0.000000,0.000000,2,5,4,0.0000,0.0000,0.0000,0.5000,"PursuitChaseOptimal",0.000356
2797,B0100,aggressive,UNKNOWN,15861.389791,27064.270490,5335.729510,7286.897492,27641.855904,17332.305033,497.611398,28294.378239,280.457816,4372.778073,45.593553,0.034276,False,False,False,False,True,True,True,1-circle,1.000000,4326.965625,18871.509572,-1.113032,0.358501,100.000000,100.000000,0.000000,0.000000,2,4,4,0.0000,0.0000,0.0000,0.5000,"Accelerate",0.001089
2798,A0100,pursuit_chase_v1,UNKNOWN,15853.864214,27087.264211,5312.735789,7176.281937,27684.504703,17334.316840,497.990722,28313.108961,374.614454,4408.365566,46.056581,0.033131,False,False,False,False,True,True,True,1-circle,1.000000,4328.506854,19271.791741,1.076659,0.241045,100.000000,100.000000,0.000000,0.000000,2,5,4,0.0000,0.0000,0.0000,0.5000,"PursuitChaseOptimal",0.003735
2798,B0100,aggressive,UNKNOWN,15853.864214,27087.264211,5312.735789,7176.281937,27684.504703,17334.316840,497.990722,28313.108961,374.614454,4408.365566,46.056581,0.033131,False,False,False,False,True,True,True,1-circle,1.000000,4328.506854,19271.791741,1.076659,0.241045,100.000000,100.000000,0.000000,0.000000,2,4,4,0.0000,0.0000,0.0000,0.5000,"Accelerate",-0.002145
2799,A0100,pursuit_chase_v1,UNKNOWN,15853.864214,27087.264211,5312.735789,7176.281937,27684.504703,17334.316840,497.990722,28313.108961,374.614454,4408.365566,46.056581,0.033131,False,False,False,False,True,True,True,1-circle,1.000000,4328.506854,19271.791741,1.076659,0.241045,100.000000,100.000000,0.000000,0.000000,2,5,4,0.0000,0.0000,0.0000,0.5000,"PursuitChaseOptimal",0.007015
2799,B0100,aggressive,UNKNOWN,15853.864214,27087.264211,5312.735789,7176.281937,27684.504703,17334.316840,497.990722,28313.108961,374.614454,4408.365566,46.056581,0.033131,False,False,False,False,True,True,True,1-circle,1.000000,4328.506854,19271.791741,1.076659,0.241045,100.000000,100.000000,0.000000,0.000000,2,4,4,0.0000,0.0000,0.0000,0.5000,"Accelerate",-0.005379
2800,A0100,pursuit_chase_v1,UNKNOWN,15846.471438,27122.665038,5277.334962,7046.927912,27731.309572,17336.166158,498.167657,28322.761128,193.043333,4441.611198,46.359585,0.032021,False,False,False,False,True,True,True,1-circle,1.000000,4330.787225,18897.214190,-1.040952,0.271893,100.000000,100.000000,0.000000,0.000000,2,5,4,0.0000,0.0000,0.0000,0.5000,"PursuitChaseOptimal",0.010386
2800,B0100,aggressive,UNKNOWN,15846.471438,27122.665038,5277.334962,7046.927912,27731.309572,17336.166158,498.167657,28322.761128,193.043333,4441.611198,46.359585,0.032021,False,False,False,False,True,True,True,1-circle,1.000000,4330.787225,18897.214190,-1.040952,0.271893,100.000000,100.000000,0.000000,0.000000,2,4,4,0.0000,0.0000,0.0000,0.5000,"Accelerate",-0.008748
2801,A0100,pursuit_chase_v1,UNKNOWN,15846.471438,27122.665038,5277.334962,7046.927912,27731.309572,17336.166158,498.167657,28322.761128,193.043333,4441.611198,46.359585,0.032021,False,False,False,False,True,True,True,1-circle,1.000000,4330.787225,18897.214190,-1.040952,0.271893,100.000000,100.000000,0.000000,0.000000,2,5,4,0.0000,0.0000,0.0000,0.5000,"PursuitChaseOptimal",0.013843
2801,B0100,aggressive,UNKNOWN,15846.471438,27122.665038,5277.334962,7046.927912,27731.309572,17336.166158,498.167657,28322.761128,193.043333,4441.611198,46.359585,0.032021,False,False,False,False,True,True,True,1-circle,1.000000,4330.787225,18897.214190,-1.040952,0.271893,100.000000,100.000000,0.000000,0.000000,2,4,4,0.0000,0.0000,0.0000,0.5000,"Accelerate",-0.012434
2802,A0100,pursuit_chase_v1,UNKNOWN,15839.205357,27146.417377,5253.582623,6914.504904,27772.155298,17337.894170,498.523094,28340.172348,348.224399,4491.688451,46.781366,0.003883,False,False,False,False,True,True,True,1-circle,1.000000,4333.758687,19114.333435,0.126324,0.404017,100.000000,100.000000,0.000000,0.000000,2,5,4,0.0000,0.0000,0.0000,0.5000,"PursuitChaseOptimal",0.017376
2802,B0100,aggressive,UNKNOWN,15839.205357,27146.417377,5253.582623,6914.504904,27772.155298,17337.894170,498.523094,28340.172348,348.224399,4491.688451,46.781366,0.003883,False,False,False,False,True,True,True,1-circle,1.000000,4333.758687,19114.333435,0.126324,0.404017,100.000000,100.000000,0.000000,0.000000,2,4,4,0.0000,0.0000,0.0000,0.5000,"Accelerate",-0.015683
2803,A0100,pursuit_chase_v1,UNKNOWN,15839.205357,27146.417377,5253.582623,6914.504904,27772.155298,17337.894170,498.523094,28340.172348,348.224399,4491.688451,46.781366,0.003883,False,False,False,False,True,True,True,1-circle,1.000000,4333.758687,19114.333435,0.126324,0.404017,100.000000,100.000000,0.000000,0.000000,2,5,4,0.0000,0.0000,0.0000,0.5000,"PursuitChaseOptimal",0.021004
2803,B0100,aggressive,UNKNOWN,15839.205357,27146.417377,5253.582623,6914.504904,27772.155298,17337.894170,498.523094,28340.172348,348.224399,4491.688451,46.781366,0.003883,False,False,False,False,True,True,True,1-circle,1.000000,4333.758687,19114.333435,0.126324,0.404017,100.000000,100.000000,0.000000,0.000000,2,4,4,0.0000,0.0000,0.0000,0.5000,"Accelerate",-0.019140
2804,A0100,pursuit_chase_v1,UNKNOWN,15832.075509,27175.491695,5224.508305,6773.382744,27813.742540,17339.447023,498.810227,28354.402745,284.607941,4541.967945,47.013448,0.016560,False,False,False,False,True,True,True,1-circle,1.000000,4337.436125,19196.054599,0.539053,0.210992,100.000000,100.000000,0.000000,0.000000,2,5,4,0.0000,0.0000,0.0000,0.5000,"PursuitChaseOptimal",0.024762
2804,B0100,aggressive,UNKNOWN,15832.075509,27175.491695,5224.508305,6773.382744,27813.742540,17339.447023,498.810227,28354.402745,284.607941,4541.967945,47.013448,0.016560,False,False,False,False,True,True,True,1-circle,1.000000,4337.436125,19196.054599,0.539053,0.210992,100.000000,100.000000,0.000000,0.000000,2,4,4,0.0000,0.0000,0.0000,0.5000,"Accelerate",-0.022816
2805,A0100,pursuit_chase_v1,UNKNOWN,15832.075509,27175.491695,5224.508305,6773.382744,27813.742540,17339.447023,498.810227,28354.402745,284.607941,4541.967945,47.013448,0.016560,False,False,False,False,True,True,True,1-circle,1.000000,4337.436125,19196.054599,0.539053,0.210992,100.000000,100.000000,0.000000,0.000000,2,5,4,0.0000,0.0000,0.0000,0.5000,"PursuitChaseOptimal",0.028570
2805,B0100,aggressive,UNKNOWN,15832.075509,27175.491695,5224.508305,6773.382744,27813.742540,17339.447023,498.810227,28354.402745,284.607941,4541.967945,47.013448,0.016560,False,False,False,False,True,True,True,1-circle,1.000000,4337.436125,19196.054599,0.539053,0.210992,100.000000,100.000000,0.000000,0.000000,2,4,4,0.0000,0.0000,0.0000,0.5000,"Accelerate",-0.026570
2806,A0100,pursuit_chase_v1,UNKNOWN,15825.063370,27206.395976,5193.604024,6625.826424,27855.596561,17340.961272,499.060113,28366.955960,251.064294,4592.775085,47.104296,0.027484,False,False,False,False,True,True,True,1-circle,1.000000,4341.623627,18945.642379,-0.895022,0.406157,100.000000,100.000000,0.000000,0.000000,2,4,4,0.0000,0.0000,0.0000,0.5000,"PursuitChaseOptimal",0.036666
2806,B0100,aggressive,UNKNOWN,15825.063370,27206.395976,5193.604024,6625.826424,27855.596561,17340.961272,499.060113,28366.955960,251.064294,4592.775085,47.104296,0.027484,False,False,False,False,True,True,True,1-circle,1.000000,4341.623627,18945.642379,-0.895022,0.406157,100.000000,100.000000,0.000000,0.000000,2,4,4,0.0000,0.0000,0.0000,0.5000,"Accelerate",-0.034713
2807,A0100,pursuit_chase_v1,UNKNOWN,15825.063370,27206.395976,5193.604024,6625.826424,27855.596561,17340.961272,499.060113,28366.955960,251.064294,4592.775085,47.104296,0.027484,False,False,False,False,True,True,True,1-circle,1.000000,4341.623627,18945.642379,-0.895022,0.406157,100.000000,100.000000,0.000000,0.000000,2,4,4,0.0000,0.0000,0.0000,0.5000,"PursuitChaseOptimal",0.033401
2807,B0100,aggressive,UNKNOWN,15825.063370,27206.395976,5193.604024,6625.826424,27855.596561,17340.961272,499.060113,28366.955960,251.064294,4592.775085,47.104296,0.027484,False,False,False,False,True,True,True,1-circle,1.000000,4341.623627,18945.642379,-0.895022,0.406157,100.000000,100.000000,0.000000,0.000000,2,4,4,0.0000,0.0000,0.0000,0.5000,"Accelerate",-0.031214
2808,A0100,pursuit_chase_v1,UNKNOWN,15818.176880,27229.133436,5170.866564,6476.701010,27893.743489,17342.332551,499.440526,28385.142974,363.740292,4650.438957,47.231511,0.038973,False,False,False,False,True,True,True,1-circle,1.000000,4346.347840,19343.365258,1.269967,0.281195,100.000000,100.000000,0.000000,0.000000,2,4,4,0.0000,0.0000,0.0000,0.5000,"PursuitChaseOptimal",0.030638
2808,B0100,aggressive,UNKNOWN,15818.176880,27229.133436,5170.866564,6476.701010,27893.743489,17342.332551,499.440526,28385.142974,363.740292,4650.438957,47.231511,0.038973,False,False,False,False,True,True,True,1-circle,1.000000,4346.347840,19343.365258,1.269967,0.281195,100.000000,100.000000,0.000000,0.000000,2,4,4,0.0000,0.0000,0.0000,0.5000,"Accelerate",-0.030839
2809,A0100,pursuit_chase_v1,UNKNOWN,15818.176880,27229.133436,5170.866564,6476.701010,27893.743489,17342.332551,499.440526,28385.142974,363.740292,4650.438957,47.231511,0.038973,False,False,False,False,True,True,True,1-circle,1.000000,4346.347840,19343.365258,1.269967,0.281195,100.000000,100.000000,0.000000,0.000000,2,4,4,0.0000,0.0000,0.0000,0.5000,"PursuitChaseOptimal",0.019494
2809,B0100,aggressive,UNKNOWN,15818.176880,27229.133436,5170.866564,6476.701010,27893.743489,17342.332551,499.440526,28385.142974,363.740292,4650.438957,47.231511,0.038973,False,False,False,False,True,True,True,1-circle,1.000000,4346.347840,19343.365258,1.269967,0.281195,100.000000,100.000000,0.000000,0.000000,2,4,4,0.0000,0.0000,0.0000,0.5000,"Accelerate",-0.020364
2810,A0100,pursuit_chase_v1,UNKNOWN,15811.394603,27264.704404,5135.295596,6334.685597,27935.806222,17343.665753,499.641783,28395.377725,204.695012,4691.150045,47.014741,0.026451,False,False,False,False,True,True,True,1-circle,1.000000,4351.451195,18967.780040,-0.862340,0.435062,100.000000,100.000000,0.000000,0.000000,2,4,4,0.0000,0.0000,0.0000,0.5000,"PursuitChaseOptimal",0.005318
2810,B0100,aggressive,UNKNOWN,15811.394603,27264.704404,5135.295596,6334.685597,27935.806222,17343.665753,499.641783,28395.377725,204.695012,4691.150045,47.014741,0.026451,False,False,False,False,True,True,True,1-circle,1.000000,4351.451195,18967.780040,-0.862340,0.435062,100.000000,100.000000,0.000000,0.000000,2,4,4,0.0000,0.0000,0.0000,0.5000,"Accelerate",-0.006698
2811,A0100,pursuit_chase_v1,UNKNOWN,15811.394603,27264.704404,5135.295596,6334.685597,27935.806222,17343.665753,499.641783,28395.377725,204.695012,4691.150045,47.014741,0.026451,False,False,False,False,True,True,True,1-circle,1.000000,4351.451195,18967.780040,-0.862340,0.435062,100.000000,100.000000,0.000000,0.000000,2,4,4,0.0000,0.0000,0.0000,0.5000,"PursuitChaseOptimal",-0.002193
2811,B0100,aggressive,UNKNOWN,15811.394603,27264.704404,5135.295596,6334.685597,27935.806222,17343.665753,499.641783,28395.377725,204.695012,4691.150045,47.014741,0.026451,False,False,False,False,True,True,True,1-circle,1.000000,4351.451195,18967.780040,-0.862340,0.435062,100.000000,100.000000,0.000000,0.000000,2,4,4,0.0000,0.0000,0.0000,0.5000,"Accelerate",0.000313
2812,A0100,pursuit_chase_v1,UNKNOWN,15804.774000,27286.439953,5113.560047,6235.818978,27972.180327,17344.960765,500.034240,28414.041262,373.270735,4746.781286,46.506851,0.009192,False,False,False,False,True,True,True,1-circle,1.000000,4356.904532,19185.404662,0.299914,0.361101,100.000000,100.000000,0.000000,0.000000,2,4,4,0.0000,0.0000,0.0000,0.5000,"PursuitChaseOptimal",-0.007165
2812,B0100,aggressive,UNKNOWN,15804.774000,27286.439953,5113.560047,6235.818978,27972.180327,17344.960765,500.034240,28414.041262,373.270735,4746.781286,46.506851,0.009192,False,False,False,False,True,True,True,1-circle,1.000000,4356.904532,19185.404662,0.299914,0.361101,100.000000,100.000000,0.000000,0.000000,2,4,4,0.0000,0.0000,0.0000,0.5000,"Accelerate",0.005419
2813,A0100,pursuit_chase_v1,UNKNOWN,15804.774000,27286.439953,5113.560047,6235.818978,27972.180327,17344.960765,500.034240,28414.041262,373.270735,4746.781286,46.506851,0.009192,False,False,False,False,True,True,True,1-circle,1.000000,4356.904532,19185.404662,0.299914,0.361101,100.000000,100.000000,0.000000,0.000000,2,4,4,0.0000,0.0000,0.0000,0.5000,"PursuitChaseOptimal",-0.011616
2813,B0100,aggressive,UNKNOWN,15804.774000,27286.439953,5113.560047,6235.818978,27972.180327,17344.960765,500.034240,28414.041262,373.270735,4746.781286,46.506851,0.009192,False,False,False,False,True,True,True,1-circle,1.000000,4356.904532,19185.404662,0.299914,0.361101,100.000000,100.000000,0.000000,0.000000,2,4,4,0.0000,0.0000,0.0000,0.5000,"Accelerate",0.009940
2814,A0100,pursuit_chase_v1,UNKNOWN,15798.362184,27314.546435,5085.453565,6162.778992,28009.288594,17346.150803,500.276396,28425.954949,238.273737,4781.449344,45.797660,0.021273,False,False,False,False,True,True,True,1-circle,1.000000,4362.706646,19265.029185,0.694379,0.270671,100.000000,100.000000,0.000000,0.000000,2,4,4,0.0000,0.0000,0.0000,0.5000,"PursuitChaseOptimal",-0.015358
2814,B0100,aggressive,UNKNOWN,15798.362184,27314.546435,5085.453565,6162.778992,28009.288594,17346.150803,500.276396,28425.954949,238.273737,4781.449344,45.797660,0.021273,False,False,False,False,True,True,True,1-circle,1.000000,4362.706646,19265.029185,0.694379,0.270671,100.000000,100.000000,0.000000,0.000000,2,4,4,0.0000,0.0000,0.0000,0.5000,"Accelerate",0.013511
2815,A0100,pursuit_chase_v1,UNKNOWN,15798.362184,27314.546435,5085.453565,6162.778992,28009.288594,17346.150803,500.276396,28425.954949,238.273737,4781.449344,45.797660,0.021273,False,False,False,False,True,True,True,1-circle,1.000000,4362.706646,19265.029185,0.694379,0.270671,100.000000,100.000000,0.000000,0.000000,2,4,4,0.0000,0.0000,0.0000,0.5000,"PursuitChaseOptimal",-0.018164
2815,B0100,aggressive,UNKNOWN,15798.362184,27314.546435,5085.453565,6162.778992,28009.288594,17346.150803,500.276396,28425.954949,238.273737,4781.449344,45.797660,0.021273,False,False,False,False,True,True,True,1-circle,1.000000,4362.706646,19265.029185,0.694379,0.270671,100.000000,100.000000,0.000000,0.000000,2,4,4,0.0000,0.0000,0.0000,0.5000,"Accelerate",0.016262
2816,A0100,pursuit_chase_v1,UNKNOWN,15792.149433,27345.167236,5054.832764,6103.578797,28047.439841,17347.381073,500.580359,28440.653269,293.966412,4813.316669,44.895966,0.022610,False,False,False,False,True,True,True,1-circle,1.000000,4368.676220,19015.838179,-0.738448,0.556640,100.000000,100.000000,0.000000,0.000000,2,4,4,0.0000,0.0000,0.0000,0.5000,"PursuitChaseOptimal",-0.018691
2816,B0100,aggressive,UNKNOWN,15792.149433,27345.167236,5054.832764,6103.578797,28047.439841,17347.381073,500.580359,28440.653269,293.966412,4813.316669,44.895966,0.022610,False,False,False,False,True,True,True,1-circle,1.000000,4368.676220,19015.838179,-0.738448,0.556640,100.000000,100.000000,0.000000,0.000000,2,4,4,0.0000,0.0000,0.0000,0.5000,"Accelerate",0.016461
2817,A0100,pursuit_chase_v1,UNKNOWN,15792.149433,27345.167236,5054.832764,6103.578797,28047.439841,17347.381073,500.580359,28440.653269,293.966412,4813.316669,44.895966,0.022610,False,False,False,False,True,True,True,1-circle,1.000000,4368.676220,19015.838179,-0.738448,0.556640,100.000000,100.000000,0.000000,0.000000,2,4,4,0.0000,0.0000,0.0000,0.5000,"PursuitChaseOptimal",-0.015898
2817,B0100,aggressive,UNKNOWN,15792.149433,27345.167236,5054.832764,6103.578797,28047.439841,17347.381073,500.580359,28440.653269,293.966412,4813.316669,44.895966,0.022610,False,False,False,False,True,True,True,1-circle,1.000000,4368.676220,19015.838179,-0.738448,0.556640,100.000000,100.000000,0.000000,0.000000,2,4,4,0.0000,0.0000,0.0000,0.5000,"Accelerate",0.014081
2818,A0100,pursuit_chase_v1,UNKNOWN,15786.155525,27367.526508,5032.473492,6068.884228,28082.736788,17348.542323,500.972541,28459.203460,371.003811,4848.456458,43.861471,0.043417,False,False,False,False,True,True,True,1-circle,1.000000,4374.873045,19413.009055,1.418822,0.371912,100.000000,100.000000,0.000000,0.000000,2,4,4,0.0000,0.0000,0.0000,0.5000,"PursuitChaseOptimal",-0.011927
2818,B0100,aggressive,UNKNOWN,15786.155525,27367.526508,5032.473492,6068.884228,28082.736788,17348.542323,500.972541,28459.203460,371.003811,4848.456458,43.861471,0.043417,False,False,False,False,True,True,True,1-circle,1.000000,4374.873045,19413.009055,1.418822,0.371912,100.000000,100.000000,0.000000,0.000000,2,4,4,0.0000,0.0000,0.0000,0.5000,"Accelerate",0.010431
2819,A0100,pursuit_chase_v1,UNKNOWN,15786.155525,27367.526508,5032.473492,6068.884228,28082.736788,17348.542323,500.972541,28459.203460,371.003811,4848.456458,43.861471,0.043417,False,False,False,False,True,True,True,1-circle,1.000000,4374.873045,19413.009055,1.418822,0.371912,100.000000,100.000000,0.000000,0.000000,2,4,4,0.0000,0.0000,0.0000,0.5000,"PursuitChaseOptimal",-0.007036
2819,B0100,aggressive,UNKNOWN,15786.155525,27367.526508,5032.473492,6068.884228,28082.736788,17348.542323,500.972541,28459.203460,371.003811,4848.456458,43.861471,0.043417,False,False,False,False,True,True,True,1-circle,1.000000,4374.873045,19413.009055,1.418822,0.371912,100.000000,100.000000,0.000000,0.000000,2,4,4,0.0000,0.0000,0.0000,0.5000,"Accelerate",0.005594
2820,A0100,pursuit_chase_v1,UNKNOWN,15780.392477,27402.906103,4997.093897,6052.606433,28122.497539,17349.716689,501.167601,28469.031671,196.564221,4868.455553,42.232775,0.022171,False,False,False,False,True,True,True,1-circle,1.000000,4381.057531,19036.006757,-0.724889,0.474108,100.000000,100.000000,0.000000,0.000000,2,4,4,0.0000,0.0000,0.0000,0.5000,"PursuitChaseOptimal",-0.000422
2820,B0100,aggressive,UNKNOWN,15780.392477,27402.906103,4997.093897,6052.606433,28122.497539,17349.716689,501.167601,28469.031671,196.564221,4868.455553,42.232775,0.022171,False,False,False,False,True,True,True,1-circle,1.000000,4381.057531,19036.006757,-0.724889,0.474108,100.000000,100.000000,0.000000,0.000000,2,4,4,0.0000,0.0000,0.0000,0.5000,"Accelerate",-0.000847
2821,A0100,pursuit_chase_v1,UNKNOWN,15780.392477,27402.906103,4997.093897,6052.606433,28122.497539,17349.716689,501.167601,28469.031671,196.564221,4868.455553,42.232775,0.022171,False,False,False,False,True,True,True,1-circle,1.000000,4381.057531,19036.006757,-0.724889,0.474108,100.000000,100.000000,0.000000,0.000000,2,4,4,0.0000,0.0000,0.0000,0.5000,"PursuitChaseOptimal",0.006081
2821,B0100,aggressive,UNKNOWN,15780.392477,27402.906103,4997.093897,6052.606433,28122.497539,17349.716689,501.167601,28469.031671,196.564221,4868.455553,42.232775,0.022171,False,False,False,False,True,True,True,1-circle,1.000000,4381.057531,19036.006757,-0.724889,0.474108,100.000000,100.000000,0.000000,0.000000,2,4,4,0.0000,0.0000,0.0000,0.5000,"Accelerate",-0.007218
2822,A0100,pursuit_chase_v1,UNKNOWN,15774.892793,27426.483398,4973.516602,6063.626634,28156.039688,17350.918689,501.527658,28486.216472,343.696018,4903.496279,40.227423,0.006236,False,False,False,False,True,True,True,1-circle,1.000000,4387.017067,19211.959223,0.204055,0.557597,100.000000,100.000000,0.000000,0.000000,2,4,4,0.0000,0.0000,0.0000,0.5000,"PursuitChaseOptimal",0.011365
2822,B0100,aggressive,UNKNOWN,15774.892793,27426.483398,4973.516602,6063.626634,28156.039688,17350.918689,501.527658,28486.216472,343.696018,4903.496279,40.227423,0.006236,False,False,False,False,True,True,True,1-circle,1.000000,4387.017067,19211.959223,0.204055,0.557597,100.000000,100.000000,0.000000,0.000000,2,4,4,0.0000,0.0000,0.0000,0.5000,"Accelerate",-0.012374
2823,A0100,pursuit_chase_v1,UNKNOWN,15774.892793,27426.483398,4973.516602,6063.626634,28156.039688,17350.918689,501.527658,28486.216472,343.696018,4903.496279,40.227423,0.006236,False,False,False,False,True,True,True,1-circle,1.000000,4387.017067,19211.959223,0.204055,0.557597,100.000000,100.000000,0.000000,0.000000,2,4,4,0.0000,0.0000,0.0000,0.5000,"PursuitChaseOptimal",0.015528
2823,B0100,aggressive,UNKNOWN,15774.892793,27426.483398,4973.516602,6063.626634,28156.039688,17350.918689,501.527658,28486.216472,343.696018,4903.496279,40.227423,0.006236,False,False,False,False,True,True,True,1-circle,1.000000,4387.017067,19211.959223,0.204055,0.557597,100.000000,100.000000,0.000000,0.000000,2,4,4,0.0000,0.0000,0.0000,0.5000,"Accelerate",-0.016502
2824,A0100,pursuit_chase_v1,UNKNOWN,15769.693996,27458.495606,4941.504394,6077.863457,28196.101301,17352.114959,501.772958,28498.308063,241.831830,4938.346938,37.660993,0.060803,False,False,False,False,True,True,True,1-circle,1.000000,4392.600144,18825.630162,-1.989586,0.241153,100.000000,100.000000,0.000000,0.000000,2,4,4,0.0000,0.0000,0.0000,0.5000,"PursuitChaseOptimal",0.018770
2824,B0100,aggressive,UNKNOWN,15769.693996,27458.495606,4941.504394,6077.863457,28196.101301,17352.114959,501.772958,28498.308063,241.831830,4938.346938,37.660993,0.060803,False,False,False,False,True,True,True,1-circle,1.000000,4392.600144,18825.630162,-1.989586,0.241153,100.000000,100.000000,0.000000,0.000000,2,4,4,0.0000,0.0000,0.0000,0.5000,"Accelerate",-0.019827
2825,A0100,pursuit_chase_v1,UNKNOWN,15769.693996,27458.495606,4941.504394,6077.863457,28196.101301,17352.114959,501.772958,28498.308063,241.831830,4938.346938,37.660993,0.060803,False,False,False,False,True,True,True,1-circle,1.000000,4392.600144,18825.630162,-1.989586,0.241153,100.000000,100.000000,0.000000,0.000000,2,4,4,0.0000,0.0000,0.0000,0.5000,"PursuitChaseOptimal",0.021289
2825,B0100,aggressive,UNKNOWN,15769.693996,27458.495606,4941.504394,6077.863457,28196.101301,17352.114959,501.772958,28498.308063,241.831830,4938.346938,37.660993,0.060803,False,False,False,False,True,True,True,1-circle,1.000000,4392.600144,18825.630162,-1.989586,0.241153,100.000000,100.000000,0.000000,0.000000,2,4,4,0.0000,0.0000,0.0000,0.5000,"Accelerate",-0.022564
2826,A0100,pursuit_chase_v1,UNKNOWN,15764.829830,27476.422717,4923.577283,6101.868167,28232.439480,17353.233764,502.171027,28517.118975,376.218246,4987.005933,35.068373,0.021842,False,False,False,False,True,True,True,1-circle,1.000000,4397.761961,19063.244355,-0.715503,0.004088,100.000000,100.000000,0.000000,0.000000,2,4,4,0.0000,0.0000,0.0000,0.5000,"PursuitChaseOptimal",0.021513
2826,B0100,aggressive,UNKNOWN,15764.829830,27476.422717,4923.577283,6101.868167,28232.439480,17353.233764,502.171027,28517.118975,376.218246,4987.005933,35.068373,0.021842,False,False,False,False,True,True,True,1-circle,1.000000,4397.761961,19063.244355,-0.715503,0.004088,100.000000,100.000000,0.000000,0.000000,2,4,4,0.0000,0.0000,0.0000,0.5000,"Accelerate",-0.022827
2827,A0100,pursuit_chase_v1,UNKNOWN,15764.829830,27476.422717,4923.577283,6101.868167,28232.439480,17353.233764,502.171027,28517.118975,376.218246,4987.005933,35.068373,0.021842,False,False,False,False,True,True,True,1-circle,1.000000,4397.761961,19063.244355,-0.715503,0.004088,100.000000,100.000000,0.000000,0.000000,2,4,4,0.0000,0.0000,0.0000,0.5000,"PursuitChaseOptimal",0.015880
2827,B0100,aggressive,UNKNOWN,15764.829830,27476.422717,4923.577283,6101.868167,28232.439480,17353.233764,502.171027,28517.118975,376.218246,4987.005933,35.068373,0.021842,False,False,False,False,True,True,True,1-circle,1.000000,4397.761961,19063.244355,-0.715503,0.004088,100.000000,100.000000,0.000000,0.000000,2,4,4,0.0000,0.0000,0.0000,0.5000,"Accelerate",-0.016999
2828,A0100,pursuit_chase_v1,UNKNOWN,15760.331080,27495.893627,4904.106373,6122.835513,28270.440101,17354.151548,502.528702,28533.945563,336.531760,5029.812380,32.515529,0.046725,False,False,False,False,True,True,True,1-circle,1.000000,4402.572453,19475.748726,1.531341,-0.175896,100.000000,100.000000,0.000000,0.000000,2,4,4,0.0000,0.0000,0.0000,0.5000,"PursuitChaseOptimal",0.005187
2828,B0100,aggressive,UNKNOWN,15760.331080,27495.893627,4904.106373,6122.835513,28270.440101,17354.151548,502.528702,28533.945563,336.531760,5029.812380,32.515529,0.046725,False,False,False,False,True,True,True,1-circle,1.000000,4402.572453,19475.748726,1.531341,-0.175896,100.000000,100.000000,0.000000,0.000000,2,4,4,0.0000,0.0000,0.0000,0.5000,"Accelerate",-0.006413
2829,A0100,pursuit_chase_v1,UNKNOWN,15760.331080,27495.893627,4904.106373,6122.835513,28270.440101,17354.151548,502.528702,28533.945563,336.531760,5029.812380,32.515529,0.046725,False,False,False,False,True,True,True,1-circle,1.000000,4402.572453,19475.748726,1.531341,-0.175896,100.000000,100.000000,0.000000,0.000000,2,4,4,0.0000,0.0000,0.0000,0.5000,"PursuitChaseOptimal",-0.005755
2829,B0100,aggressive,UNKNOWN,15760.331080,27495.893627,4904.106373,6122.835513,28270.440101,17354.151548,502.528702,28533.945563,336.531760,5029.812380,32.515529,0.046725,False,False,False,False,True,True,True,1-circle,1.000000,4402.572453,19475.748726,1.531341,-0.175896,100.000000,100.000000,0.000000,0.000000,2,4,4,0.0000,0.0000,0.0000,0.5000,"Accelerate",0.004119
2830,A0100,pursuit_chase_v1,UNKNOWN,15756.154134,27528.417557,4871.582443,6130.872544,28311.334597,17354.995899,502.729039,28543.705503,195.198784,5058.859653,30.164101,0.020198,False,False,False,False,True,True,True,1-circle,1.000000,4407.014386,19088.743363,-0.662341,0.073508,100.000000,100.000000,0.000000,0.000000,2,4,4,0.0000,0.0000,0.0000,0.5000,"PursuitChaseOptimal",-0.017364
2830,B0100,aggressive,UNKNOWN,15756.154134,27528.417557,4871.582443,6130.872544,28311.334597,17354.995899,502.729039,28543.705503,195.198784,5058.859653,30.164101,0.020198,False,False,False,False,True,True,True,1-circle,1.000000,4407.014386,19088.743363,-0.662341,0.073508,100.000000,100.000000,0.000000,0.000000,2,4,4,0.0000,0.0000,0.0000,0.5000,"Accelerate",0.015444
2831,A0100,pursuit_chase_v1,UNKNOWN,15756.154134,27528.417557,4871.582443,6130.872544,28311.334597,17354.995899,502.729039,28543.705503,195.198784,5058.859653,30.164101,0.020198,False,False,False,False,True,True,True,1-circle,1.000000,4407.014386,19088.743363,-0.662341,0.073508,100.000000,100.000000,0.000000,0.000000,2,4,4,0.0000,0.0000,0.0000,0.5000,"PursuitChaseOptimal",-0.029983
2831,B0100,aggressive,UNKNOWN,15756.154134,27528.417557,4871.582443,6130.872544,28311.334597,17354.995899,502.729039,28543.705503,195.198784,5058.859653,30.164101,0.020198,False,False,False,False,True,True,True,1-circle,1.000000,4407.014386,19088.743363,-0.662341,0.073508,100.000000,100.000000,0.000000,0.000000,2,4,4,0.0000,0.0000,0.0000,0.5000,"Accelerate",0.027468
2832,A0100,pursuit_chase_v1,UNKNOWN,15752.293984,27550.619140,4849.380860,6138.757951,28346.045551,17355.814328,503.065311,28559.497028,315.830503,5096.925287,28.341974,0.012688,False,False,False,False,True,True,True,1-circle,1.000000,4411.266466,19290.656694,0.416338,0.204327,100.000000,100.000000,0.000000,0.000000,2,4,4,0.0000,0.0000,0.0000,0.5000,"PursuitChaseOptimal",-0.041160
2832,B0100,aggressive,UNKNOWN,15752.293984,27550.619140,4849.380860,6138.757951,28346.045551,17355.814328,503.065311,28559.497028,315.830503,5096.925287,28.341974,0.012688,False,False,False,False,True,True,True,1-circle,1.000000,4411.266466,19290.656694,0.416338,0.204327,100.000000,100.000000,0.000000,0.000000,2,4,4,0.0000,0.0000,0.0000,0.5000,"Accelerate",0.038502
2833,A0100,pursuit_chase_v1,UNKNOWN,15752.293984,27550.619140,4849.380860,6138.757951,28346.045551,17355.814328,503.065311,28559.497028,315.830503,5096.925287,28.341974,0.012688,False,False,False,False,True,True,True,1-circle,1.000000,4411.266466,19290.656694,0.416338,0.204327,100.000000,100.000000,0.000000,0.000000,2,4,4,0.0000,0.0000,0.0000,0.5000,"PursuitChaseOptimal",-0.034149
2833,B0100,aggressive,UNKNOWN,15752.293984,27550.619140,4849.380860,6138.757951,28346.045551,17355.814328,503.065311,28559.497028,315.830503,5096.925287,28.341974,0.012688,False,False,False,False,True,True,True,1-circle,1.000000,4411.266466,19290.656694,0.416338,0.204327,100.000000,100.000000,0.000000,0.000000,2,4,4,0.0000,0.0000,0.0000,0.5000,"Accelerate",0.031838
2834,A0100,pursuit_chase_v1,UNKNOWN,15748.750413,27584.187056,4815.812944,6140.505359,28387.214484,17356.608538,503.261628,28569.037229,190.804024,5126.063928,26.485398,0.053918,False,False,False,False,True,True,True,1-circle,1.000000,4415.529419,18905.001667,-1.769362,0.040932,100.000000,100.000000,0.000000,0.000000,2,4,4,0.0000,0.0000,0.0000,0.5000,"PursuitChaseOptimal",-0.023381
2834,B0100,aggressive,UNKNOWN,15748.750413,27584.187056,4815.812944,6140.505359,28387.214484,17356.608538,503.261628,28569.037229,190.804024,5126.063928,26.485398,0.053918,False,False,False,False,True,True,True,1-circle,1.000000,4415.529419,18905.001667,-1.769362,0.040932,100.000000,100.000000,0.000000,0.000000,2,4,4,0.0000,0.0000,0.0000,0.5000,"Accelerate",0.021180
2835,A0100,pursuit_chase_v1,UNKNOWN,15748.750413,27584.187056,4815.812944,6140.505359,28387.214484,17356.608538,503.261628,28569.037229,190.804024,5126.063928,26.485398,0.053918,False,False,False,False,True,True,True,1-circle,1.000000,4415.529419,18905.001667,-1.769362,0.040932,100.000000,100.000000,0.000000,0.000000,2,4,4,0.0000,0.0000,0.0000,0.5000,"PursuitChaseOptimal",-0.012839
2835,B0100,aggressive,UNKNOWN,15748.750413,27584.187056,4815.812944,6140.505359,28387.214484,17356.608538,503.261628,28569.037229,190.804024,5126.063928,26.485398,0.053918,False,False,False,False,True,True,True,1-circle,1.000000,4415.529419,18905.001667,-1.769362,0.040932,100.000000,100.000000,0.000000,0.000000,2,4,4,0.0000,0.0000,0.0000,0.5000,"Accelerate",0.010572
2836,A0100,pursuit_chase_v1,UNKNOWN,15745.541515,27605.198812,4794.801188,6148.303260,28425.626727,17357.355325,503.651403,28587.158743,362.430285,5170.121946,24.442460,0.012942,False,False,False,False,True,True,True,1-circle,1.000000,4419.768623,19154.727995,-0.425140,-0.027152,100.000000,100.000000,0.000000,0.000000,2,5,4,0.0000,0.0000,0.0000,0.5000,"PursuitChaseOptimal",0.000348
2836,B0100,aggressive,UNKNOWN,15745.541515,27605.198812,4794.801188,6148.303260,28425.626727,17357.355325,503.651403,28587.158743,362.430285,5170.121946,24.442460,0.012942,False,False,False,False,True,True,True,1-circle,1.000000,4419.768623,19154.727995,-0.425140,-0.027152,100.000000,100.000000,0.000000,0.000000,2,4,4,0.0000,0.0000,0.0000,0.5000,"Accelerate",-0.001886
2837,A0100,pursuit_chase_v1,UNKNOWN,15745.541515,27605.198812,4794.801188,6148.303260,28425.626727,17357.355325,503.651403,28587.158743,362.430285,5170.121946,24.442460,0.012942,False,False,False,False,True,True,True,1-circle,1.000000,4419.768623,19154.727995,-0.425140,-0.027152,100.000000,100.000000,0.000000,0.000000,2,5,4,0.0000,0.0000,0.0000,0.5000,"PursuitChaseOptimal",0.023583
2837,B0100,aggressive,UNKNOWN,15745.541515,27605.198812,4794.801188,6148.303260,28425.626727,17357.355325,503.651403,28587.158743,362.430285,5170.121946,24.442460,0.012942,False,False,False,False,True,True,True,1-circle,1.000000,4419.768623,19154.727995,-0.425140,-0.027152,100.000000,100.000000,0.000000,0.000000,2,4,4,0.0000,0.0000,0.0000,0.5000,"Accelerate",-0.024285
2838,A0100,pursuit_chase_v1,UNKNOWN,15742.664058,27632.834899,4767.165101,6159.446066,28464.075003,17357.981798,503.879147,28597.943460,215.694330,5193.424570,22.083459,0.002189,False,False,False,False,True,True,True,1-circle,1.000000,4423.821889,19225.968355,-0.071927,-0.098377,100.000000,100.000000,0.000000,0.000000,2,5,4,0.0000,0.0000,0.0000,0.5000,"PursuitChaseOptimal",0.043694
2838,B0100,aggressive,UNKNOWN,15742.664058,27632.834899,4767.165101,6159.446066,28464.075003,17357.981798,503.879147,28597.943460,215.694330,5193.424570,22.083459,0.002189,False,False,False,False,True,True,True,1-circle,1.000000,4423.821889,19225.968355,-0.071927,-0.098377,100.000000,100.000000,0.000000,0.000000,2,4,4,0.0000,0.0000,0.0000,0.5000,"Accelerate",-0.043768
2839,A0100,pursuit_chase_v1,UNKNOWN,15742.664058,27632.834899,4767.165101,6159.446066,28464.075003,17357.981798,503.879147,28597.943460,215.694330,5193.424570,22.083459,0.002189,False,False,False,False,True,True,True,1-circle,1.000000,4423.821889,19225.968355,-0.071927,-0.098377,100.000000,100.000000,0.000000,0.000000,2,5,4,0.0000,0.0000,0.0000,0.5000,"PursuitChaseOptimal",0.056779
2839,B0100,aggressive,UNKNOWN,15742.664058,27632.834899,4767.165101,6159.446066,28464.075003,17357.981798,503.879147,28597.943460,215.694330,5193.424570,22.083459,0.002189,False,False,False,False,True,True,True,1-circle,1.000000,4423.821889,19225.968355,-0.071927,-0.098377,100.000000,100.000000,0.000000,0.000000,2,4,4,0.0000,0.0000,0.0000,0.5000,"Accelerate",-0.056416
2840,A0100,pursuit_chase_v1,UNKNOWN,15740.066013,27663.433278,4736.566722,6170.089093,28503.053716,17358.640341,504.164851,28611.351919,268.169182,5215.144699,19.147877,0.040554,False,False,False,False,True,True,True,1-circle,1.000000,4427.195331,19006.184030,-1.333214,0.201472,100.000000,100.000000,0.000000,0.000000,2,5,4,0.0000,0.0000,0.0000,0.5000,"PursuitChaseOptimal",0.062956
2840,B0100,aggressive,UNKNOWN,15740.066013,27663.433278,4736.566722,6170.089093,28503.053716,17358.640341,504.164851,28611.351919,268.169182,5215.144699,19.147877,0.040554,False,False,False,False,True,True,True,1-circle,1.000000,4427.195331,19006.184030,-1.333214,0.201472,100.000000,100.000000,0.000000,0.000000,2,4,4,0.0000,0.0000,0.0000,0.5000,"Accelerate",-0.062630
2841,A0100,pursuit_chase_v1,UNKNOWN,15740.066013,27663.433278,4736.566722,6170.089093,28503.053716,17358.640341,504.164851,28611.351919,268.169182,5215.144699,19.147877,0.040554,False,False,False,False,True,True,True,1-circle,1.000000,4427.195331,19006.184030,-1.333214,0.201472,100.000000,100.000000,0.000000,0.000000,2,5,4,0.0000,0.0000,0.0000,0.5000,"PursuitChaseOptimal",0.055518
2841,B0100,aggressive,UNKNOWN,15740.066013,27663.433278,4736.566722,6170.089093,28503.053716,17358.640341,504.164851,28611.351919,268.169182,5215.144699,19.147877,0.040554,False,False,False,False,True,True,True,1-circle,1.000000,4427.195331,19006.184030,-1.333214,0.201472,100.000000,100.000000,0.000000,0.000000,2,4,4,0.0000,0.0000,0.0000,0.5000,"Accelerate",-0.054880
2842,A0100,pursuit_chase_v1,UNKNOWN,15737.753338,27688.272176,4711.727824,6190.740633,28541.980932,17359.227662,504.534629,28628.451799,341.997594,5226.007180,16.165786,0.026859,False,False,False,False,True,True,True,1-circle,1.000000,4429.723920,19411.957149,0.883695,0.022579,100.000000,100.000000,0.000000,0.000000,2,5,4,0.0000,0.0000,0.0000,0.5000,"PursuitChaseOptimal",0.034351
2842,B0100,aggressive,UNKNOWN,15737.753338,27688.272176,4711.727824,6190.740633,28541.980932,17359.227662,504.534629,28628.451799,341.997594,5226.007180,16.165786,0.026859,False,False,False,False,True,True,True,1-circle,1.000000,4429.723920,19411.957149,0.883695,0.022579,100.000000,100.000000,0.000000,0.000000,2,4,4,0.0000,0.0000,0.0000,0.5000,"Accelerate",-0.034206
2843,A0100,pursuit_chase_v1,UNKNOWN,15737.753338,27688.272176,4711.727824,6190.740633,28541.980932,17359.227662,504.534629,28628.451799,341.997594,5226.007180,16.165786,0.026859,False,False,False,False,True,True,True,1-circle,1.000000,4429.723920,19411.957149,0.883695,0.022579,100.000000,100.000000,0.000000,0.000000,2,5,4,0.0000,0.0000,0.0000,0.5000,"PursuitChaseOptimal",0.011993
2843,B0100,aggressive,UNKNOWN,15737.753338,27688.272176,4711.727824,6190.740633,28541.980932,17359.227662,504.534629,28628.451799,341.997594,5226.007180,16.165786,0.026859,False,False,False,False,True,True,True,1-circle,1.000000,4429.723920,19411.957149,0.883695,0.022579,100.000000,100.000000,0.000000,0.000000,2,4,4,0.0000,0.0000,0.0000,0.5000,"Accelerate",-0.012814
2844,A0100,pursuit_chase_v1,UNKNOWN,15735.699022,27726.559001,4673.440999,6206.882848,28584.489440,17359.830404,504.709968,28636.888633,168.736690,5222.177122,13.468005,0.037309,False,False,False,False,True,True,True,1-circle,1.000000,4431.385577,19038.088319,-1.227822,0.138036,100.000000,100.000000,0.000000,0.000000,2,5,4,0.0000,0.0000,0.0000,0.5000,"PursuitChaseOptimal",-0.008072
2844,B0100,aggressive,UNKNOWN,15735.699022,27726.559001,4673.440999,6206.882848,28584.489440,17359.830404,504.709968,28636.888633,168.736690,5222.177122,13.468005,0.037309,False,False,False,False,True,True,True,1-circle,1.000000,4431.385577,19038.088319,-1.227822,0.138036,100.000000,100.000000,0.000000,0.000000,2,4,4,0.0000,0.0000,0.0000,0.5000,"Accelerate",0.006488
2845,A0100,pursuit_chase_v1,UNKNOWN,15735.699022,27726.559001,4673.440999,6206.882848,28584.489440,17359.830404,504.709968,28636.888633,168.736690,5222.177122,13.468005,0.037309,False,False,False,False,True,True,True,1-circle,1.000000,4431.385577,19038.088319,-1.227822,0.138036,100.000000,100.000000,0.000000,0.000000,2,5,4,0.0000,0.0000,0.0000,0.5000,"PursuitChaseOptimal",-0.017115
2845,B0100,aggressive,UNKNOWN,15735.699022,27726.559001,4673.440999,6206.882848,28584.489440,17359.830404,504.709968,28636.888633,168.736690,5222.177122,13.468005,0.037309,False,False,False,False,True,True,True,1-circle,1.000000,4431.385577,19038.088319,-1.227822,0.138036,100.000000,100.000000,0.000000,0.000000,2,4,4,0.0000,0.0000,0.0000,0.5000,"Accelerate",0.014666
2846,A0100,pursuit_chase_v1,UNKNOWN,15733.878506,27752.391362,4647.608638,6195.933009,28622.239530,17360.460200,505.082262,28654.161372,345.454786,5219.367573,12.346907,0.005295,False,False,False,False,True,True,True,1-circle,1.000000,4432.628074,19296.450536,0.174407,0.224854,100.000000,100.000000,0.000000,0.000000,2,5,4,0.0000,0.0000,0.0000,0.5000,"PursuitChaseOptimal",-0.029617
2846,B0100,aggressive,UNKNOWN,15733.878506,27752.391362,4647.608638,6195.933009,28622.239530,17360.460200,505.082262,28654.161372,345.454786,5219.367573,12.346907,0.005295,False,False,False,False,True,True,True,1-circle,1.000000,4432.628074,19296.450536,0.174407,0.224854,100.000000,100.000000,0.000000,0.000000,2,4,4,0.0000,0.0000,0.0000,0.5000,"Accelerate",0.027095
2847,A0100,pursuit_chase_v1,UNKNOWN,15733.878506,27752.391362,4647.608638,6195.933009,28622.239530,17360.460200,505.082262,28654.161372,345.454786,5219.367573,12.346907,0.005295,False,False,False,False,True,True,True,1-circle,1.000000,4432.628074,19296.450536,0.174407,0.224854,100.000000,100.000000,0.000000,0.000000,2,5,4,0.0000,0.0000,0.0000,0.5000,"PursuitChaseOptimal",-0.026580
2847,B0100,aggressive,UNKNOWN,15733.878506,27752.391362,4647.608638,6195.933009,28622.239530,17360.460200,505.082262,28654.161372,345.454786,5219.367573,12.346907,0.005295,False,False,False,False,True,True,True,1-circle,1.000000,4432.628074,19296.450536,0.174407,0.224854,100.000000,100.000000,0.000000,0.000000,2,4,4,0.0000,0.0000,0.0000,0.5000,"Accelerate",0.024467
2848,A0100,pursuit_chase_v1,UNKNOWN,15732.183703,27784.841235,4615.158765,6131.772413,28660.901652,17361.049743,505.291244,28664.098572,198.743991,5214.670480,12.587777,0.017260,False,False,False,False,True,True,True,1-circle,1.000000,4434.096577,19373.542681,0.568681,0.045495,100.000000,100.000000,0.000000,0.000000,2,5,4,0.0000,0.0000,0.0000,0.5000,"PursuitChaseOptimal",-0.021373
2848,B0100,aggressive,UNKNOWN,15732.183703,27784.841235,4615.158765,6131.772413,28660.901652,17361.049743,505.291244,28664.098572,198.743991,5214.670480,12.587777,0.017260,False,False,False,False,True,True,True,1-circle,1.000000,4434.096577,19373.542681,0.568681,0.045495,100.000000,100.000000,0.000000,0.000000,2,4,4,0.0000,0.0000,0.0000,0.5000,"Accelerate",0.019402
2849,A0100,pursuit_chase_v1,UNKNOWN,15732.183703,27784.841235,4615.158765,6131.772413,28660.901652,17361.049743,505.291244,28664.098572,198.743991,5214.670480,12.587777,0.017260,False,False,False,False,True,True,True,1-circle,1.000000,4434.096577,19373.542681,0.568681,0.045495,100.000000,100.000000,0.000000,0.000000,2,5,4,0.0000,0.0000,0.0000,0.5000,"PursuitChaseOptimal",-0.019169
2849,B0100,aggressive,UNKNOWN,15732.183703,27784.841235,4615.158765,6131.772413,28660.901652,17361.049743,505.291244,28664.098572,198.743991,5214.670480,12.587777,0.017260,False,False,False,False,True,True,True,1-circle,1.000000,4434.096577,19373.542681,0.568681,0.045495,100.000000,100.000000,0.000000,0.000000,2,4,4,0.0000,0.0000,0.0000,0.5000,"Accelerate",0.017362
2850,A0100,pursuit_chase_v1,UNKNOWN,15730.546111,27817.731526,4582.268474,6035.692156,28699.215329,17361.730616,505.551299,28676.416960,246.367766,5231.816141,13.105287,0.022581,False,False,False,False,True,True,True,1-circle,1.000000,4436.014652,19143.598336,-0.744369,0.299027,100.000000,100.000000,0.000000,0.000000,2,5,4,0.0000,0.0000,0.0000,0.5000,"PursuitChaseOptimal",-0.017381
2850,B0100,aggressive,UNKNOWN,15730.546111,27817.731526,4582.268474,6035.692156,28699.215329,17361.730616,505.551299,28676.416960,246.367766,5231.816141,13.105287,0.022581,False,False,False,False,True,True,True,1-circle,1.000000,4436.014652,19143.598336,-0.744369,0.299027,100.000000,100.000000,0.000000,0.000000,2,4,4,0.0000,0.0000,0.0000,0.5000,"Accelerate",0.015429
2851,A0100,pursuit_chase_v1,UNKNOWN,15730.546111,27817.731526,4582.268474,6035.692156,28699.215329,17361.730616,505.551299,28676.416960,246.367766,5231.816141,13.105287,0.022581,False,False,False,False,True,True,True,1-circle,1.000000,4436.014652,19143.598336,-0.744369,0.299027,100.000000,100.000000,0.000000,0.000000,2,5,4,0.0000,0.0000,0.0000,0.5000,"PursuitChaseOptimal",-0.014938
2851,B0100,aggressive,UNKNOWN,15730.546111,27817.731526,4582.268474,6035.692156,28699.215329,17361.730616,505.551299,28676.416960,246.367766,5231.816141,13.105287,0.022581,False,False,False,False,True,True,True,1-circle,1.000000,4436.014652,19143.598336,-0.744369,0.299027,100.000000,100.000000,0.000000,0.000000,2,4,4,0.0000,0.0000,0.0000,0.5000,"Accelerate",0.013243
2852,A0100,pursuit_chase_v1,UNKNOWN,15728.980780,27848.148174,4551.851826,5921.497811,28737.968629,17362.410105,505.799894,28688.226732,236.195431,5264.092564,13.727760,0.011889,False,False,False,False,True,True,True,1-circle,1.000000,4438.578480,19213.798512,-0.392115,0.097768,100.000000,100.000000,0.000000,0.000000,2,5,4,0.0000,0.0000,0.0000,0.5000,"PursuitChaseOptimal",-0.012510
2852,B0100,aggressive,UNKNOWN,15728.980780,27848.148174,4551.851826,5921.497811,28737.968629,17362.410105,505.799894,28688.226732,236.195431,5264.092564,13.727760,0.011889,False,False,False,False,True,True,True,1-circle,1.000000,4438.578480,19213.798512,-0.392115,0.097768,100.000000,100.000000,0.000000,0.000000,2,4,4,0.0000,0.0000,0.0000,0.5000,"Accelerate",0.010973
2853,A0100,pursuit_chase_v1,UNKNOWN,15728.980780,27848.148174,4551.851826,5921.497811,28737.968629,17362.410105,505.799894,28688.226732,236.195431,5264.092564,13.727760,0.011889,False,False,False,False,True,True,True,1-circle,1.000000,4438.578480,19213.798512,-0.392115,0.097768,100.000000,100.000000,0.000000,0.000000,2,5,4,0.0000,0.0000,0.0000,0.5000,"PursuitChaseOptimal",-0.009790
2853,B0100,aggressive,UNKNOWN,15728.980780,27848.148174,4551.851826,5921.497811,28737.968629,17362.410105,505.799894,28688.226732,236.195431,5264.092564,13.727760,0.011889,False,False,False,False,True,True,True,1-circle,1.000000,4438.578480,19213.798512,-0.392115,0.097768,100.000000,100.000000,0.000000,0.000000,2,4,4,0.0000,0.0000,0.0000,0.5000,"Accelerate",0.008105
2854,A0100,pursuit_chase_v1,UNKNOWN,15727.483625,27876.375188,4523.624812,5797.796559,28775.408413,17363.148332,506.016061,28698.647817,208.421704,5301.871334,14.399439,0.050418,False,False,False,False,True,True,True,1-circle,1.000000,4441.759235,18992.181772,-1.663039,0.084975,100.000000,100.000000,0.000000,0.000000,2,5,4,0.0000,0.0000,0.0000,0.5000,"PursuitChaseOptimal",-0.006869
2854,B0100,aggressive,UNKNOWN,15727.483625,27876.375188,4523.624812,5797.796559,28775.408413,17363.148332,506.016061,28698.647817,208.421704,5301.871334,14.399439,0.050418,False,False,False,False,True,True,True,1-circle,1.000000,4441.759235,18992.181772,-1.663039,0.084975,100.000000,100.000000,0.000000,0.000000,2,4,4,0.0000,0.0000,0.0000,0.5000,"Accelerate",0.004984
2855,A0100,pursuit_chase_v1,UNKNOWN,15727.483625,27876.375188,4523.624812,5797.796559,28775.408413,17363.148332,506.016061,28698.647817,208.421704,5301.871334,14.399439,0.050418,False,False,False,False,True,True,True,1-circle,1.000000,4441.759235,18992.181772,-1.663039,0.084975,100.000000,100.000000,0.000000,0.000000,2,5,4,0.0000,0.0000,0.0000,0.5000,"PursuitChaseOptimal",-0.003813
2855,B0100,aggressive,UNKNOWN,15727.483625,27876.375188,4523.624812,5797.796559,28775.408413,17363.148332,506.016061,28698.647817,208.421704,5301.871334,14.399439,0.050418,False,False,False,False,True,True,True,1-circle,1.000000,4441.759235,18992.181772,-1.663039,0.084975,100.000000,100.000000,0.000000,0.000000,2,4,4,0.0000,0.0000,0.0000,0.5000,"Accelerate",0.002273
2856,A0100,pursuit_chase_v1,UNKNOWN,15726.078816,27896.101487,4503.898513,5667.944280,28811.926938,17363.788553,506.361066,28714.750533,322.054314,5353.178810,15.056004,0.020305,False,False,False,False,True,True,True,1-circle,1.000000,4445.692606,19419.772963,0.670344,-0.131501,100.000000,100.000000,0.000000,0.000000,2,4,4,0.0000,0.0000,0.0000,0.5000,"PursuitChaseOptimal",0.002804
2856,B0100,aggressive,UNKNOWN,15726.078816,27896.101487,4503.898513,5667.944280,28811.926938,17363.788553,506.361066,28714.750533,322.054314,5353.178810,15.056004,0.020305,False,False,False,False,True,True,True,1-circle,1.000000,4445.692606,19419.772963,0.670344,-0.131501,100.000000,100.000000,0.000000,0.000000,2,4,4,0.0000,0.0000,0.0000,0.5000,"Accelerate",-0.003786
2857,A0100,pursuit_chase_v1,UNKNOWN,15726.078816,27896.101487,4503.898513,5667.944280,28811.926938,17363.788553,506.361066,28714.750533,322.054314,5353.178810,15.056004,0.020305,False,False,False,False,True,True,True,1-circle,1.000000,4445.692606,19419.772963,0.670344,-0.131501,100.000000,100.000000,0.000000,0.000000,2,4,4,0.0000,0.0000,0.0000,0.5000,"PursuitChaseOptimal",-0.000422
2857,B0100,aggressive,UNKNOWN,15726.078816,27896.101487,4503.898513,5667.944280,28811.926938,17363.788553,506.361066,28714.750533,322.054314,5353.178810,15.056004,0.020305,False,False,False,False,True,True,True,1-circle,1.000000,4445.692606,19419.772963,0.670344,-0.131501,100.000000,100.000000,0.000000,0.000000,2,4,4,0.0000,0.0000,0.0000,0.5000,"Accelerate",-0.000596
2858,A0100,pursuit_chase_v1,UNKNOWN,15724.747367,27928.125120,4471.874880,5527.973386,28849.922946,17364.419938,506.518189,28722.427373,153.536799,5393.027507,15.528493,0.044223,False,False,False,False,True,True,True,1-circle,1.000000,4450.238664,19044.201948,-1.460140,0.066235,100.000000,100.000000,0.000000,0.000000,2,4,4,0.0000,0.0000,0.0000,0.5000,"PursuitChaseOptimal",-0.004409
2858,B0100,aggressive,UNKNOWN,15724.747367,27928.125120,4471.874880,5527.973386,28849.922946,17364.419938,506.518189,28722.427373,153.536799,5393.027507,15.528493,0.044223,False,False,False,False,True,True,True,1-circle,1.000000,4450.238664,19044.201948,-1.460140,0.066235,100.000000,100.000000,0.000000,0.000000,2,4,4,0.0000,0.0000,0.0000,0.5000,"Accelerate",0.003175
2859,A0100,pursuit_chase_v1,UNKNOWN,15724.747367,27928.125120,4471.874880,5527.973386,28849.922946,17364.419938,506.518189,28722.427373,153.536799,5393.027507,15.528493,0.044223,False,False,False,False,True,True,True,1-circle,1.000000,4450.238664,19044.201948,-1.460140,0.066235,100.000000,100.000000,0.000000,0.000000,2,4,4,0.0000,0.0000,0.0000,0.5000,"PursuitChaseOptimal",-0.005986
2859,B0100,aggressive,UNKNOWN,15724.747367,27928.125120,4471.874880,5527.973386,28849.922946,17364.419938,506.518189,28722.427373,153.536799,5393.027507,15.528493,0.044223,False,False,False,False,True,True,True,1-circle,1.000000,4450.238664,19044.201948,-1.460140,0.066235,100.000000,100.000000,0.000000,0.000000,2,4,4,0.0000,0.0000,0.0000,0.5000,"Accelerate",0.004280
2860,A0100,pursuit_chase_v1,UNKNOWN,15723.490333,27948.672947,4451.327053,5406.197486,28884.648332,17365.067408,506.860371,28738.425995,319.972456,5437.225065,15.941342,0.000266,False,False,False,False,True,True,True,1-circle,1.000000,4455.328923,19316.816096,0.008799,0.168767,100.000000,100.000000,0.000000,0.000000,2,4,4,0.0000,0.0000,0.0000,0.5000,"PursuitChaseOptimal",-0.012355
2860,B0100,aggressive,UNKNOWN,15723.490333,27948.672947,4451.327053,5406.197486,28884.648332,17365.067408,506.860371,28738.425995,319.972456,5437.225065,15.941342,0.000266,False,False,False,False,True,True,True,1-circle,1.000000,4455.328923,19316.816096,0.008799,0.168767,100.000000,100.000000,0.000000,0.000000,2,4,4,0.0000,0.0000,0.0000,0.5000,"Accelerate",0.010861
2861,A0100,pursuit_chase_v1,UNKNOWN,15723.490333,27948.672947,4451.327053,5406.197486,28884.648332,17365.067408,506.860371,28738.425995,319.972456,5437.225065,15.941342,0.000266,False,False,False,False,True,True,True,1-circle,1.000000,4455.328923,19316.816096,0.008799,0.168767,100.000000,100.000000,0.000000,0.000000,2,4,4,0.0000,0.0000,0.0000,0.5000,"PursuitChaseOptimal",-0.013457
2861,B0100,aggressive,UNKNOWN,15723.490333,27948.672947,4451.327053,5406.197486,28884.648332,17365.067408,506.860371,28738.425995,319.972456,5437.225065,15.941342,0.000266,False,False,False,False,True,True,True,1-circle,1.000000,4455.328923,19316.816096,0.008799,0.168767,100.000000,100.000000,0.000000,0.000000,2,4,4,0.0000,0.0000,0.0000,0.5000,"Accelerate",0.012198
2862,A0100,pursuit_chase_v1,UNKNOWN,15722.348903,27974.063608,4425.936392,5333.351648,28918.464603,17365.658949,507.065084,28748.206459,195.609271,5465.021255,15.661749,0.012650,False,False,False,False,True,True,True,1-circle,1.000000,4460.886865,19398.967815,0.418184,0.006956,100.000000,100.000000,0.000000,0.000000,2,4,4,0.0000,0.0000,0.0000,0.5000,"PursuitChaseOptimal",-0.010686
2862,B0100,aggressive,UNKNOWN,15722.348903,27974.063608,4425.936392,5333.351648,28918.464603,17365.658949,507.065084,28748.206459,195.609271,5465.021255,15.661749,0.012650,False,False,False,False,True,True,True,1-circle,1.000000,4460.886865,19398.967815,0.418184,0.006956,100.000000,100.000000,0.000000,0.000000,2,4,4,0.0000,0.0000,0.0000,0.5000,"Accelerate",0.009447
2863,A0100,pursuit_chase_v1,UNKNOWN,15722.348903,27974.063608,4425.936392,5333.351648,28918.464603,17365.658949,507.065084,28748.206459,195.609271,5465.021255,15.661749,0.012650,False,False,False,False,True,True,True,1-circle,1.000000,4460.886865,19398.967815,0.418184,0.006956,100.000000,100.000000,0.000000,0.000000,2,4,4,0.0000,0.0000,0.0000,0.5000,"PursuitChaseOptimal",-0.005303
2863,B0100,aggressive,UNKNOWN,15722.348903,27974.063608,4425.936392,5333.351648,28918.464603,17365.658949,507.065084,28748.206459,195.609271,5465.021255,15.661749,0.012650,False,False,False,False,True,True,True,1-circle,1.000000,4460.886865,19398.967815,0.418184,0.006956,100.000000,100.000000,0.000000,0.000000,2,4,4,0.0000,0.0000,0.0000,0.5000,"Accelerate",0.004263
2864,A0100,pursuit_chase_v1,UNKNOWN,15721.360298,28000.600950,4399.399050,5304.985359,28952.097246,17366.328356,507.320402,28760.341468,242.700181,5490.195296,14.563339,0.025846,False,False,False,False,True,True,True,1-circle,1.000000,4466.507681,19178.326755,-0.854761,0.271198,100.000000,100.000000,0.000000,0.000000,2,4,4,0.0000,0.0000,0.0000,0.5000,"PursuitChaseOptimal",0.000780
2864,B0100,aggressive,UNKNOWN,15721.360298,28000.600950,4399.399050,5304.985359,28952.097246,17366.328356,507.320402,28760.341468,242.700181,5490.195296,14.563339,0.025846,False,False,False,False,True,True,True,1-circle,1.000000,4466.507681,19178.326755,-0.854761,0.271198,100.000000,100.000000,0.000000,0.000000,2,4,4,0.0000,0.0000,0.0000,0.5000,"Accelerate",-0.001893
2865,A0100,pursuit_chase_v1,UNKNOWN,15721.360298,28000.600950,4399.399050,5304.985359,28952.097246,17366.328356,507.320402,28760.341468,242.700181,5490.195296,14.563339,0.025846,False,False,False,False,True,True,True,1-circle,1.000000,4466.507681,19178.326755,-0.854761,0.271198,100.000000,100.000000,0.000000,0.000000,2,4,4,0.0000,0.0000,0.0000,0.5000,"PursuitChaseOptimal",0.006064
2865,B0100,aggressive,UNKNOWN,15721.360298,28000.600950,4399.399050,5304.985359,28952.097246,17366.328356,507.320402,28760.341468,242.700181,5490.195296,14.563339,0.025846,False,False,False,False,True,True,True,1-circle,1.000000,4466.507681,19178.326755,-0.854761,0.271198,100.000000,100.000000,0.000000,0.000000,2,4,4,0.0000,0.0000,0.0000,0.5000,"Accelerate",-0.006865
2866,A0100,pursuit_chase_v1,UNKNOWN,15720.565974,28025.526725,4374.473275,5303.865345,28986.849337,17366.986785,507.564379,28771.961588,232.402394,5511.553783,12.947928,0.013420,False,False,False,False,True,True,True,1-circle,1.000000,4472.007602,19260.677120,-0.444053,0.072991,100.000000,100.000000,0.000000,0.000000,2,4,4,0.0000,0.0000,0.0000,0.5000,"PursuitChaseOptimal",0.009411
2866,B0100,aggressive,UNKNOWN,15720.565974,28025.526725,4374.473275,5303.865345,28986.849337,17366.986785,507.564379,28771.961588,232.402394,5511.553783,12.947928,0.013420,False,False,False,False,True,True,True,1-circle,1.000000,4472.007602,19260.677120,-0.444053,0.072991,100.000000,100.000000,0.000000,0.000000,2,4,4,0.0000,0.0000,0.0000,0.5000,"Accelerate",-0.010062
2867,A0100,pursuit_chase_v1,UNKNOWN,15720.565974,28025.526725,4374.473275,5303.865345,28986.849337,17366.986785,507.564379,28771.961588,232.402394,5511.553783,12.947928,0.013420,False,False,False,False,True,True,True,1-circle,1.000000,4472.007602,19260.677120,-0.444053,0.072991,100.000000,100.000000,0.000000,0.000000,2,4,4,0.0000,0.0000,0.0000,0.5000,"PursuitChaseOptimal",0.007800
2867,B0100,aggressive,UNKNOWN,15720.565974,28025.526725,4374.473275,5303.865345,28986.849337,17366.986785,507.564379,28771.961588,232.402394,5511.553783,12.947928,0.013420,False,False,False,False,True,True,True,1-circle,1.000000,4472.007602,19260.677120,-0.444053,0.072991,100.000000,100.000000,0.000000,0.000000,2,4,4,0.0000,0.0000,0.0000,0.5000,"Accelerate",-0.008775
2868,A0100,pursuit_chase_v1,UNKNOWN,15719.993476,28049.294799,4350.705201,5312.906241,29020.946916,17367.697591,507.776458,28782.205222,204.872679,5538.458903,11.012964,0.050581,False,False,False,False,True,True,True,1-circle,1.000000,4477.136929,19047.519443,-1.673822,0.067003,100.000000,100.000000,0.000000,0.000000,2,4,4,0.0000,0.0000,0.0000,0.5000,"PursuitChaseOptimal",0.002601
2868,B0100,aggressive,UNKNOWN,15719.993476,28049.294799,4350.705201,5312.906241,29020.946916,17367.697591,507.776458,28782.205222,204.872679,5538.458903,11.012964,0.050581,False,False,False,False,True,True,True,1-circle,1.000000,4477.136929,19047.519443,-1.673822,0.067003,100.000000,100.000000,0.000000,0.000000,2,4,4,0.0000,0.0000,0.0000,0.5000,"Accelerate",-0.004039
2869,A0100,pursuit_chase_v1,UNKNOWN,15719.993476,28049.294799,4350.705201,5312.906241,29020.946916,17367.697591,507.776458,28782.205222,204.872679,5538.458903,11.012964,0.050581,False,False,False,False,True,True,True,1-circle,1.000000,4477.136929,19047.519443,-1.673822,0.067003,100.000000,100.000000,0.000000,0.000000,2,4,4,0.0000,0.0000,0.0000,0.5000,"PursuitChaseOptimal",-0.004060
2869,B0100,aggressive,UNKNOWN,15719.993476,28049.294799,4350.705201,5312.906241,29020.946916,17367.697591,507.776458,28782.205222,204.872679,5538.458903,11.012964,0.050581,False,False,False,False,True,True,True,1-circle,1.000000,4477.136929,19047.519443,-1.673822,0.067003,100.000000,100.000000,0.000000,0.000000,2,4,4,0.0000,0.0000,0.0000,0.5000,"Accelerate",0.002671
2870,A0100,pursuit_chase_v1,UNKNOWN,15719.684386,28065.902122,4334.097878,5315.307491,29055.055893,17368.308279,508.107891,28797.721576,310.327082,5571.811599,9.386586,0.021336,False,False,False,False,True,True,True,1-circle,1.000000,4482.065527,19484.087365,0.706641,-0.148937,100.000000,100.000000,0.000000,0.000000,2,4,4,0.0000,0.0000,0.0000,0.5000,"PursuitChaseOptimal",-0.012283
2870,B0100,aggressive,UNKNOWN,15719.684386,28065.902122,4334.097878,5315.307491,29055.055893,17368.308279,508.107891,28797.721576,310.327082,5571.811599,9.386586,0.021336,False,False,False,False,True,True,True,1-circle,1.000000,4482.065527,19484.087365,0.706641,-0.148937,100.000000,100.000000,0.000000,0.000000,2,4,4,0.0000,0.0000,0.0000,0.5000,"Accelerate",0.011001
2871,A0100,pursuit_chase_v1,UNKNOWN,15719.684386,28065.902122,4334.097878,5315.307491,29055.055893,17368.308279,508.107891,28797.721576,310.327082,5571.811599,9.386586,0.021336,False,False,False,False,True,True,True,1-circle,1.000000,4482.065527,19484.087365,0.706641,-0.148937,100.000000,100.000000,0.000000,0.000000,2,4,4,0.0000,0.0000,0.0000,0.5000,"PursuitChaseOptimal",-0.018095
2871,B0100,aggressive,UNKNOWN,15719.684386,28065.902122,4334.097878,5315.307491,29055.055893,17368.308279,508.107891,28797.721576,310.327082,5571.811599,9.386586,0.021336,False,False,False,False,True,True,True,1-circle,1.000000,4482.065527,19484.087365,0.706641,-0.148937,100.000000,100.000000,0.000000,0.000000,2,4,4,0.0000,0.0000,0.0000,0.5000,"Accelerate",0.016705
2872,A0100,pursuit_chase_v1,UNKNOWN,15719.594146,28096.395041,4303.604959,5304.852776,29091.494295,17368.916686,508.247221,28804.599056,137.549606,5593.096633,7.939789,0.042526,False,False,False,False,True,True,True,1-circle,1.000000,4486.856127,19111.347456,-1.408615,0.050746,100.000000,100.000000,0.000000,0.000000,2,4,4,0.0000,0.0000,0.0000,0.5000,"PursuitChaseOptimal",-0.016612
2872,B0100,aggressive,UNKNOWN,15719.594146,28096.395041,4303.604959,5304.852776,29091.494295,17368.916686,508.247221,28804.599056,137.549606,5593.096633,7.939789,0.042526,False,False,False,False,True,True,True,1-circle,1.000000,4486.856127,19111.347456,-1.408615,0.050746,100.000000,100.000000,0.000000,0.000000,2,4,4,0.0000,0.0000,0.0000,0.5000,"Accelerate",0.015153
2873,A0100,pursuit_chase_v1,UNKNOWN,15719.594146,28096.395041,4303.604959,5304.852776,29091.494295,17368.916686,508.247221,28804.599056,137.549606,5593.096633,7.939789,0.042526,False,False,False,False,True,True,True,1-circle,1.000000,4486.856127,19111.347456,-1.408615,0.050746,100.000000,100.000000,0.000000,0.000000,2,4,4,0.0000,0.0000,0.0000,0.5000,"PursuitChaseOptimal",-0.014252
2873,B0100,aggressive,UNKNOWN,15719.594146,28096.395041,4303.604959,5304.852776,29091.494295,17368.916686,508.247221,28804.599056,137.549606,5593.096633,7.939789,0.042526,False,False,False,False,True,True,True,1-circle,1.000000,4486.856127,19111.347456,-1.408615,0.050746,100.000000,100.000000,0.000000,0.000000,2,4,4,0.0000,0.0000,0.0000,0.5000,"Accelerate",0.012418
2874,A0100,pursuit_chase_v1,UNKNOWN,15719.748701,28115.825998,4284.174002,5304.377529,29125.401851,17369.547410,508.572352,28819.865492,305.328713,5633.607602,6.324314,0.003213,False,False,False,False,True,True,True,1-circle,1.000000,4491.568558,19392.031287,0.106521,0.152275,100.000000,100.000000,0.000000,0.000000,2,4,4,0.0000,0.0000,0.0000,0.5000,"PursuitChaseOptimal",0.000866
2874,B0100,aggressive,UNKNOWN,15719.748701,28115.825998,4284.174002,5304.377529,29125.401851,17369.547410,508.572352,28819.865492,305.328713,5633.607602,6.324314,0.003213,False,False,False,False,True,True,True,1-circle,1.000000,4491.568558,19392.031287,0.106521,0.152275,100.000000,100.000000,0.000000,0.000000,2,4,4,0.0000,0.0000,0.0000,0.5000,"Accelerate",-0.001917
2875,A0100,pursuit_chase_v1,UNKNOWN,15719.748701,28115.825998,4284.174002,5304.377529,29125.401851,17369.547410,508.572352,28819.865492,305.328713,5633.607602,6.324314,0.003213,False,False,False,False,True,True,True,1-circle,1.000000,4491.568558,19392.031287,0.106521,0.152275,100.000000,100.000000,0.000000,0.000000,2,4,4,0.0000,0.0000,0.0000,0.5000,"PursuitChaseOptimal",0.012471
2875,B0100,aggressive,UNKNOWN,15719.748701,28115.825998,4284.174002,5304.377529,29125.401851,17369.547410,508.572352,28819.865492,305.328713,5633.607602,6.324314,0.003213,False,False,False,False,True,True,True,1-circle,1.000000,4491.568558,19392.031287,0.106521,0.152275,100.000000,100.000000,0.000000,0.000000,2,4,4,0.0000,0.0000,0.0000,0.5000,"Accelerate",-0.012951
2876,A0100,pursuit_chase_v1,UNKNOWN,15720.171573,28141.089820,4258.910180,5312.742402,29159.127697,17370.126634,508.759891,28828.891028,180.510732,5658.629847,4.355185,0.016136,False,False,False,False,True,True,True,1-circle,1.000000,4496.118877,19477.033177,0.535065,-0.007202,100.000000,100.000000,0.000000,0.000000,2,4,4,0.0000,0.0000,0.0000,0.5000,"PursuitChaseOptimal",0.021861
2876,B0100,aggressive,UNKNOWN,15720.171573,28141.089820,4258.910180,5312.742402,29159.127697,17370.126634,508.759891,28828.891028,180.510732,5658.629847,4.355185,0.016136,False,False,False,False,True,True,True,1-circle,1.000000,4496.118877,19477.033177,0.535065,-0.007202,100.000000,100.000000,0.000000,0.000000,2,4,4,0.0000,0.0000,0.0000,0.5000,"Accelerate",-0.022144
2877,A0100,pursuit_chase_v1,UNKNOWN,15720.171573,28141.089820,4258.910180,5312.742402,29159.127697,17370.126634,508.759891,28828.891028,180.510732,5658.629847,4.355185,0.016136,False,False,False,False,True,True,True,1-circle,1.000000,4496.118877,19477.033177,0.535065,-0.007202,100.000000,100.000000,0.000000,0.000000,2,4,4,0.0000,0.0000,0.0000,0.5000,"PursuitChaseOptimal",0.013760
2877,B0100,aggressive,UNKNOWN,15720.171573,28141.089820,4258.910180,5312.742402,29159.127697,17370.126634,508.759891,28828.891028,180.510732,5658.629847,4.355185,0.016136,False,False,False,False,True,True,True,1-circle,1.000000,4496.118877,19477.033177,0.535065,-0.007202,100.000000,100.000000,0.000000,0.000000,2,4,4,0.0000,0.0000,0.0000,0.5000,"Accelerate",-0.014242
2878,A0100,pursuit_chase_v1,UNKNOWN,15720.841593,28168.020171,4231.979829,5321.681085,29192.956171,17370.788364,508.998729,28840.313925,228.457927,5694.327546,1.982374,0.021694,False,False,False,False,True,True,True,1-circle,1.000000,4500.158635,19258.721664,-0.719690,0.259337,100.000000,100.000000,0.000000,0.000000,2,4,4,0.0000,0.0000,0.0000,0.5000,"PursuitChaseOptimal",0.004757
2878,B0100,aggressive,UNKNOWN,15720.841593,28168.020171,4231.979829,5321.681085,29192.956171,17370.788364,508.998729,28840.313925,228.457927,5694.327546,1.982374,0.021694,False,False,False,False,True,True,True,1-circle,1.000000,4500.158635,19258.721664,-0.719690,0.259337,100.000000,100.000000,0.000000,0.000000,2,4,4,0.0000,0.0000,0.0000,0.5000,"Accelerate",-0.005748
2879,A0100,pursuit_chase_v1,UNKNOWN,15720.841593,28168.020171,4231.979829,5321.681085,29192.956171,17370.788364,508.998729,28840.313925,228.457927,5694.327546,1.982374,0.021694,False,False,False,False,True,True,True,1-circle,1.000000,4500.158635,19258.721664,-0.719690,0.259337,100.000000,100.000000,0.000000,0.000000,2,4,4,0.0000,0.0000,0.0000,0.5000,"PursuitChaseOptimal",-0.005278
2879,B0100,aggressive,UNKNOWN,15720.841593,28168.020171,4231.979829,5321.681085,29192.956171,17370.788364,508.998729,28840.313925,228.457927,5694.327546,1.982374,0.021694,False,False,False,False,True,True,True,1-circle,1.000000,4500.158635,19258.721664,-0.719690,0.259337,100.000000,100.000000,0.000000,0.000000,2,4,4,0.0000,0.0000,0.0000,0.5000,"Accelerate",0.004175
2880,A0100,pursuit_chase_v1,UNKNOWN,15721.788684,28193.451596,4206.548404,5328.416301,29228.119584,17371.443116,509.225530,28851.192195,217.565407,5721.679999,0.021044,0.008384,False,False,False,False,True,True,True,1-circle,1.000000,4503.827649,19345.492834,-0.278259,0.061045,100.000000,100.000000,0.000000,0.000000,2,5,4,0.0000,0.0000,0.0000,0.5000,"PursuitChaseOptimal",-0.016148
2880,B0100,aggressive,UNKNOWN,15721.788684,28193.451596,4206.548404,5328.416301,29228.119584,17371.443116,509.225530,28851.192195,217.565407,5721.679999,0.021044,0.008384,False,False,False,False,True,True,True,1-circle,1.000000,4503.827649,19345.492834,-0.278259,0.061045,100.000000,100.000000,0.000000,0.000000,2,4,4,0.0000,0.0000,0.0000,0.5000,"Accelerate",0.014796
2881,A0100,pursuit_chase_v1,UNKNOWN,15721.788684,28193.451596,4206.548404,5328.416301,29228.119584,17371.443116,509.225530,28851.192195,217.565407,5721.679999,0.021044,0.008384,False,False,False,False,True,True,True,1-circle,1.000000,4503.827649,19345.492834,-0.278259,0.061045,100.000000,100.000000,0.000000,0.000000,2,5,4,0.0000,0.0000,0.0000,0.5000,"PursuitChaseOptimal",-0.011434
2881,B0100,aggressive,UNKNOWN,15721.788684,28193.451596,4206.548404,5328.416301,29228.119584,17371.443116,509.225530,28851.192195,217.565407,5721.679999,0.021044,0.008384,False,False,False,False,True,True,True,1-circle,1.000000,4503.827649,19345.492834,-0.278259,0.061045,100.000000,100.000000,0.000000,0.000000,2,4,4,0.0000,0.0000,0.0000,0.5000,"Accelerate",0.009926
2882,A0100,pursuit_chase_v1,UNKNOWN,15722.961934,28217.635352,4182.364648,5335.935682,29262.505970,17372.154953,509.419842,28860.666687,189.489832,5734.364167,-1.498662,0.044913,False,False,False,False,True,True,True,1-circle,1.000000,4507.220492,19134.374152,-1.490861,0.061674,100.000000,100.000000,0.000000,0.000000,2,5,4,0.0000,0.0000,0.0000,0.5000,"PursuitChaseOptimal",-0.000735
2882,B0100,aggressive,UNKNOWN,15722.961934,28217.635352,4182.364648,5335.935682,29262.505970,17372.154953,509.419842,28860.666687,189.489832,5734.364167,-1.498662,0.044913,False,False,False,False,True,True,True,1-circle,1.000000,4507.220492,19134.374152,-1.490861,0.061674,100.000000,100.000000,0.000000,0.000000,2,4,4,0.0000,0.0000,0.0000,0.5000,"Accelerate",-0.000796
2883,A0100,pursuit_chase_v1,UNKNOWN,15722.961934,28217.635352,4182.364648,5335.935682,29262.505970,17372.154953,509.419842,28860.666687,189.489832,5734.364167,-1.498662,0.044913,False,False,False,False,True,True,True,1-circle,1.000000,4507.220492,19134.374152,-1.490861,0.061674,100.000000,100.000000,0.000000,0.000000,2,5,4,0.0000,0.0000,0.0000,0.5000,"PursuitChaseOptimal",0.017420
2883,B0100,aggressive,UNKNOWN,15722.961934,28217.635352,4182.364648,5335.935682,29262.505970,17372.154953,509.419842,28860.666687,189.489832,5734.364167,-1.498662,0.044913,False,False,False,False,True,True,True,1-circle,1.000000,4507.220492,19134.374152,-1.490861,0.061674,100.000000,100.000000,0.000000,0.000000,2,4,4,0.0000,0.0000,0.0000,0.5000,"Accelerate",-0.018194
2884,A0100,pursuit_chase_v1,UNKNOWN,15724.356469,28234.306234,4165.693766,5344.524164,29296.960212,17372.770612,509.735287,28875.514646,296.959183,5746.388382,-3.131558,0.027668,False,False,False,False,True,True,True,1-circle,1.000000,4510.462924,19575.238007,0.919090,-0.152472,100.000000,100.000000,0.000000,0.000000,2,5,4,0.0000,0.0000,0.0000,0.5000,"PursuitChaseOptimal",0.037851
2884,B0100,aggressive,UNKNOWN,15724.356469,28234.306234,4165.693766,5344.524164,29296.960212,17372.770612,509.735287,28875.514646,296.959183,5746.388382,-3.131558,0.027668,False,False,False,False,True,True,True,1-circle,1.000000,4510.462924,19575.238007,0.919090,-0.152472,100.000000,100.000000,0.000000,0.000000,2,4,4,0.0000,0.0000,0.0000,0.5000,"Accelerate",-0.037641
2885,A0100,pursuit_chase_v1,UNKNOWN,15724.356469,28234.306234,4165.693766,5344.524164,29296.960212,17372.770612,509.735287,28875.514646,296.959183,5746.388382,-3.131558,0.027668,False,False,False,False,True,True,True,1-circle,1.000000,4510.462924,19575.238007,0.919090,-0.152472,100.000000,100.000000,0.000000,0.000000,2,5,4,0.0000,0.0000,0.0000,0.5000,"PursuitChaseOptimal",0.048934
2885,B0100,aggressive,UNKNOWN,15724.356469,28234.306234,4165.693766,5344.524164,29296.960212,17372.770612,509.735287,28875.514646,296.959183,5746.388382,-3.131558,0.027668,False,False,False,False,True,True,True,1-circle,1.000000,4510.462924,19575.238007,0.919090,-0.152472,100.000000,100.000000,0.000000,0.000000,2,4,4,0.0000,0.0000,0.0000,0.5000,"Accelerate",-0.048243
2886,A0100,pursuit_chase_v1,UNKNOWN,15725.926477,28265.564782,4134.435218,5361.482451,29333.799659,17373.387917,509.858765,28881.705480,123.816683,5734.455552,-5.479353,0.036080,False,False,False,False,True,True,True,1-circle,1.000000,4513.122153,19200.754114,-1.198719,0.050062,100.000000,100.000000,0.000000,0.000000,2,5,4,0.0000,0.0000,0.0000,0.5000,"PursuitChaseOptimal",0.046682
2886,B0100,aggressive,UNKNOWN,15725.926477,28265.564782,4134.435218,5361.482451,29333.799659,17373.387917,509.858765,28881.705480,123.816683,5734.455552,-5.479353,0.036080,False,False,False,False,True,True,True,1-circle,1.000000,4513.122153,19200.754114,-1.198719,0.050062,100.000000,100.000000,0.000000,0.000000,2,4,4,0.0000,0.0000,0.0000,0.5000,"Accelerate",-0.046092
2887,A0100,pursuit_chase_v1,UNKNOWN,15725.926477,28265.564782,4134.435218,5361.482451,29333.799659,17373.387917,509.858765,28881.705480,123.816683,5734.455552,-5.479353,0.036080,False,False,False,False,True,True,True,1-circle,1.000000,4513.122153,19200.754114,-1.198719,0.050062,100.000000,100.000000,0.000000,0.000000,2,5,4,0.0000,0.0000,0.0000,0.5000,"PursuitChaseOptimal",0.037999
2887,B0100,aggressive,UNKNOWN,15725.926477,28265.564782,4134.435218,5361.482451,29333.799659,17373.387917,509.858765,28881.705480,123.816683,5734.455552,-5.479353,0.036080,False,False,False,False,True,True,True,1-circle,1.000000,4513.122153,19200.754114,-1.198719,0.050062,100.000000,100.000000,0.000000,0.000000,2,4,4,0.0000,0.0000,0.0000,0.5000,"Accelerate",-0.037801
2888,A0100,pursuit_chase_v1,UNKNOWN,15727.694611,28286.730568,4113.269432,5397.480463,29366.669456,17374.036780,510.131412,28894.665806,259.206527,5736.302368,-8.213857,0.003114,False,False,False,False,True,True,True,1-circle,1.000000,4514.892129,19441.335231,0.103528,0.151026,100.000000,100.000000,0.000000,0.000000,2,5,4,0.0000,0.0000,0.0000,0.5000,"PursuitChaseOptimal",0.027187
2888,B0100,aggressive,UNKNOWN,15727.694611,28286.730568,4113.269432,5397.480463,29366.669456,17374.036780,510.131412,28894.665806,259.206527,5736.302368,-8.213857,0.003114,False,False,False,False,True,True,True,1-circle,1.000000,4514.892129,19441.335231,0.103528,0.151026,100.000000,100.000000,0.000000,0.000000,2,4,4,0.0000,0.0000,0.0000,0.5000,"Accelerate",-0.027135
2889,A0100,pursuit_chase_v1,UNKNOWN,15727.694611,28286.730568,4113.269432,5397.480463,29366.669456,17374.036780,510.131412,28894.665806,259.206527,5736.302368,-8.213857,0.003114,False,False,False,False,True,True,True,1-circle,1.000000,4514.892129,19441.335231,0.103528,0.151026,100.000000,100.000000,0.000000,0.000000,2,5,4,0.0000,0.0000,0.0000,0.5000,"PursuitChaseOptimal",0.005341
2889,B0100,aggressive,UNKNOWN,15727.694611,28286.730568,4113.269432,5397.480463,29366.669456,17374.036780,510.131412,28894.665806,259.206527,5736.302368,-8.213857,0.003114,False,False,False,False,True,True,True,1-circle,1.000000,4514.892129,19441.335231,0.103528,0.151026,100.000000,100.000000,0.000000,0.000000,2,4,4,0.0000,0.0000,0.0000,0.5000,"Accelerate",-0.006072
2890,A0100,pursuit_chase_v1,UNKNOWN,15729.712332,28318.915360,4081.084640,5416.155115,29404.966024,17374.704615,510.245588,28900.491208,116.508035,5741.041759,-10.698944,0.060950,False,False,False,False,True,True,True,1-circle,1.000000,4515.862607,19063.724277,-2.025876,-0.019530,100.000000,100.000000,0.000000,0.000000,2,5,4,0.0000,0.0000,0.0000,0.5000,"PursuitChaseOptimal",-0.002846
2890,B0100,aggressive,UNKNOWN,15729.712332,28318.915360,4081.084640,5416.155115,29404.966024,17374.704615,510.245588,28900.491208,116.508035,5741.041759,-10.698944,0.060950,False,False,False,False,True,True,True,1-circle,1.000000,4515.862607,19063.724277,-2.025876,-0.019530,100.000000,100.000000,0.000000,0.000000,2,4,4,0.0000,0.0000,0.0000,0.5000,"Accelerate",0.001492
2891,A0100,pursuit_chase_v1,UNKNOWN,15729.712332,28318.915360,4081.084640,5416.155115,29404.966024,17374.704615,510.245588,28900.491208,116.508035,5741.041759,-10.698944,0.060950,False,False,False,False,True,True,True,1-circle,1.000000,4515.862607,19063.724277,-2.025876,-0.019530,100.000000,100.000000,0.000000,0.000000,2,5,4,0.0000,0.0000,0.0000,0.5000,"PursuitChaseOptimal",-0.002486
2891,B0100,aggressive,UNKNOWN,15729.712332,28318.915360,4081.084640,5416.155115,29404.966024,17374.704615,510.245588,28900.491208,116.508035,5741.041759,-10.698944,0.060950,False,False,False,False,True,True,True,1-circle,1.000000,4515.862607,19063.724277,-2.025876,-0.019530,100.000000,100.000000,0.000000,0.000000,2,4,4,0.0000,0.0000,0.0000,0.5000,"Accelerate",0.000827
2892,A0100,pursuit_chase_v1,UNKNOWN,15731.935975,28335.345480,4064.654520,5390.487764,29438.876662,17375.363406,510.563153,28915.501254,300.200918,5749.802108,-11.378966,0.013907,False,False,False,False,True,True,True,1-circle,1.000000,4516.549661,19350.603120,-0.462692,-0.069837,100.000000,100.000000,0.000000,0.000000,2,5,4,0.0000,0.0000,0.0000,0.5000,"PursuitChaseOptimal",-0.001983
2892,B0100,aggressive,UNKNOWN,15731.935975,28335.345480,4064.654520,5390.487764,29438.876662,17375.363406,510.563153,28915.501254,300.200918,5749.802108,-11.378966,0.013907,False,False,False,False,True,True,True,1-circle,1.000000,4516.549661,19350.603120,-0.462692,-0.069837,100.000000,100.000000,0.000000,0.000000,2,4,4,0.0000,0.0000,0.0000,0.5000,"Accelerate",0.000608
2893,A0100,pursuit_chase_v1,UNKNOWN,15731.935975,28335.345480,4064.654520,5390.487764,29438.876662,17375.363406,510.563153,28915.501254,300.200918,5749.802108,-11.378966,0.013907,False,False,False,False,True,True,True,1-circle,1.000000,4516.549661,19350.603120,-0.462692,-0.069837,100.000000,100.000000,0.000000,0.000000,2,5,4,0.0000,0.0000,0.0000,0.5000,"PursuitChaseOptimal",-0.000663
2893,B0100,aggressive,UNKNOWN,15731.935975,28335.345480,4064.654520,5390.487764,29438.876662,17375.363406,510.563153,28915.501254,300.200918,5749.802108,-11.378966,0.013907,False,False,False,False,True,True,True,1-circle,1.000000,4516.549661,19350.603120,-0.462692,-0.069837,100.000000,100.000000,0.000000,0.000000,2,4,4,0.0000,0.0000,0.0000,0.5000,"Accelerate",-0.000271
2894,A0100,pursuit_chase_v1,UNKNOWN,15734.213999,28360.926751,4039.073249,5313.047144,29475.016197,17375.932637,510.710620,28922.737765,144.730214,5740.270385,-10.730129,0.000953,False,False,False,False,True,True,True,1-circle,1.000000,4517.484279,19445.259067,0.031705,-0.142851,100.000000,100.000000,0.000000,0.000000,2,5,4,0.0000,0.0000,0.0000,0.5000,"PursuitChaseOptimal",0.001593
2894,B0100,aggressive,UNKNOWN,15734.213999,28360.926751,4039.073249,5313.047144,29475.016197,17375.932637,510.710620,28922.737765,144.730214,5740.270385,-10.730129,0.000953,False,False,False,False,True,True,True,1-circle,1.000000,4517.484279,19445.259067,0.031705,-0.142851,100.000000,100.000000,0.000000,0.000000,2,4,4,0.0000,0.0000,0.0000,0.5000,"Accelerate",-0.002371
2895,A0100,pursuit_chase_v1,UNKNOWN,15734.213999,28360.926751,4039.073249,5313.047144,29475.016197,17375.932637,510.710620,28922.737765,144.730214,5740.270385,-10.730129,0.000953,False,False,False,False,True,True,True,1-circle,1.000000,4517.484279,19445.259067,0.031705,-0.142851,100.000000,100.000000,0.000000,0.000000,2,5,4,0.0000,0.0000,0.0000,0.5000,"PursuitChaseOptimal",0.004432
2895,B0100,aggressive,UNKNOWN,15734.213999,28360.926751,4039.073249,5313.047144,29475.016197,17375.932637,510.710620,28922.737765,144.730214,5740.270385,-10.730129,0.000953,False,False,False,False,True,True,True,1-circle,1.000000,4517.484279,19445.259067,0.031705,-0.142851,100.000000,100.000000,0.000000,0.000000,2,4,4,0.0000,0.0000,0.0000,0.5000,"Accelerate",-0.005229
2896,A0100,pursuit_chase_v1,UNKNOWN,15736.453762,28387.474569,4012.525431,5207.365891,29509.180541,17376.565250,510.918890,28932.789947,201.043641,5747.789284,-9.743326,0.033773,False,False,False,False,True,True,True,1-circle,1.000000,4518.797233,19243.066152,-1.124282,0.161434,100.000000,100.000000,0.000000,0.000000,2,5,4,0.0000,0.0000,0.0000,0.5000,"PursuitChaseOptimal",0.007353
2896,B0100,aggressive,UNKNOWN,15736.453762,28387.474569,4012.525431,5207.365891,29509.180541,17376.565250,510.918890,28932.789947,201.043641,5747.789284,-9.743326,0.033773,False,False,False,False,True,True,True,1-circle,1.000000,4518.797233,19243.066152,-1.124282,0.161434,100.000000,100.000000,0.000000,0.000000,2,4,4,0.0000,0.0000,0.0000,0.5000,"Accelerate",-0.008187
2897,A0100,pursuit_chase_v1,UNKNOWN,15736.453762,28387.474569,4012.525431,5207.365891,29509.180541,17376.565250,510.918890,28932.789947,201.043641,5747.789284,-9.743326,0.033773,False,False,False,False,True,True,True,1-circle,1.000000,4518.797233,19243.066152,-1.124282,0.161434,100.000000,100.000000,0.000000,0.000000,2,5,4,0.0000,0.0000,0.0000,0.5000,"PursuitChaseOptimal",0.010304
2897,B0100,aggressive,UNKNOWN,15736.453762,28387.474569,4012.525431,5207.365891,29509.180541,17376.565250,510.918890,28932.789947,201.043641,5747.789284,-9.743326,0.033773,False,False,False,False,True,True,True,1-circle,1.000000,4518.797233,19243.066152,-1.124282,0.161434,100.000000,100.000000,0.000000,0.000000,2,4,4,0.0000,0.0000,0.0000,0.5000,"Accelerate",-0.010774
2898,A0100,pursuit_chase_v1,UNKNOWN,15738.673254,28412.024700,3987.975300,5088.742221,29544.021298,17377.183665,511.113243,28942.201980,188.240667,5772.763896,-8.870874,0.021992,False,False,False,False,True,True,True,1-circle,1.000000,4520.648016,19319.793085,-0.732403,-0.021465,100.000000,100.000000,0.000000,0.000000,2,5,4,0.0000,0.0000,0.0000,0.5000,"PursuitChaseOptimal",0.013325
2898,B0100,aggressive,UNKNOWN,15738.673254,28412.024700,3987.975300,5088.742221,29544.021298,17377.183665,511.113243,28942.201980,188.240667,5772.763896,-8.870874,0.021992,False,False,False,False,True,True,True,1-circle,1.000000,4520.648016,19319.793085,-0.732403,-0.021465,100.000000,100.000000,0.000000,0.000000,2,4,4,0.0000,0.0000,0.0000,0.5000,"Accelerate",-0.013586
2899,A0100,pursuit_chase_v1,UNKNOWN,15738.673254,28412.024700,3987.975300,5088.742221,29544.021298,17377.183665,511.113243,28942.201980,188.240667,5772.763896,-8.870874,0.021992,False,False,False,False,True,True,True,1-circle,1.000000,4520.648016,19319.793085,-0.732403,-0.021465,100.000000,100.000000,0.000000,0.000000,2,5,4,0.0000,0.0000,0.0000,0.5000,"PursuitChaseOptimal",0.016165
2899,B0100,aggressive,UNKNOWN,15738.673254,28412.024700,3987.975300,5088.742221,29544.021298,17377.183665,511.113243,28942.201980,188.240667,5772.763896,-8.870874,0.021992,False,False,False,False,True,True,True,1-circle,1.000000,4520.648016,19319.793085,-0.732403,-0.021465,100.000000,100.000000,0.000000,0.000000,2,4,4,0.0000,0.0000,0.0000,0.5000,"Accelerate",-0.016587
2900,A0100,pursuit_chase_v1,UNKNOWN,15740.891523,28434.696666,3965.303334,4961.857119,29577.102099,17377.858835,511.276162,28950.251107,160.982545,5806.121830,-8.045629,0.057229,False,False,False,False,True,True,True,1-circle,1.000000,4522.960526,19114.985064,-1.905895,0.000299,100.000000,100.000000,0.000000,0.000000,2,5,4,0.0000,0.0000,0.0000,0.5000,"PursuitChaseOptimal",0.019116
2900,B0100,aggressive,UNKNOWN,15740.891523,28434.696666,3965.303334,4961.857119,29577.102099,17377.858835,511.276162,28950.251107,160.982545,5806.121830,-8.045629,0.057229,False,False,False,False,True,True,True,1-circle,1.000000,4522.960526,19114.985064,-1.905895,0.000299,100.000000,100.000000,0.000000,0.000000,2,4,4,0.0000,0.0000,0.0000,0.5000,"Accelerate",-0.019707
2901,A0100,pursuit_chase_v1,UNKNOWN,15740.891523,28434.696666,3965.303334,4961.857119,29577.102099,17377.858835,511.276162,28950.251107,160.982545,5806.121830,-8.045629,0.057229,False,False,False,False,True,True,True,1-circle,1.000000,4522.960526,19114.985064,-1.905895,0.000299,100.000000,100.000000,0.000000,0.000000,2,5,4,0.0000,0.0000,0.0000,0.5000,"PursuitChaseOptimal",0.022328
2901,B0100,aggressive,UNKNOWN,15740.891523,28434.696666,3965.303334,4961.857119,29577.102099,17377.858835,511.276162,28950.251107,160.982545,5806.121830,-8.045629,0.057229,False,False,False,False,True,True,True,1-circle,1.000000,4522.960526,19114.985064,-1.905895,0.000299,100.000000,100.000000,0.000000,0.000000,2,4,4,0.0000,0.0000,0.0000,0.5000,"Accelerate",-0.022481
2902,A0100,pursuit_chase_v1,UNKNOWN,15743.116275,28448.289307,3951.710693,4827.885875,29609.251943,17378.439502,511.567341,28964.016829,275.314444,5846.092088,-7.115222,0.016917,False,False,False,False,True,True,True,1-circle,1.000000,4525.863872,19566.276787,0.563893,-0.203730,100.000000,100.000000,0.000000,0.000000,2,4,4,0.0000,0.0000,0.0000,0.5000,"PursuitChaseOptimal",0.030063
2902,B0100,aggressive,UNKNOWN,15743.116275,28448.289307,3951.710693,4827.885875,29609.251943,17378.439502,511.567341,28964.016829,275.314444,5846.092088,-7.115222,0.016917,False,False,False,False,True,True,True,1-circle,1.000000,4525.863872,19566.276787,0.563893,-0.203730,100.000000,100.000000,0.000000,0.000000,2,4,4,0.0000,0.0000,0.0000,0.5000,"Accelerate",-0.029430
2903,A0100,pursuit_chase_v1,UNKNOWN,15743.116275,28448.289307,3951.710693,4827.885875,29609.251943,17378.439502,511.567341,28964.016829,275.314444,5846.092088,-7.115222,0.016917,False,False,False,False,True,True,True,1-circle,1.000000,4525.863872,19566.276787,0.563893,-0.203730,100.000000,100.000000,0.000000,0.000000,2,4,4,0.0000,0.0000,0.0000,0.5000,"PursuitChaseOptimal",0.026219
2903,B0100,aggressive,UNKNOWN,15743.116275,28448.289307,3951.710693,4827.885875,29609.251943,17378.439502,511.567341,28964.016829,275.314444,5846.092088,-7.115222,0.016917,False,False,False,False,True,True,True,1-circle,1.000000,4525.863872,19566.276787,0.563893,-0.203730,100.000000,100.000000,0.000000,0.000000,2,4,4,0.0000,0.0000,0.0000,0.5000,"Accelerate",-0.025646
2904,A0100,pursuit_chase_v1,UNKNOWN,15745.322905,28476.039260,3923.960740,4682.261597,29642.813334,17379.022130,511.670236,28969.260510,104.873613,5875.917101,-6.379968,0.045909,False,False,False,False,True,True,True,1-circle,1.000000,4529.220173,19196.272369,-1.530224,0.007463,100.000000,100.000000,0.000000,0.000000,2,4,4,0.0000,0.0000,0.0000,0.5000,"PursuitChaseOptimal",0.025148
2904,B0100,aggressive,UNKNOWN,15745.322905,28476.039260,3923.960740,4682.261597,29642.813334,17379.022130,511.670236,28969.260510,104.873613,5875.917101,-6.379968,0.045909,False,False,False,False,True,True,True,1-circle,1.000000,4529.220173,19196.272369,-1.530224,0.007463,100.000000,100.000000,0.000000,0.000000,2,4,4,0.0000,0.0000,0.0000,0.5000,"Accelerate",-0.024726
2905,A0100,pursuit_chase_v1,UNKNOWN,15745.322905,28476.039260,3923.960740,4682.261597,29642.813334,17379.022130,511.670236,28969.260510,104.873613,5875.917101,-6.379968,0.045909,False,False,False,False,True,True,True,1-circle,1.000000,4529.220173,19196.272369,-1.530224,0.007463,100.000000,100.000000,0.000000,0.000000,2,4,4,0.0000,0.0000,0.0000,0.5000,"PursuitChaseOptimal",0.013514
2905,B0100,aggressive,UNKNOWN,15745.322905,28476.039260,3923.960740,4682.261597,29642.813334,17379.022130,511.670236,28969.260510,104.873613,5875.917101,-6.379968,0.045909,False,False,False,False,True,True,True,1-circle,1.000000,4529.220173,19196.272369,-1.530224,0.007463,100.000000,100.000000,0.000000,0.000000,2,4,4,0.0000,0.0000,0.0000,0.5000,"Accelerate",-0.013790
2906,A0100,pursuit_chase_v1,UNKNOWN,15747.515118,28492.089855,3907.910145,4554.472254,29671.064446,17379.638785,511.921157,28981.247544,239.740681,5912.060905,-5.719530,0.005134,False,False,False,False,True,True,True,1-circle,1.000000,4532.960030,19447.981723,-0.171255,0.112364,100.000000,100.000000,0.000000,0.000000,2,4,4,0.0000,0.0000,0.0000,0.5000,"PursuitChaseOptimal",0.004257
2906,B0100,aggressive,UNKNOWN,15747.515118,28492.089855,3907.910145,4554.472254,29671.064446,17379.638785,511.921157,28981.247544,239.740681,5912.060905,-5.719530,0.005134,False,False,False,False,True,True,True,1-circle,1.000000,4532.960030,19447.981723,-0.171255,0.112364,100.000000,100.000000,0.000000,0.000000,2,4,4,0.0000,0.0000,0.0000,0.5000,"Accelerate",-0.004731
2907,A0100,pursuit_chase_v1,UNKNOWN,15747.515118,28492.089855,3907.910145,4554.472254,29671.064446,17379.638785,511.921157,28981.247544,239.740681,5912.060905,-5.719530,0.005134,False,False,False,False,True,True,True,1-circle,1.000000,4532.960030,19447.981723,-0.171255,0.112364,100.000000,100.000000,0.000000,0.000000,2,4,4,0.0000,0.0000,0.0000,0.5000,"PursuitChaseOptimal",-0.001853
2907,B0100,aggressive,UNKNOWN,15747.515118,28492.089855,3907.910145,4554.472254,29671.064446,17379.638785,511.921157,28981.247544,239.740681,5912.060905,-5.719530,0.005134,False,False,False,False,True,True,True,1-circle,1.000000,4532.960030,19447.981723,-0.171255,0.112364,100.000000,100.000000,0.000000,0.000000,2,4,4,0.0000,0.0000,0.0000,0.5000,"Accelerate",0.001156
2908,A0100,pursuit_chase_v1,UNKNOWN,15749.746916,28518.309041,3881.690959,4452.989199,29703.850999,17380.277804,512.013735,28986.083104,96.711200,5943.207427,-5.659667,0.068311,False,False,False,False,True,True,True,1-circle,1.000000,4537.052856,19076.066544,-2.277689,-0.052621,100.000000,100.000000,0.000000,0.000000,2,4,4,0.0000,0.0000,0.0000,0.5000,"PursuitChaseOptimal",-0.005870
2908,B0100,aggressive,UNKNOWN,15749.746916,28518.309041,3881.690959,4452.989199,29703.850999,17380.277804,512.013735,28986.083104,96.711200,5943.207427,-5.659667,0.068311,False,False,False,False,True,True,True,1-circle,1.000000,4537.052856,19076.066544,-2.277689,-0.052621,100.000000,100.000000,0.000000,0.000000,2,4,4,0.0000,0.0000,0.0000,0.5000,"Accelerate",0.004669
2909,A0100,pursuit_chase_v1,UNKNOWN,15749.746916,28518.309041,3881.690959,4452.989199,29703.850999,17380.277804,512.013735,28986.083104,96.711200,5943.207427,-5.659667,0.068311,False,False,False,False,True,True,True,1-circle,1.000000,4537.052856,19076.066544,-2.277689,-0.052621,100.000000,100.000000,0.000000,0.000000,2,4,4,0.0000,0.0000,0.0000,0.5000,"PursuitChaseOptimal",-0.009039
2909,B0100,aggressive,UNKNOWN,15749.746916,28518.309041,3881.690959,4452.989199,29703.850999,17380.277804,512.013735,28986.083104,96.711200,5943.207427,-5.659667,0.068311,False,False,False,False,True,True,True,1-circle,1.000000,4537.052856,19076.066544,-2.277689,-0.052621,100.000000,100.000000,0.000000,0.000000,2,4,4,0.0000,0.0000,0.0000,0.5000,"Accelerate",0.007363
2910,A0100,pursuit_chase_v1,UNKNOWN,15752.058959,28527.540406,3872.459594,4385.595817,29731.465042,17380.912491,512.310452,29000.173050,281.798922,5975.779529,-5.627850,0.019955,False,False,False,False,True,True,True,1-circle,1.000000,4541.437493,19373.539640,-0.666037,-0.095266,100.000000,100.000000,0.000000,0.000000,2,4,4,0.0000,0.0000,0.0000,0.5000,"PursuitChaseOptimal",-0.012104
2910,B0100,aggressive,UNKNOWN,15752.058959,28527.540406,3872.459594,4385.595817,29731.465042,17380.912491,512.310452,29000.173050,281.798922,5975.779529,-5.627850,0.019955,False,False,False,False,True,True,True,1-circle,1.000000,4541.437493,19373.539640,-0.666037,-0.095266,100.000000,100.000000,0.000000,0.000000,2,4,4,0.0000,0.0000,0.0000,0.5000,"Accelerate",0.010474
2911,A0100,pursuit_chase_v1,UNKNOWN,15752.058959,28527.540406,3872.459594,4385.595817,29731.465042,17380.912491,512.310452,29000.173050,281.798922,5975.779529,-5.627850,0.019955,False,False,False,False,True,True,True,1-circle,1.000000,4541.437493,19373.539640,-0.666037,-0.095266,100.000000,100.000000,0.000000,0.000000,2,4,4,0.0000,0.0000,0.0000,0.5000,"PursuitChaseOptimal",-0.015029
2911,B0100,aggressive,UNKNOWN,15752.058959,28527.540406,3872.459594,4385.595817,29731.465042,17380.912491,512.310452,29000.173050,281.798922,5975.779529,-5.627850,0.019955,False,False,False,False,True,True,True,1-circle,1.000000,4541.437493,19373.539640,-0.666037,-0.095266,100.000000,100.000000,0.000000,0.000000,2,4,4,0.0000,0.0000,0.0000,0.5000,"Accelerate",0.013549
2912,A0100,pursuit_chase_v1,UNKNOWN,15754.471359,28542.908549,3857.091451,4330.054423,29761.337884,17381.443152,512.481971,29008.485173,166.242467,5994.367474,-5.687180,0.004621,False,False,False,False,True,True,True,1-circle,1.000000,4546.154326,19473.205942,-0.154306,-0.322365,100.000000,100.000000,0.000000,0.000000,2,4,4,0.0000,0.0000,0.0000,0.5000,"PursuitChaseOptimal",-0.017774
2912,B0100,aggressive,UNKNOWN,15754.471359,28542.908549,3857.091451,4330.054423,29761.337884,17381.443152,512.481971,29008.485173,166.242467,5994.367474,-5.687180,0.004621,False,False,False,False,True,True,True,1-circle,1.000000,4546.154326,19473.205942,-0.154306,-0.322365,100.000000,100.000000,0.000000,0.000000,2,4,4,0.0000,0.0000,0.0000,0.5000,"Accelerate",0.016321
2913,A0100,pursuit_chase_v1,UNKNOWN,15754.471359,28542.908549,3857.091451,4330.054423,29761.337884,17381.443152,512.481971,29008.485173,166.242467,5994.367474,-5.687180,0.004621,False,False,False,False,True,True,True,1-circle,1.000000,4546.154326,19473.205942,-0.154306,-0.322365,100.000000,100.000000,0.000000,0.000000,2,4,4,0.0000,0.0000,0.0000,0.5000,"PursuitChaseOptimal",-0.020480
2913,B0100,aggressive,UNKNOWN,15754.471359,28542.908549,3857.091451,4330.054423,29761.337884,17381.443152,512.481971,29008.485173,166.242467,5994.367474,-5.687180,0.004621,False,False,False,False,True,True,True,1-circle,1.000000,4546.154326,19473.205942,-0.154306,-0.322365,100.000000,100.000000,0.000000,0.000000,2,4,4,0.0000,0.0000,0.0000,0.5000,"Accelerate",0.018699
2914,A0100,pursuit_chase_v1,UNKNOWN,15756.957049,28559.265987,3840.734013,4285.665969,29789.370676,17381.991668,512.620417,29015.316558,136.627697,6008.254693,-5.788335,0.038792,False,False,False,False,True,True,True,1-circle,1.000000,4551.063096,19275.476011,-1.295327,-0.108670,100.000000,100.000000,0.000000,0.000000,2,4,4,0.0000,0.0000,0.0000,0.5000,"PursuitChaseOptimal",-0.022018
2914,B0100,aggressive,UNKNOWN,15756.957049,28559.265987,3840.734013,4285.665969,29789.370676,17381.991668,512.620417,29015.316558,136.627697,6008.254693,-5.788335,0.038792,False,False,False,False,True,True,True,1-circle,1.000000,4551.063096,19275.476011,-1.295327,-0.108670,100.000000,100.000000,0.000000,0.000000,2,4,4,0.0000,0.0000,0.0000,0.5000,"Accelerate",0.020130
2915,A0100,pursuit_chase_v1,UNKNOWN,15756.957049,28559.265987,3840.734013,4285.665969,29789.370676,17381.991668,512.620417,29015.316558,136.627697,6008.254693,-5.788335,0.038792,False,False,False,False,True,True,True,1-circle,1.000000,4551.063096,19275.476011,-1.295327,-0.108670,100.000000,100.000000,0.000000,0.000000,2,4,4,0.0000,0.0000,0.0000,0.5000,"PursuitChaseOptimal",-0.020061
2915,B0100,aggressive,UNKNOWN,15756.957049,28559.265987,3840.734013,4285.665969,29789.370676,17381.991668,512.620417,29015.316558,136.627697,6008.254693,-5.788335,0.038792,False,False,False,False,True,True,True,1-circle,1.000000,4551.063096,19275.476011,-1.295327,-0.108670,100.000000,100.000000,0.000000,0.000000,2,4,4,0.0000,0.0000,0.0000,0.5000,"Accelerate",0.017638
2916,A0100,pursuit_chase_v1,UNKNOWN,15759.533761,28574.545436,3825.454564,4250.650289,29818.747228,17382.477431,512.786858,29023.357944,160.827717,6021.479778,-6.000210,0.023527,False,False,False,False,True,True,True,1-circle,1.000000,4556.231714,19374.975091,-0.785940,-0.242574,100.000000,100.000000,0.000000,0.000000,2,4,4,0.0000,0.0000,0.0000,0.5000,"PursuitChaseOptimal",-0.013299
2916,B0100,aggressive,UNKNOWN,15759.533761,28574.545436,3825.454564,4250.650289,29818.747228,17382.477431,512.786858,29023.357944,160.827717,6021.479778,-6.000210,0.023527,False,False,False,False,True,True,True,1-circle,1.000000,4556.231714,19374.975091,-0.785940,-0.242574,100.000000,100.000000,0.000000,0.000000,2,4,4,0.0000,0.0000,0.0000,0.5000,"Accelerate",0.010014
2917,A0100,pursuit_chase_v1,UNKNOWN,15759.533761,28574.545436,3825.454564,4250.650289,29818.747228,17382.477431,512.786858,29023.357944,160.827717,6021.479778,-6.000210,0.023527,False,False,False,False,True,True,True,1-circle,1.000000,4556.231714,19374.975091,-0.785940,-0.242574,100.000000,100.000000,0.000000,0.000000,2,4,4,0.0000,0.0000,0.0000,0.5000,"PursuitChaseOptimal",-0.004541
2917,B0100,aggressive,UNKNOWN,15759.533761,28574.545436,3825.454564,4250.650289,29818.747228,17382.477431,512.786858,29023.357944,160.827717,6021.479778,-6.000210,0.023527,False,False,False,False,True,True,True,1-circle,1.000000,4556.231714,19374.975091,-0.785940,-0.242574,100.000000,100.000000,0.000000,0.000000,2,4,4,0.0000,0.0000,0.0000,0.5000,"Accelerate",0.001301
2918,A0100,pursuit_chase_v1,UNKNOWN,15762.217220,28589.614092,3810.385908,4234.800647,29846.715948,17382.989108,512.927229,29030.243664,137.714402,6037.513087,-6.695568,0.060736,False,False,False,False,True,True,True,1-circle,1.000000,4561.455575,19159.107592,-2.028730,-0.179915,100.000000,100.000000,0.000000,0.000000,2,4,4,0.0000,0.0000,0.0000,0.5000,"PursuitChaseOptimal",0.000800
2918,B0100,aggressive,UNKNOWN,15762.217220,28589.614092,3810.385908,4234.800647,29846.715948,17382.989108,512.927229,29030.243664,137.714402,6037.513087,-6.695568,0.060736,False,False,False,False,True,True,True,1-circle,1.000000,4561.455575,19159.107592,-2.028730,-0.179915,100.000000,100.000000,0.000000,0.000000,2,4,4,0.0000,0.0000,0.0000,0.5000,"Accelerate",-0.004181
2919,A0100,pursuit_chase_v1,UNKNOWN,15762.217220,28589.614092,3810.385908,4234.800647,29846.715948,17382.989108,512.927229,29030.243664,137.714402,6037.513087,-6.695568,0.060736,False,False,False,False,True,True,True,1-circle,1.000000,4561.455575,19159.107592,-2.028730,-0.179915,100.000000,100.000000,0.000000,0.000000,2,4,4,0.0000,0.0000,0.0000,0.5000,"PursuitChaseOptimal",0.020759
2919,B0100,aggressive,UNKNOWN,15762.217220,28589.614092,3810.385908,4234.800647,29846.715948,17382.989108,512.927229,29030.243664,137.714402,6037.513087,-6.695568,0.060736,False,False,False,False,True,True,True,1-circle,1.000000,4561.455575,19159.107592,-2.028730,-0.179915,100.000000,100.000000,0.000000,0.000000,2,4,4,0.0000,0.0000,0.0000,0.5000,"Accelerate",-0.023046
2920,A0100,pursuit_chase_v1,UNKNOWN,15765.046809,28597.023305,3802.976695,4236.537254,29874.782615,17383.388970,513.198909,29042.985108,254.828876,6059.592365,-7.814099,0.014883,False,False,False,False,True,True,True,1-circle,1.000000,4566.652696,19621.665328,0.497563,-0.362702,100.000000,100.000000,0.000000,0.000000,2,4,4,0.0000,0.0000,0.0000,0.5000,"PursuitChaseOptimal",0.026677
2920,B0100,aggressive,UNKNOWN,15765.046809,28597.023305,3802.976695,4236.537254,29874.782615,17383.388970,513.198909,29042.985108,254.828876,6059.592365,-7.814099,0.014883,False,False,False,False,True,True,True,1-circle,1.000000,4566.652696,19621.665328,0.497563,-0.362702,100.000000,100.000000,0.000000,0.000000,2,4,4,0.0000,0.0000,0.0000,0.5000,"Accelerate",-0.028267
2921,A0100,pursuit_chase_v1,UNKNOWN,15765.046809,28597.023305,3802.976695,4236.537254,29874.782615,17383.388970,513.198909,29042.985108,254.828876,6059.592365,-7.814099,0.014883,False,False,False,False,True,True,True,1-circle,1.000000,4566.652696,19621.665328,0.497563,-0.362702,100.000000,100.000000,0.000000,0.000000,2,4,4,0.0000,0.0000,0.0000,0.5000,"PursuitChaseOptimal",0.030236
2921,B0100,aggressive,UNKNOWN,15765.046809,28597.023305,3802.976695,4236.537254,29874.782615,17383.388970,513.198909,29042.985108,254.828876,6059.592365,-7.814099,0.014883,False,False,False,False,True,True,True,1-circle,1.000000,4566.652696,19621.665328,0.497563,-0.362702,100.000000,100.000000,0.000000,0.000000,2,4,4,0.0000,0.0000,0.0000,0.5000,"Accelerate",-0.031561
2922,A0100,pursuit_chase_v1,UNKNOWN,15768.022575,28620.704511,3779.295489,4240.775800,29905.217571,17383.783031,513.285701,29047.323201,86.761860,6075.859418,-9.547308,0.047195,False,False,False,False,True,True,True,1-circle,1.000000,4571.482012,19255.709582,-1.577719,-0.135978,100.000000,100.000000,0.000000,0.000000,2,4,4,0.0000,0.0000,0.0000,0.5000,"PursuitChaseOptimal",0.027265
2922,B0100,aggressive,UNKNOWN,15768.022575,28620.704511,3779.295489,4240.775800,29905.217571,17383.783031,513.285701,29047.323201,86.761860,6075.859418,-9.547308,0.047195,False,False,False,False,True,True,True,1-circle,1.000000,4571.482012,19255.709582,-1.577719,-0.135978,100.000000,100.000000,0.000000,0.000000,2,4,4,0.0000,0.0000,0.0000,0.5000,"Accelerate",-0.028859
2923,A0100,pursuit_chase_v1,UNKNOWN,15768.022575,28620.704511,3779.295489,4240.775800,29905.217571,17383.783031,513.285701,29047.323201,86.761860,6075.859418,-9.547308,0.047195,False,False,False,False,True,True,True,1-circle,1.000000,4571.482012,19255.709582,-1.577719,-0.135978,100.000000,100.000000,0.000000,0.000000,2,4,4,0.0000,0.0000,0.0000,0.5000,"PursuitChaseOptimal",0.017720
2923,B0100,aggressive,UNKNOWN,15768.022575,28620.704511,3779.295489,4240.775800,29905.217571,17383.783031,513.285701,29047.323201,86.761860,6075.859418,-9.547308,0.047195,False,False,False,False,True,True,True,1-circle,1.000000,4571.482012,19255.709582,-1.577719,-0.135978,100.000000,100.000000,0.000000,0.000000,2,4,4,0.0000,0.0000,0.0000,0.5000,"Accelerate",-0.019882
2924,A0100,pursuit_chase_v1,UNKNOWN,15771.170267,28633.025136,3766.974864,4250.659873,29930.092229,17384.208492,513.517650,29058.292337,219.382724,6104.577013,-11.169773,0.004618,False,False,False,False,True,True,True,1-circle,1.000000,4575.841217,19519.189088,-0.154479,-0.022782,100.000000,100.000000,0.000000,0.000000,2,4,4,0.0000,0.0000,0.0000,0.5000,"PursuitChaseOptimal",0.006402
2924,B0100,aggressive,UNKNOWN,15771.170267,28633.025136,3766.974864,4250.659873,29930.092229,17384.208492,513.517650,29058.292337,219.382724,6104.577013,-11.169773,0.004618,False,False,False,False,True,True,True,1-circle,1.000000,4575.841217,19519.189088,-0.154479,-0.022782,100.000000,100.000000,0.000000,0.000000,2,4,4,0.0000,0.0000,0.0000,0.5000,"Accelerate",-0.009005
2925,A0100,pursuit_chase_v1,UNKNOWN,15771.170267,28633.025136,3766.974864,4250.659873,29930.092229,17384.208492,513.517650,29058.292337,219.382724,6104.577013,-11.169773,0.004618,False,False,False,False,True,True,True,1-circle,1.000000,4575.841217,19519.189088,-0.154479,-0.022782,100.000000,100.000000,0.000000,0.000000,2,4,4,0.0000,0.0000,0.0000,0.5000,"PursuitChaseOptimal",-0.009353
2925,B0100,aggressive,UNKNOWN,15771.170267,28633.025136,3766.974864,4250.659873,29930.092229,17384.208492,513.517650,29058.292337,219.382724,6104.577013,-11.169773,0.004618,False,False,False,False,True,True,True,1-circle,1.000000,4575.841217,19519.189088,-0.154479,-0.022782,100.000000,100.000000,0.000000,0.000000,2,4,4,0.0000,0.0000,0.0000,0.5000,"Accelerate",0.006088
2926,A0100,pursuit_chase_v1,UNKNOWN,15774.485675,28658.372194,3741.627806,4248.176497,29962.911607,17384.656501,513.593728,29062.199649,78.146232,6119.185240,-12.515288,0.066559,False,False,False,False,True,True,True,1-circle,1.000000,4579.883195,19153.454009,-2.225751,-0.179256,100.000000,100.000000,0.000000,0.000000,2,4,4,0.0000,0.0000,0.0000,0.5000,"PursuitChaseOptimal",-0.018156
2926,B0100,aggressive,UNKNOWN,15774.485675,28658.372194,3741.627806,4248.176497,29962.911607,17384.656501,513.593728,29062.199649,78.146232,6119.185240,-12.515288,0.066559,False,False,False,False,True,True,True,1-circle,1.000000,4579.883195,19153.454009,-2.225751,-0.179256,100.000000,100.000000,0.000000,0.000000,2,4,4,0.0000,0.0000,0.0000,0.5000,"Accelerate",0.014104
2927,A0100,pursuit_chase_v1,UNKNOWN,15774.485675,28658.372194,3741.627806,4248.176497,29962.911607,17384.656501,513.593728,29062.199649,78.146232,6119.185240,-12.515288,0.066559,False,False,False,False,True,True,True,1-circle,1.000000,4579.883195,19153.454009,-2.225751,-0.179256,100.000000,100.000000,0.000000,0.000000,2,4,4,0.0000,0.0000,0.0000,0.5000,"PursuitChaseOptimal",-0.029303
2927,B0100,aggressive,UNKNOWN,15774.485675,28658.372194,3741.627806,4248.176497,29962.911607,17384.656501,513.593728,29062.199649,78.146232,6119.185240,-12.515288,0.066559,False,False,False,False,True,True,True,1-circle,1.000000,4579.883195,19153.454009,-2.225751,-0.179256,100.000000,100.000000,0.000000,0.000000,2,4,4,0.0000,0.0000,0.0000,0.5000,"Accelerate",0.024340
2928,A0100,pursuit_chase_v1,UNKNOWN,15777.965068,28665.974038,3734.025962,4250.198323,29989.575764,17385.102902,513.873274,29075.361570,263.238423,6142.567754,-13.294482,0.017542,False,False,False,False,True,True,True,1-circle,1.000000,4583.839603,19455.441143,-0.587184,-0.213930,100.000000,100.000000,0.000000,0.000000,2,4,4,0.0000,0.0000,0.0000,0.5000,"PursuitChaseOptimal",-0.035842
2928,B0100,aggressive,UNKNOWN,15777.965068,28665.974038,3734.025962,4250.198323,29989.575764,17385.102902,513.873274,29075.361570,263.238423,6142.567754,-13.294482,0.017542,False,False,False,False,True,True,True,1-circle,1.000000,4583.839603,19455.441143,-0.587184,-0.213930,100.000000,100.000000,0.000000,0.000000,2,4,4,0.0000,0.0000,0.0000,0.5000,"Accelerate",0.030835
2929,A0100,pursuit_chase_v1,UNKNOWN,15777.965068,28665.974038,3734.025962,4250.198323,29989.575764,17385.102902,513.873274,29075.361570,263.238423,6142.567754,-13.294482,0.017542,False,False,False,False,True,True,True,1-circle,1.000000,4583.839603,19455.441143,-0.587184,-0.213930,100.000000,100.000000,0.000000,0.000000,2,4,4,0.0000,0.0000,0.0000,0.5000,"PursuitChaseOptimal",-0.030981
2929,B0100,aggressive,UNKNOWN,15777.965068,28665.974038,3734.025962,4250.198323,29989.575764,17385.102902,513.873274,29075.361570,263.238423,6142.567754,-13.294482,0.017542,False,False,False,False,True,True,True,1-circle,1.000000,4583.839603,19455.441143,-0.587184,-0.213930,100.000000,100.000000,0.000000,0.000000,2,4,4,0.0000,0.0000,0.0000,0.5000,"Accelerate",0.026620
2930,A0100,pursuit_chase_v1,UNKNOWN,15781.611670,28683.722070,3716.277930,4249.730834,30019.050380,17385.466173,513.987544,29080.924516,111.258924,6158.194436,-14.084238,0.001043,False,False,False,False,True,True,True,1-circle,1.000000,4587.942893,19562.002971,-0.034906,-0.278997,100.000000,100.000000,0.000000,0.000000,2,4,4,0.0000,0.0000,0.0000,0.5000,"PursuitChaseOptimal",-0.016305
2930,B0100,aggressive,UNKNOWN,15781.611670,28683.722070,3716.277930,4249.730834,30019.050380,17385.466173,513.987544,29080.924516,111.258924,6158.194436,-14.084238,0.001043,False,False,False,False,True,True,True,1-circle,1.000000,4587.942893,19562.002971,-0.034906,-0.278997,100.000000,100.000000,0.000000,0.000000,2,4,4,0.0000,0.0000,0.0000,0.5000,"Accelerate",0.012630
2931,A0100,pursuit_chase_v1,UNKNOWN,15781.611670,28683.722070,3716.277930,4249.730834,30019.050380,17385.466173,513.987544,29080.924516,111.258924,6158.194436,-14.084238,0.001043,False,False,False,False,True,True,True,1-circle,1.000000,4587.942893,19562.002971,-0.034906,-0.278997,100.000000,100.000000,0.000000,0.000000,2,4,4,0.0000,0.0000,0.0000,0.5000,"PursuitChaseOptimal",0.001400
2931,B0100,aggressive,UNKNOWN,15781.611670,28683.722070,3716.277930,4249.730834,30019.050380,17385.466173,513.987544,29080.924516,111.258924,6158.194436,-14.084238,0.001043,False,False,False,False,True,True,True,1-circle,1.000000,4587.942893,19562.002971,-0.034906,-0.278997,100.000000,100.000000,0.000000,0.000000,2,4,4,0.0000,0.0000,0.0000,0.5000,"Accelerate",-0.004535
2932,A0100,pursuit_chase_v1,UNKNOWN,15785.428140,28703.439258,3696.560742,4254.179527,30046.915734,17385.901274,514.162857,29089.339253,168.294726,6182.094094,-15.447318,0.033838,False,False,False,False,True,True,True,1-circle,1.000000,4591.951824,19371.414381,-1.133146,0.032110,100.000000,100.000000,0.000000,0.000000,2,4,4,0.0000,0.0000,0.0000,0.5000,"PursuitChaseOptimal",0.032072
2932,B0100,aggressive,UNKNOWN,15785.428140,28703.439258,3696.560742,4254.179527,30046.915734,17385.901274,514.162857,29089.339253,168.294726,6182.094094,-15.447318,0.033838,False,False,False,False,True,True,True,1-circle,1.000000,4591.951824,19371.414381,-1.133146,0.032110,100.000000,100.000000,0.000000,0.000000,2,4,4,0.0000,0.0000,0.0000,0.5000,"Accelerate",-0.034014
2933,A0100,pursuit_chase_v1,UNKNOWN,15785.428140,28703.439258,3696.560742,4254.179527,30046.915734,17385.901274,514.162857,29089.339253,168.294726,6182.094094,-15.447318,0.033838,False,False,False,False,True,True,True,1-circle,1.000000,4591.951824,19371.414381,-1.133146,0.032110,100.000000,100.000000,0.000000,0.000000,2,4,4,0.0000,0.0000,0.0000,0.5000,"PursuitChaseOptimal",0.049949
2933,B0100,aggressive,UNKNOWN,15785.428140,28703.439258,3696.560742,4254.179527,30046.915734,17385.901274,514.162857,29089.339253,168.294726,6182.094094,-15.447318,0.033838,False,False,False,False,True,True,True,1-circle,1.000000,4591.951824,19371.414381,-1.133146,0.032110,100.000000,100.000000,0.000000,0.000000,2,4,4,0.0000,0.0000,0.0000,0.5000,"Accelerate",-0.050852
2934,A0100,pursuit_chase_v1,UNKNOWN,15789.398509,28721.934859,3678.065141,4250.037651,30076.492400,17386.330322,514.322996,29097.059648,154.407901,6194.391487,-17.045316,0.017406,False,False,False,False,True,True,True,1-circle,1.000000,4595.619456,19477.302667,-0.583099,-0.149288,100.000000,100.000000,0.000000,0.000000,2,4,4,0.0000,0.0000,0.0000,0.5000,"PursuitChaseOptimal",0.032643
2934,B0100,aggressive,UNKNOWN,15789.398509,28721.934859,3678.065141,4250.037651,30076.492400,17386.330322,514.322996,29097.059648,154.407901,6194.391487,-17.045316,0.017406,False,False,False,False,True,True,True,1-circle,1.000000,4595.619456,19477.302667,-0.583099,-0.149288,100.000000,100.000000,0.000000,0.000000,2,4,4,0.0000,0.0000,0.0000,0.5000,"Accelerate",-0.034126
2935,A0100,pursuit_chase_v1,UNKNOWN,15789.398509,28721.934859,3678.065141,4250.037651,30076.492400,17386.330322,514.322996,29097.059648,154.407901,6194.391487,-17.045316,0.017406,False,False,False,False,True,True,True,1-circle,1.000000,4595.619456,19477.302667,-0.583099,-0.149288,100.000000,100.000000,0.000000,0.000000,2,4,4,0.0000,0.0000,0.0000,0.5000,"PursuitChaseOptimal",0.014352
2935,B0100,aggressive,UNKNOWN,15789.398509,28721.934859,3678.065141,4250.037651,30076.492400,17386.330322,514.322996,29097.059648,154.407901,6194.391487,-17.045316,0.017406,False,False,False,False,True,True,True,1-circle,1.000000,4595.619456,19477.302667,-0.583099,-0.149288,100.000000,100.000000,0.000000,0.000000,2,4,4,0.0000,0.0000,0.0000,0.5000,"Accelerate",-0.017063
2936,A0100,pursuit_chase_v1,UNKNOWN,15793.515477,28739.596934,3660.403066,4252.797047,30104.773140,17386.826134,514.450849,29103.378409,126.375229,6219.545369,-18.761519,0.053488,False,False,False,False,True,True,True,1-circle,1.000000,4598.731798,19266.254171,-1.791752,-0.112168,100.000000,100.000000,0.000000,0.000000,2,4,4,0.0000,0.0000,0.0000,0.5000,"PursuitChaseOptimal",0.008535
2936,B0100,aggressive,UNKNOWN,15793.515477,28739.596934,3660.403066,4252.797047,30104.773140,17386.826134,514.450849,29103.378409,126.375229,6219.545369,-18.761519,0.053488,False,False,False,False,True,True,True,1-circle,1.000000,4598.731798,19266.254171,-1.791752,-0.112168,100.000000,100.000000,0.000000,0.000000,2,4,4,0.0000,0.0000,0.0000,0.5000,"Accelerate",-0.011918
2937,A0100,pursuit_chase_v1,UNKNOWN,15793.515477,28739.596934,3660.403066,4252.797047,30104.773140,17386.826134,514.450849,29103.378409,126.375229,6219.545369,-18.761519,0.053488,False,False,False,False,True,True,True,1-circle,1.000000,4598.731798,19266.254171,-1.791752,-0.112168,100.000000,100.000000,0.000000,0.000000,2,4,4,0.0000,0.0000,0.0000,0.5000,"PursuitChaseOptimal",-0.005982
2937,B0100,aggressive,UNKNOWN,15793.515477,28739.596934,3660.403066,4252.797047,30104.773140,17386.826134,514.450849,29103.378409,126.375229,6219.545369,-18.761519,0.053488,False,False,False,False,True,True,True,1-circle,1.000000,4598.731798,19266.254171,-1.791752,-0.112168,100.000000,100.000000,0.000000,0.000000,2,4,4,0.0000,0.0000,0.0000,0.5000,"Accelerate",0.002106
2938,A0100,pursuit_chase_v1,UNKNOWN,15797.815932,28748.395511,3651.604489,4257.769068,30133.186366,17387.236723,514.709699,29115.582524,244.082303,6236.859691,-19.911421,0.022862,False,False,False,False,True,True,True,1-circle,1.000000,4601.617958,19733.084307,0.766388,-0.311920,100.000000,100.000000,0.000000,0.000000,2,4,4,0.0000,0.0000,0.0000,0.5000,"PursuitChaseOptimal",-0.005650
2938,B0100,aggressive,UNKNOWN,15797.815932,28748.395511,3651.604489,4257.769068,30133.186366,17387.236723,514.709699,29115.582524,244.082303,6236.859691,-19.911421,0.022862,False,False,False,False,True,True,True,1-circle,1.000000,4601.617958,19733.084307,0.766388,-0.311920,100.000000,100.000000,0.000000,0.000000,2,4,4,0.0000,0.0000,0.0000,0.5000,"Accelerate",0.002200
2939,A0100,pursuit_chase_v1,UNKNOWN,15797.815932,28748.395511,3651.604489,4257.769068,30133.186366,17387.236723,514.709699,29115.582524,244.082303,6236.859691,-19.911421,0.022862,False,False,False,False,True,True,True,1-circle,1.000000,4601.617958,19733.084307,0.766388,-0.311920,100.000000,100.000000,0.000000,0.000000,2,4,4,0.0000,0.0000,0.0000,0.5000,"PursuitChaseOptimal",-0.000616
2939,B0100,aggressive,UNKNOWN,15797.815932,28748.395511,3651.604489,4257.769068,30133.186366,17387.236723,514.709699,29115.582524,244.082303,6236.859691,-19.911421,0.022862,False,False,False,False,True,True,True,1-circle,1.000000,4601.617958,19733.084307,0.766388,-0.311920,100.000000,100.000000,0.000000,0.000000,2,4,4,0.0000,0.0000,0.0000,0.5000,"Accelerate",-0.002531
2940,A0100,pursuit_chase_v1,UNKNOWN,15802.244582,28773.398342,3626.601658,4256.776119,30163.829313,17387.658639,514.780804,29119.245115,73.251813,6234.152960,-20.976633,0.038732,False,False,False,False,True,True,True,1-circle,1.000000,4604.306652,19367.665301,-1.298426,-0.093815,100.000000,100.000000,0.000000,0.000000,2,4,4,0.0000,0.0000,0.0000,0.5000,"PursuitChaseOptimal",-0.004871
2940,B0100,aggressive,UNKNOWN,15802.244582,28773.398342,3626.601658,4256.776119,30163.829313,17387.658639,514.780804,29119.245115,73.251813,6234.152960,-20.976633,0.038732,False,False,False,False,True,True,True,1-circle,1.000000,4604.306652,19367.665301,-1.298426,-0.093815,100.000000,100.000000,0.000000,0.000000,2,4,4,0.0000,0.0000,0.0000,0.5000,"Accelerate",0.001306
2941,A0100,pursuit_chase_v1,UNKNOWN,15802.244582,28773.398342,3626.601658,4256.776119,30163.829313,17387.658639,514.780804,29119.245115,73.251813,6234.152960,-20.976633,0.038732,False,False,False,False,True,True,True,1-circle,1.000000,4604.306652,19367.665301,-1.298426,-0.093815,100.000000,100.000000,0.000000,0.000000,2,4,4,0.0000,0.0000,0.0000,0.5000,"PursuitChaseOptimal",-0.018490
2941,B0100,aggressive,UNKNOWN,15802.244582,28773.398342,3626.601658,4256.776119,30163.829313,17387.658639,514.780804,29119.245115,73.251813,6234.152960,-20.976633,0.038732,False,False,False,False,True,True,True,1-circle,1.000000,4604.306652,19367.665301,-1.298426,-0.093815,100.000000,100.000000,0.000000,0.000000,2,4,4,0.0000,0.0000,0.0000,0.5000,"Accelerate",0.014046
2942,A0100,pursuit_chase_v1,UNKNOWN,15806.776542,28787.054351,3612.945649,4262.350231,30189.910917,17388.124166,514.999925,29129.700086,209.099423,6234.306042,-21.769157,0.004407,False,False,False,False,True,True,True,1-circle,1.000000,4606.776488,19634.112409,0.147830,0.011481,100.000000,100.000000,0.000000,0.000000,2,4,4,0.0000,0.0000,0.0000,0.5000,"PursuitChaseOptimal",-0.029250
2942,B0100,aggressive,UNKNOWN,15806.776542,28787.054351,3612.945649,4262.350231,30189.910917,17388.124166,514.999925,29129.700086,209.099423,6234.306042,-21.769157,0.004407,False,False,False,False,True,True,True,1-circle,1.000000,4606.776488,19634.112409,0.147830,0.011481,100.000000,100.000000,0.000000,0.000000,2,4,4,0.0000,0.0000,0.0000,0.5000,"Accelerate",0.024552
2943,A0100,pursuit_chase_v1,UNKNOWN,15806.776542,28787.054351,3612.945649,4262.350231,30189.910917,17388.124166,514.999925,29129.700086,209.099423,6234.306042,-21.769157,0.004407,False,False,False,False,True,True,True,1-circle,1.000000,4606.776488,19634.112409,0.147830,0.011481,100.000000,100.000000,0.000000,0.000000,2,4,4,0.0000,0.0000,0.0000,0.5000,"PursuitChaseOptimal",-0.033865
2943,B0100,aggressive,UNKNOWN,15806.776542,28787.054351,3612.945649,4262.350231,30189.910917,17388.124166,514.999925,29129.700086,209.099423,6234.306042,-21.769157,0.004407,False,False,False,False,True,True,True,1-circle,1.000000,4606.776488,19634.112409,0.147830,0.011481,100.000000,100.000000,0.000000,0.000000,2,4,4,0.0000,0.0000,0.0000,0.5000,"Accelerate",0.029035
2944,A0100,pursuit_chase_v1,UNKNOWN,15811.434850,28811.980112,3588.019888,4263.547052,30221.379801,17388.621146,515.058160,29132.852611,63.050492,6235.866151,-22.625850,0.057464,False,False,False,False,True,True,True,1-circle,1.000000,4609.176893,19266.736765,-1.926989,-0.147090,100.000000,100.000000,0.000000,0.000000,2,4,4,0.0000,0.0000,0.0000,0.5000,"PursuitChaseOptimal",-0.018992
2944,B0100,aggressive,UNKNOWN,15811.434850,28811.980112,3588.019888,4263.547052,30221.379801,17388.621146,515.058160,29132.852611,63.050492,6235.866151,-22.625850,0.057464,False,False,False,False,True,True,True,1-circle,1.000000,4609.176893,19266.736765,-1.926989,-0.147090,100.000000,100.000000,0.000000,0.000000,2,4,4,0.0000,0.0000,0.0000,0.5000,"Accelerate",0.014476
2945,A0100,pursuit_chase_v1,UNKNOWN,15811.434850,28811.980112,3588.019888,4263.547052,30221.379801,17388.621146,515.058160,29132.852611,63.050492,6235.866151,-22.625850,0.057464,False,False,False,False,True,True,True,1-circle,1.000000,4609.176893,19266.736765,-1.926989,-0.147090,100.000000,100.000000,0.000000,0.000000,2,4,4,0.0000,0.0000,0.0000,0.5000,"PursuitChaseOptimal",-0.008557
2945,B0100,aggressive,UNKNOWN,15811.434850,28811.980112,3588.019888,4263.547052,30221.379801,17388.621146,515.058160,29132.852611,63.050492,6235.866151,-22.625850,0.057464,False,False,False,False,True,True,True,1-circle,1.000000,4609.176893,19266.736765,-1.926989,-0.147090,100.000000,100.000000,0.000000,0.000000,2,4,4,0.0000,0.0000,0.0000,0.5000,"Accelerate",0.004132
2946,A0100,pursuit_chase_v1,UNKNOWN,15816.215040,28819.458193,3580.541807,4267.401091,30248.111277,17389.123867,515.322664,29145.420741,251.362603,6239.011394,-23.294855,0.007058,False,False,False,False,True,True,True,1-circle,1.000000,4611.547676,19577.046046,-0.236889,-0.178642,100.000000,100.000000,0.000000,0.000000,2,5,4,0.0000,0.0000,0.0000,0.5000,"PursuitChaseOptimal",-0.004083
2946,B0100,aggressive,UNKNOWN,15816.215040,28819.458193,3580.541807,4267.401091,30248.111277,17389.123867,515.322664,29145.420741,251.362603,6239.011394,-23.294855,0.007058,False,False,False,False,True,True,True,1-circle,1.000000,4611.547676,19577.046046,-0.236889,-0.178642,100.000000,100.000000,0.000000,0.000000,2,4,4,0.0000,0.0000,0.0000,0.5000,"Accelerate",0.000105
2947,A0100,pursuit_chase_v1,UNKNOWN,15816.215040,28819.458193,3580.541807,4267.401091,30248.111277,17389.123867,515.322664,29145.420741,251.362603,6239.011394,-23.294855,0.007058,False,False,False,False,True,True,True,1-circle,1.000000,4611.547676,19577.046046,-0.236889,-0.178642,100.000000,100.000000,0.000000,0.000000,2,5,4,0.0000,0.0000,0.0000,0.5000,"PursuitChaseOptimal",0.009860
2947,B0100,aggressive,UNKNOWN,15816.215040,28819.458193,3580.541807,4267.401091,30248.111277,17389.123867,515.322664,29145.420741,251.362603,6239.011394,-23.294855,0.007058,False,False,False,False,True,True,True,1-circle,1.000000,4611.547676,19577.046046,-0.236889,-0.178642,100.000000,100.000000,0.000000,0.000000,2,4,4,0.0000,0.0000,0.0000,0.5000,"Accelerate",-0.012768
2948,A0100,pursuit_chase_v1,UNKNOWN,15821.088346,28837.170395,3562.829605,4270.476103,30277.540486,17389.547373,515.423990,29150.467885,100.942873,6217.106124,-24.035359,0.008983,False,False,False,False,True,True,True,1-circle,1.000000,4613.817935,19680.011691,0.301530,-0.244353,100.000000,100.000000,0.000000,0.000000,2,5,4,0.0000,0.0000,0.0000,0.5000,"PursuitChaseOptimal",0.020305
2948,B0100,aggressive,UNKNOWN,15821.088346,28837.170395,3562.829605,4270.476103,30277.540486,17389.547373,515.423990,29150.467885,100.942873,6217.106124,-24.035359,0.008983,False,False,False,False,True,True,True,1-circle,1.000000,4613.817935,19680.011691,0.301530,-0.244353,100.000000,100.000000,0.000000,0.000000,2,4,4,0.0000,0.0000,0.0000,0.5000,"Accelerate",-0.022640
2949,A0100,pursuit_chase_v1,UNKNOWN,15821.088346,28837.170395,3562.829605,4270.476103,30277.540486,17389.547373,515.423990,29150.467885,100.942873,6217.106124,-24.035359,0.008983,False,False,False,False,True,True,True,1-circle,1.000000,4613.817935,19680.011691,0.301530,-0.244353,100.000000,100.000000,0.000000,0.000000,2,5,4,0.0000,0.0000,0.0000,0.5000,"PursuitChaseOptimal",0.025973
2949,B0100,aggressive,UNKNOWN,15821.088346,28837.170395,3562.829605,4270.476103,30277.540486,17389.547373,515.423990,29150.467885,100.942873,6217.106124,-24.035359,0.008983,False,False,False,False,True,True,True,1-circle,1.000000,4613.817935,19680.011691,0.301530,-0.244353,100.000000,100.000000,0.000000,0.000000,2,4,4,0.0000,0.0000,0.0000,0.5000,"Accelerate",-0.028195
2950,A0100,pursuit_chase_v1,UNKNOWN,15825.987991,28857.102684,3542.897316,4273.149013,30305.304574,17390.046173,515.587010,29158.407441,158.791125,6187.800703,-24.927533,0.024000,False,False,False,False,True,True,True,1-circle,1.000000,4615.668774,19486.485626,-0.805844,0.066367,100.000000,100.000000,0.000000,0.000000,2,5,4,0.0000,0.0000,0.0000,0.5000,"PursuitChaseOptimal",0.016668
2950,B0100,aggressive,UNKNOWN,15825.987991,28857.102684,3542.897316,4273.149013,30305.304574,17390.046173,515.587010,29158.407441,158.791125,6187.800703,-24.927533,0.024000,False,False,False,False,True,True,True,1-circle,1.000000,4615.668774,19486.485626,-0.805844,0.066367,100.000000,100.000000,0.000000,0.000000,2,4,4,0.0000,0.0000,0.0000,0.5000,"Accelerate",-0.019463
2951,A0100,pursuit_chase_v1,UNKNOWN,15825.987991,28857.102684,3542.897316,4273.149013,30305.304574,17390.046173,515.587010,29158.407441,158.791125,6187.800703,-24.927533,0.024000,False,False,False,False,True,True,True,1-circle,1.000000,4615.668774,19486.485626,-0.805844,0.066367,100.000000,100.000000,0.000000,0.000000,2,5,4,0.0000,0.0000,0.0000,0.5000,"PursuitChaseOptimal",0.008912
2951,B0100,aggressive,UNKNOWN,15825.987991,28857.102684,3542.897316,4273.149013,30305.304574,17390.046173,515.587010,29158.407441,158.791125,6187.800703,-24.927533,0.024000,False,False,False,False,True,True,True,1-circle,1.000000,4615.668774,19486.485626,-0.805844,0.066367,100.000000,100.000000,0.000000,0.000000,2,4,4,0.0000,0.0000,0.0000,0.5000,"Accelerate",-0.011732
2952,A0100,pursuit_chase_v1,UNKNOWN,15830.917851,28876.287342,3523.712658,4274.073251,30334.701529,17390.543906,515.727656,29165.326609,138.383372,6161.542729,-25.732028,0.010072,False,False,False,False,True,True,True,1-circle,1.000000,4617.127667,19576.221859,-0.338276,-0.093206,100.000000,100.000000,0.000000,0.000000,2,5,4,0.0000,0.0000,0.0000,0.5000,"PursuitChaseOptimal",0.003103
2952,B0100,aggressive,UNKNOWN,15830.917851,28876.287342,3523.712658,4274.073251,30334.701529,17390.543906,515.727656,29165.326609,138.383372,6161.542729,-25.732028,0.010072,False,False,False,False,True,True,True,1-circle,1.000000,4617.127667,19576.221859,-0.338276,-0.093206,100.000000,100.000000,0.000000,0.000000,2,4,4,0.0000,0.0000,0.0000,0.5000,"Accelerate",-0.006066
2953,A0100,pursuit_chase_v1,UNKNOWN,15830.917851,28876.287342,3523.712658,4274.073251,30334.701529,17390.543906,515.727656,29165.326609,138.383372,6161.542729,-25.732028,0.010072,False,False,False,False,True,True,True,1-circle,1.000000,4617.127667,19576.221859,-0.338276,-0.093206,100.000000,100.000000,0.000000,0.000000,2,5,4,0.0000,0.0000,0.0000,0.5000,"PursuitChaseOptimal",-0.006419
2953,B0100,aggressive,UNKNOWN,15830.917851,28876.287342,3523.712658,4274.073251,30334.701529,17390.543906,515.727656,29165.326609,138.383372,6161.542729,-25.732028,0.010072,False,False,False,False,True,True,True,1-circle,1.000000,4617.127667,19576.221859,-0.338276,-0.093206,100.000000,100.000000,0.000000,0.000000,2,4,4,0.0000,0.0000,0.0000,0.5000,"Accelerate",0.002665
2954,A0100,pursuit_chase_v1,UNKNOWN,15835.870215,28896.817216,3503.182784,4268.537508,30362.904005,17391.132870,515.845350,29171.290400,119.275808,6136.831864,-26.234446,0.043725,False,False,False,False,True,True,True,1-circle,1.000000,4618.239368,19378.131661,-1.468601,0.065723,100.000000,100.000000,0.000000,0.000000,2,5,4,0.0000,0.0000,0.0000,0.5000,"PursuitChaseOptimal",-0.015695
2954,B0100,aggressive,UNKNOWN,15835.870215,28896.817216,3503.182784,4268.537508,30362.904005,17391.132870,515.845350,29171.290400,119.275808,6136.831864,-26.234446,0.043725,False,False,False,False,True,True,True,1-circle,1.000000,4618.239368,19378.131661,-1.468601,0.065723,100.000000,100.000000,0.000000,0.000000,2,4,4,0.0000,0.0000,0.0000,0.5000,"Accelerate",0.011067
2955,A0100,pursuit_chase_v1,UNKNOWN,15835.870215,28896.817216,3503.182784,4268.537508,30362.904005,17391.132870,515.845350,29171.290400,119.275808,6136.831864,-26.234446,0.043725,False,False,False,False,True,True,True,1-circle,1.000000,4618.239368,19378.131661,-1.468601,0.065723,100.000000,100.000000,0.000000,0.000000,2,5,4,0.0000,0.0000,0.0000,0.5000,"PursuitChaseOptimal",-0.016935
2955,B0100,aggressive,UNKNOWN,15835.870215,28896.817216,3503.182784,4268.537508,30362.904005,17391.132870,515.845350,29171.290400,119.275808,6136.831864,-26.234446,0.043725,False,False,False,False,True,True,True,1-circle,1.000000,4618.239368,19378.131661,-1.468601,0.065723,100.000000,100.000000,0.000000,0.000000,2,4,4,0.0000,0.0000,0.0000,0.5000,"Accelerate",0.012517
2956,A0100,pursuit_chase_v1,UNKNOWN,15840.864290,28907.369597,3492.630403,4233.727580,30391.107769,17391.675042,516.090731,29183.042595,235.043896,6133.201595,-25.998784,0.031910,False,False,False,False,True,True,True,1-circle,1.000000,4619.398785,19840.914748,1.072348,-0.109220,100.000000,100.000000,0.000000,0.000000,2,5,4,0.0000,0.0000,0.0000,0.5000,"PursuitChaseOptimal",-0.027931
2956,B0100,aggressive,UNKNOWN,15840.864290,28907.369597,3492.630403,4233.727580,30391.107769,17391.675042,516.090731,29183.042595,235.043896,6133.201595,-25.998784,0.031910,False,False,False,False,True,True,True,1-circle,1.000000,4619.398785,19840.914748,1.072348,-0.109220,100.000000,100.000000,0.000000,0.000000,2,4,4,0.0000,0.0000,0.0000,0.5000,"Accelerate",0.023433
2957,A0100,pursuit_chase_v1,UNKNOWN,15840.864290,28907.369597,3492.630403,4233.727580,30391.107769,17391.675042,516.090731,29183.042595,235.043896,6133.201595,-25.998784,0.031910,False,False,False,False,True,True,True,1-circle,1.000000,4619.398785,19840.914748,1.072348,-0.109220,100.000000,100.000000,0.000000,0.000000,2,5,4,0.0000,0.0000,0.0000,0.5000,"PursuitChaseOptimal",-0.026507
2957,B0100,aggressive,UNKNOWN,15840.864290,28907.369597,3492.630403,4233.727580,30391.107769,17391.675042,516.090731,29183.042595,235.043896,6133.201595,-25.998784,0.031910,False,False,False,False,True,True,True,1-circle,1.000000,4619.398785,19840.914748,1.072348,-0.109220,100.000000,100.000000,0.000000,0.000000,2,4,4,0.0000,0.0000,0.0000,0.5000,"Accelerate",0.022140
2958,A0100,pursuit_chase_v1,UNKNOWN,15845.834351,28933.343154,3466.656846,4154.680854,30421.061454,17392.256841,516.143209,29186.022478,59.597660,6127.103876,-24.937322,0.030680,False,False,False,False,True,True,True,1-circle,1.000000,4620.891215,19467.899157,-1.031139,0.049546,100.000000,100.000000,0.000000,0.000000,2,5,4,0.0000,0.0000,0.0000,0.5000,"PursuitChaseOptimal",-0.022749
2958,B0100,aggressive,UNKNOWN,15845.834351,28933.343154,3466.656846,4154.680854,30421.061454,17392.256841,516.143209,29186.022478,59.597660,6127.103876,-24.937322,0.030680,False,False,False,False,True,True,True,1-circle,1.000000,4620.891215,19467.899157,-1.031139,0.049546,100.000000,100.000000,0.000000,0.000000,2,4,4,0.0000,0.0000,0.0000,0.5000,"Accelerate",0.018322
2959,A0100,pursuit_chase_v1,UNKNOWN,15845.834351,28933.343154,3466.656846,4154.680854,30421.061454,17392.256841,516.143209,29186.022478,59.597660,6127.103876,-24.937322,0.030680,False,False,False,False,True,True,True,1-circle,1.000000,4620.891215,19467.899157,-1.031139,0.049546,100.000000,100.000000,0.000000,0.000000,2,5,4,0.0000,0.0000,0.0000,0.5000,"PursuitChaseOptimal",-0.020172
2959,B0100,aggressive,UNKNOWN,15845.834351,28933.343154,3466.656846,4154.680854,30421.061454,17392.256841,516.143209,29186.022478,59.597660,6127.103876,-24.937322,0.030680,False,False,False,False,True,True,True,1-circle,1.000000,4620.891215,19467.899157,-1.031139,0.049546,100.000000,100.000000,0.000000,0.000000,2,4,4,0.0000,0.0000,0.0000,0.5000,"Accelerate",0.015650
2960,A0100,pursuit_chase_v1,UNKNOWN,15850.752997,28946.255151,3453.744849,4051.540558,30445.869396,17392.899250,516.356504,29196.414391,207.838263,6149.698840,-23.561426,0.012162,False,False,False,False,True,True,True,1-circle,1.000000,4622.963282,19733.054607,0.408958,0.142505,100.000000,100.000000,0.000000,0.000000,2,4,4,0.0000,0.0000,0.0000,0.5000,"PursuitChaseOptimal",-0.014664
2960,B0100,aggressive,UNKNOWN,15850.752997,28946.255151,3453.744849,4051.540558,30445.869396,17392.899250,516.356504,29196.414391,207.838263,6149.698840,-23.561426,0.012162,False,False,False,False,True,True,True,1-circle,1.000000,4622.963282,19733.054607,0.408958,0.142505,100.000000,100.000000,0.000000,0.000000,2,4,4,0.0000,0.0000,0.0000,0.5000,"Accelerate",0.010662
2961,A0100,pursuit_chase_v1,UNKNOWN,15850.752997,28946.255151,3453.744849,4051.540558,30445.869396,17392.899250,516.356504,29196.414391,207.838263,6149.698840,-23.561426,0.012162,False,False,False,False,True,True,True,1-circle,1.000000,4622.963282,19733.054607,0.408958,0.142505,100.000000,100.000000,0.000000,0.000000,2,4,4,0.0000,0.0000,0.0000,0.5000,"PursuitChaseOptimal",-0.018799
2961,B0100,aggressive,UNKNOWN,15850.752997,28946.255151,3453.744849,4051.540558,30445.869396,17392.899250,516.356504,29196.414391,207.838263,6149.698840,-23.561426,0.012162,False,False,False,False,True,True,True,1-circle,1.000000,4622.963282,19733.054607,0.408958,0.142505,100.000000,100.000000,0.000000,0.000000,2,4,4,0.0000,0.0000,0.0000,0.5000,"Accelerate",0.014688
2962,A0100,pursuit_chase_v1,UNKNOWN,15855.627053,28969.427457,3430.572543,3929.668038,30475.314472,17393.583098,516.401605,29199.160305,54.918280,6170.194776,-22.240407,0.050383,False,False,False,False,True,True,True,1-circle,1.000000,4625.689300,19360.832243,-1.693846,-0.025114,100.000000,100.000000,0.000000,0.000000,2,4,4,0.0000,0.0000,0.0000,0.5000,"PursuitChaseOptimal",-0.021802
2962,B0100,aggressive,UNKNOWN,15855.627053,28969.427457,3430.572543,3929.668038,30475.314472,17393.583098,516.401605,29199.160305,54.918280,6170.194776,-22.240407,0.050383,False,False,False,False,True,True,True,1-circle,1.000000,4625.689300,19360.832243,-1.693846,-0.025114,100.000000,100.000000,0.000000,0.000000,2,4,4,0.0000,0.0000,0.0000,0.5000,"Accelerate",0.017150
2963,A0100,pursuit_chase_v1,UNKNOWN,15855.627053,28969.427457,3430.572543,3929.668038,30475.314472,17393.583098,516.401605,29199.160305,54.918280,6170.194776,-22.240407,0.050383,False,False,False,False,True,True,True,1-circle,1.000000,4625.689300,19360.832243,-1.693846,-0.025114,100.000000,100.000000,0.000000,0.000000,2,4,4,0.0000,0.0000,0.0000,0.5000,"PursuitChaseOptimal",-0.025314
2963,B0100,aggressive,UNKNOWN,15855.627053,28969.427457,3430.572543,3929.668038,30475.314472,17393.583098,516.401605,29199.160305,54.918280,6170.194776,-22.240407,0.050383,False,False,False,False,True,True,True,1-circle,1.000000,4625.689300,19360.832243,-1.693846,-0.025114,100.000000,100.000000,0.000000,0.000000,2,4,4,0.0000,0.0000,0.0000,0.5000,"Accelerate",0.020435
2964,A0100,pursuit_chase_v1,UNKNOWN,15860.460881,28975.475279,3424.524721,3830.155659,30497.659303,17394.284875,516.617868,29209.752220,211.838310,6199.002896,-21.007379,0.007368,False,False,False,False,True,True,True,1-circle,1.000000,4629.079805,19627.734224,-0.247891,-0.059422,100.000000,100.000000,0.000000,0.000000,2,4,4,0.0000,0.0000,0.0000,0.5000,"PursuitChaseOptimal",-0.021976
2964,B0100,aggressive,UNKNOWN,15860.460881,28975.475279,3424.524721,3830.155659,30497.659303,17394.284875,516.617868,29209.752220,211.838310,6199.002896,-21.007379,0.007368,False,False,False,False,True,True,True,1-circle,1.000000,4629.079805,19627.734224,-0.247891,-0.059422,100.000000,100.000000,0.000000,0.000000,2,4,4,0.0000,0.0000,0.0000,0.5000,"Accelerate",0.017401
2965,A0100,pursuit_chase_v1,UNKNOWN,15860.460881,28975.475279,3424.524721,3830.155659,30497.659303,17394.284875,516.617868,29209.752220,211.838310,6199.002896,-21.007379,0.007368,False,False,False,False,True,True,True,1-circle,1.000000,4629.079805,19627.734224,-0.247891,-0.059422,100.000000,100.000000,0.000000,0.000000,2,4,4,0.0000,0.0000,0.0000,0.5000,"PursuitChaseOptimal",-0.015931
2965,B0100,aggressive,UNKNOWN,15860.460881,28975.475279,3424.524721,3830.155659,30497.659303,17394.284875,516.617868,29209.752220,211.838310,6199.002896,-21.007379,0.007368,False,False,False,False,True,True,True,1-circle,1.000000,4629.079805,19627.734224,-0.247891,-0.059422,100.000000,100.000000,0.000000,0.000000,2,4,4,0.0000,0.0000,0.0000,0.5000,"Accelerate",0.011786
2966,A0100,pursuit_chase_v1,UNKNOWN,15865.303055,28995.194557,3404.805443,3765.925389,30527.580172,17394.979692,516.639474,29211.435352,33.662631,6209.726114,-20.706991,0.069921,False,False,False,False,True,True,True,1-circle,1.000000,4632.974207,19256.052246,-2.351098,-0.134308,100.000000,100.000000,0.000000,0.000000,2,4,4,0.0000,0.0000,0.0000,0.5000,"PursuitChaseOptimal",-0.004277
2966,B0100,aggressive,UNKNOWN,15865.303055,28995.194557,3404.805443,3765.925389,30527.580172,17394.979692,516.639474,29211.435352,33.662631,6209.726114,-20.706991,0.069921,False,False,False,False,True,True,True,1-circle,1.000000,4632.974207,19256.052246,-2.351098,-0.134308,100.000000,100.000000,0.000000,0.000000,2,4,4,0.0000,0.0000,0.0000,0.5000,"Accelerate",0.000237
2967,A0100,pursuit_chase_v1,UNKNOWN,15865.303055,28995.194557,3404.805443,3765.925389,30527.580172,17394.979692,516.639474,29211.435352,33.662631,6209.726114,-20.706991,0.069921,False,False,False,False,True,True,True,1-circle,1.000000,4632.974207,19256.052246,-2.351098,-0.134308,100.000000,100.000000,0.000000,0.000000,2,4,4,0.0000,0.0000,0.0000,0.5000,"PursuitChaseOptimal",0.000943
2967,B0100,aggressive,UNKNOWN,15865.303055,28995.194557,3404.805443,3765.925389,30527.580172,17394.979692,516.639474,29211.435352,33.662631,6209.726114,-20.706991,0.069921,False,False,False,False,True,True,True,1-circle,1.000000,4632.974207,19256.052246,-2.351098,-0.134308,100.000000,100.000000,0.000000,0.000000,2,4,4,0.0000,0.0000,0.0000,0.5000,"Accelerate",-0.005203
2968,A0100,pursuit_chase_v1,UNKNOWN,15870.201866,28998.596444,3401.403556,3744.794428,30550.893030,17395.672354,516.869702,29222.661775,224.528466,6229.636309,-21.111833,0.020004,False,False,False,False,True,True,True,1-circle,1.000000,4637.011479,19565.019516,-0.673280,-0.029090,100.000000,100.000000,0.000000,0.000000,2,4,4,0.0000,0.0000,0.0000,0.5000,"PursuitChaseOptimal",0.007541
2968,B0100,aggressive,UNKNOWN,15870.201866,28998.596444,3401.403556,3744.794428,30550.893030,17395.672354,516.869702,29222.661775,224.528466,6229.636309,-21.111833,0.020004,False,False,False,False,True,True,True,1-circle,1.000000,4637.011479,19565.019516,-0.673280,-0.029090,100.000000,100.000000,0.000000,0.000000,2,4,4,0.0000,0.0000,0.0000,0.5000,"Accelerate",-0.011342
2969,A0100,pursuit_chase_v1,UNKNOWN,15870.201866,28998.596444,3401.403556,3744.794428,30550.893030,17395.672354,516.869702,29222.661775,224.528466,6229.636309,-21.111833,0.020004,False,False,False,False,True,True,True,1-circle,1.000000,4637.011479,19565.019516,-0.673280,-0.029090,100.000000,100.000000,0.000000,0.000000,2,4,4,0.0000,0.0000,0.0000,0.5000,"PursuitChaseOptimal",0.008890
2969,B0100,aggressive,UNKNOWN,15870.201866,28998.596444,3401.403556,3744.794428,30550.893030,17395.672354,516.869702,29222.661775,224.528466,6229.636309,-21.111833,0.020004,False,False,False,False,True,True,True,1-circle,1.000000,4637.011479,19565.019516,-0.673280,-0.029090,100.000000,100.000000,0.000000,0.000000,2,4,4,0.0000,0.0000,0.0000,0.5000,"Accelerate",-0.012340
2970,A0100,pursuit_chase_v1,UNKNOWN,15875.214204,29009.772422,3390.227578,3739.837251,30577.156393,17396.279563,516.997458,29229.116316,129.090827,6247.478522,-22.150425,0.004090,False,False,False,False,True,True,True,1-circle,1.000000,4640.989221,19668.341998,-0.137689,-0.264596,100.000000,100.000000,0.000000,0.000000,2,4,4,0.0000,0.0000,0.0000,0.5000,"PursuitChaseOptimal",0.004779
2970,B0100,aggressive,UNKNOWN,15875.214204,29009.772422,3390.227578,3739.837251,30577.156393,17396.279563,516.997458,29229.116316,129.090827,6247.478522,-22.150425,0.004090,False,False,False,False,True,True,True,1-circle,1.000000,4640.989221,19668.341998,-0.137689,-0.264596,100.000000,100.000000,0.000000,0.000000,2,4,4,0.0000,0.0000,0.0000,0.5000,"Accelerate",-0.008248
2971,A0100,pursuit_chase_v1,UNKNOWN,15875.214204,29009.772422,3390.227578,3739.837251,30577.156393,17396.279563,516.997458,29229.116316,129.090827,6247.478522,-22.150425,0.004090,False,False,False,False,True,True,True,1-circle,1.000000,4640.989221,19668.341998,-0.137689,-0.264596,100.000000,100.000000,0.000000,0.000000,2,4,4,0.0000,0.0000,0.0000,0.5000,"PursuitChaseOptimal",-0.002696
2971,B0100,aggressive,UNKNOWN,15875.214204,29009.772422,3390.227578,3739.837251,30577.156393,17396.279563,516.997458,29229.116316,129.090827,6247.478522,-22.150425,0.004090,False,False,False,False,True,True,True,1-circle,1.000000,4640.989221,19668.341998,-0.137689,-0.264596,100.000000,100.000000,0.000000,0.000000,2,4,4,0.0000,0.0000,0.0000,0.5000,"Accelerate",-0.001393
2972,A0100,pursuit_chase_v1,UNKNOWN,15880.340504,29022.545166,3377.454834,3733.298962,30601.614192,17396.926380,517.088237,29233.918935,96.052367,6262.741328,-23.033418,0.036961,False,False,False,False,True,True,True,1-circle,1.000000,4644.724555,19475.898600,-1.244326,-0.048018,100.000000,100.000000,0.000000,0.000000,2,4,4,0.0000,0.0000,0.0000,0.5000,"PursuitChaseOptimal",-0.013490
2972,B0100,aggressive,UNKNOWN,15880.340504,29022.545166,3377.454834,3733.298962,30601.614192,17396.926380,517.088237,29233.918935,96.052367,6262.741328,-23.033418,0.036961,False,False,False,False,True,True,True,1-circle,1.000000,4644.724555,19475.898600,-1.244326,-0.048018,100.000000,100.000000,0.000000,0.000000,2,4,4,0.0000,0.0000,0.0000,0.5000,"Accelerate",0.008854
2973,A0100,pursuit_chase_v1,UNKNOWN,15880.340504,29022.545166,3377.454834,3733.298962,30601.614192,17396.926380,517.088237,29233.918935,96.052367,6262.741328,-23.033418,0.036961,False,False,False,False,True,True,True,1-circle,1.000000,4644.724555,19475.898600,-1.244326,-0.048018,100.000000,100.000000,0.000000,0.000000,2,4,4,0.0000,0.0000,0.0000,0.5000,"PursuitChaseOptimal",-0.022461
2973,B0100,aggressive,UNKNOWN,15880.340504,29022.545166,3377.454834,3733.298962,30601.614192,17396.926380,517.088237,29233.918935,96.052367,6262.741328,-23.033418,0.036961,False,False,False,False,True,True,True,1-circle,1.000000,4644.724555,19475.898600,-1.244326,-0.048018,100.000000,100.000000,0.000000,0.000000,2,4,4,0.0000,0.0000,0.0000,0.5000,"Accelerate",0.017702
2974,A0100,pursuit_chase_v1,UNKNOWN,15885.564303,29033.804227,3366.195773,3718.027766,30627.813337,17397.527763,517.205509,29239.890024,119.421778,6272.904686,-23.412542,0.020040,False,False,False,False,True,True,True,1-circle,1.000000,4648.460349,19585.148187,-0.674901,-0.186042,100.000000,100.000000,0.000000,0.000000,2,4,4,0.0000,0.0000,0.0000,0.5000,"PursuitChaseOptimal",-0.035014
2974,B0100,aggressive,UNKNOWN,15885.564303,29033.804227,3366.195773,3718.027766,30627.813337,17397.527763,517.205509,29239.890024,119.421778,6272.904686,-23.412542,0.020040,False,False,False,False,True,True,True,1-circle,1.000000,4648.460349,19585.148187,-0.674901,-0.186042,100.000000,100.000000,0.000000,0.000000,2,4,4,0.0000,0.0000,0.0000,0.5000,"Accelerate",0.029954
2975,A0100,pursuit_chase_v1,UNKNOWN,15885.564303,29033.804227,3366.195773,3718.027766,30627.813337,17397.527763,517.205509,29239.890024,119.421778,6272.904686,-23.412542,0.020040,False,False,False,False,True,True,True,1-circle,1.000000,4648.460349,19585.148187,-0.674901,-0.186042,100.000000,100.000000,0.000000,0.000000,2,4,4,0.0000,0.0000,0.0000,0.5000,"PursuitChaseOptimal",-0.034323
2975,B0100,aggressive,UNKNOWN,15885.564303,29033.804227,3366.195773,3718.027766,30627.813337,17397.527763,517.205509,29239.890024,119.421778,6272.904686,-23.412542,0.020040,False,False,False,False,True,True,True,1-circle,1.000000,4648.460349,19585.148187,-0.674901,-0.186042,100.000000,100.000000,0.000000,0.000000,2,4,4,0.0000,0.0000,0.0000,0.5000,"Accelerate",0.028917
2976,A0100,pursuit_chase_v1,UNKNOWN,15890.866882,29044.915331,3355.084669,3705.743817,30652.339193,17398.171078,517.296100,29244.682198,95.843482,6279.082939,-23.532772,0.056159,False,False,False,False,True,True,True,1-circle,1.000000,4652.289645,19373.056798,-1.891022,-0.118236,100.000000,100.000000,0.000000,0.000000,2,4,4,0.0000,0.0000,0.0000,0.5000,"PursuitChaseOptimal",-0.027484
2976,B0100,aggressive,UNKNOWN,15890.866882,29044.915331,3355.084669,3705.743817,30652.339193,17398.171078,517.296100,29244.682198,95.843482,6279.082939,-23.532772,0.056159,False,False,False,False,True,True,True,1-circle,1.000000,4652.289645,19373.056798,-1.891022,-0.118236,100.000000,100.000000,0.000000,0.000000,2,4,4,0.0000,0.0000,0.0000,0.5000,"Accelerate",0.021954
2977,A0100,pursuit_chase_v1,UNKNOWN,15890.866882,29044.915331,3355.084669,3705.743817,30652.339193,17398.171078,517.296100,29244.682198,95.843482,6279.082939,-23.532772,0.056159,False,False,False,False,True,True,True,1-circle,1.000000,4652.289645,19373.056798,-1.891022,-0.118236,100.000000,100.000000,0.000000,0.000000,2,4,4,0.0000,0.0000,0.0000,0.5000,"PursuitChaseOptimal",-0.015646
2977,B0100,aggressive,UNKNOWN,15890.866882,29044.915331,3355.084669,3705.743817,30652.339193,17398.171078,517.296100,29244.682198,95.843482,6279.082939,-23.532772,0.056159,False,False,False,False,True,True,True,1-circle,1.000000,4652.289645,19373.056798,-1.891022,-0.118236,100.000000,100.000000,0.000000,0.000000,2,4,4,0.0000,0.0000,0.0000,0.5000,"Accelerate",0.010763
2978,A0100,pursuit_chase_v1,UNKNOWN,15896.283154,29046.873685,3353.126315,3699.523421,30677.049418,17398.714149,517.522167,29255.581772,217.991493,6303.437873,-24.049859,0.020774,False,False,False,False,True,True,True,1-circle,1.000000,4656.356122,19846.415111,0.700020,-0.300374,100.000000,100.000000,0.000000,0.000000,2,4,4,0.0000,0.0000,0.0000,0.5000,"PursuitChaseOptimal",-0.001925
2978,B0100,aggressive,UNKNOWN,15896.283154,29046.873685,3353.126315,3699.523421,30677.049418,17398.714149,517.522167,29255.581772,217.991493,6303.437873,-24.049859,0.020774,False,False,False,False,True,True,True,1-circle,1.000000,4656.356122,19846.415111,0.700020,-0.300374,100.000000,100.000000,0.000000,0.000000,2,4,4,0.0000,0.0000,0.0000,0.5000,"Accelerate",-0.002066
2979,A0100,pursuit_chase_v1,UNKNOWN,15896.283154,29046.873685,3353.126315,3699.523421,30677.049418,17398.714149,517.522167,29255.581772,217.991493,6303.437873,-24.049859,0.020774,False,False,False,False,True,True,True,1-circle,1.000000,4656.356122,19846.415111,0.700020,-0.300374,100.000000,100.000000,0.000000,0.000000,2,4,4,0.0000,0.0000,0.0000,0.5000,"PursuitChaseOptimal",0.012635
2979,B0100,aggressive,UNKNOWN,15896.283154,29046.873685,3353.126315,3699.523421,30677.049418,17398.714149,517.522167,29255.581772,217.991493,6303.437873,-24.049859,0.020774,False,False,False,False,True,True,True,1-circle,1.000000,4656.356122,19846.415111,0.700020,-0.300374,100.000000,100.000000,0.000000,0.000000,2,4,4,0.0000,0.0000,0.0000,0.5000,"Accelerate",-0.016094
2980,A0100,pursuit_chase_v1,UNKNOWN,15901.815696,29066.572963,3333.427037,3696.487528,30703.996948,17399.261537,517.563855,29258.039451,49.153582,6313.396187,-25.183926,0.041613,False,False,False,False,True,True,True,1-circle,1.000000,4660.327852,19474.935485,-1.402135,-0.065885,100.000000,100.000000,0.000000,0.000000,2,4,4,0.0000,0.0000,0.0000,0.5000,"PursuitChaseOptimal",0.022376
2980,B0100,aggressive,UNKNOWN,15901.815696,29066.572963,3333.427037,3696.487528,30703.996948,17399.261537,517.563855,29258.039451,49.153582,6313.396187,-25.183926,0.041613,False,False,False,False,True,True,True,1-circle,1.000000,4660.327852,19474.935485,-1.402135,-0.065885,100.000000,100.000000,0.000000,0.000000,2,4,4,0.0000,0.0000,0.0000,0.5000,"Accelerate",-0.025746
2981,A0100,pursuit_chase_v1,UNKNOWN,15901.815696,29066.572963,3333.427037,3696.487528,30703.996948,17399.261537,517.563855,29258.039451,49.153582,6313.396187,-25.183926,0.041613,False,False,False,False,True,True,True,1-circle,1.000000,4660.327852,19474.935485,-1.402135,-0.065885,100.000000,100.000000,0.000000,0.000000,2,4,4,0.0000,0.0000,0.0000,0.5000,"PursuitChaseOptimal",0.023452
2981,B0100,aggressive,UNKNOWN,15901.815696,29066.572963,3333.427037,3696.487528,30703.996948,17399.261537,517.563855,29258.039451,49.153582,6313.396187,-25.183926,0.041613,False,False,False,False,True,True,True,1-circle,1.000000,4660.327852,19474.935485,-1.402135,-0.065885,100.000000,100.000000,0.000000,0.000000,2,4,4,0.0000,0.0000,0.0000,0.5000,"Accelerate",-0.026955
2982,A0100,pursuit_chase_v1,UNKNOWN,15907.476728,29074.923078,3325.076922,3702.159016,30726.227195,17399.850331,517.751414,29267.224754,183.706057,6339.570103,-26.667003,0.002236,False,False,False,False,True,True,True,1-circle,1.000000,4663.922333,19747.547218,0.075384,0.045708,100.000000,100.000000,0.000000,0.000000,2,4,4,0.0000,0.0000,0.0000,0.5000,"PursuitChaseOptimal",0.027008
2982,B0100,aggressive,UNKNOWN,15907.476728,29074.923078,3325.076922,3702.159016,30726.227195,17399.850331,517.751414,29267.224754,183.706057,6339.570103,-26.667003,0.002236,False,False,False,False,True,True,True,1-circle,1.000000,4663.922333,19747.547218,0.075384,0.045708,100.000000,100.000000,0.000000,0.000000,2,4,4,0.0000,0.0000,0.0000,0.5000,"Accelerate",-0.030025
2983,A0100,pursuit_chase_v1,UNKNOWN,15907.476728,29074.923078,3325.076922,3702.159016,30726.227195,17399.850331,517.751414,29267.224754,183.706057,6339.570103,-26.667003,0.002236,False,False,False,False,True,True,True,1-circle,1.000000,4663.922333,19747.547218,0.075384,0.045708,100.000000,100.000000,0.000000,0.000000,2,4,4,0.0000,0.0000,0.0000,0.5000,"PursuitChaseOptimal",0.004222
2983,B0100,aggressive,UNKNOWN,15907.476728,29074.923078,3325.076922,3702.159016,30726.227195,17399.850331,517.751414,29267.224754,183.706057,6339.570103,-26.667003,0.002236,False,False,False,False,True,True,True,1-circle,1.000000,4663.922333,19747.547218,0.075384,0.045708,100.000000,100.000000,0.000000,0.000000,2,4,4,0.0000,0.0000,0.0000,0.5000,"Accelerate",-0.007964
2984,A0100,pursuit_chase_v1,UNKNOWN,15913.262439,29095.176958,3304.823042,3698.181060,30754.014480,17400.470960,517.778762,29269.099133,37.487568,6343.909430,-27.859269,0.060013,False,False,False,False,True,True,True,1-circle,1.000000,4667.097146,19376.308972,-2.022477,-0.104480,100.000000,100.000000,0.000000,0.000000,2,4,4,0.0000,0.0000,0.0000,0.5000,"PursuitChaseOptimal",-0.013518
2984,B0100,aggressive,UNKNOWN,15913.262439,29095.176958,3304.823042,3698.181060,30754.014480,17400.470960,517.778762,29269.099133,37.487568,6343.909430,-27.859269,0.060013,False,False,False,False,True,True,True,1-circle,1.000000,4667.097146,19376.308972,-2.022477,-0.104480,100.000000,100.000000,0.000000,0.000000,2,4,4,0.0000,0.0000,0.0000,0.5000,"Accelerate",0.008675
2985,A0100,pursuit_chase_v1,UNKNOWN,15913.262439,29095.176958,3304.823042,3698.181060,30754.014480,17400.470960,517.778762,29269.099133,37.487568,6343.909430,-27.859269,0.060013,False,False,False,False,True,True,True,1-circle,1.000000,4667.097146,19376.308972,-2.022477,-0.104480,100.000000,100.000000,0.000000,0.000000,2,4,4,0.0000,0.0000,0.0000,0.5000,"PursuitChaseOptimal",-0.022059
2985,B0100,aggressive,UNKNOWN,15913.262439,29095.176958,3304.823042,3698.181060,30754.014480,17400.470960,517.778762,29269.099133,37.487568,6343.909430,-27.859269,0.060013,False,False,False,False,True,True,True,1-circle,1.000000,4667.097146,19376.308972,-2.022477,-0.104480,100.000000,100.000000,0.000000,0.000000,2,4,4,0.0000,0.0000,0.0000,0.5000,"Accelerate",0.016509
2986,A0100,pursuit_chase_v1,UNKNOWN,15919.155126,29097.375523,3302.624477,3705.326097,30776.862207,17401.100167,518.013304,29280.483204,227.681419,6360.704373,-28.569372,0.008900,False,False,False,False,True,True,True,1-circle,1.000000,4670.095356,19692.589884,-0.300180,-0.124756,100.000000,100.000000,0.000000,0.000000,2,4,4,0.0000,0.0000,0.0000,0.5000,"PursuitChaseOptimal",-0.014934
2986,B0100,aggressive,UNKNOWN,15919.155126,29097.375523,3302.624477,3705.326097,30776.862207,17401.100167,518.013304,29280.483204,227.681419,6360.704373,-28.569372,0.008900,False,False,False,False,True,True,True,1-circle,1.000000,4670.095356,19692.589884,-0.300180,-0.124756,100.000000,100.000000,0.000000,0.000000,2,4,4,0.0000,0.0000,0.0000,0.5000,"Accelerate",0.009899
2987,A0100,pursuit_chase_v1,UNKNOWN,15919.155126,29097.375523,3302.624477,3705.326097,30776.862207,17401.100167,518.013304,29280.483204,227.681419,6360.704373,-28.569372,0.008900,False,False,False,False,True,True,True,1-circle,1.000000,4670.095356,19692.589884,-0.300180,-0.124756,100.000000,100.000000,0.000000,0.000000,2,4,4,0.0000,0.0000,0.0000,0.5000,"PursuitChaseOptimal",-0.014537
2987,B0100,aggressive,UNKNOWN,15919.155126,29097.375523,3302.624477,3705.326097,30776.862207,17401.100167,518.013304,29280.483204,227.681419,6360.704373,-28.569372,0.008900,False,False,False,False,True,True,True,1-circle,1.000000,4670.095356,19692.589884,-0.300180,-0.124756,100.000000,100.000000,0.000000,0.000000,2,4,4,0.0000,0.0000,0.0000,0.5000,"Accelerate",0.009993
2988,A0100,pursuit_chase_v1,UNKNOWN,15925.159493,29110.305283,3289.694717,3705.866052,30802.556800,17401.653029,518.087275,29284.429008,78.916093,6355.849747,-29.106872,0.006650,False,False,False,False,True,True,True,1-circle,1.000000,4673.109874,19793.299331,0.224342,-0.187258,100.000000,100.000000,0.000000,0.000000,2,5,4,0.0000,0.0000,0.0000,0.5000,"PursuitChaseOptimal",-0.022254
2988,B0100,aggressive,UNKNOWN,15925.159493,29110.305283,3289.694717,3705.866052,30802.556800,17401.653029,518.087275,29284.429008,78.916093,6355.849747,-29.106872,0.006650,False,False,False,False,True,True,True,1-circle,1.000000,4673.109874,19793.299331,0.224342,-0.187258,100.000000,100.000000,0.000000,0.000000,2,4,4,0.0000,0.0000,0.0000,0.5000,"Accelerate",0.017521
2989,A0100,pursuit_chase_v1,UNKNOWN,15925.159493,29110.305283,3289.694717,3705.866052,30802.556800,17401.653029,518.087275,29284.429008,78.916093,6355.849747,-29.106872,0.006650,False,False,False,False,True,True,True,1-circle,1.000000,4673.109874,19793.299331,0.224342,-0.187258,100.000000,100.000000,0.000000,0.000000,2,5,4,0.0000,0.0000,0.0000,0.5000,"PursuitChaseOptimal",-0.001639
2989,B0100,aggressive,UNKNOWN,15925.159493,29110.305283,3289.694717,3705.866052,30802.556800,17401.653029,518.087275,29284.429008,78.916093,6355.849747,-29.106872,0.006650,False,False,False,False,True,True,True,1-circle,1.000000,4673.109874,19793.299331,0.224342,-0.187258,100.000000,100.000000,0.000000,0.000000,2,4,4,0.0000,0.0000,0.0000,0.5000,"Accelerate",-0.002671
2990,A0100,pursuit_chase_v1,UNKNOWN,15931.227759,29125.740844,3274.259156,3711.681513,30826.435604,17402.285643,518.223208,29291.297885,137.377544,6349.196491,-29.785502,0.026421,False,False,False,False,True,True,True,1-circle,1.000000,4675.972338,19598.672971,-0.891437,0.126546,100.000000,100.000000,0.000000,0.000000,2,5,4,0.0000,0.0000,0.0000,0.5000,"PursuitChaseOptimal",0.014917
2990,B0100,aggressive,UNKNOWN,15931.227759,29125.740844,3274.259156,3711.681513,30826.435604,17402.285643,518.223208,29291.297885,137.377544,6349.196491,-29.785502,0.026421,False,False,False,False,True,True,True,1-circle,1.000000,4675.972338,19598.672971,-0.891437,0.126546,100.000000,100.000000,0.000000,0.000000,2,4,4,0.0000,0.0000,0.0000,0.5000,"Accelerate",-0.018864
2991,A0100,pursuit_chase_v1,UNKNOWN,15931.227759,29125.740844,3274.259156,3711.681513,30826.435604,17402.285643,518.223208,29291.297885,137.377544,6349.196491,-29.785502,0.026421,False,False,False,False,True,True,True,1-circle,1.000000,4675.972338,19598.672971,-0.891437,0.126546,100.000000,100.000000,0.000000,0.000000,2,5,4,0.0000,0.0000,0.0000,0.5000,"PursuitChaseOptimal",0.027919
2991,B0100,aggressive,UNKNOWN,15931.227759,29125.740844,3274.259156,3711.681513,30826.435604,17402.285643,518.223208,29291.297885,137.377544,6349.196491,-29.785502,0.026421,False,False,False,False,True,True,True,1-circle,1.000000,4675.972338,19598.672971,-0.891437,0.126546,100.000000,100.000000,0.000000,0.000000,2,4,4,0.0000,0.0000,0.0000,0.5000,"Accelerate",-0.031035
2992,A0100,pursuit_chase_v1,UNKNOWN,15937.348235,29139.344565,3260.655435,3711.482874,30852.093252,17402.918241,518.342574,29297.408078,122.203854,6333.458981,-30.632813,0.012255,False,False,False,False,True,True,True,1-circle,1.000000,4678.581379,19690.749916,-0.413607,-0.056677,100.000000,100.000000,0.000000,0.000000,2,5,4,0.0000,0.0000,0.0000,0.5000,"PursuitChaseOptimal",0.046631
2992,B0100,aggressive,UNKNOWN,15937.348235,29139.344565,3260.655435,3711.482874,30852.093252,17402.918241,518.342574,29297.408078,122.203854,6333.458981,-30.632813,0.012255,False,False,False,False,True,True,True,1-circle,1.000000,4678.581379,19690.749916,-0.413607,-0.056677,100.000000,100.000000,0.000000,0.000000,2,4,4,0.0000,0.0000,0.0000,0.5000,"Accelerate",-0.048871
2993,A0100,pursuit_chase_v1,UNKNOWN,15937.348235,29139.344565,3260.655435,3711.482874,30852.093252,17402.918241,518.342574,29297.408078,122.203854,6333.458981,-30.632813,0.012255,False,False,False,False,True,True,True,1-circle,1.000000,4678.581379,19690.749916,-0.413607,-0.056677,100.000000,100.000000,0.000000,0.000000,2,5,4,0.0000,0.0000,0.0000,0.5000,"PursuitChaseOptimal",0.049179
2993,B0100,aggressive,UNKNOWN,15937.348235,29139.344565,3260.655435,3711.482874,30852.093252,17402.918241,518.342574,29297.408078,122.203854,6333.458981,-30.632813,0.012255,False,False,False,False,True,True,True,1-circle,1.000000,4678.581379,19690.749916,-0.413607,-0.056677,100.000000,100.000000,0.000000,0.000000,2,4,4,0.0000,0.0000,0.0000,0.5000,"Accelerate",-0.051592
2994,A0100,pursuit_chase_v1,UNKNOWN,15943.487244,29152.419318,3247.580682,3718.425029,30876.373499,17403.625349,518.428952,29302.079807,93.434583,6314.443668,-31.915203,0.045930,False,False,False,False,True,True,True,1-circle,1.000000,4680.594298,19491.885088,-1.549996,-0.005513,100.000000,100.000000,0.000000,0.000000,2,5,4,0.0000,0.0000,0.0000,0.5000,"PursuitChaseOptimal",0.050255
2994,B0100,aggressive,UNKNOWN,15943.487244,29152.419318,3247.580682,3718.425029,30876.373499,17403.625349,518.428952,29302.079807,93.434583,6314.443668,-31.915203,0.045930,False,False,False,False,True,True,True,1-circle,1.000000,4680.594298,19491.885088,-1.549996,-0.005513,100.000000,100.000000,0.000000,0.000000,2,4,4,0.0000,0.0000,0.0000,0.5000,"Accelerate",-0.052817
2995,A0100,pursuit_chase_v1,UNKNOWN,15943.487244,29152.419318,3247.580682,3718.425029,30876.373499,17403.625349,518.428952,29302.079807,93.434583,6314.443668,-31.915203,0.045930,False,False,False,False,True,True,True,1-circle,1.000000,4680.594298,19491.885088,-1.549996,-0.005513,100.000000,100.000000,0.000000,0.000000,2,5,4,0.0000,0.0000,0.0000,0.5000,"PursuitChaseOptimal",0.046306
2995,B0100,aggressive,UNKNOWN,15943.487244,29152.419318,3247.580682,3718.425029,30876.373499,17403.625349,518.428952,29302.079807,93.434583,6314.443668,-31.915203,0.045930,False,False,False,False,True,True,True,1-circle,1.000000,4680.594298,19491.885088,-1.549996,-0.005513,100.000000,100.000000,0.000000,0.000000,2,4,4,0.0000,0.0000,0.0000,0.5000,"Accelerate",-0.048590
2996,A0100,pursuit_chase_v1,UNKNOWN,15949.679166,29155.626292,3244.373708,3733.440579,30900.924898,17404.253407,518.650075,29312.859982,215.603486,6301.313553,-33.311255,0.030191,False,False,False,False,True,True,True,1-circle,1.000000,4682.002297,19959.680771,1.019396,-0.201221,100.000000,100.000000,0.000000,0.000000,2,5,4,0.0000,0.0000,0.0000,0.5000,"PursuitChaseOptimal",0.036169
2996,B0100,aggressive,UNKNOWN,15949.679166,29155.626292,3244.373708,3733.440579,30900.924898,17404.253407,518.650075,29312.859982,215.603486,6301.313553,-33.311255,0.030191,False,False,False,False,True,True,True,1-circle,1.000000,4682.002297,19959.680771,1.019396,-0.201221,100.000000,100.000000,0.000000,0.000000,2,4,4,0.0000,0.0000,0.0000,0.5000,"Accelerate",-0.038302
2997,A0100,pursuit_chase_v1,UNKNOWN,15949.679166,29155.626292,3244.373708,3733.440579,30900.924898,17404.253407,518.650075,29312.859982,215.603486,6301.313553,-33.311255,0.030191,False,False,False,False,True,True,True,1-circle,1.000000,4682.002297,19959.680771,1.019396,-0.201221,100.000000,100.000000,0.000000,0.000000,2,5,4,0.0000,0.0000,0.0000,0.5000,"PursuitChaseOptimal",0.021745
2997,B0100,aggressive,UNKNOWN,15949.679166,29155.626292,3244.373708,3733.440579,30900.924898,17404.253407,518.650075,29312.859982,215.603486,6301.313553,-33.311255,0.030191,False,False,False,False,True,True,True,1-circle,1.000000,4682.002297,19959.680771,1.019396,-0.201221,100.000000,100.000000,0.000000,0.000000,2,4,4,0.0000,0.0000,0.0000,0.5000,"Accelerate",-0.024429
2998,A0100,pursuit_chase_v1,UNKNOWN,15955.930828,29176.848241,3223.151759,3741.974781,30927.808592,17404.899178,518.683645,29315.047416,43.748687,6284.382765,-34.672740,0.033324,False,False,False,False,True,True,True,1-circle,1.000000,4682.757640,19578.536077,-1.125235,0.020010,100.000000,100.000000,0.000000,0.000000,2,5,4,0.0000,0.0000,0.0000,0.5000,"PursuitChaseOptimal",0.012061
2998,B0100,aggressive,UNKNOWN,15955.930828,29176.848241,3223.151759,3741.974781,30927.808592,17404.899178,518.683645,29315.047416,43.748687,6284.382765,-34.672740,0.033324,False,False,False,False,True,True,True,1-circle,1.000000,4682.757640,19578.536077,-1.125235,0.020010,100.000000,100.000000,0.000000,0.000000,2,4,4,0.0000,0.0000,0.0000,0.5000,"Accelerate",-0.015470
2999,A0100,pursuit_chase_v1,UNKNOWN,15955.930828,29176.848241,3223.151759,3741.974781,30927.808592,17404.899178,518.683645,29315.047416,43.748687,6284.382765,-34.672740,0.033324,False,False,False,False,True,True,True,1-circle,1.000000,4682.757640,19578.536077,-1.125235,0.020010,100.000000,100.000000,0.000000,0.000000,2,5,4,0.0000,0.0000,0.0000,0.5000,"PursuitChaseOptimal",-0.005108
2999,B0100,aggressive,UNKNOWN,15955.930828,29176.848241,3223.151759,3741.974781,30927.808592,17404.899178,518.683645,29315.047416,43.748687,6284.382765,-34.672740,0.033324,False,False,False,False,True,True,True,1-circle,1.000000,4682.757640,19578.536077,-1.125235,0.020010,100.000000,100.000000,0.000000,0.000000,2,4,4,0.0000,0.0000,0.0000,0.5000,"Accelerate",0.000648
3000,A0100,pursuit_chase_v1,UNKNOWN,15962.224202,29186.242923,3213.757077,3714.383905,30949.967118,17405.594595,518.866916,29324.160934,182.270363,6277.952798,-34.647663,0.010075,False,False,False,False,True,True,True,1-circle,1.000000,4683.184320,19847.011093,0.340333,0.122941,100.000000,100.000000,0.000000,0.000000,2,5,4,0.0000,0.0000,0.0000,0.5000,"PursuitChaseOptimal",-0.006525
3000,B0100,aggressive,UNKNOWN,15962.224202,29186.242923,3213.757077,3714.383905,30949.967118,17405.594595,518.866916,29324.160934,182.270363,6277.952798,-34.647663,0.010075,False,False,False,False,True,True,True,1-circle,1.000000,4683.184320,19847.011093,0.340333,0.122941,100.000000,100.000000,0.000000,0.000000,2,4,4,0.0000,0.0000,0.0000,0.5000,"Accelerate",0.002341
3001,A0100,pursuit_chase_v1,UNKNOWN,15962.224202,29186.242923,3213.757077,3714.383905,30949.967118,17405.594595,518.866916,29324.160934,182.270363,6277.952798,-34.647663,0.010075,False,False,False,False,True,True,True,1-circle,1.000000,4683.184320,19847.011093,0.340333,0.122941,100.000000,100.000000,0.000000,0.000000,2,5,4,0.0000,0.0000,0.0000,0.5000,"PursuitChaseOptimal",-0.002985
3001,B0100,aggressive,UNKNOWN,15962.224202,29186.242923,3213.757077,3714.383905,30949.967118,17405.594595,518.866916,29324.160934,182.270363,6277.952798,-34.647663,0.010075,False,False,False,False,True,True,True,1-circle,1.000000,4683.184320,19847.011093,0.340333,0.122941,100.000000,100.000000,0.000000,0.000000,2,4,4,0.0000,0.0000,0.0000,0.5000,"Accelerate",-0.000928
3002,A0100,pursuit_chase_v1,UNKNOWN,15968.453173,29206.868032,3193.131968,3627.714283,30977.321023,17406.326934,518.885007,29325.724396,31.269247,6266.116419,-33.361829,0.052983,False,False,False,False,True,True,True,1-circle,1.000000,4683.839766,19468.460486,-1.789342,-0.031448,100.000000,100.000000,0.000000,0.000000,2,5,4,0.0000,0.0000,0.0000,0.5000,"PursuitChaseOptimal",-0.001891
3002,B0100,aggressive,UNKNOWN,15968.453173,29206.868032,3193.131968,3627.714283,30977.321023,17406.326934,518.885007,29325.724396,31.269247,6266.116419,-33.361829,0.052983,False,False,False,False,True,True,True,1-circle,1.000000,4683.839766,19468.460486,-1.789342,-0.031448,100.000000,100.000000,0.000000,0.000000,2,4,4,0.0000,0.0000,0.0000,0.5000,"Accelerate",-0.002418
3003,A0100,pursuit_chase_v1,UNKNOWN,15968.453173,29206.868032,3193.131968,3627.714283,30977.321023,17406.326934,518.885007,29325.724396,31.269247,6266.116419,-33.361829,0.052983,False,False,False,False,True,True,True,1-circle,1.000000,4683.839766,19468.460486,-1.789342,-0.031448,100.000000,100.000000,0.000000,0.000000,2,5,4,0.0000,0.0000,0.0000,0.5000,"PursuitChaseOptimal",-0.000833
3003,B0100,aggressive,UNKNOWN,15968.453173,29206.868032,3193.131968,3627.714283,30977.321023,17406.326934,518.885007,29325.724396,31.269247,6266.116419,-33.361829,0.052983,False,False,False,False,True,True,True,1-circle,1.000000,4683.839766,19468.460486,-1.789342,-0.031448,100.000000,100.000000,0.000000,0.000000,2,4,4,0.0000,0.0000,0.0000,0.5000,"Accelerate",-0.003514
3004,A0100,pursuit_chase_v1,UNKNOWN,15974.553114,29210.520780,3189.479220,3523.339753,30997.545960,17407.077077,519.074018,29335.159741,188.706890,6275.995599,-31.642457,0.009417,False,False,False,False,True,True,True,1-circle,1.000000,4685.003439,19738.316346,-0.318255,-0.050491,100.000000,100.000000,0.000000,0.000000,2,5,4,0.0000,0.0000,0.0000,0.5000,"PursuitChaseOptimal",0.001026
3004,B0100,aggressive,UNKNOWN,15974.553114,29210.520780,3189.479220,3523.339753,30997.545960,17407.077077,519.074018,29335.159741,188.706890,6275.995599,-31.642457,0.009417,False,False,False,False,True,True,True,1-circle,1.000000,4685.003439,19738.316346,-0.318255,-0.050491,100.000000,100.000000,0.000000,0.000000,2,4,4,0.0000,0.0000,0.0000,0.5000,"Accelerate",-0.005032
3005,A0100,pursuit_chase_v1,UNKNOWN,15974.553114,29210.520780,3189.479220,3523.339753,30997.545960,17407.077077,519.074018,29335.159741,188.706890,6275.995599,-31.642457,0.009417,False,False,False,False,True,True,True,1-circle,1.000000,4685.003439,19738.316346,-0.318255,-0.050491,100.000000,100.000000,0.000000,0.000000,2,5,4,0.0000,0.0000,0.0000,0.5000,"PursuitChaseOptimal",0.003042
3005,B0100,aggressive,UNKNOWN,15974.553114,29210.520780,3189.479220,3523.339753,30997.545960,17407.077077,519.074018,29335.159741,188.706890,6275.995599,-31.642457,0.009417,False,False,False,False,True,True,True,1-circle,1.000000,4685.003439,19738.316346,-0.318255,-0.050491,100.000000,100.000000,0.000000,0.000000,2,4,4,0.0000,0.0000,0.0000,0.5000,"Accelerate",-0.006750
3006,A0100,pursuit_chase_v1,UNKNOWN,15980.548122,29227.794449,3172.205551,3400.275561,31025.343467,17407.822366,519.071182,29335.774708,12.299349,6293.487804,-30.230799,0.072485,False,False,False,False,True,True,True,1-circle,1.000000,4686.762269,19360.289844,-2.448151,-0.122354,100.000000,100.000000,0.000000,0.000000,2,4,4,0.0000,0.0000,0.0000,0.5000,"PursuitChaseOptimal",0.009101
3006,B0100,aggressive,UNKNOWN,15980.548122,29227.794449,3172.205551,3400.275561,31025.343467,17407.822366,519.071182,29335.774708,12.299349,6293.487804,-30.230799,0.072485,False,False,False,False,True,True,True,1-circle,1.000000,4686.762269,19360.289844,-2.448151,-0.122354,100.000000,100.000000,0.000000,0.000000,2,4,4,0.0000,0.0000,0.0000,0.5000,"Accelerate",-0.012884
3007,A0100,pursuit_chase_v1,UNKNOWN,15980.548122,29227.794449,3172.205551,3400.275561,31025.343467,17407.822366,519.071182,29335.774708,12.299349,6293.487804,-30.230799,0.072485,False,False,False,False,True,True,True,1-circle,1.000000,4686.762269,19360.289844,-2.448151,-0.122354,100.000000,100.000000,0.000000,0.000000,2,4,4,0.0000,0.0000,0.0000,0.5000,"PursuitChaseOptimal",0.002391
3007,B0100,aggressive,UNKNOWN,15980.548122,29227.794449,3172.205551,3400.275561,31025.343467,17407.822366,519.071182,29335.774708,12.299349,6293.487804,-30.230799,0.072485,False,False,False,False,True,True,True,1-circle,1.000000,4686.762269,19360.289844,-2.448151,-0.122354,100.000000,100.000000,0.000000,0.000000,2,4,4,0.0000,0.0000,0.0000,0.5000,"Accelerate",-0.006928
3008,A0100,pursuit_chase_v1,UNKNOWN,15986.471830,29227.979938,3172.020062,3274.317835,31045.808268,17408.568070,519.277286,29345.994585,204.397524,6332.367375,-28.793027,0.022018,False,False,False,False,True,True,True,1-circle,1.000000,4689.100057,19672.589485,-0.744329,-0.017388,100.000000,100.000000,0.000000,0.000000,2,4,4,0.0000,0.0000,0.0000,0.5000,"PursuitChaseOptimal",-0.003919
3008,B0100,aggressive,UNKNOWN,15986.471830,29227.979938,3172.020062,3274.317835,31045.808268,17408.568070,519.277286,29345.994585,204.397524,6332.367375,-28.793027,0.022018,False,False,False,False,True,True,True,1-circle,1.000000,4689.100057,19672.589485,-0.744329,-0.017388,100.000000,100.000000,0.000000,0.000000,2,4,4,0.0000,0.0000,0.0000,0.5000,"Accelerate",-0.000727
3009,A0100,pursuit_chase_v1,UNKNOWN,15986.471830,29227.979938,3172.020062,3274.317835,31045.808268,17408.568070,519.277286,29345.994585,204.397524,6332.367375,-28.793027,0.022018,False,False,False,False,True,True,True,1-circle,1.000000,4689.100057,19672.589485,-0.744329,-0.017388,100.000000,100.000000,0.000000,0.000000,2,4,4,0.0000,0.0000,0.0000,0.5000,"PursuitChaseOptimal",-0.006594
3009,B0100,aggressive,UNKNOWN,15986.471830,29227.979938,3172.020062,3274.317835,31045.808268,17408.568070,519.277286,29345.994585,204.397524,6332.367375,-28.793027,0.022018,False,False,False,False,True,True,True,1-circle,1.000000,4689.100057,19672.589485,-0.744329,-0.017388,100.000000,100.000000,0.000000,0.000000,2,4,4,0.0000,0.0000,0.0000,0.5000,"Accelerate",0.002135
3010,A0100,pursuit_chase_v1,UNKNOWN,15992.340387,29235.356231,3164.643769,3149.626024,31068.573919,17409.229898,519.381605,29351.453185,109.172004,6359.334502,-27.362717,0.006664,False,False,False,False,True,True,True,1-circle,1.000000,4692.132027,19771.944800,-0.225337,-0.250148,100.000000,100.000000,0.000000,0.000000,2,4,4,0.0000,0.0000,0.0000,0.5000,"PursuitChaseOptimal",-0.015319
3010,B0100,aggressive,UNKNOWN,15992.340387,29235.356231,3164.643769,3149.626024,31068.573919,17409.229898,519.381605,29351.453185,109.172004,6359.334502,-27.362717,0.006664,False,False,False,False,True,True,True,1-circle,1.000000,4692.132027,19771.944800,-0.225337,-0.250148,100.000000,100.000000,0.000000,0.000000,2,4,4,0.0000,0.0000,0.0000,0.5000,"Accelerate",0.010566
3011,A0100,pursuit_chase_v1,UNKNOWN,15992.340387,29235.356231,3164.643769,3149.626024,31068.573919,17409.229898,519.381605,29351.453185,109.172004,6359.334502,-27.362717,0.006664,False,False,False,False,True,True,True,1-circle,1.000000,4692.132027,19771.944800,-0.225337,-0.250148,100.000000,100.000000,0.000000,0.000000,2,4,4,0.0000,0.0000,0.0000,0.5000,"PursuitChaseOptimal",-0.019915
3011,B0100,aggressive,UNKNOWN,15992.340387,29235.356231,3164.643769,3149.626024,31068.573919,17409.229898,519.381605,29351.453185,109.172004,6359.334502,-27.362717,0.006664,False,False,False,False,True,True,True,1-circle,1.000000,4692.132027,19771.944800,-0.225337,-0.250148,100.000000,100.000000,0.000000,0.000000,2,4,4,0.0000,0.0000,0.0000,0.5000,"Accelerate",0.014552
3012,A0100,pursuit_chase_v1,UNKNOWN,15998.147125,29244.041958,3155.958042,3058.995874,31088.679748,17409.934088,519.448792,29355.247249,75.881292,6383.775395,-26.451905,0.039725,False,False,False,False,True,True,True,1-circle,1.000000,4695.679104,19576.889141,-1.343196,-0.027908,100.000000,100.000000,0.000000,0.000000,2,4,4,0.0000,0.0000,0.0000,0.5000,"PursuitChaseOptimal",-0.021950
3012,B0100,aggressive,UNKNOWN,15998.147125,29244.041958,3155.958042,3058.995874,31088.679748,17409.934088,519.448792,29355.247249,75.881292,6383.775395,-26.451905,0.039725,False,False,False,False,True,True,True,1-circle,1.000000,4695.679104,19576.889141,-1.343196,-0.027908,100.000000,100.000000,0.000000,0.000000,2,4,4,0.0000,0.0000,0.0000,0.5000,"Accelerate",0.016350
3013,A0100,pursuit_chase_v1,UNKNOWN,15998.147125,29244.041958,3155.958042,3058.995874,31088.679748,17409.934088,519.448792,29355.247249,75.881292,6383.775395,-26.451905,0.039725,False,False,False,False,True,True,True,1-circle,1.000000,4695.679104,19576.889141,-1.343196,-0.027908,100.000000,100.000000,0.000000,0.000000,2,4,4,0.0000,0.0000,0.0000,0.5000,"PursuitChaseOptimal",-0.021775
3013,B0100,aggressive,UNKNOWN,15998.147125,29244.041958,3155.958042,3058.995874,31088.679748,17409.934088,519.448792,29355.247249,75.881292,6383.775395,-26.451905,0.039725,False,False,False,False,True,True,True,1-circle,1.000000,4695.679104,19576.889141,-1.343196,-0.027908,100.000000,100.000000,0.000000,0.000000,2,4,4,0.0000,0.0000,0.0000,0.5000,"Accelerate",0.016474
3014,A0100,pursuit_chase_v1,UNKNOWN,16003.971825,29250.520119,3149.479881,2995.511834,31110.231956,17410.595481,519.542362,29360.212504,99.305098,6406.845118,-25.968677,0.022674,False,False,False,False,True,True,True,1-circle,1.000000,4699.694666,19687.012738,-0.766887,-0.166100,100.000000,100.000000,0.000000,0.000000,2,4,4,0.0000,0.0000,0.0000,0.5000,"PursuitChaseOptimal",-0.022174
3014,B0100,aggressive,UNKNOWN,16003.971825,29250.520119,3149.479881,2995.511834,31110.231956,17410.595481,519.542362,29360.212504,99.305098,6406.845118,-25.968677,0.022674,False,False,False,False,True,True,True,1-circle,1.000000,4699.694666,19687.012738,-0.766887,-0.166100,100.000000,100.000000,0.000000,0.000000,2,4,4,0.0000,0.0000,0.0000,0.5000,"Accelerate",0.016999
3015,A0100,pursuit_chase_v1,UNKNOWN,16003.971825,29250.520119,3149.479881,2995.511834,31110.231956,17410.595481,519.542362,29360.212504,99.305098,6406.845118,-25.968677,0.022674,False,False,False,False,True,True,True,1-circle,1.000000,4699.694666,19687.012738,-0.766887,-0.166100,100.000000,100.000000,0.000000,0.000000,2,4,4,0.0000,0.0000,0.0000,0.5000,"PursuitChaseOptimal",-0.023572
3015,B0100,aggressive,UNKNOWN,16003.971825,29250.520119,3149.479881,2995.511834,31110.231956,17410.595481,519.542362,29360.212504,99.305098,6406.845118,-25.968677,0.022674,False,False,False,False,True,True,True,1-circle,1.000000,4699.694666,19687.012738,-0.766887,-0.166100,100.000000,100.000000,0.000000,0.000000,2,4,4,0.0000,0.0000,0.0000,0.5000,"Accelerate",0.017880
3016,A0100,pursuit_chase_v1,UNKNOWN,16009.805503,29256.926947,3143.073053,2950.394935,31129.668445,17411.302675,519.608926,29363.981874,75.387384,6417.968794,-25.561847,0.058932,False,False,False,False,True,True,True,1-circle,1.000000,4703.977695,19472.855104,-1.992784,-0.091102,100.000000,100.000000,0.000000,0.000000,2,4,4,0.0000,0.0000,0.0000,0.5000,"PursuitChaseOptimal",-0.028194
3016,B0100,aggressive,UNKNOWN,16009.805503,29256.926947,3143.073053,2950.394935,31129.668445,17411.302675,519.608926,29363.981874,75.387384,6417.968794,-25.561847,0.058932,False,False,False,False,True,True,True,1-circle,1.000000,4703.977695,19472.855104,-1.992784,-0.091102,100.000000,100.000000,0.000000,0.000000,2,4,4,0.0000,0.0000,0.0000,0.5000,"Accelerate",0.021932
3017,A0100,pursuit_chase_v1,UNKNOWN,16009.805503,29256.926947,3143.073053,2950.394935,31129.668445,17411.302675,519.608926,29363.981874,75.387384,6417.968794,-25.561847,0.058932,False,False,False,False,True,True,True,1-circle,1.000000,4703.977695,19472.855104,-1.992784,-0.091102,100.000000,100.000000,0.000000,0.000000,2,4,4,0.0000,0.0000,0.0000,0.5000,"PursuitChaseOptimal",-0.019322
3017,B0100,aggressive,UNKNOWN,16009.805503,29256.926947,3143.073053,2950.394935,31129.668445,17411.302675,519.608926,29363.981874,75.387384,6417.968794,-25.561847,0.058932,False,False,False,False,True,True,True,1-circle,1.000000,4703.977695,19472.855104,-1.992784,-0.091102,100.000000,100.000000,0.000000,0.000000,2,4,4,0.0000,0.0000,0.0000,0.5000,"Accelerate",0.013751
3018,A0100,pursuit_chase_v1,UNKNOWN,16015.673289,29253.461038,3146.538962,2921.223308,31149.182420,17411.912857,519.812529,29373.960966,199.581852,6431.841249,-25.245375,0.018221,False,False,False,False,True,True,True,1-circle,1.000000,4708.615332,19949.250374,0.616595,-0.272031,100.000000,100.000000,0.000000,0.000000,2,4,4,0.0000,0.0000,0.0000,0.5000,"PursuitChaseOptimal",-0.008542
3018,B0100,aggressive,UNKNOWN,16015.673289,29253.461038,3146.538962,2921.223308,31149.182420,17411.912857,519.812529,29373.960966,199.581852,6431.841249,-25.245375,0.018221,False,False,False,False,True,True,True,1-circle,1.000000,4708.615332,19949.250374,0.616595,-0.272031,100.000000,100.000000,0.000000,0.000000,2,4,4,0.0000,0.0000,0.0000,0.5000,"Accelerate",0.003951
3019,A0100,pursuit_chase_v1,UNKNOWN,16015.673289,29253.461038,3146.538962,2921.223308,31149.182420,17411.912857,519.812529,29373.960966,199.581852,6431.841249,-25.245375,0.018221,False,False,False,False,True,True,True,1-circle,1.000000,4708.615332,19949.250374,0.616595,-0.272031,100.000000,100.000000,0.000000,0.000000,2,4,4,0.0000,0.0000,0.0000,0.5000,"PursuitChaseOptimal",0.001695
3019,B0100,aggressive,UNKNOWN,16015.673289,29253.461038,3146.538962,2921.223308,31149.182420,17411.912857,519.812529,29373.960966,199.581852,6431.841249,-25.245375,0.018221,False,False,False,False,True,True,True,1-circle,1.000000,4708.615332,19949.250374,0.616595,-0.272031,100.000000,100.000000,0.000000,0.000000,2,4,4,0.0000,0.0000,0.0000,0.5000,"Accelerate",-0.005838
3020,A0100,pursuit_chase_v1,UNKNOWN,16021.567510,29267.671389,3132.328611,2900.679863,31170.828423,17412.530602,519.815536,29374.717099,15.122650,6435.454163,-25.573083,0.044970,False,False,False,False,True,True,True,1-circle,1.000000,4713.343871,19571.139141,-1.521500,-0.039530,100.000000,100.000000,0.000000,0.000000,2,4,4,0.0000,0.0000,0.0000,0.5000,"PursuitChaseOptimal",0.013629
3020,B0100,aggressive,UNKNOWN,16021.567510,29267.671389,3132.328611,2900.679863,31170.828423,17412.530602,519.815536,29374.717099,15.122650,6435.454163,-25.573083,0.044970,False,False,False,False,True,True,True,1-circle,1.000000,4713.343871,19571.139141,-1.521500,-0.039530,100.000000,100.000000,0.000000,0.000000,2,4,4,0.0000,0.0000,0.0000,0.5000,"Accelerate",-0.017677
3021,A0100,pursuit_chase_v1,UNKNOWN,16021.567510,29267.671389,3132.328611,2900.679863,31170.828423,17412.530602,519.815536,29374.717099,15.122650,6435.454163,-25.573083,0.044970,False,False,False,False,True,True,True,1-circle,1.000000,4713.343871,19571.139141,-1.521500,-0.039530,100.000000,100.000000,0.000000,0.000000,2,4,4,0.0000,0.0000,0.0000,0.5000,"PursuitChaseOptimal",0.024582
3021,B0100,aggressive,UNKNOWN,16021.567510,29267.671389,3132.328611,2900.679863,31170.828423,17412.530602,519.815536,29374.717099,15.122650,6435.454163,-25.573083,0.044970,False,False,False,False,True,True,True,1-circle,1.000000,4713.343871,19571.139141,-1.521500,-0.039530,100.000000,100.000000,0.000000,0.000000,2,4,4,0.0000,0.0000,0.0000,0.5000,"Accelerate",-0.028170
3022,A0100,pursuit_chase_v1,UNKNOWN,16027.503153,29266.805798,3133.194202,2900.625177,31186.326341,17413.159086,519.982907,29383.050012,166.658259,6450.143633,-26.288543,0.000223,False,False,False,False,True,True,True,1-circle,1.000000,4717.912923,19850.287765,-0.007534,-0.140053,100.000000,100.000000,0.000000,0.000000,2,4,4,0.0000,0.0000,0.0000,0.5000,"PursuitChaseOptimal",0.025953
3022,B0100,aggressive,UNKNOWN,16027.503153,29266.805798,3133.194202,2900.625177,31186.326341,17413.159086,519.982907,29383.050012,166.658259,6450.143633,-26.288543,0.000223,False,False,False,False,True,True,True,1-circle,1.000000,4717.912923,19850.287765,-0.007534,-0.140053,100.000000,100.000000,0.000000,0.000000,2,4,4,0.0000,0.0000,0.0000,0.5000,"Accelerate",-0.029179
3023,A0100,pursuit_chase_v1,UNKNOWN,16027.503153,29266.805798,3133.194202,2900.625177,31186.326341,17413.159086,519.982907,29383.050012,166.658259,6450.143633,-26.288543,0.000223,False,False,False,False,True,True,True,1-circle,1.000000,4717.912923,19850.287765,-0.007534,-0.140053,100.000000,100.000000,0.000000,0.000000,2,4,4,0.0000,0.0000,0.0000,0.5000,"PursuitChaseOptimal",0.019729
3023,B0100,aggressive,UNKNOWN,16027.503153,29266.805798,3133.194202,2900.625177,31186.326341,17413.159086,519.982907,29383.050012,166.658259,6450.143633,-26.288543,0.000223,False,False,False,False,True,True,True,1-circle,1.000000,4717.912923,19850.287765,-0.007534,-0.140053,100.000000,100.000000,0.000000,0.000000,2,4,4,0.0000,0.0000,0.0000,0.5000,"Accelerate",-0.023002
3024,A0100,pursuit_chase_v1,UNKNOWN,16033.514556,29280.412177,3119.587823,2892.530766,31210.170070,17413.788443,519.963295,29382.776467,-5.470902,6461.833903,-27.318926,0.062730,False,False,False,False,True,True,True,1-circle,1.000000,4722.166819,19476.008921,-2.122515,-0.188371,100.000000,100.000000,0.000000,0.000000,2,4,4,0.0000,0.0000,0.0000,0.5000,"PursuitChaseOptimal",0.008483
3024,B0100,aggressive,UNKNOWN,16033.514556,29280.412177,3119.587823,2892.530766,31210.170070,17413.788443,519.963295,29382.776467,-5.470902,6461.833903,-27.318926,0.062730,False,False,False,False,True,True,True,1-circle,1.000000,4722.166819,19476.008921,-2.122515,-0.188371,100.000000,100.000000,0.000000,0.000000,2,4,4,0.0000,0.0000,0.0000,0.5000,"Accelerate",-0.012656
3025,A0100,pursuit_chase_v1,UNKNOWN,16033.514556,29280.412177,3119.587823,2892.530766,31210.170070,17413.788443,519.963295,29382.776467,-5.470902,6461.833903,-27.318926,0.062730,False,False,False,False,True,True,True,1-circle,1.000000,4722.166819,19476.008921,-2.122515,-0.188371,100.000000,100.000000,0.000000,0.000000,2,4,4,0.0000,0.0000,0.0000,0.5000,"PursuitChaseOptimal",-0.006407
3025,B0100,aggressive,UNKNOWN,16033.514556,29280.412177,3119.587823,2892.530766,31210.170070,17413.788443,519.963295,29382.776467,-5.470902,6461.833903,-27.318926,0.062730,False,False,False,False,True,True,True,1-circle,1.000000,4722.166819,19476.008921,-2.122515,-0.188371,100.000000,100.000000,0.000000,0.000000,2,4,4,0.0000,0.0000,0.0000,0.5000,"Accelerate",0.001082
3026,A0100,pursuit_chase_v1,UNKNOWN,16039.596814,29278.225424,3121.774576,2890.074678,31227.529404,17414.427181,520.155264,29392.254673,189.564130,6478.372531,-27.811199,0.011527,False,False,False,False,True,True,True,1-circle,1.000000,4726.189368,19794.058098,-0.390338,-0.047725,100.000000,100.000000,0.000000,0.000000,2,4,4,0.0000,0.0000,0.0000,0.5000,"PursuitChaseOptimal",-0.017937
3026,B0100,aggressive,UNKNOWN,16039.596814,29278.225424,3121.774576,2890.074678,31227.529404,17414.427181,520.155264,29392.254673,189.564130,6478.372531,-27.811199,0.011527,False,False,False,False,True,True,True,1-circle,1.000000,4726.189368,19794.058098,-0.390338,-0.047725,100.000000,100.000000,0.000000,0.000000,2,4,4,0.0000,0.0000,0.0000,0.5000,"Accelerate",0.012352
3027,A0100,pursuit_chase_v1,UNKNOWN,16039.596814,29278.225424,3121.774576,2890.074678,31227.529404,17414.427181,520.155264,29392.254673,189.564130,6478.372531,-27.811199,0.011527,False,False,False,False,True,True,True,1-circle,1.000000,4726.189368,19794.058098,-0.390338,-0.047725,100.000000,100.000000,0.000000,0.000000,2,4,4,0.0000,0.0000,0.0000,0.5000,"PursuitChaseOptimal",-0.024876
3027,B0100,aggressive,UNKNOWN,16039.596814,29278.225424,3121.774576,2890.074678,31227.529404,17414.427181,520.155264,29392.254673,189.564130,6478.372531,-27.811199,0.011527,False,False,False,False,True,True,True,1-circle,1.000000,4726.189368,19794.058098,-0.390338,-0.047725,100.000000,100.000000,0.000000,0.000000,2,4,4,0.0000,0.0000,0.0000,0.5000,"Accelerate",0.019459
3028,A0100,pursuit_chase_v1,UNKNOWN,16045.758675,29287.327849,3112.672151,2883.785778,31247.936031,17415.005659,520.212577,29395.472857,64.363673,6488.661030,-28.148592,0.004065,False,False,False,False,True,True,True,1-circle,1.000000,4730.258827,19895.387657,0.137676,-0.157750,100.000000,100.000000,0.000000,0.000000,2,4,4,0.0000,0.0000,0.0000,0.5000,"PursuitChaseOptimal",-0.015183
3028,B0100,aggressive,UNKNOWN,16045.758675,29287.327849,3112.672151,2883.785778,31247.936031,17415.005659,520.212577,29395.472857,64.363673,6488.661030,-28.148592,0.004065,False,False,False,False,True,True,True,1-circle,1.000000,4730.258827,19895.387657,0.137676,-0.157750,100.000000,100.000000,0.000000,0.000000,2,4,4,0.0000,0.0000,0.0000,0.5000,"Accelerate",0.010272
3029,A0100,pursuit_chase_v1,UNKNOWN,16045.758675,29287.327849,3112.672151,2883.785778,31247.936031,17415.005659,520.212577,29395.472857,64.363673,6488.661030,-28.148592,0.004065,False,False,False,False,True,True,True,1-circle,1.000000,4730.258827,19895.387657,0.137676,-0.157750,100.000000,100.000000,0.000000,0.000000,2,4,4,0.0000,0.0000,0.0000,0.5000,"PursuitChaseOptimal",0.002820
3029,B0100,aggressive,UNKNOWN,16045.758675,29287.327849,3112.672151,2883.785778,31247.936031,17415.005659,520.212577,29395.472857,64.363673,6488.661030,-28.148592,0.004065,False,False,False,False,True,True,True,1-circle,1.000000,4730.258827,19895.387657,0.137676,-0.157750,100.000000,100.000000,0.000000,0.000000,2,4,4,0.0000,0.0000,0.0000,0.5000,"Accelerate",-0.007229
3030,A0100,pursuit_chase_v1,UNKNOWN,16051.994829,29298.651096,3101.348904,2883.122460,31266.348846,17415.677254,520.322262,29401.197056,114.483996,6506.948500,-28.929209,0.028462,False,False,False,False,True,True,True,1-circle,1.000000,4734.257011,19703.318993,-0.964004,0.145635,100.000000,100.000000,0.000000,0.000000,2,4,4,0.0000,0.0000,0.0000,0.5000,"PursuitChaseOptimal",0.035163
3030,B0100,aggressive,UNKNOWN,16051.994829,29298.651096,3101.348904,2883.122460,31266.348846,17415.677254,520.322262,29401.197056,114.483996,6506.948500,-28.929209,0.028462,False,False,False,False,True,True,True,1-circle,1.000000,4734.257011,19703.318993,-0.964004,0.145635,100.000000,100.000000,0.000000,0.000000,2,4,4,0.0000,0.0000,0.0000,0.5000,"Accelerate",-0.038231
3031,A0100,pursuit_chase_v1,UNKNOWN,16051.994829,29298.651096,3101.348904,2883.122460,31266.348846,17415.677254,520.322262,29401.197056,114.483996,6506.948500,-28.929209,0.028462,False,False,False,False,True,True,True,1-circle,1.000000,4734.257011,19703.318993,-0.964004,0.145635,100.000000,100.000000,0.000000,0.000000,2,4,4,0.0000,0.0000,0.0000,0.5000,"PursuitChaseOptimal",0.064414
3031,B0100,aggressive,UNKNOWN,16051.994829,29298.651096,3101.348904,2883.122460,31266.348846,17415.677254,520.322262,29401.197056,114.483996,6506.948500,-28.929209,0.028462,False,False,False,False,True,True,True,1-circle,1.000000,4734.257011,19703.318993,-0.964004,0.145635,100.000000,100.000000,0.000000,0.000000,2,4,4,0.0000,0.0000,0.0000,0.5000,"Accelerate",-0.065505
3032,A0100,pursuit_chase_v1,UNKNOWN,16058.302612,29307.627903,3092.372097,2876.145985,31286.594843,17416.356700,520.417284,29406.254506,101.148990,6509.464763,-30.002827,0.013605,False,False,False,False,True,True,True,1-circle,1.000000,4737.957593,19799.906379,-0.460926,-0.038554,100.000000,100.000000,0.000000,0.000000,2,4,4,0.0000,0.0000,0.0000,0.5000,"PursuitChaseOptimal",0.074708
3032,B0100,aggressive,UNKNOWN,16058.302612,29307.627903,3092.372097,2876.145985,31286.594843,17416.356700,520.417284,29406.254506,101.148990,6509.464763,-30.002827,0.013605,False,False,False,False,True,True,True,1-circle,1.000000,4737.957593,19799.906379,-0.460926,-0.038554,100.000000,100.000000,0.000000,0.000000,2,4,4,0.0000,0.0000,0.0000,0.5000,"Accelerate",-0.074855
3033,A0100,pursuit_chase_v1,UNKNOWN,16058.302612,29307.627903,3092.372097,2876.145985,31286.594843,17416.356700,520.417284,29406.254506,101.148990,6509.464763,-30.002827,0.013605,False,False,False,False,True,True,True,1-circle,1.000000,4737.957593,19799.906379,-0.460926,-0.038554,100.000000,100.000000,0.000000,0.000000,2,4,4,0.0000,0.0000,0.0000,0.5000,"PursuitChaseOptimal",0.053985
3033,B0100,aggressive,UNKNOWN,16058.302612,29307.627903,3092.372097,2876.145985,31286.594843,17416.356700,520.417284,29406.254506,101.148990,6509.464763,-30.002827,0.013605,False,False,False,False,True,True,True,1-circle,1.000000,4737.957593,19799.906379,-0.460926,-0.038554,100.000000,100.000000,0.000000,0.000000,2,4,4,0.0000,0.0000,0.0000,0.5000,"Accelerate",-0.055518
3034,A0100,pursuit_chase_v1,UNKNOWN,16064.626603,29316.269862,3083.730138,2870.451367,31305.271695,17417.117947,520.479453,29409.880538,72.520640,6517.657167,-31.341839,0.046813,False,False,False,False,True,True,True,1-circle,1.000000,4740.962170,19602.987445,-1.585762,0.016987,100.000000,100.000000,0.000000,0.000000,2,4,4,0.0000,0.0000,0.0000,0.5000,"PursuitChaseOptimal",0.032761
3034,B0100,aggressive,UNKNOWN,16064.626603,29316.269862,3083.730138,2870.451367,31305.271695,17417.117947,520.479453,29409.880538,72.520640,6517.657167,-31.341839,0.046813,False,False,False,False,True,True,True,1-circle,1.000000,4740.962170,19602.987445,-1.585762,0.016987,100.000000,100.000000,0.000000,0.000000,2,4,4,0.0000,0.0000,0.0000,0.5000,"Accelerate",-0.035804
3035,A0100,pursuit_chase_v1,UNKNOWN,16064.626603,29316.269862,3083.730138,2870.451367,31305.271695,17417.117947,520.479453,29409.880538,72.520640,6517.657167,-31.341839,0.046813,False,False,False,False,True,True,True,1-circle,1.000000,4740.962170,19602.987445,-1.585762,0.016987,100.000000,100.000000,0.000000,0.000000,2,4,4,0.0000,0.0000,0.0000,0.5000,"PursuitChaseOptimal",0.015186
3035,B0100,aggressive,UNKNOWN,16064.626603,29316.269862,3083.730138,2870.451367,31305.271695,17417.117947,520.479453,29409.880538,72.520640,6517.657167,-31.341839,0.046813,False,False,False,False,True,True,True,1-circle,1.000000,4740.962170,19602.987445,-1.585762,0.016987,100.000000,100.000000,0.000000,0.000000,2,4,4,0.0000,0.0000,0.0000,0.5000,"Accelerate",-0.018967
3036,A0100,pursuit_chase_v1,UNKNOWN,16071.038069,29314.190745,3085.809255,2869.270468,31324.173302,17417.805789,520.678331,29419.735159,197.092418,6534.697777,-32.200223,0.029882,False,False,False,False,True,True,True,1-circle,1.000000,4743.585148,20076.008569,1.012770,-0.176869,100.000000,100.000000,0.000000,0.000000,2,4,4,0.0000,0.0000,0.0000,0.5000,"PursuitChaseOptimal",0.000877
3036,B0100,aggressive,UNKNOWN,16071.038069,29314.190745,3085.809255,2869.270468,31324.173302,17417.805789,520.678331,29419.735159,197.092418,6534.697777,-32.200223,0.029882,False,False,False,False,True,True,True,1-circle,1.000000,4743.585148,20076.008569,1.012770,-0.176869,100.000000,100.000000,0.000000,0.000000,2,4,4,0.0000,0.0000,0.0000,0.5000,"Accelerate",-0.005007
3037,A0100,pursuit_chase_v1,UNKNOWN,16071.038069,29314.190745,3085.809255,2869.270468,31324.173302,17417.805789,520.678331,29419.735159,197.092418,6534.697777,-32.200223,0.029882,False,False,False,False,True,True,True,1-circle,1.000000,4743.585148,20076.008569,1.012770,-0.176869,100.000000,100.000000,0.000000,0.000000,2,4,4,0.0000,0.0000,0.0000,0.5000,"PursuitChaseOptimal",-0.008421
3037,B0100,aggressive,UNKNOWN,16071.038069,29314.190745,3085.809255,2869.270468,31324.173302,17417.805789,520.678331,29419.735159,197.092418,6534.697777,-32.200223,0.029882,False,False,False,False,True,True,True,1-circle,1.000000,4743.585148,20076.008569,1.012770,-0.176869,100.000000,100.000000,0.000000,0.000000,2,4,4,0.0000,0.0000,0.0000,0.5000,"Accelerate",0.003786
3038,A0100,pursuit_chase_v1,UNKNOWN,16077.504948,29330.550636,3069.449364,2867.239524,31345.307095,17418.516012,520.690088,29420.987399,25.044811,6534.219574,-32.822700,0.033892,False,False,False,False,True,True,True,1-circle,1.000000,4745.993426,19692.088422,-1.148673,0.047203,100.000000,100.000000,0.000000,0.000000,2,4,4,0.0000,0.0000,0.0000,0.5000,"PursuitChaseOptimal",-0.002076
3038,B0100,aggressive,UNKNOWN,16077.504948,29330.550636,3069.449364,2867.239524,31345.307095,17418.516012,520.690088,29420.987399,25.044811,6534.219574,-32.822700,0.033892,False,False,False,False,True,True,True,1-circle,1.000000,4745.993426,19692.088422,-1.148673,0.047203,100.000000,100.000000,0.000000,0.000000,2,4,4,0.0000,0.0000,0.0000,0.5000,"Accelerate",-0.002486
3039,A0100,pursuit_chase_v1,UNKNOWN,16077.504948,29330.550636,3069.449364,2867.239524,31345.307095,17418.516012,520.690088,29420.987399,25.044811,6534.219574,-32.822700,0.033892,False,False,False,False,True,True,True,1-circle,1.000000,4745.993426,19692.088422,-1.148673,0.047203,100.000000,100.000000,0.000000,0.000000,2,4,4,0.0000,0.0000,0.0000,0.5000,"PursuitChaseOptimal",0.006200
3039,B0100,aggressive,UNKNOWN,16077.504948,29330.550636,3069.449364,2867.239524,31345.307095,17418.516012,520.690088,29420.987399,25.044811,6534.219574,-32.822700,0.033892,False,False,False,False,True,True,True,1-circle,1.000000,4745.993426,19692.088422,-1.148673,0.047203,100.000000,100.000000,0.000000,0.000000,2,4,4,0.0000,0.0000,0.0000,0.5000,"Accelerate",-0.010442
3040,A0100,pursuit_chase_v1,UNKNOWN,16084.013101,29334.957888,3065.042112,2869.117595,31361.648988,17419.280535,520.852037,29429.219296,164.637938,6528.321695,-33.163520,0.010300,False,False,False,False,True,True,True,1-circle,1.000000,4748.243257,19966.753146,0.349231,0.149652,100.000000,100.000000,0.000000,0.000000,2,4,4,0.0000,0.0000,0.0000,0.5000,"PursuitChaseOptimal",0.003676
3040,B0100,aggressive,UNKNOWN,16084.013101,29334.957888,3065.042112,2869.117595,31361.648988,17419.280535,520.852037,29429.219296,164.637938,6528.321695,-33.163520,0.010300,False,False,False,False,True,True,True,1-circle,1.000000,4748.243257,19966.753146,0.349231,0.149652,100.000000,100.000000,0.000000,0.000000,2,4,4,0.0000,0.0000,0.0000,0.5000,"Accelerate",-0.007670
3041,A0100,pursuit_chase_v1,UNKNOWN,16084.013101,29334.957888,3065.042112,2869.117595,31361.648988,17419.280535,520.852037,29429.219296,164.637938,6528.321695,-33.163520,0.010300,False,False,False,False,True,True,True,1-circle,1.000000,4748.243257,19966.753146,0.349231,0.149652,100.000000,100.000000,0.000000,0.000000,2,4,4,0.0000,0.0000,0.0000,0.5000,"PursuitChaseOptimal",-0.002161
3041,B0100,aggressive,UNKNOWN,16084.013101,29334.957888,3065.042112,2869.117595,31361.648988,17419.280535,520.852037,29429.219296,164.637938,6528.321695,-33.163520,0.010300,False,False,False,False,True,True,True,1-circle,1.000000,4748.243257,19966.753146,0.349231,0.149652,100.000000,100.000000,0.000000,0.000000,2,4,4,0.0000,0.0000,0.0000,0.5000,"Accelerate",-0.002090
3042,A0100,pursuit_chase_v1,UNKNOWN,16090.515948,29350.980061,3049.019939,2865.330254,31383.671501,17420.086282,520.846833,29429.785016,11.314385,6507.617033,-33.469732,0.052785,False,False,False,False,True,True,True,1-circle,1.000000,4750.292374,19586.762688,-1.789169,-0.001623,100.000000,100.000000,0.000000,0.000000,2,4,4,0.0000,0.0000,0.0000,0.5000,"PursuitChaseOptimal",-0.017981
3042,B0100,aggressive,UNKNOWN,16090.515948,29350.980061,3049.019939,2865.330254,31383.671501,17420.086282,520.846833,29429.785016,11.314385,6507.617033,-33.469732,0.052785,False,False,False,False,True,True,True,1-circle,1.000000,4750.292374,19586.762688,-1.789169,-0.001623,100.000000,100.000000,0.000000,0.000000,2,4,4,0.0000,0.0000,0.0000,0.5000,"Accelerate",0.012242
3043,A0100,pursuit_chase_v1,UNKNOWN,16090.515948,29350.980061,3049.019939,2865.330254,31383.671501,17420.086282,520.846833,29429.785016,11.314385,6507.617033,-33.469732,0.052785,False,False,False,False,True,True,True,1-circle,1.000000,4750.292374,19586.762688,-1.789169,-0.001623,100.000000,100.000000,0.000000,0.000000,2,4,4,0.0000,0.0000,0.0000,0.5000,"PursuitChaseOptimal",-0.029632
3043,B0100,aggressive,UNKNOWN,16090.515948,29350.980061,3049.019939,2865.330254,31383.671501,17420.086282,520.846833,29429.785016,11.314385,6507.617033,-33.469732,0.052785,False,False,False,False,True,True,True,1-circle,1.000000,4750.292374,19586.762688,-1.789169,-0.001623,100.000000,100.000000,0.000000,0.000000,2,4,4,0.0000,0.0000,0.0000,0.5000,"Accelerate",0.023080
3044,A0100,pursuit_chase_v1,UNKNOWN,16097.041362,29350.707188,3049.292812,2870.964793,31399.075380,17420.914894,521.013828,29438.316038,170.620456,6510.844028,-33.620868,0.008468,False,False,False,False,True,True,True,1-circle,1.000000,4752.268760,19862.005785,-0.287197,-0.012665,100.000000,100.000000,0.000000,0.000000,2,4,4,0.0000,0.0000,0.0000,0.5000,"PursuitChaseOptimal",-0.028565
3044,B0100,aggressive,UNKNOWN,16097.041362,29350.707188,3049.292812,2870.964793,31399.075380,17420.914894,521.013828,29438.316038,170.620456,6510.844028,-33.620868,0.008468,False,False,False,False,True,True,True,1-circle,1.000000,4752.268760,19862.005785,-0.287197,-0.012665,100.000000,100.000000,0.000000,0.000000,2,4,4,0.0000,0.0000,0.0000,0.5000,"Accelerate",0.022305
3045,A0100,pursuit_chase_v1,UNKNOWN,16097.041362,29350.707188,3049.292812,2870.964793,31399.075380,17420.914894,521.013828,29438.316038,170.620456,6510.844028,-33.620868,0.008468,False,False,False,False,True,True,True,1-circle,1.000000,4752.268760,19862.005785,-0.287197,-0.012665,100.000000,100.000000,0.000000,0.000000,2,4,4,0.0000,0.0000,0.0000,0.5000,"PursuitChaseOptimal",-0.012231
3045,B0100,aggressive,UNKNOWN,16097.041362,29350.707188,3049.292812,2870.964793,31399.075380,17420.914894,521.013828,29438.316038,170.620456,6510.844028,-33.620868,0.008468,False,False,False,False,True,True,True,1-circle,1.000000,4752.268760,19862.005785,-0.287197,-0.012665,100.000000,100.000000,0.000000,0.000000,2,4,4,0.0000,0.0000,0.0000,0.5000,"Accelerate",0.006893
3046,A0100,pursuit_chase_v1,UNKNOWN,16103.616453,29359.193877,3040.806123,2866.945817,31422.802753,17421.724700,521.054493,29441.001797,53.715175,6503.337439,-33.778609,0.071632,False,False,False,False,True,True,True,1-circle,1.000000,4754.329534,19481.569384,-2.428283,-0.249274,100.000000,100.000000,0.000000,0.000000,2,4,4,0.0000,0.0000,0.0000,0.5000,"PursuitChaseOptimal",-0.001784
3046,B0100,aggressive,UNKNOWN,16103.616453,29359.193877,3040.806123,2866.945817,31422.802753,17421.724700,521.054493,29441.001797,53.715175,6503.337439,-33.778609,0.071632,False,False,False,False,True,True,True,1-circle,1.000000,4754.329534,19481.569384,-2.428283,-0.249274,100.000000,100.000000,0.000000,0.000000,2,4,4,0.0000,0.0000,0.0000,0.5000,"Accelerate",-0.003376
3047,A0100,pursuit_chase_v1,UNKNOWN,16103.616453,29359.193877,3040.806123,2866.945817,31422.802753,17421.724700,521.054493,29441.001797,53.715175,6503.337439,-33.778609,0.071632,False,False,False,False,True,True,True,1-circle,1.000000,4754.329534,19481.569384,-2.428283,-0.249274,100.000000,100.000000,0.000000,0.000000,2,4,4,0.0000,0.0000,0.0000,0.5000,"PursuitChaseOptimal",0.003485
3047,B0100,aggressive,UNKNOWN,16103.616453,29359.193877,3040.806123,2866.945817,31422.802753,17421.724700,521.054493,29441.001797,53.715175,6503.337439,-33.778609,0.071632,False,False,False,False,True,True,True,1-circle,1.000000,4754.329534,19481.569384,-2.428283,-0.249274,100.000000,100.000000,0.000000,0.000000,2,4,4,0.0000,0.0000,0.0000,0.5000,"Accelerate",-0.008713
3048,A0100,pursuit_chase_v1,UNKNOWN,16110.207570,29348.242410,3051.757590,2870.402938,31439.724341,17422.456198,521.263244,29451.365863,207.281318,6494.378058,-33.807060,0.020344,False,False,False,False,True,True,True,1-circle,1.000000,4756.398717,19799.389309,-0.690300,-0.421554,100.000000,100.000000,0.000000,0.000000,2,4,4,0.0000,0.0000,0.0000,0.5000,"PursuitChaseOptimal",0.000766
3048,B0100,aggressive,UNKNOWN,16110.207570,29348.242410,3051.757590,2870.402938,31439.724341,17422.456198,521.263244,29451.365863,207.281318,6494.378058,-33.807060,0.020344,False,False,False,False,True,True,True,1-circle,1.000000,4756.398717,19799.389309,-0.690300,-0.421554,100.000000,100.000000,0.000000,0.000000,2,4,4,0.0000,0.0000,0.0000,0.5000,"Accelerate",-0.005813
3049,A0100,pursuit_chase_v1,UNKNOWN,16110.207570,29348.242410,3051.757590,2870.402938,31439.724341,17422.456198,521.263244,29451.365863,207.281318,6494.378058,-33.807060,0.020344,False,False,False,False,True,True,True,1-circle,1.000000,4756.398717,19799.389309,-0.690300,-0.421554,100.000000,100.000000,0.000000,0.000000,2,4,4,0.0000,0.0000,0.0000,0.5000,"PursuitChaseOptimal",-0.015980
3049,B0100,aggressive,UNKNOWN,16110.207570,29348.242410,3051.757590,2870.402938,31439.724341,17422.456198,521.263244,29451.365863,207.281318,6494.378058,-33.807060,0.020344,False,False,False,False,True,True,True,1-circle,1.000000,4756.398717,19799.389309,-0.690300,-0.421554,100.000000,100.000000,0.000000,0.000000,2,4,4,0.0000,0.0000,0.0000,0.5000,"Accelerate",0.010532
3050,A0100,pursuit_chase_v1,UNKNOWN,16116.815018,29350.384857,3049.615143,2867.726893,31460.145285,17423.038227,521.299732,29453.631974,45.322222,6483.725162,-33.917803,0.005061,False,False,False,False,True,True,True,1-circle,1.000000,4758.485687,19897.745762,-0.171737,-0.384370,100.000000,100.000000,0.000000,0.000000,2,4,4,0.0000,0.0000,0.0000,0.5000,"PursuitChaseOptimal",-0.027867
3050,B0100,aggressive,UNKNOWN,16116.815018,29350.384857,3049.615143,2867.726893,31460.145285,17423.038227,521.299732,29453.631974,45.322222,6483.725162,-33.917803,0.005061,False,False,False,False,True,True,True,1-circle,1.000000,4758.485687,19897.745762,-0.171737,-0.384370,100.000000,100.000000,0.000000,0.000000,2,4,4,0.0000,0.0000,0.0000,0.5000,"Accelerate",0.021867
3051,A0100,pursuit_chase_v1,UNKNOWN,16116.815018,29350.384857,3049.615143,2867.726893,31460.145285,17423.038227,521.299732,29453.631974,45.322222,6483.725162,-33.917803,0.005061,False,False,False,False,True,True,True,1-circle,1.000000,4758.485687,19897.745762,-0.171737,-0.384370,100.000000,100.000000,0.000000,0.000000,2,4,4,0.0000,0.0000,0.0000,0.5000,"PursuitChaseOptimal",-0.030042
3051,B0100,aggressive,UNKNOWN,16116.815018,29350.384857,3049.615143,2867.726893,31460.145285,17423.038227,521.299732,29453.631974,45.322222,6483.725162,-33.917803,0.005061,False,False,False,False,True,True,True,1-circle,1.000000,4758.485687,19897.745762,-0.171737,-0.384370,100.000000,100.000000,0.000000,0.000000,2,4,4,0.0000,0.0000,0.0000,0.5000,"Accelerate",0.023643
3052,A0100,pursuit_chase_v1,UNKNOWN,16123.448659,29357.872632,3042.127368,2869.507047,31478.391588,17423.654595,521.389620,29458.397572,95.311950,6481.182694,-34.050699,0.038383,False,False,False,False,True,True,True,1-circle,1.000000,4760.564400,19699.224491,-1.302531,-0.021235,100.000000,100.000000,0.000000,0.000000,2,4,4,0.0000,0.0000,0.0000,0.5000,"PursuitChaseOptimal",-0.017774
3052,B0100,aggressive,UNKNOWN,16123.448659,29357.872632,3042.127368,2869.507047,31478.391588,17423.654595,521.389620,29458.397572,95.311950,6481.182694,-34.050699,0.038383,False,False,False,False,True,True,True,1-circle,1.000000,4760.564400,19699.224491,-1.302531,-0.021235,100.000000,100.000000,0.000000,0.000000,2,4,4,0.0000,0.0000,0.0000,0.5000,"Accelerate",0.011929
3053,A0100,pursuit_chase_v1,UNKNOWN,16123.448659,29357.872632,3042.127368,2869.507047,31478.391588,17423.654595,521.389620,29458.397572,95.311950,6481.182694,-34.050699,0.038383,False,False,False,False,True,True,True,1-circle,1.000000,4760.564400,19699.224491,-1.302531,-0.021235,100.000000,100.000000,0.000000,0.000000,2,4,4,0.0000,0.0000,0.0000,0.5000,"PursuitChaseOptimal",-0.006214
3053,B0100,aggressive,UNKNOWN,16123.448659,29357.872632,3042.127368,2869.507047,31478.391588,17423.654595,521.389620,29458.397572,95.311950,6481.182694,-34.050699,0.038383,False,False,False,False,True,True,True,1-circle,1.000000,4760.564400,19699.224491,-1.302531,-0.021235,100.000000,100.000000,0.000000,0.000000,2,4,4,0.0000,0.0000,0.0000,0.5000,"Accelerate",0.001362
3054,A0100,pursuit_chase_v1,UNKNOWN,16130.115535,29364.353655,3035.646345,2867.352124,31498.901170,17424.245227,521.467748,29462.595174,83.952046,6469.147128,-34.184863,0.021200,False,False,False,False,True,True,True,1-circle,1.000000,4762.709989,19809.234635,-0.719626,-0.176258,100.000000,100.000000,0.000000,0.000000,2,4,4,0.0000,0.0000,0.0000,0.5000,"PursuitChaseOptimal",-0.001981
3054,B0100,aggressive,UNKNOWN,16130.115535,29364.353655,3035.646345,2867.352124,31498.901170,17424.245227,521.467748,29462.595174,83.952046,6469.147128,-34.184863,0.021200,False,False,False,False,True,True,True,1-circle,1.000000,4762.709989,19809.234635,-0.719626,-0.176258,100.000000,100.000000,0.000000,0.000000,2,4,4,0.0000,0.0000,0.0000,0.5000,"Accelerate",-0.002490
3055,A0100,pursuit_chase_v1,UNKNOWN,16130.115535,29364.353655,3035.646345,2867.352124,31498.901170,17424.245227,521.467748,29462.595174,83.952046,6469.147128,-34.184863,0.021200,False,False,False,False,True,True,True,1-circle,1.000000,4762.709989,19809.234635,-0.719626,-0.176258,100.000000,100.000000,0.000000,0.000000,2,4,4,0.0000,0.0000,0.0000,0.5000,"PursuitChaseOptimal",-0.014895
3055,B0100,aggressive,UNKNOWN,16130.115535,29364.353655,3035.646345,2867.352124,31498.901170,17424.245227,521.467748,29462.595174,83.952046,6469.147128,-34.184863,0.021200,False,False,False,False,True,True,True,1-circle,1.000000,4762.709989,19809.234635,-0.719626,-0.176258,100.000000,100.000000,0.000000,0.000000,2,4,4,0.0000,0.0000,0.0000,0.5000,"Accelerate",0.009225
3056,A0100,pursuit_chase_v1,UNKNOWN,16136.768758,29371.085962,3028.914038,2865.907716,31517.536820,17424.897552,521.516491,29465.498123,58.058989,6454.566998,-34.307267,0.057554,False,False,False,False,True,True,True,1-circle,1.000000,4764.711332,19592.206826,-1.953124,-0.098063,100.000000,100.000000,0.000000,0.000000,2,4,4,0.0000,0.0000,0.0000,0.5000,"PursuitChaseOptimal",-0.028307
3056,B0100,aggressive,UNKNOWN,16136.768758,29371.085962,3028.914038,2865.907716,31517.536820,17424.897552,521.516491,29465.498123,58.058989,6454.566998,-34.307267,0.057554,False,False,False,False,True,True,True,1-circle,1.000000,4764.711332,19592.206826,-1.953124,-0.098063,100.000000,100.000000,0.000000,0.000000,2,4,4,0.0000,0.0000,0.0000,0.5000,"Accelerate",0.021542
3057,A0100,pursuit_chase_v1,UNKNOWN,16136.768758,29371.085962,3028.914038,2865.907716,31517.536820,17424.897552,521.516491,29465.498123,58.058989,6454.566998,-34.307267,0.057554,False,False,False,False,True,True,True,1-circle,1.000000,4764.711332,19592.206826,-1.953124,-0.098063,100.000000,100.000000,0.000000,0.000000,2,4,4,0.0000,0.0000,0.0000,0.5000,"PursuitChaseOptimal",-0.027233
3057,B0100,aggressive,UNKNOWN,16136.768758,29371.085962,3028.914038,2865.907716,31517.536820,17424.897552,521.516491,29465.498123,58.058989,6454.566998,-34.307267,0.057554,False,False,False,False,True,True,True,1-circle,1.000000,4764.711332,19592.206826,-1.953124,-0.098063,100.000000,100.000000,0.000000,0.000000,2,4,4,0.0000,0.0000,0.0000,0.5000,"Accelerate",0.020831
3058,A0100,pursuit_chase_v1,UNKNOWN,16143.474418,29367.290352,3032.709648,2867.945764,31536.592374,17425.464446,521.703715,29474.711717,184.271872,6460.521917,-34.403683,0.019709,False,False,False,False,True,True,True,1-circle,1.000000,4766.823150,20069.335227,0.669290,-0.280685,100.000000,100.000000,0.000000,0.000000,2,4,4,0.0000,0.0000,0.0000,0.5000,"PursuitChaseOptimal",-0.010604
3058,B0100,aggressive,UNKNOWN,16143.474418,29367.290352,3032.709648,2867.945764,31536.592374,17425.464446,521.703715,29474.711717,184.271872,6460.521917,-34.403683,0.019709,False,False,False,False,True,True,True,1-circle,1.000000,4766.823150,20069.335227,0.669290,-0.280685,100.000000,100.000000,0.000000,0.000000,2,4,4,0.0000,0.0000,0.0000,0.5000,"Accelerate",0.005610
3059,A0100,pursuit_chase_v1,UNKNOWN,16143.474418,29367.290352,3032.709648,2867.945764,31536.592374,17425.464446,521.703715,29474.711717,184.271872,6460.521917,-34.403683,0.019709,False,False,False,False,True,True,True,1-circle,1.000000,4766.823150,20069.335227,0.669290,-0.280685,100.000000,100.000000,0.000000,0.000000,2,4,4,0.0000,0.0000,0.0000,0.5000,"PursuitChaseOptimal",-0.000831
3059,B0100,aggressive,UNKNOWN,16143.474418,29367.290352,3032.709648,2867.945764,31536.592374,17425.464446,521.703715,29474.711717,184.271872,6460.521917,-34.403683,0.019709,False,False,False,False,True,True,True,1-circle,1.000000,4766.823150,20069.335227,0.669290,-0.280685,100.000000,100.000000,0.000000,0.000000,2,4,4,0.0000,0.0000,0.0000,0.5000,"Accelerate",-0.003568
3060,A0100,pursuit_chase_v1,UNKNOWN,16150.204416,29382.455510,3017.544490,2863.011622,31557.965277,17426.047925,521.706086,29475.404700,13.859662,6443.294329,-34.675653,0.044167,False,False,False,False,True,True,True,1-circle,1.000000,4768.922471,19684.036579,-1.499582,-0.046155,100.000000,100.000000,0.000000,0.000000,2,4,4,0.0000,0.0000,0.0000,0.5000,"PursuitChaseOptimal",0.003146
3060,B0100,aggressive,UNKNOWN,16150.204416,29382.455510,3017.544490,2863.011622,31557.965277,17426.047925,521.706086,29475.404700,13.859662,6443.294329,-34.675653,0.044167,False,False,False,False,True,True,True,1-circle,1.000000,4768.922471,19684.036579,-1.499582,-0.046155,100.000000,100.000000,0.000000,0.000000,2,4,4,0.0000,0.0000,0.0000,0.5000,"Accelerate",-0.007649
3061,A0100,pursuit_chase_v1,UNKNOWN,16150.204416,29382.455510,3017.544490,2863.011622,31557.965277,17426.047925,521.706086,29475.404700,13.859662,6443.294329,-34.675653,0.044167,False,False,False,False,True,True,True,1-circle,1.000000,4768.922471,19684.036579,-1.499582,-0.046155,100.000000,100.000000,0.000000,0.000000,2,4,4,0.0000,0.0000,0.0000,0.5000,"PursuitChaseOptimal",0.000569
3061,B0100,aggressive,UNKNOWN,16150.204416,29382.455510,3017.544490,2863.011622,31557.965277,17426.047925,521.706086,29475.404700,13.859662,6443.294329,-34.675653,0.044167,False,False,False,False,True,True,True,1-circle,1.000000,4768.922471,19684.036579,-1.499582,-0.046155,100.000000,100.000000,0.000000,0.000000,2,4,4,0.0000,0.0000,0.0000,0.5000,"Accelerate",-0.005381
3062,A0100,pursuit_chase_v1,UNKNOWN,16156.928937,29385.950919,3014.049081,2864.153420,31574.404330,17426.683297,521.856724,29482.999403,151.894055,6432.301693,-34.949421,0.000507,False,False,False,False,True,True,True,1-circle,1.000000,4770.828349,19962.046818,0.017233,0.061374,100.000000,100.000000,0.000000,0.000000,2,4,4,0.0000,0.0000,0.0000,0.5000,"PursuitChaseOptimal",-0.015895
3062,B0100,aggressive,UNKNOWN,16156.928937,29385.950919,3014.049081,2864.153420,31574.404330,17426.683297,521.856724,29482.999403,151.894055,6432.301693,-34.949421,0.000507,False,False,False,False,True,True,True,1-circle,1.000000,4770.828349,19962.046818,0.017233,0.061374,100.000000,100.000000,0.000000,0.000000,2,4,4,0.0000,0.0000,0.0000,0.5000,"Accelerate",0.010637
3063,A0100,pursuit_chase_v1,UNKNOWN,16156.928937,29385.950919,3014.049081,2864.153420,31574.404330,17426.683297,521.856724,29482.999403,151.894055,6432.301693,-34.949421,0.000507,False,False,False,False,True,True,True,1-circle,1.000000,4770.828349,19962.046818,0.017233,0.061374,100.000000,100.000000,0.000000,0.000000,2,4,4,0.0000,0.0000,0.0000,0.5000,"PursuitChaseOptimal",-0.027318
3063,B0100,aggressive,UNKNOWN,16156.928937,29385.950919,3014.049081,2864.153420,31574.404330,17426.683297,521.856724,29482.999403,151.894055,6432.301693,-34.949421,0.000507,False,False,False,False,True,True,True,1-circle,1.000000,4770.828349,19962.046818,0.017233,0.061374,100.000000,100.000000,0.000000,0.000000,2,4,4,0.0000,0.0000,0.0000,0.5000,"Accelerate",0.021577
3064,A0100,pursuit_chase_v1,UNKNOWN,16163.670613,29401.007933,2998.992067,2860.259477,31596.619123,17427.359326,521.841669,29482.979773,-0.392587,6422.659300,-35.184060,0.062597,False,False,False,False,True,True,True,1-circle,1.000000,4772.630805,19581.294369,-2.125411,-0.085028,100.000000,100.000000,0.000000,0.000000,2,4,4,0.0000,0.0000,0.0000,0.5000,"PursuitChaseOptimal",-0.026300
3064,B0100,aggressive,UNKNOWN,16163.670613,29401.007933,2998.992067,2860.259477,31596.619123,17427.359326,521.841669,29482.979773,-0.392587,6422.659300,-35.184060,0.062597,False,False,False,False,True,True,True,1-circle,1.000000,4772.630805,19581.294369,-2.125411,-0.085028,100.000000,100.000000,0.000000,0.000000,2,4,4,0.0000,0.0000,0.0000,0.5000,"Accelerate",0.020098
3065,A0100,pursuit_chase_v1,UNKNOWN,16163.670613,29401.007933,2998.992067,2860.259477,31596.619123,17427.359326,521.841669,29482.979773,-0.392587,6422.659300,-35.184060,0.062597,False,False,False,False,True,True,True,1-circle,1.000000,4772.630805,19581.294369,-2.125411,-0.085028,100.000000,100.000000,0.000000,0.000000,2,4,4,0.0000,0.0000,0.0000,0.5000,"PursuitChaseOptimal",-0.010809
3065,B0100,aggressive,UNKNOWN,16163.670613,29401.007933,2998.992067,2860.259477,31596.619123,17427.359326,521.841669,29482.979773,-0.392587,6422.659300,-35.184060,0.062597,False,False,False,False,True,True,True,1-circle,1.000000,4772.630805,19581.294369,-2.125411,-0.085028,100.000000,100.000000,0.000000,0.000000,2,4,4,0.0000,0.0000,0.0000,0.5000,"Accelerate",0.004981
3066,A0100,pursuit_chase_v1,UNKNOWN,16170.449096,29397.390241,3002.609759,2862.116181,31613.621986,17428.053570,522.037297,29492.714544,194.695401,6424.425455,-35.300258,0.010583,False,False,False,False,True,True,True,1-circle,1.000000,4774.470393,19904.099983,-0.359620,-0.090177,100.000000,100.000000,0.000000,0.000000,2,4,4,0.0000,0.0000,0.0000,0.5000,"PursuitChaseOptimal",-0.001085
3066,B0100,aggressive,UNKNOWN,16170.449096,29397.390241,3002.609759,2862.116181,31613.621986,17428.053570,522.037297,29492.714544,194.695401,6424.425455,-35.300258,0.010583,False,False,False,False,True,True,True,1-circle,1.000000,4774.470393,19904.099983,-0.359620,-0.090177,100.000000,100.000000,0.000000,0.000000,2,4,4,0.0000,0.0000,0.0000,0.5000,"Accelerate",-0.003974
3067,A0100,pursuit_chase_v1,UNKNOWN,16170.449096,29397.390241,3002.609759,2862.116181,31613.621986,17428.053570,522.037297,29492.714544,194.695401,6424.425455,-35.300258,0.010583,False,False,False,False,True,True,True,1-circle,1.000000,4774.470393,19904.099983,-0.359620,-0.090177,100.000000,100.000000,0.000000,0.000000,2,4,4,0.0000,0.0000,0.0000,0.5000,"PursuitChaseOptimal",0.003629
3067,B0100,aggressive,UNKNOWN,16170.449096,29397.390241,3002.609759,2862.116181,31613.621986,17428.053570,522.037297,29492.714544,194.695401,6424.425455,-35.300258,0.010583,False,False,False,False,True,True,True,1-circle,1.000000,4774.470393,19904.099983,-0.359620,-0.090177,100.000000,100.000000,0.000000,0.000000,2,4,4,0.0000,0.0000,0.0000,0.5000,"Accelerate",-0.007897
3068,A0100,pursuit_chase_v1,UNKNOWN,16177.246257,29404.883655,2995.116345,2857.814403,31633.668997,17428.680107,522.072988,29494.990827,45.525669,6404.155288,-35.459543,0.003966,False,False,False,False,True,True,True,1-circle,1.000000,4776.298943,19998.064300,0.134785,-0.153986,100.000000,100.000000,0.000000,0.000000,2,5,4,0.0000,0.0000,0.0000,0.5000,"PursuitChaseOptimal",-0.004330
3068,B0100,aggressive,UNKNOWN,16177.246257,29404.883655,2995.116345,2857.814403,31633.668997,17428.680107,522.072988,29494.990827,45.525669,6404.155288,-35.459543,0.003966,False,False,False,False,True,True,True,1-circle,1.000000,4776.298943,19998.064300,0.134785,-0.153986,100.000000,100.000000,0.000000,0.000000,2,4,4,0.0000,0.0000,0.0000,0.5000,"Accelerate",-0.000303
3069,A0100,pursuit_chase_v1,UNKNOWN,16177.246257,29404.883655,2995.116345,2857.814403,31633.668997,17428.680107,522.072988,29494.990827,45.525669,6404.155288,-35.459543,0.003966,False,False,False,False,True,True,True,1-circle,1.000000,4776.298943,19998.064300,0.134785,-0.153986,100.000000,100.000000,0.000000,0.000000,2,5,4,0.0000,0.0000,0.0000,0.5000,"PursuitChaseOptimal",0.014571
3069,B0100,aggressive,UNKNOWN,16177.246257,29404.883655,2995.116345,2857.814403,31633.668997,17428.680107,522.072988,29494.990827,45.525669,6404.155288,-35.459543,0.003966,False,False,False,False,True,True,True,1-circle,1.000000,4776.298943,19998.064300,0.134785,-0.153986,100.000000,100.000000,0.000000,0.000000,2,4,4,0.0000,0.0000,0.0000,0.5000,"Accelerate",-0.018750
3070,A0100,pursuit_chase_v1,UNKNOWN,16184.024715,29411.970009,2988.029991,2861.019822,31651.584966,17429.381343,522.135370,29498.575844,71.700349,6383.867977,-35.786932,0.029380,False,False,False,False,True,True,True,1-circle,1.000000,4777.896124,19798.910733,-0.998461,0.036072,100.000000,100.000000,0.000000,0.000000,2,5,4,0.0000,0.0000,0.0000,0.5000,"PursuitChaseOptimal",0.025972
3070,B0100,aggressive,UNKNOWN,16184.024715,29411.970009,2988.029991,2861.019822,31651.584966,17429.381343,522.135370,29498.575844,71.700349,6383.867977,-35.786932,0.029380,False,False,False,False,True,True,True,1-circle,1.000000,4777.896124,19798.910733,-0.998461,0.036072,100.000000,100.000000,0.000000,0.000000,2,4,4,0.0000,0.0000,0.0000,0.5000,"Accelerate",-0.029604
3071,A0100,pursuit_chase_v1,UNKNOWN,16184.024715,29411.970009,2988.029991,2861.019822,31651.584966,17429.381343,522.135370,29498.575844,71.700349,6383.867977,-35.786932,0.029380,False,False,False,False,True,True,True,1-circle,1.000000,4777.896124,19798.910733,-0.998461,0.036072,100.000000,100.000000,0.000000,0.000000,2,5,4,0.0000,0.0000,0.0000,0.5000,"PursuitChaseOptimal",0.034068
3071,B0100,aggressive,UNKNOWN,16184.024715,29411.970009,2988.029991,2861.019822,31651.584966,17429.381343,522.135370,29498.575844,71.700349,6383.867977,-35.786932,0.029380,False,False,False,False,True,True,True,1-circle,1.000000,4777.896124,19798.910733,-0.998461,0.036072,100.000000,100.000000,0.000000,0.000000,2,4,4,0.0000,0.0000,0.0000,0.5000,"Accelerate",-0.036807
3072,A0100,pursuit_chase_v1,UNKNOWN,16190.777777,29417.089383,2982.910617,2858.078062,31671.514759,17430.050561,522.221339,29503.219747,92.878059,6352.085312,-36.124605,0.015002,False,False,False,False,True,True,True,1-circle,1.000000,4779.225328,19891.509570,-0.509968,-0.209289,100.000000,100.000000,0.000000,0.000000,2,5,4,0.0000,0.0000,0.0000,0.5000,"PursuitChaseOptimal",0.039905
3072,B0100,aggressive,UNKNOWN,16190.777777,29417.089383,2982.910617,2858.078062,31671.514759,17430.050561,522.221339,29503.219747,92.878059,6352.085312,-36.124605,0.015002,False,False,False,False,True,True,True,1-circle,1.000000,4779.225328,19891.509570,-0.509968,-0.209289,100.000000,100.000000,0.000000,0.000000,2,4,4,0.0000,0.0000,0.0000,0.5000,"Accelerate",-0.042013
3073,A0100,pursuit_chase_v1,UNKNOWN,16190.777777,29417.089383,2982.910617,2858.078062,31671.514759,17430.050561,522.221339,29503.219747,92.878059,6352.085312,-36.124605,0.015002,False,False,False,False,True,True,True,1-circle,1.000000,4779.225328,19891.509570,-0.509968,-0.209289,100.000000,100.000000,0.000000,0.000000,2,5,4,0.0000,0.0000,0.0000,0.5000,"PursuitChaseOptimal",0.028929
3073,B0100,aggressive,UNKNOWN,16190.777777,29417.089383,2982.910617,2858.078062,31671.514759,17430.050561,522.221339,29503.219747,92.878059,6352.085312,-36.124605,0.015002,False,False,False,False,True,True,True,1-circle,1.000000,4779.225328,19891.509570,-0.509968,-0.209289,100.000000,100.000000,0.000000,0.000000,2,4,4,0.0000,0.0000,0.0000,0.5000,"Accelerate",-0.031939
3074,A0100,pursuit_chase_v1,UNKNOWN,16197.446536,29424.981149,2975.018851,2858.793109,31689.842610,17430.779689,522.265414,29505.986898,55.343008,6311.464099,-36.472320,0.048945,False,False,False,False,True,True,True,1-circle,1.000000,4780.060970,19688.229495,-1.663492,0.010885,100.000000,100.000000,0.000000,0.000000,2,5,4,0.0000,0.0000,0.0000,0.5000,"PursuitChaseOptimal",0.019048
3074,B0100,aggressive,UNKNOWN,16197.446536,29424.981149,2975.018851,2858.793109,31689.842610,17430.779689,522.265414,29505.986898,55.343008,6311.464099,-36.472320,0.048945,False,False,False,False,True,True,True,1-circle,1.000000,4780.060970,19688.229495,-1.663492,0.010885,100.000000,100.000000,0.000000,0.000000,2,4,4,0.0000,0.0000,0.0000,0.5000,"Accelerate",-0.022952
3075,A0100,pursuit_chase_v1,UNKNOWN,16197.446536,29424.981149,2975.018851,2858.793109,31689.842610,17430.779689,522.265414,29505.986898,55.343008,6311.464099,-36.472320,0.048945,False,False,False,False,True,True,True,1-circle,1.000000,4780.060970,19688.229495,-1.663492,0.010885,100.000000,100.000000,0.000000,0.000000,2,5,4,0.0000,0.0000,0.0000,0.5000,"PursuitChaseOptimal",0.012249
3075,B0100,aggressive,UNKNOWN,16197.446536,29424.981149,2975.018851,2858.793109,31689.842610,17430.779689,522.265414,29505.986898,55.343008,6311.464099,-36.472320,0.048945,False,False,False,False,True,True,True,1-circle,1.000000,4780.060970,19688.229495,-1.663492,0.010885,100.000000,100.000000,0.000000,0.000000,2,4,4,0.0000,0.0000,0.0000,0.5000,"Accelerate",-0.016164
3076,A0100,pursuit_chase_v1,UNKNOWN,16204.074107,29422.568424,2977.431576,2856.069311,31708.588484,17431.444157,522.439082,29514.683397,173.929990,6286.776826,-36.582600,0.027540,False,False,False,False,True,True,True,1-circle,1.000000,4780.621954,20160.413817,0.936473,-0.131828,100.000000,100.000000,0.000000,0.000000,2,5,4,0.0000,0.0000,0.0000,0.5000,"PursuitChaseOptimal",0.001808
3076,B0100,aggressive,UNKNOWN,16204.074107,29422.568424,2977.431576,2856.069311,31708.588484,17431.444157,522.439082,29514.683397,173.929990,6286.776826,-36.582600,0.027540,False,False,False,False,True,True,True,1-circle,1.000000,4780.621954,20160.413817,0.936473,-0.131828,100.000000,100.000000,0.000000,0.000000,2,4,4,0.0000,0.0000,0.0000,0.5000,"Accelerate",-0.005762
3077,A0100,pursuit_chase_v1,UNKNOWN,16204.074107,29422.568424,2977.431576,2856.069311,31708.588484,17431.444157,522.439082,29514.683397,173.929990,6286.776826,-36.582600,0.027540,False,False,False,False,True,True,True,1-circle,1.000000,4780.621954,20160.413817,0.936473,-0.131828,100.000000,100.000000,0.000000,0.000000,2,5,4,0.0000,0.0000,0.0000,0.5000,"PursuitChaseOptimal",-0.009203
3077,B0100,aggressive,UNKNOWN,16204.074107,29422.568424,2977.431576,2856.069311,31708.588484,17431.444157,522.439082,29514.683397,173.929990,6286.776826,-36.582600,0.027540,False,False,False,False,True,True,True,1-circle,1.000000,4780.621954,20160.413817,0.936473,-0.131828,100.000000,100.000000,0.000000,0.000000,2,4,4,0.0000,0.0000,0.0000,0.5000,"Accelerate",0.004627
3078,A0100,pursuit_chase_v1,UNKNOWN,16210.646253,29438.140974,2961.859026,2834.335326,31729.518635,17432.141804,522.421629,29514.573697,-2.194009,6261.567588,-36.367108,0.037300,False,False,False,False,True,True,True,1-circle,1.000000,4781.016627,19767.654000,-1.268229,0.041125,100.000000,100.000000,0.000000,0.000000,2,5,4,0.0000,0.0000,0.0000,0.5000,"PursuitChaseOptimal",-0.012651
3078,B0100,aggressive,UNKNOWN,16210.646253,29438.140974,2961.859026,2834.335326,31729.518635,17432.141804,522.421629,29514.573697,-2.194009,6261.567588,-36.367108,0.037300,False,False,False,False,True,True,True,1-circle,1.000000,4781.016627,19767.654000,-1.268229,0.041125,100.000000,100.000000,0.000000,0.000000,2,4,4,0.0000,0.0000,0.0000,0.5000,"Accelerate",0.007367
3079,A0100,pursuit_chase_v1,UNKNOWN,16210.646253,29438.140974,2961.859026,2834.335326,31729.518635,17432.141804,522.421629,29514.573697,-2.194009,6261.567588,-36.367108,0.037300,False,False,False,False,True,True,True,1-circle,1.000000,4781.016627,19767.654000,-1.268229,0.041125,100.000000,100.000000,0.000000,0.000000,2,5,4,0.0000,0.0000,0.0000,0.5000,"PursuitChaseOptimal",-0.027296
3079,B0100,aggressive,UNKNOWN,16210.646253,29438.140974,2961.859026,2834.335326,31729.518635,17432.141804,522.421629,29514.573697,-2.194009,6261.567588,-36.367108,0.037300,False,False,False,False,True,True,True,1-circle,1.000000,4781.016627,19767.654000,-1.268229,0.041125,100.000000,100.000000,0.000000,0.000000,2,4,4,0.0000,0.0000,0.0000,0.5000,"Accelerate",0.021096
3080,A0100,pursuit_chase_v1,UNKNOWN,16217.149505,29438.097392,2961.902608,2779.230032,31745.243218,17432.868830,522.568630,29522.101308,150.552232,6257.169163,-35.105538,0.006955,False,False,False,False,True,True,True,1-circle,1.000000,4781.598439,20042.708380,0.236568,-0.051310,100.000000,100.000000,0.000000,0.000000,2,5,4,0.0000,0.0000,0.0000,0.5000,"PursuitChaseOptimal",-0.028190
3080,B0100,aggressive,UNKNOWN,16217.149505,29438.097392,2961.902608,2779.230032,31745.243218,17432.868830,522.568630,29522.101308,150.552232,6257.169163,-35.105538,0.006955,False,False,False,False,True,True,True,1-circle,1.000000,4781.598439,20042.708380,0.236568,-0.051310,100.000000,100.000000,0.000000,0.000000,2,4,4,0.0000,0.0000,0.0000,0.5000,"Accelerate",0.022342
3081,A0100,pursuit_chase_v1,UNKNOWN,16217.149505,29438.097392,2961.902608,2779.230032,31745.243218,17432.868830,522.568630,29522.101308,150.552232,6257.169163,-35.105538,0.006955,False,False,False,False,True,True,True,1-circle,1.000000,4781.598439,20042.708380,0.236568,-0.051310,100.000000,100.000000,0.000000,0.000000,2,5,4,0.0000,0.0000,0.0000,0.5000,"PursuitChaseOptimal",-0.026275
3081,B0100,aggressive,UNKNOWN,16217.149505,29438.097392,2961.902608,2779.230032,31745.243218,17432.868830,522.568630,29522.101308,150.552232,6257.169163,-35.105538,0.006955,False,False,False,False,True,True,True,1-circle,1.000000,4781.598439,20042.708380,0.236568,-0.051310,100.000000,100.000000,0.000000,0.000000,2,4,4,0.0000,0.0000,0.0000,0.5000,"Accelerate",0.020721
3082,A0100,pursuit_chase_v1,UNKNOWN,16223.537754,29450.422340,2949.577660,2682.383119,31766.339647,17433.609272,522.524989,29520.822616,-25.573852,6255.381828,-33.238316,0.056968,False,False,False,False,True,True,True,1-circle,1.000000,4782.766012,19655.997975,-1.936913,-0.107946,100.000000,100.000000,0.000000,0.000000,2,4,4,0.0000,0.0000,0.0000,0.5000,"PursuitChaseOptimal",-0.021429
3082,B0100,aggressive,UNKNOWN,16223.537754,29450.422340,2949.577660,2682.383119,31766.339647,17433.609272,522.524989,29520.822616,-25.573852,6255.381828,-33.238316,0.056968,False,False,False,False,True,True,True,1-circle,1.000000,4782.766012,19655.997975,-1.936913,-0.107946,100.000000,100.000000,0.000000,0.000000,2,4,4,0.0000,0.0000,0.0000,0.5000,"Accelerate",0.015700
3083,A0100,pursuit_chase_v1,UNKNOWN,16223.537754,29450.422340,2949.577660,2682.383119,31766.339647,17433.609272,522.524989,29520.822616,-25.573852,6255.381828,-33.238316,0.056968,False,False,False,False,True,True,True,1-circle,1.000000,4782.766012,19655.997975,-1.936913,-0.107946,100.000000,100.000000,0.000000,0.000000,2,4,4,0.0000,0.0000,0.0000,0.5000,"PursuitChaseOptimal",-0.026992
3083,B0100,aggressive,UNKNOWN,16223.537754,29450.422340,2949.577660,2682.383119,31766.339647,17433.609272,522.524989,29520.822616,-25.573852,6255.381828,-33.238316,0.056968,False,False,False,False,True,True,True,1-circle,1.000000,4782.766012,19655.997975,-1.936913,-0.107946,100.000000,100.000000,0.000000,0.000000,2,4,4,0.0000,0.0000,0.0000,0.5000,"Accelerate",0.020820
3084,A0100,pursuit_chase_v1,UNKNOWN,16229.806616,29449.119188,2950.880812,2578.308331,31780.065649,17434.374385,522.658878,29527.782870,139.205076,6277.652184,-31.330223,0.012419,False,False,False,False,True,True,True,1-circle,1.000000,4784.654938,19933.478389,-0.422513,0.031763,100.000000,100.000000,0.000000,0.000000,2,4,4,0.0000,0.0000,0.0000,0.5000,"PursuitChaseOptimal",-0.029790
3084,B0100,aggressive,UNKNOWN,16229.806616,29449.119188,2950.880812,2578.308331,31780.065649,17434.374385,522.658878,29527.782870,139.205076,6277.652184,-31.330223,0.012419,False,False,False,False,True,True,True,1-circle,1.000000,4784.654938,19933.478389,-0.422513,0.031763,100.000000,100.000000,0.000000,0.000000,2,4,4,0.0000,0.0000,0.0000,0.5000,"Accelerate",0.023805
3085,A0100,pursuit_chase_v1,UNKNOWN,16229.806616,29449.119188,2950.880812,2578.308331,31780.065649,17434.374385,522.658878,29527.782870,139.205076,6277.652184,-31.330223,0.012419,False,False,False,False,True,True,True,1-circle,1.000000,4784.654938,19933.478389,-0.422513,0.031763,100.000000,100.000000,0.000000,0.000000,2,4,4,0.0000,0.0000,0.0000,0.5000,"PursuitChaseOptimal",-0.032971
3085,B0100,aggressive,UNKNOWN,16229.806616,29449.119188,2950.880812,2578.308331,31780.065649,17434.374385,522.658878,29527.782870,139.205076,6277.652184,-31.330223,0.012419,False,False,False,False,True,True,True,1-circle,1.000000,4784.654938,19933.478389,-0.422513,0.031763,100.000000,100.000000,0.000000,0.000000,2,4,4,0.0000,0.0000,0.0000,0.5000,"Accelerate",0.026757
3086,A0100,pursuit_chase_v1,UNKNOWN,16235.984180,29455.947194,2944.052806,2481.671927,31801.561798,17435.137881,522.690496,29530.009574,44.534091,6295.954127,-29.824415,0.076160,False,False,False,False,True,True,True,1-circle,1.000000,4787.281736,19548.686908,-2.589467,-0.226261,100.000000,100.000000,0.000000,0.000000,2,4,4,0.0000,0.0000,0.0000,0.5000,"PursuitChaseOptimal",-0.028833
3086,B0100,aggressive,UNKNOWN,16235.984180,29455.947194,2944.052806,2481.671927,31801.561798,17435.137881,522.690496,29530.009574,44.534091,6295.954127,-29.824415,0.076160,False,False,False,False,True,True,True,1-circle,1.000000,4787.281736,19548.686908,-2.589467,-0.226261,100.000000,100.000000,0.000000,0.000000,2,4,4,0.0000,0.0000,0.0000,0.5000,"Accelerate",0.022329
3087,A0100,pursuit_chase_v1,UNKNOWN,16235.984180,29455.947194,2944.052806,2481.671927,31801.561798,17435.137881,522.690496,29530.009574,44.534091,6295.954127,-29.824415,0.076160,False,False,False,False,True,True,True,1-circle,1.000000,4787.281736,19548.686908,-2.589467,-0.226261,100.000000,100.000000,0.000000,0.000000,2,4,4,0.0000,0.0000,0.0000,0.5000,"PursuitChaseOptimal",-0.018859
3087,B0100,aggressive,UNKNOWN,16235.984180,29455.947194,2944.052806,2481.671927,31801.561798,17435.137881,522.690496,29530.009574,44.534091,6295.954127,-29.824415,0.076160,False,False,False,False,True,True,True,1-circle,1.000000,4787.281736,19548.686908,-2.589467,-0.226261,100.000000,100.000000,0.000000,0.000000,2,4,4,0.0000,0.0000,0.0000,0.5000,"Accelerate",0.012439
3088,A0100,pursuit_chase_v1,UNKNOWN,16242.131922,29442.384576,2957.615424,2431.119246,31815.581518,17435.838804,522.889270,29539.911368,198.035874,6318.943789,-28.898972,0.024734,False,False,False,False,True,True,True,1-circle,1.000000,4790.539119,19868.859874,-0.841784,-0.410423,100.000000,100.000000,0.000000,0.000000,2,4,4,0.0000,0.0000,0.0000,0.5000,"PursuitChaseOptimal",-0.009156
3088,B0100,aggressive,UNKNOWN,16242.131922,29442.384576,2957.615424,2431.119246,31815.581518,17435.838804,522.889270,29539.911368,198.035874,6318.943789,-28.898972,0.024734,False,False,False,False,True,True,True,1-circle,1.000000,4790.539119,19868.859874,-0.841784,-0.410423,100.000000,100.000000,0.000000,0.000000,2,4,4,0.0000,0.0000,0.0000,0.5000,"Accelerate",0.003400
3089,A0100,pursuit_chase_v1,UNKNOWN,16242.131922,29442.384576,2957.615424,2431.119246,31815.581518,17435.838804,522.889270,29539.911368,198.035874,6318.943789,-28.898972,0.024734,False,False,False,False,True,True,True,1-circle,1.000000,4790.539119,19868.859874,-0.841784,-0.410423,100.000000,100.000000,0.000000,0.000000,2,4,4,0.0000,0.0000,0.0000,0.5000,"PursuitChaseOptimal",0.000871
3089,B0100,aggressive,UNKNOWN,16242.131922,29442.384576,2957.615424,2431.119246,31815.581518,17435.838804,522.889270,29539.911368,198.035874,6318.943789,-28.898972,0.024734,False,False,False,False,True,True,True,1-circle,1.000000,4790.539119,19868.859874,-0.841784,-0.410423,100.000000,100.000000,0.000000,0.000000,2,4,4,0.0000,0.0000,0.0000,0.5000,"Accelerate",-0.005722
3090,A0100,pursuit_chase_v1,UNKNOWN,16248.291139,29436.790047,2963.209953,2407.009240,31832.941805,17436.380583,522.947710,29543.158897,64.950576,6326.231389,-28.720263,0.010091,False,False,False,False,True,True,True,1-circle,1.000000,4794.165243,19964.352771,-0.343473,-0.549656,100.000000,100.000000,0.000000,0.000000,2,4,4,0.0000,0.0000,0.0000,0.5000,"PursuitChaseOptimal",0.009421
3090,B0100,aggressive,UNKNOWN,16248.291139,29436.790047,2963.209953,2407.009240,31832.941805,17436.380583,522.947710,29543.158897,64.950576,6326.231389,-28.720263,0.010091,False,False,False,False,True,True,True,1-circle,1.000000,4794.165243,19964.352771,-0.343473,-0.549656,100.000000,100.000000,0.000000,0.000000,2,4,4,0.0000,0.0000,0.0000,0.5000,"Accelerate",-0.013624
3091,A0100,pursuit_chase_v1,UNKNOWN,16248.291139,29436.790047,2963.209953,2407.009240,31832.941805,17436.380583,522.947710,29543.158897,64.950576,6326.231389,-28.720263,0.010091,False,False,False,False,True,True,True,1-circle,1.000000,4794.165243,19964.352771,-0.343473,-0.549656,100.000000,100.000000,0.000000,0.000000,2,4,4,0.0000,0.0000,0.0000,0.5000,"PursuitChaseOptimal",0.002348
3091,B0100,aggressive,UNKNOWN,16248.291139,29436.790047,2963.209953,2407.009240,31832.941805,17436.380583,522.947710,29543.158897,64.950576,6326.231389,-28.720263,0.010091,False,False,False,False,True,True,True,1-circle,1.000000,4794.165243,19964.352771,-0.343473,-0.549656,100.000000,100.000000,0.000000,0.000000,2,4,4,0.0000,0.0000,0.0000,0.5000,"Accelerate",-0.007259
3092,A0100,pursuit_chase_v1,UNKNOWN,16254.465750,29437.212731,2962.787269,2393.035089,31847.955552,17436.913964,522.973419,29544.882650,34.475071,6341.909271,-29.102966,0.043797,False,False,False,False,True,True,True,1-circle,1.000000,4797.747075,19763.618007,-1.490563,-0.252359,100.000000,100.000000,0.000000,0.000000,2,4,4,0.0000,0.0000,0.0000,0.5000,"PursuitChaseOptimal",-0.004317
3092,B0100,aggressive,UNKNOWN,16254.465750,29437.212731,2962.787269,2393.035089,31847.955552,17436.913964,522.973419,29544.882650,34.475071,6341.909271,-29.102966,0.043797,False,False,False,False,True,True,True,1-circle,1.000000,4797.747075,19763.618007,-1.490563,-0.252359,100.000000,100.000000,0.000000,0.000000,2,4,4,0.0000,0.0000,0.0000,0.5000,"Accelerate",-0.001037
3093,A0100,pursuit_chase_v1,UNKNOWN,16254.465750,29437.212731,2962.787269,2393.035089,31847.955552,17436.913964,522.973419,29544.882650,34.475071,6341.909271,-29.102966,0.043797,False,False,False,False,True,True,True,1-circle,1.000000,4797.747075,19763.618007,-1.490563,-0.252359,100.000000,100.000000,0.000000,0.000000,2,4,4,0.0000,0.0000,0.0000,0.5000,"PursuitChaseOptimal",-0.013900
3093,B0100,aggressive,UNKNOWN,16254.465750,29437.212731,2962.787269,2393.035089,31847.955552,17436.913964,522.973419,29544.882650,34.475071,6341.909271,-29.102966,0.043797,False,False,False,False,True,True,True,1-circle,1.000000,4797.747075,19763.618007,-1.490563,-0.252359,100.000000,100.000000,0.000000,0.000000,2,4,4,0.0000,0.0000,0.0000,0.5000,"Accelerate",0.008514
3094,A0100,pursuit_chase_v1,UNKNOWN,16260.687582,29436.977265,2963.022735,2377.124095,31865.253027,17437.383981,523.026175,29547.795636,58.259712,6348.456869,-29.115967,0.026493,False,False,False,False,True,True,True,1-circle,1.000000,4801.354489,19875.323355,-0.901885,-0.323101,100.000000,100.000000,0.000000,0.000000,2,4,4,0.0000,0.0000,0.0000,0.5000,"PursuitChaseOptimal",-0.027141
3094,B0100,aggressive,UNKNOWN,16260.687582,29436.977265,2963.022735,2377.124095,31865.253027,17437.383981,523.026175,29547.795636,58.259712,6348.456869,-29.115967,0.026493,False,False,False,False,True,True,True,1-circle,1.000000,4801.354489,19875.323355,-0.901885,-0.323101,100.000000,100.000000,0.000000,0.000000,2,4,4,0.0000,0.0000,0.0000,0.5000,"Accelerate",0.021233
3095,A0100,pursuit_chase_v1,UNKNOWN,16260.687582,29436.977265,2963.022735,2377.124095,31865.253027,17437.383981,523.026175,29547.795636,58.259712,6348.456869,-29.115967,0.026493,False,False,False,False,True,True,True,1-circle,1.000000,4801.354489,19875.323355,-0.901885,-0.323101,100.000000,100.000000,0.000000,0.000000,2,4,4,0.0000,0.0000,0.0000,0.5000,"PursuitChaseOptimal",-0.029366
3095,B0100,aggressive,UNKNOWN,16260.687582,29436.977265,2963.022735,2377.124095,31865.253027,17437.383981,523.026175,29547.795636,58.259712,6348.456869,-29.115967,0.026493,False,False,False,False,True,True,True,1-circle,1.000000,4801.354489,19875.323355,-0.901885,-0.323101,100.000000,100.000000,0.000000,0.000000,2,4,4,0.0000,0.0000,0.0000,0.5000,"Accelerate",0.022807
3096,A0100,pursuit_chase_v1,UNKNOWN,16266.913840,29436.656206,2963.343794,2364.753635,31880.332507,17437.882878,523.065100,29550.097190,46.031084,6351.630909,-28.836355,0.063121,False,False,False,False,True,True,True,1-circle,1.000000,4805.054803,19656.794592,-2.148098,-0.315708,100.000000,100.000000,0.000000,0.000000,2,4,4,0.0000,0.0000,0.0000,0.5000,"PursuitChaseOptimal",-0.032159
3096,B0100,aggressive,UNKNOWN,16266.913840,29436.656206,2963.343794,2364.753635,31880.332507,17437.882878,523.065100,29550.097190,46.031084,6351.630909,-28.836355,0.063121,False,False,False,False,True,True,True,1-circle,1.000000,4805.054803,19656.794592,-2.148098,-0.315708,100.000000,100.000000,0.000000,0.000000,2,4,4,0.0000,0.0000,0.0000,0.5000,"Accelerate",0.025157
3097,A0100,pursuit_chase_v1,UNKNOWN,16266.913840,29436.656206,2963.343794,2364.753635,31880.332507,17437.882878,523.065100,29550.097190,46.031084,6351.630909,-28.836355,0.063121,False,False,False,False,True,True,True,1-circle,1.000000,4805.054803,19656.794592,-2.148098,-0.315708,100.000000,100.000000,0.000000,0.000000,2,4,4,0.0000,0.0000,0.0000,0.5000,"PursuitChaseOptimal",-0.023603
3097,B0100,aggressive,UNKNOWN,16266.913840,29436.656206,2963.343794,2364.753635,31880.332507,17437.882878,523.065100,29550.097190,46.031084,6351.630909,-28.836355,0.063121,False,False,False,False,True,True,True,1-circle,1.000000,4805.054803,19656.794592,-2.148098,-0.315708,100.000000,100.000000,0.000000,0.000000,2,4,4,0.0000,0.0000,0.0000,0.5000,"Accelerate",0.017279
3098,A0100,pursuit_chase_v1,UNKNOWN,16273.182298,29426.070924,2973.929076,2356.768181,31895.833081,17438.263876,523.241364,29558.642763,170.911456,6369.433532,-28.682744,0.014458,False,False,False,False,True,True,True,1-circle,1.000000,4809.072990,20138.087532,0.492413,-0.492844,100.000000,100.000000,0.000000,0.000000,2,4,4,0.0000,0.0000,0.0000,0.5000,"PursuitChaseOptimal",-0.007540
3098,B0100,aggressive,UNKNOWN,16273.182298,29426.070924,2973.929076,2356.768181,31895.833081,17438.263876,523.241364,29558.642763,170.911456,6369.433532,-28.682744,0.014458,False,False,False,False,True,True,True,1-circle,1.000000,4809.072990,20138.087532,0.492413,-0.492844,100.000000,100.000000,0.000000,0.000000,2,4,4,0.0000,0.0000,0.0000,0.5000,"Accelerate",0.002462
3099,A0100,pursuit_chase_v1,UNKNOWN,16273.182298,29426.070924,2973.929076,2356.768181,31895.833081,17438.263876,523.241364,29558.642763,170.911456,6369.433532,-28.682744,0.014458,False,False,False,False,True,True,True,1-circle,1.000000,4809.072990,20138.087532,0.492413,-0.492844,100.000000,100.000000,0.000000,0.000000,2,4,4,0.0000,0.0000,0.0000,0.5000,"PursuitChaseOptimal",0.009644
3099,B0100,aggressive,UNKNOWN,16273.182298,29426.070924,2973.929076,2356.768181,31895.833081,17438.263876,523.241364,29558.642763,170.911456,6369.433532,-28.682744,0.014458,False,False,False,False,True,True,True,1-circle,1.000000,4809.072990,20138.087532,0.492413,-0.492844,100.000000,100.000000,0.000000,0.000000,2,4,4,0.0000,0.0000,0.0000,0.5000,"Accelerate",-0.013898
3100,A0100,pursuit_chase_v1,UNKNOWN,16279.499400,29435.661967,2964.338033,2348.752911,31913.732351,17438.637434,523.234691,29558.707198,1.288700,6377.558930,-29.243600,0.050237,False,False,False,False,True,True,True,1-circle,1.000000,4813.132791,19747.593113,-1.710438,-0.220999,100.000000,100.000000,0.000000,0.000000,2,4,4,0.0000,0.0000,0.0000,0.5000,"PursuitChaseOptimal",0.026191
3100,B0100,aggressive,UNKNOWN,16279.499400,29435.661967,2964.338033,2348.752911,31913.732351,17438.637434,523.234691,29558.707198,1.288700,6377.558930,-29.243600,0.050237,False,False,False,False,True,True,True,1-circle,1.000000,4813.132791,19747.593113,-1.710438,-0.220999,100.000000,100.000000,0.000000,0.000000,2,4,4,0.0000,0.0000,0.0000,0.5000,"Accelerate",-0.030056
3101,A0100,pursuit_chase_v1,UNKNOWN,16279.499400,29435.661967,2964.338033,2348.752911,31913.732351,17438.637434,523.234691,29558.707198,1.288700,6377.558930,-29.243600,0.050237,False,False,False,False,True,True,True,1-circle,1.000000,4813.132791,19747.593113,-1.710438,-0.220999,100.000000,100.000000,0.000000,0.000000,2,4,4,0.0000,0.0000,0.0000,0.5000,"PursuitChaseOptimal",0.042028
3101,B0100,aggressive,UNKNOWN,16279.499400,29435.661967,2964.338033,2348.752911,31913.732351,17438.637434,523.234691,29558.707198,1.288700,6377.558930,-29.243600,0.050237,False,False,False,False,True,True,True,1-circle,1.000000,4813.132791,19747.593113,-1.710438,-0.220999,100.000000,100.000000,0.000000,0.000000,2,4,4,0.0000,0.0000,0.0000,0.5000,"Accelerate",-0.045279
3102,A0100,pursuit_chase_v1,UNKNOWN,16285.868384,29434.716121,2965.283879,2349.378099,31926.577868,17439.049635,523.369481,29565.364644,133.148919,6394.727451,-30.263695,0.005254,False,False,False,False,True,True,True,1-circle,1.000000,4816.886920,20029.060969,-0.178969,-0.100716,100.000000,100.000000,0.000000,0.000000,2,4,4,0.0000,0.0000,0.0000,0.5000,"PursuitChaseOptimal",0.050889
3102,B0100,aggressive,UNKNOWN,16285.868384,29434.716121,2965.283879,2349.378099,31926.577868,17439.049635,523.369481,29565.364644,133.148919,6394.727451,-30.263695,0.005254,False,False,False,False,True,True,True,1-circle,1.000000,4816.886920,20029.060969,-0.178969,-0.100716,100.000000,100.000000,0.000000,0.000000,2,4,4,0.0000,0.0000,0.0000,0.5000,"Accelerate",-0.053133
3103,A0100,pursuit_chase_v1,UNKNOWN,16285.868384,29434.716121,2965.283879,2349.378099,31926.577868,17439.049635,523.369481,29565.364644,133.148919,6394.727451,-30.263695,0.005254,False,False,False,False,True,True,True,1-circle,1.000000,4816.886920,20029.060969,-0.178969,-0.100716,100.000000,100.000000,0.000000,0.000000,2,4,4,0.0000,0.0000,0.0000,0.5000,"PursuitChaseOptimal",0.039301
3103,B0100,aggressive,UNKNOWN,16285.868384,29434.716121,2965.283879,2349.378099,31926.577868,17439.049635,523.369481,29565.364644,133.148919,6394.727451,-30.263695,0.005254,False,False,False,False,True,True,True,1-circle,1.000000,4816.886920,20029.060969,-0.178969,-0.100716,100.000000,100.000000,0.000000,0.000000,2,4,4,0.0000,0.0000,0.0000,0.5000,"Accelerate",-0.041866
3104,A0100,pursuit_chase_v1,UNKNOWN,16292.288624,29445.678155,2954.321845,2340.913551,31945.367433,17439.495391,523.343350,29564.599552,-15.301831,6399.781393,-31.404449,0.068861,False,False,False,False,True,True,True,1-circle,1.000000,4820.129900,19644.721915,-2.344398,-0.236020,100.000000,100.000000,0.000000,0.000000,2,4,4,0.0000,0.0000,0.0000,0.5000,"PursuitChaseOptimal",0.038012
3104,B0100,aggressive,UNKNOWN,16292.288624,29445.678155,2954.321845,2340.913551,31945.367433,17439.495391,523.343350,29564.599552,-15.301831,6399.781393,-31.404449,0.068861,False,False,False,False,True,True,True,1-circle,1.000000,4820.129900,19644.721915,-2.344398,-0.236020,100.000000,100.000000,0.000000,0.000000,2,4,4,0.0000,0.0000,0.0000,0.5000,"Accelerate",-0.041071
3105,A0100,pursuit_chase_v1,UNKNOWN,16292.288624,29445.678155,2954.321845,2340.913551,31945.367433,17439.495391,523.343350,29564.599552,-15.301831,6399.781393,-31.404449,0.068861,False,False,False,False,True,True,True,1-circle,1.000000,4820.129900,19644.721915,-2.344398,-0.236020,100.000000,100.000000,0.000000,0.000000,2,4,4,0.0000,0.0000,0.0000,0.5000,"PursuitChaseOptimal",0.025459
3105,B0100,aggressive,UNKNOWN,16292.288624,29445.678155,2954.321845,2340.913551,31945.367433,17439.495391,523.343350,29564.599552,-15.301831,6399.781393,-31.404449,0.068861,False,False,False,False,True,True,True,1-circle,1.000000,4820.129900,19644.721915,-2.344398,-0.236020,100.000000,100.000000,0.000000,0.000000,2,4,4,0.0000,0.0000,0.0000,0.5000,"Accelerate",-0.029461
3106,A0100,pursuit_chase_v1,UNKNOWN,16298.724030,29438.672470,2961.327530,2339.284688,31958.804701,17439.956105,523.526840,29573.564168,179.292316,6400.233646,-31.936179,0.016534,False,False,False,False,True,True,True,1-circle,1.000000,4822.928127,19970.431359,-0.563400,-0.232340,100.000000,100.000000,0.000000,0.000000,2,4,4,0.0000,0.0000,0.0000,0.5000,"PursuitChaseOptimal",-0.003459
3106,B0100,aggressive,UNKNOWN,16298.724030,29438.672470,2961.327530,2339.284688,31958.804701,17439.956105,523.526840,29573.564168,179.292316,6400.233646,-31.936179,0.016534,False,False,False,False,True,True,True,1-circle,1.000000,4822.928127,19970.431359,-0.563400,-0.232340,100.000000,100.000000,0.000000,0.000000,2,4,4,0.0000,0.0000,0.0000,0.5000,"Accelerate",-0.001803
3107,A0100,pursuit_chase_v1,UNKNOWN,16298.724030,29438.672470,2961.327530,2339.284688,31958.804701,17439.956105,523.526840,29573.564168,179.292316,6400.233646,-31.936179,0.016534,False,False,False,False,True,True,True,1-circle,1.000000,4822.928127,19970.431359,-0.563400,-0.232340,100.000000,100.000000,0.000000,0.000000,2,4,4,0.0000,0.0000,0.0000,0.5000,"PursuitChaseOptimal",-0.015424
3107,B0100,aggressive,UNKNOWN,16298.724030,29438.672470,2961.327530,2339.284688,31958.804701,17439.956105,523.526840,29573.564168,179.292316,6400.233646,-31.936179,0.016534,False,False,False,False,True,True,True,1-circle,1.000000,4822.928127,19970.431359,-0.563400,-0.232340,100.000000,100.000000,0.000000,0.000000,2,4,4,0.0000,0.0000,0.0000,0.5000,"Accelerate",0.010069
3108,A0100,pursuit_chase_v1,UNKNOWN,16305.186611,29442.947682,2957.052318,2342.584616,31975.452588,17440.347378,523.553750,29575.202841,32.773457,6393.802627,-32.198881,0.002487,False,False,False,False,True,True,True,1-circle,1.000000,4825.584899,20061.631118,-0.084741,-0.291504,100.000000,100.000000,0.000000,0.000000,2,4,4,0.0000,0.0000,0.0000,0.5000,"PursuitChaseOptimal",-0.003016
3108,B0100,aggressive,UNKNOWN,16305.186611,29442.947682,2957.052318,2342.584616,31975.452588,17440.347378,523.553750,29575.202841,32.773457,6393.802627,-32.198881,0.002487,False,False,False,False,True,True,True,1-circle,1.000000,4825.584899,20061.631118,-0.084741,-0.291504,100.000000,100.000000,0.000000,0.000000,2,4,4,0.0000,0.0000,0.0000,0.5000,"Accelerate",-0.001570
3109,A0100,pursuit_chase_v1,UNKNOWN,16305.186611,29442.947682,2957.052318,2342.584616,31975.452588,17440.347378,523.553750,29575.202841,32.773457,6393.802627,-32.198881,0.002487,False,False,False,False,True,True,True,1-circle,1.000000,4825.584899,20061.631118,-0.084741,-0.291504,100.000000,100.000000,0.000000,0.000000,2,4,4,0.0000,0.0000,0.0000,0.5000,"PursuitChaseOptimal",0.003518
3109,B0100,aggressive,UNKNOWN,16305.186611,29442.947682,2957.052318,2342.584616,31975.452588,17440.347378,523.553750,29575.202841,32.773457,6393.802627,-32.198881,0.002487,False,False,False,False,True,True,True,1-circle,1.000000,4825.584899,20061.631118,-0.084741,-0.291504,100.000000,100.000000,0.000000,0.000000,2,4,4,0.0000,0.0000,0.0000,0.5000,"Accelerate",-0.008101
3110,A0100,pursuit_chase_v1,UNKNOWN,16311.639824,29450.795225,2949.204775,2342.854610,31989.976579,17440.828306,523.642865,29579.815085,92.244875,6380.234592,-32.435306,0.036052,False,False,False,False,True,True,True,1-circle,1.000000,4828.075067,19860.679842,-1.228587,0.027285,100.000000,100.000000,0.000000,0.000000,2,4,4,0.0000,0.0000,0.0000,0.5000,"PursuitChaseOptimal",-0.003853
3110,B0100,aggressive,UNKNOWN,16311.639824,29450.795225,2949.204775,2342.854610,31989.976579,17440.828306,523.642865,29579.815085,92.244875,6380.234592,-32.435306,0.036052,False,False,False,False,True,True,True,1-circle,1.000000,4828.075067,19860.679842,-1.228587,0.027285,100.000000,100.000000,0.000000,0.000000,2,4,4,0.0000,0.0000,0.0000,0.5000,"Accelerate",-0.001299
3111,A0100,pursuit_chase_v1,UNKNOWN,16311.639824,29450.795225,2949.204775,2342.854610,31989.976579,17440.828306,523.642865,29579.815085,92.244875,6380.234592,-32.435306,0.036052,False,False,False,False,True,True,True,1-circle,1.000000,4828.075067,19860.679842,-1.228587,0.027285,100.000000,100.000000,0.000000,0.000000,2,4,4,0.0000,0.0000,0.0000,0.5000,"PursuitChaseOptimal",-0.019692
3111,B0100,aggressive,UNKNOWN,16311.639824,29450.795225,2949.204775,2342.854610,31989.976579,17440.828306,523.642865,29579.815085,92.244875,6380.234592,-32.435306,0.036052,False,False,False,False,True,True,True,1-circle,1.000000,4828.075067,19860.679842,-1.228587,0.027285,100.000000,100.000000,0.000000,0.000000,2,4,4,0.0000,0.0000,0.0000,0.5000,"Accelerate",0.014119
3112,A0100,pursuit_chase_v1,UNKNOWN,16318.088561,29455.859094,2944.140906,2341.368123,32006.620706,17441.317189,523.713746,29583.590489,75.508089,6372.639673,-32.566397,0.021694,False,False,False,False,True,True,True,1-circle,1.000000,4830.455189,19953.610061,-0.739437,-0.158029,100.000000,100.000000,0.000000,0.000000,2,4,4,0.0000,0.0000,0.0000,0.5000,"PursuitChaseOptimal",-0.030389
3112,B0100,aggressive,UNKNOWN,16318.088561,29455.859094,2944.140906,2341.368123,32006.620706,17441.317189,523.713746,29583.590489,75.508089,6372.639673,-32.566397,0.021694,False,False,False,False,True,True,True,1-circle,1.000000,4830.455189,19953.610061,-0.739437,-0.158029,100.000000,100.000000,0.000000,0.000000,2,4,4,0.0000,0.0000,0.0000,0.5000,"Accelerate",0.024346
3113,A0100,pursuit_chase_v1,UNKNOWN,16318.088561,29455.859094,2944.140906,2341.368123,32006.620706,17441.317189,523.713746,29583.590489,75.508089,6372.639673,-32.566397,0.021694,False,False,False,False,True,True,True,1-circle,1.000000,4830.455189,19953.610061,-0.739437,-0.158029,100.000000,100.000000,0.000000,0.000000,2,4,4,0.0000,0.0000,0.0000,0.5000,"PursuitChaseOptimal",-0.032543
3113,B0100,aggressive,UNKNOWN,16318.088561,29455.859094,2944.140906,2341.368123,32006.620706,17441.317189,523.713746,29583.590489,75.508089,6372.639673,-32.566397,0.021694,False,False,False,False,True,True,True,1-circle,1.000000,4830.455189,19953.610061,-0.739437,-0.158029,100.000000,100.000000,0.000000,0.000000,2,4,4,0.0000,0.0000,0.0000,0.5000,"Accelerate",0.025841
3114,A0100,pursuit_chase_v1,UNKNOWN,16324.549295,29460.848928,2939.151072,2345.584782,32021.507022,17441.891027,523.751743,29585.926338,46.716983,6369.841085,-32.598383,0.055675,False,False,False,False,True,True,True,1-circle,1.000000,4832.811941,19750.079542,-1.897260,-0.086049,100.000000,100.000000,0.000000,0.000000,2,4,4,0.0000,0.0000,0.0000,0.5000,"PursuitChaseOptimal",-0.014012
3114,B0100,aggressive,UNKNOWN,16324.549295,29460.848928,2939.151072,2345.584782,32021.507022,17441.891027,523.751743,29585.926338,46.716983,6369.841085,-32.598383,0.055675,False,False,False,False,True,True,True,1-circle,1.000000,4832.811941,19750.079542,-1.897260,-0.086049,100.000000,100.000000,0.000000,0.000000,2,4,4,0.0000,0.0000,0.0000,0.5000,"Accelerate",0.007890
3115,A0100,pursuit_chase_v1,UNKNOWN,16324.549295,29460.848928,2939.151072,2345.584782,32021.507022,17441.891027,523.751743,29585.926338,46.716983,6369.841085,-32.598383,0.055675,False,False,False,False,True,True,True,1-circle,1.000000,4832.811941,19750.079542,-1.897260,-0.086049,100.000000,100.000000,0.000000,0.000000,2,4,4,0.0000,0.0000,0.0000,0.5000,"PursuitChaseOptimal",-0.002887
3115,B0100,aggressive,UNKNOWN,16324.549295,29460.848928,2939.151072,2345.584782,32021.507022,17441.891027,523.751743,29585.926338,46.716983,6369.841085,-32.598383,0.055675,False,False,False,False,True,True,True,1-circle,1.000000,4832.811941,19750.079542,-1.897260,-0.086049,100.000000,100.000000,0.000000,0.000000,2,4,4,0.0000,0.0000,0.0000,0.5000,"Accelerate",-0.002365
3116,A0100,pursuit_chase_v1,UNKNOWN,16331.047400,29454.300843,2945.699157,2345.633631,32036.731559,17442.395716,523.926121,29594.518852,171.850271,6366.490578,-32.620723,0.020897,False,False,False,False,True,True,True,1-circle,1.000000,4835.282424,20224.822535,0.712566,-0.275039,100.000000,100.000000,0.000000,0.000000,2,4,4,0.0000,0.0000,0.0000,0.5000,"PursuitChaseOptimal",0.002496
3116,B0100,aggressive,UNKNOWN,16331.047400,29454.300843,2945.699157,2345.633631,32036.731559,17442.395716,523.926121,29594.518852,171.850271,6366.490578,-32.620723,0.020897,False,False,False,False,True,True,True,1-circle,1.000000,4835.282424,20224.822535,0.712566,-0.275039,100.000000,100.000000,0.000000,0.000000,2,4,4,0.0000,0.0000,0.0000,0.5000,"Accelerate",-0.006890
3117,A0100,pursuit_chase_v1,UNKNOWN,16331.047400,29454.300843,2945.699157,2345.633631,32036.731559,17442.395716,523.926121,29594.518852,171.850271,6366.490578,-32.620723,0.020897,False,False,False,False,True,True,True,1-circle,1.000000,4835.282424,20224.822535,0.712566,-0.275039,100.000000,100.000000,0.000000,0.000000,2,4,4,0.0000,0.0000,0.0000,0.5000,"PursuitChaseOptimal",-0.011016
3117,B0100,aggressive,UNKNOWN,16331.047400,29454.300843,2945.699157,2345.633631,32036.731559,17442.395716,523.926121,29594.518852,171.850271,6366.490578,-32.620723,0.020897,False,False,False,False,True,True,True,1-circle,1.000000,4835.282424,20224.822535,0.712566,-0.275039,100.000000,100.000000,0.000000,0.000000,2,4,4,0.0000,0.0000,0.0000,0.5000,"Accelerate",0.005959
3118,A0100,pursuit_chase_v1,UNKNOWN,16337.523838,29465.874348,2934.125652,2341.032186,32054.330729,17442.928318,523.897882,29593.741500,-15.547029,6350.828539,-32.810142,0.044643,False,False,False,False,True,True,True,1-circle,1.000000,4837.629368,19827.514684,-1.521930,-0.056099,100.000000,100.000000,0.000000,0.000000,2,4,4,0.0000,0.0000,0.0000,0.5000,"PursuitChaseOptimal",-0.024769
3118,B0100,aggressive,UNKNOWN,16337.523838,29465.874348,2934.125652,2341.032186,32054.330729,17442.928318,523.897882,29593.741500,-15.547029,6350.828539,-32.810142,0.044643,False,False,False,False,True,True,True,1-circle,1.000000,4837.629368,19827.514684,-1.521930,-0.056099,100.000000,100.000000,0.000000,0.000000,2,4,4,0.0000,0.0000,0.0000,0.5000,"Accelerate",0.018486
3119,A0100,pursuit_chase_v1,UNKNOWN,16337.523838,29465.874348,2934.125652,2341.032186,32054.330729,17442.928318,523.897882,29593.741500,-15.547029,6350.828539,-32.810142,0.044643,False,False,False,False,True,True,True,1-circle,1.000000,4837.629368,19827.514684,-1.521930,-0.056099,100.000000,100.000000,0.000000,0.000000,2,4,4,0.0000,0.0000,0.0000,0.5000,"PursuitChaseOptimal",-0.024671
3119,B0100,aggressive,UNKNOWN,16337.523838,29465.874348,2934.125652,2341.032186,32054.330729,17442.928318,523.897882,29593.741500,-15.547029,6350.828539,-32.810142,0.044643,False,False,False,False,True,True,True,1-circle,1.000000,4837.629368,19827.514684,-1.521930,-0.056099,100.000000,100.000000,0.000000,0.000000,2,4,4,0.0000,0.0000,0.0000,0.5000,"Accelerate",0.018322
3120,A0100,pursuit_chase_v1,UNKNOWN,16344.023737,29462.520321,2937.479679,2347.288941,32066.832613,17443.486142,524.036444,29600.727524,139.720469,6356.675300,-32.912871,0.000138,False,False,False,False,True,True,True,1-circle,1.000000,4839.961617,20105.519081,-0.004707,-0.165178,100.000000,100.000000,0.000000,0.000000,2,4,4,0.0000,0.0000,0.0000,0.5000,"PursuitChaseOptimal",-0.005975
3120,B0100,aggressive,UNKNOWN,16344.023737,29462.520321,2937.479679,2347.288941,32066.832613,17443.486142,524.036444,29600.727524,139.720469,6356.675300,-32.912871,0.000138,False,False,False,False,True,True,True,1-circle,1.000000,4839.961617,20105.519081,-0.004707,-0.165178,100.000000,100.000000,0.000000,0.000000,2,4,4,0.0000,0.0000,0.0000,0.5000,"Accelerate",0.000933
3121,A0100,pursuit_chase_v1,UNKNOWN,16344.023737,29462.520321,2937.479679,2347.288941,32066.832613,17443.486142,524.036444,29600.727524,139.720469,6356.675300,-32.912871,0.000138,False,False,False,False,True,True,True,1-circle,1.000000,4839.961617,20105.519081,-0.004707,-0.165178,100.000000,100.000000,0.000000,0.000000,2,4,4,0.0000,0.0000,0.0000,0.5000,"PursuitChaseOptimal",0.001201
3121,B0100,aggressive,UNKNOWN,16344.023737,29462.520321,2937.479679,2347.288941,32066.832613,17443.486142,524.036444,29600.727524,139.720469,6356.675300,-32.912871,0.000138,False,False,False,False,True,True,True,1-circle,1.000000,4839.961617,20105.519081,-0.004707,-0.165178,100.000000,100.000000,0.000000,0.000000,2,4,4,0.0000,0.0000,0.0000,0.5000,"Accelerate",-0.005710
3122,A0100,pursuit_chase_v1,UNKNOWN,16350.538974,29471.679153,2928.320847,2341.310949,32085.357702,17444.055209,523.983165,29598.824675,-38.056966,6338.614440,-33.034450,0.064577,False,False,False,False,True,True,True,1-circle,1.000000,4842.276380,19715.035054,-2.201303,-0.214095,100.000000,100.000000,0.000000,0.000000,2,4,4,0.0000,0.0000,0.0000,0.5000,"PursuitChaseOptimal",0.005993
3122,B0100,aggressive,UNKNOWN,16350.538974,29471.679153,2928.320847,2341.310949,32085.357702,17444.055209,523.983165,29598.824675,-38.056966,6338.614440,-33.034450,0.064577,False,False,False,False,True,True,True,1-circle,1.000000,4842.276380,19715.035054,-2.201303,-0.214095,100.000000,100.000000,0.000000,0.000000,2,4,4,0.0000,0.0000,0.0000,0.5000,"Accelerate",-0.010714
3123,A0100,pursuit_chase_v1,UNKNOWN,16350.538974,29471.679153,2928.320847,2341.310949,32085.357702,17444.055209,523.983165,29598.824675,-38.056966,6338.614440,-33.034450,0.064577,False,False,False,False,True,True,True,1-circle,1.000000,4842.276380,19715.035054,-2.201303,-0.214095,100.000000,100.000000,0.000000,0.000000,2,4,4,0.0000,0.0000,0.0000,0.5000,"PursuitChaseOptimal",-0.007849
3123,B0100,aggressive,UNKNOWN,16350.538974,29471.679153,2928.320847,2341.310949,32085.357702,17444.055209,523.983165,29598.824675,-38.056966,6338.614440,-33.034450,0.064577,False,False,False,False,True,True,True,1-circle,1.000000,4842.276380,19715.035054,-2.201303,-0.214095,100.000000,100.000000,0.000000,0.000000,2,4,4,0.0000,0.0000,0.0000,0.5000,"Accelerate",0.002069
3124,A0100,pursuit_chase_v1,UNKNOWN,16357.031447,29465.694861,2934.305139,2342.367073,32098.638528,17444.642002,524.144826,29606.912686,161.760203,6334.419594,-33.150878,0.012474,False,False,False,False,True,True,True,1-circle,1.000000,4844.442065,20039.486467,-0.425544,-0.072383,100.000000,100.000000,0.000000,0.000000,2,4,4,0.0000,0.0000,0.0000,0.5000,"PursuitChaseOptimal",-0.015611
3124,B0100,aggressive,UNKNOWN,16357.031447,29465.694861,2934.305139,2342.367073,32098.638528,17444.642002,524.144826,29606.912686,161.760203,6334.419594,-33.150878,0.012474,False,False,False,False,True,True,True,1-circle,1.000000,4844.442065,20039.486467,-0.425544,-0.072383,100.000000,100.000000,0.000000,0.000000,2,4,4,0.0000,0.0000,0.0000,0.5000,"Accelerate",0.009782
3125,A0100,pursuit_chase_v1,UNKNOWN,16357.031447,29465.694861,2934.305139,2342.367073,32098.638528,17444.642002,524.144826,29606.912686,161.760203,6334.419594,-33.150878,0.012474,False,False,False,False,True,True,True,1-circle,1.000000,4844.442065,20039.486467,-0.425544,-0.072383,100.000000,100.000000,0.000000,0.000000,2,4,4,0.0000,0.0000,0.0000,0.5000,"PursuitChaseOptimal",0.001714
3125,B0100,aggressive,UNKNOWN,16357.031447,29465.694861,2934.305139,2342.367073,32098.638528,17444.642002,524.144826,29606.912686,161.760203,6334.419594,-33.150878,0.012474,False,False,False,False,True,True,True,1-circle,1.000000,4844.442065,20039.486467,-0.425544,-0.072383,100.000000,100.000000,0.000000,0.000000,2,4,4,0.0000,0.0000,0.0000,0.5000,"Accelerate",-0.006148
3126,A0100,pursuit_chase_v1,UNKNOWN,16363.549808,29470.905064,2929.094936,2340.594180,32115.133627,17445.174621,524.170623,29608.642499,34.596262,6323.186855,-33.299013,0.000903,False,False,False,False,True,True,True,1-circle,1.000000,4846.607053,20126.456472,0.030805,-0.184247,100.000000,100.000000,0.000000,0.000000,2,4,4,0.0000,0.0000,0.0000,0.5000,"PursuitChaseOptimal",0.004025
3126,B0100,aggressive,UNKNOWN,16363.549808,29470.905064,2929.094936,2340.594180,32115.133627,17445.174621,524.170623,29608.642499,34.596262,6323.186855,-33.299013,0.000903,False,False,False,False,True,True,True,1-circle,1.000000,4846.607053,20126.456472,0.030805,-0.184247,100.000000,100.000000,0.000000,0.000000,2,4,4,0.0000,0.0000,0.0000,0.5000,"Accelerate",-0.008315
3127,A0100,pursuit_chase_v1,UNKNOWN,16363.549808,29470.905064,2929.094936,2340.594180,32115.133627,17445.174621,524.170623,29608.642499,34.596262,6323.186855,-33.299013,0.000903,False,False,False,False,True,True,True,1-circle,1.000000,4846.607053,20126.456472,0.030805,-0.184247,100.000000,100.000000,0.000000,0.000000,2,4,4,0.0000,0.0000,0.0000,0.5000,"PursuitChaseOptimal",-0.012424
3127,B0100,aggressive,UNKNOWN,16363.549808,29470.905064,2929.094936,2340.594180,32115.133627,17445.174621,524.170623,29608.642499,34.596262,6323.186855,-33.299013,0.000903,False,False,False,False,True,True,True,1-circle,1.000000,4846.607053,20126.456472,0.030805,-0.184247,100.000000,100.000000,0.000000,0.000000,2,4,4,0.0000,0.0000,0.0000,0.5000,"Accelerate",0.006800
3128,A0100,pursuit_chase_v1,UNKNOWN,16370.038099,29475.644135,2924.355865,2339.909631,32129.388997,17445.794222,524.220297,29611.567614,58.502308,6311.486309,-33.443894,0.032975,False,False,False,False,True,True,True,1-circle,1.000000,4848.575528,19923.119431,-1.124957,0.010123,100.000000,100.000000,0.000000,0.000000,2,4,4,0.0000,0.0000,0.0000,0.5000,"PursuitChaseOptimal",-0.014694
3128,B0100,aggressive,UNKNOWN,16370.038099,29475.644135,2924.355865,2339.909631,32129.388997,17445.794222,524.220297,29611.567614,58.502308,6311.486309,-33.443894,0.032975,False,False,False,False,True,True,True,1-circle,1.000000,4848.575528,19923.119431,-1.124957,0.010123,100.000000,100.000000,0.000000,0.000000,2,4,4,0.0000,0.0000,0.0000,0.5000,"Accelerate",0.008889
3129,A0100,pursuit_chase_v1,UNKNOWN,16370.038099,29475.644135,2924.355865,2339.909631,32129.388997,17445.794222,524.220297,29611.567614,58.502308,6311.486309,-33.443894,0.032975,False,False,False,False,True,True,True,1-circle,1.000000,4848.575528,19923.119431,-1.124957,0.010123,100.000000,100.000000,0.000000,0.000000,2,4,4,0.0000,0.0000,0.0000,0.5000,"PursuitChaseOptimal",0.006431
3129,B0100,aggressive,UNKNOWN,16370.038099,29475.644135,2924.355865,2339.909631,32129.388997,17445.794222,524.220297,29611.567614,58.502308,6311.486309,-33.443894,0.032975,False,False,False,False,True,True,True,1-circle,1.000000,4848.575528,19923.119431,-1.124957,0.010123,100.000000,100.000000,0.000000,0.000000,2,4,4,0.0000,0.0000,0.0000,0.5000,"Accelerate",-0.010810
3130,A0100,pursuit_chase_v1,UNKNOWN,16376.541677,29477.740420,2922.259580,2338.251362,32145.802382,17446.389781,524.289802,29615.389452,76.436766,6300.762663,-33.583076,0.018875,False,False,False,False,True,True,True,1-circle,1.000000,4850.521478,20014.384090,-0.644057,-0.238652,100.000000,100.000000,0.000000,0.000000,2,5,4,0.0000,0.0000,0.0000,0.5000,"PursuitChaseOptimal",0.012700
3130,B0100,aggressive,UNKNOWN,16376.541677,29477.740420,2922.259580,2338.251362,32145.802382,17446.389781,524.289802,29615.389452,76.436766,6300.762663,-33.583076,0.018875,False,False,False,False,True,True,True,1-circle,1.000000,4850.521478,20014.384090,-0.644057,-0.238652,100.000000,100.000000,0.000000,0.000000,2,4,4,0.0000,0.0000,0.0000,0.5000,"Accelerate",-0.016567
3131,A0100,pursuit_chase_v1,UNKNOWN,16376.541677,29477.740420,2922.259580,2338.251362,32145.802382,17446.389781,524.289802,29615.389452,76.436766,6300.762663,-33.583076,0.018875,False,False,False,False,True,True,True,1-circle,1.000000,4850.521478,20014.384090,-0.644057,-0.238652,100.000000,100.000000,0.000000,0.000000,2,5,4,0.0000,0.0000,0.0000,0.5000,"PursuitChaseOptimal",0.025226
3131,B0100,aggressive,UNKNOWN,16376.541677,29477.740420,2922.259580,2338.251362,32145.802382,17446.389781,524.289802,29615.389452,76.436766,6300.762663,-33.583076,0.018875,False,False,False,False,True,True,True,1-circle,1.000000,4850.521478,20014.384090,-0.644057,-0.238652,100.000000,100.000000,0.000000,0.000000,2,4,4,0.0000,0.0000,0.0000,0.5000,"Accelerate",-0.028892
3132,A0100,pursuit_chase_v1,UNKNOWN,16382.996749,29482.733104,2917.266896,2337.747670,32160.483698,17447.052929,524.317725,29617.348817,39.187301,6273.559320,-33.810099,0.053216,False,False,False,False,True,True,True,1-circle,1.000000,4852.207230,19808.069460,-1.815443,-0.016934,100.000000,100.000000,0.000000,0.000000,2,5,4,0.0000,0.0000,0.0000,0.5000,"PursuitChaseOptimal",0.035499
3132,B0100,aggressive,UNKNOWN,16382.996749,29482.733104,2917.266896,2337.747670,32160.483698,17447.052929,524.317725,29617.348817,39.187301,6273.559320,-33.810099,0.053216,False,False,False,False,True,True,True,1-circle,1.000000,4852.207230,19808.069460,-1.815443,-0.016934,100.000000,100.000000,0.000000,0.000000,2,4,4,0.0000,0.0000,0.0000,0.5000,"Accelerate",-0.038938
3133,A0100,pursuit_chase_v1,UNKNOWN,16382.996749,29482.733104,2917.266896,2337.747670,32160.483698,17447.052929,524.317725,29617.348817,39.187301,6273.559320,-33.810099,0.053216,False,False,False,False,True,True,True,1-circle,1.000000,4852.207230,19808.069460,-1.815443,-0.016934,100.000000,100.000000,0.000000,0.000000,2,5,4,0.0000,0.0000,0.0000,0.5000,"PursuitChaseOptimal",0.041683
3133,B0100,aggressive,UNKNOWN,16382.996749,29482.733104,2917.266896,2337.747670,32160.483698,17447.052929,524.317725,29617.348817,39.187301,6273.559320,-33.810099,0.053216,False,False,False,False,True,True,True,1-circle,1.000000,4852.207230,19808.069460,-1.815443,-0.016934,100.000000,100.000000,0.000000,0.000000,2,4,4,0.0000,0.0000,0.0000,0.5000,"Accelerate",-0.044307
3134,A0100,pursuit_chase_v1,UNKNOWN,16389.396666,29477.017755,2922.982245,2336.466083,32175.654062,17447.657038,524.475093,29625.259578,158.215211,6242.382461,-34.028137,0.023233,False,False,False,False,True,True,True,1-circle,1.000000,4853.585494,20281.935166,0.793012,-0.162051,100.000000,100.000000,0.000000,0.000000,2,5,4,0.0000,0.0000,0.0000,0.5000,"PursuitChaseOptimal",0.030755
3134,B0100,aggressive,UNKNOWN,16389.396666,29477.017755,2922.982245,2336.466083,32175.654062,17447.657038,524.475093,29625.259578,158.215211,6242.382461,-34.028137,0.023233,False,False,False,False,True,True,True,1-circle,1.000000,4853.585494,20281.935166,0.793012,-0.162051,100.000000,100.000000,0.000000,0.000000,2,4,4,0.0000,0.0000,0.0000,0.5000,"Accelerate",-0.033262
3135,A0100,pursuit_chase_v1,UNKNOWN,16389.396666,29477.017755,2922.982245,2336.466083,32175.654062,17447.657038,524.475093,29625.259578,158.215211,6242.382461,-34.028137,0.023233,False,False,False,False,True,True,True,1-circle,1.000000,4853.585494,20281.935166,0.793012,-0.162051,100.000000,100.000000,0.000000,0.000000,2,5,4,0.0000,0.0000,0.0000,0.5000,"PursuitChaseOptimal",0.021112
3135,B0100,aggressive,UNKNOWN,16389.396666,29477.017755,2922.982245,2336.466083,32175.654062,17447.657038,524.475093,29625.259578,158.215211,6242.382461,-34.028137,0.023233,False,False,False,False,True,True,True,1-circle,1.000000,4853.585494,20281.935166,0.793012,-0.162051,100.000000,100.000000,0.000000,0.000000,2,4,4,0.0000,0.0000,0.0000,0.5000,"Accelerate",-0.024056
3136,A0100,pursuit_chase_v1,UNKNOWN,16395.710002,29489.535162,2910.464838,2332.267043,32193.156659,17448.299637,524.439959,29624.270693,-19.777691,6204.833228,-34.292515,0.042681,False,False,False,False,True,True,True,1-circle,1.000000,4854.518665,19881.068919,-1.456543,0.011083,100.000000,100.000000,0.000000,0.000000,2,5,4,0.0000,0.0000,0.0000,0.5000,"PursuitChaseOptimal",0.017117
3136,B0100,aggressive,UNKNOWN,16395.710002,29489.535162,2910.464838,2332.267043,32193.156659,17448.299637,524.439959,29624.270693,-19.777691,6204.833228,-34.292515,0.042681,False,False,False,False,True,True,True,1-circle,1.000000,4854.518665,19881.068919,-1.456543,0.011083,100.000000,100.000000,0.000000,0.000000,2,4,4,0.0000,0.0000,0.0000,0.5000,"Accelerate",-0.020775
3137,A0100,pursuit_chase_v1,UNKNOWN,16395.710002,29489.535162,2910.464838,2332.267043,32193.156659,17448.299637,524.439959,29624.270693,-19.777691,6204.833228,-34.292515,0.042681,False,False,False,False,True,True,True,1-circle,1.000000,4854.518665,19881.068919,-1.456543,0.011083,100.000000,100.000000,0.000000,0.000000,2,5,4,0.0000,0.0000,0.0000,0.5000,"PursuitChaseOptimal",0.012157
3137,B0100,aggressive,UNKNOWN,16395.710002,29489.535162,2910.464838,2332.267043,32193.156659,17448.299637,524.439959,29624.270693,-19.777691,6204.833228,-34.292515,0.042681,False,False,False,False,True,True,True,1-circle,1.000000,4854.518665,19881.068919,-1.456543,0.011083,100.000000,100.000000,0.000000,0.000000,2,4,4,0.0000,0.0000,0.0000,0.5000,"Accelerate",-0.016109
3138,A0100,pursuit_chase_v1,UNKNOWN,16401.947321,29487.078492,2912.921508,2330.202551,32205.571456,17448.975851,524.570412,29631.005164,134.689412,6174.331736,-34.173093,0.001835,False,False,False,False,True,True,True,1-circle,1.000000,4855.153958,20158.392224,0.062658,-0.083357,100.000000,100.000000,0.000000,0.000000,2,5,4,0.0000,0.0000,0.0000,0.5000,"PursuitChaseOptimal",0.006157
3138,B0100,aggressive,UNKNOWN,16401.947321,29487.078492,2912.921508,2330.202551,32205.571456,17448.975851,524.570412,29631.005164,134.689412,6174.331736,-34.173093,0.001835,False,False,False,False,True,True,True,1-circle,1.000000,4855.153958,20158.392224,0.062658,-0.083357,100.000000,100.000000,0.000000,0.000000,2,4,4,0.0000,0.0000,0.0000,0.5000,"Accelerate",-0.009998
3139,A0100,pursuit_chase_v1,UNKNOWN,16401.947321,29487.078492,2912.921508,2330.202551,32205.571456,17448.975851,524.570412,29631.005164,134.689412,6174.331736,-34.173093,0.001835,False,False,False,False,True,True,True,1-circle,1.000000,4855.153958,20158.392224,0.062658,-0.083357,100.000000,100.000000,0.000000,0.000000,2,5,4,0.0000,0.0000,0.0000,0.5000,"PursuitChaseOptimal",0.003043
3139,B0100,aggressive,UNKNOWN,16401.947321,29487.078492,2912.921508,2330.202551,32205.571456,17448.975851,524.570412,29631.005164,134.689412,6174.331736,-34.173093,0.001835,False,False,False,False,True,True,True,1-circle,1.000000,4855.153958,20158.392224,0.062658,-0.083357,100.000000,100.000000,0.000000,0.000000,2,4,4,0.0000,0.0000,0.0000,0.5000,"Accelerate",-0.006866
3140,A0100,pursuit_chase_v1,UNKNOWN,16408.102563,29496.911319,2903.088681,2303.414392,32223.958930,17449.668950,524.508893,29628.841137,-43.280538,6146.411814,-33.748666,0.062807,False,False,False,False,True,True,True,1-circle,1.000000,4855.656691,19765.125332,-2.143161,-0.137662,100.000000,100.000000,0.000000,0.000000,2,5,4,0.0000,0.0000,0.0000,0.5000,"PursuitChaseOptimal",-0.015063
3140,B0100,aggressive,UNKNOWN,16408.102563,29496.911319,2903.088681,2303.414392,32223.958930,17449.668950,524.508893,29628.841137,-43.280538,6146.411814,-33.748666,0.062807,False,False,False,False,True,True,True,1-circle,1.000000,4855.656691,19765.125332,-2.143161,-0.137662,100.000000,100.000000,0.000000,0.000000,3,8,0,0.0000,0.0000,0.0000,0.5000,"Pursue",0.009861
3141,A0100,pursuit_chase_v1,UNKNOWN,16408.102563,29496.911319,2903.088681,2303.414392,32223.958930,17449.668950,524.508893,29628.841137,-43.280538,6146.411814,-33.748666,0.062807,False,False,False,False,True,True,True,1-circle,1.000000,4855.656691,19765.125332,-2.143161,-0.137662,100.000000,100.000000,0.000000,0.000000,2,5,4,0.0000,0.0000,0.0000,0.5000,"PursuitChaseOptimal",-0.020480
3141,B0100,aggressive,UNKNOWN,16408.102563,29496.911319,2903.088681,2303.414392,32223.958930,17449.668950,524.508893,29628.841137,-43.280538,6146.411814,-33.748666,0.062807,False,False,False,False,True,True,True,1-circle,1.000000,4855.656691,19765.125332,-2.143161,-0.137662,100.000000,100.000000,0.000000,0.000000,3,8,0,0.0000,0.0000,0.0000,0.5000,"Pursue",0.014787
3142,A0100,pursuit_chase_v1,UNKNOWN,16414.185073,29498.710211,2901.289789,2242.786377,32238.904052,17450.415863,524.787612,29642.535274,273.882739,6161.627341,-32.743837,0.015595,False,False,False,False,True,True,True,1-circle,1.000000,4856.325800,20250.614444,0.532636,0.275361,100.000000,100.000000,0.000000,0.000000,2,5,4,0.0000,0.0000,0.0000,0.5000,"PursuitChaseOptimal",-0.020925
3142,B0100,aggressive,UNKNOWN,16414.185073,29498.710211,2901.289789,2242.786377,32238.904052,17450.415863,524.787612,29642.535274,273.882739,6161.627341,-32.743837,0.015595,False,False,False,False,True,True,True,1-circle,1.000000,4856.325800,20250.614444,0.532636,0.275361,100.000000,100.000000,0.000000,0.000000,3,8,0,0.0000,0.0000,0.0000,0.5000,"Pursue",0.015141
3143,A0100,pursuit_chase_v1,UNKNOWN,16414.185073,29498.710211,2901.289789,2242.786377,32238.904052,17450.415863,524.787612,29642.535274,273.882739,6161.627341,-32.743837,0.015595,False,False,False,False,True,True,True,1-circle,1.000000,4856.325800,20250.614444,0.532636,0.275361,100.000000,100.000000,0.000000,0.000000,2,5,4,0.0000,0.0000,0.0000,0.5000,"PursuitChaseOptimal",-0.022307
3143,B0100,aggressive,UNKNOWN,16414.185073,29498.710211,2901.289789,2242.786377,32238.904052,17450.415863,524.787612,29642.535274,273.882739,6161.627341,-32.743837,0.015595,False,False,False,False,True,True,True,1-circle,1.000000,4856.325800,20250.614444,0.532636,0.275361,100.000000,100.000000,0.000000,0.000000,3,8,0,0.0000,0.0000,0.0000,0.5000,"Pursue",0.016693
3144,A0100,pursuit_chase_v1,UNKNOWN,16420.214847,29500.321254,2899.678746,2154.180156,32250.865974,17451.150263,525.216666,29663.213807,413.570662,6192.331272,-31.282873,0.266126,False,False,False,False,True,True,True,1-circle,1.000000,4857.587069,21782.734730,9.021387,0.872592,100.000000,100.000000,0.000000,0.000000,2,4,4,0.0000,0.0000,0.0000,0.5000,"PursuitChaseOptimal",-0.019017
3144,B0100,aggressive,UNKNOWN,16420.214847,29500.321254,2899.678746,2154.180156,32250.865974,17451.150263,525.216666,29663.213807,413.570662,6192.331272,-31.282873,0.266126,False,False,False,False,True,True,True,1-circle,1.000000,4857.587069,21782.734730,9.021387,0.872592,100.000000,100.000000,0.000000,0.000000,3,8,0,0.0000,0.0000,0.0000,0.5000,"Pursue",0.014547
3145,A0100,pursuit_chase_v1,UNKNOWN,16420.214847,29500.321254,2899.678746,2154.180156,32250.865974,17451.150263,525.216666,29663.213807,413.570662,6192.331272,-31.282873,0.266126,False,False,False,False,True,True,True,1-circle,1.000000,4857.587069,21782.734730,9.021387,0.872592,100.000000,100.000000,0.000000,0.000000,2,4,4,0.0000,0.0000,0.0000,0.5000,"PursuitChaseOptimal",-0.026581
3145,B0100,aggressive,UNKNOWN,16420.214847,29500.321254,2899.678746,2154.180156,32250.865974,17451.150263,525.216666,29663.213807,413.570662,6192.331272,-31.282873,0.266126,False,False,False,False,True,True,True,1-circle,1.000000,4857.587069,21782.734730,9.021387,0.872592,100.000000,100.000000,0.000000,0.000000,3,8,0,0.0000,0.0000,0.0000,0.5000,"Pursue",0.023040
3146,A0100,pursuit_chase_v1,UNKNOWN,16426.158150,29543.213214,2856.786786,2059.937959,32248.889664,17452.074989,525.353523,29670.503621,145.796280,6214.297995,-30.131696,0.573411,False,False,False,False,True,True,True,1-circle,1.000000,4859.376243,23563.386469,18.889645,2.754681,100.000000,100.000000,0.000000,0.000000,2,4,4,0.0000,0.0000,0.0000,0.5000,"PursuitChaseOptimal",-0.029206
3146,B0100,aggressive,UNKNOWN,16426.158150,29543.213214,2856.786786,2059.937959,32248.889664,17452.074989,525.353523,29670.503621,145.796280,6214.297995,-30.131696,0.573411,False,False,False,False,True,True,True,1-circle,1.000000,4859.376243,23563.386469,18.889645,2.754681,100.000000,100.000000,0.000000,0.000000,3,8,0,0.0000,0.0000,0.0000,0.5000,"Pursue",0.026677
3147,A0100,pursuit_chase_v1,UNKNOWN,16426.158150,29543.213214,2856.786786,2059.937959,32248.889664,17452.074989,525.353523,29670.503621,145.796280,6214.297995,-30.131696,0.573411,False,False,False,False,True,True,True,1-circle,1.000000,4859.376243,23563.386469,18.889645,2.754681,100.000000,100.000000,0.000000,0.000000,2,4,4,0.0000,0.0000,0.0000,0.5000,"PursuitChaseOptimal",-0.031633
3147,B0100,aggressive,UNKNOWN,16426.158150,29543.213214,2856.786786,2059.937959,32248.889664,17452.074989,525.353523,29670.503621,145.796280,6214.297995,-30.131696,0.573411,False,False,False,False,True,True,True,1-circle,1.000000,4859.376243,23563.386469,18.889645,2.754681,100.000000,100.000000,0.000000,0.000000,3,8,0,0.0000,0.0000,0.0000,0.5000,"Pursue",0.029744
3148,A0100,pursuit_chase_v1,UNKNOWN,16431.990622,29632.787829,2767.212171,2006.223403,32215.044544,17453.748943,525.479952,29678.059134,151.110267,6239.813332,-30.127475,0.914968,False,False,False,False,True,True,True,1-circle,1.000000,4861.154587,25322.704212,28.640097,5.390324,100.000000,100.000000,0.000000,0.000000,2,4,4,0.0000,0.0000,0.0000,0.5000,"PursuitChaseOptimal",-0.025977
3148,B0100,aggressive,UNKNOWN,16431.990622,29632.787829,2767.212171,2006.223403,32215.044544,17453.748943,525.479952,29678.059134,151.110267,6239.813332,-30.127475,0.914968,False,False,False,False,True,True,True,1-circle,1.000000,4861.154587,25322.704212,28.640097,5.390324,100.000000,100.000000,0.000000,0.000000,3,8,0,0.0000,0.0000,0.0000,0.5000,"Pursue",0.024754
3149,A0100,pursuit_chase_v1,UNKNOWN,16431.990622,29632.787829,2767.212171,2006.223403,32215.044544,17453.748943,525.479952,29678.059134,151.110267,6239.813332,-30.127475,0.914968,False,False,False,False,True,True,True,1-circle,1.000000,4861.154587,25322.704212,28.640097,5.390324,100.000000,100.000000,0.000000,0.000000,2,4,4,0.0000,0.0000,0.0000,0.5000,"PursuitChaseOptimal",-0.015145
3149,B0100,aggressive,UNKNOWN,16431.990622,29632.787829,2767.212171,2006.223403,32215.044544,17453.748943,525.479952,29678.059134,151.110267,6239.813332,-30.127475,0.914968,False,False,False,False,True,True,True,1-circle,1.000000,4861.154587,25322.704212,28.640097,5.390324,100.000000,100.000000,0.000000,0.000000,3,8,0,0.0000,0.0000,0.0000,0.5000,"Pursue",0.014624
3150,A0100,pursuit_chase_v1,UNKNOWN,16437.742088,29731.372257,2668.627743,2022.392207,32148.495847,17456.493246,525.369601,29675.669735,-47.787993,6242.555760,-30.750279,1.335489,False,False,False,False,True,True,True,1-circle,1.000000,4862.424781,27111.217644,38.554837,6.536411,100.000000,100.000000,0.000000,0.000000,2,4,4,0.0000,0.0000,0.0000,0.5000,"PursuitChaseOptimal",-0.005477
3150,B0100,aggressive,UNKNOWN,16437.742088,29731.372257,2668.627743,2022.392207,32148.495847,17456.493246,525.369601,29675.669735,-47.787993,6242.555760,-30.750279,1.335489,False,False,False,False,True,True,True,1-circle,1.000000,4862.424781,27111.217644,38.554837,6.536411,100.000000,100.000000,0.000000,0.000000,3,8,0,0.0000,0.0000,0.0000,0.5000,"Pursue",0.005556
3151,A0100,pursuit_chase_v1,UNKNOWN,16437.742088,29731.372257,2668.627743,2022.392207,32148.495847,17456.493246,525.369601,29675.669735,-47.787993,6242.555760,-30.750279,1.335489,False,False,False,False,True,True,True,1-circle,1.000000,4862.424781,27111.217644,38.554837,6.536411,100.000000,100.000000,0.000000,0.000000,2,4,4,0.0000,0.0000,0.0000,0.5000,"PursuitChaseOptimal",0.000789
3151,B0100,aggressive,UNKNOWN,16437.742088,29731.372257,2668.627743,2022.392207,32148.495847,17456.493246,525.369601,29675.669735,-47.787993,6242.555760,-30.750279,1.335489,False,False,False,False,True,True,True,1-circle,1.000000,4862.424781,27111.217644,38.554837,6.536411,100.000000,100.000000,0.000000,0.000000,3,8,0,0.0000,0.0000,0.0000,0.5000,"Pursue",-0.000425
3152,A0100,pursuit_chase_v1,UNKNOWN,16443.359671,29818.084376,2581.915624,2103.798844,32051.425274,17460.317834,524.924486,29658.797937,-337.435960,6221.566763,-31.528614,1.904626,False,False,False,False,True,True,True,1-circle,1.000000,4862.821447,28929.671199,48.638598,7.159002,100.000000,100.000000,0.000000,0.000000,2,4,4,0.0000,0.0000,0.0000,0.5000,"PursuitChaseOptimal",0.005426
3152,B0100,aggressive,UNKNOWN,16443.359671,29818.084376,2581.915624,2103.798844,32051.425274,17460.317834,524.924486,29658.797937,-337.435960,6221.566763,-31.528614,1.904626,False,False,False,False,True,True,True,1-circle,1.000000,4862.821447,28929.671199,48.638598,7.159002,100.000000,100.000000,0.000000,0.000000,3,8,0,0.0000,0.0000,0.0000,0.5000,"Pursue",-0.004272
3153,A0100,pursuit_chase_v1,UNKNOWN,16443.359671,29818.084376,2581.915624,2103.798844,32051.425274,17460.317834,524.924486,29658.797937,-337.435960,6221.566763,-31.528614,1.904626,False,False,False,False,True,True,True,1-circle,1.000000,4862.821447,28929.671199,48.638598,7.159002,100.000000,100.000000,0.000000,0.000000,2,4,4,0.0000,0.0000,0.0000,0.5000,"PursuitChaseOptimal",-0.003564
3153,B0100,aggressive,UNKNOWN,16443.359671,29818.084376,2581.915624,2103.798844,32051.425274,17460.317834,524.924486,29658.797937,-337.435960,6221.566763,-31.528614,1.904626,False,False,False,False,True,True,True,1-circle,1.000000,4862.821447,28929.671199,48.638598,7.159002,100.000000,100.000000,0.000000,0.000000,3,8,0,0.0000,0.0000,0.0000,0.5000,"Pursue",0.004604
3154,A0100,pursuit_chase_v1,UNKNOWN,16448.817009,29899.905137,2500.094863,2221.383829,31928.394169,17465.183434,524.286015,29634.007280,-495.813134,6190.900382,-32.167774,2.260934,False,False,False,False,True,True,True,1-circle,1.000000,4862.195092,29790.976746,53.407578,7.840986,100.000000,100.000000,0.000000,0.000000,2,4,4,0.0000,0.0000,0.0000,0.5000,"PursuitChaseOptimal",-0.013283
3154,B0100,aggressive,UNKNOWN,16448.817009,29899.905137,2500.094863,2221.383829,31928.394169,17465.183434,524.286015,29634.007280,-495.813134,6190.900382,-32.167774,2.260934,False,False,False,False,True,True,True,1-circle,1.000000,4862.195092,29790.976746,53.407578,7.840986,100.000000,100.000000,0.000000,0.000000,3,8,0,0.0000,0.0000,0.0000,0.5000,"Pursue",0.013928
3155,A0100,pursuit_chase_v1,UNKNOWN,16448.817009,29899.905137,2500.094863,2221.383829,31928.394169,17465.183434,524.286015,29634.007280,-495.813134,6190.900382,-32.167774,2.260934,False,False,False,False,True,True,True,1-circle,1.000000,4862.195092,29790.976746,53.407578,7.840986,100.000000,100.000000,0.000000,0.000000,2,4,4,0.0000,0.0000,0.0000,0.5000,"PursuitChaseOptimal",-0.025614
3155,B0100,aggressive,UNKNOWN,16448.817009,29899.905137,2500.094863,2221.383829,31928.394169,17465.183434,524.286015,29634.007280,-495.813134,6190.900382,-32.167774,2.260934,False,False,False,False,True,True,True,1-circle,1.000000,4862.195092,29790.976746,53.407578,7.840986,100.000000,100.000000,0.000000,0.000000,3,8,0,0.0000,0.0000,0.0000,0.5000,"Pursue",0.025874
3156,A0100,pursuit_chase_v1,UNKNOWN,16454.025975,29964.036250,2435.963750,2358.847962,31788.109824,17471.087098,523.497526,29603.336376,-613.418085,6137.130175,-31.891215,2.583013,False,False,False,False,True,True,True,1-circle,1.000000,4860.625671,30430.518843,56.946509,8.292689,100.000000,100.000000,0.000000,0.000000,2,4,4,0.0000,0.0000,0.0000,0.5000,"PursuitChaseOptimal",-0.025823
3156,B0100,aggressive,UNKNOWN,16454.025975,29964.036250,2435.963750,2358.847962,31788.109824,17471.087098,523.497526,29603.336376,-613.418085,6137.130175,-31.891215,2.583013,False,False,False,False,True,True,True,1-circle,1.000000,4860.625671,30430.518843,56.946509,8.292689,100.000000,100.000000,0.000000,0.000000,3,8,0,0.0000,0.0000,0.0000,0.5000,"Pursue",0.026224
3157,A0100,pursuit_chase_v1,UNKNOWN,16454.025975,29964.036250,2435.963750,2358.847962,31788.109824,17471.087098,523.497526,29603.336376,-613.418085,6137.130175,-31.891215,2.583013,False,False,False,False,True,True,True,1-circle,1.000000,4860.625671,30430.518843,56.946509,8.292689,100.000000,100.000000,0.000000,0.000000,2,4,4,0.0000,0.0000,0.0000,0.5000,"PursuitChaseOptimal",-0.027458
3157,B0100,aggressive,UNKNOWN,16454.025975,29964.036250,2435.963750,2358.847962,31788.109824,17471.087098,523.497526,29603.336376,-613.418085,6137.130175,-31.891215,2.583013,False,False,False,False,True,True,True,1-circle,1.000000,4860.625671,30430.518843,56.946509,8.292689,100.000000,100.000000,0.000000,0.000000,3,8,0,0.0000,0.0000,0.0000,0.5000,"Pursue",0.027910
3158,A0100,pursuit_chase_v1,UNKNOWN,16458.936203,30008.316068,2391.683932,2506.486065,31640.278616,17477.944006,522.665845,29571.674901,-633.229497,6084.253268,-31.275472,2.987840,False,False,False,False,True,True,True,1-circle,1.000000,4858.323270,31091.526456,60.605588,8.658513,100.000000,100.000000,0.000000,0.000000,2,4,4,0.0000,0.0000,0.0000,0.5000,"PursuitChaseOptimal",-0.016623
3158,B0100,aggressive,UNKNOWN,16458.936203,30008.316068,2391.683932,2506.486065,31640.278616,17477.944006,522.665845,29571.674901,-633.229497,6084.253268,-31.275472,2.987840,False,False,False,False,True,True,True,1-circle,1.000000,4858.323270,31091.526456,60.605588,8.658513,100.000000,100.000000,0.000000,0.000000,3,8,0,0.0000,0.0000,0.0000,0.5000,"Pursue",0.017682
3159,A0100,pursuit_chase_v1,UNKNOWN,16458.936203,30008.316068,2391.683932,2506.486065,31640.278616,17477.944006,522.665845,29571.674901,-633.229497,6084.253268,-31.275472,2.987840,False,False,False,False,True,True,True,1-circle,1.000000,4858.323270,31091.526456,60.605588,8.658513,100.000000,100.000000,0.000000,0.000000,2,4,4,0.0000,0.0000,0.0000,0.5000,"PursuitChaseOptimal",-0.000771
3159,B0100,aggressive,UNKNOWN,16458.936203,30008.316068,2391.683932,2506.486065,31640.278616,17477.944006,522.665845,29571.674901,-633.229497,6084.253268,-31.275472,2.987840,False,False,False,False,True,True,True,1-circle,1.000000,4858.323270,31091.526456,60.605588,8.658513,100.000000,100.000000,0.000000,0.000000,3,8,0,0.0000,0.0000,0.0000,0.5000,"Pursue",0.002640
3160,A0100,pursuit_chase_v1,UNKNOWN,16463.547708,30029.888361,2370.111639,2673.554472,31486.656753,17485.649150,521.820605,29540.296382,-627.570382,6036.905178,-30.818295,3.502938,False,False,False,False,True,True,True,1-circle,1.000000,4855.330526,31759.569329,64.304321,8.939628,100.000000,100.000000,0.000000,0.000000,2,4,4,0.0000,0.0000,0.0000,0.5000,"PursuitChaseOptimal",0.017740
3160,B0100,aggressive,UNKNOWN,16463.547708,30029.888361,2370.111639,2673.554472,31486.656753,17485.649150,521.820605,29540.296382,-627.570382,6036.905178,-30.818295,3.502938,False,False,False,False,True,True,True,1-circle,1.000000,4855.330526,31759.569329,64.304321,8.939628,100.000000,100.000000,0.000000,0.000000,3,8,0,0.0000,0.0000,0.0000,0.5000,"Pursue",-0.014923
3161,A0100,pursuit_chase_v1,UNKNOWN,16463.547708,30029.888361,2370.111639,2673.554472,31486.656753,17485.649150,521.820605,29540.296382,-627.570382,6036.905178,-30.818295,3.502938,False,False,False,False,True,True,True,1-circle,1.000000,4855.330526,31759.569329,64.304321,8.939628,100.000000,100.000000,0.000000,0.000000,2,4,4,0.0000,0.0000,0.0000,0.5000,"PursuitChaseOptimal",0.034623
3161,B0100,aggressive,UNKNOWN,16463.547708,30029.888361,2370.111639,2673.554472,31486.656753,17485.649150,521.820605,29540.296382,-627.570382,6036.905178,-30.818295,3.502938,False,False,False,False,True,True,True,1-circle,1.000000,4855.330526,31759.569329,64.304321,8.939628,100.000000,100.000000,0.000000,0.000000,3,8,0,0.0000,0.0000,0.0000,0.5000,"Pursue",-0.030871
3162,A0100,pursuit_chase_v1,UNKNOWN,16467.841107,30027.994371,2372.005629,2860.855555,31328.135831,17494.088006,520.967931,29509.371971,-618.488211,5984.970407,-30.529836,4.187580,False,False,False,False,True,True,True,1-circle,1.000000,4851.475122,-32364.639880,68.047134,9.137829,100.000000,100.000000,0.000000,0.000000,2,4,4,0.0000,0.0000,0.0000,0.5000,"PursuitChaseOptimal",0.051242
3162,B0100,aggressive,UNKNOWN,16467.841107,30027.994371,2372.005629,2860.855555,31328.135831,17494.088006,520.967931,29509.371971,-618.488211,5984.970407,-30.529836,4.187580,False,False,False,False,True,True,True,1-circle,1.000000,4851.475122,-32364.639880,68.047134,9.137829,100.000000,100.000000,0.000000,0.000000,3,8,0,0.0000,0.0000,0.0000,0.5000,"Pursue",-0.046468
3163,A0100,pursuit_chase_v1,UNKNOWN,16467.841107,30027.994371,2372.005629,2860.855555,31328.135831,17494.088006,520.967931,29509.371971,-618.488211,5984.970407,-30.529836,4.187580,False,False,False,False,True,True,True,1-circle,1.000000,4851.475122,-32364.639880,68.047134,9.137829,100.000000,100.000000,0.000000,0.000000,2,4,4,0.0000,0.0000,0.0000,0.5000,"PursuitChaseOptimal",0.059874
3163,B0100,aggressive,UNKNOWN,16467.841107,30027.994371,2372.005629,2860.855555,31328.135831,17494.088006,520.967931,29509.371971,-618.488211,5984.970407,-30.529836,4.187580,False,False,False,False,True,True,True,1-circle,1.000000,4851.475122,-32364.639880,68.047134,9.137829,100.000000,100.000000,0.000000,0.000000,3,8,0,0.0000,0.0000,0.0000,0.5000,"Pursue",-0.054370
3164,A0100,pursuit_chase_v1,UNKNOWN,16471.796634,30002.674474,2397.325526,3058.755208,31165.574086,17503.140398,520.113114,29479.026778,-606.903865,5935.115389,-30.329679,5.150450,False,False,False,False,True,True,True,1-circle,1.000000,4846.578017,-31681.663696,71.831469,9.252022,100.000000,100.000000,0.000000,0.000000,2,4,4,0.0000,0.0000,0.0000,0.5000,"PursuitChaseOptimal",0.041126
3164,B0100,aggressive,UNKNOWN,16471.796634,30002.674474,2397.325526,3058.755208,31165.574086,17503.140398,520.113114,29479.026778,-606.903865,5935.115389,-30.329679,5.150450,False,False,False,False,True,True,True,1-circle,1.000000,4846.578017,-31681.663696,71.831469,9.252022,100.000000,100.000000,0.000000,0.000000,3,8,0,0.0000,0.0000,0.0000,0.5000,"Pursue",-0.036377
3165,A0100,pursuit_chase_v1,UNKNOWN,16471.796634,30002.674474,2397.325526,3058.755208,31165.574086,17503.140398,520.113114,29479.026778,-606.903865,5935.115389,-30.329679,5.150450,False,False,False,False,True,True,True,1-circle,1.000000,4846.578017,-31681.663696,71.831469,9.252022,100.000000,100.000000,0.000000,0.000000,2,4,4,0.0000,0.0000,0.0000,0.5000,"PursuitChaseOptimal",0.025924
3165,B0100,aggressive,UNKNOWN,16471.796634,30002.674474,2397.325526,3058.755208,31165.574086,17503.140398,520.113114,29479.026778,-606.903865,5935.115389,-30.329679,5.150450,False,False,False,False,True,True,True,1-circle,1.000000,4846.578017,-31681.663696,71.831469,9.252022,100.000000,100.000000,0.000000,0.000000,3,8,0,0.0000,0.0000,0.0000,0.5000,"Pursue",-0.021867
3166,A0100,pursuit_chase_v1,UNKNOWN,16475.394421,29954.637986,2445.362014,3257.917849,30999.763443,17512.681576,519.260300,29449.327125,-593.993067,5879.594976,-29.486081,6.618256,False,False,False,False,True,True,True,1-circle,1.000000,4840.729601,-30991.974310,75.654262,9.280427,100.000000,100.000000,0.000000,0.000000,2,4,4,0.0000,0.0000,0.0000,0.5000,"PursuitChaseOptimal",0.026054
3166,B0100,aggressive,UNKNOWN,16475.394421,29954.637986,2445.362014,3257.917849,30999.763443,17512.681576,519.260300,29449.327125,-593.993067,5879.594976,-29.486081,6.618256,False,False,False,False,True,True,True,1-circle,1.000000,4840.729601,-30991.974310,75.654262,9.280427,100.000000,100.000000,0.000000,0.000000,3,8,0,0.0000,0.0000,0.0000,0.5000,"Pursue",-0.021863
3167,A0100,pursuit_chase_v1,UNKNOWN,16475.394421,29954.637986,2445.362014,3257.917849,30999.763443,17512.681576,519.260300,29449.327125,-593.993067,5879.594976,-29.486081,6.618256,False,False,False,False,True,True,True,1-circle,1.000000,4840.729601,-30991.974310,75.654262,9.280427,100.000000,100.000000,0.000000,0.000000,2,4,4,0.0000,0.0000,0.0000,0.5000,"PursuitChaseOptimal",0.015754
3167,B0100,aggressive,UNKNOWN,16475.394421,29954.637986,2445.362014,3257.917849,30999.763443,17512.681576,519.260300,29449.327125,-593.993067,5879.594976,-29.486081,6.618256,False,False,False,False,True,True,True,1-circle,1.000000,4840.729601,-30991.974310,75.654262,9.280427,100.000000,100.000000,0.000000,0.000000,3,8,0,0.0000,0.0000,0.0000,0.5000,"Pursue",-0.012056
3168,A0100,pursuit_chase_v1,UNKNOWN,16478.592185,29885.204293,2514.795707,3452.711818,30831.521793,17522.583045,518.413087,29420.309276,-580.356984,5813.646490,-27.939644,9.155578,False,False,False,False,True,True,True,1-circle,1.000000,4834.220650,-30296.001870,79.511809,9.221135,100.000000,100.000000,0.000000,0.000000,2,4,4,0.0000,0.0000,0.0000,0.5000,"PursuitChaseOptimal",-0.013224
3168,B0100,aggressive,UNKNOWN,16478.592185,29885.204293,2514.795707,3452.711818,30831.521793,17522.583045,518.413087,29420.309276,-580.356984,5813.646490,-27.939644,9.155578,False,False,False,False,True,True,True,1-circle,1.000000,4834.220650,-30296.001870,79.511809,9.221135,100.000000,100.000000,0.000000,0.000000,3,8,0,0.0000,0.0000,0.0000,0.5000,"Pursue",0.015268
3169,A0100,pursuit_chase_v1,UNKNOWN,16478.592185,29885.204293,2514.795707,3452.711818,30831.521793,17522.583045,518.413087,29420.309276,-580.356984,5813.646490,-27.939644,9.155578,False,False,False,False,True,True,True,1-circle,1.000000,4834.220650,-30296.001870,79.511809,9.221135,100.000000,100.000000,0.000000,0.000000,2,4,4,0.0000,0.0000,0.0000,0.5000,"PursuitChaseOptimal",-0.022149
3169,B0100,aggressive,UNKNOWN,16478.592185,29885.204293,2514.795707,3452.711818,30831.521793,17522.583045,518.413087,29420.309276,-580.356984,5813.646490,-27.939644,9.155578,False,False,False,False,True,True,True,1-circle,1.000000,4834.220650,-30296.001870,79.511809,9.221135,100.000000,100.000000,0.000000,0.000000,3,8,0,0.0000,0.0000,0.0000,0.5000,"Pursue",0.023720
3170,A0100,pursuit_chase_v1,UNKNOWN,16481.368295,29796.201771,2603.798229,3650.897706,30661.687253,17532.713259,517.574786,29391.992113,-566.343244,5746.803568,-25.774869,14.668759,False,False,False,False,True,True,True,1-circle,1.000000,4827.375418,-29594.236987,83.399959,9.072462,100.000000,100.000000,0.000000,0.000000,2,4,4,0.0000,0.0000,0.0000,0.5000,"PursuitChaseOptimal",-0.007296
3170,B0100,aggressive,UNKNOWN,16481.368295,29796.201771,2603.798229,3650.897706,30661.687253,17532.713259,517.574786,29391.992113,-566.343244,5746.803568,-25.774869,14.668759,False,False,False,False,True,True,True,1-circle,1.000000,4827.375418,-29594.236987,83.399959,9.072462,100.000000,100.000000,0.000000,0.000000,3,8,0,0.0000,0.0000,0.0000,0.5000,"Pursue",0.009777
3171,A0100,pursuit_chase_v1,UNKNOWN,16481.368295,29796.201771,2603.798229,3650.897706,30661.687253,17532.713259,517.574786,29391.992113,-566.343244,5746.803568,-25.774869,14.668759,False,False,False,False,True,True,True,1-circle,1.000000,4827.375418,-29594.236987,83.399959,9.072462,100.000000,100.000000,0.000000,0.000000,2,4,4,0.0000,0.0000,0.0000,0.5000,"PursuitChaseOptimal",0.005008
3171,B0100,aggressive,UNKNOWN,16481.368295,29796.201771,2603.798229,3650.897706,30661.687253,17532.713259,517.574786,29391.992113,-566.343244,5746.803568,-25.774869,14.668759,False,False,False,False,True,True,True,1-circle,1.000000,4827.375418,-29594.236987,83.399959,9.072462,100.000000,100.000000,0.000000,0.000000,3,8,0,0.0000,0.0000,0.0000,0.5000,"Pursue",-0.001788
3172,A0100,pursuit_chase_v1,UNKNOWN,16483.702528,29687.593385,2712.406615,3846.269023,30489.110457,17542.935715,516.723972,29363.256895,-574.704358,5670.723808,-23.190736,33.879137,False,False,False,False,True,True,True,1-circle,1.000000,4820.420791,-28920.806581,87.128082,8.843515,100.000000,100.000000,0.000000,0.000000,2,4,4,0.0000,0.0000,0.0000,0.5000,"PursuitChaseOptimal",-0.000508
3172,B0100,aggressive,UNKNOWN,16483.702528,29687.593385,2712.406615,3846.269023,30489.110457,17542.935715,516.723972,29363.256895,-574.704358,5670.723808,-23.190736,33.879137,False,False,False,False,True,True,True,1-circle,1.000000,4820.420791,-28920.806581,87.128082,8.843515,100.000000,100.000000,0.000000,0.000000,3,8,0,0.0000,0.0000,0.0000,0.5000,"Pursue",0.003977
3173,A0100,pursuit_chase_v1,UNKNOWN,16483.702528,29687.593385,2712.406615,3846.269023,30489.110457,17542.935715,516.723972,29363.256895,-574.704358,5670.723808,-23.190736,33.879137,False,False,False,False,True,True,True,1-circle,1.000000,4820.420791,-28920.806581,87.128082,8.843515,100.000000,100.000000,0.000000,0.000000,2,4,4,0.0000,0.0000,0.0000,0.5000,"PursuitChaseOptimal",-0.013413
3173,B0100,aggressive,UNKNOWN,16483.702528,29687.593385,2712.406615,3846.269023,30489.110457,17542.935715,516.723972,29363.256895,-574.704358,5670.723808,-23.190736,33.879137,False,False,False,False,True,True,True,1-circle,1.000000,4820.420791,-28920.806581,87.128082,8.843515,100.000000,100.000000,0.000000,0.000000,3,8,0,0.0000,0.0000,0.0000,0.5000,"Pursue",0.016758
3174,A0100,pursuit_chase_v1,UNKNOWN,16485.512997,29559.110305,2840.889695,4058.547952,30299.761001,17553.139251,515.664583,29325.042027,-764.297363,5584.243653,-19.995836,27.794007,False,False,False,False,True,True,True,1-circle,1.000000,4813.382802,-29031.938742,86.494591,8.663933,100.000000,100.000000,0.000000,0.000000,2,4,4,0.0000,0.0000,0.0000,0.5000,"PursuitChaseOptimal",-0.027620
3174,B0100,aggressive,UNKNOWN,16485.512997,29559.110305,2840.889695,4058.547952,30299.761001,17553.139251,515.664583,29325.042027,-764.297363,5584.243653,-19.995836,27.794007,False,False,False,False,True,True,True,1-circle,1.000000,4813.382802,-29031.938742,86.494591,8.663933,100.000000,100.000000,0.000000,0.000000,3,8,0,0.0000,0.0000,0.0000,0.5000,"Pursue",0.030684
3175,A0100,pursuit_chase_v1,UNKNOWN,16485.512997,29559.110305,2840.889695,4058.547952,30299.761001,17553.139251,515.664583,29325.042027,-764.297363,5584.243653,-19.995836,27.794007,False,False,False,False,True,True,True,1-circle,1.000000,4813.382802,-29031.938742,86.494591,8.663933,100.000000,100.000000,0.000000,0.000000,2,4,4,0.0000,0.0000,0.0000,0.5000,"PursuitChaseOptimal",-0.027492
3175,B0100,aggressive,UNKNOWN,16485.512997,29559.110305,2840.889695,4058.547952,30299.761001,17553.139251,515.664583,29325.042027,-764.297363,5584.243653,-19.995836,27.794007,False,False,False,False,True,True,True,1-circle,1.000000,4813.382802,-29031.938742,86.494591,8.663933,100.000000,100.000000,0.000000,0.000000,3,8,0,0.0000,0.0000,0.0000,0.5000,"Pursue",0.031028
3176,A0100,pursuit_chase_v1,UNKNOWN,16486.747627,29423.630333,2976.369667,4279.147717,30104.952985,17563.343288,514.508050,29282.501219,-850.816158,5502.890474,-16.526522,14.410250,False,False,False,False,True,True,True,1-circle,1.000000,4806.375862,-29612.630320,83.248736,8.461470,100.000000,100.000000,0.000000,0.000000,2,4,4,0.0000,0.0000,0.0000,0.5000,"PursuitChaseOptimal",-0.009623
3176,B0100,aggressive,UNKNOWN,16486.747627,29423.630333,2976.369667,4279.147717,30104.952985,17563.343288,514.508050,29282.501219,-850.816158,5502.890474,-16.526522,14.410250,False,False,False,False,True,True,True,1-circle,1.000000,4806.375862,-29612.630320,83.248736,8.461470,100.000000,100.000000,0.000000,0.000000,3,8,0,0.0000,0.0000,0.0000,0.5000,"Pursue",0.014700
3177,A0100,pursuit_chase_v1,UNKNOWN,16486.747627,29423.630333,2976.369667,4279.147717,30104.952985,17563.343288,514.508050,29282.501219,-850.816158,5502.890474,-16.526522,14.410250,False,False,False,False,True,True,True,1-circle,1.000000,4806.375862,-29612.630320,83.248736,8.461470,100.000000,100.000000,0.000000,0.000000,2,4,4,0.0000,0.0000,0.0000,0.5000,"PursuitChaseOptimal",0.000180
3177,B0100,aggressive,UNKNOWN,16486.747627,29423.630333,2976.369667,4279.147717,30104.952985,17563.343288,514.508050,29282.501219,-850.816158,5502.890474,-16.526522,14.410250,False,False,False,False,True,True,True,1-circle,1.000000,4806.375862,-29612.630320,83.248736,8.461470,100.000000,100.000000,0.000000,0.000000,3,8,0,0.0000,0.0000,0.0000,0.5000,"Pursue",0.005979
3178,A0100,pursuit_chase_v1,UNKNOWN,16487.363600,29294.567938,3105.432062,4495.220879,29916.773635,17573.629107,513.388182,29241.827160,-813.481194,5412.299879,-13.144967,9.775488,False,False,False,False,True,True,True,1-circle,1.000000,4799.295084,-30178.303998,80.082987,8.349282,100.000000,100.000000,0.000000,0.000000,2,4,4,0.0000,0.0000,0.0000,0.5000,"PursuitChaseOptimal",0.004098
3178,B0100,aggressive,UNKNOWN,16487.363600,29294.567938,3105.432062,4495.220879,29916.773635,17573.629107,513.388182,29241.827160,-813.481194,5412.299879,-13.144967,9.775488,False,False,False,False,True,True,True,1-circle,1.000000,4799.295084,-30178.303998,80.082987,8.349282,100.000000,100.000000,0.000000,0.000000,3,8,0,0.0000,0.0000,0.0000,0.5000,"Pursue",0.002124
3179,A0100,pursuit_chase_v1,UNKNOWN,16487.363600,29294.567938,3105.432062,4495.220879,29916.773635,17573.629107,513.388182,29241.827160,-813.481194,5412.299879,-13.144967,9.775488,False,False,False,False,True,True,True,1-circle,1.000000,4799.295084,-30178.303998,80.082987,8.349282,100.000000,100.000000,0.000000,0.000000,2,4,4,0.0000,0.0000,0.0000,0.5000,"PursuitChaseOptimal",-0.010763
3179,B0100,aggressive,UNKNOWN,16487.363600,29294.567938,3105.432062,4495.220879,29916.773635,17573.629107,513.388182,29241.827160,-813.481194,5412.299879,-13.144967,9.775488,False,False,False,False,True,True,True,1-circle,1.000000,4799.295084,-30178.303998,80.082987,8.349282,100.000000,100.000000,0.000000,0.000000,3,8,0,0.0000,0.0000,0.0000,0.5000,"Pursue",0.016138
3180,A0100,pursuit_chase_v1,UNKNOWN,16487.339687,29171.330804,3228.669196,4694.325673,29746.888373,17584.056845,512.486488,29211.303825,-610.466684,5335.878000,-10.079388,12.287393,False,False,False,False,True,True,True,1-circle,1.000000,4791.947994,-29816.086171,82.069766,8.197615,100.000000,100.000000,0.000000,0.000000,2,4,4,0.0000,0.0000,0.0000,0.5000,"PursuitChaseOptimal",-0.018046
3180,B0100,aggressive,UNKNOWN,16487.339687,29171.330804,3228.669196,4694.325673,29746.888373,17584.056845,512.486488,29211.303825,-610.466684,5335.878000,-10.079388,12.287393,False,False,False,False,True,True,True,1-circle,1.000000,4791.947994,-29816.086171,82.069766,8.197615,100.000000,100.000000,0.000000,0.000000,3,8,0,0.0000,0.0000,0.0000,0.5000,"Pursue",0.023185
3181,A0100,pursuit_chase_v1,UNKNOWN,16487.339687,29171.330804,3228.669196,4694.325673,29746.888373,17584.056845,512.486488,29211.303825,-610.466684,5335.878000,-10.079388,12.287393,False,False,False,False,True,True,True,1-circle,1.000000,4791.947994,-29816.086171,82.069766,8.197615,100.000000,100.000000,0.000000,0.000000,2,4,4,0.0000,0.0000,0.0000,0.5000,"PursuitChaseOptimal",0.000127
3181,B0100,aggressive,UNKNOWN,16487.339687,29171.330804,3228.669196,4694.325673,29746.888373,17584.056845,512.486488,29211.303825,-610.466684,5335.878000,-10.079388,12.287393,False,False,False,False,True,True,True,1-circle,1.000000,4791.947994,-29816.086171,82.069766,8.197615,100.000000,100.000000,0.000000,0.000000,3,8,0,0.0000,0.0000,0.0000,0.5000,"Pursue",0.006087
3182,A0100,pursuit_chase_v1,UNKNOWN,16486.763855,29042.840961,3357.159039,4890.566322,29581.598002,17594.542290,511.655656,29184.120150,-543.673510,5265.953771,-6.947481,21.336041,False,False,False,False,True,True,True,1-circle,1.000000,4784.488211,-29210.230897,85.407213,8.099932,100.000000,100.000000,0.000000,0.000000,2,4,4,0.0000,0.0000,0.0000,0.5000,"PursuitChaseOptimal",0.003653
3182,B0100,aggressive,UNKNOWN,16486.763855,29042.840961,3357.159039,4890.566322,29581.598002,17594.542290,511.655656,29184.120150,-543.673510,5265.953771,-6.947481,21.336041,False,False,False,False,True,True,True,1-circle,1.000000,4784.488211,-29210.230897,85.407213,8.099932,100.000000,100.000000,0.000000,0.000000,3,8,0,0.0000,0.0000,0.0000,0.5000,"Pursue",0.003424
3183,A0100,pursuit_chase_v1,UNKNOWN,16486.763855,29042.840961,3357.159039,4890.566322,29581.598002,17594.542290,511.655656,29184.120150,-543.673510,5265.953771,-6.947481,21.336041,False,False,False,False,True,True,True,1-circle,1.000000,4784.488211,-29210.230897,85.407213,8.099932,100.000000,100.000000,0.000000,0.000000,2,4,4,0.0000,0.0000,0.0000,0.5000,"PursuitChaseOptimal",-0.014556
3183,B0100,aggressive,UNKNOWN,16486.763855,29042.840961,3357.159039,4890.566322,29581.598002,17594.542290,511.655656,29184.120150,-543.673510,5265.953771,-6.947481,21.336041,False,False,False,False,True,True,True,1-circle,1.000000,4784.488211,-29210.230897,85.407213,8.099932,100.000000,100.000000,0.000000,0.000000,3,8,0,0.0000,0.0000,0.0000,0.5000,"Pursue",0.021413
3184,A0100,pursuit_chase_v1,UNKNOWN,16485.554834,28898.193622,3501.806378,5100.936867,29400.384354,17605.010581,510.624091,29147.903323,-724.336547,5181.088549,-3.158266,16.903437,False,False,False,False,True,True,True,1-circle,1.000000,4776.918438,-29421.809807,84.200268,8.044869,100.000000,100.000000,0.000000,0.000000,2,4,4,0.0000,0.0000,0.0000,0.5000,"PursuitChaseOptimal",-0.019642
3184,B0100,aggressive,UNKNOWN,16485.554834,28898.193622,3501.806378,5100.936867,29400.384354,17605.010581,510.624091,29147.903323,-724.336547,5181.088549,-3.158266,16.903437,False,False,False,False,True,True,True,1-circle,1.000000,4776.918438,-29421.809807,84.200268,8.044869,100.000000,100.000000,0.000000,0.000000,3,8,0,0.0000,0.0000,0.0000,0.5000,"Pursue",0.026751
3185,A0100,pursuit_chase_v1,UNKNOWN,16485.554834,28898.193622,3501.806378,5100.936867,29400.384354,17605.010581,510.624091,29147.903323,-724.336547,5181.088549,-3.158266,16.903437,False,False,False,False,True,True,True,1-circle,1.000000,4776.918438,-29421.809807,84.200268,8.044869,100.000000,100.000000,0.000000,0.000000,2,4,4,0.0000,0.0000,0.0000,0.5000,"PursuitChaseOptimal",0.000393
3185,B0100,aggressive,UNKNOWN,16485.554834,28898.193622,3501.806378,5100.936867,29400.384354,17605.010581,510.624091,29147.903323,-724.336547,5181.088549,-3.158266,16.903437,False,False,False,False,True,True,True,1-circle,1.000000,4776.918438,-29421.809807,84.200268,8.044869,100.000000,100.000000,0.000000,0.000000,3,8,0,0.0000,0.0000,0.0000,0.5000,"Pursue",0.008153
3186,A0100,pursuit_chase_v1,UNKNOWN,16483.641534,28754.625876,3645.374124,5316.881743,29218.723641,17615.510053,509.549654,29109.877591,-760.514640,5094.701769,0.692641,10.668078,False,False,False,False,True,True,True,1-circle,1.000000,4769.263686,-30020.164501,80.841061,7.956070,100.000000,100.000000,0.000000,0.000000,2,4,4,0.0000,0.0000,0.0000,0.5000,"PursuitChaseOptimal",0.008100
3186,B0100,aggressive,UNKNOWN,16483.641534,28754.625876,3645.374124,5316.881743,29218.723641,17615.510053,509.549654,29109.877591,-760.514640,5094.701769,0.692641,10.668078,False,False,False,False,True,True,True,1-circle,1.000000,4769.263686,-30020.164501,80.841061,7.956070,100.000000,100.000000,0.000000,0.000000,3,8,0,0.0000,0.0000,0.0000,0.5000,"Pursue",0.000699
3187,A0100,pursuit_chase_v1,UNKNOWN,16483.641534,28754.625876,3645.374124,5316.881743,29218.723641,17615.510053,509.549654,29109.877591,-760.514640,5094.701769,0.692641,10.668078,False,False,False,False,True,True,True,1-circle,1.000000,4769.263686,-30020.164501,80.841061,7.956070,100.000000,100.000000,0.000000,0.000000,2,4,4,0.0000,0.0000,0.0000,0.5000,"PursuitChaseOptimal",-0.000411
3187,B0100,aggressive,UNKNOWN,16483.641534,28754.625876,3645.374124,5316.881743,29218.723641,17615.510053,509.549654,29109.877591,-760.514640,5094.701769,0.692641,10.668078,False,False,False,False,True,True,True,1-circle,1.000000,4769.263686,-30020.164501,80.841061,7.956070,100.000000,100.000000,0.000000,0.000000,3,8,0,0.0000,0.0000,0.0000,0.5000,"Pursue",0.008717
3188,A0100,pursuit_chase_v1,UNKNOWN,16481.020760,28622.436514,3777.563486,5512.222213,29056.272349,17626.090719,508.702831,29082.284910,-551.853608,5015.304439,4.163617,13.234650,False,False,False,False,True,True,True,1-circle,1.000000,4761.355204,-29699.471596,82.584988,7.832504,100.000000,100.000000,0.000000,0.000000,2,5,4,0.0000,0.0000,0.0000,0.5000,"PursuitChaseOptimal",-0.012456
3188,B0100,aggressive,UNKNOWN,16481.020760,28622.436514,3777.563486,5512.222213,29056.272349,17626.090719,508.702831,29082.284910,-551.853608,5015.304439,4.163617,13.234650,False,False,False,False,True,True,True,1-circle,1.000000,4761.355204,-29699.471596,82.584988,7.832504,100.000000,100.000000,0.000000,0.000000,3,8,0,0.0000,0.0000,0.0000,0.5000,"Pursue",0.020351
3189,A0100,pursuit_chase_v1,UNKNOWN,16481.020760,28622.436514,3777.563486,5512.222213,29056.272349,17626.090719,508.702831,29082.284910,-551.853608,5015.304439,4.163617,13.234650,False,False,False,False,True,True,True,1-circle,1.000000,4761.355204,-29699.471596,82.584988,7.832504,100.000000,100.000000,0.000000,0.000000,2,5,4,0.0000,0.0000,0.0000,0.5000,"PursuitChaseOptimal",0.005861
3189,B0100,aggressive,UNKNOWN,16481.020760,28622.436514,3777.563486,5512.222213,29056.272349,17626.090719,508.702831,29082.284910,-551.853608,5015.304439,4.163617,13.234650,False,False,False,False,True,True,True,1-circle,1.000000,4761.355204,-29699.471596,82.584988,7.832504,100.000000,100.000000,0.000000,0.000000,3,8,0,0.0000,0.0000,0.0000,0.5000,"Pursue",0.003136
3190,A0100,pursuit_chase_v1,UNKNOWN,16477.767173,28487.367338,3912.632662,5708.375688,28897.462000,17636.682500,507.911212,29057.249267,-500.712861,4940.382811,7.663687,23.232741,False,False,False,False,True,True,True,1-circle,1.000000,4753.291495,-29121.639613,85.754533,7.759727,100.000000,100.000000,0.000000,0.000000,2,5,4,0.0000,0.0000,0.0000,0.5000,"PursuitChaseOptimal",0.014651
3190,B0100,aggressive,UNKNOWN,16477.767173,28487.367338,3912.632662,5708.375688,28897.462000,17636.682500,507.911212,29057.249267,-500.712861,4940.382811,7.663687,23.232741,False,False,False,False,True,True,True,1-circle,1.000000,4753.291495,-29121.639613,85.754533,7.759727,100.000000,100.000000,0.000000,0.000000,3,8,0,0.0000,0.0000,0.0000,0.5000,"Pursue",-0.004476
3191,A0100,pursuit_chase_v1,UNKNOWN,16477.767173,28487.367338,3912.632662,5708.375688,28897.462000,17636.682500,507.911212,29057.249267,-500.712861,4940.382811,7.663687,23.232741,False,False,False,False,True,True,True,1-circle,1.000000,4753.291495,-29121.639613,85.754533,7.759727,100.000000,100.000000,0.000000,0.000000,2,5,4,0.0000,0.0000,0.0000,0.5000,"PursuitChaseOptimal",0.021363
3191,B0100,aggressive,UNKNOWN,16477.767173,28487.367338,3912.632662,5708.375688,28897.462000,17636.682500,507.911212,29057.249267,-500.712861,4940.382811,7.663687,23.232741,False,False,False,False,True,True,True,1-circle,1.000000,4753.291495,-29121.639613,85.754533,7.759727,100.000000,100.000000,0.000000,0.000000,3,8,0,0.0000,0.0000,0.0000,0.5000,"Pursue",-0.010041
3192,A0100,pursuit_chase_v1,UNKNOWN,16473.786415,28337.187162,4062.812838,5921.169662,28722.872175,17647.219276,506.919235,29023.219694,-680.591459,4834.395154,11.878229,17.558792,False,False,False,False,True,True,True,1-circle,1.000000,4745.021896,-29361.010479,84.381068,7.727772,100.000000,100.000000,0.000000,0.000000,2,5,4,0.0000,0.0000,0.0000,0.5000,"PursuitChaseOptimal",0.026819
3192,B0100,aggressive,UNKNOWN,16473.786415,28337.187162,4062.812838,5921.169662,28722.872175,17647.219276,506.919235,29023.219694,-680.591459,4834.395154,11.878229,17.558792,False,False,False,False,True,True,True,1-circle,1.000000,4745.021896,-29361.010479,84.381068,7.727772,100.000000,100.000000,0.000000,0.000000,3,8,0,0.0000,0.0000,0.0000,0.5000,"Pursue",-0.014608
3193,A0100,pursuit_chase_v1,UNKNOWN,16473.786415,28337.187162,4062.812838,5921.169662,28722.872175,17647.219276,506.919235,29023.219694,-680.591459,4834.395154,11.878229,17.558792,False,False,False,False,True,True,True,1-circle,1.000000,4745.021896,-29361.010479,84.381068,7.727772,100.000000,100.000000,0.000000,0.000000,2,5,4,0.0000,0.0000,0.0000,0.5000,"PursuitChaseOptimal",0.016291
3193,B0100,aggressive,UNKNOWN,16473.786415,28337.187162,4062.812838,5921.169662,28722.872175,17647.219276,506.919235,29023.219694,-680.591459,4834.395154,11.878229,17.558792,False,False,False,False,True,True,True,1-circle,1.000000,4745.021896,-29361.010479,84.381068,7.727772,100.000000,100.000000,0.000000,0.000000,3,8,0,0.0000,0.0000,0.0000,0.5000,"Pursue",-0.004137
3194,A0100,pursuit_chase_v1,UNKNOWN,16468.930777,28186.519177,4213.480823,6140.730899,28545.599344,17657.751959,505.862046,28986.352184,-737.350196,4717.770698,16.264580,10.516216,False,False,False,False,True,True,False,1-circle,1.000000,4736.366689,-30023.395010,80.654898,7.677018,100.000000,100.000000,0.000000,0.000000,2,5,4,0.0000,0.0000,0.0000,0.5000,"PursuitChaseOptimal",0.007594
3194,B0100,aggressive,UNKNOWN,16468.930777,28186.519177,4213.480823,6140.730899,28545.599344,17657.751959,505.862046,28986.352184,-737.350196,4717.770698,16.264580,10.516216,False,False,False,False,True,True,False,1-circle,1.000000,4736.366689,-30023.395010,80.654898,7.677018,100.000000,100.000000,0.000000,0.000000,3,8,0,0.0000,0.0000,0.0000,0.5000,"Pursue",0.004594
3195,A0100,pursuit_chase_v1,UNKNOWN,16468.930777,28186.519177,4213.480823,6140.730899,28545.599344,17657.751959,505.862046,28986.352184,-737.350196,4717.770698,16.264580,10.516216,False,False,False,False,True,True,False,1-circle,1.000000,4736.366689,-30023.395010,80.654898,7.677018,100.000000,100.000000,0.000000,0.000000,2,5,4,0.0000,0.0000,0.0000,0.5000,"PursuitChaseOptimal",0.001451
3195,B0100,aggressive,UNKNOWN,16468.930777,28186.519177,4213.480823,6140.730899,28545.599344,17657.751959,505.862046,28986.352184,-737.350196,4717.770698,16.264580,10.516216,False,False,False,False,True,True,False,1-circle,1.000000,4736.366689,-30023.395010,80.654898,7.677018,100.000000,100.000000,0.000000,0.000000,3,8,0,0.0000,0.0000,0.0000,0.5000,"Pursue",0.010273
3196,A0100,pursuit_chase_v1,UNKNOWN,16463.225779,28050.462712,4349.537288,6341.947104,28382.368036,17668.381715,504.940341,28955.737037,-612.302944,4620.386921,20.349492,9.015293,False,False,False,False,True,True,False,1-circle,1.000000,4727.307499,-30291.410385,79.117197,7.641018,100.000000,100.000000,0.000000,0.000000,2,5,4,0.0000,0.0000,0.0000,0.5000,"PursuitChaseOptimal",-0.007860
3196,B0100,aggressive,UNKNOWN,16463.225779,28050.462712,4349.537288,6341.947104,28382.368036,17668.381715,504.940341,28955.737037,-612.302944,4620.386921,20.349492,9.015293,False,False,False,False,True,True,False,1-circle,1.000000,4727.307499,-30291.410385,79.117197,7.641018,100.000000,100.000000,0.000000,0.000000,3,8,0,0.0000,0.0000,0.0000,0.5000,"Pursue",0.018999
3197,A0100,pursuit_chase_v1,UNKNOWN,16463.225779,28050.462712,4349.537288,6341.947104,28382.368036,17668.381715,504.940341,28955.737037,-612.302944,4620.386921,20.349492,9.015293,False,False,False,False,True,True,False,1-circle,1.000000,4727.307499,-30291.410385,79.117197,7.641018,100.000000,100.000000,0.000000,0.000000,2,5,4,0.0000,0.0000,0.0000,0.5000,"PursuitChaseOptimal",-0.017305
3197,B0100,aggressive,UNKNOWN,16463.225779,28050.462712,4349.537288,6341.947104,28382.368036,17668.381715,504.940341,28955.737037,-612.302944,4620.386921,20.349492,9.015293,False,False,False,False,True,True,False,1-circle,1.000000,4727.307499,-30291.410385,79.117197,7.641018,100.000000,100.000000,0.000000,0.000000,3,8,0,0.0000,0.0000,0.0000,0.5000,"Pursue",0.028149
3198,A0100,pursuit_chase_v1,UNKNOWN,16456.760903,27923.232172,4476.767828,6506.804568,28234.274977,17679.099960,504.210912,28933.867747,-437.385808,4548.913662,24.496991,12.406177,False,False,False,False,True,True,False,1-circle,1.000000,4718.048676,-29756.478861,82.037326,7.654380,100.000000,100.000000,0.000000,0.000000,2,5,4,0.0000,0.0000,0.0000,0.5000,"PursuitChaseOptimal",-0.018456
3198,B0100,aggressive,UNKNOWN,16456.760903,27923.232172,4476.767828,6506.804568,28234.274977,17679.099960,504.210912,28933.867747,-437.385808,4548.913662,24.496991,12.406177,False,False,False,False,True,True,False,1-circle,1.000000,4718.048676,-29756.478861,82.037326,7.654380,100.000000,100.000000,0.000000,0.000000,3,8,0,0.0000,0.0000,0.0000,0.5000,"Pursue",0.029443
3199,A0100,pursuit_chase_v1,UNKNOWN,16456.760903,27923.232172,4476.767828,6506.804568,28234.274977,17679.099960,504.210912,28933.867747,-437.385808,4548.913662,24.496991,12.406177,False,False,False,False,True,True,False,1-circle,1.000000,4718.048676,-29756.478861,82.037326,7.654380,100.000000,100.000000,0.000000,0.000000,2,5,4,0.0000,0.0000,0.0000,0.5000,"PursuitChaseOptimal",-0.031047
3199,B0100,aggressive,UNKNOWN,16456.760903,27923.232172,4476.767828,6506.804568,28234.274977,17679.099960,504.210912,28933.867747,-437.385808,4548.913662,24.496991,12.406177,False,False,False,False,True,True,False,1-circle,1.000000,4718.048676,-29756.478861,82.037326,7.654380,100.000000,100.000000,0.000000,0.000000,3,8,0,0.0000,0.0000,0.0000,0.5000,"Pursue",0.041669
3200,A0100,pursuit_chase_v1,UNKNOWN,16449.544722,27788.426599,4611.573401,6627.697558,28083.447667,17689.835863,503.461609,28911.177308,-453.808769,4486.771045,29.915978,19.938368,False,False,False,False,True,True,False,1-circle,1.000000,4709.013819,-29209.549122,85.019713,7.617279,100.000000,100.000000,0.000000,0.000000,2,5,4,0.0000,0.0000,0.0000,0.5000,"PursuitChaseOptimal",-0.029195
3200,B0100,aggressive,UNKNOWN,16449.544722,27788.426599,4611.573401,6627.697558,28083.447667,17689.835863,503.461609,28911.177308,-453.808769,4486.771045,29.915978,19.938368,False,False,False,False,True,True,False,1-circle,1.000000,4709.013819,-29209.549122,85.019713,7.617279,100.000000,100.000000,0.000000,0.000000,3,8,0,0.0000,0.0000,0.0000,0.5000,"Pursue",0.040708
3201,A0100,pursuit_chase_v1,UNKNOWN,16449.544722,27788.426599,4611.573401,6627.697558,28083.447667,17689.835863,503.461609,28911.177308,-453.808769,4486.771045,29.915978,19.938368,False,False,False,False,True,True,False,1-circle,1.000000,4709.013819,-29209.549122,85.019713,7.617279,100.000000,100.000000,0.000000,0.000000,2,5,4,0.0000,0.0000,0.0000,0.5000,"PursuitChaseOptimal",-0.024951
3201,B0100,aggressive,UNKNOWN,16449.544722,27788.426599,4611.573401,6627.697558,28083.447667,17689.835863,503.461609,28911.177308,-453.808769,4486.771045,29.915978,19.938368,False,False,False,False,True,True,False,1-circle,1.000000,4709.013819,-29209.549122,85.019713,7.617279,100.000000,100.000000,0.000000,0.000000,3,8,0,0.0000,0.0000,0.0000,0.5000,"Pursue",0.037482
3202,A0100,pursuit_chase_v1,UNKNOWN,16441.449811,27638.768612,4761.231388,6724.301002,27916.743609,17700.519926,502.516004,28879.748949,-628.567182,4426.422297,36.666468,15.322144,False,False,False,False,True,True,False,1-circle,1.000000,4700.659054,-29468.232468,83.520311,7.623433,100.000000,100.000000,0.000000,0.000000,2,5,4,0.0000,0.0000,0.0000,0.5000,"PursuitChaseOptimal",-0.022956
3202,B0100,aggressive,UNKNOWN,16441.449811,27638.768612,4761.231388,6724.301002,27916.743609,17700.519926,502.516004,28879.748949,-628.567182,4426.422297,36.666468,15.322144,False,False,False,False,True,True,False,1-circle,1.000000,4700.659054,-29468.232468,83.520311,7.623433,100.000000,100.000000,0.000000,0.000000,3,8,0,0.0000,0.0000,0.0000,0.5000,"Pursue",0.036157
3203,A0100,pursuit_chase_v1,UNKNOWN,16441.449811,27638.768612,4761.231388,6724.301002,27916.743609,17700.519926,502.516004,28879.748949,-628.567182,4426.422297,36.666468,15.322144,False,False,False,False,True,True,False,1-circle,1.000000,4700.659054,-29468.232468,83.520311,7.623433,100.000000,100.000000,0.000000,0.000000,2,5,4,0.0000,0.0000,0.0000,0.5000,"PursuitChaseOptimal",-0.021029
3203,B0100,aggressive,UNKNOWN,16441.449811,27638.768612,4761.231388,6724.301002,27916.743609,17700.519926,502.516004,28879.748949,-628.567182,4426.422297,36.666468,15.322144,False,False,False,False,True,True,False,1-circle,1.000000,4700.659054,-29468.232468,83.520311,7.623433,100.000000,100.000000,0.000000,0.000000,3,8,0,0.0000,0.0000,0.0000,0.5000,"Pursue",0.034624
3204,A0100,pursuit_chase_v1,UNKNOWN,16432.369522,27490.316246,4909.683754,6805.691639,27748.400664,17711.213783,501.522591,28846.286555,-669.247885,4384.526089,43.422186,9.836038,False,False,False,False,True,True,False,1-circle,1.000000,4693.061678,-30098.471291,79.950258,7.600855,100.000000,100.000000,0.000000,0.000000,2,4,4,0.0000,0.0000,0.0000,0.5000,"PursuitChaseOptimal",-0.015484
3204,B0100,aggressive,UNKNOWN,16432.369522,27490.316246,4909.683754,6805.691639,27748.400664,17711.213783,501.522591,28846.286555,-669.247885,4384.526089,43.422186,9.836038,False,False,False,False,True,True,False,1-circle,1.000000,4693.061678,-30098.471291,79.950258,7.600855,100.000000,100.000000,0.000000,0.000000,3,8,0,0.0000,0.0000,0.0000,0.5000,"Pursue",0.029129
3205,A0100,pursuit_chase_v1,UNKNOWN,16432.369522,27490.316246,4909.683754,6805.691639,27748.400664,17711.213783,501.522591,28846.286555,-669.247885,4384.526089,43.422186,9.836038,False,False,False,False,True,True,False,1-circle,1.000000,4693.061678,-30098.471291,79.950258,7.600855,100.000000,100.000000,0.000000,0.000000,2,4,4,0.0000,0.0000,0.0000,0.5000,"PursuitChaseOptimal",-0.020738
3205,B0100,aggressive,UNKNOWN,16432.369522,27490.316246,4909.683754,6805.691639,27748.400664,17711.213783,501.522591,28846.286555,-669.247885,4384.526089,43.422186,9.836038,False,False,False,False,True,True,False,1-circle,1.000000,4693.061678,-30098.471291,79.950258,7.600855,100.000000,100.000000,0.000000,0.000000,3,8,0,0.0000,0.0000,0.0000,0.5000,"Pursue",0.034027
3206,A0100,pursuit_chase_v1,UNKNOWN,16422.369205,27356.633029,5043.366971,6859.480525,27598.548583,17721.979722,500.754806,28822.985041,-466.030271,4361.862105,49.588053,11.428577,False,False,False,False,True,True,False,1-circle,1.000000,4686.175266,-29839.052977,81.316837,7.552351,100.000000,100.000000,0.000000,0.000000,2,4,4,0.0000,0.0000,0.0000,0.5000,"PursuitChaseOptimal",-0.024810
3206,B0100,aggressive,UNKNOWN,16422.369205,27356.633029,5043.366971,6859.480525,27598.548583,17721.979722,500.754806,28822.985041,-466.030271,4361.862105,49.588053,11.428577,False,False,False,False,True,True,False,1-circle,1.000000,4686.175266,-29839.052977,81.316837,7.552351,100.000000,100.000000,0.000000,0.000000,3,8,0,0.0000,0.0000,0.0000,0.5000,"Pursue",0.038116
3207,A0100,pursuit_chase_v1,UNKNOWN,16422.369205,27356.633029,5043.366971,6859.480525,27598.548583,17721.979722,500.754806,28822.985041,-466.030271,4361.862105,49.588053,11.428577,False,False,False,False,True,True,False,1-circle,1.000000,4686.175266,-29839.052977,81.316837,7.552351,100.000000,100.000000,0.000000,0.000000,2,4,4,0.0000,0.0000,0.0000,0.5000,"PursuitChaseOptimal",-0.027726
3207,B0100,aggressive,UNKNOWN,16422.369205,27356.633029,5043.366971,6859.480525,27598.548583,17721.979722,500.754806,28822.985041,-466.030271,4361.862105,49.588053,11.428577,False,False,False,False,True,True,False,1-circle,1.000000,4686.175266,-29839.052977,81.316837,7.552351,100.000000,100.000000,0.000000,0.000000,3,8,0,0.0000,0.0000,0.0000,0.5000,"Pursue",0.041261
3208,A0100,pursuit_chase_v1,UNKNOWN,16411.532608,27222.054133,5177.945867,6927.893307,27451.611974,17732.759908,500.041355,28802.155420,-416.592426,4337.615894,55.537931,17.343644,False,False,False,False,True,True,False,1-circle,1.000000,4680.039403,-29297.181213,84.246677,7.550410,100.000000,100.000000,0.000000,0.000000,2,4,4,0.0000,0.0000,0.0000,0.5000,"PursuitChaseOptimal",-0.024163
3208,B0100,aggressive,UNKNOWN,16411.532608,27222.054133,5177.945867,6927.893307,27451.611974,17732.759908,500.041355,28802.155420,-416.592426,4337.615894,55.537931,17.343644,False,False,False,False,True,True,False,1-circle,1.000000,4680.039403,-29297.181213,84.246677,7.550410,100.000000,100.000000,0.000000,0.000000,3,8,0,0.0000,0.0000,0.0000,0.5000,"Pursue",0.038631
3209,A0100,pursuit_chase_v1,UNKNOWN,16411.532608,27222.054133,5177.945867,6927.893307,27451.611974,17732.759908,500.041355,28802.155420,-416.592426,4337.615894,55.537931,17.343644,False,False,False,False,True,True,False,1-circle,1.000000,4680.039403,-29297.181213,84.246677,7.550410,100.000000,100.000000,0.000000,0.000000,2,4,4,0.0000,0.0000,0.0000,0.5000,"PursuitChaseOptimal",-0.018069
3209,B0100,aggressive,UNKNOWN,16411.532608,27222.054133,5177.945867,6927.893307,27451.611974,17732.759908,500.041355,28802.155420,-416.592426,4337.615894,55.537931,17.343644,False,False,False,False,True,True,False,1-circle,1.000000,4680.039403,-29297.181213,84.246677,7.550410,100.000000,100.000000,0.000000,0.000000,3,8,0,0.0000,0.0000,0.0000,0.5000,"Pursue",0.033575
3210,A0100,pursuit_chase_v1,UNKNOWN,16399.833298,27072.353679,5327.646321,7068.951313,27288.308890,17743.502366,499.126312,28772.422402,-594.660362,4289.225818,61.300165,13.642263,False,False,False,False,True,True,False,1-circle,1.000000,4674.483205,-29561.892700,82.689595,7.585075,100.000000,100.000000,0.000000,0.000000,2,4,4,0.0000,0.0000,0.0000,0.5000,"PursuitChaseOptimal",-0.011122
3210,B0100,aggressive,UNKNOWN,16399.833298,27072.353679,5327.646321,7068.951313,27288.308890,17743.502366,499.126312,28772.422402,-594.660362,4289.225818,61.300165,13.642263,False,False,False,False,True,True,False,1-circle,1.000000,4674.483205,-29561.892700,82.689595,7.585075,100.000000,100.000000,0.000000,0.000000,2,4,4,0.0000,0.0000,0.0000,0.5000,"Accelerate",0.027537
3211,A0100,pursuit_chase_v1,UNKNOWN,16399.833298,27072.353679,5327.646321,7068.951313,27288.308890,17743.502366,499.126312,28772.422402,-594.660362,4289.225818,61.300165,13.642263,False,False,False,False,True,True,False,1-circle,1.000000,4674.483205,-29561.892700,82.689595,7.585075,100.000000,100.000000,0.000000,0.000000,2,4,4,0.0000,0.0000,0.0000,0.5000,"PursuitChaseOptimal",0.003515
3211,B0100,aggressive,UNKNOWN,16399.833298,27072.353679,5327.646321,7068.951313,27288.308890,17743.502366,499.126312,28772.422402,-594.660362,4289.225818,61.300165,13.642263,False,False,False,False,True,True,False,1-circle,1.000000,4674.483205,-29561.892700,82.689595,7.585075,100.000000,100.000000,0.000000,0.000000,2,4,4,0.0000,0.0000,0.0000,0.5000,"Accelerate",0.014257
3212,A0100,pursuit_chase_v1,UNKNOWN,16387.201451,26915.510428,5484.489572,7266.733721,27114.039870,17754.266980,498.055845,28735.930685,-729.834340,4228.113089,66.596014,8.051238,False,False,False,False,True,True,False,1-circle,1.000000,4669.047617,-30440.991269,77.714314,7.635516,100.000000,100.000000,0.000000,0.000000,2,4,4,0.0000,0.0000,0.0000,0.5000,"PursuitChaseOptimal",0.004720
3212,B0100,aggressive,UNKNOWN,16387.201451,26915.510428,5484.489572,7266.733721,27114.039870,17754.266980,498.055845,28735.930685,-729.834340,4228.113089,66.596014,8.051238,False,False,False,False,True,True,False,1-circle,1.000000,4669.047617,-30440.991269,77.714314,7.635516,100.000000,100.000000,0.000000,0.000000,2,4,4,0.0000,0.0000,0.0000,0.5000,"Accelerate",0.014029
3213,A0100,pursuit_chase_v1,UNKNOWN,16387.201451,26915.510428,5484.489572,7266.733721,27114.039870,17754.266980,498.055845,28735.930685,-729.834340,4228.113089,66.596014,8.051238,False,False,False,False,True,True,False,1-circle,1.000000,4669.047617,-30440.991269,77.714314,7.635516,100.000000,100.000000,0.000000,0.000000,2,4,4,0.0000,0.0000,0.0000,0.5000,"PursuitChaseOptimal",0.002110
3213,B0100,aggressive,UNKNOWN,16387.201451,26915.510428,5484.489572,7266.733721,27114.039870,17754.266980,498.055845,28735.930685,-729.834340,4228.113089,66.596014,8.051238,False,False,False,False,True,True,False,1-circle,1.000000,4669.047617,-30440.991269,77.714314,7.635516,100.000000,100.000000,0.000000,0.000000,2,4,4,0.0000,0.0000,0.0000,0.5000,"Accelerate",0.017243
3214,A0100,pursuit_chase_v1,UNKNOWN,16373.579082,26764.839316,5635.160684,7488.681478,26937.709385,17765.235339,496.824606,28692.670855,-865.196595,4162.906040,71.395421,4.580555,False,False,False,False,True,True,False,1-circle,1.000000,4663.236398,-31990.116725,69.013275,7.830002,100.000000,100.000000,0.000000,0.000000,2,4,4,0.0000,0.0000,0.0000,0.5000,"PursuitChaseOptimal",-0.001692
3214,B0100,aggressive,UNKNOWN,16373.579082,26764.839316,5635.160684,7488.681478,26937.709385,17765.235339,496.824606,28692.670855,-865.196595,4162.906040,71.395421,4.580555,False,False,False,False,True,True,False,1-circle,1.000000,4663.236398,-31990.116725,69.013275,7.830002,100.000000,100.000000,0.000000,0.000000,2,4,4,0.0000,0.0000,0.0000,0.5000,"Accelerate",0.020563
3215,A0100,pursuit_chase_v1,UNKNOWN,16373.579082,26764.839316,5635.160684,7488.681478,26937.709385,17765.235339,496.824606,28692.670855,-865.196595,4162.906040,71.395421,4.580555,False,False,False,False,True,True,False,1-circle,1.000000,4663.236398,-31990.116725,69.013275,7.830002,100.000000,100.000000,0.000000,0.000000,2,4,4,0.0000,0.0000,0.0000,0.5000,"PursuitChaseOptimal",-0.010446
3215,B0100,aggressive,UNKNOWN,16373.579082,26764.839316,5635.160684,7488.681478,26937.709385,17765.235339,496.824606,28692.670855,-865.196595,4162.906040,71.395421,4.580555,False,False,False,False,True,True,False,1-circle,1.000000,4663.236398,-31990.116725,69.013275,7.830002,100.000000,100.000000,0.000000,0.000000,2,4,4,0.0000,0.0000,0.0000,0.5000,"Accelerate",0.027905
3216,A0100,pursuit_chase_v1,UNKNOWN,16359.057946,26664.939604,5735.060396,7659.642726,26809.425649,17776.653384,495.982953,28667.096664,-511.483821,4116.402025,74.549718,2.839926,False,False,False,False,True,True,False,1-circle,1.000000,4656.786890,30884.209325,58.218265,8.040192,100.000000,100.000000,0.000000,0.000000,2,4,4,0.0000,0.0000,0.0000,0.5000,"PursuitChaseOptimal",-0.020993
3216,B0100,aggressive,UNKNOWN,16359.057946,26664.939604,5735.060396,7659.642726,26809.425649,17776.653384,495.982953,28667.096664,-511.483821,4116.402025,74.549718,2.839926,False,False,False,False,True,True,False,1-circle,1.000000,4656.786890,30884.209325,58.218265,8.040192,100.000000,100.000000,0.000000,0.000000,2,4,4,0.0000,0.0000,0.0000,0.5000,"Accelerate",0.036734
3217,A0100,pursuit_chase_v1,UNKNOWN,16359.057946,26664.939604,5735.060396,7659.642726,26809.425649,17776.653384,495.982953,28667.096664,-511.483821,4116.402025,74.549718,2.839926,False,False,False,False,True,True,False,1-circle,1.000000,4656.786890,30884.209325,58.218265,8.040192,100.000000,100.000000,0.000000,0.000000,2,4,4,0.0000,0.0000,0.0000,0.5000,"PursuitChaseOptimal",-0.032817
3217,B0100,aggressive,UNKNOWN,16359.057946,26664.939604,5735.060396,7659.642726,26809.425649,17776.653384,495.982953,28667.096664,-511.483821,4116.402025,74.549718,2.839926,False,False,False,False,True,True,False,1-circle,1.000000,4656.786890,30884.209325,58.218265,8.040192,100.000000,100.000000,0.000000,0.000000,2,4,4,0.0000,0.0000,0.0000,0.5000,"Accelerate",0.046976
3218,A0100,pursuit_chase_v1,UNKNOWN,16343.984776,26619.210462,5780.789538,7758.925637,26744.587123,17788.578119,495.397184,28653.312811,-275.677067,4081.769156,76.178333,2.191301,False,False,False,False,True,True,False,1-circle,1.000000,4649.819425,29640.399263,51.210030,7.561913,100.000000,100.000000,0.000000,0.000000,2,4,4,0.0000,0.0000,0.0000,0.5000,"PursuitChaseOptimal",-0.032683
3218,B0100,aggressive,UNKNOWN,16343.984776,26619.210462,5780.789538,7758.925637,26744.587123,17788.578119,495.397184,28653.312811,-275.677067,4081.769156,76.178333,2.191301,False,False,False,False,True,True,False,1-circle,1.000000,4649.819425,29640.399263,51.210030,7.561913,100.000000,100.000000,0.000000,0.000000,2,4,4,0.0000,0.0000,0.0000,0.5000,"Accelerate",0.045845
3219,A0100,pursuit_chase_v1,UNKNOWN,16343.984776,26619.210462,5780.789538,7758.925637,26744.587123,17788.578119,495.397184,28653.312811,-275.677067,4081.769156,76.178333,2.191301,False,False,False,False,True,True,False,1-circle,1.000000,4649.819425,29640.399263,51.210030,7.561913,100.000000,100.000000,0.000000,0.000000,2,4,4,0.0000,0.0000,0.0000,0.5000,"PursuitChaseOptimal",-0.025197
3219,B0100,aggressive,UNKNOWN,16343.984776,26619.210462,5780.789538,7758.925637,26744.587123,17788.578119,495.397184,28653.312811,-275.677067,4081.769156,76.178333,2.191301,False,False,False,False,True,True,False,1-circle,1.000000,4649.819425,29640.399263,51.210030,7.561913,100.000000,100.000000,0.000000,0.000000,2,4,4,0.0000,0.0000,0.0000,0.5000,"Accelerate",0.037860
3220,A0100,pursuit_chase_v1,UNKNOWN,16328.686599,26608.366945,5791.633055,7817.825354,26722.113134,17800.855131,495.070304,28651.256686,-41.122505,4067.358168,76.344675,1.783685,False,False,False,False,True,True,False,1-circle,1.000000,4642.629455,28603.600943,45.350191,7.323660,100.000000,100.000000,0.000000,0.000000,2,4,4,0.0000,0.0000,0.0000,0.5000,"PursuitChaseOptimal",-0.015056
3220,B0100,aggressive,UNKNOWN,16328.686599,26608.366945,5791.633055,7817.825354,26722.113134,17800.855131,495.070304,28651.256686,-41.122505,4067.358168,76.344675,1.783685,False,False,False,False,True,True,False,1-circle,1.000000,4642.629455,28603.600943,45.350191,7.323660,100.000000,100.000000,0.000000,0.000000,2,4,4,0.0000,0.0000,0.0000,0.5000,"Accelerate",0.027045
3221,A0100,pursuit_chase_v1,UNKNOWN,16328.686599,26608.366945,5791.633055,7817.825354,26722.113134,17800.855131,495.070304,28651.256686,-41.122505,4067.358168,76.344675,1.783685,False,False,False,False,True,True,False,1-circle,1.000000,4642.629455,28603.600943,45.350191,7.323660,100.000000,100.000000,0.000000,0.000000,2,4,4,0.0000,0.0000,0.0000,0.5000,"PursuitChaseOptimal",-0.001333
3221,B0100,aggressive,UNKNOWN,16328.686599,26608.366945,5791.633055,7817.825354,26722.113134,17800.855131,495.070304,28651.256686,-41.122505,4067.358168,76.344675,1.783685,False,False,False,False,True,True,False,1-circle,1.000000,4642.629455,28603.600943,45.350191,7.323660,100.000000,100.000000,0.000000,0.000000,2,4,4,0.0000,0.0000,0.0000,0.5000,"Accelerate",0.012551
3222,A0100,pursuit_chase_v1,UNKNOWN,16313.423417,26616.474510,5783.525490,7863.526462,26726.720618,17813.347020,494.896728,28656.141421,97.694704,4065.355447,75.207282,1.449443,False,False,False,False,True,True,False,1-circle,1.000000,4635.204223,27557.272858,39.436344,6.841045,100.000000,100.000000,0.000000,0.000000,2,4,4,0.0000,0.0000,0.0000,0.5000,"PursuitChaseOptimal",0.011175
3222,B0100,aggressive,UNKNOWN,16313.423417,26616.474510,5783.525490,7863.526462,26726.720618,17813.347020,494.896728,28656.141421,97.694704,4065.355447,75.207282,1.449443,False,False,False,False,True,True,False,1-circle,1.000000,4635.204223,27557.272858,39.436344,6.841045,100.000000,100.000000,0.000000,0.000000,2,4,4,0.0000,0.0000,0.0000,0.5000,"Accelerate",-0.000972
3223,A0100,pursuit_chase_v1,UNKNOWN,16313.423417,26616.474510,5783.525490,7863.526462,26726.720618,17813.347020,494.896728,28656.141421,97.694704,4065.355447,75.207282,1.449443,False,False,False,False,True,True,False,1-circle,1.000000,4635.204223,27557.272858,39.436344,6.841045,100.000000,100.000000,0.000000,0.000000,2,4,4,0.0000,0.0000,0.0000,0.5000,"PursuitChaseOptimal",0.020029
3223,B0100,aggressive,UNKNOWN,16313.423417,26616.474510,5783.525490,7863.526462,26726.720618,17813.347020,494.896728,28656.141421,97.694704,4065.355447,75.207282,1.449443,False,False,False,False,True,True,False,1-circle,1.000000,4635.204223,27557.272858,39.436344,6.841045,100.000000,100.000000,0.000000,0.000000,2,4,4,0.0000,0.0000,0.0000,0.5000,"Accelerate",-0.010841
3224,A0100,pursuit_chase_v1,UNKNOWN,16298.380764,26644.158278,5755.841722,7888.209250,26761.967190,17825.802626,494.705150,28660.204005,81.251676,4063.365971,72.961472,1.172908,False,False,False,False,True,True,False,1-circle,1.000000,4627.508332,26532.318520,33.640727,5.465841,100.000000,100.000000,0.000000,0.000000,2,5,4,0.0000,0.0000,0.0000,0.5000,"PursuitChaseOptimal",0.020109
3224,B0100,aggressive,UNKNOWN,16298.380764,26644.158278,5755.841722,7888.209250,26761.967190,17825.802626,494.705150,28660.204005,81.251676,4063.365971,72.961472,1.172908,False,False,False,False,True,True,False,1-circle,1.000000,4627.508332,26532.318520,33.640727,5.465841,100.000000,100.000000,0.000000,0.000000,2,4,4,0.0000,0.0000,0.0000,0.5000,"Accelerate",-0.012010
3225,A0100,pursuit_chase_v1,UNKNOWN,16298.380764,26644.158278,5755.841722,7888.209250,26761.967190,17825.802626,494.705150,28660.204005,81.251676,4063.365971,72.961472,1.172908,False,False,False,False,True,True,False,1-circle,1.000000,4627.508332,26532.318520,33.640727,5.465841,100.000000,100.000000,0.000000,0.000000,2,5,4,0.0000,0.0000,0.0000,0.5000,"PursuitChaseOptimal",0.030494
3225,B0100,aggressive,UNKNOWN,16298.380764,26644.158278,5755.841722,7888.209250,26761.967190,17825.802626,494.705150,28660.204005,81.251676,4063.365971,72.961472,1.172908,False,False,False,False,True,True,False,1-circle,1.000000,4627.508332,26532.318520,33.640727,5.465841,100.000000,100.000000,0.000000,0.000000,2,4,4,0.0000,0.0000,0.0000,0.5000,"Accelerate",-0.023065
3226,A0100,pursuit_chase_v1,UNKNOWN,16283.738664,26682.404906,5717.595094,7891.721032,26818.844287,17837.928844,494.431915,28660.365429,3.228492,4050.088419,70.382451,0.929066,False,False,False,False,True,True,False,1-circle,1.000000,4619.657505,25496.589815,27.784693,4.247787,100.000000,100.000000,0.000000,0.000000,2,5,4,0.0000,0.0000,0.0000,0.5000,"PursuitChaseOptimal",0.032922
3226,B0100,aggressive,UNKNOWN,16283.738664,26682.404906,5717.595094,7891.721032,26818.844287,17837.928844,494.431915,28660.365429,3.228492,4050.088419,70.382451,0.929066,False,False,False,False,True,True,False,1-circle,1.000000,4619.657505,25496.589815,27.784693,4.247787,100.000000,100.000000,0.000000,0.000000,2,4,4,0.0000,0.0000,0.0000,0.5000,"Accelerate",-0.026011
3227,A0100,pursuit_chase_v1,UNKNOWN,16283.738664,26682.404906,5717.595094,7891.721032,26818.844287,17837.928844,494.431915,28660.365429,3.228492,4050.088419,70.382451,0.929066,False,False,False,False,True,True,False,1-circle,1.000000,4619.657505,25496.589815,27.784693,4.247787,100.000000,100.000000,0.000000,0.000000,2,5,4,0.0000,0.0000,0.0000,0.5000,"PursuitChaseOptimal",0.031337
3227,B0100,aggressive,UNKNOWN,16283.738664,26682.404906,5717.595094,7891.721032,26818.844287,17837.928844,494.431915,28660.365429,3.228492,4050.088419,70.382451,0.929066,False,False,False,False,True,True,False,1-circle,1.000000,4619.657505,25496.589815,27.784693,4.247787,100.000000,100.000000,0.000000,0.000000,2,4,4,0.0000,0.0000,0.0000,0.5000,"Accelerate",-0.024872
3228,A0100,pursuit_chase_v1,UNKNOWN,16269.530762,26721.345258,5678.654742,7884.918421,26883.974890,17849.474072,494.028115,28654.240639,-122.495802,4014.478381,68.047782,0.715594,False,False,False,False,True,True,False,1-circle,1.000000,4611.809076,24487.729046,22.076885,3.337234,100.000000,100.000000,0.000000,0.000000,2,5,4,0.0000,0.0000,0.0000,0.5000,"PursuitChaseOptimal",0.030583
3228,B0100,aggressive,UNKNOWN,16269.530762,26721.345258,5678.654742,7884.918421,26883.974890,17849.474072,494.028115,28654.240639,-122.495802,4014.478381,68.047782,0.715594,False,False,False,False,True,True,False,1-circle,1.000000,4611.809076,24487.729046,22.076885,3.337234,100.000000,100.000000,0.000000,0.000000,2,4,4,0.0000,0.0000,0.0000,0.5000,"Accelerate",-0.024438
3229,A0100,pursuit_chase_v1,UNKNOWN,16269.530762,26721.345258,5678.654742,7884.918421,26883.974890,17849.474072,494.028115,28654.240639,-122.495802,4014.478381,68.047782,0.715594,False,False,False,False,True,True,False,1-circle,1.000000,4611.809076,24487.729046,22.076885,3.337234,100.000000,100.000000,0.000000,0.000000,2,5,4,0.0000,0.0000,0.0000,0.5000,"PursuitChaseOptimal",0.025717
3229,B0100,aggressive,UNKNOWN,16269.530762,26721.345258,5678.654742,7884.918421,26883.974890,17849.474072,494.028115,28654.240639,-122.495802,4014.478381,68.047782,0.715594,False,False,False,False,True,True,False,1-circle,1.000000,4611.809076,24487.729046,22.076885,3.337234,100.000000,100.000000,0.000000,0.000000,2,4,4,0.0000,0.0000,0.0000,0.5000,"Accelerate",-0.019928
3230,A0100,pursuit_chase_v1,UNKNOWN,16255.731886,26756.881911,5643.118089,7879.537205,26950.232991,17860.299991,493.553038,28644.295960,-198.893579,3955.756743,66.117463,0.525716,False,False,False,False,True,True,False,1-circle,1.000000,4604.066015,23517.235476,16.580679,2.555591,100.000000,100.000000,0.000000,0.000000,2,5,4,0.0000,0.0000,0.0000,0.5000,"PursuitChaseOptimal",0.010872
3230,B0100,aggressive,UNKNOWN,16255.731886,26756.881911,5643.118089,7879.537205,26950.232991,17860.299991,493.553038,28644.295960,-198.893579,3955.756743,66.117463,0.525716,False,False,False,False,True,True,False,1-circle,1.000000,4604.066015,23517.235476,16.580679,2.555591,100.000000,100.000000,0.000000,0.000000,2,4,4,0.0000,0.0000,0.0000,0.5000,"Accelerate",-0.005692
3231,A0100,pursuit_chase_v1,UNKNOWN,16255.731886,26756.881911,5643.118089,7879.537205,26950.232991,17860.299991,493.553038,28644.295960,-198.893579,3955.756743,66.117463,0.525716,False,False,False,False,True,True,False,1-circle,1.000000,4604.066015,23517.235476,16.580679,2.555591,100.000000,100.000000,0.000000,0.000000,2,5,4,0.0000,0.0000,0.0000,0.5000,"PursuitChaseOptimal",0.001372
3231,B0100,aggressive,UNKNOWN,16255.731886,26756.881911,5643.118089,7879.537205,26950.232991,17860.299991,493.553038,28644.295960,-198.893579,3955.756743,66.117463,0.525716,False,False,False,False,True,True,False,1-circle,1.000000,4604.066015,23517.235476,16.580679,2.555591,100.000000,100.000000,0.000000,0.000000,2,4,4,0.0000,0.0000,0.0000,0.5000,"Accelerate",0.003374
3232,A0100,pursuit_chase_v1,UNKNOWN,16242.301062,26787.523161,5612.476839,7870.230728,27014.683079,17870.332211,493.040533,28631.943641,-247.046382,3890.463147,64.758535,0.352675,False,False,False,False,True,True,False,1-circle,1.000000,4596.592225,22583.564743,11.286625,1.844504,100.000000,100.000000,0.000000,0.000000,2,5,4,0.0000,0.0000,0.0000,0.5000,"PursuitChaseOptimal",-0.009588
3232,B0100,aggressive,UNKNOWN,16242.301062,26787.523161,5612.476839,7870.230728,27014.683079,17870.332211,493.040533,28631.943641,-247.046382,3890.463147,64.758535,0.352675,False,False,False,False,True,True,False,1-circle,1.000000,4596.592225,22583.564743,11.286625,1.844504,100.000000,100.000000,0.000000,0.000000,2,4,4,0.0000,0.0000,0.0000,0.5000,"Accelerate",0.013889
3233,A0100,pursuit_chase_v1,UNKNOWN,16242.301062,26787.523161,5612.476839,7870.230728,27014.683079,17870.332211,493.040533,28631.943641,-247.046382,3890.463147,64.758535,0.352675,False,False,False,False,True,True,False,1-circle,1.000000,4596.592225,22583.564743,11.286625,1.844504,100.000000,100.000000,0.000000,0.000000,2,5,4,0.0000,0.0000,0.0000,0.5000,"PursuitChaseOptimal",-0.019021
3233,B0100,aggressive,UNKNOWN,16242.301062,26787.523161,5612.476839,7870.230728,27014.683079,17870.332211,493.040533,28631.943641,-247.046382,3890.463147,64.758535,0.352675,False,False,False,False,True,True,False,1-circle,1.000000,4596.592225,22583.564743,11.286625,1.844504,100.000000,100.000000,0.000000,0.000000,2,4,4,0.0000,0.0000,0.0000,0.5000,"Accelerate",0.022960
3234,A0100,pursuit_chase_v1,UNKNOWN,16229.205530,26812.801563,5587.198437,7842.272621,27076.018920,17879.531997,492.510270,28618.007729,-278.718243,3829.584561,64.217710,0.191344,False,False,False,False,True,True,False,1-circle,1.000000,4589.684216,21683.336282,6.174601,1.174397,100.000000,100.000000,0.000000,0.000000,2,5,4,0.0000,0.0000,0.0000,0.5000,"PursuitChaseOptimal",-0.018722
3234,B0100,aggressive,UNKNOWN,16229.205530,26812.801563,5587.198437,7842.272621,27076.018920,17879.531997,492.510270,28618.007729,-278.718243,3829.584561,64.217710,0.191344,False,False,False,False,True,True,False,1-circle,1.000000,4589.684216,21683.336282,6.174601,1.174397,100.000000,100.000000,0.000000,0.000000,2,4,4,0.0000,0.0000,0.0000,0.5000,"Accelerate",0.022589
3235,A0100,pursuit_chase_v1,UNKNOWN,16229.205530,26812.801563,5587.198437,7842.272621,27076.018920,17879.531997,492.510270,28618.007729,-278.718243,3829.584561,64.217710,0.191344,False,False,False,False,True,True,False,1-circle,1.000000,4589.684216,21683.336282,6.174601,1.174397,100.000000,100.000000,0.000000,0.000000,2,5,4,0.0000,0.0000,0.0000,0.5000,"PursuitChaseOptimal",-0.027862
3235,B0100,aggressive,UNKNOWN,16229.205530,26812.801563,5587.198437,7842.272621,27076.018920,17879.531997,492.510270,28618.007729,-278.718243,3829.584561,64.217710,0.191344,False,False,False,False,True,True,False,1-circle,1.000000,4589.684216,21683.336282,6.174601,1.174397,100.000000,100.000000,0.000000,0.000000,2,4,4,0.0000,0.0000,0.0000,0.5000,"Accelerate",0.031234
3236,A0100,pursuit_chase_v1,UNKNOWN,16216.378774,26833.844681,5566.155319,7769.391240,27135.448427,17887.879875,492.031384,28605.482935,-250.495889,3783.163653,64.835096,0.046117,False,False,False,False,True,True,False,1-circle,1.000000,4583.748591,20861.442836,1.492463,0.540506,100.000000,100.000000,0.000000,0.000000,2,5,4,0.0000,0.0000,0.0000,0.5000,"PursuitChaseOptimal",-0.023672
3236,B0100,aggressive,UNKNOWN,16216.378774,26833.844681,5566.155319,7769.391240,27135.448427,17887.879875,492.031384,28605.482935,-250.495889,3783.163653,64.835096,0.046117,False,False,False,False,True,True,False,1-circle,1.000000,4583.748591,20861.442836,1.492463,0.540506,100.000000,100.000000,0.000000,0.000000,2,4,4,0.0000,0.0000,0.0000,0.5000,"Accelerate",0.027303
3237,A0100,pursuit_chase_v1,UNKNOWN,16216.378774,26833.844681,5566.155319,7769.391240,27135.448427,17887.879875,492.031384,28605.482935,-250.495889,3783.163653,64.835096,0.046117,False,False,False,False,True,True,False,1-circle,1.000000,4583.748591,20861.442836,1.492463,0.540506,100.000000,100.000000,0.000000,0.000000,2,5,4,0.0000,0.0000,0.0000,0.5000,"PursuitChaseOptimal",-0.017876
3237,B0100,aggressive,UNKNOWN,16216.378774,26833.844681,5566.155319,7769.391240,27135.448427,17887.879875,492.031384,28605.482935,-250.495889,3783.163653,64.835096,0.046117,False,False,False,False,True,True,False,1-circle,1.000000,4583.748591,20861.442836,1.492463,0.540506,100.000000,100.000000,0.000000,0.000000,2,4,4,0.0000,0.0000,0.0000,0.5000,"Accelerate",0.021917
3238,A0100,pursuit_chase_v1,UNKNOWN,16203.766185,26846.513450,5553.486550,7662.752314,27186.259062,17895.358673,491.876866,28606.231237,14.966058,3773.233218,66.143848,0.085267,False,False,False,False,True,True,False,1-circle,1.000000,4579.206261,21111.236239,2.757404,0.602624,100.000000,100.000000,0.000000,0.000000,2,5,4,0.0000,0.0000,0.0000,0.5000,"PursuitChaseOptimal",-0.015099
3238,B0100,aggressive,UNKNOWN,16203.766185,26846.513450,5553.486550,7662.752314,27186.259062,17895.358673,491.876866,28606.231237,14.966058,3773.233218,66.143848,0.085267,False,False,False,False,True,True,False,1-circle,1.000000,4579.206261,21111.236239,2.757404,0.602624,100.000000,100.000000,0.000000,0.000000,2,4,4,0.0000,0.0000,0.0000,0.5000,"Accelerate",0.019484
3239,A0100,pursuit_chase_v1,UNKNOWN,16203.766185,26846.513450,5553.486550,7662.752314,27186.259062,17895.358673,491.876866,28606.231237,14.966058,3773.233218,66.143848,0.085267,False,False,False,False,True,True,False,1-circle,1.000000,4579.206261,21111.236239,2.757404,0.602624,100.000000,100.000000,0.000000,0.000000,2,5,4,0.0000,0.0000,0.0000,0.5000,"PursuitChaseOptimal",-0.012564
3239,B0100,aggressive,UNKNOWN,16203.766185,26846.513450,5553.486550,7662.752314,27186.259062,17895.358673,491.876866,28606.231237,14.966058,3773.233218,66.143848,0.085267,False,False,False,False,True,True,False,1-circle,1.000000,4579.206261,21111.236239,2.757404,0.602624,100.000000,100.000000,0.000000,0.000000,2,4,4,0.0000,0.0000,0.0000,0.5000,"Accelerate",0.017590
3240,A0100,pursuit_chase_v1,UNKNOWN,16191.328254,26878.054165,5521.945835,7532.470727,27240.876584,17902.195215,491.610447,28601.468118,-95.262393,3775.240133,67.052139,0.042983,False,False,False,False,True,True,False,1-circle,1.000000,4575.989411,20888.328570,1.390234,1.426982,100.000000,100.000000,0.000000,0.000000,2,5,4,0.0000,0.0000,0.0000,0.5000,"PursuitChaseOptimal",-0.009694
3240,B0100,aggressive,UNKNOWN,16191.328254,26878.054165,5521.945835,7532.470727,27240.876584,17902.195215,491.610447,28601.468118,-95.262393,3775.240133,67.052139,0.042983,False,False,False,False,True,True,False,1-circle,1.000000,4575.989411,20888.328570,1.390234,1.426982,100.000000,100.000000,0.000000,0.000000,2,4,4,0.0000,0.0000,0.0000,0.5000,"Accelerate",0.014651
3241,A0100,pursuit_chase_v1,UNKNOWN,16191.328254,26878.054165,5521.945835,7532.470727,27240.876584,17902.195215,491.610447,28601.468118,-95.262393,3775.240133,67.052139,0.042983,False,False,False,False,True,True,False,1-circle,1.000000,4575.989411,20888.328570,1.390234,1.426982,100.000000,100.000000,0.000000,0.000000,2,5,4,0.0000,0.0000,0.0000,0.5000,"PursuitChaseOptimal",-0.006624
3241,B0100,aggressive,UNKNOWN,16191.328254,26878.054165,5521.945835,7532.470727,27240.876584,17902.195215,491.610447,28601.468118,-95.262393,3775.240133,67.052139,0.042983,False,False,False,False,True,True,False,1-circle,1.000000,4575.989411,20888.328570,1.390234,1.426982,100.000000,100.000000,0.000000,0.000000,2,4,4,0.0000,0.0000,0.0000,0.5000,"Accelerate",0.011658
3242,A0100,pursuit_chase_v1,UNKNOWN,16179.049104,26908.762915,5491.237085,7395.405111,27290.932778,17908.689054,491.491083,28602.766973,25.977094,3796.941169,67.789534,0.016157,False,False,False,False,True,True,False,1-circle,1.000000,4573.835696,20756.138101,0.522584,2.010761,100.000000,100.000000,0.000000,0.000000,2,5,4,0.0000,0.0000,0.0000,0.5000,"PursuitChaseOptimal",-0.003440
3242,B0100,aggressive,UNKNOWN,16179.049104,26908.762915,5491.237085,7395.405111,27290.932778,17908.689054,491.491083,28602.766973,25.977094,3796.941169,67.789534,0.016157,False,False,False,False,True,True,False,1-circle,1.000000,4573.835696,20756.138101,0.522584,2.010761,100.000000,100.000000,0.000000,0.000000,2,4,4,0.0000,0.0000,0.0000,0.5000,"Accelerate",0.008099
3243,A0100,pursuit_chase_v1,UNKNOWN,16179.049104,26908.762915,5491.237085,7395.405111,27290.932778,17908.689054,491.491083,28602.766973,25.977094,3796.941169,67.789534,0.016157,False,False,False,False,True,True,False,1-circle,1.000000,4573.835696,20756.138101,0.522584,2.010761,100.000000,100.000000,0.000000,0.000000,2,5,4,0.0000,0.0000,0.0000,0.5000,"PursuitChaseOptimal",-0.000176
3243,B0100,aggressive,UNKNOWN,16179.049104,26908.762915,5491.237085,7395.405111,27290.932778,17908.689054,491.491083,28602.766973,25.977094,3796.941169,67.789534,0.016157,False,False,False,False,True,True,False,1-circle,1.000000,4573.835696,20756.138101,0.522584,2.010761,100.000000,100.000000,0.000000,0.000000,2,4,4,0.0000,0.0000,0.0000,0.5000,"Accelerate",0.004987
3244,A0100,pursuit_chase_v1,UNKNOWN,16166.962167,26933.967678,5466.032322,7253.662965,27338.282881,17914.820426,491.655372,28616.048870,265.637941,3842.056385,68.317246,0.151208,False,False,False,False,True,True,False,1-circle,1.000000,4572.740029,21565.406806,4.880960,2.056561,100.000000,100.000000,0.000000,0.000000,2,5,4,0.0000,0.0000,0.0000,0.5000,"PursuitChaseOptimal",0.003191
3244,B0100,aggressive,UNKNOWN,16166.962167,26933.967678,5466.032322,7253.662965,27338.282881,17914.820426,491.655372,28616.048870,265.637941,3842.056385,68.317246,0.151208,False,False,False,False,True,True,False,1-circle,1.000000,4572.740029,21565.406806,4.880960,2.056561,100.000000,100.000000,0.000000,0.000000,2,4,4,0.0000,0.0000,0.0000,0.5000,"Accelerate",0.001332
3245,A0100,pursuit_chase_v1,UNKNOWN,16166.962167,26933.967678,5466.032322,7253.662965,27338.282881,17914.820426,491.655372,28616.048870,265.637941,3842.056385,68.317246,0.151208,False,False,False,False,True,True,False,1-circle,1.000000,4572.740029,21565.406806,4.880960,2.056561,100.000000,100.000000,0.000000,0.000000,2,5,4,0.0000,0.0000,0.0000,0.5000,"PursuitChaseOptimal",0.006651
3245,B0100,aggressive,UNKNOWN,16166.962167,26933.967678,5466.032322,7253.662965,27338.282881,17914.820426,491.655372,28616.048870,265.637941,3842.056385,68.317246,0.151208,False,False,False,False,True,True,False,1-circle,1.000000,4572.740029,21565.406806,4.880960,2.056561,100.000000,100.000000,0.000000,0.000000,2,4,4,0.0000,0.0000,0.0000,0.5000,"Accelerate",-0.002245
3246,A0100,pursuit_chase_v1,UNKNOWN,16155.054498,26960.669812,5439.330188,7104.269707,27387.783686,17920.573577,491.494730,28614.810194,-24.773508,3869.972200,69.008306,0.160138,False,False,False,False,True,True,False,1-circle,1.000000,4572.664368,21642.289031,5.166526,1.375952,100.000000,100.000000,0.000000,0.000000,2,4,4,0.0000,0.0000,0.0000,0.5000,"PursuitChaseOptimal",0.013978
3246,B0100,aggressive,UNKNOWN,16155.054498,26960.669812,5439.330188,7104.269707,27387.783686,17920.573577,491.494730,28614.810194,-24.773508,3869.972200,69.008306,0.160138,False,False,False,False,True,True,False,1-circle,1.000000,4572.664368,21642.289031,5.166526,1.375952,100.000000,100.000000,0.000000,0.000000,2,4,4,0.0000,0.0000,0.0000,0.5000,"Accelerate",-0.009643
3247,A0100,pursuit_chase_v1,UNKNOWN,16155.054498,26960.669812,5439.330188,7104.269707,27387.783686,17920.573577,491.494730,28614.810194,-24.773508,3869.972200,69.008306,0.160138,False,False,False,False,True,True,False,1-circle,1.000000,4572.664368,21642.289031,5.166526,1.375952,100.000000,100.000000,0.000000,0.000000,2,4,4,0.0000,0.0000,0.0000,0.5000,"PursuitChaseOptimal",0.009632
3247,B0100,aggressive,UNKNOWN,16155.054498,26960.669812,5439.330188,7104.269707,27387.783686,17920.573577,491.494730,28614.810194,-24.773508,3869.972200,69.008306,0.160138,False,False,False,False,True,True,False,1-circle,1.000000,4572.664368,21642.289031,5.166526,1.375952,100.000000,100.000000,0.000000,0.000000,2,4,4,0.0000,0.0000,0.0000,0.5000,"Accelerate",-0.005846
3248,A0100,pursuit_chase_v1,UNKNOWN,16143.287214,26981.435445,5418.564555,6950.705416,27436.378422,17925.909935,491.272109,28610.460927,-86.985337,3893.401496,69.875893,0.014556,False,False,False,False,True,True,False,1-circle,1.000000,4573.575039,20823.187420,0.470725,-0.006046,100.000000,100.000000,0.000000,0.000000,2,4,4,0.0000,0.0000,0.0000,0.5000,"PursuitChaseOptimal",0.009760
3248,B0100,aggressive,UNKNOWN,16143.287214,26981.435445,5418.564555,6950.705416,27436.378422,17925.909935,491.272109,28610.460927,-86.985337,3893.401496,69.875893,0.014556,False,False,False,False,True,True,False,1-circle,1.000000,4573.575039,20823.187420,0.470725,-0.006046,100.000000,100.000000,0.000000,0.000000,2,4,4,0.0000,0.0000,0.0000,0.5000,"Accelerate",-0.006248
3249,A0100,pursuit_chase_v1,UNKNOWN,16143.287214,26981.435445,5418.564555,6950.705416,27436.378422,17925.909935,491.272109,28610.460927,-86.985337,3893.401496,69.875893,0.014556,False,False,False,False,True,True,False,1-circle,1.000000,4573.575039,20823.187420,0.470725,-0.006046,100.000000,100.000000,0.000000,0.000000,2,4,4,0.0000,0.0000,0.0000,0.5000,"PursuitChaseOptimal",-0.001100
3249,B0100,aggressive,UNKNOWN,16143.287214,26981.435445,5418.564555,6950.705416,27436.378422,17925.909935,491.272109,28610.460927,-86.985337,3893.401496,69.875893,0.014556,False,False,False,False,True,True,False,1-circle,1.000000,4573.575039,20823.187420,0.470725,-0.006046,100.000000,100.000000,0.000000,0.000000,2,4,4,0.0000,0.0000,0.0000,0.5000,"Accelerate",0.004428
3250,A0100,pursuit_chase_v1,UNKNOWN,16131.661734,26991.419403,5408.580597,6816.981502,27481.188539,17930.685248,491.230794,28613.439208,59.565622,3920.263161,70.729181,0.037993,False,False,False,False,True,True,False,1-circle,1.000000,4575.563740,20544.222092,-1.228477,-0.146440,100.000000,100.000000,0.000000,0.000000,2,4,4,0.0000,0.0000,0.0000,0.5000,"PursuitChaseOptimal",-0.007945
3250,B0100,aggressive,UNKNOWN,16131.661734,26991.419403,5408.580597,6816.981502,27481.188539,17930.685248,491.230794,28613.439208,59.565622,3920.263161,70.729181,0.037993,False,False,False,False,True,True,False,1-circle,1.000000,4575.563740,20544.222092,-1.228477,-0.146440,100.000000,100.000000,0.000000,0.000000,2,4,4,0.0000,0.0000,0.0000,0.5000,"Accelerate",0.011048
3251,A0100,pursuit_chase_v1,UNKNOWN,16131.661734,26991.419403,5408.580597,6816.981502,27481.188539,17930.685248,491.230794,28613.439208,59.565622,3920.263161,70.729181,0.037993,False,False,False,False,True,True,False,1-circle,1.000000,4575.563740,20544.222092,-1.228477,-0.146440,100.000000,100.000000,0.000000,0.000000,2,4,4,0.0000,0.0000,0.0000,0.5000,"PursuitChaseOptimal",-0.010460
3251,B0100,aggressive,UNKNOWN,16131.661734,26991.419403,5408.580597,6816.981502,27481.188539,17930.685248,491.230794,28613.439208,59.565622,3920.263161,70.729181,0.037993,False,False,False,False,True,True,False,1-circle,1.000000,4575.563740,20544.222092,-1.228477,-0.146440,100.000000,100.000000,0.000000,0.000000,2,4,4,0.0000,0.0000,0.0000,0.5000,"Accelerate",0.013838
3252,A0100,pursuit_chase_v1,UNKNOWN,16120.237955,27002.620351,5397.379649,6740.189790,27524.035335,17934.861073,491.313364,28621.206599,155.347814,3945.571955,70.715900,0.046366,False,False,False,False,True,True,False,1-circle,1.000000,4578.549210,21062.927846,1.499396,0.490601,100.000000,100.000000,0.000000,0.000000,2,4,4,0.0000,0.0000,0.0000,0.5000,"PursuitChaseOptimal",-0.010567
3252,B0100,aggressive,UNKNOWN,16120.237955,27002.620351,5397.379649,6740.189790,27524.035335,17934.861073,491.313364,28621.206599,155.347814,3945.571955,70.715900,0.046366,False,False,False,False,True,True,False,1-circle,1.000000,4578.549210,21062.927846,1.499396,0.490601,100.000000,100.000000,0.000000,0.000000,2,4,4,0.0000,0.0000,0.0000,0.5000,"Accelerate",0.014210
3253,A0100,pursuit_chase_v1,UNKNOWN,16120.237955,27002.620351,5397.379649,6740.189790,27524.035335,17934.861073,491.313364,28621.206599,155.347814,3945.571955,70.715900,0.046366,False,False,False,False,True,True,False,1-circle,1.000000,4578.549210,21062.927846,1.499396,0.490601,100.000000,100.000000,0.000000,0.000000,2,4,4,0.0000,0.0000,0.0000,0.5000,"PursuitChaseOptimal",-0.007775
3253,B0100,aggressive,UNKNOWN,16120.237955,27002.620351,5397.379649,6740.189790,27524.035335,17934.861073,491.313364,28621.206599,155.347814,3945.571955,70.715900,0.046366,False,False,False,False,True,True,False,1-circle,1.000000,4578.549210,21062.927846,1.499396,0.490601,100.000000,100.000000,0.000000,0.000000,2,4,4,0.0000,0.0000,0.0000,0.5000,"Accelerate",0.011416
3254,A0100,pursuit_chase_v1,UNKNOWN,16109.068233,27030.504183,5369.495817,6705.620342,27571.094843,17938.671757,491.352029,28626.699332,109.854650,3962.851778,69.507177,0.001203,False,False,False,False,True,True,False,1-circle,1.000000,4582.041172,20814.257436,-0.038919,0.686293,100.000000,100.000000,0.000000,0.000000,2,4,4,0.0000,0.0000,0.0000,0.5000,"PursuitChaseOptimal",-0.003818
3254,B0100,aggressive,UNKNOWN,16109.068233,27030.504183,5369.495817,6705.620342,27571.094843,17938.671757,491.352029,28626.699332,109.854650,3962.851778,69.507177,0.001203,False,False,False,False,True,True,False,1-circle,1.000000,4582.041172,20814.257436,-0.038919,0.686293,100.000000,100.000000,0.000000,0.000000,2,4,4,0.0000,0.0000,0.0000,0.5000,"Accelerate",0.007488
3255,A0100,pursuit_chase_v1,UNKNOWN,16109.068233,27030.504183,5369.495817,6705.620342,27571.094843,17938.671757,491.352029,28626.699332,109.854650,3962.851778,69.507177,0.001203,False,False,False,False,True,True,False,1-circle,1.000000,4582.041172,20814.257436,-0.038919,0.686293,100.000000,100.000000,0.000000,0.000000,2,4,4,0.0000,0.0000,0.0000,0.5000,"PursuitChaseOptimal",-0.000289
3255,B0100,aggressive,UNKNOWN,16109.068233,27030.504183,5369.495817,6705.620342,27571.094843,17938.671757,491.352029,28626.699332,109.854650,3962.851778,69.507177,0.001203,False,False,False,False,True,True,False,1-circle,1.000000,4582.041172,20814.257436,-0.038919,0.686293,100.000000,100.000000,0.000000,0.000000,2,4,4,0.0000,0.0000,0.0000,0.5000,"Accelerate",0.003997
3256,A0100,pursuit_chase_v1,UNKNOWN,16098.194612,27049.015170,5350.984830,6710.294143,27610.587011,17942.218664,491.543691,28638.586032,237.734016,3986.651971,67.847353,0.041606,False,False,False,False,True,True,False,1-circle,1.000000,4585.686817,21092.175526,1.346244,0.734815,100.000000,100.000000,0.000000,0.000000,2,4,4,0.0000,0.0000,0.0000,0.5000,"PursuitChaseOptimal",0.003042
3256,B0100,aggressive,UNKNOWN,16098.194612,27049.015170,5350.984830,6710.294143,27610.587011,17942.218664,491.543691,28638.586032,237.734016,3986.651971,67.847353,0.041606,False,False,False,False,True,True,False,1-circle,1.000000,4585.686817,21092.175526,1.346244,0.734815,100.000000,100.000000,0.000000,0.000000,2,4,4,0.0000,0.0000,0.0000,0.5000,"Accelerate",0.000748
3257,A0100,pursuit_chase_v1,UNKNOWN,16098.194612,27049.015170,5350.984830,6710.294143,27610.587011,17942.218664,491.543691,28638.586032,237.734016,3986.651971,67.847353,0.041606,False,False,False,False,True,True,False,1-circle,1.000000,4585.686817,21092.175526,1.346244,0.734815,100.000000,100.000000,0.000000,0.000000,2,4,4,0.0000,0.0000,0.0000,0.5000,"PursuitChaseOptimal",0.006062
3257,B0100,aggressive,UNKNOWN,16098.194612,27049.015170,5350.984830,6710.294143,27610.587011,17942.218664,491.543691,28638.586032,237.734016,3986.651971,67.847353,0.041606,False,False,False,False,True,True,False,1-circle,1.000000,4585.686817,21092.175526,1.346244,0.734815,100.000000,100.000000,0.000000,0.000000,2,4,4,0.0000,0.0000,0.0000,0.5000,"Accelerate",-0.002244
3258,A0100,pursuit_chase_v1,UNKNOWN,16087.659042,27082.502207,5317.497793,6722.950539,27657.072699,17945.567140,491.637874,28646.033899,148.957334,4012.592279,65.303691,0.011798,False,False,False,False,True,True,False,1-circle,1.000000,4589.225610,20809.911207,-0.381905,0.845636,100.000000,100.000000,0.000000,0.000000,2,4,4,0.0000,0.0000,0.0000,0.5000,"PursuitChaseOptimal",0.008565
3258,B0100,aggressive,UNKNOWN,16087.659042,27082.502207,5317.497793,6722.950539,27657.072699,17945.567140,491.637874,28646.033899,148.957334,4012.592279,65.303691,0.011798,False,False,False,False,True,True,False,1-circle,1.000000,4589.225610,20809.911207,-0.381905,0.845636,100.000000,100.000000,0.000000,0.000000,2,4,4,0.0000,0.0000,0.0000,0.5000,"Accelerate",-0.004814
3259,A0100,pursuit_chase_v1,UNKNOWN,16087.659042,27082.502207,5317.497793,6722.950539,27657.072699,17945.567140,491.637874,28646.033899,148.957334,4012.592279,65.303691,0.011798,False,False,False,False,True,True,False,1-circle,1.000000,4589.225610,20809.911207,-0.381905,0.845636,100.000000,100.000000,0.000000,0.000000,2,4,4,0.0000,0.0000,0.0000,0.5000,"PursuitChaseOptimal",0.009354
3259,B0100,aggressive,UNKNOWN,16087.659042,27082.502207,5317.497793,6722.950539,27657.072699,17945.567140,491.637874,28646.033899,148.957334,4012.592279,65.303691,0.011798,False,False,False,False,True,True,False,1-circle,1.000000,4589.225610,20809.911207,-0.381905,0.845636,100.000000,100.000000,0.000000,0.000000,2,4,4,0.0000,0.0000,0.0000,0.5000,"Accelerate",-0.005624
3260,A0100,pursuit_chase_v1,UNKNOWN,16077.504145,27105.952735,5294.047265,6750.393427,27696.339121,17948.781112,491.848013,28658.397129,247.264607,4049.636835,62.642789,0.027504,False,False,False,False,True,True,False,1-circle,1.000000,4592.464948,21067.839999,0.890612,1.004836,100.000000,100.000000,0.000000,0.000000,2,4,4,0.0000,0.0000,0.0000,0.5000,"PursuitChaseOptimal",0.005984
3260,B0100,aggressive,UNKNOWN,16077.504145,27105.952735,5294.047265,6750.393427,27696.339121,17948.781112,491.848013,28658.397129,247.264607,4049.636835,62.642789,0.027504,False,False,False,False,True,True,False,1-circle,1.000000,4592.464948,21067.839999,0.890612,1.004836,100.000000,100.000000,0.000000,0.000000,2,4,4,0.0000,0.0000,0.0000,0.5000,"Accelerate",-0.002347
3261,A0100,pursuit_chase_v1,UNKNOWN,16077.504145,27105.952735,5294.047265,6750.393427,27696.339121,17948.781112,491.848013,28658.397129,247.264607,4049.636835,62.642789,0.027504,False,False,False,False,True,True,False,1-circle,1.000000,4592.464948,21067.839999,0.890612,1.004836,100.000000,100.000000,0.000000,0.000000,2,4,4,0.0000,0.0000,0.0000,0.5000,"PursuitChaseOptimal",-0.000783
3261,B0100,aggressive,UNKNOWN,16077.504145,27105.952735,5294.047265,6750.393427,27696.339121,17948.781112,491.848013,28658.397129,247.264607,4049.636835,62.642789,0.027504,False,False,False,False,True,True,False,1-circle,1.000000,4592.464948,21067.839999,0.890612,1.004836,100.000000,100.000000,0.000000,0.000000,2,4,4,0.0000,0.0000,0.0000,0.5000,"Accelerate",0.004117
3262,A0100,pursuit_chase_v1,UNKNOWN,16067.735467,27141.080137,5258.919863,6763.727749,27742.803386,17951.879909,491.995983,28667.940799,190.873393,4081.636471,59.867843,0.028695,False,False,False,False,True,True,False,1-circle,1.000000,4595.368223,20769.154813,-0.929449,0.853963,100.000000,100.000000,0.000000,0.000000,2,4,4,0.0000,0.0000,0.0000,0.5000,"PursuitChaseOptimal",-0.008187
3262,B0100,aggressive,UNKNOWN,16067.735467,27141.080137,5258.919863,6763.727749,27742.803386,17951.879909,491.995983,28667.940799,190.873393,4081.636471,59.867843,0.028695,False,False,False,False,True,True,False,1-circle,1.000000,4595.368223,20769.154813,-0.929449,0.853963,100.000000,100.000000,0.000000,0.000000,2,4,4,0.0000,0.0000,0.0000,0.5000,"Accelerate",0.011297
3263,A0100,pursuit_chase_v1,UNKNOWN,16067.735467,27141.080137,5258.919863,6763.727749,27742.803386,17951.879909,491.995983,28667.940799,190.873393,4081.636471,59.867843,0.028695,False,False,False,False,True,True,False,1-circle,1.000000,4595.368223,20769.154813,-0.929449,0.853963,100.000000,100.000000,0.000000,0.000000,2,4,4,0.0000,0.0000,0.0000,0.5000,"PursuitChaseOptimal",-0.016487
3263,B0100,aggressive,UNKNOWN,16067.735467,27141.080137,5258.919863,6763.727749,27742.803386,17951.879909,491.995983,28667.940799,190.873393,4081.636471,59.867843,0.028695,False,False,False,False,True,True,False,1-circle,1.000000,4595.368223,20769.154813,-0.929449,0.853963,100.000000,100.000000,0.000000,0.000000,2,4,4,0.0000,0.0000,0.0000,0.5000,"Accelerate",0.019068
3264,A0100,pursuit_chase_v1,UNKNOWN,16058.347001,27163.018050,5236.981950,6770.801014,27783.739573,17954.843360,492.310511,28684.609958,333.383170,4119.777665,57.788311,0.015475,False,False,False,False,True,True,False,1-circle,1.000000,4598.112922,21055.836338,0.501591,0.723171,100.000000,100.000000,0.000000,0.000000,2,4,4,0.0000,0.0000,0.0000,0.5000,"PursuitChaseOptimal",-0.023479
3264,B0100,aggressive,UNKNOWN,16058.347001,27163.018050,5236.981950,6770.801014,27783.739573,17954.843360,492.310511,28684.609958,333.383170,4119.777665,57.788311,0.015475,False,False,False,False,True,True,False,1-circle,1.000000,4598.112922,21055.836338,0.501591,0.723171,100.000000,100.000000,0.000000,0.000000,2,4,4,0.0000,0.0000,0.0000,0.5000,"Accelerate",0.026106
3265,A0100,pursuit_chase_v1,UNKNOWN,16058.347001,27163.018050,5236.981950,6770.801014,27783.739573,17954.843360,492.310511,28684.609958,333.383170,4119.777665,57.788311,0.015475,False,False,False,False,True,True,False,1-circle,1.000000,4598.112922,21055.836338,0.501591,0.723171,100.000000,100.000000,0.000000,0.000000,2,4,4,0.0000,0.0000,0.0000,0.5000,"PursuitChaseOptimal",-0.022687
3265,B0100,aggressive,UNKNOWN,16058.347001,27163.018050,5236.981950,6770.801014,27783.739573,17954.843360,492.310511,28684.609958,333.383170,4119.777665,57.788311,0.015475,False,False,False,False,True,True,False,1-circle,1.000000,4598.112922,21055.836338,0.501591,0.723171,100.000000,100.000000,0.000000,0.000000,2,4,4,0.0000,0.0000,0.0000,0.5000,"Accelerate",0.025423
3266,A0100,pursuit_chase_v1,UNKNOWN,16049.340547,27189.450576,5210.549424,6771.217854,27825.832714,17957.579838,492.540430,28697.370823,255.217302,4158.966520,55.774501,0.036363,False,False,False,False,True,True,False,1-circle,1.000000,4600.977686,21207.269431,1.179064,0.617696,100.000000,100.000000,0.000000,0.000000,2,5,4,0.0000,0.0000,0.0000,0.5000,"PursuitChaseOptimal",-0.021785
3266,B0100,aggressive,UNKNOWN,16049.340547,27189.450576,5210.549424,6771.217854,27825.832714,17957.579838,492.540430,28697.370823,255.217302,4158.966520,55.774501,0.036363,False,False,False,False,True,True,False,1-circle,1.000000,4600.977686,21207.269431,1.179064,0.617696,100.000000,100.000000,0.000000,0.000000,2,4,4,0.0000,0.0000,0.0000,0.5000,"Accelerate",0.024488
3267,A0100,pursuit_chase_v1,UNKNOWN,16049.340547,27189.450576,5210.549424,6771.217854,27825.832714,17957.579838,492.540430,28697.370823,255.217302,4158.966520,55.774501,0.036363,False,False,False,False,True,True,False,1-circle,1.000000,4600.977686,21207.269431,1.179064,0.617696,100.000000,100.000000,0.000000,0.000000,2,5,4,0.0000,0.0000,0.0000,0.5000,"PursuitChaseOptimal",0.001830
3267,B0100,aggressive,UNKNOWN,16049.340547,27189.450576,5210.549424,6771.217854,27825.832714,17957.579838,492.540430,28697.370823,255.217302,4158.966520,55.774501,0.036363,False,False,False,False,True,True,False,1-circle,1.000000,4600.977686,21207.269431,1.179064,0.617696,100.000000,100.000000,0.000000,0.000000,2,4,4,0.0000,0.0000,0.0000,0.5000,"Accelerate",0.000902
3268,A0100,pursuit_chase_v1,UNKNOWN,16040.719691,27219.558937,5180.441063,6780.680480,27869.044365,17960.231699,492.741038,28708.772902,228.041584,4193.642402,53.325722,0.000614,False,False,False,False,True,True,False,1-circle,1.000000,4603.784503,21021.183932,-0.019904,0.843643,100.000000,100.000000,0.000000,0.000000,2,5,4,0.0000,0.0000,0.0000,0.5000,"PursuitChaseOptimal",0.000002
3268,B0100,aggressive,UNKNOWN,16040.719691,27219.558937,5180.441063,6780.680480,27869.044365,17960.231699,492.741038,28708.772902,228.041584,4193.642402,53.325722,0.000614,False,False,False,False,True,True,False,1-circle,1.000000,4603.784503,21021.183932,-0.019904,0.843643,100.000000,100.000000,0.000000,0.000000,2,4,4,0.0000,0.0000,0.0000,0.5000,"Accelerate",0.002663
3269,A0100,pursuit_chase_v1,UNKNOWN,16040.719691,27219.558937,5180.441063,6780.680480,27869.044365,17960.231699,492.741038,28708.772902,228.041584,4193.642402,53.325722,0.000614,False,False,False,False,True,True,False,1-circle,1.000000,4603.784503,21021.183932,-0.019904,0.843643,100.000000,100.000000,0.000000,0.000000,2,5,4,0.0000,0.0000,0.0000,0.5000,"PursuitChaseOptimal",0.018944
3269,B0100,aggressive,UNKNOWN,16040.719691,27219.558937,5180.441063,6780.680480,27869.044365,17960.231699,492.741038,28708.772902,228.041584,4193.642402,53.325722,0.000614,False,False,False,False,True,True,False,1-circle,1.000000,4603.784503,21021.183932,-0.019904,0.843643,100.000000,100.000000,0.000000,0.000000,2,4,4,0.0000,0.0000,0.0000,0.5000,"Accelerate",-0.016143
3270,A0100,pursuit_chase_v1,UNKNOWN,16032.477720,27248.189591,5151.810409,6802.454513,27910.477253,17962.742614,492.981108,28721.760056,259.743085,4223.430203,50.487118,0.010944,False,False,False,False,True,True,False,1-circle,1.000000,4606.345962,21118.563955,0.355224,0.746793,100.000000,100.000000,0.000000,0.000000,2,5,4,0.0000,0.0000,0.0000,0.5000,"PursuitChaseOptimal",0.031915
3270,B0100,aggressive,UNKNOWN,16032.477720,27248.189591,5151.810409,6802.454513,27910.477253,17962.742614,492.981108,28721.760056,259.743085,4223.430203,50.487118,0.010944,False,False,False,False,True,True,False,1-circle,1.000000,4606.345962,21118.563955,0.355224,0.746793,100.000000,100.000000,0.000000,0.000000,2,4,4,0.0000,0.0000,0.0000,0.5000,"Accelerate",-0.029054
3271,A0100,pursuit_chase_v1,UNKNOWN,16032.477720,27248.189591,5151.810409,6802.454513,27910.477253,17962.742614,492.981108,28721.760056,259.743085,4223.430203,50.487118,0.010944,False,False,False,False,True,True,False,1-circle,1.000000,4606.345962,21118.563955,0.355224,0.746793,100.000000,100.000000,0.000000,0.000000,2,5,4,0.0000,0.0000,0.0000,0.5000,"PursuitChaseOptimal",0.034819
3271,B0100,aggressive,UNKNOWN,16032.477720,27248.189591,5151.810409,6802.454513,27910.477253,17962.742614,492.981108,28721.760056,259.743085,4223.430203,50.487118,0.010944,False,False,False,False,True,True,False,1-circle,1.000000,4606.345962,21118.563955,0.355224,0.746793,100.000000,100.000000,0.000000,0.000000,2,4,4,0.0000,0.0000,0.0000,0.5000,"Accelerate",-0.032036
3272,A0100,pursuit_chase_v1,UNKNOWN,16024.608104,27280.050127,5119.949873,6832.433259,27954.110556,17965.216693,493.197266,28733.671253,238.223935,4244.175775,47.084311,0.028715,False,False,False,False,True,True,False,1-circle,1.000000,4608.249567,20916.449796,-0.932337,0.828256,100.000000,100.000000,0.000000,0.000000,2,5,4,0.0000,0.0000,0.0000,0.5000,"PursuitChaseOptimal",0.027778
3272,B0100,aggressive,UNKNOWN,16024.608104,27280.050127,5119.949873,6832.433259,27954.110556,17965.216693,493.197266,28733.671253,238.223935,4244.175775,47.084311,0.028715,False,False,False,False,True,True,False,1-circle,1.000000,4608.249567,20916.449796,-0.932337,0.828256,100.000000,100.000000,0.000000,0.000000,2,4,4,0.0000,0.0000,0.0000,0.5000,"Accelerate",-0.025360
3273,A0100,pursuit_chase_v1,UNKNOWN,16024.608104,27280.050127,5119.949873,6832.433259,27954.110556,17965.216693,493.197266,28733.671253,238.223935,4244.175775,47.084311,0.028715,False,False,False,False,True,True,False,1-circle,1.000000,4608.249567,20916.449796,-0.932337,0.828256,100.000000,100.000000,0.000000,0.000000,2,5,4,0.0000,0.0000,0.0000,0.5000,"PursuitChaseOptimal",0.015612
3273,B0100,aggressive,UNKNOWN,16024.608104,27280.050127,5119.949873,6832.433259,27954.110556,17965.216693,493.197266,28733.671253,238.223935,4244.175775,47.084311,0.028715,False,False,False,False,True,True,False,1-circle,1.000000,4608.249567,20916.449796,-0.932337,0.828256,100.000000,100.000000,0.000000,0.000000,2,4,4,0.0000,0.0000,0.0000,0.5000,"Accelerate",-0.013156
3274,A0100,pursuit_chase_v1,UNKNOWN,16017.123490,27303.965379,5096.034621,6870.897826,27995.122432,17967.532350,493.580366,28752.722563,381.026194,4262.771232,43.879064,0.041651,False,False,False,False,True,True,False,1-circle,1.000000,4609.460460,21357.319190,1.353258,0.664104,100.000000,100.000000,0.000000,0.000000,2,5,4,0.0000,0.0000,0.0000,0.5000,"PursuitChaseOptimal",-0.006544
3274,B0100,aggressive,UNKNOWN,16017.123490,27303.965379,5096.034621,6870.897826,27995.122432,17967.532350,493.580366,28752.722563,381.026194,4262.771232,43.879064,0.041651,False,False,False,False,True,True,False,1-circle,1.000000,4609.460460,21357.319190,1.353258,0.664104,100.000000,100.000000,0.000000,0.000000,2,4,4,0.0000,0.0000,0.0000,0.5000,"Accelerate",0.008782
3275,A0100,pursuit_chase_v1,UNKNOWN,16017.123490,27303.965379,5096.034621,6870.897826,27995.122432,17967.532350,493.580366,28752.722563,381.026194,4262.771232,43.879064,0.041651,False,False,False,False,True,True,False,1-circle,1.000000,4609.460460,21357.319190,1.353258,0.664104,100.000000,100.000000,0.000000,0.000000,2,5,4,0.0000,0.0000,0.0000,0.5000,"PursuitChaseOptimal",-0.014250
3275,B0100,aggressive,UNKNOWN,16017.123490,27303.965379,5096.034621,6870.897826,27995.122432,17967.532350,493.580366,28752.722563,381.026194,4262.771232,43.879064,0.041651,False,False,False,False,True,True,False,1-circle,1.000000,4609.460460,21357.319190,1.353258,0.664104,100.000000,100.000000,0.000000,0.000000,2,4,4,0.0000,0.0000,0.0000,0.5000,"Accelerate",0.016329
3276,A0100,pursuit_chase_v1,UNKNOWN,16010.001724,27340.260938,5059.739062,6868.240810,28040.853319,17969.753603,493.743578,28762.077700,187.102750,4275.716331,41.690778,0.019212,False,False,False,False,True,True,False,1-circle,1.000000,4610.235924,21030.777710,-0.624509,0.630195,100.000000,100.000000,0.000000,0.000000,2,5,4,0.0000,0.0000,0.0000,0.5000,"PursuitChaseOptimal",-0.013448
3276,B0100,aggressive,UNKNOWN,16010.001724,27340.260938,5059.739062,6868.240810,28040.853319,17969.753603,493.743578,28762.077700,187.102750,4275.716331,41.690778,0.019212,False,False,False,False,True,True,False,1-circle,1.000000,4610.235924,21030.777710,-0.624509,0.630195,100.000000,100.000000,0.000000,0.000000,2,4,4,0.0000,0.0000,0.0000,0.5000,"Accelerate",0.015414
3277,A0100,pursuit_chase_v1,UNKNOWN,16010.001724,27340.260938,5059.739062,6868.240810,28040.853319,17969.753603,493.743578,28762.077700,187.102750,4275.716331,41.690778,0.019212,False,False,False,False,True,True,False,1-circle,1.000000,4610.235924,21030.777710,-0.624509,0.630195,100.000000,100.000000,0.000000,0.000000,2,5,4,0.0000,0.0000,0.0000,0.5000,"PursuitChaseOptimal",-0.013244
3277,B0100,aggressive,UNKNOWN,16010.001724,27340.260938,5059.739062,6868.240810,28040.853319,17969.753603,493.743578,28762.077700,187.102750,4275.716331,41.690778,0.019212,False,False,False,False,True,True,False,1-circle,1.000000,4610.235924,21030.777710,-0.624509,0.630195,100.000000,100.000000,0.000000,0.000000,2,4,4,0.0000,0.0000,0.0000,0.5000,"Accelerate",0.015179
3278,A0100,pursuit_chase_v1,UNKNOWN,16003.122367,27365.225205,5034.774795,6821.996900,28079.943107,17971.906694,494.059679,28778.053963,319.525267,4279.203019,41.322781,0.012282,False,False,False,False,True,True,False,1-circle,1.000000,4611.080473,21244.851598,0.399474,0.750105,100.000000,100.000000,0.000000,0.000000,2,5,4,0.0000,0.0000,0.0000,0.5000,"PursuitChaseOptimal",-0.011991
3278,B0100,aggressive,UNKNOWN,16003.122367,27365.225205,5034.774795,6821.996900,28079.943107,17971.906694,494.059679,28778.053963,319.525267,4279.203019,41.322781,0.012282,False,False,False,False,True,True,False,1-circle,1.000000,4611.080473,21244.851598,0.399474,0.750105,100.000000,100.000000,0.000000,0.000000,2,4,4,0.0000,0.0000,0.0000,0.5000,"Accelerate",0.013919
3279,A0100,pursuit_chase_v1,UNKNOWN,16003.122367,27365.225205,5034.774795,6821.996900,28079.943107,17971.906694,494.059679,28778.053963,319.525267,4279.203019,41.322781,0.012282,False,False,False,False,True,True,False,1-circle,1.000000,4611.080473,21244.851598,0.399474,0.750105,100.000000,100.000000,0.000000,0.000000,2,5,4,0.0000,0.0000,0.0000,0.5000,"PursuitChaseOptimal",-0.009572
3279,B0100,aggressive,UNKNOWN,16003.122367,27365.225205,5034.774795,6821.996900,28079.943107,17971.906694,494.059679,28778.053963,319.525267,4279.203019,41.322781,0.012282,False,False,False,False,True,True,False,1-circle,1.000000,4611.080473,21244.851598,0.399474,0.750105,100.000000,100.000000,0.000000,0.000000,2,4,4,0.0000,0.0000,0.0000,0.5000,"Accelerate",0.011332
3280,A0100,pursuit_chase_v1,UNKNOWN,15996.365868,27400.133866,4999.866134,6729.708594,28125.763394,17973.982458,494.290781,28790.241468,243.750082,4289.115092,41.511985,0.052128,False,False,False,False,True,True,False,1-circle,1.000000,4612.348056,20897.934899,-1.695846,0.519588,100.000000,100.000000,0.000000,0.000000,2,5,4,0.0000,0.0000,0.0000,0.5000,"PursuitChaseOptimal",-0.006555
3280,B0100,aggressive,UNKNOWN,15996.365868,27400.133866,4999.866134,6729.708594,28125.763394,17973.982458,494.290781,28790.241468,243.750082,4289.115092,41.511985,0.052128,False,False,False,False,True,True,False,1-circle,1.000000,4612.348056,20897.934899,-1.695846,0.519588,100.000000,100.000000,0.000000,0.000000,2,4,4,0.0000,0.0000,0.0000,0.5000,"Accelerate",0.008288
3281,A0100,pursuit_chase_v1,UNKNOWN,15996.365868,27400.133866,4999.866134,6729.708594,28125.763394,17973.982458,494.290781,28790.241468,243.750082,4289.115092,41.511985,0.052128,False,False,False,False,True,True,False,1-circle,1.000000,4612.348056,20897.934899,-1.695846,0.519588,100.000000,100.000000,0.000000,0.000000,2,5,4,0.0000,0.0000,0.0000,0.5000,"PursuitChaseOptimal",-0.003470
3281,B0100,aggressive,UNKNOWN,15996.365868,27400.133866,4999.866134,6729.708594,28125.763394,17973.982458,494.290781,28790.241468,243.750082,4289.115092,41.511985,0.052128,False,False,False,False,True,True,False,1-circle,1.000000,4612.348056,20897.934899,-1.695846,0.519588,100.000000,100.000000,0.000000,0.000000,2,4,4,0.0000,0.0000,0.0000,0.5000,"Accelerate",0.004689
3282,A0100,pursuit_chase_v1,UNKNOWN,15989.719221,27420.304056,4979.695944,6619.520226,28165.646626,17975.937983,494.671299,28808.856681,372.304273,4328.185841,42.108100,0.011767,False,False,False,False,True,True,False,1-circle,1.000000,4614.268266,21165.011383,-0.383201,0.333160,100.000000,100.000000,0.000000,0.000000,2,5,4,0.0000,0.0000,0.0000,0.5000,"PursuitChaseOptimal",-0.000386
3282,B0100,aggressive,UNKNOWN,15989.719221,27420.304056,4979.695944,6619.520226,28165.646626,17975.937983,494.671299,28808.856681,372.304273,4328.185841,42.108100,0.011767,False,False,False,False,True,True,False,1-circle,1.000000,4614.268266,21165.011383,-0.383201,0.333160,100.000000,100.000000,0.000000,0.000000,2,4,4,0.0000,0.0000,0.0000,0.5000,"Accelerate",0.001862
3283,A0100,pursuit_chase_v1,UNKNOWN,15989.719221,27420.304056,4979.695944,6619.520226,28165.646626,17975.937983,494.671299,28808.856681,372.304273,4328.185841,42.108100,0.011767,False,False,False,False,True,True,False,1-circle,1.000000,4614.268266,21165.011383,-0.383201,0.333160,100.000000,100.000000,0.000000,0.000000,2,5,4,0.0000,0.0000,0.0000,0.5000,"PursuitChaseOptimal",0.002745
3283,B0100,aggressive,UNKNOWN,15989.719221,27420.304056,4979.695944,6619.520226,28165.646626,17975.937983,494.671299,28808.856681,372.304273,4328.185841,42.108100,0.011767,False,False,False,False,True,True,False,1-circle,1.000000,4614.268266,21165.011383,-0.383201,0.333160,100.000000,100.000000,0.000000,0.000000,2,4,4,0.0000,0.0000,0.0000,0.5000,"Accelerate",-0.001138
3284,A0100,pursuit_chase_v1,UNKNOWN,15983.192722,27444.939963,4955.060037,6493.923453,28206.065524,17977.693905,494.930049,28821.948448,261.835345,4369.338458,42.723258,0.000155,False,False,False,False,True,True,False,1-circle,1.000000,4616.977572,21266.300029,0.005062,0.185552,100.000000,100.000000,0.000000,0.000000,2,5,4,0.0000,0.0000,0.0000,0.5000,"PursuitChaseOptimal",0.006062
3284,B0100,aggressive,UNKNOWN,15983.192722,27444.939963,4955.060037,6493.923453,28206.065524,17977.693905,494.930049,28821.948448,261.835345,4369.338458,42.723258,0.000155,False,False,False,False,True,True,False,1-circle,1.000000,4616.977572,21266.300029,0.005062,0.185552,100.000000,100.000000,0.000000,0.000000,2,4,4,0.0000,0.0000,0.0000,0.5000,"Accelerate",-0.004468
3285,A0100,pursuit_chase_v1,UNKNOWN,15983.192722,27444.939963,4955.060037,6493.923453,28206.065524,17977.693905,494.930049,28821.948448,261.835345,4369.338458,42.723258,0.000155,False,False,False,False,True,True,False,1-circle,1.000000,4616.977572,21266.300029,0.005062,0.185552,100.000000,100.000000,0.000000,0.000000,2,5,4,0.0000,0.0000,0.0000,0.5000,"PursuitChaseOptimal",0.009436
3285,B0100,aggressive,UNKNOWN,15983.192722,27444.939963,4955.060037,6493.923453,28206.065524,17977.693905,494.930049,28821.948448,261.835345,4369.338458,42.723258,0.000155,False,False,False,False,True,True,False,1-circle,1.000000,4616.977572,21266.300029,0.005062,0.185552,100.000000,100.000000,0.000000,0.000000,2,4,4,0.0000,0.0000,0.0000,0.5000,"Accelerate",-0.007849
3286,A0100,pursuit_chase_v1,UNKNOWN,15976.759954,27471.484422,4928.515578,6358.666004,28246.018593,17979.384874,495.153998,28833.455359,230.138209,4415.407089,43.236507,0.041420,False,False,False,False,True,True,False,1-circle,1.000000,4620.332536,21054.210796,-1.349882,0.397945,100.000000,100.000000,0.000000,0.000000,2,5,4,0.0000,0.0000,0.0000,0.5000,"PursuitChaseOptimal",0.012824
3286,B0100,aggressive,UNKNOWN,15976.759954,27471.484422,4928.515578,6358.666004,28246.018593,17979.384874,495.153998,28833.455359,230.138209,4415.407089,43.236507,0.041420,False,False,False,False,True,True,False,1-circle,1.000000,4620.332536,21054.210796,-1.349882,0.397945,100.000000,100.000000,0.000000,0.000000,2,4,4,0.0000,0.0000,0.0000,0.5000,"Accelerate",-0.011696
3287,A0100,pursuit_chase_v1,UNKNOWN,15976.759954,27471.484422,4928.515578,6358.666004,28246.018593,17979.384874,495.153998,28833.455359,230.138209,4415.407089,43.236507,0.041420,False,False,False,False,True,True,False,1-circle,1.000000,4620.332536,21054.210796,-1.349882,0.397945,100.000000,100.000000,0.000000,0.000000,2,5,4,0.0000,0.0000,0.0000,0.5000,"PursuitChaseOptimal",0.016290
3287,B0100,aggressive,UNKNOWN,15976.759954,27471.484422,4928.515578,6358.666004,28246.018593,17979.384874,495.153998,28833.455359,230.138209,4415.407089,43.236507,0.041420,False,False,False,False,True,True,False,1-circle,1.000000,4620.332536,21054.210796,-1.349882,0.397945,100.000000,100.000000,0.000000,0.000000,2,4,4,0.0000,0.0000,0.0000,0.5000,"Accelerate",-0.014862
3288,A0100,pursuit_chase_v1,UNKNOWN,15970.437639,27491.595978,4908.404022,6218.088064,28284.731988,17980.917026,495.527814,28851.382275,358.538313,4475.120746,43.656477,0.027596,False,False,False,False,True,True,False,1-circle,1.000000,4624.382006,21491.413675,0.900085,0.282111,100.000000,100.000000,0.000000,0.000000,2,4,4,0.0000,0.0000,0.0000,0.5000,"PursuitChaseOptimal",0.023816
3288,B0100,aggressive,UNKNOWN,15970.437639,27491.595978,4908.404022,6218.088064,28284.731988,17980.917026,495.527814,28851.382275,358.538313,4475.120746,43.656477,0.027596,False,False,False,False,True,True,False,1-circle,1.000000,4624.382006,21491.413675,0.900085,0.282111,100.000000,100.000000,0.000000,0.000000,2,4,4,0.0000,0.0000,0.0000,0.5000,"Accelerate",-0.022181
3289,A0100,pursuit_chase_v1,UNKNOWN,15970.437639,27491.595978,4908.404022,6218.088064,28284.731988,17980.917026,495.527814,28851.382275,358.538313,4475.120746,43.656477,0.027596,False,False,False,False,True,True,False,1-circle,1.000000,4624.382006,21491.413675,0.900085,0.282111,100.000000,100.000000,0.000000,0.000000,2,4,4,0.0000,0.0000,0.0000,0.5000,"PursuitChaseOptimal",0.019835
3289,B0100,aggressive,UNKNOWN,15970.437639,27491.595978,4908.404022,6218.088064,28284.731988,17980.917026,495.527814,28851.382275,358.538313,4475.120746,43.656477,0.027596,False,False,False,False,True,True,False,1-circle,1.000000,4624.382006,21491.413675,0.900085,0.282111,100.000000,100.000000,0.000000,0.000000,2,4,4,0.0000,0.0000,0.0000,0.5000,"Accelerate",-0.018255
3290,A0100,pursuit_chase_v1,UNKNOWN,15964.213256,27522.548517,4877.451483,6067.179063,28325.940813,17982.368956,495.691529,28860.018230,172.719113,4521.307551,43.915983,0.036983,False,False,False,False,True,True,False,1-circle,1.000000,4628.978474,21144.645228,-1.206579,0.235033,100.000000,100.000000,0.000000,0.000000,2,4,4,0.0000,0.0000,0.0000,0.5000,"PursuitChaseOptimal",0.019727
3290,B0100,aggressive,UNKNOWN,15964.213256,27522.548517,4877.451483,6067.179063,28325.940813,17982.368956,495.691529,28860.018230,172.719113,4521.307551,43.915983,0.036983,False,False,False,False,True,True,False,1-circle,1.000000,4628.978474,21144.645228,-1.206579,0.235033,100.000000,100.000000,0.000000,0.000000,2,4,4,0.0000,0.0000,0.0000,0.5000,"Accelerate",-0.018166
3291,A0100,pursuit_chase_v1,UNKNOWN,15964.213256,27522.548517,4877.451483,6067.179063,28325.940813,17982.368956,495.691529,28860.018230,172.719113,4521.307551,43.915983,0.036983,False,False,False,False,True,True,False,1-circle,1.000000,4628.978474,21144.645228,-1.206579,0.235033,100.000000,100.000000,0.000000,0.000000,2,4,4,0.0000,0.0000,0.0000,0.5000,"PursuitChaseOptimal",0.008616
3291,B0100,aggressive,UNKNOWN,15964.213256,27522.548517,4877.451483,6067.179063,28325.940813,17982.368956,495.691529,28860.018230,172.719113,4521.307551,43.915983,0.036983,False,False,False,False,True,True,False,1-circle,1.000000,4628.978474,21144.645228,-1.206579,0.235033,100.000000,100.000000,0.000000,0.000000,2,4,4,0.0000,0.0000,0.0000,0.5000,"Accelerate",-0.007686
3292,A0100,pursuit_chase_v1,UNKNOWN,15958.077668,27540.755775,4859.244225,5935.290655,28361.487042,17983.758538,496.046182,28876.978699,339.209368,4574.530287,44.163693,0.003674,False,False,False,False,True,True,False,1-circle,1.000000,4634.056001,21416.007659,0.119950,0.351503,100.000000,100.000000,0.000000,0.000000,2,4,4,0.0000,0.0000,0.0000,0.5000,"PursuitChaseOptimal",-0.000404
3292,B0100,aggressive,UNKNOWN,15958.077668,27540.755775,4859.244225,5935.290655,28361.487042,17983.758538,496.046182,28876.978699,339.209368,4574.530287,44.163693,0.003674,False,False,False,False,True,True,False,1-circle,1.000000,4634.056001,21416.007659,0.119950,0.351503,100.000000,100.000000,0.000000,0.000000,2,4,4,0.0000,0.0000,0.0000,0.5000,"Accelerate",0.001525
3293,A0100,pursuit_chase_v1,UNKNOWN,15958.077668,27540.755775,4859.244225,5935.290655,28361.487042,17983.758538,496.046182,28876.978699,339.209368,4574.530287,44.163693,0.003674,False,False,False,False,True,True,False,1-circle,1.000000,4634.056001,21416.007659,0.119950,0.351503,100.000000,100.000000,0.000000,0.000000,2,4,4,0.0000,0.0000,0.0000,0.5000,"PursuitChaseOptimal",-0.006486
3293,B0100,aggressive,UNKNOWN,15958.077668,27540.755775,4859.244225,5935.290655,28361.487042,17983.758538,496.046182,28876.978699,339.209368,4574.530287,44.163693,0.003674,False,False,False,False,True,True,False,1-circle,1.000000,4634.056001,21416.007659,0.119950,0.351503,100.000000,100.000000,0.000000,0.000000,2,4,4,0.0000,0.0000,0.0000,0.5000,"Accelerate",0.007739
3294,A0100,pursuit_chase_v1,UNKNOWN,15952.093512,27565.925932,4834.074068,5835.465912,28397.493741,17985.031772,496.279334,28888.494418,230.314395,4623.905383,43.807723,0.015532,False,False,False,False,True,True,False,1-circle,1.000000,4639.625968,21518.581618,0.507374,0.247981,100.000000,100.000000,0.000000,0.000000,2,4,4,0.0000,0.0000,0.0000,0.5000,"PursuitChaseOptimal",-0.010591
3294,B0100,aggressive,UNKNOWN,15952.093512,27565.925932,4834.074068,5835.465912,28397.493741,17985.031772,496.279334,28888.494418,230.314395,4623.905383,43.807723,0.015532,False,False,False,False,True,True,False,1-circle,1.000000,4639.625968,21518.581618,0.507374,0.247981,100.000000,100.000000,0.000000,0.000000,2,4,4,0.0000,0.0000,0.0000,0.5000,"Accelerate",0.011669
3295,A0100,pursuit_chase_v1,UNKNOWN,15952.093512,27565.925932,4834.074068,5835.465912,28397.493741,17985.031772,496.279334,28888.494418,230.314395,4623.905383,43.807723,0.015532,False,False,False,False,True,True,False,1-circle,1.000000,4639.625968,21518.581618,0.507374,0.247981,100.000000,100.000000,0.000000,0.000000,2,4,4,0.0000,0.0000,0.0000,0.5000,"PursuitChaseOptimal",-0.013461
3295,B0100,aggressive,UNKNOWN,15952.093512,27565.925932,4834.074068,5835.465912,28397.493741,17985.031772,496.279334,28888.494418,230.314395,4623.905383,43.807723,0.015532,False,False,False,False,True,True,False,1-circle,1.000000,4639.625968,21518.581618,0.507374,0.247981,100.000000,100.000000,0.000000,0.000000,2,4,4,0.0000,0.0000,0.0000,0.5000,"Accelerate",0.014513
3296,A0100,pursuit_chase_v1,UNKNOWN,15946.287244,27592.848356,4807.151644,5763.672088,28433.253748,17986.338656,496.557670,28902.035050,270.812624,4663.154366,43.168442,0.025426,False,False,False,False,True,True,True,1-circle,1.000000,4645.455582,21310.673136,-0.830958,0.535217,100.000000,100.000000,0.000000,0.000000,2,4,4,0.0000,0.0000,0.0000,0.5000,"PursuitChaseOptimal",-0.014864
3296,B0100,aggressive,UNKNOWN,15946.287244,27592.848356,4807.151644,5763.672088,28433.253748,17986.338656,496.557670,28902.035050,270.812624,4663.154366,43.168442,0.025426,False,False,False,False,True,True,True,1-circle,1.000000,4645.455582,21310.673136,-0.830958,0.535217,100.000000,100.000000,0.000000,0.000000,2,4,4,0.0000,0.0000,0.0000,0.5000,"Accelerate",0.015351
3297,A0100,pursuit_chase_v1,UNKNOWN,15946.287244,27592.848356,4807.151644,5763.672088,28433.253748,17986.338656,496.557670,28902.035050,270.812624,4663.154366,43.168442,0.025426,False,False,False,False,True,True,True,1-circle,1.000000,4645.455582,21310.673136,-0.830958,0.535217,100.000000,100.000000,0.000000,0.000000,2,4,4,0.0000,0.0000,0.0000,0.5000,"PursuitChaseOptimal",-0.013717
3297,B0100,aggressive,UNKNOWN,15946.287244,27592.848356,4807.151644,5763.672088,28433.253748,17986.338656,496.557670,28902.035050,270.812624,4663.154366,43.168442,0.025426,False,False,False,False,True,True,True,1-circle,1.000000,4645.455582,21310.673136,-0.830958,0.535217,100.000000,100.000000,0.000000,0.000000,2,4,4,0.0000,0.0000,0.0000,0.5000,"Accelerate",0.014523
3298,A0100,pursuit_chase_v1,UNKNOWN,15940.672219,27613.111354,4786.888646,5717.598917,28468.350522,17987.574910,496.923959,28919.381278,346.924568,4697.769690,42.415394,0.043604,False,False,False,False,True,True,True,1-circle,1.000000,4651.565591,21750.181755,1.425826,0.370819,100.000000,100.000000,0.000000,0.000000,2,4,4,0.0000,0.0000,0.0000,0.5000,"PursuitChaseOptimal",-0.010125
3298,B0100,aggressive,UNKNOWN,15940.672219,27613.111354,4786.888646,5717.598917,28468.350522,17987.574910,496.923959,28919.381278,346.924568,4697.769690,42.415394,0.043604,False,False,False,False,True,True,True,1-circle,1.000000,4651.565591,21750.181755,1.425826,0.370819,100.000000,100.000000,0.000000,0.000000,2,4,4,0.0000,0.0000,0.0000,0.5000,"Accelerate",0.011175
3299,A0100,pursuit_chase_v1,UNKNOWN,15940.672219,27613.111354,4786.888646,5717.598917,28468.350522,17987.574910,496.923959,28919.381278,346.924568,4697.769690,42.415394,0.043604,False,False,False,False,True,True,True,1-circle,1.000000,4651.565591,21750.181755,1.425826,0.370819,100.000000,100.000000,0.000000,0.000000,2,4,4,0.0000,0.0000,0.0000,0.5000,"PursuitChaseOptimal",-0.006297
3299,B0100,aggressive,UNKNOWN,15940.672219,27613.111354,4786.888646,5717.598917,28468.350522,17987.574910,496.923959,28919.381278,346.924568,4697.769690,42.415394,0.043604,False,False,False,False,True,True,True,1-circle,1.000000,4651.565591,21750.181755,1.425826,0.370819,100.000000,100.000000,0.000000,0.000000,2,4,4,0.0000,0.0000,0.0000,0.5000,"Accelerate",0.007246
3300,A0100,pursuit_chase_v1,UNKNOWN,15935.256945,27645.896327,4754.103673,5694.480940,28506.427507,17988.824546,497.098807,28928.325235,178.879141,4717.957053,41.026362,0.020595,False,False,False,False,True,True,True,1-circle,1.000000,4657.715396,21405.724414,-0.673787,0.472871,100.000000,100.000000,0.000000,0.000000,2,4,4,0.0000,0.0000,0.0000,0.5000,"PursuitChaseOptimal",-0.000581
3300,B0100,aggressive,UNKNOWN,15935.256945,27645.896327,4754.103673,5694.480940,28506.427507,17988.824546,497.098807,28928.325235,178.879141,4717.957053,41.026362,0.020595,False,False,False,False,True,True,True,1-circle,1.000000,4657.715396,21405.724414,-0.673787,0.472871,100.000000,100.000000,0.000000,0.000000,2,4,4,0.0000,0.0000,0.0000,0.5000,"Accelerate",0.001558
3301,A0100,pursuit_chase_v1,UNKNOWN,15935.256945,27645.896327,4754.103673,5694.480940,28506.427507,17988.824546,497.098807,28928.325235,178.879141,4717.957053,41.026362,0.020595,False,False,False,False,True,True,True,1-circle,1.000000,4657.715396,21405.724414,-0.673787,0.472871,100.000000,100.000000,0.000000,0.000000,2,4,4,0.0000,0.0000,0.0000,0.5000,"PursuitChaseOptimal",0.005707
3301,B0100,aggressive,UNKNOWN,15935.256945,27645.896327,4754.103673,5694.480940,28506.427507,17988.824546,497.098807,28928.325235,178.879141,4717.957053,41.026362,0.020595,False,False,False,False,True,True,True,1-circle,1.000000,4657.715396,21405.724414,-0.673787,0.472871,100.000000,100.000000,0.000000,0.000000,2,4,4,0.0000,0.0000,0.0000,0.5000,"Accelerate",-0.004960
3302,A0100,pursuit_chase_v1,UNKNOWN,15930.073593,27666.705776,4733.294224,5701.074239,28538.375800,17990.103822,497.435998,28944.450471,322.504724,4751.802384,39.224148,0.013190,False,False,False,False,True,True,True,1-circle,1.000000,4663.687779,21638.301425,0.431797,0.567136,100.000000,100.000000,0.000000,0.000000,2,4,4,0.0000,0.0000,0.0000,0.5000,"PursuitChaseOptimal",0.011127
3302,B0100,aggressive,UNKNOWN,15930.073593,27666.705776,4733.294224,5701.074239,28538.375800,17990.103822,497.435998,28944.450471,322.504724,4751.802384,39.224148,0.013190,False,False,False,False,True,True,True,1-circle,1.000000,4663.687779,21638.301425,0.431797,0.567136,100.000000,100.000000,0.000000,0.000000,2,4,4,0.0000,0.0000,0.0000,0.5000,"Accelerate",-0.010243
3303,A0100,pursuit_chase_v1,UNKNOWN,15930.073593,27666.705776,4733.294224,5701.074239,28538.375800,17990.103822,497.435998,28944.450471,322.504724,4751.802384,39.224148,0.013190,False,False,False,False,True,True,True,1-circle,1.000000,4663.687779,21638.301425,0.431797,0.567136,100.000000,100.000000,0.000000,0.000000,2,4,4,0.0000,0.0000,0.0000,0.5000,"PursuitChaseOptimal",0.015529
3303,B0100,aggressive,UNKNOWN,15930.073593,27666.705776,4733.294224,5701.074239,28538.375800,17990.103822,497.435998,28944.450471,322.504724,4751.802384,39.224148,0.013190,False,False,False,False,True,True,True,1-circle,1.000000,4663.687779,21638.301425,0.431797,0.567136,100.000000,100.000000,0.000000,0.000000,2,4,4,0.0000,0.0000,0.0000,0.5000,"Accelerate",-0.014609
3304,A0100,pursuit_chase_v1,UNKNOWN,15925.163718,27698.208747,4701.791253,5713.018161,28576.742716,17991.394151,497.621648,28953.918940,189.369382,4783.277562,36.790404,0.052007,False,False,False,False,True,True,True,1-circle,1.000000,4669.303893,21287.665629,-1.702731,0.371513,100.000000,100.000000,0.000000,0.000000,2,4,4,0.0000,0.0000,0.0000,0.5000,"PursuitChaseOptimal",0.019011
3304,B0100,aggressive,UNKNOWN,15925.163718,27698.208747,4701.791253,5713.018161,28576.742716,17991.394151,497.621648,28953.918940,189.369382,4783.277562,36.790404,0.052007,False,False,False,False,True,True,True,1-circle,1.000000,4669.303893,21287.665629,-1.702731,0.371513,100.000000,100.000000,0.000000,0.000000,2,4,4,0.0000,0.0000,0.0000,0.5000,"Accelerate",-0.018378
3305,A0100,pursuit_chase_v1,UNKNOWN,15925.163718,27698.208747,4701.791253,5713.018161,28576.742716,17991.394151,497.621648,28953.918940,189.369382,4783.277562,36.790404,0.052007,False,False,False,False,True,True,True,1-circle,1.000000,4669.303893,21287.665629,-1.702731,0.371513,100.000000,100.000000,0.000000,0.000000,2,4,4,0.0000,0.0000,0.0000,0.5000,"PursuitChaseOptimal",0.021755
3305,B0100,aggressive,UNKNOWN,15925.163718,27698.208747,4701.791253,5713.018161,28576.742716,17991.394151,497.621648,28953.918940,189.369382,4783.277562,36.790404,0.052007,False,False,False,False,True,True,True,1-circle,1.000000,4669.303893,21287.665629,-1.702731,0.371513,100.000000,100.000000,0.000000,0.000000,2,4,4,0.0000,0.0000,0.0000,0.5000,"Accelerate",-0.021527
3306,A0100,pursuit_chase_v1,UNKNOWN,15920.563412,27716.194729,4683.805271,5734.959845,28612.446401,17992.659199,498.004276,28972.048920,362.599597,4832.200408,34.202253,0.010424,False,False,False,False,True,True,True,1-circle,1.000000,4674.468521,21566.191293,-0.341637,0.273385,100.000000,100.000000,0.000000,0.000000,2,4,4,0.0000,0.0000,0.0000,0.5000,"PursuitChaseOptimal",0.022322
3306,B0100,aggressive,UNKNOWN,15920.563412,27716.194729,4683.805271,5734.959845,28612.446401,17992.659199,498.004276,28972.048920,362.599597,4832.200408,34.202253,0.010424,False,False,False,False,True,True,True,1-circle,1.000000,4674.468521,21566.191293,-0.341637,0.273385,100.000000,100.000000,0.000000,0.000000,2,4,4,0.0000,0.0000,0.0000,0.5000,"Accelerate",-0.021843
3307,A0100,pursuit_chase_v1,UNKNOWN,15920.563412,27716.194729,4683.805271,5734.959845,28612.446401,17992.659199,498.004276,28972.048920,362.599597,4832.200408,34.202253,0.010424,False,False,False,False,True,True,True,1-circle,1.000000,4674.468521,21566.191293,-0.341637,0.273385,100.000000,100.000000,0.000000,0.000000,2,4,4,0.0000,0.0000,0.0000,0.5000,"PursuitChaseOptimal",0.017477
3307,B0100,aggressive,UNKNOWN,15920.563412,27716.194729,4683.805271,5734.959845,28612.446401,17992.659199,498.004276,28972.048920,362.599597,4832.200408,34.202253,0.010424,False,False,False,False,True,True,True,1-circle,1.000000,4674.468521,21566.191293,-0.341637,0.273385,100.000000,100.000000,0.000000,0.000000,2,4,4,0.0000,0.0000,0.0000,0.5000,"Accelerate",-0.016945
3308,A0100,pursuit_chase_v1,UNKNOWN,15916.303251,27737.719721,4662.280279,5755.521766,28648.230368,17993.793210,498.271254,28984.958102,258.183640,4871.037791,31.657151,0.001293,False,False,False,False,True,True,True,1-circle,1.000000,4679.223838,21668.849036,0.042392,0.041838,100.000000,100.000000,0.000000,0.000000,2,4,4,0.0000,0.0000,0.0000,0.5000,"PursuitChaseOptimal",0.008009
3308,B0100,aggressive,UNKNOWN,15916.303251,27737.719721,4662.280279,5755.521766,28648.230368,17993.793210,498.271254,28984.958102,258.183640,4871.037791,31.657151,0.001293,False,False,False,False,True,True,True,1-circle,1.000000,4679.223838,21668.849036,0.042392,0.041838,100.000000,100.000000,0.000000,0.000000,2,4,4,0.0000,0.0000,0.0000,0.5000,"Accelerate",-0.007564
3309,A0100,pursuit_chase_v1,UNKNOWN,15916.303251,27737.719721,4662.280279,5755.521766,28648.230368,17993.793210,498.271254,28984.958102,258.183640,4871.037791,31.657151,0.001293,False,False,False,False,True,True,True,1-circle,1.000000,4679.223838,21668.849036,0.042392,0.041838,100.000000,100.000000,0.000000,0.000000,2,4,4,0.0000,0.0000,0.0000,0.5000,"PursuitChaseOptimal",-0.001903
3309,B0100,aggressive,UNKNOWN,15916.303251,27737.719721,4662.280279,5755.521766,28648.230368,17993.793210,498.271254,28984.958102,258.183640,4871.037791,31.657151,0.001293,False,False,False,False,True,True,True,1-circle,1.000000,4679.223838,21668.849036,0.042392,0.041838,100.000000,100.000000,0.000000,0.000000,2,4,4,0.0000,0.0000,0.0000,0.5000,"Accelerate",0.001972
3310,A0100,pursuit_chase_v1,UNKNOWN,15912.343415,27761.661534,4638.338466,5766.450220,28684.609816,17994.910179,498.505867,28996.427982,229.397594,4904.267451,29.489579,0.036532,False,False,False,False,True,True,True,1-circle,1.000000,4683.558096,21479.029709,-1.198254,0.226358,100.000000,100.000000,0.000000,0.000000,2,4,4,0.0000,0.0000,0.0000,0.5000,"PursuitChaseOptimal",-0.012667
3310,B0100,aggressive,UNKNOWN,15912.343415,27761.661534,4638.338466,5766.450220,28684.609816,17994.910179,498.505867,28996.427982,229.397594,4904.267451,29.489579,0.036532,False,False,False,False,True,True,True,1-circle,1.000000,4683.558096,21479.029709,-1.198254,0.226358,100.000000,100.000000,0.000000,0.000000,2,4,4,0.0000,0.0000,0.0000,0.5000,"Accelerate",0.012118
3311,A0100,pursuit_chase_v1,UNKNOWN,15912.343415,27761.661534,4638.338466,5766.450220,28684.609816,17994.910179,498.505867,28996.427982,229.397594,4904.267451,29.489579,0.036532,False,False,False,False,True,True,True,1-circle,1.000000,4683.558096,21479.029709,-1.198254,0.226358,100.000000,100.000000,0.000000,0.000000,2,4,4,0.0000,0.0000,0.0000,0.5000,"PursuitChaseOptimal",-0.024464
3311,B0100,aggressive,UNKNOWN,15912.343415,27761.661534,4638.338466,5766.450220,28684.609816,17994.910179,498.505867,28996.427982,229.397594,4904.267451,29.489579,0.036532,False,False,False,False,True,True,True,1-circle,1.000000,4683.558096,21479.029709,-1.198254,0.226358,100.000000,100.000000,0.000000,0.000000,2,4,4,0.0000,0.0000,0.0000,0.5000,"Accelerate",0.024096
3312,A0100,pursuit_chase_v1,UNKNOWN,15908.694664,27779.549010,4620.450990,5770.686293,28720.733703,17995.902178,498.863129,29013.194463,335.329620,4945.642367,27.761355,0.031705,False,False,False,False,True,True,True,1-circle,1.000000,4687.799019,21915.770205,1.040656,0.095343,100.000000,100.000000,0.000000,0.000000,2,4,4,0.0000,0.0000,0.0000,0.5000,"PursuitChaseOptimal",-0.031933
3312,B0100,aggressive,UNKNOWN,15908.694664,27779.549010,4620.450990,5770.686293,28720.733703,17995.902178,498.863129,29013.194463,335.329620,4945.642367,27.761355,0.031705,False,False,False,False,True,True,True,1-circle,1.000000,4687.799019,21915.770205,1.040656,0.095343,100.000000,100.000000,0.000000,0.000000,2,4,4,0.0000,0.0000,0.0000,0.5000,"Accelerate",0.031722
3313,A0100,pursuit_chase_v1,UNKNOWN,15908.694664,27779.549010,4620.450990,5770.686293,28720.733703,17995.902178,498.863129,29013.194463,335.329620,4945.642367,27.761355,0.031705,False,False,False,False,True,True,True,1-circle,1.000000,4687.799019,21915.770205,1.040656,0.095343,100.000000,100.000000,0.000000,0.000000,2,4,4,0.0000,0.0000,0.0000,0.5000,"PursuitChaseOptimal",-0.032950
3313,B0100,aggressive,UNKNOWN,15908.694664,27779.549010,4620.450990,5770.686293,28720.733703,17995.902178,498.863129,29013.194463,335.329620,4945.642367,27.761355,0.031705,False,False,False,False,True,True,True,1-circle,1.000000,4687.799019,21915.770205,1.040656,0.095343,100.000000,100.000000,0.000000,0.000000,2,4,4,0.0000,0.0000,0.0000,0.5000,"Accelerate",0.032652
3314,A0100,pursuit_chase_v1,UNKNOWN,15905.337594,27811.710018,4588.289982,5770.396470,28760.262691,17996.871366,499.039473,29021.954076,175.192271,4976.230585,25.999097,0.031813,False,False,False,False,True,True,True,1-circle,1.000000,4692.045463,21574.477045,-1.044555,0.241070,100.000000,100.000000,0.000000,0.000000,2,4,4,0.0000,0.0000,0.0000,0.5000,"PursuitChaseOptimal",-0.019835
3314,B0100,aggressive,UNKNOWN,15905.337594,27811.710018,4588.289982,5770.396470,28760.262691,17996.871366,499.039473,29021.954076,175.192271,4976.230585,25.999097,0.031813,False,False,False,False,True,True,True,1-circle,1.000000,4692.045463,21574.477045,-1.044555,0.241070,100.000000,100.000000,0.000000,0.000000,2,4,4,0.0000,0.0000,0.0000,0.5000,"Accelerate",0.019645
3315,A0100,pursuit_chase_v1,UNKNOWN,15905.337594,27811.710018,4588.289982,5770.396470,28760.262691,17996.871366,499.039473,29021.954076,175.192271,4976.230585,25.999097,0.031813,False,False,False,False,True,True,True,1-circle,1.000000,4692.045463,21574.477045,-1.044555,0.241070,100.000000,100.000000,0.000000,0.000000,2,4,4,0.0000,0.0000,0.0000,0.5000,"PursuitChaseOptimal",-0.008418
3315,B0100,aggressive,UNKNOWN,15905.337594,27811.710018,4588.289982,5770.396470,28760.262691,17996.871366,499.039473,29021.954076,175.192271,4976.230585,25.999097,0.031813,False,False,False,False,True,True,True,1-circle,1.000000,4692.045463,21574.477045,-1.044555,0.241070,100.000000,100.000000,0.000000,0.000000,2,4,4,0.0000,0.0000,0.0000,0.5000,"Accelerate",0.008024
3316,A0100,pursuit_chase_v1,UNKNOWN,15902.297258,27832.076811,4567.923189,5781.179637,28793.377392,17997.847373,499.370507,29037.561721,312.152903,5018.329082,24.021106,0.003799,False,False,False,False,True,True,True,1-circle,1.000000,4696.220717,21819.261068,0.124817,0.352336,100.000000,100.000000,0.000000,0.000000,2,5,4,0.0000,0.0000,0.0000,0.5000,"PursuitChaseOptimal",0.003450
3316,B0100,aggressive,UNKNOWN,15902.297258,27832.076811,4567.923189,5781.179637,28793.377392,17997.847373,499.370507,29037.561721,312.152903,5018.329082,24.021106,0.003799,False,False,False,False,True,True,True,1-circle,1.000000,4696.220717,21819.261068,0.124817,0.352336,100.000000,100.000000,0.000000,0.000000,2,4,4,0.0000,0.0000,0.0000,0.5000,"Accelerate",-0.003665
3317,A0100,pursuit_chase_v1,UNKNOWN,15902.297258,27832.076811,4567.923189,5781.179637,28793.377392,17997.847373,499.370507,29037.561721,312.152903,5018.329082,24.021106,0.003799,False,False,False,False,True,True,True,1-circle,1.000000,4696.220717,21819.261068,0.124817,0.352336,100.000000,100.000000,0.000000,0.000000,2,5,4,0.0000,0.0000,0.0000,0.5000,"PursuitChaseOptimal",0.025788
3317,B0100,aggressive,UNKNOWN,15902.297258,27832.076811,4567.923189,5781.179637,28793.377392,17997.847373,499.370507,29037.561721,312.152903,5018.329082,24.021106,0.003799,False,False,False,False,True,True,True,1-circle,1.000000,4696.220717,21819.261068,0.124817,0.352336,100.000000,100.000000,0.000000,0.000000,2,4,4,0.0000,0.0000,0.0000,0.5000,"Accelerate",-0.025828
3318,A0100,pursuit_chase_v1,UNKNOWN,15899.555856,27863.715895,4536.284105,5789.091263,28833.022690,17998.819538,499.555376,29046.709307,182.951716,5040.386039,21.579639,0.060224,False,False,False,False,True,True,True,1-circle,1.000000,4700.090316,21474.971358,-1.978785,0.168996,100.000000,100.000000,0.000000,0.000000,2,5,4,0.0000,0.0000,0.0000,0.5000,"PursuitChaseOptimal",0.045114
3318,B0100,aggressive,UNKNOWN,15899.555856,27863.715895,4536.284105,5789.091263,28833.022690,17998.819538,499.555376,29046.709307,182.951716,5040.386039,21.579639,0.060224,False,False,False,False,True,True,True,1-circle,1.000000,4700.090316,21474.971358,-1.978785,0.168996,100.000000,100.000000,0.000000,0.000000,2,4,4,0.0000,0.0000,0.0000,0.5000,"Accelerate",-0.045227
3319,A0100,pursuit_chase_v1,UNKNOWN,15899.555856,27863.715895,4536.284105,5789.091263,28833.022690,17998.819538,499.555376,29046.709307,182.951716,5040.386039,21.579639,0.060224,False,False,False,False,True,True,True,1-circle,1.000000,4700.090316,21474.971358,-1.978785,0.168996,100.000000,100.000000,0.000000,0.000000,2,5,4,0.0000,0.0000,0.0000,0.5000,"PursuitChaseOptimal",0.057694
3319,B0100,aggressive,UNKNOWN,15899.555856,27863.715895,4536.284105,5789.091263,28833.022690,17998.819538,499.555376,29046.709307,182.951716,5040.386039,21.579639,0.060224,False,False,False,False,True,True,True,1-circle,1.000000,4700.090316,21474.971358,-1.978785,0.168996,100.000000,100.000000,0.000000,0.000000,2,4,4,0.0000,0.0000,0.0000,0.5000,"Accelerate",-0.057842
3320,A0100,pursuit_chase_v1,UNKNOWN,15897.083758,27880.731296,4519.268704,5803.443534,28868.601413,17999.756763,499.934028,29064.400997,353.833788,5069.394571,18.832879,0.016656,False,False,False,False,True,True,True,1-circle,1.000000,4703.341551,21766.680529,-0.547864,0.080581,100.000000,100.000000,0.000000,0.000000,2,5,4,0.0000,0.0000,0.0000,0.5000,"PursuitChaseOptimal",0.063575
3320,B0100,aggressive,UNKNOWN,15897.083758,27880.731296,4519.268704,5803.443534,28868.601413,17999.756763,499.934028,29064.400997,353.833788,5069.394571,18.832879,0.016656,False,False,False,False,True,True,True,1-circle,1.000000,4703.341551,21766.680529,-0.547864,0.080581,100.000000,100.000000,0.000000,0.000000,2,4,4,0.0000,0.0000,0.0000,0.5000,"Accelerate",-0.063200
3321,A0100,pursuit_chase_v1,UNKNOWN,15897.083758,27880.731296,4519.268704,5803.443534,28868.601413,17999.756763,499.934028,29064.400997,353.833788,5069.394571,18.832879,0.016656,False,False,False,False,True,True,True,1-circle,1.000000,4703.341551,21766.680529,-0.547864,0.080581,100.000000,100.000000,0.000000,0.000000,2,5,4,0.0000,0.0000,0.0000,0.5000,"PursuitChaseOptimal",0.055576
3321,B0100,aggressive,UNKNOWN,15897.083758,27880.731296,4519.268704,5803.443534,28868.601413,17999.756763,499.934028,29064.400997,353.833788,5069.394571,18.832879,0.016656,False,False,False,False,True,True,True,1-circle,1.000000,4703.341551,21766.680529,-0.547864,0.080581,100.000000,100.000000,0.000000,0.000000,2,4,4,0.0000,0.0000,0.0000,0.5000,"Accelerate",-0.054787
3322,A0100,pursuit_chase_v1,UNKNOWN,15894.878013,27907.330119,4492.669881,5824.636034,28906.777063,18000.584761,500.137889,29074.254606,197.072176,5071.467337,15.878053,0.002688,False,False,False,False,True,True,True,1-circle,1.000000,4705.776207,21883.156074,-0.088442,0.003202,100.000000,100.000000,0.000000,0.000000,2,5,4,0.0000,0.0000,0.0000,0.5000,"PursuitChaseOptimal",0.035413
3322,B0100,aggressive,UNKNOWN,15894.878013,27907.330119,4492.669881,5824.636034,28906.777063,18000.584761,500.137889,29074.254606,197.072176,5071.467337,15.878053,0.002688,False,False,False,False,True,True,True,1-circle,1.000000,4705.776207,21883.156074,-0.088442,0.003202,100.000000,100.000000,0.000000,0.000000,2,4,4,0.0000,0.0000,0.0000,0.5000,"Accelerate",-0.034879
3323,A0100,pursuit_chase_v1,UNKNOWN,15894.878013,27907.330119,4492.669881,5824.636034,28906.777063,18000.584761,500.137889,29074.254606,197.072176,5071.467337,15.878053,0.002688,False,False,False,False,True,True,True,1-circle,1.000000,4705.776207,21883.156074,-0.088442,0.003202,100.000000,100.000000,0.000000,0.000000,2,5,4,0.0000,0.0000,0.0000,0.5000,"PursuitChaseOptimal",0.014842
3323,B0100,aggressive,UNKNOWN,15894.878013,27907.330119,4492.669881,5824.636034,28906.777063,18000.584761,500.137889,29074.254606,197.072176,5071.467337,15.878053,0.002688,False,False,False,False,True,True,True,1-circle,1.000000,4705.776207,21883.156074,-0.088442,0.003202,100.000000,100.000000,0.000000,0.000000,2,4,4,0.0000,0.0000,0.0000,0.5000,"Accelerate",-0.014888
3324,A0100,pursuit_chase_v1,UNKNOWN,15892.914175,27936.005581,4463.994419,5845.258271,28944.143545,18001.454240,500.399603,29086.716449,249.236874,5075.941631,13.285136,0.039259,False,False,False,False,True,True,True,1-circle,1.000000,4707.320890,21699.838397,-1.292264,0.299430,100.000000,100.000000,0.000000,0.000000,2,5,4,0.0000,0.0000,0.0000,0.5000,"PursuitChaseOptimal",-0.003608
3324,B0100,aggressive,UNKNOWN,15892.914175,27936.005581,4463.994419,5845.258271,28944.143545,18001.454240,500.399603,29086.716449,249.236874,5075.941631,13.285136,0.039259,False,False,False,False,True,True,True,1-circle,1.000000,4707.320890,21699.838397,-1.292264,0.299430,100.000000,100.000000,0.000000,0.000000,2,4,4,0.0000,0.0000,0.0000,0.5000,"Accelerate",0.002646
3325,A0100,pursuit_chase_v1,UNKNOWN,15892.914175,27936.005581,4463.994419,5845.258271,28944.143545,18001.454240,500.399603,29086.716449,249.236874,5075.941631,13.285136,0.039259,False,False,False,False,True,True,True,1-circle,1.000000,4707.320890,21699.838397,-1.292264,0.299430,100.000000,100.000000,0.000000,0.000000,2,5,4,0.0000,0.0000,0.0000,0.5000,"PursuitChaseOptimal",-0.011598
3325,B0100,aggressive,UNKNOWN,15892.914175,27936.005581,4463.994419,5845.258271,28944.143545,18001.454240,500.399603,29086.716449,249.236874,5075.941631,13.285136,0.039259,False,False,False,False,True,True,True,1-circle,1.000000,4707.320890,21699.838397,-1.292264,0.299430,100.000000,100.000000,0.000000,0.000000,2,4,4,0.0000,0.0000,0.0000,0.5000,"Accelerate",0.010791
3326,A0100,pursuit_chase_v1,UNKNOWN,15891.179953,27957.744120,4442.255880,5832.469779,28981.377762,18002.259277,500.751200,29103.104723,327.765471,5074.262299,12.269114,0.030143,False,False,False,False,True,True,True,1-circle,1.000000,4708.534121,22144.599634,0.992900,0.128056,100.000000,100.000000,0.000000,0.000000,2,5,4,0.0000,0.0000,0.0000,0.5000,"PursuitChaseOptimal",-0.023294
3326,B0100,aggressive,UNKNOWN,15891.179953,27957.744120,4442.255880,5832.469779,28981.377762,18002.259277,500.751200,29103.104723,327.765471,5074.262299,12.269114,0.030143,False,False,False,False,True,True,True,1-circle,1.000000,4708.534121,22144.599634,0.992900,0.128056,100.000000,100.000000,0.000000,0.000000,2,4,4,0.0000,0.0000,0.0000,0.5000,"Accelerate",0.022484
3327,A0100,pursuit_chase_v1,UNKNOWN,15891.179953,27957.744120,4442.255880,5832.469779,28981.377762,18002.259277,500.751200,29103.104723,327.765471,5074.262299,12.269114,0.030143,False,False,False,False,True,True,True,1-circle,1.000000,4708.534121,22144.599634,0.992900,0.128056,100.000000,100.000000,0.000000,0.000000,2,5,4,0.0000,0.0000,0.0000,0.5000,"PursuitChaseOptimal",-0.019790
3327,B0100,aggressive,UNKNOWN,15891.179953,27957.744120,4442.255880,5832.469779,28981.377762,18002.259277,500.751200,29103.104723,327.765471,5074.262299,12.269114,0.030143,False,False,False,False,True,True,True,1-circle,1.000000,4708.534121,22144.599634,0.992900,0.128056,100.000000,100.000000,0.000000,0.000000,2,4,4,0.0000,0.0000,0.0000,0.5000,"Accelerate",0.019052
3328,A0100,pursuit_chase_v1,UNKNOWN,15889.534330,27992.078844,4407.921156,5763.470090,29020.639366,18003.080517,500.911401,29111.029862,158.502789,5068.423002,12.558560,0.031891,False,False,False,False,True,True,True,1-circle,1.000000,4709.900304,21810.484280,-1.050794,0.237681,100.000000,100.000000,0.000000,0.000000,2,5,4,0.0000,0.0000,0.0000,0.5000,"PursuitChaseOptimal",-0.014469
3328,B0100,aggressive,UNKNOWN,15889.534330,27992.078844,4407.921156,5763.470090,29020.639366,18003.080517,500.911401,29111.029862,158.502789,5068.423002,12.558560,0.031891,False,False,False,False,True,True,True,1-circle,1.000000,4709.900304,21810.484280,-1.050794,0.237681,100.000000,100.000000,0.000000,0.000000,2,4,4,0.0000,0.0000,0.0000,0.5000,"Accelerate",0.013681
3329,A0100,pursuit_chase_v1,UNKNOWN,15889.534330,27992.078844,4407.921156,5763.470090,29020.639366,18003.080517,500.911401,29111.029862,158.502789,5068.423002,12.558560,0.031891,False,False,False,False,True,True,True,1-circle,1.000000,4709.900304,21810.484280,-1.050794,0.237681,100.000000,100.000000,0.000000,0.000000,2,5,4,0.0000,0.0000,0.0000,0.5000,"PursuitChaseOptimal",-0.012258
3329,B0100,aggressive,UNKNOWN,15889.534330,27992.078844,4407.921156,5763.470090,29020.639366,18003.080517,500.911401,29111.029862,158.502789,5068.423002,12.558560,0.031891,False,False,False,False,True,True,True,1-circle,1.000000,4709.900304,21810.484280,-1.050794,0.237681,100.000000,100.000000,0.000000,0.000000,2,4,4,0.0000,0.0000,0.0000,0.5000,"Accelerate",0.011310
3330,A0100,pursuit_chase_v1,UNKNOWN,15887.929121,28014.857278,4385.142722,5666.574364,29055.277205,18003.934650,501.234994,29126.240304,304.208842,5091.165414,13.326890,0.005545,False,False,False,False,True,True,True,1-circle,1.000000,4711.743146,22066.681130,0.182839,0.328758,100.000000,100.000000,0.000000,0.000000,2,5,4,0.0000,0.0000,0.0000,0.5000,"PursuitChaseOptimal",-0.010422
3330,B0100,aggressive,UNKNOWN,15887.929121,28014.857278,4385.142722,5666.574364,29055.277205,18003.934650,501.234994,29126.240304,304.208842,5091.165414,13.326890,0.005545,False,False,False,False,True,True,True,1-circle,1.000000,4711.743146,22066.681130,0.182839,0.328758,100.000000,100.000000,0.000000,0.000000,2,4,4,0.0000,0.0000,0.0000,0.5000,"Accelerate",0.009666
3331,A0100,pursuit_chase_v1,UNKNOWN,15887.929121,28014.857278,4385.142722,5666.574364,29055.277205,18003.934650,501.234994,29126.240304,304.208842,5091.165414,13.326890,0.005545,False,False,False,False,True,True,True,1-circle,1.000000,4711.743146,22066.681130,0.182839,0.328758,100.000000,100.000000,0.000000,0.000000,2,5,4,0.0000,0.0000,0.0000,0.5000,"PursuitChaseOptimal",-0.008172
3331,B0100,aggressive,UNKNOWN,15887.929121,28014.857278,4385.142722,5666.574364,29055.277205,18003.934650,501.234994,29126.240304,304.208842,5091.165414,13.326890,0.005545,False,False,False,False,True,True,True,1-circle,1.000000,4711.743146,22066.681130,0.182839,0.328758,100.000000,100.000000,0.000000,0.000000,2,4,4,0.0000,0.0000,0.0000,0.5000,"Accelerate",0.007461
3332,A0100,pursuit_chase_v1,UNKNOWN,15886.367987,28046.731640,4353.268360,5546.568024,29094.296912,18004.802491,501.402842,29134.558413,166.362172,5120.609089,14.052562,0.058683,False,False,False,False,True,True,True,1-circle,1.000000,4714.179419,21719.996095,-1.934841,0.135275,100.000000,100.000000,0.000000,0.000000,2,5,4,0.0000,0.0000,0.0000,0.5000,"PursuitChaseOptimal",-0.005724
3332,B0100,aggressive,UNKNOWN,15886.367987,28046.731640,4353.268360,5546.568024,29094.296912,18004.802491,501.402842,29134.558413,166.362172,5120.609089,14.052562,0.058683,False,False,False,False,True,True,True,1-circle,1.000000,4714.179419,21719.996095,-1.934841,0.135275,100.000000,100.000000,0.000000,0.000000,2,4,4,0.0000,0.0000,0.0000,0.5000,"Accelerate",0.004712
3333,A0100,pursuit_chase_v1,UNKNOWN,15886.367987,28046.731640,4353.268360,5546.568024,29094.296912,18004.802491,501.402842,29134.558413,166.362172,5120.609089,14.052562,0.058683,False,False,False,False,True,True,True,1-circle,1.000000,4714.179419,21719.996095,-1.934841,0.135275,100.000000,100.000000,0.000000,0.000000,2,5,4,0.0000,0.0000,0.0000,0.5000,"PursuitChaseOptimal",-0.003118
3333,B0100,aggressive,UNKNOWN,15886.367987,28046.731640,4353.268360,5546.568024,29094.296912,18004.802491,501.402842,29134.558413,166.362172,5120.609089,14.052562,0.058683,False,False,False,False,True,True,True,1-circle,1.000000,4714.179419,21719.996095,-1.934841,0.135275,100.000000,100.000000,0.000000,0.000000,2,4,4,0.0000,0.0000,0.0000,0.5000,"Accelerate",0.001788
3334,A0100,pursuit_chase_v1,UNKNOWN,15884.856345,28062.205352,4337.794648,5421.673953,29128.345196,18005.649179,501.768172,29151.629667,341.425092,5170.294304,14.930578,0.013295,False,False,False,False,True,True,True,1-circle,1.000000,4717.271307,22024.094915,-0.438817,0.047697,100.000000,100.000000,0.000000,0.000000,2,5,4,0.0000,0.0000,0.0000,0.5000,"PursuitChaseOptimal",-0.000332
3334,B0100,aggressive,UNKNOWN,15884.856345,28062.205352,4337.794648,5421.673953,29128.345196,18005.649179,501.768172,29151.629667,341.425092,5170.294304,14.930578,0.013295,False,False,False,False,True,True,True,1-circle,1.000000,4717.271307,22024.094915,-0.438817,0.047697,100.000000,100.000000,0.000000,0.000000,2,4,4,0.0000,0.0000,0.0000,0.5000,"Accelerate",-0.000757
3335,A0100,pursuit_chase_v1,UNKNOWN,15884.856345,28062.205352,4337.794648,5421.673953,29128.345196,18005.649179,501.768172,29151.629667,341.425092,5170.294304,14.930578,0.013295,False,False,False,False,True,True,True,1-circle,1.000000,4717.271307,22024.094915,-0.438817,0.047697,100.000000,100.000000,0.000000,0.000000,2,5,4,0.0000,0.0000,0.0000,0.5000,"PursuitChaseOptimal",0.002629
3335,B0100,aggressive,UNKNOWN,15884.856345,28062.205352,4337.794648,5421.673953,29128.345196,18005.649179,501.768172,29151.629667,341.425092,5170.294304,14.930578,0.013295,False,False,False,False,True,True,True,1-circle,1.000000,4717.271307,22024.094915,-0.438817,0.047697,100.000000,100.000000,0.000000,0.000000,2,4,4,0.0000,0.0000,0.0000,0.5000,"Accelerate",-0.003345
3336,A0100,pursuit_chase_v1,UNKNOWN,15883.408328,28086.054345,4313.945655,5286.580663,29163.949970,18006.397683,501.953850,29160.628756,179.981761,5213.775498,15.675820,0.001820,False,False,False,False,True,True,True,1-circle,1.000000,4721.070905,22149.009917,0.060083,-0.033676,100.000000,100.000000,0.000000,0.000000,2,4,4,0.0000,0.0000,0.0000,0.5000,"PursuitChaseOptimal",0.009638
3336,B0100,aggressive,UNKNOWN,15883.408328,28086.054345,4313.945655,5286.580663,29163.949970,18006.397683,501.953850,29160.628756,179.981761,5213.775498,15.675820,0.001820,False,False,False,False,True,True,True,1-circle,1.000000,4721.070905,22149.009917,0.060083,-0.033676,100.000000,100.000000,0.000000,0.000000,2,4,4,0.0000,0.0000,0.0000,0.5000,"Accelerate",-0.010214
3337,A0100,pursuit_chase_v1,UNKNOWN,15883.408328,28086.054345,4313.945655,5286.580663,29163.949970,18006.397683,501.953850,29160.628756,179.981761,5213.775498,15.675820,0.001820,False,False,False,False,True,True,True,1-circle,1.000000,4721.070905,22149.009917,0.060083,-0.033676,100.000000,100.000000,0.000000,0.000000,2,4,4,0.0000,0.0000,0.0000,0.5000,"PursuitChaseOptimal",0.005217
3337,B0100,aggressive,UNKNOWN,15883.408328,28086.054345,4313.945655,5286.580663,29163.949970,18006.397683,501.953850,29160.628756,179.981761,5213.775498,15.675820,0.001820,False,False,False,False,True,True,True,1-circle,1.000000,4721.070905,22149.009917,0.060083,-0.033676,100.000000,100.000000,0.000000,0.000000,2,4,4,0.0000,0.0000,0.0000,0.5000,"Accelerate",-0.006041
3338,A0100,pursuit_chase_v1,UNKNOWN,15882.000410,28110.562705,4289.437295,5146.067518,29197.512982,18007.197500,502.198297,29172.295251,233.329910,5261.461382,16.267697,0.033428,False,False,False,False,True,True,True,1-circle,1.000000,4725.374156,21974.598706,-1.104080,0.261353,100.000000,100.000000,0.000000,0.000000,2,4,4,0.0000,0.0000,0.0000,0.5000,"PursuitChaseOptimal",0.005496
3338,B0100,aggressive,UNKNOWN,15882.000410,28110.562705,4289.437295,5146.067518,29197.512982,18007.197500,502.198297,29172.295251,233.329910,5261.461382,16.267697,0.033428,False,False,False,False,True,True,True,1-circle,1.000000,4725.374156,21974.598706,-1.104080,0.261353,100.000000,100.000000,0.000000,0.000000,2,4,4,0.0000,0.0000,0.0000,0.5000,"Accelerate",-0.006511
3339,A0100,pursuit_chase_v1,UNKNOWN,15882.000410,28110.562705,4289.437295,5146.067518,29197.512982,18007.197500,502.198297,29172.295251,233.329910,5261.461382,16.267697,0.033428,False,False,False,False,True,True,True,1-circle,1.000000,4725.374156,21974.598706,-1.104080,0.261353,100.000000,100.000000,0.000000,0.000000,2,4,4,0.0000,0.0000,0.0000,0.5000,"PursuitChaseOptimal",-0.004590
3339,B0100,aggressive,UNKNOWN,15882.000410,28110.562705,4289.437295,5146.067518,29197.512982,18007.197500,502.198297,29172.295251,233.329910,5261.461382,16.267697,0.033428,False,False,False,False,True,True,True,1-circle,1.000000,4725.374156,21974.598706,-1.104080,0.261353,100.000000,100.000000,0.000000,0.000000,2,4,4,0.0000,0.0000,0.0000,0.5000,"Accelerate",0.003565
3340,A0100,pursuit_chase_v1,UNKNOWN,15880.642231,28132.932345,4267.067655,5017.468521,29231.299630,18007.973165,502.431692,29183.451225,223.119470,5303.672429,16.747233,0.022346,False,False,False,False,True,True,True,1-circle,1.000000,4730.211581,22075.612112,-0.738430,0.085857,100.000000,100.000000,0.000000,0.000000,2,4,4,0.0000,0.0000,0.0000,0.5000,"PursuitChaseOptimal",-0.011528
3340,B0100,aggressive,UNKNOWN,15880.642231,28132.932345,4267.067655,5017.468521,29231.299630,18007.973165,502.431692,29183.451225,223.119470,5303.672429,16.747233,0.022346,False,False,False,False,True,True,True,1-circle,1.000000,4730.211581,22075.612112,-0.738430,0.085857,100.000000,100.000000,0.000000,0.000000,2,4,4,0.0000,0.0000,0.0000,0.5000,"Accelerate",0.010388
3341,A0100,pursuit_chase_v1,UNKNOWN,15880.642231,28132.932345,4267.067655,5017.468521,29231.299630,18007.973165,502.431692,29183.451225,223.119470,5303.672429,16.747233,0.022346,False,False,False,False,True,True,True,1-circle,1.000000,4730.211581,22075.612112,-0.738430,0.085857,100.000000,100.000000,0.000000,0.000000,2,4,4,0.0000,0.0000,0.0000,0.5000,"PursuitChaseOptimal",-0.015583
3341,B0100,aggressive,UNKNOWN,15880.642231,28132.932345,4267.067655,5017.468521,29231.299630,18007.973165,502.431692,29183.451225,223.119470,5303.672429,16.747233,0.022346,False,False,False,False,True,True,True,1-circle,1.000000,4730.211581,22075.612112,-0.738430,0.085857,100.000000,100.000000,0.000000,0.000000,2,4,4,0.0000,0.0000,0.0000,0.5000,"Accelerate",0.014025
3342,A0100,pursuit_chase_v1,UNKNOWN,15879.370837,28153.412935,4246.587065,4922.779651,29263.695610,18008.792443,502.636965,29193.404019,199.055887,5347.951657,16.749303,0.058126,False,False,False,False,True,True,True,1-circle,1.000000,4735.458347,21897.981954,-1.920926,0.073282,100.000000,100.000000,0.000000,0.000000,2,4,4,0.0000,0.0000,0.0000,0.5000,"PursuitChaseOptimal",-0.017838
3342,B0100,aggressive,UNKNOWN,15879.370837,28153.412935,4246.587065,4922.779651,29263.695610,18008.792443,502.636965,29193.404019,199.055887,5347.951657,16.749303,0.058126,False,False,False,False,True,True,True,1-circle,1.000000,4735.458347,21897.981954,-1.920926,0.073282,100.000000,100.000000,0.000000,0.000000,2,4,4,0.0000,0.0000,0.0000,0.5000,"Accelerate",0.015875
3343,A0100,pursuit_chase_v1,UNKNOWN,15879.370837,28153.412935,4246.587065,4922.779651,29263.695610,18008.792443,502.636965,29193.404019,199.055887,5347.951657,16.749303,0.058126,False,False,False,False,True,True,True,1-circle,1.000000,4735.458347,21897.981954,-1.920926,0.073282,100.000000,100.000000,0.000000,0.000000,2,4,4,0.0000,0.0000,0.0000,0.5000,"PursuitChaseOptimal",-0.018648
3343,B0100,aggressive,UNKNOWN,15879.370837,28153.412935,4246.587065,4922.779651,29263.695610,18008.792443,502.636965,29193.404019,199.055887,5347.951657,16.749303,0.058126,False,False,False,False,True,True,True,1-circle,1.000000,4735.458347,21897.981954,-1.920926,0.073282,100.000000,100.000000,0.000000,0.000000,2,4,4,0.0000,0.0000,0.0000,0.5000,"Accelerate",0.016875
3344,A0100,pursuit_chase_v1,UNKNOWN,15878.246719,28165.355154,4234.644846,4858.591625,29295.282353,18009.505177,502.964097,29208.680108,305.521781,5385.866717,16.618626,0.015424,False,False,False,False,True,True,True,1-circle,1.000000,4741.154952,22371.056141,0.510204,-0.134655,100.000000,100.000000,0.000000,0.000000,2,4,4,0.0000,0.0000,0.0000,0.5000,"PursuitChaseOptimal",-0.017458
3344,B0100,aggressive,UNKNOWN,15878.246719,28165.355154,4234.644846,4858.591625,29295.282353,18009.505177,502.964097,29208.680108,305.521781,5385.866717,16.618626,0.015424,False,False,False,False,True,True,True,1-circle,1.000000,4741.154952,22371.056141,0.510204,-0.134655,100.000000,100.000000,0.000000,0.000000,2,4,4,0.0000,0.0000,0.0000,0.5000,"Accelerate",0.016054
3345,A0100,pursuit_chase_v1,UNKNOWN,15878.246719,28165.355154,4234.644846,4858.591625,29295.282353,18009.505177,502.964097,29208.680108,305.521781,5385.866717,16.618626,0.015424,False,False,False,False,True,True,True,1-circle,1.000000,4741.154952,22371.056141,0.510204,-0.134655,100.000000,100.000000,0.000000,0.000000,2,4,4,0.0000,0.0000,0.0000,0.5000,"PursuitChaseOptimal",-0.012795
3345,B0100,aggressive,UNKNOWN,15878.246719,28165.355154,4234.644846,4858.591625,29295.282353,18009.505177,502.964097,29208.680108,305.521781,5385.866717,16.618626,0.015424,False,False,False,False,True,True,True,1-circle,1.000000,4741.154952,22371.056141,0.510204,-0.134655,100.000000,100.000000,0.000000,0.000000,2,4,4,0.0000,0.0000,0.0000,0.5000,"Accelerate",0.011483
3346,A0100,pursuit_chase_v1,UNKNOWN,15877.244178,28191.464138,4208.535862,4815.422258,29328.933000,18010.206061,503.103144,29215.573991,137.877662,5403.187578,16.020625,0.046743,False,False,False,False,True,True,True,1-circle,1.000000,4747.083028,22036.541132,-1.546287,0.065804,100.000000,100.000000,0.000000,0.000000,2,4,4,0.0000,0.0000,0.0000,0.5000,"PursuitChaseOptimal",-0.007546
3346,B0100,aggressive,UNKNOWN,15877.244178,28191.464138,4208.535862,4815.422258,29328.933000,18010.206061,503.103144,29215.573991,137.877662,5403.187578,16.020625,0.046743,False,False,False,False,True,True,True,1-circle,1.000000,4747.083028,22036.541132,-1.546287,0.065804,100.000000,100.000000,0.000000,0.000000,2,4,4,0.0000,0.0000,0.0000,0.5000,"Accelerate",0.006124
3347,A0100,pursuit_chase_v1,UNKNOWN,15877.244178,28191.464138,4208.535862,4815.422258,29328.933000,18010.206061,503.103144,29215.573991,137.877662,5403.187578,16.020625,0.046743,False,False,False,False,True,True,True,1-circle,1.000000,4747.083028,22036.541132,-1.546287,0.065804,100.000000,100.000000,0.000000,0.000000,2,4,4,0.0000,0.0000,0.0000,0.5000,"PursuitChaseOptimal",-0.001232
3347,B0100,aggressive,UNKNOWN,15877.244178,28191.464138,4208.535862,4815.422258,29328.933000,18010.206061,503.103144,29215.573991,137.877662,5403.187578,16.020625,0.046743,False,False,False,False,True,True,True,1-circle,1.000000,4747.083028,22036.541132,-1.546287,0.065804,100.000000,100.000000,0.000000,0.000000,2,4,4,0.0000,0.0000,0.0000,0.5000,"Accelerate",-0.000606
3348,A0100,pursuit_chase_v1,UNKNOWN,15876.391400,28206.017098,4193.982902,4801.630799,29359.729519,18010.922197,503.424785,29230.622211,300.964393,5428.592007,15.028561,0.000218,False,False,False,False,True,True,True,1-circle,1.000000,4753.020588,22351.951678,0.007214,0.178016,100.000000,100.000000,0.000000,0.000000,2,4,4,0.0000,0.0000,0.0000,0.5000,"PursuitChaseOptimal",0.006773
3348,B0100,aggressive,UNKNOWN,15876.391400,28206.017098,4193.982902,4801.630799,29359.729519,18010.922197,503.424785,29230.622211,300.964393,5428.592007,15.028561,0.000218,False,False,False,False,True,True,True,1-circle,1.000000,4753.020588,22351.951678,0.007214,0.178016,100.000000,100.000000,0.000000,0.000000,2,4,4,0.0000,0.0000,0.0000,0.5000,"Accelerate",-0.008182
3349,A0100,pursuit_chase_v1,UNKNOWN,15876.391400,28206.017098,4193.982902,4801.630799,29359.729519,18010.922197,503.424785,29230.622211,300.964393,5428.592007,15.028561,0.000218,False,False,False,False,True,True,True,1-circle,1.000000,4753.020588,22351.951678,0.007214,0.178016,100.000000,100.000000,0.000000,0.000000,2,4,4,0.0000,0.0000,0.0000,0.5000,"PursuitChaseOptimal",0.014254
3349,B0100,aggressive,UNKNOWN,15876.391400,28206.017098,4193.982902,4801.630799,29359.729519,18010.922197,503.424785,29230.622211,300.964393,5428.592007,15.028561,0.000218,False,False,False,False,True,True,True,1-circle,1.000000,4753.020588,22351.951678,0.007214,0.178016,100.000000,100.000000,0.000000,0.000000,2,4,4,0.0000,0.0000,0.0000,0.5000,"Accelerate",-0.015286
3350,A0100,pursuit_chase_v1,UNKNOWN,15875.726326,28226.762085,4173.237915,4805.647830,29390.317218,18011.582039,503.615656,29239.791455,183.384888,5450.961546,13.419154,0.014481,False,False,False,False,True,True,True,1-circle,1.000000,4758.818528,22472.884226,0.479609,0.019845,100.000000,100.000000,0.000000,0.000000,2,4,4,0.0000,0.0000,0.0000,0.5000,"PursuitChaseOptimal",0.020489
3350,B0100,aggressive,UNKNOWN,15875.726326,28226.762085,4173.237915,4805.647830,29390.317218,18011.582039,503.615656,29239.791455,183.384888,5450.961546,13.419154,0.014481,False,False,False,False,True,True,True,1-circle,1.000000,4758.818528,22472.884226,0.479609,0.019845,100.000000,100.000000,0.000000,0.000000,2,4,4,0.0000,0.0000,0.0000,0.5000,"Accelerate",-0.021434
3351,A0100,pursuit_chase_v1,UNKNOWN,15875.726326,28226.762085,4173.237915,4805.647830,29390.317218,18011.582039,503.615656,29239.791455,183.384888,5450.961546,13.419154,0.014481,False,False,False,False,True,True,True,1-circle,1.000000,4758.818528,22472.884226,0.479609,0.019845,100.000000,100.000000,0.000000,0.000000,2,4,4,0.0000,0.0000,0.0000,0.5000,"PursuitChaseOptimal",0.025456
3351,B0100,aggressive,UNKNOWN,15875.726326,28226.762085,4173.237915,4805.647830,29390.317218,18011.582039,503.615656,29239.791455,183.384888,5450.961546,13.419154,0.014481,False,False,False,False,True,True,True,1-circle,1.000000,4758.818528,22472.884226,0.479609,0.019845,100.000000,100.000000,0.000000,0.000000,2,4,4,0.0000,0.0000,0.0000,0.5000,"Accelerate",-0.026485
3352,A0100,pursuit_chase_v1,UNKNOWN,15875.263526,28249.417703,4150.582297,4818.592169,29421.202423,18012.319195,503.854889,29251.198619,228.143289,5483.595378,11.243739,0.019970,False,False,False,False,True,True,True,1-circle,1.000000,4764.146010,22303.224477,-0.661683,0.283190,100.000000,100.000000,0.000000,0.000000,2,4,4,0.0000,0.0000,0.0000,0.5000,"PursuitChaseOptimal",0.027550
3352,B0100,aggressive,UNKNOWN,15875.263526,28249.417703,4150.582297,4818.592169,29421.202423,18012.319195,503.854889,29251.198619,228.143289,5483.595378,11.243739,0.019970,False,False,False,False,True,True,True,1-circle,1.000000,4764.146010,22303.224477,-0.661683,0.283190,100.000000,100.000000,0.000000,0.000000,2,4,4,0.0000,0.0000,0.0000,0.5000,"Accelerate",-0.028701
3353,A0100,pursuit_chase_v1,UNKNOWN,15875.263526,28249.417703,4150.582297,4818.592169,29421.202423,18012.319195,503.854889,29251.198619,228.143289,5483.595378,11.243739,0.019970,False,False,False,False,True,True,True,1-circle,1.000000,4764.146010,22303.224477,-0.661683,0.283190,100.000000,100.000000,0.000000,0.000000,2,4,4,0.0000,0.0000,0.0000,0.5000,"PursuitChaseOptimal",0.023344
3353,B0100,aggressive,UNKNOWN,15875.263526,28249.417703,4150.582297,4818.592169,29421.202423,18012.319195,503.854889,29251.198619,228.143289,5483.595378,11.243739,0.019970,False,False,False,False,True,True,True,1-circle,1.000000,4764.146010,22303.224477,-0.661683,0.283190,100.000000,100.000000,0.000000,0.000000,2,4,4,0.0000,0.0000,0.0000,0.5000,"Accelerate",-0.024294
3354,A0100,pursuit_chase_v1,UNKNOWN,15875.040780,28271.179230,4128.820770,4831.985356,29453.265681,18013.049221,504.077083,29261.843250,212.892612,5515.168038,9.022096,0.008442,False,False,False,False,True,True,True,1-circle,1.000000,4768.979795,22407.620973,-0.279845,0.122735,100.000000,100.000000,0.000000,0.000000,2,4,4,0.0000,0.0000,0.0000,0.5000,"PursuitChaseOptimal",0.014194
3354,B0100,aggressive,UNKNOWN,15875.040780,28271.179230,4128.820770,4831.985356,29453.265681,18013.049221,504.077083,29261.843250,212.892612,5515.168038,9.022096,0.008442,False,False,False,False,True,True,True,1-circle,1.000000,4768.979795,22407.620973,-0.279845,0.122735,100.000000,100.000000,0.000000,0.000000,2,4,4,0.0000,0.0000,0.0000,0.5000,"Accelerate",-0.015232
3355,A0100,pursuit_chase_v1,UNKNOWN,15875.040780,28271.179230,4128.820770,4831.985356,29453.265681,18013.049221,504.077083,29261.843250,212.892612,5515.168038,9.022096,0.008442,False,False,False,False,True,True,True,1-circle,1.000000,4768.979795,22407.620973,-0.279845,0.122735,100.000000,100.000000,0.000000,0.000000,2,4,4,0.0000,0.0000,0.0000,0.5000,"PursuitChaseOptimal",0.004197
3355,B0100,aggressive,UNKNOWN,15875.040780,28271.179230,4128.820770,4831.985356,29453.265681,18013.049221,504.077083,29261.843250,212.892612,5515.168038,9.022096,0.008442,False,False,False,False,True,True,True,1-circle,1.000000,4768.979795,22407.620973,-0.279845,0.122735,100.000000,100.000000,0.000000,0.000000,2,4,4,0.0000,0.0000,0.0000,0.5000,"Accelerate",-0.005743
3356,A0100,pursuit_chase_v1,UNKNOWN,15875.041343,28293.883229,4106.116771,4838.673791,29484.788033,18013.857433,504.276279,29271.543579,194.006583,5542.717409,7.163240,0.043879,False,False,False,False,True,True,True,1-circle,1.000000,4773.314718,22231.642195,-1.454768,0.243386,100.000000,100.000000,0.000000,0.000000,2,4,4,0.0000,0.0000,0.0000,0.5000,"PursuitChaseOptimal",-0.006935
3356,B0100,aggressive,UNKNOWN,15875.041343,28293.883229,4106.116771,4838.673791,29484.788033,18013.857433,504.276279,29271.543579,194.006583,5542.717409,7.163240,0.043879,False,False,False,False,True,True,True,1-circle,1.000000,4773.314718,22231.642195,-1.454768,0.243386,100.000000,100.000000,0.000000,0.000000,2,4,4,0.0000,0.0000,0.0000,0.5000,"Accelerate",0.004748
3357,A0100,pursuit_chase_v1,UNKNOWN,15875.041343,28293.883229,4106.116771,4838.673791,29484.788033,18013.857433,504.276279,29271.543579,194.006583,5542.717409,7.163240,0.043879,False,False,False,False,True,True,True,1-circle,1.000000,4773.314718,22231.642195,-1.454768,0.243386,100.000000,100.000000,0.000000,0.000000,2,4,4,0.0000,0.0000,0.0000,0.5000,"PursuitChaseOptimal",-0.019196
3357,B0100,aggressive,UNKNOWN,15875.041343,28293.883229,4106.116771,4838.673791,29484.788033,18013.857433,504.276279,29271.543579,194.006583,5542.717409,7.163240,0.043879,False,False,False,False,True,True,True,1-circle,1.000000,4773.314718,22231.642195,-1.454768,0.243386,100.000000,100.000000,0.000000,0.000000,2,4,4,0.0000,0.0000,0.0000,0.5000,"Accelerate",0.016975
3358,A0100,pursuit_chase_v1,UNKNOWN,15875.274497,28308.250556,4091.749444,4840.179663,29516.203307,18014.606036,504.592108,29286.398041,297.089239,5577.109565,5.787114,0.029841,False,False,False,False,True,True,True,1-circle,1.000000,4777.495740,22707.365375,0.990019,0.051355,100.000000,100.000000,0.000000,0.000000,2,4,4,0.0000,0.0000,0.0000,0.5000,"PursuitChaseOptimal",-0.032752
3358,B0100,aggressive,UNKNOWN,15875.274497,28308.250556,4091.749444,4840.179663,29516.203307,18014.606036,504.592108,29286.398041,297.089239,5577.109565,5.787114,0.029841,False,False,False,False,True,True,True,1-circle,1.000000,4777.495740,22707.365375,0.990019,0.051355,100.000000,100.000000,0.000000,0.000000,2,4,4,0.0000,0.0000,0.0000,0.5000,"Accelerate",0.030632
3359,A0100,pursuit_chase_v1,UNKNOWN,15875.274497,28308.250556,4091.749444,4840.179663,29516.203307,18014.606036,504.592108,29286.398041,297.089239,5577.109565,5.787114,0.029841,False,False,False,False,True,True,True,1-circle,1.000000,4777.495740,22707.365375,0.990019,0.051355,100.000000,100.000000,0.000000,0.000000,2,4,4,0.0000,0.0000,0.0000,0.5000,"PursuitChaseOptimal",-0.033497
3359,B0100,aggressive,UNKNOWN,15875.274497,28308.250556,4091.749444,4840.179663,29516.203307,18014.606036,504.592108,29286.398041,297.089239,5577.109565,5.787114,0.029841,False,False,False,False,True,True,True,1-circle,1.000000,4777.495740,22707.365375,0.990019,0.051355,100.000000,100.000000,0.000000,0.000000,2,4,4,0.0000,0.0000,0.0000,0.5000,"Accelerate",0.031399
3360,A0100,pursuit_chase_v1,UNKNOWN,15875.716246,28336.711069,4063.288931,4838.133525,29549.845672,18015.382375,504.709803,29292.433215,120.703466,5593.668656,4.630523,0.032261,False,False,False,False,True,True,True,1-circle,1.000000,4781.650252,22372.371591,-1.070551,0.186677,100.000000,100.000000,0.000000,0.000000,2,4,4,0.0000,0.0000,0.0000,0.5000,"PursuitChaseOptimal",-0.029525
3360,B0100,aggressive,UNKNOWN,15875.716246,28336.711069,4063.288931,4838.133525,29549.845672,18015.382375,504.709803,29292.433215,120.703466,5593.668656,4.630523,0.032261,False,False,False,False,True,True,True,1-circle,1.000000,4781.650252,22372.371591,-1.070551,0.186677,100.000000,100.000000,0.000000,0.000000,2,4,4,0.0000,0.0000,0.0000,0.5000,"Accelerate",0.027299
3361,A0100,pursuit_chase_v1,UNKNOWN,15875.716246,28336.711069,4063.288931,4838.133525,29549.845672,18015.382375,504.709803,29292.433215,120.703466,5593.668656,4.630523,0.032261,False,False,False,False,True,True,True,1-circle,1.000000,4781.650252,22372.371591,-1.070551,0.186677,100.000000,100.000000,0.000000,0.000000,2,4,4,0.0000,0.0000,0.0000,0.5000,"PursuitChaseOptimal",-0.019279
3361,B0100,aggressive,UNKNOWN,15875.716246,28336.711069,4063.288931,4838.133525,29549.845672,18015.382375,504.709803,29292.433215,120.703466,5593.668656,4.630523,0.032261,False,False,False,False,True,True,True,1-circle,1.000000,4781.650252,22372.371591,-1.070551,0.186677,100.000000,100.000000,0.000000,0.000000,2,4,4,0.0000,0.0000,0.0000,0.5000,"Accelerate",0.016977
3362,A0100,pursuit_chase_v1,UNKNOWN,15876.375886,28353.651109,4046.348891,4842.404626,29579.253261,18016.204681,504.987402,29305.664062,264.616946,5629.022574,3.287715,0.007972,False,False,False,False,True,True,True,1-circle,1.000000,4785.808229,22648.910421,0.264706,0.279821,100.000000,100.000000,0.000000,0.000000,2,4,4,0.0000,0.0000,0.0000,0.5000,"PursuitChaseOptimal",-0.005829
3362,B0100,aggressive,UNKNOWN,15876.375886,28353.651109,4046.348891,4842.404626,29579.253261,18016.204681,504.987402,29305.664062,264.616946,5629.022574,3.287715,0.007972,False,False,False,False,True,True,True,1-circle,1.000000,4785.808229,22648.910421,0.264706,0.279821,100.000000,100.000000,0.000000,0.000000,2,4,4,0.0000,0.0000,0.0000,0.5000,"Accelerate",0.003881
3363,A0100,pursuit_chase_v1,UNKNOWN,15876.375886,28353.651109,4046.348891,4842.404626,29579.253261,18016.204681,504.987402,29305.664062,264.616946,5629.022574,3.287715,0.007972,False,False,False,False,True,True,True,1-circle,1.000000,4785.808229,22648.910421,0.264706,0.279821,100.000000,100.000000,0.000000,0.000000,2,4,4,0.0000,0.0000,0.0000,0.5000,"PursuitChaseOptimal",0.012281
3363,B0100,aggressive,UNKNOWN,15876.375886,28353.651109,4046.348891,4842.404626,29579.253261,18016.204681,504.987402,29305.664062,264.616946,5629.022574,3.287715,0.007972,False,False,False,False,True,True,True,1-circle,1.000000,4785.808229,22648.910421,0.264706,0.279821,100.000000,100.000000,0.000000,0.000000,2,4,4,0.0000,0.0000,0.0000,0.5000,"Accelerate",-0.013991
3364,A0100,pursuit_chase_v1,UNKNOWN,15877.267014,28380.951383,4019.048617,4844.549528,29613.858874,18017.053781,505.106777,29311.851281,123.744391,5649.593551,1.488718,0.054727,False,False,False,False,True,True,True,1-circle,1.000000,4789.803967,22310.533130,-1.816995,0.095042,100.000000,100.000000,0.000000,0.000000,2,4,4,0.0000,0.0000,0.0000,0.5000,"PursuitChaseOptimal",0.031082
3364,B0100,aggressive,UNKNOWN,15877.267014,28380.951383,4019.048617,4844.549528,29613.858874,18017.053781,505.106777,29311.851281,123.744391,5649.593551,1.488718,0.054727,False,False,False,False,True,True,True,1-circle,1.000000,4789.803967,22310.533130,-1.816995,0.095042,100.000000,100.000000,0.000000,0.000000,2,4,4,0.0000,0.0000,0.0000,0.5000,"Accelerate",-0.032879
3365,A0100,pursuit_chase_v1,UNKNOWN,15877.267014,28380.951383,4019.048617,4844.549528,29613.858874,18017.053781,505.106777,29311.851281,123.744391,5649.593551,1.488718,0.054727,False,False,False,False,True,True,True,1-circle,1.000000,4789.803967,22310.533130,-1.816995,0.095042,100.000000,100.000000,0.000000,0.000000,2,4,4,0.0000,0.0000,0.0000,0.5000,"PursuitChaseOptimal",0.032161
3365,B0100,aggressive,UNKNOWN,15877.267014,28380.951383,4019.048617,4844.549528,29613.858874,18017.053781,505.106777,29311.851281,123.744391,5649.593551,1.488718,0.054727,False,False,False,False,True,True,True,1-circle,1.000000,4789.803967,22310.533130,-1.816995,0.095042,100.000000,100.000000,0.000000,0.000000,2,4,4,0.0000,0.0000,0.0000,0.5000,"Accelerate",-0.034245
3366,A0100,pursuit_chase_v1,UNKNOWN,15878.363588,28391.755495,4008.244505,4852.051264,29644.097788,18017.895918,505.427593,29327.045657,303.887515,5680.494859,-0.490683,0.006879,False,False,False,False,True,True,True,1-circle,1.000000,4793.374368,22632.681033,-0.228606,0.022837,100.000000,100.000000,0.000000,0.000000,2,4,4,0.0000,0.0000,0.0000,0.5000,"PursuitChaseOptimal",0.034509
3366,B0100,aggressive,UNKNOWN,15878.363588,28391.755495,4008.244505,4852.051264,29644.097788,18017.895918,505.427593,29327.045657,303.887515,5680.494859,-0.490683,0.006879,False,False,False,False,True,True,True,1-circle,1.000000,4793.374368,22632.681033,-0.228606,0.022837,100.000000,100.000000,0.000000,0.000000,2,4,4,0.0000,0.0000,0.0000,0.5000,"Accelerate",-0.036258
3367,A0100,pursuit_chase_v1,UNKNOWN,15878.363588,28391.755495,4008.244505,4852.051264,29644.097788,18017.895918,505.427593,29327.045657,303.887515,5680.494859,-0.490683,0.006879,False,False,False,False,True,True,True,1-circle,1.000000,4793.374368,22632.681033,-0.228606,0.022837,100.000000,100.000000,0.000000,0.000000,2,4,4,0.0000,0.0000,0.0000,0.5000,"PursuitChaseOptimal",0.022846
3367,B0100,aggressive,UNKNOWN,15878.363588,28391.755495,4008.244505,4852.051264,29644.097788,18017.895918,505.427593,29327.045657,303.887515,5680.494859,-0.490683,0.006879,False,False,False,False,True,True,True,1-circle,1.000000,4793.374368,22632.681033,-0.228606,0.022837,100.000000,100.000000,0.000000,0.000000,2,4,4,0.0000,0.0000,0.0000,0.5000,"Accelerate",-0.024361
3368,A0100,pursuit_chase_v1,UNKNOWN,15879.665741,28412.334632,3987.665368,4852.567447,29676.882547,18018.647685,505.576613,29334.467148,148.429821,5689.489016,-2.233071,0.009117,False,False,False,False,True,True,True,1-circle,1.000000,4796.503889,22764.505760,0.303052,-0.052611,100.000000,100.000000,0.000000,0.000000,2,5,4,0.0000,0.0000,0.0000,0.5000,"PursuitChaseOptimal",-0.004986
3368,B0100,aggressive,UNKNOWN,15879.665741,28412.334632,3987.665368,4852.567447,29676.882547,18018.647685,505.576613,29334.467148,148.429821,5689.489016,-2.233071,0.009117,False,False,False,False,True,True,True,1-circle,1.000000,4796.503889,22764.505760,0.303052,-0.052611,100.000000,100.000000,0.000000,0.000000,2,4,4,0.0000,0.0000,0.0000,0.5000,"Accelerate",0.002972
3369,A0100,pursuit_chase_v1,UNKNOWN,15879.665741,28412.334632,3987.665368,4852.567447,29676.882547,18018.647685,505.576613,29334.467148,148.429821,5689.489016,-2.233071,0.009117,False,False,False,False,True,True,True,1-circle,1.000000,4796.503889,22764.505760,0.303052,-0.052611,100.000000,100.000000,0.000000,0.000000,2,5,4,0.0000,0.0000,0.0000,0.5000,"PursuitChaseOptimal",-0.000861
3369,B0100,aggressive,UNKNOWN,15879.665741,28412.334632,3987.665368,4852.567447,29676.882547,18018.647685,505.576613,29334.467148,148.429821,5689.489016,-2.233071,0.009117,False,False,False,False,True,True,True,1-circle,1.000000,4796.503889,22764.505760,0.303052,-0.052611,100.000000,100.000000,0.000000,0.000000,2,4,4,0.0000,0.0000,0.0000,0.5000,"Accelerate",-0.001270
3370,A0100,pursuit_chase_v1,UNKNOWN,15881.123466,28434.872129,3965.127871,4861.576942,29708.367351,18019.459199,505.785024,29344.609912,202.855268,5693.167346,-3.667661,0.024900,False,False,False,False,True,True,True,1-circle,1.000000,4799.222468,22596.982135,-0.827973,0.247837,100.000000,100.000000,0.000000,0.000000,2,5,4,0.0000,0.0000,0.0000,0.5000,"PursuitChaseOptimal",0.004668
3370,B0100,aggressive,UNKNOWN,15881.123466,28434.872129,3965.127871,4861.576942,29708.367351,18019.459199,505.785024,29344.609912,202.855268,5693.167346,-3.667661,0.024900,False,False,False,False,True,True,True,1-circle,1.000000,4799.222468,22596.982135,-0.827973,0.247837,100.000000,100.000000,0.000000,0.000000,2,4,4,0.0000,0.0000,0.0000,0.5000,"Accelerate",-0.006884
3371,A0100,pursuit_chase_v1,UNKNOWN,15881.123466,28434.872129,3965.127871,4861.576942,29708.367351,18019.459199,505.785024,29344.609912,202.855268,5693.167346,-3.667661,0.024900,False,False,False,False,True,True,True,1-circle,1.000000,4799.222468,22596.982135,-0.827973,0.247837,100.000000,100.000000,0.000000,0.000000,2,5,4,0.0000,0.0000,0.0000,0.5000,"PursuitChaseOptimal",0.014558
3371,B0100,aggressive,UNKNOWN,15881.123466,28434.872129,3965.127871,4861.576942,29708.367351,18019.459199,505.785024,29344.609912,202.855268,5693.167346,-3.667661,0.024900,False,False,False,False,True,True,True,1-circle,1.000000,4799.222468,22596.982135,-0.827973,0.247837,100.000000,100.000000,0.000000,0.000000,2,4,4,0.0000,0.0000,0.0000,0.5000,"Accelerate",-0.016327
3372,A0100,pursuit_chase_v1,UNKNOWN,15882.732307,28456.116561,3943.883439,4865.133604,29741.175205,18020.253969,505.981343,29354.198048,191.762725,5688.044260,-5.019431,0.012228,False,False,False,False,True,True,True,1-circle,1.000000,4801.678717,22708.963786,-0.406785,0.072737,100.000000,100.000000,0.000000,0.000000,2,5,4,0.0000,0.0000,0.0000,0.5000,"PursuitChaseOptimal",0.030072
3372,B0100,aggressive,UNKNOWN,15882.732307,28456.116561,3943.883439,4865.133604,29741.175205,18020.253969,505.981343,29354.198048,191.762725,5688.044260,-5.019431,0.012228,False,False,False,False,True,True,True,1-circle,1.000000,4801.678717,22708.963786,-0.406785,0.072737,100.000000,100.000000,0.000000,0.000000,2,4,4,0.0000,0.0000,0.0000,0.5000,"Accelerate",-0.031416
3373,A0100,pursuit_chase_v1,UNKNOWN,15882.732307,28456.116561,3943.883439,4865.133604,29741.175205,18020.253969,505.981343,29354.198048,191.762725,5688.044260,-5.019431,0.012228,False,False,False,False,True,True,True,1-circle,1.000000,4801.678717,22708.963786,-0.406785,0.072737,100.000000,100.000000,0.000000,0.000000,2,5,4,0.0000,0.0000,0.0000,0.5000,"PursuitChaseOptimal",0.034317
3373,B0100,aggressive,UNKNOWN,15882.732307,28456.116561,3943.883439,4865.133604,29741.175205,18020.253969,505.981343,29354.198048,191.762725,5688.044260,-5.019431,0.012228,False,False,False,False,True,True,True,1-circle,1.000000,4801.678717,22708.963786,-0.406785,0.072737,100.000000,100.000000,0.000000,0.000000,2,4,4,0.0000,0.0000,0.0000,0.5000,"Accelerate",-0.035843
3374,A0100,pursuit_chase_v1,UNKNOWN,15884.459651,28476.411137,3923.588863,4875.536726,29773.202663,18021.101485,506.148497,29362.535273,166.744509,5675.347912,-6.702210,0.046878,False,False,False,False,True,True,True,1-circle,1.000000,4803.611572,22537.479544,-1.559552,0.073826,100.000000,100.000000,0.000000,0.000000,2,5,4,0.0000,0.0000,0.0000,0.5000,"PursuitChaseOptimal",0.038666
3374,B0100,aggressive,UNKNOWN,15884.459651,28476.411137,3923.588863,4875.536726,29773.202663,18021.101485,506.148497,29362.535273,166.744509,5675.347912,-6.702210,0.046878,False,False,False,False,True,True,True,1-circle,1.000000,4803.611572,22537.479544,-1.559552,0.073826,100.000000,100.000000,0.000000,0.000000,2,4,4,0.0000,0.0000,0.0000,0.5000,"Accelerate",-0.040337
3375,A0100,pursuit_chase_v1,UNKNOWN,15884.459651,28476.411137,3923.588863,4875.536726,29773.202663,18021.101485,506.148497,29362.535273,166.744509,5675.347912,-6.702210,0.046878,False,False,False,False,True,True,True,1-circle,1.000000,4803.611572,22537.479544,-1.559552,0.073826,100.000000,100.000000,0.000000,0.000000,2,5,4,0.0000,0.0000,0.0000,0.5000,"PursuitChaseOptimal",0.036679
3375,B0100,aggressive,UNKNOWN,15884.459651,28476.411137,3923.588863,4875.536726,29773.202663,18021.101485,506.148497,29362.535273,166.744509,5675.347912,-6.702210,0.046878,False,False,False,False,True,True,True,1-circle,1.000000,4803.611572,22537.479544,-1.559552,0.073826,100.000000,100.000000,0.000000,0.000000,2,4,4,0.0000,0.0000,0.0000,0.5000,"Accelerate",-0.038060
3376,A0100,pursuit_chase_v1,UNKNOWN,15886.330508,28488.324503,3911.675497,4895.419406,29805.203737,18021.850031,506.441308,29376.409842,277.491383,5670.151050,-8.651385,0.027935,False,False,False,False,True,True,True,1-circle,1.000000,4804.992268,23021.509986,0.930022,-0.129861,100.000000,100.000000,0.000000,0.000000,2,5,4,0.0000,0.0000,0.0000,0.5000,"PursuitChaseOptimal",0.027824
3376,B0100,aggressive,UNKNOWN,15886.330508,28488.324503,3911.675497,4895.419406,29805.203737,18021.850031,506.441308,29376.409842,277.491383,5670.151050,-8.651385,0.027935,False,False,False,False,True,True,True,1-circle,1.000000,4804.992268,23021.509986,0.930022,-0.129861,100.000000,100.000000,0.000000,0.000000,2,4,4,0.0000,0.0000,0.0000,0.5000,"Accelerate",-0.028981
3377,A0100,pursuit_chase_v1,UNKNOWN,15886.330508,28488.324503,3911.675497,4895.419406,29805.203737,18021.850031,506.441308,29376.409842,277.491383,5670.151050,-8.651385,0.027935,False,False,False,False,True,True,True,1-circle,1.000000,4804.992268,23021.509986,0.930022,-0.129861,100.000000,100.000000,0.000000,0.000000,2,5,4,0.0000,0.0000,0.0000,0.5000,"PursuitChaseOptimal",0.018483
3377,B0100,aggressive,UNKNOWN,15886.330508,28488.324503,3911.675497,4895.419406,29805.203737,18021.850031,506.441308,29376.409842,277.491383,5670.151050,-8.651385,0.027935,False,False,False,False,True,True,True,1-circle,1.000000,4804.992268,23021.509986,0.930022,-0.129861,100.000000,100.000000,0.000000,0.000000,2,4,4,0.0000,0.0000,0.0000,0.5000,"Accelerate",-0.019833
3378,A0100,pursuit_chase_v1,UNKNOWN,15888.366345,28516.106896,3883.893104,4907.952994,29839.653120,18022.594324,506.546340,29381.864322,109.089595,5664.583130,-10.686560,0.034174,False,False,False,False,True,True,True,1-circle,1.000000,4805.717513,22684.988804,-1.137886,0.076735,100.000000,100.000000,0.000000,0.000000,2,5,4,0.0000,0.0000,0.0000,0.5000,"PursuitChaseOptimal",-0.001132
3378,B0100,aggressive,UNKNOWN,15888.366345,28516.106896,3883.893104,4907.952994,29839.653120,18022.594324,506.546340,29381.864322,109.089595,5664.583130,-10.686560,0.034174,False,False,False,False,True,True,True,1-circle,1.000000,4805.717513,22684.988804,-1.137886,0.076735,100.000000,100.000000,0.000000,0.000000,2,4,4,0.0000,0.0000,0.0000,0.5000,"Accelerate",-0.001033
3379,A0100,pursuit_chase_v1,UNKNOWN,15888.366345,28516.106896,3883.893104,4907.952994,29839.653120,18022.594324,506.546340,29381.864322,109.089595,5664.583130,-10.686560,0.034174,False,False,False,False,True,True,True,1-circle,1.000000,4805.717513,22684.988804,-1.137886,0.076735,100.000000,100.000000,0.000000,0.000000,2,5,4,0.0000,0.0000,0.0000,0.5000,"PursuitChaseOptimal",-0.007100
3379,B0100,aggressive,UNKNOWN,15888.366345,28516.106896,3883.893104,4907.952994,29839.653120,18022.594324,506.546340,29381.864322,109.089595,5664.583130,-10.686560,0.034174,False,False,False,False,True,True,True,1-circle,1.000000,4805.717513,22684.988804,-1.137886,0.076735,100.000000,100.000000,0.000000,0.000000,2,4,4,0.0000,0.0000,0.0000,0.5000,"Accelerate",0.004619
3380,A0100,pursuit_chase_v1,UNKNOWN,15890.556750,28532.487222,3867.512778,4882.193762,29868.583555,18023.367235,506.801741,29394.094796,244.609471,5673.801830,-11.224424,0.007419,False,False,False,False,True,True,True,1-circle,1.000000,4806.127942,22969.979841,0.247176,0.190300,100.000000,100.000000,0.000000,0.000000,2,5,4,0.0000,0.0000,0.0000,0.5000,"PursuitChaseOptimal",-0.005649
3380,B0100,aggressive,UNKNOWN,15890.556750,28532.487222,3867.512778,4882.193762,29868.583555,18023.367235,506.801741,29394.094796,244.609471,5673.801830,-11.224424,0.007419,False,False,False,False,True,True,True,1-circle,1.000000,4806.127942,22969.979841,0.247176,0.190300,100.000000,100.000000,0.000000,0.000000,2,4,4,0.0000,0.0000,0.0000,0.5000,"Accelerate",0.003379
3381,A0100,pursuit_chase_v1,UNKNOWN,15890.556750,28532.487222,3867.512778,4882.193762,29868.583555,18023.367235,506.801741,29394.094796,244.609471,5673.801830,-11.224424,0.007419,False,False,False,False,True,True,True,1-circle,1.000000,4806.127942,22969.979841,0.247176,0.190300,100.000000,100.000000,0.000000,0.000000,2,5,4,0.0000,0.0000,0.0000,0.5000,"PursuitChaseOptimal",-0.005422
3381,B0100,aggressive,UNKNOWN,15890.556750,28532.487222,3867.512778,4882.193762,29868.583555,18023.367235,506.801741,29394.094796,244.609471,5673.801830,-11.224424,0.007419,False,False,False,False,True,True,True,1-circle,1.000000,4806.127942,22969.979841,0.247176,0.190300,100.000000,100.000000,0.000000,0.000000,2,4,4,0.0000,0.0000,0.0000,0.5000,"Accelerate",0.003323
3382,A0100,pursuit_chase_v1,UNKNOWN,15892.771768,28562.720081,3837.279919,4798.781867,29904.964112,18024.169402,506.885010,29398.633781,90.779698,5664.761415,-10.503524,0.054537,False,False,False,False,True,True,True,1-circle,1.000000,4806.727039,22634.321360,-1.816707,0.102739,100.000000,100.000000,0.000000,0.000000,2,5,4,0.0000,0.0000,0.0000,0.5000,"PursuitChaseOptimal",-0.004688
3382,B0100,aggressive,UNKNOWN,15892.771768,28562.720081,3837.279919,4798.781867,29904.964112,18024.169402,506.885010,29398.633781,90.779698,5664.761415,-10.503524,0.054537,False,False,False,False,True,True,True,1-circle,1.000000,4806.727039,22634.321360,-1.816707,0.102739,100.000000,100.000000,0.000000,0.000000,2,4,4,0.0000,0.0000,0.0000,0.5000,"Accelerate",0.002314
3383,A0100,pursuit_chase_v1,UNKNOWN,15892.771768,28562.720081,3837.279919,4798.781867,29904.964112,18024.169402,506.885010,29398.633781,90.779698,5664.761415,-10.503524,0.054537,False,False,False,False,True,True,True,1-circle,1.000000,4806.727039,22634.321360,-1.816707,0.102739,100.000000,100.000000,0.000000,0.000000,2,5,4,0.0000,0.0000,0.0000,0.5000,"PursuitChaseOptimal",-0.003049
3383,B0100,aggressive,UNKNOWN,15892.771768,28562.720081,3837.279919,4798.781867,29904.964112,18024.169402,506.885010,29398.633781,90.779698,5664.761415,-10.503524,0.054537,False,False,False,False,True,True,True,1-circle,1.000000,4806.727039,22634.321360,-1.816707,0.102739,100.000000,100.000000,0.000000,0.000000,2,4,4,0.0000,0.0000,0.0000,0.5000,"Accelerate",0.000315
3384,A0100,pursuit_chase_v1,UNKNOWN,15894.930090,28575.804483,3824.195517,4692.476023,29934.837482,18024.997504,507.177570,29412.595717,279.238718,5680.072652,-9.156818,0.006489,False,False,False,False,True,True,True,1-circle,1.000000,4807.790784,22958.397596,-0.216336,0.163854,100.000000,100.000000,0.000000,0.000000,2,5,4,0.0000,0.0000,0.0000,0.5000,"PursuitChaseOptimal",-0.000555
3384,B0100,aggressive,UNKNOWN,15894.930090,28575.804483,3824.195517,4692.476023,29934.837482,18024.997504,507.177570,29412.595717,279.238718,5680.072652,-9.156818,0.006489,False,False,False,False,True,True,True,1-circle,1.000000,4807.790784,22958.397596,-0.216336,0.163854,100.000000,100.000000,0.000000,0.000000,2,4,4,0.0000,0.0000,0.0000,0.5000,"Accelerate",-0.001858
3385,A0100,pursuit_chase_v1,UNKNOWN,15894.930090,28575.804483,3824.195517,4692.476023,29934.837482,18024.997504,507.177570,29412.595717,279.238718,5680.072652,-9.156818,0.006489,False,False,False,False,True,True,True,1-circle,1.000000,4807.790784,22958.397596,-0.216336,0.163854,100.000000,100.000000,0.000000,0.000000,2,5,4,0.0000,0.0000,0.0000,0.5000,"PursuitChaseOptimal",0.002150
3385,B0100,aggressive,UNKNOWN,15894.930090,28575.804483,3824.195517,4692.476023,29934.837482,18024.997504,507.177570,29412.595717,279.238718,5680.072652,-9.156818,0.006489,False,False,False,False,True,True,True,1-circle,1.000000,4807.790784,22958.397596,-0.216336,0.163854,100.000000,100.000000,0.000000,0.000000,2,4,4,0.0000,0.0000,0.0000,0.5000,"Accelerate",-0.004091
3386,A0100,pursuit_chase_v1,UNKNOWN,15897.055126,28597.524554,3802.475446,4574.030441,29966.589726,18025.771130,507.315191,29419.550133,139.088337,5703.476692,-8.067853,0.010187,False,False,False,False,True,True,True,1-circle,1.000000,4809.479845,23094.666259,0.339712,0.032262,100.000000,100.000000,0.000000,0.000000,2,5,4,0.0000,0.0000,0.0000,0.5000,"PursuitChaseOptimal",0.004768
3386,B0100,aggressive,UNKNOWN,15897.055126,28597.524554,3802.475446,4574.030441,29966.589726,18025.771130,507.315191,29419.550133,139.088337,5703.476692,-8.067853,0.010187,False,False,False,False,True,True,True,1-circle,1.000000,4809.479845,23094.666259,0.339712,0.032262,100.000000,100.000000,0.000000,0.000000,2,4,4,0.0000,0.0000,0.0000,0.5000,"Accelerate",-0.006610
3387,A0100,pursuit_chase_v1,UNKNOWN,15897.055126,28597.524554,3802.475446,4574.030441,29966.589726,18025.771130,507.315191,29419.550133,139.088337,5703.476692,-8.067853,0.010187,False,False,False,False,True,True,True,1-circle,1.000000,4809.479845,23094.666259,0.339712,0.032262,100.000000,100.000000,0.000000,0.000000,2,5,4,0.0000,0.0000,0.0000,0.5000,"PursuitChaseOptimal",0.007286
3387,B0100,aggressive,UNKNOWN,15897.055126,28597.524554,3802.475446,4574.030441,29966.589726,18025.771130,507.315191,29419.550133,139.088337,5703.476692,-8.067853,0.010187,False,False,False,False,True,True,True,1-circle,1.000000,4809.479845,23094.666259,0.339712,0.032262,100.000000,100.000000,0.000000,0.000000,2,4,4,0.0000,0.0000,0.0000,0.5000,"Accelerate",-0.009283
3388,A0100,pursuit_chase_v1,UNKNOWN,15899.164387,28619.519103,3780.480897,4450.395951,29996.116017,18026.631061,507.504886,29428.932393,187.645187,5745.639495,-7.320639,0.022755,False,False,False,False,True,True,True,1-circle,1.000000,4811.623355,22932.953278,-0.759090,0.309872,100.000000,100.000000,0.000000,0.000000,2,4,4,0.0000,0.0000,0.0000,0.5000,"PursuitChaseOptimal",0.013790
3388,B0100,aggressive,UNKNOWN,15899.164387,28619.519103,3780.480897,4450.395951,29996.116017,18026.631061,507.504886,29428.932393,187.645187,5745.639495,-7.320639,0.022755,False,False,False,False,True,True,True,1-circle,1.000000,4811.623355,22932.953278,-0.759090,0.309872,100.000000,100.000000,0.000000,0.000000,2,4,4,0.0000,0.0000,0.0000,0.5000,"Accelerate",-0.015786
3389,A0100,pursuit_chase_v1,UNKNOWN,15899.164387,28619.519103,3780.480897,4450.395951,29996.116017,18026.631061,507.504886,29428.932393,187.645187,5745.639495,-7.320639,0.022755,False,False,False,False,True,True,True,1-circle,1.000000,4811.623355,22932.953278,-0.759090,0.309872,100.000000,100.000000,0.000000,0.000000,2,4,4,0.0000,0.0000,0.0000,0.5000,"PursuitChaseOptimal",0.009098
3389,B0100,aggressive,UNKNOWN,15899.164387,28619.519103,3780.480897,4450.395951,29996.116017,18026.631061,507.504886,29428.932393,187.645187,5745.639495,-7.320639,0.022755,False,False,False,False,True,True,True,1-circle,1.000000,4811.623355,22932.953278,-0.759090,0.309872,100.000000,100.000000,0.000000,0.000000,2,4,4,0.0000,0.0000,0.0000,0.5000,"Accelerate",-0.010984
3390,A0100,pursuit_chase_v1,UNKNOWN,15901.267903,28638.630739,3761.369261,4315.780879,30026.057470,18027.490808,507.683131,29437.802929,177.410724,5779.859536,-6.340365,0.009045,False,False,False,False,True,True,True,1-circle,1.000000,4814.276909,23051.205474,-0.301848,0.125034,100.000000,100.000000,0.000000,0.000000,2,4,4,0.0000,0.0000,0.0000,0.5000,"PursuitChaseOptimal",0.003981
3390,B0100,aggressive,UNKNOWN,15901.267903,28638.630739,3761.369261,4315.780879,30026.057470,18027.490808,507.683131,29437.802929,177.410724,5779.859536,-6.340365,0.009045,False,False,False,False,True,True,True,1-circle,1.000000,4814.276909,23051.205474,-0.301848,0.125034,100.000000,100.000000,0.000000,0.000000,2,4,4,0.0000,0.0000,0.0000,0.5000,"Accelerate",-0.005988
3391,A0100,pursuit_chase_v1,UNKNOWN,15901.267903,28638.630739,3761.369261,4315.780879,30026.057470,18027.490808,507.683131,29437.802929,177.410724,5779.859536,-6.340365,0.009045,False,False,False,False,True,True,True,1-circle,1.000000,4814.276909,23051.205474,-0.301848,0.125034,100.000000,100.000000,0.000000,0.000000,2,4,4,0.0000,0.0000,0.0000,0.5000,"PursuitChaseOptimal",0.001014
3391,B0100,aggressive,UNKNOWN,15901.267903,28638.630739,3761.369261,4315.780879,30026.057470,18027.490808,507.683131,29437.802929,177.410724,5779.859536,-6.340365,0.009045,False,False,False,False,True,True,True,1-circle,1.000000,4814.276909,23051.205474,-0.301848,0.125034,100.000000,100.000000,0.000000,0.000000,2,4,4,0.0000,0.0000,0.0000,0.5000,"Accelerate",-0.003517
3392,A0100,pursuit_chase_v1,UNKNOWN,15903.335538,28655.520730,3744.479270,4188.457185,30054.166111,18028.415900,507.830562,29445.356075,151.062917,5809.601880,-5.349470,0.042822,False,False,False,False,True,True,True,1-circle,1.000000,4817.386841,22883.983507,-1.429161,0.125254,100.000000,100.000000,0.000000,0.000000,2,4,4,0.0000,0.0000,0.0000,0.5000,"PursuitChaseOptimal",-0.007825
3392,B0100,aggressive,UNKNOWN,15903.335538,28655.520730,3744.479270,4188.457185,30054.166111,18028.415900,507.830562,29445.356075,151.062917,5809.601880,-5.349470,0.042822,False,False,False,False,True,True,True,1-circle,1.000000,4817.386841,22883.983507,-1.429161,0.125254,100.000000,100.000000,0.000000,0.000000,2,4,4,0.0000,0.0000,0.0000,0.5000,"Accelerate",0.004643
3393,A0100,pursuit_chase_v1,UNKNOWN,15903.335538,28655.520730,3744.479270,4188.457185,30054.166111,18028.415900,507.830562,29445.356075,151.062917,5809.601880,-5.349470,0.042822,False,False,False,False,True,True,True,1-circle,1.000000,4817.386841,22883.983507,-1.429161,0.125254,100.000000,100.000000,0.000000,0.000000,2,4,4,0.0000,0.0000,0.0000,0.5000,"PursuitChaseOptimal",-0.013355
3393,B0100,aggressive,UNKNOWN,15903.335538,28655.520730,3744.479270,4188.457185,30054.166111,18028.415900,507.830562,29445.356075,151.062917,5809.601880,-5.349470,0.042822,False,False,False,False,True,True,True,1-circle,1.000000,4817.386841,22883.983507,-1.429161,0.125254,100.000000,100.000000,0.000000,0.000000,2,4,4,0.0000,0.0000,0.0000,0.5000,"Accelerate",0.010212
3394,A0100,pursuit_chase_v1,UNKNOWN,15905.431101,28662.375547,3737.624453,4095.557210,30081.395932,18029.250943,508.105030,29458.535536,263.589222,5850.551939,-4.852359,0.032770,False,False,False,False,True,True,True,1-circle,1.000000,4821.052937,23373.889927,1.094318,-0.080672,100.000000,100.000000,0.000000,0.000000,2,4,4,0.0000,0.0000,0.0000,0.5000,"PursuitChaseOptimal",-0.016107
3394,B0100,aggressive,UNKNOWN,15905.431101,28662.375547,3737.624453,4095.557210,30081.395932,18029.250943,508.105030,29458.535536,263.589222,5850.551939,-4.852359,0.032770,False,False,False,False,True,True,True,1-circle,1.000000,4821.052937,23373.889927,1.094318,-0.080672,100.000000,100.000000,0.000000,0.000000,2,4,4,0.0000,0.0000,0.0000,0.5000,"Accelerate",0.013281
3395,A0100,pursuit_chase_v1,UNKNOWN,15905.431101,28662.375547,3737.624453,4095.557210,30081.395932,18029.250943,508.105030,29458.535536,263.589222,5850.551939,-4.852359,0.032770,False,False,False,False,True,True,True,1-circle,1.000000,4821.052937,23373.889927,1.094318,-0.080672,100.000000,100.000000,0.000000,0.000000,2,4,4,0.0000,0.0000,0.0000,0.5000,"PursuitChaseOptimal",-0.017023
3395,B0100,aggressive,UNKNOWN,15905.431101,28662.375547,3737.624453,4095.557210,30081.395932,18029.250943,508.105030,29458.535536,263.589222,5850.551939,-4.852359,0.032770,False,False,False,False,True,True,True,1-circle,1.000000,4821.052937,23373.889927,1.094318,-0.080672,100.000000,100.000000,0.000000,0.000000,2,4,4,0.0000,0.0000,0.0000,0.5000,"Accelerate",0.014214
3396,A0100,pursuit_chase_v1,UNKNOWN,15907.593173,28684.641972,3715.358028,4026.957194,30110.333160,18030.088507,508.191280,29463.253635,94.361989,5873.310752,-4.842303,0.029065,False,False,False,False,True,True,True,1-circle,1.000000,4825.072788,23037.839576,-0.970783,0.126750,100.000000,100.000000,0.000000,0.000000,2,4,4,0.0000,0.0000,0.0000,0.5000,"PursuitChaseOptimal",-0.018552
3396,B0100,aggressive,UNKNOWN,15907.593173,28684.641972,3715.358028,4026.957194,30110.333160,18030.088507,508.191280,29463.253635,94.361989,5873.310752,-4.842303,0.029065,False,False,False,False,True,True,True,1-circle,1.000000,4825.072788,23037.839576,-0.970783,0.126750,100.000000,100.000000,0.000000,0.000000,2,4,4,0.0000,0.0000,0.0000,0.5000,"Accelerate",0.015475
3397,A0100,pursuit_chase_v1,UNKNOWN,15907.593173,28684.641972,3715.358028,4026.957194,30110.333160,18030.088507,508.191280,29463.253635,94.361989,5873.310752,-4.842303,0.029065,False,False,False,False,True,True,True,1-circle,1.000000,4825.072788,23037.839576,-0.970783,0.126750,100.000000,100.000000,0.000000,0.000000,2,4,4,0.0000,0.0000,0.0000,0.5000,"PursuitChaseOptimal",-0.020638
3397,B0100,aggressive,UNKNOWN,15907.593173,28684.641972,3715.358028,4026.957194,30110.333160,18030.088507,508.191280,29463.253635,94.361989,5873.310752,-4.842303,0.029065,False,False,False,False,True,True,True,1-circle,1.000000,4825.072788,23037.839576,-0.970783,0.126750,100.000000,100.000000,0.000000,0.000000,2,4,4,0.0000,0.0000,0.0000,0.5000,"Accelerate",0.017315
3398,A0100,pursuit_chase_v1,UNKNOWN,15909.828062,28695.433374,3704.566626,3980.023734,30134.397669,18030.960512,508.428561,29474.804702,231.021326,5896.648086,-4.830849,0.013034,False,False,False,False,True,True,True,1-circle,1.000000,4829.325983,23326.690085,0.435573,0.238520,100.000000,100.000000,0.000000,0.000000,2,4,4,0.0000,0.0000,0.0000,0.5000,"PursuitChaseOptimal",-0.022794
3398,B0100,aggressive,UNKNOWN,15909.828062,28695.433374,3704.566626,3980.023734,30134.397669,18030.960512,508.428561,29474.804702,231.021326,5896.648086,-4.830849,0.013034,False,False,False,False,True,True,True,1-circle,1.000000,4829.325983,23326.690085,0.435573,0.238520,100.000000,100.000000,0.000000,0.000000,2,4,4,0.0000,0.0000,0.0000,0.5000,"Accelerate",0.019727
3399,A0100,pursuit_chase_v1,UNKNOWN,15909.828062,28695.433374,3704.566626,3980.023734,30134.397669,18030.960512,508.428561,29474.804702,231.021326,5896.648086,-4.830849,0.013034,False,False,False,False,True,True,True,1-circle,1.000000,4829.325983,23326.690085,0.435573,0.238520,100.000000,100.000000,0.000000,0.000000,2,4,4,0.0000,0.0000,0.0000,0.5000,"PursuitChaseOptimal",-0.023698
3399,B0100,aggressive,UNKNOWN,15909.828062,28695.433374,3704.566626,3980.023734,30134.397669,18030.960512,508.428561,29474.804702,231.021326,5896.648086,-4.830849,0.013034,False,False,False,False,True,True,True,1-circle,1.000000,4829.325983,23326.690085,0.435573,0.238520,100.000000,100.000000,0.000000,0.000000,2,4,4,0.0000,0.0000,0.0000,0.5000,"Accelerate",0.020719
3400,A0100,pursuit_chase_v1,UNKNOWN,15912.135959,28718.709946,3681.290054,3936.795349,30163.484103,18031.866584,508.491931,29478.563667,75.179311,5904.754731,-4.962542,0.049063,False,False,False,False,True,True,True,1-circle,1.000000,4833.780336,22988.996790,-1.639362,0.151058,100.000000,100.000000,0.000000,0.000000,2,4,4,0.0000,0.0000,0.0000,0.5000,"PursuitChaseOptimal",-0.020678
3400,B0100,aggressive,UNKNOWN,15912.135959,28718.709946,3681.290054,3936.795349,30163.484103,18031.866584,508.491931,29478.563667,75.179311,5904.754731,-4.962542,0.049063,False,False,False,False,True,True,True,1-circle,1.000000,4833.780336,22988.996790,-1.639362,0.151058,100.000000,100.000000,0.000000,0.000000,2,4,4,0.0000,0.0000,0.0000,0.5000,"Accelerate",0.017441
3401,A0100,pursuit_chase_v1,UNKNOWN,15912.135959,28718.709946,3681.290054,3936.795349,30163.484103,18031.866584,508.491931,29478.563667,75.179311,5904.754731,-4.962542,0.049063,False,False,False,False,True,True,True,1-circle,1.000000,4833.780336,22988.996790,-1.639362,0.151058,100.000000,100.000000,0.000000,0.000000,2,4,4,0.0000,0.0000,0.0000,0.5000,"PursuitChaseOptimal",-0.016252
3401,B0100,aggressive,UNKNOWN,15912.135959,28718.709946,3681.290054,3936.795349,30163.484103,18031.866584,508.491931,29478.563667,75.179311,5904.754731,-4.962542,0.049063,False,False,False,False,True,True,True,1-circle,1.000000,4833.780336,22988.996790,-1.639362,0.151058,100.000000,100.000000,0.000000,0.000000,2,4,4,0.0000,0.0000,0.0000,0.5000,"Accelerate",0.012999
3402,A0100,pursuit_chase_v1,UNKNOWN,15914.521799,28727.182702,3672.817298,3917.365090,30186.209333,18032.808322,508.729007,29490.181540,232.357449,5926.245965,-5.324834,0.006900,False,False,False,False,True,True,True,1-circle,1.000000,4838.376775,23278.473500,-0.230719,0.215297,100.000000,100.000000,0.000000,0.000000,2,4,4,0.0000,0.0000,0.0000,0.5000,"PursuitChaseOptimal",-0.002043
3402,B0100,aggressive,UNKNOWN,15914.521799,28727.182702,3672.817298,3917.365090,30186.209333,18032.808322,508.729007,29490.181540,232.357449,5926.245965,-5.324834,0.006900,False,False,False,False,True,True,True,1-circle,1.000000,4838.376775,23278.473500,-0.230719,0.215297,100.000000,100.000000,0.000000,0.000000,2,4,4,0.0000,0.0000,0.0000,0.5000,"Accelerate",-0.000728
3403,A0100,pursuit_chase_v1,UNKNOWN,15914.521799,28727.182702,3672.817298,3917.365090,30186.209333,18032.808322,508.729007,29490.181540,232.357449,5926.245965,-5.324834,0.006900,False,False,False,False,True,True,True,1-circle,1.000000,4838.376775,23278.473500,-0.230719,0.215297,100.000000,100.000000,0.000000,0.000000,2,4,4,0.0000,0.0000,0.0000,0.5000,"PursuitChaseOptimal",0.009490
3403,B0100,aggressive,UNKNOWN,15914.521799,28727.182702,3672.817298,3917.365090,30186.209333,18032.808322,508.729007,29490.181540,232.357449,5926.245965,-5.324834,0.006900,False,False,False,False,True,True,True,1-circle,1.000000,4838.376775,23278.473500,-0.230719,0.215297,100.000000,100.000000,0.000000,0.000000,2,4,4,0.0000,0.0000,0.0000,0.5000,"Accelerate",-0.011853
3404,A0100,pursuit_chase_v1,UNKNOWN,15917.018134,28748.637932,3651.362068,3905.013850,30216.824061,18033.762349,508.799461,29494.309254,82.554277,5933.715659,-6.284391,0.068759,False,False,False,False,True,True,True,1-circle,1.000000,4842.937961,22942.327910,-2.298208,0.073447,100.000000,100.000000,0.000000,0.000000,2,4,4,0.0000,0.0000,0.0000,0.5000,"PursuitChaseOptimal",0.019912
3404,B0100,aggressive,UNKNOWN,15917.018134,28748.637932,3651.362068,3905.013850,30216.824061,18033.762349,508.799461,29494.309254,82.554277,5933.715659,-6.284391,0.068759,False,False,False,False,True,True,True,1-circle,1.000000,4842.937961,22942.327910,-2.298208,0.073447,100.000000,100.000000,0.000000,0.000000,2,4,4,0.0000,0.0000,0.0000,0.5000,"Accelerate",-0.022375
3405,A0100,pursuit_chase_v1,UNKNOWN,15917.018134,28748.637932,3651.362068,3905.013850,30216.824061,18033.762349,508.799461,29494.309254,82.554277,5933.715659,-6.284391,0.068759,False,False,False,False,True,True,True,1-circle,1.000000,4842.937961,22942.327910,-2.298208,0.073447,100.000000,100.000000,0.000000,0.000000,2,4,4,0.0000,0.0000,0.0000,0.5000,"PursuitChaseOptimal",0.028591
3405,B0100,aggressive,UNKNOWN,15917.018134,28748.637932,3651.362068,3905.013850,30216.824061,18033.762349,508.799461,29494.309254,82.554277,5933.715659,-6.284391,0.068759,False,False,False,False,True,True,True,1-circle,1.000000,4842.937961,22942.327910,-2.298208,0.073447,100.000000,100.000000,0.000000,0.000000,2,4,4,0.0000,0.0000,0.0000,0.5000,"Accelerate",-0.031161
3406,A0100,pursuit_chase_v1,UNKNOWN,15919.634279,28752.412489,3647.587511,3911.191524,30241.174461,18034.708061,509.070759,29507.480048,263.415890,5958.997995,-7.611684,0.019790,False,False,False,False,True,True,True,1-circle,1.000000,4847.230543,23272.790470,-0.662111,0.051825,100.000000,100.000000,0.000000,0.000000,2,4,4,0.0000,0.0000,0.0000,0.5000,"PursuitChaseOptimal",0.030139
3406,B0100,aggressive,UNKNOWN,15919.634279,28752.412489,3647.587511,3911.191524,30241.174461,18034.708061,509.070759,29507.480048,263.415890,5958.997995,-7.611684,0.019790,False,False,False,False,True,True,True,1-circle,1.000000,4847.230543,23272.790470,-0.662111,0.051825,100.000000,100.000000,0.000000,0.000000,2,4,4,0.0000,0.0000,0.0000,0.5000,"Accelerate",-0.032391
3407,A0100,pursuit_chase_v1,UNKNOWN,15919.634279,28752.412489,3647.587511,3911.191524,30241.174461,18034.708061,509.070759,29507.480048,263.415890,5958.997995,-7.611684,0.019790,False,False,False,False,True,True,True,1-circle,1.000000,4847.230543,23272.790470,-0.662111,0.051825,100.000000,100.000000,0.000000,0.000000,2,4,4,0.0000,0.0000,0.0000,0.5000,"PursuitChaseOptimal",0.017084
3407,B0100,aggressive,UNKNOWN,15919.634279,28752.412489,3647.587511,3911.191524,30241.174461,18034.708061,509.070759,29507.480048,263.415890,5958.997995,-7.611684,0.019790,False,False,False,False,True,True,True,1-circle,1.000000,4847.230543,23272.790470,-0.662111,0.051825,100.000000,100.000000,0.000000,0.000000,2,4,4,0.0000,0.0000,0.0000,0.5000,"Accelerate",-0.019505
3408,A0100,pursuit_chase_v1,UNKNOWN,15922.414433,28763.623016,3636.376984,3911.101198,30268.665632,18035.550627,509.222110,29515.145511,153.309255,5984.027892,-9.065814,0.000482,False,False,False,False,True,True,True,1-circle,1.000000,4851.221455,23425.000659,-0.016129,-0.172355,100.000000,100.000000,0.000000,0.000000,2,4,4,0.0000,0.0000,0.0000,0.5000,"PursuitChaseOptimal",0.002240
3408,B0100,aggressive,UNKNOWN,15922.414433,28763.623016,3636.376984,3911.101198,30268.665632,18035.550627,509.222110,29515.145511,153.309255,5984.027892,-9.065814,0.000482,False,False,False,False,True,True,True,1-circle,1.000000,4851.221455,23425.000659,-0.016129,-0.172355,100.000000,100.000000,0.000000,0.000000,2,4,4,0.0000,0.0000,0.0000,0.5000,"Accelerate",-0.004903
3409,A0100,pursuit_chase_v1,UNKNOWN,15922.414433,28763.623016,3636.376984,3911.101198,30268.665632,18035.550627,509.222110,29515.145511,153.309255,5984.027892,-9.065814,0.000482,False,False,False,False,True,True,True,1-circle,1.000000,4851.221455,23425.000659,-0.016129,-0.172355,100.000000,100.000000,0.000000,0.000000,2,4,4,0.0000,0.0000,0.0000,0.5000,"PursuitChaseOptimal",-0.005738
3409,B0100,aggressive,UNKNOWN,15922.414433,28763.623016,3636.376984,3911.101198,30268.665632,18035.550627,509.222110,29515.145511,153.309255,5984.027892,-9.065814,0.000482,False,False,False,False,True,True,True,1-circle,1.000000,4851.221455,23425.000659,-0.016129,-0.172355,100.000000,100.000000,0.000000,0.000000,2,4,4,0.0000,0.0000,0.0000,0.5000,"Accelerate",0.002575
3410,A0100,pursuit_chase_v1,UNKNOWN,15925.329684,28777.406354,3622.593646,3911.829838,30294.539149,18036.415655,509.341387,29521.389010,124.869979,5998.964206,-10.076594,0.035988,False,False,False,False,True,True,True,1-circle,1.000000,4854.930979,23246.965196,-1.204530,0.063991,100.000000,100.000000,0.000000,0.000000,2,4,4,0.0000,0.0000,0.0000,0.5000,"PursuitChaseOptimal",-0.016891
3410,B0100,aggressive,UNKNOWN,15925.329684,28777.406354,3622.593646,3911.829838,30294.539149,18036.415655,509.341387,29521.389010,124.869979,5998.964206,-10.076594,0.035988,False,False,False,False,True,True,True,1-circle,1.000000,4854.930979,23246.965196,-1.204530,0.063991,100.000000,100.000000,0.000000,0.000000,2,4,4,0.0000,0.0000,0.0000,0.5000,"Accelerate",0.013248
3411,A0100,pursuit_chase_v1,UNKNOWN,15925.329684,28777.406354,3622.593646,3911.829838,30294.539149,18036.415655,509.341387,29521.389010,124.869979,5998.964206,-10.076594,0.035988,False,False,False,False,True,True,True,1-circle,1.000000,4854.930979,23246.965196,-1.204530,0.063991,100.000000,100.000000,0.000000,0.000000,2,4,4,0.0000,0.0000,0.0000,0.5000,"PursuitChaseOptimal",-0.030267
3411,B0100,aggressive,UNKNOWN,15925.329684,28777.406354,3622.593646,3911.829838,30294.539149,18036.415655,509.341387,29521.389010,124.869979,5998.964206,-10.076594,0.035988,False,False,False,False,True,True,True,1-circle,1.000000,4854.930979,23246.965196,-1.204530,0.063991,100.000000,100.000000,0.000000,0.000000,2,4,4,0.0000,0.0000,0.0000,0.5000,"Accelerate",0.026421
3412,A0100,pursuit_chase_v1,UNKNOWN,15928.383320,28790.126648,3609.873352,3907.942392,30322.006304,18037.233185,509.487410,29528.792724,148.074291,6014.240298,-10.731012,0.018369,False,False,False,False,True,True,True,1-circle,1.000000,4858.629660,23389.174720,-0.615044,-0.019814,100.000000,100.000000,0.000000,0.000000,2,4,4,0.0000,0.0000,0.0000,0.5000,"PursuitChaseOptimal",-0.034735
3412,B0100,aggressive,UNKNOWN,15928.383320,28790.126648,3609.873352,3907.942392,30322.006304,18037.233185,509.487410,29528.792724,148.074291,6014.240298,-10.731012,0.018369,False,False,False,False,True,True,True,1-circle,1.000000,4858.629660,23389.174720,-0.615044,-0.019814,100.000000,100.000000,0.000000,0.000000,2,4,4,0.0000,0.0000,0.0000,0.5000,"Accelerate",0.030876
3413,A0100,pursuit_chase_v1,UNKNOWN,15928.383320,28790.126648,3609.873352,3907.942392,30322.006304,18037.233185,509.487410,29528.792724,148.074291,6014.240298,-10.731012,0.018369,False,False,False,False,True,True,True,1-circle,1.000000,4858.629660,23389.174720,-0.615044,-0.019814,100.000000,100.000000,0.000000,0.000000,2,4,4,0.0000,0.0000,0.0000,0.5000,"PursuitChaseOptimal",-0.028179
3413,B0100,aggressive,UNKNOWN,15928.383320,28790.126648,3609.873352,3907.942392,30322.006304,18037.233185,509.487410,29528.792724,148.074291,6014.240298,-10.731012,0.018369,False,False,False,False,True,True,True,1-circle,1.000000,4858.629660,23389.174720,-0.615044,-0.019814,100.000000,100.000000,0.000000,0.000000,2,4,4,0.0000,0.0000,0.0000,0.5000,"Accelerate",0.024101
3414,A0100,pursuit_chase_v1,UNKNOWN,15931.563506,28801.277769,3598.722231,3908.308401,30348.165768,18038.078308,509.620688,29535.650849,137.162486,6029.762943,-11.307911,0.053917,False,False,False,False,True,True,True,1-circle,1.000000,4862.397203,23211.303624,-1.805252,-0.076129,100.000000,100.000000,0.000000,0.000000,2,4,4,0.0000,0.0000,0.0000,0.5000,"PursuitChaseOptimal",-0.011005
3414,B0100,aggressive,UNKNOWN,15931.563506,28801.277769,3598.722231,3908.308401,30348.165768,18038.078308,509.620688,29535.650849,137.162486,6029.762943,-11.307911,0.053917,False,False,False,False,True,True,True,1-circle,1.000000,4862.397203,23211.303624,-1.805252,-0.076129,100.000000,100.000000,0.000000,0.000000,2,4,4,0.0000,0.0000,0.0000,0.5000,"Accelerate",0.006974
3415,A0100,pursuit_chase_v1,UNKNOWN,15931.563506,28801.277769,3598.722231,3908.308401,30348.165768,18038.078308,509.620688,29535.650849,137.162486,6029.762943,-11.307911,0.053917,False,False,False,False,True,True,True,1-circle,1.000000,4862.397203,23211.303624,-1.805252,-0.076129,100.000000,100.000000,0.000000,0.000000,2,4,4,0.0000,0.0000,0.0000,0.5000,"PursuitChaseOptimal",0.017844
3415,B0100,aggressive,UNKNOWN,15931.563506,28801.277769,3598.722231,3908.308401,30348.165768,18038.078308,509.620688,29535.650849,137.162486,6029.762943,-11.307911,0.053917,False,False,False,False,True,True,True,1-circle,1.000000,4862.397203,23211.303624,-1.805252,-0.076129,100.000000,100.000000,0.000000,0.000000,2,4,4,0.0000,0.0000,0.0000,0.5000,"Accelerate",-0.020873
3416,A0100,pursuit_chase_v1,UNKNOWN,15934.911096,28802.891150,3597.108850,3912.786323,30373.211483,18038.801224,509.872634,29547.744896,241.880954,6053.397088,-12.325380,0.023817,False,False,False,False,True,True,True,1-circle,1.000000,4866.251046,23716.606051,0.798014,-0.268692,100.000000,100.000000,0.000000,0.000000,2,4,4,0.0000,0.0000,0.0000,0.5000,"PursuitChaseOptimal",0.045488
3416,B0100,aggressive,UNKNOWN,15934.911096,28802.891150,3597.108850,3912.786323,30373.211483,18038.801224,509.872634,29547.744896,241.880954,6053.397088,-12.325380,0.023817,False,False,False,False,True,True,True,1-circle,1.000000,4866.251046,23716.606051,0.798014,-0.268692,100.000000,100.000000,0.000000,0.000000,2,4,4,0.0000,0.0000,0.0000,0.5000,"Accelerate",-0.047373
3417,A0100,pursuit_chase_v1,UNKNOWN,15934.911096,28802.891150,3597.108850,3912.786323,30373.211483,18038.801224,509.872634,29547.744896,241.880954,6053.397088,-12.325380,0.023817,False,False,False,False,True,True,True,1-circle,1.000000,4866.251046,23716.606051,0.798014,-0.268692,100.000000,100.000000,0.000000,0.000000,2,4,4,0.0000,0.0000,0.0000,0.5000,"PursuitChaseOptimal",0.058055
3417,B0100,aggressive,UNKNOWN,15934.911096,28802.891150,3597.108850,3912.786323,30373.211483,18038.801224,509.872634,29547.744896,241.880954,6053.397088,-12.325380,0.023817,False,False,False,False,True,True,True,1-circle,1.000000,4866.251046,23716.606051,0.798014,-0.268692,100.000000,100.000000,0.000000,0.000000,2,4,4,0.0000,0.0000,0.0000,0.5000,"Accelerate",-0.059259
3418,A0100,pursuit_chase_v1,UNKNOWN,15938.355862,28823.578163,3576.421837,3903.917532,30403.139705,18039.505139,509.941561,29551.560691,76.315895,6053.764031,-13.883013,0.036755,False,False,False,False,True,True,True,1-circle,1.000000,4869.700772,23387.829401,-1.231581,-0.019946,100.000000,100.000000,0.000000,0.000000,2,4,4,0.0000,0.0000,0.0000,0.5000,"PursuitChaseOptimal",0.044235
3418,B0100,aggressive,UNKNOWN,15938.355862,28823.578163,3576.421837,3903.917532,30403.139705,18039.505139,509.941561,29551.560691,76.315895,6053.764031,-13.883013,0.036755,False,False,False,False,True,True,True,1-circle,1.000000,4869.700772,23387.829401,-1.231581,-0.019946,100.000000,100.000000,0.000000,0.000000,2,4,4,0.0000,0.0000,0.0000,0.5000,"Accelerate",-0.045894
3419,A0100,pursuit_chase_v1,UNKNOWN,15938.355862,28823.578163,3576.421837,3903.917532,30403.139705,18039.505139,509.941561,29551.560691,76.315895,6053.764031,-13.883013,0.036755,False,False,False,False,True,True,True,1-circle,1.000000,4869.700772,23387.829401,-1.231581,-0.019946,100.000000,100.000000,0.000000,0.000000,2,4,4,0.0000,0.0000,0.0000,0.5000,"PursuitChaseOptimal",0.023723
3419,B0100,aggressive,UNKNOWN,15938.355862,28823.578163,3576.421837,3903.917532,30403.139705,18039.505139,509.941561,29551.560691,76.315895,6053.764031,-13.883013,0.036755,False,False,False,False,True,True,True,1-circle,1.000000,4869.700772,23387.829401,-1.231581,-0.019946,100.000000,100.000000,0.000000,0.000000,2,4,4,0.0000,0.0000,0.0000,0.5000,"Accelerate",-0.026126
3420,A0100,pursuit_chase_v1,UNKNOWN,15941.914305,28832.444529,3567.555471,3907.212928,30425.841158,18040.233322,510.153247,29561.848585,205.757880,6079.141885,-15.468771,0.006757,False,False,False,False,True,True,True,1-circle,1.000000,4872.567762,23686.490156,0.226551,0.106620,100.000000,100.000000,0.000000,0.000000,2,4,4,0.0000,0.0000,0.0000,0.5000,"PursuitChaseOptimal",0.011017
3420,B0100,aggressive,UNKNOWN,15941.914305,28832.444529,3567.555471,3907.212928,30425.841158,18040.233322,510.153247,29561.848585,205.757880,6079.141885,-15.468771,0.006757,False,False,False,False,True,True,True,1-circle,1.000000,4872.567762,23686.490156,0.226551,0.106620,100.000000,100.000000,0.000000,0.000000,2,4,4,0.0000,0.0000,0.0000,0.5000,"Accelerate",-0.013606
3421,A0100,pursuit_chase_v1,UNKNOWN,15941.914305,28832.444529,3567.555471,3907.212928,30425.841158,18040.233322,510.153247,29561.848585,205.757880,6079.141885,-15.468771,0.006757,False,False,False,False,True,True,True,1-circle,1.000000,4872.567762,23686.490156,0.226551,0.106620,100.000000,100.000000,0.000000,0.000000,2,4,4,0.0000,0.0000,0.0000,0.5000,"PursuitChaseOptimal",0.000922
3421,B0100,aggressive,UNKNOWN,15941.914305,28832.444529,3567.555471,3907.212928,30425.841158,18040.233322,510.153247,29561.848585,205.757880,6079.141885,-15.468771,0.006757,False,False,False,False,True,True,True,1-circle,1.000000,4872.567762,23686.490156,0.226551,0.106620,100.000000,100.000000,0.000000,0.000000,2,4,4,0.0000,0.0000,0.0000,0.5000,"Accelerate",-0.003703
3422,A0100,pursuit_chase_v1,UNKNOWN,15945.609406,28856.254867,3543.745133,3904.207611,30456.676291,18040.990999,510.196982,29564.581798,54.664252,6082.530229,-16.681462,0.053264,False,False,False,False,True,True,True,1-circle,1.000000,4875.075270,23360.432359,-1.785313,0.030018,100.000000,100.000000,0.000000,0.000000,2,4,4,0.0000,0.0000,0.0000,0.5000,"PursuitChaseOptimal",0.003337
3422,B0100,aggressive,UNKNOWN,15945.609406,28856.254867,3543.745133,3904.207611,30456.676291,18040.990999,510.196982,29564.581798,54.664252,6082.530229,-16.681462,0.053264,False,False,False,False,True,True,True,1-circle,1.000000,4875.075270,23360.432359,-1.785313,0.030018,100.000000,100.000000,0.000000,0.000000,2,4,4,0.0000,0.0000,0.0000,0.5000,"Accelerate",-0.006381
3423,A0100,pursuit_chase_v1,UNKNOWN,15945.609406,28856.254867,3543.745133,3904.207611,30456.676291,18040.990999,510.196982,29564.581798,54.664252,6082.530229,-16.681462,0.053264,False,False,False,False,True,True,True,1-circle,1.000000,4875.075270,23360.432359,-1.785313,0.030018,100.000000,100.000000,0.000000,0.000000,2,4,4,0.0000,0.0000,0.0000,0.5000,"PursuitChaseOptimal",0.008548
3423,B0100,aggressive,UNKNOWN,15945.609406,28856.254867,3543.745133,3904.207611,30456.676291,18040.990999,510.196982,29564.581798,54.664252,6082.530229,-16.681462,0.053264,False,False,False,False,True,True,True,1-circle,1.000000,4875.075270,23360.432359,-1.785313,0.030018,100.000000,100.000000,0.000000,0.000000,2,4,4,0.0000,0.0000,0.0000,0.5000,"Accelerate",-0.011533
3424,A0100,pursuit_chase_v1,UNKNOWN,15949.410682,28864.784273,3535.215727,3907.178674,30479.724186,18041.783946,510.412420,29575.108800,210.540047,6088.594970,-17.567422,0.009746,False,False,False,False,True,True,True,1-circle,1.000000,4877.335564,23659.037280,-0.326902,0.104324,100.000000,100.000000,0.000000,0.000000,2,4,4,0.0000,0.0000,0.0000,0.5000,"PursuitChaseOptimal",0.003048
3424,B0100,aggressive,UNKNOWN,15949.410682,28864.784273,3535.215727,3907.178674,30479.724186,18041.783946,510.412420,29575.108800,210.540047,6088.594970,-17.567422,0.009746,False,False,False,False,True,True,True,1-circle,1.000000,4877.335564,23659.037280,-0.326902,0.104324,100.000000,100.000000,0.000000,0.000000,2,4,4,0.0000,0.0000,0.0000,0.5000,"Accelerate",-0.005981
3425,A0100,pursuit_chase_v1,UNKNOWN,15949.410682,28864.784273,3535.215727,3907.178674,30479.724186,18041.783946,510.412420,29575.108800,210.540047,6088.594970,-17.567422,0.009746,False,False,False,False,True,True,True,1-circle,1.000000,4877.335564,23659.037280,-0.326902,0.104324,100.000000,100.000000,0.000000,0.000000,2,4,4,0.0000,0.0000,0.0000,0.5000,"PursuitChaseOptimal",-0.011649
3425,B0100,aggressive,UNKNOWN,15949.410682,28864.784273,3535.215727,3907.178674,30479.724186,18041.783946,510.412420,29575.108800,210.540047,6088.594970,-17.567422,0.009746,False,False,False,False,True,True,True,1-circle,1.000000,4877.335564,23659.037280,-0.326902,0.104324,100.000000,100.000000,0.000000,0.000000,2,4,4,0.0000,0.0000,0.0000,0.5000,"Accelerate",0.008207
3426,A0100,pursuit_chase_v1,UNKNOWN,15953.289037,28886.749225,3513.250775,3902.976848,30511.194918,18042.590887,510.463637,29578.230505,62.434092,6077.902938,-18.357982,0.067057,False,False,False,False,True,True,True,1-circle,1.000000,4879.373907,23349.307289,-2.248354,-0.030763,100.000000,100.000000,0.000000,0.000000,2,4,4,0.0000,0.0000,0.0000,0.5000,"PursuitChaseOptimal",-0.023316
3426,B0100,aggressive,UNKNOWN,15953.289037,28886.749225,3513.250775,3902.976848,30511.194918,18042.590887,510.463637,29578.230505,62.434092,6077.902938,-18.357982,0.067057,False,False,False,False,True,True,True,1-circle,1.000000,4879.373907,23349.307289,-2.248354,-0.030763,100.000000,100.000000,0.000000,0.000000,2,4,4,0.0000,0.0000,0.0000,0.5000,"Accelerate",0.019103
3427,A0100,pursuit_chase_v1,UNKNOWN,15953.289037,28886.749225,3513.250775,3902.976848,30511.194918,18042.590887,510.463637,29578.230505,62.434092,6077.902938,-18.357982,0.067057,False,False,False,False,True,True,True,1-circle,1.000000,4879.373907,23349.307289,-2.248354,-0.030763,100.000000,100.000000,0.000000,0.000000,2,4,4,0.0000,0.0000,0.0000,0.5000,"PursuitChaseOptimal",-0.026734
3427,B0100,aggressive,UNKNOWN,15953.289037,28886.749225,3513.250775,3902.976848,30511.194918,18042.590887,510.463637,29578.230505,62.434092,6077.902938,-18.357982,0.067057,False,False,False,False,True,True,True,1-circle,1.000000,4879.373907,23349.307289,-2.248354,-0.030763,100.000000,100.000000,0.000000,0.000000,2,4,4,0.0000,0.0000,0.0000,0.5000,"Accelerate",0.022036
3428,A0100,pursuit_chase_v1,UNKNOWN,15957.276016,28890.536304,3509.463696,3908.306529,30535.991904,18043.393030,510.715184,29590.404519,243.480290,6090.968865,-18.939264,0.016974,False,False,False,False,True,True,True,1-circle,1.000000,4881.363794,23687.822364,-0.569654,-0.044295,100.000000,100.000000,0.000000,0.000000,2,4,4,0.0000,0.0000,0.0000,0.5000,"PursuitChaseOptimal",-0.011659
3428,B0100,aggressive,UNKNOWN,15957.276016,28890.536304,3509.463696,3908.306529,30535.991904,18043.393030,510.715184,29590.404519,243.480290,6090.968865,-18.939264,0.016974,False,False,False,False,True,True,True,1-circle,1.000000,4881.363794,23687.822364,-0.569654,-0.044295,100.000000,100.000000,0.000000,0.000000,2,4,4,0.0000,0.0000,0.0000,0.5000,"Accelerate",0.007786
3429,A0100,pursuit_chase_v1,UNKNOWN,15957.276016,28890.536304,3509.463696,3908.306529,30535.991904,18043.393030,510.715184,29590.404519,243.480290,6090.968865,-18.939264,0.016974,False,False,False,False,True,True,True,1-circle,1.000000,4881.363794,23687.822364,-0.569654,-0.044295,100.000000,100.000000,0.000000,0.000000,2,4,4,0.0000,0.0000,0.0000,0.5000,"PursuitChaseOptimal",-0.002936
3429,B0100,aggressive,UNKNOWN,15957.276016,28890.536304,3509.463696,3908.306529,30535.991904,18043.393030,510.715184,29590.404519,243.480290,6090.968865,-18.939264,0.016974,False,False,False,False,True,True,True,1-circle,1.000000,4881.363794,23687.822364,-0.569654,-0.044295,100.000000,100.000000,0.000000,0.000000,2,4,4,0.0000,0.0000,0.0000,0.5000,"Accelerate",-0.000283
3430,A0100,pursuit_chase_v1,UNKNOWN,15961.376984,28905.517203,3494.482797,3906.616163,30564.025754,18044.114024,510.804428,29595.161408,95.137783,6082.845412,-19.576312,0.004633,False,False,False,False,True,True,True,1-circle,1.000000,4883.391823,23855.029840,0.155514,-0.111279,100.000000,100.000000,0.000000,0.000000,2,4,4,0.0000,0.0000,0.0000,0.5000,"PursuitChaseOptimal",-0.002407
3430,B0100,aggressive,UNKNOWN,15961.376984,28905.517203,3494.482797,3906.616163,30564.025754,18044.114024,510.804428,29595.161408,95.137783,6082.845412,-19.576312,0.004633,False,False,False,False,True,True,True,1-circle,1.000000,4883.391823,23855.029840,0.155514,-0.111279,100.000000,100.000000,0.000000,0.000000,2,4,4,0.0000,0.0000,0.0000,0.5000,"Accelerate",-0.000672
3431,A0100,pursuit_chase_v1,UNKNOWN,15961.376984,28905.517203,3494.482797,3906.616163,30564.025754,18044.114024,510.804428,29595.161408,95.137783,6082.845412,-19.576312,0.004633,False,False,False,False,True,True,True,1-circle,1.000000,4883.391823,23855.029840,0.155514,-0.111279,100.000000,100.000000,0.000000,0.000000,2,4,4,0.0000,0.0000,0.0000,0.5000,"PursuitChaseOptimal",-0.021028
3431,B0100,aggressive,UNKNOWN,15961.376984,28905.517203,3494.482797,3906.616163,30564.025754,18044.114024,510.804428,29595.161408,95.137783,6082.845412,-19.576312,0.004633,False,False,False,False,True,True,True,1-circle,1.000000,4883.391823,23855.029840,0.155514,-0.111279,100.000000,100.000000,0.000000,0.000000,2,4,4,0.0000,0.0000,0.0000,0.5000,"Accelerate",0.017100
3432,A0100,pursuit_chase_v1,UNKNOWN,15965.538667,28922.838763,3477.161237,3907.524601,30590.199461,18044.909278,510.952121,29602.637290,149.517626,6078.730696,-20.293501,0.028688,False,False,False,False,True,True,True,1-circle,1.000000,4885.207221,23690.386779,-0.963152,0.199112,100.000000,100.000000,0.000000,0.000000,2,5,4,0.0000,0.0000,0.0000,0.5000,"PursuitChaseOptimal",-0.024327
3432,B0100,aggressive,UNKNOWN,15965.538667,28922.838763,3477.161237,3907.524601,30590.199461,18044.909278,510.952121,29602.637290,149.517626,6078.730696,-20.293501,0.028688,False,False,False,False,True,True,True,1-circle,1.000000,4885.207221,23690.386779,-0.963152,0.199112,100.000000,100.000000,0.000000,0.000000,2,4,4,0.0000,0.0000,0.0000,0.5000,"Accelerate",0.020137
3433,A0100,pursuit_chase_v1,UNKNOWN,15965.538667,28922.838763,3477.161237,3907.524601,30590.199461,18044.909278,510.952121,29602.637290,149.517626,6078.730696,-20.293501,0.028688,False,False,False,False,True,True,True,1-circle,1.000000,4885.207221,23690.386779,-0.963152,0.199112,100.000000,100.000000,0.000000,0.000000,2,5,4,0.0000,0.0000,0.0000,0.5000,"PursuitChaseOptimal",-0.006747
3433,B0100,aggressive,UNKNOWN,15965.538667,28922.838763,3477.161237,3907.524601,30590.199461,18044.909278,510.952121,29602.637290,149.517626,6078.730696,-20.293501,0.028688,False,False,False,False,True,True,True,1-circle,1.000000,4885.207221,23690.386779,-0.963152,0.199112,100.000000,100.000000,0.000000,0.000000,2,4,4,0.0000,0.0000,0.0000,0.5000,"Accelerate",0.003324
3434,A0100,pursuit_chase_v1,UNKNOWN,15969.800015,28938.366950,3461.633050,3909.148782,30618.027914,18045.701492,511.086225,29609.497167,137.197551,6072.672555,-20.943165,0.009170,False,False,False,False,True,True,True,1-circle,1.000000,4886.982739,23845.317471,-0.307969,0.026591,100.000000,100.000000,0.000000,0.000000,2,5,4,0.0000,0.0000,0.0000,0.5000,"PursuitChaseOptimal",0.001971
3434,B0100,aggressive,UNKNOWN,15969.800015,28938.366950,3461.633050,3909.148782,30618.027914,18045.701492,511.086225,29609.497167,137.197551,6072.672555,-20.943165,0.009170,False,False,False,False,True,True,True,1-circle,1.000000,4886.982739,23845.317471,-0.307969,0.026591,100.000000,100.000000,0.000000,0.000000,2,4,4,0.0000,0.0000,0.0000,0.5000,"Accelerate",-0.005004
3435,A0100,pursuit_chase_v1,UNKNOWN,15969.800015,28938.366950,3461.633050,3909.148782,30618.027914,18045.701492,511.086225,29609.497167,137.197551,6072.672555,-20.943165,0.009170,False,False,False,False,True,True,True,1-circle,1.000000,4886.982739,23845.317471,-0.307969,0.026591,100.000000,100.000000,0.000000,0.000000,2,5,4,0.0000,0.0000,0.0000,0.5000,"PursuitChaseOptimal",0.011756
3435,B0100,aggressive,UNKNOWN,15969.800015,28938.366950,3461.633050,3909.148782,30618.027914,18045.701492,511.086225,29609.497167,137.197551,6072.672555,-20.943165,0.009170,False,False,False,False,True,True,True,1-circle,1.000000,4886.982739,23845.317471,-0.307969,0.026591,100.000000,100.000000,0.000000,0.000000,2,4,4,0.0000,0.0000,0.0000,0.5000,"Accelerate",-0.014887
3436,A0100,pursuit_chase_v1,UNKNOWN,15974.107064,28952.864051,3447.135949,3908.285998,30644.517595,18046.562674,511.189940,29615.052113,111.098917,6049.788260,-21.521421,0.042972,False,False,False,False,True,True,True,1-circle,1.000000,4888.529079,23678.010887,-1.443185,0.051084,100.000000,100.000000,0.000000,0.000000,2,5,4,0.0000,0.0000,0.0000,0.5000,"PursuitChaseOptimal",0.021413
3436,B0100,aggressive,UNKNOWN,15974.107064,28952.864051,3447.135949,3908.285998,30644.517595,18046.562674,511.189940,29615.052113,111.098917,6049.788260,-21.521421,0.042972,False,False,False,False,True,True,True,1-circle,1.000000,4888.529079,23678.010887,-1.443185,0.051084,100.000000,100.000000,0.000000,0.000000,2,4,4,0.0000,0.0000,0.0000,0.5000,"Accelerate",-0.024283
3437,A0100,pursuit_chase_v1,UNKNOWN,15974.107064,28952.864051,3447.135949,3908.285998,30644.517595,18046.562674,511.189940,29615.052113,111.098917,6049.788260,-21.521421,0.042972,False,False,False,False,True,True,True,1-circle,1.000000,4888.529079,23678.010887,-1.443185,0.051084,100.000000,100.000000,0.000000,0.000000,2,5,4,0.0000,0.0000,0.0000,0.5000,"PursuitChaseOptimal",0.024803
3437,B0100,aggressive,UNKNOWN,15974.107064,28952.864051,3447.135949,3908.285998,30644.517595,18046.562674,511.189940,29615.052113,111.098917,6049.788260,-21.521421,0.042972,False,False,False,False,True,True,True,1-circle,1.000000,4888.529079,23678.010887,-1.443185,0.051084,100.000000,100.000000,0.000000,0.000000,2,4,4,0.0000,0.0000,0.0000,0.5000,"Accelerate",-0.027233
3438,A0100,pursuit_chase_v1,UNKNOWN,15978.435727,28964.293679,3435.706321,3908.348011,30671.447129,18047.372943,511.323310,29621.899662,136.950988,6021.435009,-22.211649,0.023009,False,False,False,False,True,True,True,1-circle,1.000000,4889.801573,23835.721858,-0.773043,-0.147302,100.000000,100.000000,0.000000,0.000000,2,5,4,0.0000,0.0000,0.0000,0.5000,"PursuitChaseOptimal",0.017466
3438,B0100,aggressive,UNKNOWN,15978.435727,28964.293679,3435.706321,3908.348011,30671.447129,18047.372943,511.323310,29621.899662,136.950988,6021.435009,-22.211649,0.023009,False,False,False,False,True,True,True,1-circle,1.000000,4889.801573,23835.721858,-0.773043,-0.147302,100.000000,100.000000,0.000000,0.000000,2,4,4,0.0000,0.0000,0.0000,0.5000,"Accelerate",-0.019984
3439,A0100,pursuit_chase_v1,UNKNOWN,15978.435727,28964.293679,3435.706321,3908.348011,30671.447129,18047.372943,511.323310,29621.899662,136.950988,6021.435009,-22.211649,0.023009,False,False,False,False,True,True,True,1-circle,1.000000,4889.801573,23835.721858,-0.773043,-0.147302,100.000000,100.000000,0.000000,0.000000,2,5,4,0.0000,0.0000,0.0000,0.5000,"PursuitChaseOptimal",0.011176
3439,B0100,aggressive,UNKNOWN,15978.435727,28964.293679,3435.706321,3908.348011,30671.447129,18047.372943,511.323310,29621.899662,136.950988,6021.435009,-22.211649,0.023009,False,False,False,False,True,True,True,1-circle,1.000000,4889.801573,23835.721858,-0.773043,-0.147302,100.000000,100.000000,0.000000,0.000000,2,4,4,0.0000,0.0000,0.0000,0.5000,"Accelerate",-0.014163
3440,A0100,pursuit_chase_v1,UNKNOWN,15982.764175,28978.910818,3421.089182,3906.337813,30699.600956,18048.221830,511.415527,29626.923855,100.483855,5992.415753,-22.825585,0.055702,False,False,False,False,True,True,True,1-circle,1.000000,4890.672361,23675.017088,-1.871229,0.026274,100.000000,100.000000,0.000000,0.000000,2,5,4,0.0000,0.0000,0.0000,0.5000,"PursuitChaseOptimal",0.005869
3440,B0100,aggressive,UNKNOWN,15982.764175,28978.910818,3421.089182,3906.337813,30699.600956,18048.221830,511.415527,29626.923855,100.483855,5992.415753,-22.825585,0.055702,False,False,False,False,True,True,True,1-circle,1.000000,4890.672361,23675.017088,-1.871229,0.026274,100.000000,100.000000,0.000000,0.000000,2,4,4,0.0000,0.0000,0.0000,0.5000,"Accelerate",-0.009409
3441,A0100,pursuit_chase_v1,UNKNOWN,15982.764175,28978.910818,3421.089182,3906.337813,30699.600956,18048.221830,511.415527,29626.923855,100.483855,5992.415753,-22.825585,0.055702,False,False,False,False,True,True,True,1-circle,1.000000,4890.672361,23675.017088,-1.871229,0.026274,100.000000,100.000000,0.000000,0.000000,2,5,4,0.0000,0.0000,0.0000,0.5000,"PursuitChaseOptimal",-0.003095
3441,B0100,aggressive,UNKNOWN,15982.764175,28978.910818,3421.089182,3906.337813,30699.600956,18048.221830,511.415527,29626.923855,100.483855,5992.415753,-22.825585,0.055702,False,False,False,False,True,True,True,1-circle,1.000000,4890.672361,23675.017088,-1.871229,0.026274,100.000000,100.000000,0.000000,0.000000,2,4,4,0.0000,0.0000,0.0000,0.5000,"Accelerate",-0.000417
3442,A0100,pursuit_chase_v1,UNKNOWN,15987.118227,28983.378624,3416.621376,3899.071468,30725.245852,18048.986827,511.635213,29637.638553,214.293955,5975.001148,-23.065125,0.023737,False,False,False,False,True,True,True,1-circle,1.000000,4891.387066,24192.578770,0.797967,-0.113237,100.000000,100.000000,0.000000,0.000000,2,5,4,0.0000,0.0000,0.0000,0.5000,"PursuitChaseOptimal",-0.012048
3442,B0100,aggressive,UNKNOWN,15987.118227,28983.378624,3416.621376,3899.071468,30725.245852,18048.986827,511.635213,29637.638553,214.293955,5975.001148,-23.065125,0.023737,False,False,False,False,True,True,True,1-circle,1.000000,4891.387066,24192.578770,0.797967,-0.113237,100.000000,100.000000,0.000000,0.000000,2,4,4,0.0000,0.0000,0.0000,0.5000,"Accelerate",0.008606
3443,A0100,pursuit_chase_v1,UNKNOWN,15987.118227,28983.378624,3416.621376,3899.071468,30725.245852,18048.986827,511.635213,29637.638553,214.293955,5975.001148,-23.065125,0.023737,False,False,False,False,True,True,True,1-circle,1.000000,4891.387066,24192.578770,0.797967,-0.113237,100.000000,100.000000,0.000000,0.000000,2,5,4,0.0000,0.0000,0.0000,0.5000,"PursuitChaseOptimal",-0.013474
3443,B0100,aggressive,UNKNOWN,15987.118227,28983.378624,3416.621376,3899.071468,30725.245852,18048.986827,511.635213,29637.638553,214.293955,5975.001148,-23.065125,0.023737,False,False,False,False,True,True,True,1-circle,1.000000,4891.387066,24192.578770,0.797967,-0.113237,100.000000,100.000000,0.000000,0.000000,2,4,4,0.0000,0.0000,0.0000,0.5000,"Accelerate",0.010091
3444,A0100,pursuit_chase_v1,UNKNOWN,15991.475779,29006.459873,3393.540127,3856.602785,30755.597706,18049.769152,511.669932,29639.993737,47.103675,5959.950800,-22.806972,0.034969,False,False,False,False,True,True,True,1-circle,1.000000,4892.095936,23874.555170,-1.175538,0.068158,100.000000,100.000000,0.000000,0.000000,2,5,4,0.0000,0.0000,0.0000,0.5000,"PursuitChaseOptimal",-0.025143
3444,B0100,aggressive,UNKNOWN,15991.475779,29006.459873,3393.540127,3856.602785,30755.597706,18049.769152,511.669932,29639.993737,47.103675,5959.950800,-22.806972,0.034969,False,False,False,False,True,True,True,1-circle,1.000000,4892.095936,23874.555170,-1.175538,0.068158,100.000000,100.000000,0.000000,0.000000,2,4,4,0.0000,0.0000,0.0000,0.5000,"Accelerate",0.021112
3445,A0100,pursuit_chase_v1,UNKNOWN,15991.475779,29006.459873,3393.540127,3856.602785,30755.597706,18049.769152,511.669932,29639.993737,47.103675,5959.950800,-22.806972,0.034969,False,False,False,False,True,True,True,1-circle,1.000000,4892.095936,23874.555170,-1.175538,0.068158,100.000000,100.000000,0.000000,0.000000,2,5,4,0.0000,0.0000,0.0000,0.5000,"PursuitChaseOptimal",-0.024488
3445,B0100,aggressive,UNKNOWN,15991.475779,29006.459873,3393.540127,3856.602785,30755.597706,18049.769152,511.669932,29639.993737,47.103675,5959.950800,-22.806972,0.034969,False,False,False,False,True,True,True,1-circle,1.000000,4892.095936,23874.555170,-1.175538,0.068158,100.000000,100.000000,0.000000,0.000000,2,4,4,0.0000,0.0000,0.0000,0.5000,"Accelerate",0.020332
3446,A0100,pursuit_chase_v1,UNKNOWN,15995.793156,29015.959288,3384.040712,3780.522548,30778.179388,18050.599777,511.857830,29649.338352,186.892316,5964.638515,-21.471975,0.010698,False,False,False,False,True,True,True,1-circle,1.000000,4893.136820,24188.224850,0.359812,0.182574,100.000000,100.000000,0.000000,0.000000,2,5,4,0.0000,0.0000,0.0000,0.5000,"PursuitChaseOptimal",-0.021226
3446,B0100,aggressive,UNKNOWN,15995.793156,29015.959288,3384.040712,3780.522548,30778.179388,18050.599777,511.857830,29649.338352,186.892316,5964.638515,-21.471975,0.010698,False,False,False,False,True,True,True,1-circle,1.000000,4893.136820,24188.224850,0.359812,0.182574,100.000000,100.000000,0.000000,0.000000,2,4,4,0.0000,0.0000,0.0000,0.5000,"Accelerate",0.017433
3447,A0100,pursuit_chase_v1,UNKNOWN,15995.793156,29015.959288,3384.040712,3780.522548,30778.179388,18050.599777,511.857830,29649.338352,186.892316,5964.638515,-21.471975,0.010698,False,False,False,False,True,True,True,1-circle,1.000000,4893.136820,24188.224850,0.359812,0.182574,100.000000,100.000000,0.000000,0.000000,2,5,4,0.0000,0.0000,0.0000,0.5000,"PursuitChaseOptimal",-0.019178
3447,B0100,aggressive,UNKNOWN,15995.793156,29015.959288,3384.040712,3780.522548,30778.179388,18050.599777,511.857830,29649.338352,186.892316,5964.638515,-21.471975,0.010698,False,False,False,False,True,True,True,1-circle,1.000000,4893.136820,24188.224850,0.359812,0.182574,100.000000,100.000000,0.000000,0.000000,2,4,4,0.0000,0.0000,0.0000,0.5000,"Accelerate",0.015562
3448,A0100,pursuit_chase_v1,UNKNOWN,16000.036245,29037.371811,3362.628189,3667.402393,30808.230213,18051.465721,511.890698,29651.693960,47.112145,5977.702522,-19.989847,0.047760,False,False,False,False,True,True,True,1-circle,1.000000,4894.787130,23871.685618,-1.606027,0.024237,100.000000,100.000000,0.000000,0.000000,2,4,4,0.0000,0.0000,0.0000,0.5000,"PursuitChaseOptimal",-0.013748
3448,B0100,aggressive,UNKNOWN,16000.036245,29037.371811,3362.628189,3667.402393,30808.230213,18051.465721,511.890698,29651.693960,47.112145,5977.702522,-19.989847,0.047760,False,False,False,False,True,True,True,1-circle,1.000000,4894.787130,23871.685618,-1.606027,0.024237,100.000000,100.000000,0.000000,0.000000,2,4,4,0.0000,0.0000,0.0000,0.5000,"Accelerate",0.009842
3449,A0100,pursuit_chase_v1,UNKNOWN,16000.036245,29037.371811,3362.628189,3667.402393,30808.230213,18051.465721,511.890698,29651.693960,47.112145,5977.702522,-19.989847,0.047760,False,False,False,False,True,True,True,1-circle,1.000000,4894.787130,23871.685618,-1.606027,0.024237,100.000000,100.000000,0.000000,0.000000,2,4,4,0.0000,0.0000,0.0000,0.5000,"PursuitChaseOptimal",-0.019357
3449,B0100,aggressive,UNKNOWN,16000.036245,29037.371811,3362.628189,3667.402393,30808.230213,18051.465721,511.890698,29651.693960,47.112145,5977.702522,-19.989847,0.047760,False,False,False,False,True,True,True,1-circle,1.000000,4894.787130,23871.685618,-1.606027,0.024237,100.000000,100.000000,0.000000,0.000000,2,4,4,0.0000,0.0000,0.0000,0.5000,"Accelerate",0.015176
3450,A0100,pursuit_chase_v1,UNKNOWN,16004.214970,29040.844036,3359.155964,3551.280030,30829.485504,18052.345315,512.087939,29661.514822,196.417237,6010.992721,-18.376603,0.002340,False,False,False,False,True,True,True,1-circle,1.000000,4897.122308,24183.759842,-0.078741,-0.018138,100.000000,100.000000,0.000000,0.000000,2,4,4,0.0000,0.0000,0.0000,0.5000,"PursuitChaseOptimal",-0.022435
3450,B0100,aggressive,UNKNOWN,16004.214970,29040.844036,3359.155964,3551.280030,30829.485504,18052.345315,512.087939,29661.514822,196.417237,6010.992721,-18.376603,0.002340,False,False,False,False,True,True,True,1-circle,1.000000,4897.122308,24183.759842,-0.078741,-0.018138,100.000000,100.000000,0.000000,0.000000,2,4,4,0.0000,0.0000,0.0000,0.5000,"Accelerate",0.018437
3451,A0100,pursuit_chase_v1,UNKNOWN,16004.214970,29040.844036,3359.155964,3551.280030,30829.485504,18052.345315,512.087939,29661.514822,196.417237,6010.992721,-18.376603,0.002340,False,False,False,False,True,True,True,1-circle,1.000000,4897.122308,24183.759842,-0.078741,-0.018138,100.000000,100.000000,0.000000,0.000000,2,4,4,0.0000,0.0000,0.0000,0.5000,"PursuitChaseOptimal",-0.026687
3451,B0100,aggressive,UNKNOWN,16004.214970,29040.844036,3359.155964,3551.280030,30829.485504,18052.345315,512.087939,29661.514822,196.417237,6010.992721,-18.376603,0.002340,False,False,False,False,True,True,True,1-circle,1.000000,4897.122308,24183.759842,-0.078741,-0.018138,100.000000,100.000000,0.000000,0.000000,2,4,4,0.0000,0.0000,0.0000,0.5000,"Accelerate",0.022680
3452,A0100,pursuit_chase_v1,UNKNOWN,16008.339567,29057.878804,3342.121196,3439.767001,30858.436676,18053.215163,512.095112,29662.709911,23.901795,6030.603783,-17.072169,0.058535,False,False,False,False,True,True,True,1-circle,1.000000,4900.158516,23880.528133,-1.968849,-0.085183,100.000000,100.000000,0.000000,0.000000,2,4,4,0.0000,0.0000,0.0000,0.5000,"PursuitChaseOptimal",-0.025670
3452,B0100,aggressive,UNKNOWN,16008.339567,29057.878804,3342.121196,3439.767001,30858.436676,18053.215163,512.095112,29662.709911,23.901795,6030.603783,-17.072169,0.058535,False,False,False,False,True,True,True,1-circle,1.000000,4900.158516,23880.528133,-1.968849,-0.085183,100.000000,100.000000,0.000000,0.000000,2,4,4,0.0000,0.0000,0.0000,0.5000,"Accelerate",0.021376
3453,A0100,pursuit_chase_v1,UNKNOWN,16008.339567,29057.878804,3342.121196,3439.767001,30858.436676,18053.215163,512.095112,29662.709911,23.901795,6030.603783,-17.072169,0.058535,False,False,False,False,True,True,True,1-circle,1.000000,4900.158516,23880.528133,-1.968849,-0.085183,100.000000,100.000000,0.000000,0.000000,2,4,4,0.0000,0.0000,0.0000,0.5000,"PursuitChaseOptimal",-0.019257
3453,B0100,aggressive,UNKNOWN,16008.339567,29057.878804,3342.121196,3439.767001,30858.436676,18053.215163,512.095112,29662.709911,23.901795,6030.603783,-17.072169,0.058535,False,False,False,False,True,True,True,1-circle,1.000000,4900.158516,23880.528133,-1.968849,-0.085183,100.000000,100.000000,0.000000,0.000000,2,4,4,0.0000,0.0000,0.0000,0.5000,"Accelerate",0.014726
3454,A0100,pursuit_chase_v1,UNKNOWN,16012.457487,29057.989309,3342.010691,3374.980348,30880.007655,18054.081112,512.306775,29673.174865,209.299071,6056.455422,-16.360736,0.006801,False,False,False,False,True,True,True,1-circle,1.000000,4903.755690,24230.585262,-0.228921,0.021980,100.000000,100.000000,0.000000,0.000000,2,4,4,0.0000,0.0000,0.0000,0.5000,"PursuitChaseOptimal",-0.012473
3454,B0100,aggressive,UNKNOWN,16012.457487,29057.989309,3342.010691,3374.980348,30880.007655,18054.081112,512.306775,29673.174865,209.299071,6056.455422,-16.360736,0.006801,False,False,False,False,True,True,True,1-circle,1.000000,4903.755690,24230.585262,-0.228921,0.021980,100.000000,100.000000,0.000000,0.000000,2,4,4,0.0000,0.0000,0.0000,0.5000,"Accelerate",0.008397
3455,A0100,pursuit_chase_v1,UNKNOWN,16012.457487,29057.989309,3342.010691,3374.980348,30880.007655,18054.081112,512.306775,29673.174865,209.299071,6056.455422,-16.360736,0.006801,False,False,False,False,True,True,True,1-circle,1.000000,4903.755690,24230.585262,-0.228921,0.021980,100.000000,100.000000,0.000000,0.000000,2,4,4,0.0000,0.0000,0.0000,0.5000,"PursuitChaseOptimal",-0.000640
3455,B0100,aggressive,UNKNOWN,16012.457487,29057.989309,3342.010691,3374.980348,30880.007655,18054.081112,512.306775,29673.174865,209.299071,6056.455422,-16.360736,0.006801,False,False,False,False,True,True,True,1-circle,1.000000,4903.755690,24230.585262,-0.228921,0.021980,100.000000,100.000000,0.000000,0.000000,2,4,4,0.0000,0.0000,0.0000,0.5000,"Accelerate",-0.002674
3456,A0100,pursuit_chase_v1,UNKNOWN,16016.618015,29069.158873,3330.841127,3340.830838,30904.295748,18054.875416,512.380646,29677.320231,82.907317,6067.426283,-16.503519,0.012917,False,False,False,False,True,True,True,1-circle,1.000000,4907.660031,24386.979419,0.434873,-0.070317,100.000000,100.000000,0.000000,0.000000,2,4,4,0.0000,0.0000,0.0000,0.5000,"PursuitChaseOptimal",-0.001758
3456,B0100,aggressive,UNKNOWN,16016.618015,29069.158873,3330.841127,3340.830838,30904.295748,18054.875416,512.380646,29677.320231,82.907317,6067.426283,-16.503519,0.012917,False,False,False,False,True,True,True,1-circle,1.000000,4907.660031,24386.979419,0.434873,-0.070317,100.000000,100.000000,0.000000,0.000000,2,4,4,0.0000,0.0000,0.0000,0.5000,"Accelerate",-0.001527
3457,A0100,pursuit_chase_v1,UNKNOWN,16016.618015,29069.158873,3330.841127,3340.830838,30904.295748,18054.875416,512.380646,29677.320231,82.907317,6067.426283,-16.503519,0.012917,False,False,False,False,True,True,True,1-circle,1.000000,4907.660031,24386.979419,0.434873,-0.070317,100.000000,100.000000,0.000000,0.000000,2,4,4,0.0000,0.0000,0.0000,0.5000,"PursuitChaseOptimal",-0.004009
3457,B0100,aggressive,UNKNOWN,16016.618015,29069.158873,3330.841127,3340.830838,30904.295748,18054.875416,512.380646,29677.320231,82.907317,6067.426283,-16.503519,0.012917,False,False,False,False,True,True,True,1-circle,1.000000,4907.660031,24386.979419,0.434873,-0.070317,100.000000,100.000000,0.000000,0.000000,2,4,4,0.0000,0.0000,0.0000,0.5000,"Accelerate",0.000372
3458,A0100,pursuit_chase_v1,UNKNOWN,16020.841283,29082.503412,3317.496588,3322.763271,30926.499441,18055.752415,512.505530,29683.863436,130.864118,6090.837533,-17.224723,0.016873,False,False,False,False,True,True,True,1-circle,1.000000,4911.475144,24243.202199,-0.568161,0.234025,100.000000,100.000000,0.000000,0.000000,2,4,4,0.0000,0.0000,0.0000,0.5000,"PursuitChaseOptimal",-0.007927
3458,B0100,aggressive,UNKNOWN,16020.841283,29082.503412,3317.496588,3322.763271,30926.499441,18055.752415,512.505530,29683.863436,130.864118,6090.837533,-17.224723,0.016873,False,False,False,False,True,True,True,1-circle,1.000000,4911.475144,24243.202199,-0.568161,0.234025,100.000000,100.000000,0.000000,0.000000,2,4,4,0.0000,0.0000,0.0000,0.5000,"Accelerate",0.003996
3459,A0100,pursuit_chase_v1,UNKNOWN,16020.841283,29082.503412,3317.496588,3322.763271,30926.499441,18055.752415,512.505530,29683.863436,130.864118,6090.837533,-17.224723,0.016873,False,False,False,False,True,True,True,1-circle,1.000000,4911.475144,24243.202199,-0.568161,0.234025,100.000000,100.000000,0.000000,0.000000,2,4,4,0.0000,0.0000,0.0000,0.5000,"PursuitChaseOptimal",-0.016610
3459,B0100,aggressive,UNKNOWN,16020.841283,29082.503412,3317.496588,3322.763271,30926.499441,18055.752415,512.505530,29683.863436,130.864118,6090.837533,-17.224723,0.016873,False,False,False,False,True,True,True,1-circle,1.000000,4911.475144,24243.202199,-0.568161,0.234025,100.000000,100.000000,0.000000,0.000000,2,4,4,0.0000,0.0000,0.0000,0.5000,"Accelerate",0.012865
3460,A0100,pursuit_chase_v1,UNKNOWN,16025.157402,29094.417129,3305.582871,3302.199893,30950.004651,18056.634489,512.611766,29689.566758,114.066431,6101.905173,-17.547578,0.000395,False,False,False,False,True,True,True,1-circle,1.000000,4915.280242,24384.654601,0.013299,0.088301,100.000000,100.000000,0.000000,0.000000,2,4,4,0.0000,0.0000,0.0000,0.5000,"PursuitChaseOptimal",-0.028803
3460,B0100,aggressive,UNKNOWN,16025.157402,29094.417129,3305.582871,3302.199893,30950.004651,18056.634489,512.611766,29689.566758,114.066431,6101.905173,-17.547578,0.000395,False,False,False,False,True,True,True,1-circle,1.000000,4915.280242,24384.654601,0.013299,0.088301,100.000000,100.000000,0.000000,0.000000,2,4,4,0.0000,0.0000,0.0000,0.5000,"Accelerate",0.024919
3461,A0100,pursuit_chase_v1,UNKNOWN,16025.157402,29094.417129,3305.582871,3302.199893,30950.004651,18056.634489,512.611766,29689.566758,114.066431,6101.905173,-17.547578,0.000395,False,False,False,False,True,True,True,1-circle,1.000000,4915.280242,24384.654601,0.013299,0.088301,100.000000,100.000000,0.000000,0.000000,2,4,4,0.0000,0.0000,0.0000,0.5000,"PursuitChaseOptimal",-0.026908
3461,B0100,aggressive,UNKNOWN,16025.157402,29094.417129,3305.582871,3302.199893,30950.004651,18056.634489,512.611766,29689.566758,114.066431,6101.905173,-17.547578,0.000395,False,False,False,False,True,True,True,1-circle,1.000000,4915.280242,24384.654601,0.013299,0.088301,100.000000,100.000000,0.000000,0.000000,2,4,4,0.0000,0.0000,0.0000,0.5000,"Accelerate",0.022662
3462,A0100,pursuit_chase_v1,UNKNOWN,16029.515794,29107.665622,3292.334378,3283.092869,30972.061455,18057.614216,512.695892,29694.365020,95.965240,6110.975696,-17.652364,0.030679,False,False,False,False,True,True,True,1-circle,1.000000,4919.127078,24233.066101,-1.033358,0.241501,100.000000,100.000000,0.000000,0.000000,2,4,4,0.0000,0.0000,0.0000,0.5000,"PursuitChaseOptimal",-0.019054
3462,B0100,aggressive,UNKNOWN,16029.515794,29107.665622,3292.334378,3283.092869,30972.061455,18057.614216,512.695892,29694.365020,95.965240,6110.975696,-17.652364,0.030679,False,False,False,False,True,True,True,1-circle,1.000000,4919.127078,24233.066101,-1.033358,0.241501,100.000000,100.000000,0.000000,0.000000,2,4,4,0.0000,0.0000,0.0000,0.5000,"Accelerate",0.014815
3463,A0100,pursuit_chase_v1,UNKNOWN,16029.515794,29107.665622,3292.334378,3283.092869,30972.061455,18057.614216,512.695892,29694.365020,95.965240,6110.975696,-17.652364,0.030679,False,False,False,False,True,True,True,1-circle,1.000000,4919.127078,24233.066101,-1.033358,0.241501,100.000000,100.000000,0.000000,0.000000,2,4,4,0.0000,0.0000,0.0000,0.5000,"PursuitChaseOptimal",-0.007632
3463,B0100,aggressive,UNKNOWN,16029.515794,29107.665622,3292.334378,3283.092869,30972.061455,18057.614216,512.695892,29694.365020,95.965240,6110.975696,-17.652364,0.030679,False,False,False,False,True,True,True,1-circle,1.000000,4919.127078,24233.066101,-1.033358,0.241501,100.000000,100.000000,0.000000,0.000000,2,4,4,0.0000,0.0000,0.0000,0.5000,"Accelerate",0.003856
3464,A0100,pursuit_chase_v1,UNKNOWN,16033.967174,29117.517894,3282.482106,3270.491184,30995.568445,18058.585957,512.805714,29700.322583,119.151258,6131.313602,-18.224826,0.011627,False,False,False,False,True,True,True,1-circle,1.000000,4923.106345,24385.539527,-0.391740,0.068199,100.000000,100.000000,0.000000,0.000000,2,4,4,0.0000,0.0000,0.0000,0.5000,"PursuitChaseOptimal",0.009640
3464,B0100,aggressive,UNKNOWN,16033.967174,29117.517894,3282.482106,3270.491184,30995.568445,18058.585957,512.805714,29700.322583,119.151258,6131.313602,-18.224826,0.011627,False,False,False,False,True,True,True,1-circle,1.000000,4923.106345,24385.539527,-0.391740,0.068199,100.000000,100.000000,0.000000,0.000000,2,4,4,0.0000,0.0000,0.0000,0.5000,"Accelerate",-0.012978
3465,A0100,pursuit_chase_v1,UNKNOWN,16033.967174,29117.517894,3282.482106,3270.491184,30995.568445,18058.585957,512.805714,29700.322583,119.151258,6131.313602,-18.224826,0.011627,False,False,False,False,True,True,True,1-circle,1.000000,4923.106345,24385.539527,-0.391740,0.068199,100.000000,100.000000,0.000000,0.000000,2,4,4,0.0000,0.0000,0.0000,0.5000,"PursuitChaseOptimal",0.027368
3465,B0100,aggressive,UNKNOWN,16033.967174,29117.517894,3282.482106,3270.491184,30995.568445,18058.585957,512.805714,29700.322583,119.151258,6131.313602,-18.224826,0.011627,False,False,False,False,True,True,True,1-circle,1.000000,4923.106345,24385.539527,-0.391740,0.068199,100.000000,100.000000,0.000000,0.000000,2,4,4,0.0000,0.0000,0.0000,0.5000,"Accelerate",-0.030795
3466,A0100,pursuit_chase_v1,UNKNOWN,16038.507492,29127.058839,3272.941161,3270.193953,31017.619363,18059.624945,512.881025,29704.781249,89.173325,6145.018125,-19.329540,0.045957,False,False,False,False,True,True,True,1-circle,1.000000,4926.876452,24214.237104,-1.548331,0.130743,100.000000,100.000000,0.000000,0.000000,2,4,4,0.0000,0.0000,0.0000,0.5000,"PursuitChaseOptimal",0.038866
3466,B0100,aggressive,UNKNOWN,16038.507492,29127.058839,3272.941161,3270.193953,31017.619363,18059.624945,512.881025,29704.781249,89.173325,6145.018125,-19.329540,0.045957,False,False,False,False,True,True,True,1-circle,1.000000,4926.876452,24214.237104,-1.548331,0.130743,100.000000,100.000000,0.000000,0.000000,2,4,4,0.0000,0.0000,0.0000,0.5000,"Accelerate",-0.042068
3467,A0100,pursuit_chase_v1,UNKNOWN,16038.507492,29127.058839,3272.941161,3270.193953,31017.619363,18059.624945,512.881025,29704.781249,89.173325,6145.018125,-19.329540,0.045957,False,False,False,False,True,True,True,1-circle,1.000000,4926.876452,24214.237104,-1.548331,0.130743,100.000000,100.000000,0.000000,0.000000,2,4,4,0.0000,0.0000,0.0000,0.5000,"PursuitChaseOptimal",0.041422
3467,B0100,aggressive,UNKNOWN,16038.507492,29127.058839,3272.941161,3270.193953,31017.619363,18059.624945,512.881025,29704.781249,89.173325,6145.018125,-19.329540,0.045957,False,False,False,False,True,True,True,1-circle,1.000000,4926.876452,24214.237104,-1.548331,0.130743,100.000000,100.000000,0.000000,0.000000,2,4,4,0.0000,0.0000,0.0000,0.5000,"Accelerate",-0.044152
3468,A0100,pursuit_chase_v1,UNKNOWN,16043.166856,29133.778177,3266.221823,3273.588623,31040.283126,18060.616531,512.988463,29710.652187,117.418758,6169.496959,-20.948362,0.026152,False,False,False,False,True,True,True,1-circle,1.000000,4930.248474,24371.026027,-0.881415,-0.057945,100.000000,100.000000,0.000000,0.000000,2,4,4,0.0000,0.0000,0.0000,0.5000,"PursuitChaseOptimal",0.044702
3468,B0100,aggressive,UNKNOWN,16043.166856,29133.778177,3266.221823,3273.588623,31040.283126,18060.616531,512.988463,29710.652187,117.418758,6169.496959,-20.948362,0.026152,False,False,False,False,True,True,True,1-circle,1.000000,4930.248474,24371.026027,-0.881415,-0.057945,100.000000,100.000000,0.000000,0.000000,2,4,4,0.0000,0.0000,0.0000,0.5000,"Accelerate",-0.047106
3469,A0100,pursuit_chase_v1,UNKNOWN,16043.166856,29133.778177,3266.221823,3273.588623,31040.283126,18060.616531,512.988463,29710.652187,117.418758,6169.496959,-20.948362,0.026152,False,False,False,False,True,True,True,1-circle,1.000000,4930.248474,24371.026027,-0.881415,-0.057945,100.000000,100.000000,0.000000,0.000000,2,4,4,0.0000,0.0000,0.0000,0.5000,"PursuitChaseOptimal",0.020092
3469,B0100,aggressive,UNKNOWN,16043.166856,29133.778177,3266.221823,3273.588623,31040.283126,18060.616531,512.988463,29710.652187,117.418758,6169.496959,-20.948362,0.026152,False,False,False,False,True,True,True,1-circle,1.000000,4930.248474,24371.026027,-0.881415,-0.057945,100.000000,100.000000,0.000000,0.000000,2,4,4,0.0000,0.0000,0.0000,0.5000,"Accelerate",-0.023440
3470,A0100,pursuit_chase_v1,UNKNOWN,16047.926496,29143.670733,3256.329267,3271.302941,31064.081413,18061.651814,513.056470,29714.776581,82.487880,6179.497682,-22.194292,0.059264,False,False,False,False,True,True,True,1-circle,1.000000,4933.064322,24206.604783,-1.996986,0.109676,100.000000,100.000000,0.000000,0.000000,2,4,4,0.0000,0.0000,0.0000,0.5000,"PursuitChaseOptimal",-0.001469
3470,B0100,aggressive,UNKNOWN,16047.926496,29143.670733,3256.329267,3271.302941,31064.081413,18061.651814,513.056470,29714.776581,82.487880,6179.497682,-22.194292,0.059264,False,False,False,False,True,True,True,1-circle,1.000000,4933.064322,24206.604783,-1.996986,0.109676,100.000000,100.000000,0.000000,0.000000,2,4,4,0.0000,0.0000,0.0000,0.5000,"Accelerate",-0.002899
3471,A0100,pursuit_chase_v1,UNKNOWN,16047.926496,29143.670733,3256.329267,3271.302941,31064.081413,18061.651814,513.056470,29714.776581,82.487880,6179.497682,-22.194292,0.059264,False,False,False,False,True,True,True,1-circle,1.000000,4933.064322,24206.604783,-1.996986,0.109676,100.000000,100.000000,0.000000,0.000000,2,4,4,0.0000,0.0000,0.0000,0.5000,"PursuitChaseOptimal",-0.014304
3471,B0100,aggressive,UNKNOWN,16047.926496,29143.670733,3256.329267,3271.302941,31064.081413,18061.651814,513.056470,29714.776581,82.487880,6179.497682,-22.194292,0.059264,False,False,False,False,True,True,True,1-circle,1.000000,4933.064322,24206.604783,-1.996986,0.109676,100.000000,100.000000,0.000000,0.000000,2,4,4,0.0000,0.0000,0.0000,0.5000,"Accelerate",0.009797
3472,A0100,pursuit_chase_v1,UNKNOWN,16052.790894,29142.064578,3257.935422,3274.066414,31085.433025,18062.603938,513.279373,29725.856555,221.599476,6198.941077,-22.857919,0.020181,False,False,False,False,True,True,True,1-circle,1.000000,4935.719115,24725.002093,0.680548,-0.038999,100.000000,100.000000,0.000000,0.000000,2,4,4,0.0000,0.0000,0.0000,0.5000,"PursuitChaseOptimal",-0.026199
3472,B0100,aggressive,UNKNOWN,16052.790894,29142.064578,3257.935422,3274.066414,31085.433025,18062.603938,513.279373,29725.856555,221.599476,6198.941077,-22.857919,0.020181,False,False,False,False,True,True,True,1-circle,1.000000,4935.719115,24725.002093,0.680548,-0.038999,100.000000,100.000000,0.000000,0.000000,2,4,4,0.0000,0.0000,0.0000,0.5000,"Accelerate",0.021620
3473,A0100,pursuit_chase_v1,UNKNOWN,16052.790894,29142.064578,3257.935422,3274.066414,31085.433025,18062.603938,513.279373,29725.856555,221.599476,6198.941077,-22.857919,0.020181,False,False,False,False,True,True,True,1-circle,1.000000,4935.719115,24725.002093,0.680548,-0.038999,100.000000,100.000000,0.000000,0.000000,2,4,4,0.0000,0.0000,0.0000,0.5000,"PursuitChaseOptimal",-0.032599
3473,B0100,aggressive,UNKNOWN,16052.790894,29142.064578,3257.935422,3274.066414,31085.433025,18062.603938,513.279373,29725.856555,221.599476,6198.941077,-22.857919,0.020181,False,False,False,False,True,True,True,1-circle,1.000000,4935.719115,24725.002093,0.680548,-0.038999,100.000000,100.000000,0.000000,0.000000,2,4,4,0.0000,0.0000,0.0000,0.5000,"Accelerate",0.028076
3474,A0100,pursuit_chase_v1,UNKNOWN,16057.753565,29156.502780,3243.497220,3274.060934,31111.787421,18063.536767,513.265381,29726.153496,5.938830,6194.569746,-23.205807,0.039430,False,False,False,False,True,True,True,1-circle,1.000000,4938.393249,24399.860439,-1.329489,-0.074298,100.000000,100.000000,0.000000,0.000000,2,4,4,0.0000,0.0000,0.0000,0.5000,"PursuitChaseOptimal",-0.020850
3474,B0100,aggressive,UNKNOWN,16057.753565,29156.502780,3243.497220,3274.060934,31111.787421,18063.536767,513.265381,29726.153496,5.938830,6194.569746,-23.205807,0.039430,False,False,False,False,True,True,True,1-circle,1.000000,4938.393249,24399.860439,-1.329489,-0.074298,100.000000,100.000000,0.000000,0.000000,2,4,4,0.0000,0.0000,0.0000,0.5000,"Accelerate",0.016323
3475,A0100,pursuit_chase_v1,UNKNOWN,16057.753565,29156.502780,3243.497220,3274.060934,31111.787421,18063.536767,513.265381,29726.153496,5.938830,6194.569746,-23.205807,0.039430,False,False,False,False,True,True,True,1-circle,1.000000,4938.393249,24399.860439,-1.329489,-0.074298,100.000000,100.000000,0.000000,0.000000,2,4,4,0.0000,0.0000,0.0000,0.5000,"PursuitChaseOptimal",-0.009532
3475,B0100,aggressive,UNKNOWN,16057.753565,29156.502780,3243.497220,3274.060934,31111.787421,18063.536767,513.265381,29726.153496,5.938830,6194.569746,-23.205807,0.039430,False,False,False,False,True,True,True,1-circle,1.000000,4938.393249,24399.860439,-1.329489,-0.074298,100.000000,100.000000,0.000000,0.000000,2,4,4,0.0000,0.0000,0.0000,0.5000,"Accelerate",0.005149
3476,A0100,pursuit_chase_v1,UNKNOWN,16062.774431,29158.685968,3241.314032,3280.422312,31130.589491,18064.479875,513.419887,29734.119175,159.313577,6189.899394,-23.469045,0.006496,False,False,False,False,True,True,True,1-circle,1.000000,4941.092002,24715.559411,0.219117,0.130508,100.000000,100.000000,0.000000,0.000000,2,4,4,0.0000,0.0000,0.0000,0.5000,"PursuitChaseOptimal",-0.010103
3476,B0100,aggressive,UNKNOWN,16062.774431,29158.685968,3241.314032,3280.422312,31130.589491,18064.479875,513.419887,29734.119175,159.313577,6189.899394,-23.469045,0.006496,False,False,False,False,True,True,True,1-circle,1.000000,4941.092002,24715.559411,0.219117,0.130508,100.000000,100.000000,0.000000,0.000000,2,4,4,0.0000,0.0000,0.0000,0.5000,"Accelerate",0.006028
3477,A0100,pursuit_chase_v1,UNKNOWN,16062.774431,29158.685968,3241.314032,3280.422312,31130.589491,18064.479875,513.419887,29734.119175,159.313577,6189.899394,-23.469045,0.006496,False,False,False,False,True,True,True,1-circle,1.000000,4941.092002,24715.559411,0.219117,0.130508,100.000000,100.000000,0.000000,0.000000,2,4,4,0.0000,0.0000,0.0000,0.5000,"PursuitChaseOptimal",-0.024089
3477,B0100,aggressive,UNKNOWN,16062.774431,29158.685968,3241.314032,3280.422312,31130.589491,18064.479875,513.419887,29734.119175,159.313577,6189.899394,-23.469045,0.006496,False,False,False,False,True,True,True,1-circle,1.000000,4941.092002,24715.559411,0.219117,0.130508,100.000000,100.000000,0.000000,0.000000,2,4,4,0.0000,0.0000,0.0000,0.5000,"Accelerate",0.019771
3478,A0100,pursuit_chase_v1,UNKNOWN,16067.832480,29173.880852,3226.119148,3276.580884,31157.674215,18065.429324,513.451489,29736.505213,47.720763,6180.582955,-23.862765,0.052550,False,False,False,False,True,True,True,1-circle,1.000000,4943.719126,24394.235288,-1.772243,-0.019264,100.000000,100.000000,0.000000,0.000000,2,4,4,0.0000,0.0000,0.0000,0.5000,"PursuitChaseOptimal",-0.033638
3478,B0100,aggressive,UNKNOWN,16067.832480,29173.880852,3226.119148,3276.580884,31157.674215,18065.429324,513.451489,29736.505213,47.720763,6180.582955,-23.862765,0.052550,False,False,False,False,True,True,True,1-circle,1.000000,4943.719126,24394.235288,-1.772243,-0.019264,100.000000,100.000000,0.000000,0.000000,2,4,4,0.0000,0.0000,0.0000,0.5000,"Accelerate",0.028624
3479,A0100,pursuit_chase_v1,UNKNOWN,16067.832480,29173.880852,3226.119148,3276.580884,31157.674215,18065.429324,513.451489,29736.505213,47.720763,6180.582955,-23.862765,0.052550,False,False,False,False,True,True,True,1-circle,1.000000,4943.719126,24394.235288,-1.772243,-0.019264,100.000000,100.000000,0.000000,0.000000,2,4,4,0.0000,0.0000,0.0000,0.5000,"PursuitChaseOptimal",-0.035784
3479,B0100,aggressive,UNKNOWN,16067.832480,29173.880852,3226.119148,3276.580884,31157.674215,18065.429324,513.451489,29736.505213,47.720763,6180.582955,-23.862765,0.052550,False,False,False,False,True,True,True,1-circle,1.000000,4943.719126,24394.235288,-1.772243,-0.019264,100.000000,100.000000,0.000000,0.000000,2,4,4,0.0000,0.0000,0.0000,0.5000,"Accelerate",0.030669
3480,A0100,pursuit_chase_v1,UNKNOWN,16072.963915,29171.638979,3228.361021,3285.351438,31176.535949,18066.360820,513.629200,29745.517077,180.237276,6187.866509,-24.019198,0.006825,False,False,False,False,True,True,True,1-circle,1.000000,4946.431259,24709.231542,-0.230305,-0.126904,100.000000,100.000000,0.000000,0.000000,2,4,4,0.0000,0.0000,0.0000,0.5000,"PursuitChaseOptimal",-0.018568
3480,B0100,aggressive,UNKNOWN,16072.963915,29171.638979,3228.361021,3285.351438,31176.535949,18066.360820,513.629200,29745.517077,180.237276,6187.866509,-24.019198,0.006825,False,False,False,False,True,True,True,1-circle,1.000000,4946.431259,24709.231542,-0.230305,-0.126904,100.000000,100.000000,0.000000,0.000000,2,4,4,0.0000,0.0000,0.0000,0.5000,"Accelerate",0.014114
3481,A0100,pursuit_chase_v1,UNKNOWN,16072.963915,29171.638979,3228.361021,3285.351438,31176.535949,18066.360820,513.629200,29745.517077,180.237276,6187.866509,-24.019198,0.006825,False,False,False,False,True,True,True,1-circle,1.000000,4946.431259,24709.231542,-0.230305,-0.126904,100.000000,100.000000,0.000000,0.000000,2,4,4,0.0000,0.0000,0.0000,0.5000,"PursuitChaseOptimal",-0.009381
3481,B0100,aggressive,UNKNOWN,16072.963915,29171.638979,3228.361021,3285.351438,31176.535949,18066.360820,513.629200,29745.517077,180.237276,6187.866509,-24.019198,0.006825,False,False,False,False,True,True,True,1-circle,1.000000,4946.431259,24709.231542,-0.230305,-0.126904,100.000000,100.000000,0.000000,0.000000,2,4,4,0.0000,0.0000,0.0000,0.5000,"Accelerate",0.005251
3482,A0100,pursuit_chase_v1,UNKNOWN,16078.161062,29184.255995,3215.744005,3280.247552,31204.086611,18067.256215,513.616806,29745.848869,6.635836,6173.353776,-24.307761,0.063562,False,False,False,False,True,True,True,1-circle,1.000000,4949.228522,24402.542479,-2.143987,-0.150089,100.000000,100.000000,0.000000,0.000000,2,4,4,0.0000,0.0000,0.0000,0.5000,"PursuitChaseOptimal",-0.003700
3482,B0100,aggressive,UNKNOWN,16078.161062,29184.255995,3215.744005,3280.247552,31204.086611,18067.256215,513.616806,29745.848869,6.635836,6173.353776,-24.307761,0.063562,False,False,False,False,True,True,True,1-circle,1.000000,4949.228522,24402.542479,-2.143987,-0.150089,100.000000,100.000000,0.000000,0.000000,2,4,4,0.0000,0.0000,0.0000,0.5000,"Accelerate",-0.000649
3483,A0100,pursuit_chase_v1,UNKNOWN,16078.161062,29184.255995,3215.744005,3280.247552,31204.086611,18067.256215,513.616806,29745.848869,6.635836,6173.353776,-24.307761,0.063562,False,False,False,False,True,True,True,1-circle,1.000000,4949.228522,24402.542479,-2.143987,-0.150089,100.000000,100.000000,0.000000,0.000000,2,4,4,0.0000,0.0000,0.0000,0.5000,"PursuitChaseOptimal",-0.019568
3483,B0100,aggressive,UNKNOWN,16078.161062,29184.255995,3215.744005,3280.247552,31204.086611,18067.256215,513.616806,29745.848869,6.635836,6173.353776,-24.307761,0.063562,False,False,False,False,True,True,True,1-circle,1.000000,4949.228522,24402.542479,-2.143987,-0.150089,100.000000,100.000000,0.000000,0.000000,2,4,4,0.0000,0.0000,0.0000,0.5000,"Accelerate",0.014552
3484,A0100,pursuit_chase_v1,UNKNOWN,16083.389964,29181.706580,3218.293420,3280.001041,31224.706372,18068.133944,513.805181,29755.294663,188.915873,6175.535611,-24.555222,0.011499,False,False,False,False,True,True,True,1-circle,1.000000,4951.966063,24756.509702,-0.388173,-0.000812,100.000000,100.000000,0.000000,0.000000,2,5,4,0.0000,0.0000,0.0000,0.5000,"PursuitChaseOptimal",-0.023226
3484,B0100,aggressive,UNKNOWN,16083.389964,29181.706580,3218.293420,3280.001041,31224.706372,18068.133944,513.805181,29755.294663,188.915873,6175.535611,-24.555222,0.011499,False,False,False,False,True,True,True,1-circle,1.000000,4951.966063,24756.509702,-0.388173,-0.000812,100.000000,100.000000,0.000000,0.000000,2,4,4,0.0000,0.0000,0.0000,0.5000,"Accelerate",0.018475
3485,A0100,pursuit_chase_v1,UNKNOWN,16083.389964,29181.706580,3218.293420,3280.001041,31224.706372,18068.133944,513.805181,29755.294663,188.915873,6175.535611,-24.555222,0.011499,False,False,False,False,True,True,True,1-circle,1.000000,4951.966063,24756.509702,-0.388173,-0.000812,100.000000,100.000000,0.000000,0.000000,2,5,4,0.0000,0.0000,0.0000,0.5000,"PursuitChaseOptimal",-0.004376
3485,B0100,aggressive,UNKNOWN,16083.389964,29181.706580,3218.293420,3280.001041,31224.706372,18068.133944,513.805181,29755.294663,188.915873,6175.535611,-24.555222,0.011499,False,False,False,False,True,True,True,1-circle,1.000000,4951.966063,24756.509702,-0.388173,-0.000812,100.000000,100.000000,0.000000,0.000000,2,4,4,0.0000,0.0000,0.0000,0.5000,"Accelerate",0.000435
3486,A0100,pursuit_chase_v1,UNKNOWN,16088.690552,29191.183842,3208.816158,3279.123214,31248.552544,18068.934907,513.864668,29758.801985,70.146440,6169.723513,-24.951929,0.007748,False,False,False,False,True,True,True,1-circle,1.000000,4954.774392,24911.685092,0.261593,-0.090418,100.000000,100.000000,0.000000,0.000000,2,5,4,0.0000,0.0000,0.0000,0.5000,"PursuitChaseOptimal",0.015646
3486,B0100,aggressive,UNKNOWN,16088.690552,29191.183842,3208.816158,3279.123214,31248.552544,18068.934907,513.864668,29758.801985,70.146440,6169.723513,-24.951929,0.007748,False,False,False,False,True,True,True,1-circle,1.000000,4954.774392,24911.685092,0.261593,-0.090418,100.000000,100.000000,0.000000,0.000000,2,4,4,0.0000,0.0000,0.0000,0.5000,"Accelerate",-0.019193
3487,A0100,pursuit_chase_v1,UNKNOWN,16088.690552,29191.183842,3208.816158,3279.123214,31248.552544,18068.934907,513.864668,29758.801985,70.146440,6169.723513,-24.951929,0.007748,False,False,False,False,True,True,True,1-circle,1.000000,4954.774392,24911.685092,0.261593,-0.090418,100.000000,100.000000,0.000000,0.000000,2,5,4,0.0000,0.0000,0.0000,0.5000,"PursuitChaseOptimal",0.036224
3487,B0100,aggressive,UNKNOWN,16088.690552,29191.183842,3208.816158,3279.123214,31248.552544,18068.934907,513.864668,29758.801985,70.146440,6169.723513,-24.951929,0.007748,False,False,False,False,True,True,True,1-circle,1.000000,4954.774392,24911.685092,0.261593,-0.090418,100.000000,100.000000,0.000000,0.000000,2,4,4,0.0000,0.0000,0.0000,0.5000,"Accelerate",-0.039659
3488,A0100,pursuit_chase_v1,UNKNOWN,16094.016951,29203.411377,3196.588623,3277.374598,31270.384190,18069.817142,513.974118,29764.664495,117.250205,6157.433133,-25.827481,0.022294,False,False,False,False,True,True,True,1-circle,1.000000,4957.291449,24767.230135,-0.752806,0.218660,100.000000,100.000000,0.000000,0.000000,2,5,4,0.0000,0.0000,0.0000,0.5000,"PursuitChaseOptimal",0.056070
3488,B0100,aggressive,UNKNOWN,16094.016951,29203.411377,3196.588623,3277.374598,31270.384190,18069.817142,513.974118,29764.664495,117.250205,6157.433133,-25.827481,0.022294,False,False,False,False,True,True,True,1-circle,1.000000,4957.291449,24767.230135,-0.752806,0.218660,100.000000,100.000000,0.000000,0.000000,2,4,4,0.0000,0.0000,0.0000,0.5000,"Accelerate",-0.059106
3489,A0100,pursuit_chase_v1,UNKNOWN,16094.016951,29203.411377,3196.588623,3277.374598,31270.384190,18069.817142,513.974118,29764.664495,117.250205,6157.433133,-25.827481,0.022294,False,False,False,False,True,True,True,1-circle,1.000000,4957.291449,24767.230135,-0.752806,0.218660,100.000000,100.000000,0.000000,0.000000,2,5,4,0.0000,0.0000,0.0000,0.5000,"PursuitChaseOptimal",0.063269
3489,B0100,aggressive,UNKNOWN,16094.016951,29203.411377,3196.588623,3277.374598,31270.384190,18069.817142,513.974118,29764.664495,117.250205,6157.433133,-25.827481,0.022294,False,False,False,False,True,True,True,1-circle,1.000000,4957.291449,24767.230135,-0.752806,0.218660,100.000000,100.000000,0.000000,0.000000,2,4,4,0.0000,0.0000,0.0000,0.5000,"Accelerate",-0.065538
3490,A0100,pursuit_chase_v1,UNKNOWN,16099.350648,29213.668905,3186.331095,3280.612824,31293.959662,18070.700902,514.071531,29769.981732,106.344750,6135.531230,-27.151702,0.002490,False,False,False,False,True,True,True,1-circle,1.000000,4959.227237,24925.466723,-0.084096,0.050359,100.000000,100.000000,0.000000,0.000000,2,5,4,0.0000,0.0000,0.0000,0.5000,"PursuitChaseOptimal",0.056035
3490,B0100,aggressive,UNKNOWN,16099.350648,29213.668905,3186.331095,3280.612824,31293.959662,18070.700902,514.071531,29769.981732,106.344750,6135.531230,-27.151702,0.002490,False,False,False,False,True,True,True,1-circle,1.000000,4959.227237,24925.466723,-0.084096,0.050359,100.000000,100.000000,0.000000,0.000000,2,4,4,0.0000,0.0000,0.0000,0.5000,"Accelerate",-0.058098
3491,A0100,pursuit_chase_v1,UNKNOWN,16099.350648,29213.668905,3186.331095,3280.612824,31293.959662,18070.700902,514.071531,29769.981732,106.344750,6135.531230,-27.151702,0.002490,False,False,False,False,True,True,True,1-circle,1.000000,4959.227237,24925.466723,-0.084096,0.050359,100.000000,100.000000,0.000000,0.000000,2,5,4,0.0000,0.0000,0.0000,0.5000,"PursuitChaseOptimal",0.043246
3491,B0100,aggressive,UNKNOWN,16099.350648,29213.668905,3186.331095,3280.612824,31293.959662,18070.700902,514.071531,29769.981732,106.344750,6135.531230,-27.151702,0.002490,False,False,False,False,True,True,True,1-circle,1.000000,4959.227237,24925.466723,-0.084096,0.050359,100.000000,100.000000,0.000000,0.000000,2,4,4,0.0000,0.0000,0.0000,0.5000,"Accelerate",-0.045980
3492,A0100,pursuit_chase_v1,UNKNOWN,16104.695279,29223.490302,3176.509698,3290.759163,31316.064715,18071.660166,514.138592,29773.993559,80.236538,6122.128145,-28.594915,0.036322,False,False,False,False,True,True,True,1-circle,1.000000,4960.356455,24757.178615,-1.226756,0.084592,100.000000,100.000000,0.000000,0.000000,2,5,4,0.0000,0.0000,0.0000,0.5000,"PursuitChaseOptimal",0.024748
3492,B0100,aggressive,UNKNOWN,16104.695279,29223.490302,3176.509698,3290.759163,31316.064715,18071.660166,514.138592,29773.993559,80.236538,6122.128145,-28.594915,0.036322,False,False,False,False,True,True,True,1-circle,1.000000,4960.356455,24757.178615,-1.226756,0.084592,100.000000,100.000000,0.000000,0.000000,2,4,4,0.0000,0.0000,0.0000,0.5000,"Accelerate",-0.028052
3493,A0100,pursuit_chase_v1,UNKNOWN,16104.695279,29223.490302,3176.509698,3290.759163,31316.064715,18071.660166,514.138592,29773.993559,80.236538,6122.128145,-28.594915,0.036322,False,False,False,False,True,True,True,1-circle,1.000000,4960.356455,24757.178615,-1.226756,0.084592,100.000000,100.000000,0.000000,0.000000,2,5,4,0.0000,0.0000,0.0000,0.5000,"PursuitChaseOptimal",0.009701
3493,B0100,aggressive,UNKNOWN,16104.695279,29223.490302,3176.509698,3290.759163,31316.064715,18071.660166,514.138592,29773.993559,80.236538,6122.128145,-28.594915,0.036322,False,False,False,False,True,True,True,1-circle,1.000000,4960.356455,24757.178615,-1.226756,0.084592,100.000000,100.000000,0.000000,0.000000,2,4,4,0.0000,0.0000,0.0000,0.5000,"Accelerate",-0.013149
3494,A0100,pursuit_chase_v1,UNKNOWN,16110.095761,29230.488749,3169.511251,3279.621553,31339.947461,18072.574466,514.236313,29779.356744,107.263690,6114.827337,-29.156148,0.016392,False,False,False,False,True,True,True,1-circle,1.000000,4961.044645,24915.565041,-0.553812,-0.109605,100.000000,100.000000,0.000000,0.000000,2,5,4,0.0000,0.0000,0.0000,0.5000,"PursuitChaseOptimal",-0.014452
3494,B0100,aggressive,UNKNOWN,16110.095761,29230.488749,3169.511251,3279.621553,31339.947461,18072.574466,514.236313,29779.356744,107.263690,6114.827337,-29.156148,0.016392,False,False,False,False,True,True,True,1-circle,1.000000,4961.044645,24915.565041,-0.553812,-0.109605,100.000000,100.000000,0.000000,0.000000,2,4,4,0.0000,0.0000,0.0000,0.5000,"Accelerate",0.010413
3495,A0100,pursuit_chase_v1,UNKNOWN,16110.095761,29230.488749,3169.511251,3279.621553,31339.947461,18072.574466,514.236313,29779.356744,107.263690,6114.827337,-29.156148,0.016392,False,False,False,False,True,True,True,1-circle,1.000000,4961.044645,24915.565041,-0.553812,-0.109605,100.000000,100.000000,0.000000,0.000000,2,5,4,0.0000,0.0000,0.0000,0.5000,"PursuitChaseOptimal",-0.022336
3495,B0100,aggressive,UNKNOWN,16110.095761,29230.488749,3169.511251,3279.621553,31339.947461,18072.574466,514.236313,29779.356744,107.263690,6114.827337,-29.156148,0.016392,False,False,False,False,True,True,True,1-circle,1.000000,4961.044645,24915.565041,-0.553812,-0.109605,100.000000,100.000000,0.000000,0.000000,2,4,4,0.0000,0.0000,0.0000,0.5000,"Accelerate",0.017637
3496,A0100,pursuit_chase_v1,UNKNOWN,16115.453230,29239.615585,3160.384415,3219.969762,31362.063897,18073.535326,514.293061,29782.901513,70.895384,6105.887044,-28.024911,0.050316,False,False,False,False,True,True,True,1-circle,1.000000,4961.767748,24746.450075,-1.699688,0.071320,100.000000,100.000000,0.000000,0.000000,2,5,4,0.0000,0.0000,0.0000,0.5000,"PursuitChaseOptimal",-0.022412
3496,B0100,aggressive,UNKNOWN,16115.453230,29239.615585,3160.384415,3219.969762,31362.063897,18073.535326,514.293061,29782.901513,70.895384,6105.887044,-28.024911,0.050316,False,False,False,False,True,True,True,1-circle,1.000000,4961.767748,24746.450075,-1.699688,0.071320,100.000000,100.000000,0.000000,0.000000,2,4,4,0.0000,0.0000,0.0000,0.5000,"Accelerate",0.017605
3497,A0100,pursuit_chase_v1,UNKNOWN,16115.453230,29239.615585,3160.384415,3219.969762,31362.063897,18073.535326,514.293061,29782.901513,70.895384,6105.887044,-28.024911,0.050316,False,False,False,False,True,True,True,1-circle,1.000000,4961.767748,24746.450075,-1.699688,0.071320,100.000000,100.000000,0.000000,0.000000,2,5,4,0.0000,0.0000,0.0000,0.5000,"PursuitChaseOptimal",-0.023739
3497,B0100,aggressive,UNKNOWN,16115.453230,29239.615585,3160.384415,3219.969762,31362.063897,18073.535326,514.293061,29782.901513,70.895384,6105.887044,-28.024911,0.050316,False,False,False,False,True,True,True,1-circle,1.000000,4961.767748,24746.450075,-1.699688,0.071320,100.000000,100.000000,0.000000,0.000000,2,4,4,0.0000,0.0000,0.0000,0.5000,"Accelerate",0.019278
3498,A0100,pursuit_chase_v1,UNKNOWN,16120.708959,29245.697637,3154.302363,3124.556635,31384.376343,18074.451953,514.378871,29787.725893,96.487611,6105.378853,-26.123119,0.029761,False,False,False,False,True,True,True,1-circle,1.000000,4963.100574,24908.498540,-1.005689,-0.068680,100.000000,100.000000,0.000000,0.000000,2,5,4,0.0000,0.0000,0.0000,0.5000,"PursuitChaseOptimal",-0.023912
3498,B0100,aggressive,UNKNOWN,16120.708959,29245.697637,3154.302363,3124.556635,31384.376343,18074.451953,514.378871,29787.725893,96.487611,6105.378853,-26.123119,0.029761,False,False,False,False,True,True,True,1-circle,1.000000,4963.100574,24908.498540,-1.005689,-0.068680,100.000000,100.000000,0.000000,0.000000,2,4,4,0.0000,0.0000,0.0000,0.5000,"Accelerate",0.019539
3499,A0100,pursuit_chase_v1,UNKNOWN,16120.708959,29245.697637,3154.302363,3124.556635,31384.376343,18074.451953,514.378871,29787.725893,96.487611,6105.378853,-26.123119,0.029761,False,False,False,False,True,True,True,1-circle,1.000000,4963.100574,24908.498540,-1.005689,-0.068680,100.000000,100.000000,0.000000,0.000000,2,5,4,0.0000,0.0000,0.0000,0.5000,"PursuitChaseOptimal",-0.021799
3499,B0100,aggressive,UNKNOWN,16120.708959,29245.697637,3154.302363,3124.556635,31384.376343,18074.451953,514.378871,29787.725893,96.487611,6105.378853,-26.123119,0.029761,False,False,False,False,True,True,True,1-circle,1.000000,4963.100574,24908.498540,-1.005689,-0.068680,100.000000,100.000000,0.000000,0.000000,2,4,4,0.0000,0.0000,0.0000,0.5000,"Accelerate",0.017038
3500,A0100,pursuit_chase_v1,UNKNOWN,16125.842906,29252.607551,3147.392449,3017.003901,31406.917433,18075.412883,514.434197,29791.206676,69.615646,6123.099141,-24.368729,0.062491,False,False,False,False,True,True,True,1-circle,1.000000,4965.092846,24746.312627,-2.111198,0.019965,100.000000,100.000000,0.000000,0.000000,2,4,4,0.0000,0.0000,0.0000,0.5000,"PursuitChaseOptimal",-0.016205
3500,B0100,aggressive,UNKNOWN,16125.842906,29252.607551,3147.392449,3017.003901,31406.917433,18075.412883,514.434197,29791.206676,69.615646,6123.099141,-24.368729,0.062491,False,False,False,False,True,True,True,1-circle,1.000000,4965.092846,24746.312627,-2.111198,0.019965,100.000000,100.000000,0.000000,0.000000,2,4,4,0.0000,0.0000,0.0000,0.5000,"Accelerate",0.011221
3501,A0100,pursuit_chase_v1,UNKNOWN,16125.842906,29252.607551,3147.392449,3017.003901,31406.917433,18075.412883,514.434197,29791.206676,69.615646,6123.099141,-24.368729,0.062491,False,False,False,False,True,True,True,1-circle,1.000000,4965.092846,24746.312627,-2.111198,0.019965,100.000000,100.000000,0.000000,0.000000,2,4,4,0.0000,0.0000,0.0000,0.5000,"PursuitChaseOptimal",-0.019762
3501,B0100,aggressive,UNKNOWN,16125.842906,29252.607551,3147.392449,3017.003901,31406.917433,18075.412883,514.434197,29791.206676,69.615646,6123.099141,-24.368729,0.062491,False,False,False,False,True,True,True,1-circle,1.000000,4965.092846,24746.312627,-2.111198,0.019965,100.000000,100.000000,0.000000,0.000000,2,4,4,0.0000,0.0000,0.0000,0.5000,"Accelerate",0.014899
3502,A0100,pursuit_chase_v1,UNKNOWN,16130.917580,29246.928326,3153.071674,2913.506276,31426.265128,18076.277512,514.654573,29802.111206,218.090596,6154.857046,-22.771965,0.017509,False,False,False,False,True,True,True,1-circle,1.000000,4967.857500,25269.404843,0.591997,-0.161211,100.000000,100.000000,0.000000,0.000000,2,4,4,0.0000,0.0000,0.0000,0.5000,"PursuitChaseOptimal",-0.022571
3502,B0100,aggressive,UNKNOWN,16130.917580,29246.928326,3153.071674,2913.506276,31426.265128,18076.277512,514.654573,29802.111206,218.090596,6154.857046,-22.771965,0.017509,False,False,False,False,True,True,True,1-circle,1.000000,4967.857500,25269.404843,0.591997,-0.161211,100.000000,100.000000,0.000000,0.000000,2,4,4,0.0000,0.0000,0.0000,0.5000,"Accelerate",0.017955
3503,A0100,pursuit_chase_v1,UNKNOWN,16130.917580,29246.928326,3153.071674,2913.506276,31426.265128,18076.277512,514.654573,29802.111206,218.090596,6154.857046,-22.771965,0.017509,False,False,False,False,True,True,True,1-circle,1.000000,4967.857500,25269.404843,0.591997,-0.161211,100.000000,100.000000,0.000000,0.000000,2,4,4,0.0000,0.0000,0.0000,0.5000,"PursuitChaseOptimal",-0.027149
3503,B0100,aggressive,UNKNOWN,16130.917580,29246.928326,3153.071674,2913.506276,31426.265128,18076.277512,514.654573,29802.111206,218.090596,6154.857046,-22.771965,0.017509,False,False,False,False,True,True,True,1-circle,1.000000,4967.857500,25269.404843,0.591997,-0.161211,100.000000,100.000000,0.000000,0.000000,2,4,4,0.0000,0.0000,0.0000,0.5000,"Accelerate",0.022646
3504,A0100,pursuit_chase_v1,UNKNOWN,16135.932985,29256.936610,3143.063390,2819.908524,31450.011350,18077.109447,514.628022,29801.733281,-7.558495,6174.247889,-21.566556,0.042312,False,False,False,False,True,True,True,1-circle,1.000000,4971.262899,24941.511386,-1.430354,-0.176903,100.000000,100.000000,0.000000,0.000000,2,4,4,0.0000,0.0000,0.0000,0.5000,"PursuitChaseOptimal",-0.026145
3504,B0100,aggressive,UNKNOWN,16135.932985,29256.936610,3143.063390,2819.908524,31450.011350,18077.109447,514.628022,29801.733281,-7.558495,6174.247889,-21.566556,0.042312,False,False,False,False,True,True,True,1-circle,1.000000,4971.262899,24941.511386,-1.430354,-0.176903,100.000000,100.000000,0.000000,0.000000,2,4,4,0.0000,0.0000,0.0000,0.5000,"Accelerate",0.021309
3505,A0100,pursuit_chase_v1,UNKNOWN,16135.932985,29256.936610,3143.063390,2819.908524,31450.011350,18077.109447,514.628022,29801.733281,-7.558495,6174.247889,-21.566556,0.042312,False,False,False,False,True,True,True,1-circle,1.000000,4971.262899,24941.511386,-1.430354,-0.176903,100.000000,100.000000,0.000000,0.000000,2,4,4,0.0000,0.0000,0.0000,0.5000,"PursuitChaseOptimal",-0.022289
3505,B0100,aggressive,UNKNOWN,16135.932985,29256.936610,3143.063390,2819.908524,31450.011350,18077.109447,514.628022,29801.733281,-7.558495,6174.247889,-21.566556,0.042312,False,False,False,False,True,True,True,1-circle,1.000000,4971.262899,24941.511386,-1.430354,-0.176903,100.000000,100.000000,0.000000,0.000000,2,4,4,0.0000,0.0000,0.0000,0.5000,"Accelerate",0.017397
3506,A0100,pursuit_chase_v1,UNKNOWN,16140.937698,29255.028994,3144.971006,2761.894432,31465.503053,18077.943395,514.766212,29808.864770,142.629776,6198.663937,-20.781329,0.004219,False,False,False,False,True,True,True,1-circle,1.000000,4975.181622,25260.488643,0.142688,0.037295,100.000000,100.000000,0.000000,0.000000,2,4,4,0.0000,0.0000,0.0000,0.5000,"PursuitChaseOptimal",-0.015632
3506,B0100,aggressive,UNKNOWN,16140.937698,29255.028994,3144.971006,2761.894432,31465.503053,18077.943395,514.766212,29808.864770,142.629776,6198.663937,-20.781329,0.004219,False,False,False,False,True,True,True,1-circle,1.000000,4975.181622,25260.488643,0.142688,0.037295,100.000000,100.000000,0.000000,0.000000,2,4,4,0.0000,0.0000,0.0000,0.5000,"Accelerate",0.011239
3507,A0100,pursuit_chase_v1,UNKNOWN,16140.937698,29255.028994,3144.971006,2761.894432,31465.503053,18077.943395,514.766212,29808.864770,142.629776,6198.663937,-20.781329,0.004219,False,False,False,False,True,True,True,1-circle,1.000000,4975.181622,25260.488643,0.142688,0.037295,100.000000,100.000000,0.000000,0.000000,2,4,4,0.0000,0.0000,0.0000,0.5000,"PursuitChaseOptimal",-0.005782
3507,B0100,aggressive,UNKNOWN,16140.937698,29255.028994,3144.971006,2761.894432,31465.503053,18077.943395,514.766212,29808.864770,142.629776,6198.663937,-20.781329,0.004219,False,False,False,False,True,True,True,1-circle,1.000000,4975.181622,25260.488643,0.142688,0.037295,100.000000,100.000000,0.000000,0.000000,2,4,4,0.0000,0.0000,0.0000,0.5000,"Accelerate",0.001661
3508,A0100,pursuit_chase_v1,UNKNOWN,16145.937998,29265.808741,3134.191259,2722.049169,31489.030001,18078.779505,514.784370,29810.528493,33.274470,6202.187340,-20.609145,0.054887,False,False,False,False,True,True,True,1-circle,1.000000,4979.380531,24936.417659,-1.855734,-0.103849,100.000000,100.000000,0.000000,0.000000,2,4,4,0.0000,0.0000,0.0000,0.5000,"PursuitChaseOptimal",0.003435
3508,B0100,aggressive,UNKNOWN,16145.937998,29265.808741,3134.191259,2722.049169,31489.030001,18078.779505,514.784370,29810.528493,33.274470,6202.187340,-20.609145,0.054887,False,False,False,False,True,True,True,1-circle,1.000000,4979.380531,24936.417659,-1.855734,-0.103849,100.000000,100.000000,0.000000,0.000000,2,4,4,0.0000,0.0000,0.0000,0.5000,"Accelerate",-0.007907
3509,A0100,pursuit_chase_v1,UNKNOWN,16145.937998,29265.808741,3134.191259,2722.049169,31489.030001,18078.779505,514.784370,29810.528493,33.274470,6202.187340,-20.609145,0.054887,False,False,False,False,True,True,True,1-circle,1.000000,4979.380531,24936.417659,-1.855734,-0.103849,100.000000,100.000000,0.000000,0.000000,2,4,4,0.0000,0.0000,0.0000,0.5000,"PursuitChaseOptimal",0.013521
3509,B0100,aggressive,UNKNOWN,16145.937998,29265.808741,3134.191259,2722.049169,31489.030001,18078.779505,514.784370,29810.528493,33.274470,6202.187340,-20.609145,0.054887,False,False,False,False,True,True,True,1-circle,1.000000,4979.380531,24936.417659,-1.855734,-0.103849,100.000000,100.000000,0.000000,0.000000,2,4,4,0.0000,0.0000,0.0000,0.5000,"Accelerate",-0.017859
3510,A0100,pursuit_chase_v1,UNKNOWN,16150.950548,29259.576960,3140.423040,2713.372342,31504.043679,18079.596389,514.948350,29818.820659,165.843312,6213.476440,-20.906237,0.008628,False,False,False,False,True,True,True,1-circle,1.000000,4983.595291,25253.447286,-0.291902,-0.203642,100.000000,100.000000,0.000000,0.000000,2,4,4,0.0000,0.0000,0.0000,0.5000,"PursuitChaseOptimal",0.017599
3510,B0100,aggressive,UNKNOWN,16150.950548,29259.576960,3140.423040,2713.372342,31504.043679,18079.596389,514.948350,29818.820659,165.843312,6213.476440,-20.906237,0.008628,False,False,False,False,True,True,True,1-circle,1.000000,4983.595291,25253.447286,-0.291902,-0.203642,100.000000,100.000000,0.000000,0.000000,2,4,4,0.0000,0.0000,0.0000,0.5000,"Accelerate",-0.021468
3511,A0100,pursuit_chase_v1,UNKNOWN,16150.950548,29259.576960,3140.423040,2713.372342,31504.043679,18079.596389,514.948350,29818.820659,165.843312,6213.476440,-20.906237,0.008628,False,False,False,False,True,True,True,1-circle,1.000000,4983.595291,25253.447286,-0.291902,-0.203642,100.000000,100.000000,0.000000,0.000000,2,4,4,0.0000,0.0000,0.0000,0.5000,"PursuitChaseOptimal",0.018917
3511,B0100,aggressive,UNKNOWN,16150.950548,29259.576960,3140.423040,2713.372342,31504.043679,18079.596389,514.948350,29818.820659,165.843312,6213.476440,-20.906237,0.008628,False,False,False,False,True,True,True,1-circle,1.000000,4983.595291,25253.447286,-0.291902,-0.203642,100.000000,100.000000,0.000000,0.000000,2,4,4,0.0000,0.0000,0.0000,0.5000,"Accelerate",-0.022563
3512,A0100,pursuit_chase_v1,UNKNOWN,16156.018828,29268.146552,3131.853448,2699.568688,31527.802105,18080.377522,514.923821,29818.483448,-6.744212,6225.225020,-21.740249,0.065458,False,False,False,False,True,True,True,1-circle,1.000000,4987.625666,24942.989462,-2.213408,-0.222973,100.000000,100.000000,0.000000,0.000000,2,4,4,0.0000,0.0000,0.0000,0.5000,"PursuitChaseOptimal",0.008068
3512,B0100,aggressive,UNKNOWN,16156.018828,29268.146552,3131.853448,2699.568688,31527.802105,18080.377522,514.923821,29818.483448,-6.744212,6225.225020,-21.740249,0.065458,False,False,False,False,True,True,True,1-circle,1.000000,4987.625666,24942.989462,-2.213408,-0.222973,100.000000,100.000000,0.000000,0.000000,2,4,4,0.0000,0.0000,0.0000,0.5000,"Accelerate",-0.012314
3513,A0100,pursuit_chase_v1,UNKNOWN,16156.018828,29268.146552,3131.853448,2699.568688,31527.802105,18080.377522,514.923821,29818.483448,-6.744212,6225.225020,-21.740249,0.065458,False,False,False,False,True,True,True,1-circle,1.000000,4987.625666,24942.989462,-2.213408,-0.222973,100.000000,100.000000,0.000000,0.000000,2,4,4,0.0000,0.0000,0.0000,0.5000,"PursuitChaseOptimal",-0.006242
3513,B0100,aggressive,UNKNOWN,16156.018828,29268.146552,3131.853448,2699.568688,31527.802105,18080.377522,514.923821,29818.483448,-6.744212,6225.225020,-21.740249,0.065458,False,False,False,False,True,True,True,1-circle,1.000000,4987.625666,24942.989462,-2.213408,-0.222973,100.000000,100.000000,0.000000,0.000000,2,4,4,0.0000,0.0000,0.0000,0.5000,"Accelerate",0.001268
3514,A0100,pursuit_chase_v1,UNKNOWN,16161.148137,29261.869759,3138.130241,2694.623160,31544.459842,18081.142403,515.100261,29827.293907,176.209174,6241.361640,-22.115955,0.012929,False,False,False,False,True,True,True,1-circle,1.000000,4991.477236,25297.922025,-0.437519,-0.071116,100.000000,100.000000,0.000000,0.000000,2,4,4,0.0000,0.0000,0.0000,0.5000,"PursuitChaseOptimal",-0.009698
3514,B0100,aggressive,UNKNOWN,16161.148137,29261.869759,3138.130241,2694.623160,31544.459842,18081.142403,515.100261,29827.293907,176.209174,6241.361640,-22.115955,0.012929,False,False,False,False,True,True,True,1-circle,1.000000,4991.477236,25297.922025,-0.437519,-0.071116,100.000000,100.000000,0.000000,0.000000,2,4,4,0.0000,0.0000,0.0000,0.5000,"Accelerate",0.004966
3515,A0100,pursuit_chase_v1,UNKNOWN,16161.148137,29261.869759,3138.130241,2694.623160,31544.459842,18081.142403,515.100261,29827.293907,176.209174,6241.361640,-22.115955,0.012929,False,False,False,False,True,True,True,1-circle,1.000000,4991.477236,25297.922025,-0.437519,-0.071116,100.000000,100.000000,0.000000,0.000000,2,4,4,0.0000,0.0000,0.0000,0.5000,"PursuitChaseOptimal",-0.019333
3515,B0100,aggressive,UNKNOWN,16161.148137,29261.869759,3138.130241,2694.623160,31544.459842,18081.142403,515.100261,29827.293907,176.209174,6241.361640,-22.115955,0.012929,False,False,False,False,True,True,True,1-circle,1.000000,4991.477236,25297.922025,-0.437519,-0.071116,100.000000,100.000000,0.000000,0.000000,2,4,4,0.0000,0.0000,0.0000,0.5000,"Accelerate",0.014914
3516,A0100,pursuit_chase_v1,UNKNOWN,16166.337156,29267.719011,3132.280989,2682.715865,31564.378844,18081.831601,515.149052,29830.208432,58.290511,6246.817244,-22.279473,0.006127,False,False,False,False,True,True,True,1-circle,1.000000,4995.381728,25449.361991,0.207359,-0.158328,100.000000,100.000000,0.000000,0.000000,2,4,4,0.0000,0.0000,0.0000,0.5000,"PursuitChaseOptimal",-0.027944
3516,B0100,aggressive,UNKNOWN,16166.337156,29267.719011,3132.280989,2682.715865,31564.378844,18081.831601,515.149052,29830.208432,58.290511,6246.817244,-22.279473,0.006127,False,False,False,False,True,True,True,1-circle,1.000000,4995.381728,25449.361991,0.207359,-0.158328,100.000000,100.000000,0.000000,0.000000,2,4,4,0.0000,0.0000,0.0000,0.5000,"Accelerate",0.023419
3517,A0100,pursuit_chase_v1,UNKNOWN,16166.337156,29267.719011,3132.280989,2682.715865,31564.378844,18081.831601,515.149052,29830.208432,58.290511,6246.817244,-22.279473,0.006127,False,False,False,False,True,True,True,1-circle,1.000000,4995.381728,25449.361991,0.207359,-0.158328,100.000000,100.000000,0.000000,0.000000,2,4,4,0.0000,0.0000,0.0000,0.5000,"PursuitChaseOptimal",-0.029956
3517,B0100,aggressive,UNKNOWN,16166.337156,29267.719011,3132.280989,2682.715865,31564.378844,18081.831601,515.149052,29830.208432,58.290511,6246.817244,-22.279473,0.006127,False,False,False,False,True,True,True,1-circle,1.000000,4995.381728,25449.361991,0.207359,-0.158328,100.000000,100.000000,0.000000,0.000000,2,4,4,0.0000,0.0000,0.0000,0.5000,"Accelerate",0.025069
3518,A0100,pursuit_chase_v1,UNKNOWN,16171.555256,29276.460485,3123.539515,2674.997105,31582.130564,18082.604010,515.248088,29835.498444,105.800238,6253.330668,-22.353511,0.023904,False,False,False,False,True,True,True,1-circle,1.000000,4999.318832,25301.783606,-0.809129,0.153006,100.000000,100.000000,0.000000,0.000000,2,4,4,0.0000,0.0000,0.0000,0.5000,"PursuitChaseOptimal",-0.023194
3518,B0100,aggressive,UNKNOWN,16171.555256,29276.460485,3123.539515,2674.997105,31582.130564,18082.604010,515.248088,29835.498444,105.800238,6253.330668,-22.353511,0.023904,False,False,False,False,True,True,True,1-circle,1.000000,4999.318832,25301.783606,-0.809129,0.153006,100.000000,100.000000,0.000000,0.000000,2,4,4,0.0000,0.0000,0.0000,0.5000,"Accelerate",0.018274
3519,A0100,pursuit_chase_v1,UNKNOWN,16171.555256,29276.460485,3123.539515,2674.997105,31582.130564,18082.604010,515.248088,29835.498444,105.800238,6253.330668,-22.353511,0.023904,False,False,False,False,True,True,True,1-circle,1.000000,4999.318832,25301.783606,-0.809129,0.153006,100.000000,100.000000,0.000000,0.000000,2,4,4,0.0000,0.0000,0.0000,0.5000,"PursuitChaseOptimal",-0.008494
3519,B0100,aggressive,UNKNOWN,16171.555256,29276.460485,3123.539515,2674.997105,31582.130564,18082.604010,515.248088,29835.498444,105.800238,6253.330668,-22.353511,0.023904,False,False,False,False,True,True,True,1-circle,1.000000,4999.318832,25301.783606,-0.809129,0.153006,100.000000,100.000000,0.000000,0.000000,2,4,4,0.0000,0.0000,0.0000,0.5000,"Accelerate",0.004187
3520,A0100,pursuit_chase_v1,UNKNOWN,16176.839819,29282.663281,3117.336719,2669.630528,31601.623005,18083.379746,515.334775,29840.229208,94.615272,6268.686301,-22.794150,0.003912,False,False,False,False,True,True,True,1-circle,1.000000,5003.365333,25459.154845,-0.132454,-0.015245,100.000000,100.000000,0.000000,0.000000,2,4,4,0.0000,0.0000,0.0000,0.5000,"PursuitChaseOptimal",0.008817
3520,B0100,aggressive,UNKNOWN,16176.839819,29282.663281,3117.336719,2669.630528,31601.623005,18083.379746,515.334775,29840.229208,94.615272,6268.686301,-22.794150,0.003912,False,False,False,False,True,True,True,1-circle,1.000000,5003.365333,25459.154845,-0.132454,-0.015245,100.000000,100.000000,0.000000,0.000000,2,4,4,0.0000,0.0000,0.0000,0.5000,"Accelerate",-0.012723
3521,A0100,pursuit_chase_v1,UNKNOWN,16176.839819,29282.663281,3117.336719,2669.630528,31601.623005,18083.379746,515.334775,29840.229208,94.615272,6268.686301,-22.794150,0.003912,False,False,False,False,True,True,True,1-circle,1.000000,5003.365333,25459.154845,-0.132454,-0.015245,100.000000,100.000000,0.000000,0.000000,2,4,4,0.0000,0.0000,0.0000,0.5000,"PursuitChaseOptimal",0.036891
3521,B0100,aggressive,UNKNOWN,16176.839819,29282.663281,3117.336719,2669.630528,31601.623005,18083.379746,515.334775,29840.229208,94.615272,6268.686301,-22.794150,0.003912,False,False,False,False,True,True,True,1-circle,1.000000,5003.365333,25459.154845,-0.132454,-0.015245,100.000000,100.000000,0.000000,0.000000,2,4,4,0.0000,0.0000,0.0000,0.5000,"Accelerate",-0.040758
3522,A0100,pursuit_chase_v1,UNKNOWN,16182.182125,29288.285782,3111.714218,2667.022208,31619.461833,18084.233527,515.390751,29843.637197,68.159777,6274.273557,-23.645048,0.037733,False,False,False,False,True,True,True,1-circle,1.000000,5007.194566,25288.498203,-1.277461,0.024051,100.000000,100.000000,0.000000,0.000000,2,4,4,0.0000,0.0000,0.0000,0.5000,"PursuitChaseOptimal",0.058665
3522,B0100,aggressive,UNKNOWN,16182.182125,29288.285782,3111.714218,2667.022208,31619.461833,18084.233527,515.390751,29843.637197,68.159777,6274.273557,-23.645048,0.037733,False,False,False,False,True,True,True,1-circle,1.000000,5007.194566,25288.498203,-1.277461,0.024051,100.000000,100.000000,0.000000,0.000000,2,4,4,0.0000,0.0000,0.0000,0.5000,"Accelerate",-0.061991
3523,A0100,pursuit_chase_v1,UNKNOWN,16182.182125,29288.285782,3111.714218,2667.022208,31619.461833,18084.233527,515.390751,29843.637197,68.159777,6274.273557,-23.645048,0.037733,False,False,False,False,True,True,True,1-circle,1.000000,5007.194566,25288.498203,-1.277461,0.024051,100.000000,100.000000,0.000000,0.000000,2,4,4,0.0000,0.0000,0.0000,0.5000,"PursuitChaseOptimal",0.059255
3523,B0100,aggressive,UNKNOWN,16182.182125,29288.285782,3111.714218,2667.022208,31619.461833,18084.233527,515.390751,29843.637197,68.159777,6274.273557,-23.645048,0.037733,False,False,False,False,True,True,True,1-circle,1.000000,5007.194566,25288.498203,-1.277461,0.024051,100.000000,100.000000,0.000000,0.000000,2,4,4,0.0000,0.0000,0.0000,0.5000,"Accelerate",-0.061946
3524,A0100,pursuit_chase_v1,UNKNOWN,16187.559050,29290.898045,3109.101955,2656.157516,31639.132868,18085.044699,515.477807,29848.421333,95.682735,6279.934261,-24.824159,0.017621,False,False,False,False,True,True,True,1-circle,1.000000,5010.563887,25446.182276,-0.596752,-0.169096,100.000000,100.000000,0.000000,0.000000,2,4,4,0.0000,0.0000,0.0000,0.5000,"PursuitChaseOptimal",0.036819
3524,B0100,aggressive,UNKNOWN,16187.559050,29290.898045,3109.101955,2656.157516,31639.132868,18085.044699,515.477807,29848.421333,95.682735,6279.934261,-24.824159,0.017621,False,False,False,False,True,True,True,1-circle,1.000000,5010.563887,25446.182276,-0.596752,-0.169096,100.000000,100.000000,0.000000,0.000000,2,4,4,0.0000,0.0000,0.0000,0.5000,"Accelerate",-0.039751
3525,A0100,pursuit_chase_v1,UNKNOWN,16187.559050,29290.898045,3109.101955,2656.157516,31639.132868,18085.044699,515.477807,29848.421333,95.682735,6279.934261,-24.824159,0.017621,False,False,False,False,True,True,True,1-circle,1.000000,5010.563887,25446.182276,-0.596752,-0.169096,100.000000,100.000000,0.000000,0.000000,2,4,4,0.0000,0.0000,0.0000,0.5000,"PursuitChaseOptimal",0.015541
3525,B0100,aggressive,UNKNOWN,16187.559050,29290.898045,3109.101955,2656.157516,31639.132868,18085.044699,515.477807,29848.421333,95.682735,6279.934261,-24.824159,0.017621,False,False,False,False,True,True,True,1-circle,1.000000,5010.563887,25446.182276,-0.596752,-0.169096,100.000000,100.000000,0.000000,0.000000,2,4,4,0.0000,0.0000,0.0000,0.5000,"Accelerate",-0.019480
3526,A0100,pursuit_chase_v1,UNKNOWN,16192.965652,29296.297930,3103.702070,2653.014351,31657.149669,18085.905410,515.524033,29851.391919,59.411717,6286.792607,-25.728583,0.051550,False,False,False,False,True,True,True,1-circle,1.000000,5013.387349,25274.125575,-1.745445,0.014357,100.000000,100.000000,0.000000,0.000000,2,4,4,0.0000,0.0000,0.0000,0.5000,"PursuitChaseOptimal",0.001893
3526,B0100,aggressive,UNKNOWN,16192.965652,29296.297930,3103.702070,2653.014351,31657.149669,18085.905410,515.524033,29851.391919,59.411717,6286.792607,-25.728583,0.051550,False,False,False,False,True,True,True,1-circle,1.000000,5013.387349,25274.125575,-1.745445,0.014357,100.000000,100.000000,0.000000,0.000000,2,4,4,0.0000,0.0000,0.0000,0.5000,"Accelerate",-0.006364
3527,A0100,pursuit_chase_v1,UNKNOWN,16192.965652,29296.297930,3103.702070,2653.014351,31657.149669,18085.905410,515.524033,29851.391919,59.411717,6286.792607,-25.728583,0.051550,False,False,False,False,True,True,True,1-circle,1.000000,5013.387349,25274.125575,-1.745445,0.014357,100.000000,100.000000,0.000000,0.000000,2,4,4,0.0000,0.0000,0.0000,0.5000,"PursuitChaseOptimal",-0.004155
3527,B0100,aggressive,UNKNOWN,16192.965652,29296.297930,3103.702070,2653.014351,31657.149669,18085.905410,515.524033,29851.391919,59.411717,6286.792607,-25.728583,0.051550,False,False,False,False,True,True,True,1-circle,1.000000,5013.387349,25274.125575,-1.745445,0.014357,100.000000,100.000000,0.000000,0.000000,2,4,4,0.0000,0.0000,0.0000,0.5000,"Accelerate",-0.000104
3528,A0100,pursuit_chase_v1,UNKNOWN,16198.432944,29299.175268,3100.824732,2651.903907,31675.969361,18086.724482,515.599221,29855.643211,85.025833,6292.811971,-26.234272,0.030835,False,False,False,False,True,True,True,1-circle,1.000000,5016.047641,25435.018770,-1.044406,-0.125300,100.000000,100.000000,0.000000,0.000000,2,4,4,0.0000,0.0000,0.0000,0.5000,"PursuitChaseOptimal",0.001686
3528,B0100,aggressive,UNKNOWN,16198.432944,29299.175268,3100.824732,2651.903907,31675.969361,18086.724482,515.599221,29855.643211,85.025833,6292.811971,-26.234272,0.030835,False,False,False,False,True,True,True,1-circle,1.000000,5016.047641,25435.018770,-1.044406,-0.125300,100.000000,100.000000,0.000000,0.000000,2,4,4,0.0000,0.0000,0.0000,0.5000,"Accelerate",-0.005669
3529,A0100,pursuit_chase_v1,UNKNOWN,16198.432944,29299.175268,3100.824732,2651.903907,31675.969361,18086.724482,515.599221,29855.643211,85.025833,6292.811971,-26.234272,0.030835,False,False,False,False,True,True,True,1-circle,1.000000,5016.047641,25435.018770,-1.044406,-0.125300,100.000000,100.000000,0.000000,0.000000,2,4,4,0.0000,0.0000,0.0000,0.5000,"PursuitChaseOptimal",0.009129
3529,B0100,aggressive,UNKNOWN,16198.432944,29299.175268,3100.824732,2651.903907,31675.969361,18086.724482,515.599221,29855.643211,85.025833,6292.811971,-26.234272,0.030835,False,False,False,False,True,True,True,1-circle,1.000000,5016.047641,25435.018770,-1.044406,-0.125300,100.000000,100.000000,0.000000,0.000000,2,4,4,0.0000,0.0000,0.0000,0.5000,"Accelerate",-0.013349
3530,A0100,pursuit_chase_v1,UNKNOWN,16203.923177,29303.558697,3096.441303,2647.545804,31695.611516,18087.590813,515.643898,29858.549172,58.119228,6282.220015,-26.533538,0.063599,False,False,False,False,True,True,True,1-circle,1.000000,5018.535275,25270.019083,-2.153561,-0.034076,100.000000,100.000000,0.000000,0.000000,2,4,4,0.0000,0.0000,0.0000,0.5000,"PursuitChaseOptimal",0.004952
3530,B0100,aggressive,UNKNOWN,16203.923177,29303.558697,3096.441303,2647.545804,31695.611516,18087.590813,515.643898,29858.549172,58.119228,6282.220015,-26.533538,0.063599,False,False,False,False,True,True,True,1-circle,1.000000,5018.535275,25270.019083,-2.153561,-0.034076,100.000000,100.000000,0.000000,0.000000,2,4,4,0.0000,0.0000,0.0000,0.5000,"Accelerate",-0.009635
3531,A0100,pursuit_chase_v1,UNKNOWN,16203.923177,29303.558697,3096.441303,2647.545804,31695.611516,18087.590813,515.643898,29858.549172,58.119228,6282.220015,-26.533538,0.063599,False,False,False,False,True,True,True,1-circle,1.000000,5018.535275,25270.019083,-2.153561,-0.034076,100.000000,100.000000,0.000000,0.000000,2,4,4,0.0000,0.0000,0.0000,0.5000,"PursuitChaseOptimal",0.002179
3531,B0100,aggressive,UNKNOWN,16203.923177,29303.558697,3096.441303,2647.545804,31695.611516,18087.590813,515.643898,29858.549172,58.119228,6282.220015,-26.533538,0.063599,False,False,False,False,True,True,True,1-circle,1.000000,5018.535275,25270.019083,-2.153561,-0.034076,100.000000,100.000000,0.000000,0.000000,2,4,4,0.0000,0.0000,0.0000,0.5000,"Accelerate",-0.006607
3532,A0100,pursuit_chase_v1,UNKNOWN,16209.423399,29297.180518,3102.819482,2647.679909,31712.825727,18088.364420,515.827580,29867.710348,183.223514,6276.041678,-26.706309,0.016589,False,False,False,False,True,True,True,1-circle,1.000000,5020.937097,25793.596260,0.562167,-0.206132,100.000000,100.000000,0.000000,0.000000,2,4,4,0.0000,0.0000,0.0000,0.5000,"PursuitChaseOptimal",-0.013753
3532,B0100,aggressive,UNKNOWN,16209.423399,29297.180518,3102.819482,2647.679909,31712.825727,18088.364420,515.827580,29867.710348,183.223514,6276.041678,-26.706309,0.016589,False,False,False,False,True,True,True,1-circle,1.000000,5020.937097,25793.596260,0.562167,-0.206132,100.000000,100.000000,0.000000,0.000000,2,4,4,0.0000,0.0000,0.0000,0.5000,"Accelerate",0.009328
3533,A0100,pursuit_chase_v1,UNKNOWN,16209.423399,29297.180518,3102.819482,2647.679909,31712.825727,18088.364420,515.827580,29867.710348,183.223514,6276.041678,-26.706309,0.016589,False,False,False,False,True,True,True,1-circle,1.000000,5020.937097,25793.596260,0.562167,-0.206132,100.000000,100.000000,0.000000,0.000000,2,4,4,0.0000,0.0000,0.0000,0.5000,"PursuitChaseOptimal",-0.024870
3533,B0100,aggressive,UNKNOWN,16209.423399,29297.180518,3102.819482,2647.679909,31712.825727,18088.364420,515.827580,29867.710348,183.223514,6276.041678,-26.706309,0.016589,False,False,False,False,True,True,True,1-circle,1.000000,5020.937097,25793.596260,0.562167,-0.206132,100.000000,100.000000,0.000000,0.000000,2,4,4,0.0000,0.0000,0.0000,0.5000,"Accelerate",0.020207
3534,A0100,pursuit_chase_v1,UNKNOWN,16214.938710,29310.532474,3089.467526,2642.949688,31735.065552,18089.148613,515.827560,29868.493637,15.665785,6270.558722,-26.974476,0.043609,False,False,False,False,True,True,True,1-circle,1.000000,5023.262751,25461.249539,-1.477549,0.025441,100.000000,100.000000,0.000000,0.000000,2,4,4,0.0000,0.0000,0.0000,0.5000,"PursuitChaseOptimal",-0.024444
3534,B0100,aggressive,UNKNOWN,16214.938710,29310.532474,3089.467526,2642.949688,31735.065552,18089.148613,515.827560,29868.493637,15.665785,6270.558722,-26.974476,0.043609,False,False,False,False,True,True,True,1-circle,1.000000,5023.262751,25461.249539,-1.477549,0.025441,100.000000,100.000000,0.000000,0.000000,2,4,4,0.0000,0.0000,0.0000,0.5000,"Accelerate",0.019464
3535,A0100,pursuit_chase_v1,UNKNOWN,16214.938710,29310.532474,3089.467526,2642.949688,31735.065552,18089.148613,515.827560,29868.493637,15.665785,6270.558722,-26.974476,0.043609,False,False,False,False,True,True,True,1-circle,1.000000,5023.262751,25461.249539,-1.477549,0.025441,100.000000,100.000000,0.000000,0.000000,2,4,4,0.0000,0.0000,0.0000,0.5000,"PursuitChaseOptimal",-0.007346
3535,B0100,aggressive,UNKNOWN,16214.938710,29310.532474,3089.467526,2642.949688,31735.065552,18089.148613,515.827560,29868.493637,15.665785,6270.558722,-26.974476,0.043609,False,False,False,False,True,True,True,1-circle,1.000000,5023.262751,25461.249539,-1.477549,0.025441,100.000000,100.000000,0.000000,0.000000,2,4,4,0.0000,0.0000,0.0000,0.5000,"Accelerate",0.002705
3536,A0100,pursuit_chase_v1,UNKNOWN,16220.497120,29312.014521,3087.985479,2645.935052,31749.626341,18089.980762,515.973083,29875.972978,149.586805,6271.769796,-27.166926,0.003063,False,False,False,False,True,True,True,1-circle,1.000000,5025.591870,25780.863886,0.103832,0.143902,100.000000,100.000000,0.000000,0.000000,2,4,4,0.0000,0.0000,0.0000,0.5000,"PursuitChaseOptimal",0.000199
3536,B0100,aggressive,UNKNOWN,16220.497120,29312.014521,3087.985479,2645.935052,31749.626341,18089.980762,515.973083,29875.972978,149.586805,6271.769796,-27.166926,0.003063,False,False,False,False,True,True,True,1-circle,1.000000,5025.591870,25780.863886,0.103832,0.143902,100.000000,100.000000,0.000000,0.000000,2,4,4,0.0000,0.0000,0.0000,0.5000,"Accelerate",-0.004225
3537,A0100,pursuit_chase_v1,UNKNOWN,16220.497120,29312.014521,3087.985479,2645.935052,31749.626341,18089.980762,515.973083,29875.972978,149.586805,6271.769796,-27.166926,0.003063,False,False,False,False,True,True,True,1-circle,1.000000,5025.591870,25780.863886,0.103832,0.143902,100.000000,100.000000,0.000000,0.000000,2,4,4,0.0000,0.0000,0.0000,0.5000,"PursuitChaseOptimal",0.005209
3537,B0100,aggressive,UNKNOWN,16220.497120,29312.014521,3087.985479,2645.935052,31749.626341,18089.980762,515.973083,29875.972978,149.586805,6271.769796,-27.166926,0.003063,False,False,False,False,True,True,True,1-circle,1.000000,5025.591870,25780.863886,0.103832,0.143902,100.000000,100.000000,0.000000,0.000000,2,4,4,0.0000,0.0000,0.0000,0.5000,"Accelerate",-0.008959
3538,A0100,pursuit_chase_v1,UNKNOWN,16226.058059,29325.308484,3074.691516,2637.415308,31772.608229,18090.851310,515.962335,29876.352544,7.591321,6250.897012,-27.429210,0.056280,False,False,False,False,True,True,True,1-circle,1.000000,5027.800858,25453.882626,-1.907087,-0.003812,100.000000,100.000000,0.000000,0.000000,2,4,4,0.0000,0.0000,0.0000,0.5000,"PursuitChaseOptimal",-0.007718
3538,B0100,aggressive,UNKNOWN,16226.058059,29325.308484,3074.691516,2637.415308,31772.608229,18090.851310,515.962335,29876.352544,7.591321,6250.897012,-27.429210,0.056280,False,False,False,False,True,True,True,1-circle,1.000000,5027.800858,25453.882626,-1.907087,-0.003812,100.000000,100.000000,0.000000,0.000000,2,4,4,0.0000,0.0000,0.0000,0.5000,"Accelerate",0.003047
3539,A0100,pursuit_chase_v1,UNKNOWN,16226.058059,29325.308484,3074.691516,2637.415308,31772.608229,18090.851310,515.962335,29876.352544,7.591321,6250.897012,-27.429210,0.056280,False,False,False,False,True,True,True,1-circle,1.000000,5027.800858,25453.882626,-1.907087,-0.003812,100.000000,100.000000,0.000000,0.000000,2,4,4,0.0000,0.0000,0.0000,0.5000,"PursuitChaseOptimal",-0.013962
3539,B0100,aggressive,UNKNOWN,16226.058059,29325.308484,3074.691516,2637.415308,31772.608229,18090.851310,515.962335,29876.352544,7.591321,6250.897012,-27.429210,0.056280,False,False,False,False,True,True,True,1-circle,1.000000,5027.800858,25453.882626,-1.907087,-0.003812,100.000000,100.000000,0.000000,0.000000,2,4,4,0.0000,0.0000,0.0000,0.5000,"Accelerate",0.009000
3540,A0100,pursuit_chase_v1,UNKNOWN,16231.624125,29322.312177,3077.687823,2642.644779,31787.221109,18091.741549,516.117588,29884.336333,159.675786,6251.894493,-27.656643,0.009876,False,False,False,False,True,True,True,1-circle,1.000000,5029.890048,25771.907247,-0.334861,-0.029866,100.000000,100.000000,0.000000,0.000000,2,4,4,0.0000,0.0000,0.0000,0.5000,"PursuitChaseOptimal",0.004502
3540,B0100,aggressive,UNKNOWN,16231.624125,29322.312177,3077.687823,2642.644779,31787.221109,18091.741549,516.117588,29884.336333,159.675786,6251.894493,-27.656643,0.009876,False,False,False,False,True,True,True,1-circle,1.000000,5029.890048,25771.907247,-0.334861,-0.029866,100.000000,100.000000,0.000000,0.000000,2,4,4,0.0000,0.0000,0.0000,0.5000,"Accelerate",-0.008526
3541,A0100,pursuit_chase_v1,UNKNOWN,16231.624125,29322.312177,3077.687823,2642.644779,31787.221109,18091.741549,516.117588,29884.336333,159.675786,6251.894493,-27.656643,0.009876,False,False,False,False,True,True,True,1-circle,1.000000,5029.890048,25771.907247,-0.334861,-0.029866,100.000000,100.000000,0.000000,0.000000,2,4,4,0.0000,0.0000,0.0000,0.5000,"PursuitChaseOptimal",0.005889
3541,B0100,aggressive,UNKNOWN,16231.624125,29322.312177,3077.687823,2642.644779,31787.221109,18091.741549,516.117588,29884.336333,159.675786,6251.894493,-27.656643,0.009876,False,False,False,False,True,True,True,1-circle,1.000000,5029.890048,25771.907247,-0.334861,-0.029866,100.000000,100.000000,0.000000,0.000000,2,4,4,0.0000,0.0000,0.0000,0.5000,"Accelerate",-0.009696
3542,A0100,pursuit_chase_v1,UNKNOWN,16237.198628,29332.752128,3067.247872,2631.659495,31810.659251,18092.629147,516.083409,29883.662123,-13.484206,6231.213443,-27.863165,0.066950,False,False,False,False,True,True,True,1-circle,1.000000,5031.886430,25458.882835,-2.268816,-0.093542,100.000000,100.000000,0.000000,0.000000,2,4,4,0.0000,0.0000,0.0000,0.5000,"PursuitChaseOptimal",-0.009642
3542,B0100,aggressive,UNKNOWN,16237.198628,29332.752128,3067.247872,2631.659495,31810.659251,18092.629147,516.083409,29883.662123,-13.484206,6231.213443,-27.863165,0.066950,False,False,False,False,True,True,True,1-circle,1.000000,5031.886430,25458.882835,-2.268816,-0.093542,100.000000,100.000000,0.000000,0.000000,2,4,4,0.0000,0.0000,0.0000,0.5000,"Accelerate",0.004950
3543,A0100,pursuit_chase_v1,UNKNOWN,16237.198628,29332.752128,3067.247872,2631.659495,31810.659251,18092.629147,516.083409,29883.662123,-13.484206,6231.213443,-27.863165,0.066950,False,False,False,False,True,True,True,1-circle,1.000000,5031.886430,25458.882835,-2.268816,-0.093542,100.000000,100.000000,0.000000,0.000000,2,4,4,0.0000,0.0000,0.0000,0.5000,"PursuitChaseOptimal",-0.012197
3543,B0100,aggressive,UNKNOWN,16237.198628,29332.752128,3067.247872,2631.659495,31810.659251,18092.629147,516.083409,29883.662123,-13.484206,6231.213443,-27.863165,0.066950,False,False,False,False,True,True,True,1-circle,1.000000,5031.886430,25458.882835,-2.268816,-0.093542,100.000000,100.000000,0.000000,0.000000,2,4,4,0.0000,0.0000,0.0000,0.5000,"Accelerate",0.007032
3544,A0100,pursuit_chase_v1,UNKNOWN,16242.775800,29327.293988,3072.706012,2634.884090,31826.938519,18093.520632,516.255741,29892.429509,175.347731,6231.215531,-28.023104,0.014282,False,False,False,False,True,True,True,1-circle,1.000000,5033.781319,25815.202375,-0.484375,0.019603,100.000000,100.000000,0.000000,0.000000,2,4,4,0.0000,0.0000,0.0000,0.5000,"PursuitChaseOptimal",0.005494
3544,B0100,aggressive,UNKNOWN,16242.775800,29327.293988,3072.706012,2634.884090,31826.938519,18093.520632,516.255741,29892.429509,175.347731,6231.215531,-28.023104,0.014282,False,False,False,False,True,True,True,1-circle,1.000000,5033.781319,25815.202375,-0.484375,0.019603,100.000000,100.000000,0.000000,0.000000,2,4,4,0.0000,0.0000,0.0000,0.5000,"Accelerate",-0.009808
3545,A0100,pursuit_chase_v1,UNKNOWN,16242.775800,29327.293988,3072.706012,2634.884090,31826.938519,18093.520632,516.255741,29892.429509,175.347731,6231.215531,-28.023104,0.014282,False,False,False,False,True,True,True,1-circle,1.000000,5033.781319,25815.202375,-0.484375,0.019603,100.000000,100.000000,0.000000,0.000000,2,4,4,0.0000,0.0000,0.0000,0.5000,"PursuitChaseOptimal",0.012743
3545,B0100,aggressive,UNKNOWN,16242.775800,29327.293988,3072.706012,2634.884090,31826.938519,18093.520632,516.255741,29892.429509,175.347731,6231.215531,-28.023104,0.014282,False,False,False,False,True,True,True,1-circle,1.000000,5033.781319,25815.202375,-0.484375,0.019603,100.000000,100.000000,0.000000,0.000000,2,4,4,0.0000,0.0000,0.0000,0.5000,"Accelerate",-0.016256
3546,A0100,pursuit_chase_v1,UNKNOWN,16248.372780,29333.435786,3066.564214,2629.423935,31846.567701,18094.346798,516.290976,29894.866314,48.736100,6211.896951,-28.269333,0.004437,False,False,False,False,True,True,True,1-circle,1.000000,5035.632002,25964.719482,0.150498,-0.069712,100.000000,100.000000,0.000000,0.000000,2,5,4,0.0000,0.0000,0.0000,0.5000,"PursuitChaseOptimal",0.010569
3546,B0100,aggressive,UNKNOWN,16248.372780,29333.435786,3066.564214,2629.423935,31846.567701,18094.346798,516.290976,29894.866314,48.736100,6211.896951,-28.269333,0.004437,False,False,False,False,True,True,True,1-circle,1.000000,5035.632002,25964.719482,0.150498,-0.069712,100.000000,100.000000,0.000000,0.000000,2,4,4,0.0000,0.0000,0.0000,0.5000,"Accelerate",-0.014026
3547,A0100,pursuit_chase_v1,UNKNOWN,16248.372780,29333.435786,3066.564214,2629.423935,31846.567701,18094.346798,516.290976,29894.866314,48.736100,6211.896951,-28.269333,0.004437,False,False,False,False,True,True,True,1-circle,1.000000,5035.632002,25964.719482,0.150498,-0.069712,100.000000,100.000000,0.000000,0.000000,2,5,4,0.0000,0.0000,0.0000,0.5000,"PursuitChaseOptimal",0.024989
3547,B0100,aggressive,UNKNOWN,16248.372780,29333.435786,3066.564214,2629.423935,31846.567701,18094.346798,516.290976,29894.866314,48.736100,6211.896951,-28.269333,0.004437,False,False,False,False,True,True,True,1-circle,1.000000,5035.632002,25964.719482,0.150498,-0.069712,100.000000,100.000000,0.000000,0.000000,2,4,4,0.0000,0.0000,0.0000,0.5000,"Accelerate",-0.028298
3548,A0100,pursuit_chase_v1,UNKNOWN,16253.932990,29342.739568,3057.260432,2629.402913,31864.060860,18095.263446,516.378109,29899.766363,98.000980,6188.399010,-28.708477,0.025705,False,False,False,False,True,True,True,1-circle,1.000000,5037.158906,25815.776705,-0.871959,0.238801,100.000000,100.000000,0.000000,0.000000,2,5,4,0.0000,0.0000,0.0000,0.5000,"PursuitChaseOptimal",0.034513
3548,B0100,aggressive,UNKNOWN,16253.932990,29342.739568,3057.260432,2629.402913,31864.060860,18095.263446,516.378109,29899.766363,98.000980,6188.399010,-28.708477,0.025705,False,False,False,False,True,True,True,1-circle,1.000000,5037.158906,25815.776705,-0.871959,0.238801,100.000000,100.000000,0.000000,0.000000,2,4,4,0.0000,0.0000,0.0000,0.5000,"Accelerate",-0.037583
3549,A0100,pursuit_chase_v1,UNKNOWN,16253.932990,29342.739568,3057.260432,2629.402913,31864.060860,18095.263446,516.378109,29899.766363,98.000980,6188.399010,-28.708477,0.025705,False,False,False,False,True,True,True,1-circle,1.000000,5037.158906,25815.776705,-0.871959,0.238801,100.000000,100.000000,0.000000,0.000000,2,5,4,0.0000,0.0000,0.0000,0.5000,"PursuitChaseOptimal",0.039401
3549,B0100,aggressive,UNKNOWN,16253.932990,29342.739568,3057.260432,2629.402913,31864.060860,18095.263446,516.378109,29899.766363,98.000980,6188.399010,-28.708477,0.025705,False,False,False,False,True,True,True,1-circle,1.000000,5037.158906,25815.776705,-0.871959,0.238801,100.000000,100.000000,0.000000,0.000000,2,4,4,0.0000,0.0000,0.0000,0.5000,"Accelerate",-0.041714
3550,A0100,pursuit_chase_v1,UNKNOWN,16259.444491,29349.383217,3050.616783,2626.533729,31883.227733,18096.188614,516.452104,29904.074870,86.170136,6152.963713,-29.144972,0.008259,False,False,False,False,True,True,True,1-circle,1.000000,5038.302855,25957.251486,-0.280211,0.066283,100.000000,100.000000,0.000000,0.000000,2,5,4,0.0000,0.0000,0.0000,0.5000,"PursuitChaseOptimal",0.028714
3550,B0100,aggressive,UNKNOWN,16259.444491,29349.383217,3050.616783,2626.533729,31883.227733,18096.188614,516.452104,29904.074870,86.170136,6152.963713,-29.144972,0.008259,False,False,False,False,True,True,True,1-circle,1.000000,5038.302855,25957.251486,-0.280211,0.066283,100.000000,100.000000,0.000000,0.000000,2,4,4,0.0000,0.0000,0.0000,0.5000,"Accelerate",-0.031198
3551,A0100,pursuit_chase_v1,UNKNOWN,16259.444491,29349.383217,3050.616783,2626.533729,31883.227733,18096.188614,516.452104,29904.074870,86.170136,6152.963713,-29.144972,0.008259,False,False,False,False,True,True,True,1-circle,1.000000,5038.302855,25957.251486,-0.280211,0.066283,100.000000,100.000000,0.000000,0.000000,2,5,4,0.0000,0.0000,0.0000,0.5000,"PursuitChaseOptimal",0.019942
3551,B0100,aggressive,UNKNOWN,16259.444491,29349.383217,3050.616783,2626.533729,31883.227733,18096.188614,516.452104,29904.074870,86.170136,6152.963713,-29.144972,0.008259,False,False,False,False,True,True,True,1-circle,1.000000,5038.302855,25957.251486,-0.280211,0.066283,100.000000,100.000000,0.000000,0.000000,2,4,4,0.0000,0.0000,0.0000,0.5000,"Accelerate",-0.023246
3552,A0100,pursuit_chase_v1,UNKNOWN,16264.878649,29355.653729,3044.346271,2625.135703,31900.809617,18097.196047,516.494343,29907.013806,58.778720,6120.233321,-29.432846,0.039562,False,False,False,False,True,True,True,1-circle,1.000000,5038.961516,25800.781325,-1.342214,0.108048,100.000000,100.000000,0.000000,0.000000,2,5,4,0.0000,0.0000,0.0000,0.5000,"PursuitChaseOptimal",0.013576
3552,B0100,aggressive,UNKNOWN,16264.878649,29355.653729,3044.346271,2625.135703,31900.809617,18097.196047,516.494343,29907.013806,58.778720,6120.233321,-29.432846,0.039562,False,False,False,False,True,True,True,1-circle,1.000000,5038.961516,25800.781325,-1.342214,0.108048,100.000000,100.000000,0.000000,0.000000,2,4,4,0.0000,0.0000,0.0000,0.5000,"Accelerate",-0.017164
3553,A0100,pursuit_chase_v1,UNKNOWN,16264.878649,29355.653729,3044.346271,2625.135703,31900.809617,18097.196047,516.494343,29907.013806,58.778720,6120.233321,-29.432846,0.039562,False,False,False,False,True,True,True,1-circle,1.000000,5038.961516,25800.781325,-1.342214,0.108048,100.000000,100.000000,0.000000,0.000000,2,5,4,0.0000,0.0000,0.0000,0.5000,"PursuitChaseOptimal",0.003214
3553,B0100,aggressive,UNKNOWN,16264.878649,29355.653729,3044.346271,2625.135703,31900.809617,18097.196047,516.494343,29907.013806,58.778720,6120.233321,-29.432846,0.039562,False,False,False,False,True,True,True,1-circle,1.000000,5038.961516,25800.781325,-1.342214,0.108048,100.000000,100.000000,0.000000,0.000000,2,4,4,0.0000,0.0000,0.0000,0.5000,"Accelerate",-0.006788
3554,A0100,pursuit_chase_v1,UNKNOWN,16270.267212,29358.488311,3041.511689,2614.672395,31920.178156,18098.163999,516.567857,29911.343843,86.600737,6093.900968,-29.368018,0.020261,False,False,False,False,True,True,True,1-circle,1.000000,5039.415552,25953.298692,-0.687573,-0.085712,100.000000,100.000000,0.000000,0.000000,2,5,4,0.0000,0.0000,0.0000,0.5000,"PursuitChaseOptimal",-0.008088
3554,B0100,aggressive,UNKNOWN,16270.267212,29358.488311,3041.511689,2614.672395,31920.178156,18098.163999,516.567857,29911.343843,86.600737,6093.900968,-29.368018,0.020261,False,False,False,False,True,True,True,1-circle,1.000000,5039.415552,25953.298692,-0.687573,-0.085712,100.000000,100.000000,0.000000,0.000000,2,4,4,0.0000,0.0000,0.0000,0.5000,"Accelerate",0.004258
3555,A0100,pursuit_chase_v1,UNKNOWN,16270.267212,29358.488311,3041.511689,2614.672395,31920.178156,18098.163999,516.567857,29911.343843,86.600737,6093.900968,-29.368018,0.020261,False,False,False,False,True,True,True,1-circle,1.000000,5039.415552,25953.298692,-0.687573,-0.085712,100.000000,100.000000,0.000000,0.000000,2,5,4,0.0000,0.0000,0.0000,0.5000,"PursuitChaseOptimal",-0.012576
3555,B0100,aggressive,UNKNOWN,16270.267212,29358.488311,3041.511689,2614.672395,31920.178156,18098.163999,516.567857,29911.343843,86.600737,6093.900968,-29.368018,0.020261,False,False,False,False,True,True,True,1-circle,1.000000,5039.415552,25953.298692,-0.687573,-0.085712,100.000000,100.000000,0.000000,0.000000,2,4,4,0.0000,0.0000,0.0000,0.5000,"Accelerate",0.008099
3556,A0100,pursuit_chase_v1,UNKNOWN,16275.587472,29363.933357,3036.066643,2576.959024,31937.735947,18099.184616,516.600543,29913.859476,50.312663,6080.264903,-28.627475,0.054979,False,False,False,False,True,True,True,1-circle,1.000000,5039.842907,25775.843959,-1.865324,0.098558,100.000000,100.000000,0.000000,0.000000,2,5,4,0.0000,0.0000,0.0000,0.5000,"PursuitChaseOptimal",-0.028145
3556,B0100,aggressive,UNKNOWN,16275.587472,29363.933357,3036.066643,2576.959024,31937.735947,18099.184616,516.600543,29913.859476,50.312663,6080.264903,-28.627475,0.054979,False,False,False,False,True,True,True,1-circle,1.000000,5039.842907,25775.843959,-1.865324,0.098558,100.000000,100.000000,0.000000,0.000000,2,4,4,0.0000,0.0000,0.0000,0.5000,"Accelerate",0.022665
3557,A0100,pursuit_chase_v1,UNKNOWN,16275.587472,29363.933357,3036.066643,2576.959024,31937.735947,18099.184616,516.600543,29913.859476,50.312663,6080.264903,-28.627475,0.054979,False,False,False,False,True,True,True,1-circle,1.000000,5039.842907,25775.843959,-1.865324,0.098558,100.000000,100.000000,0.000000,0.000000,2,5,4,0.0000,0.0000,0.0000,0.5000,"PursuitChaseOptimal",-0.030188
3557,B0100,aggressive,UNKNOWN,16275.587472,29363.933357,3036.066643,2576.959024,31937.735947,18099.184616,516.600543,29913.859476,50.312663,6080.264903,-28.627475,0.054979,False,False,False,False,True,True,True,1-circle,1.000000,5039.842907,25775.843959,-1.865324,0.098558,100.000000,100.000000,0.000000,0.000000,2,4,4,0.0000,0.0000,0.0000,0.5000,"Accelerate",0.024969
3558,A0100,pursuit_chase_v1,UNKNOWN,16280.830112,29358.329631,3041.670369,2500.682166,31955.180391,18100.131073,516.768855,29922.505792,172.926314,6085.792914,-26.863322,0.023837,False,False,False,False,True,True,True,1-circle,1.000000,5040.765545,26291.701033,0.809242,-0.038960,100.000000,100.000000,0.000000,0.000000,2,4,4,0.0000,0.0000,0.0000,0.5000,"PursuitChaseOptimal",-0.024940
3558,B0100,aggressive,UNKNOWN,16280.830112,29358.329631,3041.670369,2500.682166,31955.180391,18100.131073,516.768855,29922.505792,172.926314,6085.792914,-26.863322,0.023837,False,False,False,False,True,True,True,1-circle,1.000000,5040.765545,26291.701033,0.809242,-0.038960,100.000000,100.000000,0.000000,0.000000,2,4,4,0.0000,0.0000,0.0000,0.5000,"Accelerate",0.020491
3559,A0100,pursuit_chase_v1,UNKNOWN,16280.830112,29358.329631,3041.670369,2500.682166,31955.180391,18100.131073,516.768855,29922.505792,172.926314,6085.792914,-26.863322,0.023837,False,False,False,False,True,True,True,1-circle,1.000000,5040.765545,26291.701033,0.809242,-0.038960,100.000000,100.000000,0.000000,0.000000,2,4,4,0.0000,0.0000,0.0000,0.5000,"PursuitChaseOptimal",-0.030035
3559,B0100,aggressive,UNKNOWN,16280.830112,29358.329631,3041.670369,2500.682166,31955.180391,18100.131073,516.768855,29922.505792,172.926314,6085.792914,-26.863322,0.023837,False,False,False,False,True,True,True,1-circle,1.000000,5040.765545,26291.701033,0.809242,-0.038960,100.000000,100.000000,0.000000,0.000000,2,4,4,0.0000,0.0000,0.0000,0.5000,"Accelerate",0.025434
3560,A0100,pursuit_chase_v1,UNKNOWN,16285.946203,29370.255517,3029.744483,2397.065463,31974.271623,18101.100103,516.749222,29922.576530,1.414773,6093.220547,-24.990231,0.038475,False,False,False,False,True,True,True,1-circle,1.000000,5042.364354,25944.916874,-1.305977,0.145350,100.000000,100.000000,0.000000,0.000000,2,4,4,0.0000,0.0000,0.0000,0.5000,"PursuitChaseOptimal",-0.032579
3560,B0100,aggressive,UNKNOWN,16285.946203,29370.255517,3029.744483,2397.065463,31974.271623,18101.100103,516.749222,29922.576530,1.414773,6093.220547,-24.990231,0.038475,False,False,False,False,True,True,True,1-circle,1.000000,5042.364354,25944.916874,-1.305977,0.145350,100.000000,100.000000,0.000000,0.000000,2,4,4,0.0000,0.0000,0.0000,0.5000,"Accelerate",0.027372
3561,A0100,pursuit_chase_v1,UNKNOWN,16285.946203,29370.255517,3029.744483,2397.065463,31974.271623,18101.100103,516.749222,29922.576530,1.414773,6093.220547,-24.990231,0.038475,False,False,False,False,True,True,True,1-circle,1.000000,5042.364354,25944.916874,-1.305977,0.145350,100.000000,100.000000,0.000000,0.000000,2,4,4,0.0000,0.0000,0.0000,0.5000,"PursuitChaseOptimal",-0.034175
3561,B0100,aggressive,UNKNOWN,16285.946203,29370.255517,3029.744483,2397.065463,31974.271623,18101.100103,516.749222,29922.576530,1.414773,6093.220547,-24.990231,0.038475,False,False,False,False,True,True,True,1-circle,1.000000,5042.364354,25944.916874,-1.305977,0.145350,100.000000,100.000000,0.000000,0.000000,2,4,4,0.0000,0.0000,0.0000,0.5000,"Accelerate",0.028870
3562,A0100,pursuit_chase_v1,UNKNOWN,16290.969139,29366.785716,3033.214284,2315.795415,31986.437101,18102.091644,516.891172,29930.063659,149.742579,6120.103893,-23.458520,0.007930,False,False,False,False,True,True,True,1-circle,1.000000,5044.660429,26261.872051,0.269277,0.062643,100.000000,100.000000,0.000000,0.000000,2,4,4,0.0000,0.0000,0.0000,0.5000,"PursuitChaseOptimal",-0.030222
3562,B0100,aggressive,UNKNOWN,16290.969139,29366.785716,3033.214284,2315.795415,31986.437101,18102.091644,516.891172,29930.063659,149.742579,6120.103893,-23.458520,0.007930,False,False,False,False,True,True,True,1-circle,1.000000,5044.660429,26261.872051,0.269277,0.062643,100.000000,100.000000,0.000000,0.000000,2,4,4,0.0000,0.0000,0.0000,0.5000,"Accelerate",0.025423
3563,A0100,pursuit_chase_v1,UNKNOWN,16290.969139,29366.785716,3033.214284,2315.795415,31986.437101,18102.091644,516.891172,29930.063659,149.742579,6120.103893,-23.458520,0.007930,False,False,False,False,True,True,True,1-circle,1.000000,5044.660429,26261.872051,0.269277,0.062643,100.000000,100.000000,0.000000,0.000000,2,4,4,0.0000,0.0000,0.0000,0.5000,"PursuitChaseOptimal",-0.026292
3563,B0100,aggressive,UNKNOWN,16290.969139,29366.785716,3033.214284,2315.795415,31986.437101,18102.091644,516.891172,29930.063659,149.742579,6120.103893,-23.458520,0.007930,False,False,False,False,True,True,True,1-circle,1.000000,5044.660429,26261.872051,0.269277,0.062643,100.000000,100.000000,0.000000,0.000000,2,4,4,0.0000,0.0000,0.0000,0.5000,"Accelerate",0.021791
3564,A0100,pursuit_chase_v1,UNKNOWN,16295.968330,29375.808118,3024.191882,2255.005902,32006.530703,18103.092698,516.846826,29929.035261,-20.567957,6137.263430,-22.712538,0.053499,False,False,False,False,True,True,True,1-circle,1.000000,5047.514986,25919.501251,-1.816045,0.003719,100.000000,100.000000,0.000000,0.000000,2,4,4,0.0000,0.0000,0.0000,0.5000,"PursuitChaseOptimal",-0.022788
3564,B0100,aggressive,UNKNOWN,16295.968330,29375.808118,3024.191882,2255.005902,32006.530703,18103.092698,516.846826,29929.035261,-20.567957,6137.263430,-22.712538,0.053499,False,False,False,False,True,True,True,1-circle,1.000000,5047.514986,25919.501251,-1.816045,0.003719,100.000000,100.000000,0.000000,0.000000,2,4,4,0.0000,0.0000,0.0000,0.5000,"Accelerate",0.017914
3565,A0100,pursuit_chase_v1,UNKNOWN,16295.968330,29375.808118,3024.191882,2255.005902,32006.530703,18103.092698,516.846826,29929.035261,-20.567957,6137.263430,-22.712538,0.053499,False,False,False,False,True,True,True,1-circle,1.000000,5047.514986,25919.501251,-1.816045,0.003719,100.000000,100.000000,0.000000,0.000000,2,4,4,0.0000,0.0000,0.0000,0.5000,"PursuitChaseOptimal",-0.022098
3565,B0100,aggressive,UNKNOWN,16295.968330,29375.808118,3024.191882,2255.005902,32006.530703,18103.092698,516.846826,29929.035261,-20.567957,6137.263430,-22.712538,0.053499,False,False,False,False,True,True,True,1-circle,1.000000,5047.514986,25919.501251,-1.816045,0.003719,100.000000,100.000000,0.000000,0.000000,2,4,4,0.0000,0.0000,0.0000,0.5000,"Accelerate",0.017091
3566,A0100,pursuit_chase_v1,UNKNOWN,16300.970207,29371.853848,3028.146152,2222.672185,32018.059942,18104.114675,516.976549,29935.994349,139.181742,6157.431048,-22.242460,0.008119,False,False,False,False,True,True,True,1-circle,1.000000,5050.700103,26229.475751,-0.275742,0.140347,100.000000,100.000000,0.000000,0.000000,2,4,4,0.0000,0.0000,0.0000,0.5000,"PursuitChaseOptimal",-0.021344
3566,B0100,aggressive,UNKNOWN,16300.970207,29371.853848,3028.146152,2222.672185,32018.059942,18104.114675,516.976549,29935.994349,139.181742,6157.431048,-22.242460,0.008119,False,False,False,False,True,True,True,1-circle,1.000000,5050.700103,26229.475751,-0.275742,0.140347,100.000000,100.000000,0.000000,0.000000,2,4,4,0.0000,0.0000,0.0000,0.5000,"Accelerate",0.016795
3567,A0100,pursuit_chase_v1,UNKNOWN,16300.970207,29371.853848,3028.146152,2222.672185,32018.059942,18104.114675,516.976549,29935.994349,139.181742,6157.431048,-22.242460,0.008119,False,False,False,False,True,True,True,1-circle,1.000000,5050.700103,26229.475751,-0.275742,0.140347,100.000000,100.000000,0.000000,0.000000,2,4,4,0.0000,0.0000,0.0000,0.5000,"PursuitChaseOptimal",-0.022670
3567,B0100,aggressive,UNKNOWN,16300.970207,29371.853848,3028.146152,2222.672185,32018.059942,18104.114675,516.976549,29935.994349,139.181742,6157.431048,-22.242460,0.008119,False,False,False,False,True,True,True,1-circle,1.000000,5050.700103,26229.475751,-0.275742,0.140347,100.000000,100.000000,0.000000,0.000000,2,4,4,0.0000,0.0000,0.0000,0.5000,"Accelerate",0.018201
3568,A0100,pursuit_chase_v1,UNKNOWN,16305.973081,29380.030826,3019.969174,2189.081562,32038.025106,18105.147006,516.957710,29936.164395,3.400934,6159.251514,-21.864170,0.069237,False,False,False,False,True,True,True,1-circle,1.000000,5054.128236,25888.602144,-2.350265,0.016821,100.000000,100.000000,0.000000,0.000000,2,4,4,0.0000,0.0000,0.0000,0.5000,"PursuitChaseOptimal",-0.024534
3568,B0100,aggressive,UNKNOWN,16305.973081,29380.030826,3019.969174,2189.081562,32038.025106,18105.147006,516.957710,29936.164395,3.400934,6159.251514,-21.864170,0.069237,False,False,False,False,True,True,True,1-circle,1.000000,5054.128236,25888.602144,-2.350265,0.016821,100.000000,100.000000,0.000000,0.000000,2,4,4,0.0000,0.0000,0.0000,0.5000,"Accelerate",0.019458
3569,A0100,pursuit_chase_v1,UNKNOWN,16305.973081,29380.030826,3019.969174,2189.081562,32038.025106,18105.147006,516.957710,29936.164395,3.400934,6159.251514,-21.864170,0.069237,False,False,False,False,True,True,True,1-circle,1.000000,5054.128236,25888.602144,-2.350265,0.016821,100.000000,100.000000,0.000000,0.000000,2,4,4,0.0000,0.0000,0.0000,0.5000,"PursuitChaseOptimal",-0.024555
3569,B0100,aggressive,UNKNOWN,16305.973081,29380.030826,3019.969174,2189.081562,32038.025106,18105.147006,516.957710,29936.164395,3.400934,6159.251514,-21.864170,0.069237,False,False,False,False,True,True,True,1-circle,1.000000,5054.128236,25888.602144,-2.350265,0.016821,100.000000,100.000000,0.000000,0.000000,2,4,4,0.0000,0.0000,0.0000,0.5000,"Accelerate",0.019135
3570,A0100,pursuit_chase_v1,UNKNOWN,16310.975764,29370.088288,3029.911712,2171.613243,32050.832365,18106.173497,517.136808,29945.389916,184.510410,6171.959156,-21.421736,0.016393,False,False,False,False,True,True,True,1-circle,1.000000,5057.789936,26243.862679,-0.556936,-0.002408,100.000000,100.000000,0.000000,0.000000,2,4,4,0.0000,0.0000,0.0000,0.5000,"PursuitChaseOptimal",-0.018722
3570,B0100,aggressive,UNKNOWN,16310.975764,29370.088288,3029.911712,2171.613243,32050.832365,18106.173497,517.136808,29945.389916,184.510410,6171.959156,-21.421736,0.016393,False,False,False,False,True,True,True,1-circle,1.000000,5057.789936,26243.862679,-0.556936,-0.002408,100.000000,100.000000,0.000000,0.000000,2,4,4,0.0000,0.0000,0.0000,0.5000,"Accelerate",0.013625
3571,A0100,pursuit_chase_v1,UNKNOWN,16310.975764,29370.088288,3029.911712,2171.613243,32050.832365,18106.173497,517.136808,29945.389916,184.510410,6171.959156,-21.421736,0.016393,False,False,False,False,True,True,True,1-circle,1.000000,5057.789936,26243.862679,-0.556936,-0.002408,100.000000,100.000000,0.000000,0.000000,2,4,4,0.0000,0.0000,0.0000,0.5000,"PursuitChaseOptimal",-0.006037
3571,B0100,aggressive,UNKNOWN,16310.975764,29370.088288,3029.911712,2171.613243,32050.832365,18106.173497,517.136808,29945.389916,184.510410,6171.959156,-21.421736,0.016393,False,False,False,False,True,True,True,1-circle,1.000000,5057.789936,26243.862679,-0.556936,-0.002408,100.000000,100.000000,0.000000,0.000000,2,4,4,0.0000,0.0000,0.0000,0.5000,"Accelerate",0.001597
3572,A0100,pursuit_chase_v1,UNKNOWN,16316.011931,29367.174831,3032.825169,2157.783927,32066.869745,18107.097820,517.204023,29949.392032,80.042329,6183.613073,-21.427109,0.000188,False,False,False,False,True,True,True,1-circle,1.000000,5061.714594,26377.773628,0.006372,-0.206149,100.000000,100.000000,0.000000,0.000000,2,4,4,0.0000,0.0000,0.0000,0.5000,"PursuitChaseOptimal",0.008198
3572,B0100,aggressive,UNKNOWN,16316.011931,29367.174831,3032.825169,2157.783927,32066.869745,18107.097820,517.204023,29949.392032,80.042329,6183.613073,-21.427109,0.000188,False,False,False,False,True,True,True,1-circle,1.000000,5061.714594,26377.773628,0.006372,-0.206149,100.000000,100.000000,0.000000,0.000000,2,4,4,0.0000,0.0000,0.0000,0.5000,"Accelerate",-0.012160
3573,A0100,pursuit_chase_v1,UNKNOWN,16316.011931,29367.174831,3032.825169,2157.783927,32066.869745,18107.097820,517.204023,29949.392032,80.042329,6183.613073,-21.427109,0.000188,False,False,False,False,True,True,True,1-circle,1.000000,5061.714594,26377.773628,0.006372,-0.206149,100.000000,100.000000,0.000000,0.000000,2,4,4,0.0000,0.0000,0.0000,0.5000,"PursuitChaseOptimal",0.023459
3573,B0100,aggressive,UNKNOWN,16316.011931,29367.174831,3032.825169,2157.783927,32066.869745,18107.097820,517.204023,29949.392032,80.042329,6183.613073,-21.427109,0.000188,False,False,False,False,True,True,True,1-circle,1.000000,5061.714594,26377.773628,0.006372,-0.206149,100.000000,100.000000,0.000000,0.000000,2,4,4,0.0000,0.0000,0.0000,0.5000,"Accelerate",-0.027540
3574,A0100,pursuit_chase_v1,UNKNOWN,16321.071308,29367.695013,3032.304987,2152.181224,32080.717729,18108.048437,517.235070,29951.764459,47.448540,6192.411944,-22.003778,0.031799,False,False,False,False,True,True,True,1-circle,1.000000,5065.532371,26214.507740,-1.080460,0.024518,100.000000,100.000000,0.000000,0.000000,2,4,4,0.0000,0.0000,0.0000,0.5000,"PursuitChaseOptimal",0.034376
3574,B0100,aggressive,UNKNOWN,16321.071308,29367.695013,3032.304987,2152.181224,32080.717729,18108.048437,517.235070,29951.764459,47.448540,6192.411944,-22.003778,0.031799,False,False,False,False,True,True,True,1-circle,1.000000,5065.532371,26214.507740,-1.080460,0.024518,100.000000,100.000000,0.000000,0.000000,2,4,4,0.0000,0.0000,0.0000,0.5000,"Accelerate",-0.038249
3575,A0100,pursuit_chase_v1,UNKNOWN,16321.071308,29367.695013,3032.304987,2152.181224,32080.717729,18108.048437,517.235070,29951.764459,47.448540,6192.411944,-22.003778,0.031799,False,False,False,False,True,True,True,1-circle,1.000000,5065.532371,26214.507740,-1.080460,0.024518,100.000000,100.000000,0.000000,0.000000,2,4,4,0.0000,0.0000,0.0000,0.5000,"PursuitChaseOptimal",0.037852
3575,B0100,aggressive,UNKNOWN,16321.071308,29367.695013,3032.304987,2152.181224,32080.717729,18108.048437,517.235070,29951.764459,47.448540,6192.411944,-22.003778,0.031799,False,False,False,False,True,True,True,1-circle,1.000000,5065.532371,26214.507740,-1.080460,0.024518,100.000000,100.000000,0.000000,0.000000,2,4,4,0.0000,0.0000,0.0000,0.5000,"Accelerate",-0.041074
3576,A0100,pursuit_chase_v1,UNKNOWN,16326.184316,29366.511747,3033.488253,2147.528580,32096.587992,18108.945645,517.294666,29955.391086,72.532543,6210.727195,-23.065280,0.012938,False,False,False,False,True,True,True,1-circle,1.000000,5069.060578,26362.056557,-0.439695,-0.098509,100.000000,100.000000,0.000000,0.000000,2,4,4,0.0000,0.0000,0.0000,0.5000,"PursuitChaseOptimal",0.042684
3576,B0100,aggressive,UNKNOWN,16326.184316,29366.511747,3033.488253,2147.528580,32096.587992,18108.945645,517.294666,29955.391086,72.532543,6210.727195,-23.065280,0.012938,False,False,False,False,True,True,True,1-circle,1.000000,5069.060578,26362.056557,-0.439695,-0.098509,100.000000,100.000000,0.000000,0.000000,2,4,4,0.0000,0.0000,0.0000,0.5000,"Accelerate",-0.045519
3577,A0100,pursuit_chase_v1,UNKNOWN,16326.184316,29366.511747,3033.488253,2147.528580,32096.587992,18108.945645,517.294666,29955.391086,72.532543,6210.727195,-23.065280,0.012938,False,False,False,False,True,True,True,1-circle,1.000000,5069.060578,26362.056557,-0.439695,-0.098509,100.000000,100.000000,0.000000,0.000000,2,4,4,0.0000,0.0000,0.0000,0.5000,"PursuitChaseOptimal",0.020446
3577,B0100,aggressive,UNKNOWN,16326.184316,29366.511747,3033.488253,2147.528580,32096.587992,18108.945645,517.294666,29955.391086,72.532543,6210.727195,-23.065280,0.012938,False,False,False,False,True,True,True,1-circle,1.000000,5069.060578,26362.056557,-0.439695,-0.098509,100.000000,100.000000,0.000000,0.000000,2,4,4,0.0000,0.0000,0.0000,0.5000,"Accelerate",-0.024393
3578,A0100,pursuit_chase_v1,UNKNOWN,16331.332973,29366.805966,3033.194034,2142.083491,32110.625845,18109.883785,517.327918,29957.852274,49.223752,6216.459887,-23.818974,0.048300,False,False,False,False,True,True,True,1-circle,1.000000,5072.125030,26177.623936,-1.641183,-0.015001,100.000000,100.000000,0.000000,0.000000,2,4,4,0.0000,0.0000,0.0000,0.5000,"PursuitChaseOptimal",0.005799
3578,B0100,aggressive,UNKNOWN,16331.332973,29366.805966,3033.194034,2142.083491,32110.625845,18109.883785,517.327918,29957.852274,49.223752,6216.459887,-23.818974,0.048300,False,False,False,False,True,True,True,1-circle,1.000000,5072.125030,26177.623936,-1.641183,-0.015001,100.000000,100.000000,0.000000,0.000000,2,4,4,0.0000,0.0000,0.0000,0.5000,"Accelerate",-0.010244
3579,A0100,pursuit_chase_v1,UNKNOWN,16331.332973,29366.805966,3033.194034,2142.083491,32110.625845,18109.883785,517.327918,29957.852274,49.223752,6216.459887,-23.818974,0.048300,False,False,False,False,True,True,True,1-circle,1.000000,5072.125030,26177.623936,-1.641183,-0.015001,100.000000,100.000000,0.000000,0.000000,2,4,4,0.0000,0.0000,0.0000,0.5000,"PursuitChaseOptimal",0.008668
3579,B0100,aggressive,UNKNOWN,16331.332973,29366.805966,3033.194034,2142.083491,32110.625845,18109.883785,517.327918,29957.852274,49.223752,6216.459887,-23.818974,0.048300,False,False,False,False,True,True,True,1-circle,1.000000,5072.125030,26177.623936,-1.641183,-0.015001,100.000000,100.000000,0.000000,0.000000,2,4,4,0.0000,0.0000,0.0000,0.5000,"Accelerate",-0.012569
3580,A0100,pursuit_chase_v1,UNKNOWN,16336.519007,29364.608029,3035.391971,2140.889168,32125.677191,18110.756322,517.397874,29961.929337,81.541262,6218.327655,-24.199207,0.028618,False,False,False,False,True,True,True,1-circle,1.000000,5075.019640,26329.752187,-0.972729,-0.189028,100.000000,100.000000,0.000000,0.000000,2,4,4,0.0000,0.0000,0.0000,0.5000,"PursuitChaseOptimal",-0.001048
3580,B0100,aggressive,UNKNOWN,16336.519007,29364.608029,3035.391971,2140.889168,32125.677191,18110.756322,517.397874,29961.929337,81.541262,6218.327655,-24.199207,0.028618,False,False,False,False,True,True,True,1-circle,1.000000,5075.019640,26329.752187,-0.972729,-0.189028,100.000000,100.000000,0.000000,0.000000,2,4,4,0.0000,0.0000,0.0000,0.5000,"Accelerate",-0.002969
3581,A0100,pursuit_chase_v1,UNKNOWN,16336.519007,29364.608029,3035.391971,2140.889168,32125.677191,18110.756322,517.397874,29961.929337,81.541262,6218.327655,-24.199207,0.028618,False,False,False,False,True,True,True,1-circle,1.000000,5075.019640,26329.752187,-0.972729,-0.189028,100.000000,100.000000,0.000000,0.000000,2,4,4,0.0000,0.0000,0.0000,0.5000,"PursuitChaseOptimal",-0.020914
3581,B0100,aggressive,UNKNOWN,16336.519007,29364.608029,3035.391971,2140.889168,32125.677191,18110.756322,517.397874,29961.929337,81.541262,6218.327655,-24.199207,0.028618,False,False,False,False,True,True,True,1-circle,1.000000,5075.019640,26329.752187,-0.972729,-0.189028,100.000000,100.000000,0.000000,0.000000,2,4,4,0.0000,0.0000,0.0000,0.5000,"Accelerate",0.015805
3582,A0100,pursuit_chase_v1,UNKNOWN,16341.694078,29366.035137,3033.964863,2139.784082,32141.512131,18111.664150,517.429538,29964.287747,47.168205,6209.222173,-24.219839,0.062607,False,False,False,False,True,True,True,1-circle,1.000000,5077.760677,26153.637216,-2.127387,0.005796,100.000000,100.000000,0.000000,0.000000,2,4,4,0.0000,0.0000,0.0000,0.5000,"PursuitChaseOptimal",-0.024663
3582,B0100,aggressive,UNKNOWN,16341.694078,29366.035137,3033.964863,2139.784082,32141.512131,18111.664150,517.429538,29964.287747,47.168205,6209.222173,-24.219839,0.062607,False,False,False,False,True,True,True,1-circle,1.000000,5077.760677,26153.637216,-2.127387,0.005796,100.000000,100.000000,0.000000,0.000000,2,4,4,0.0000,0.0000,0.0000,0.5000,"Accelerate",0.019075
3583,A0100,pursuit_chase_v1,UNKNOWN,16341.694078,29366.035137,3033.964863,2139.784082,32141.512131,18111.664150,517.429538,29964.287747,47.168205,6209.222173,-24.219839,0.062607,False,False,False,False,True,True,True,1-circle,1.000000,5077.760677,26153.637216,-2.127387,0.005796,100.000000,100.000000,0.000000,0.000000,2,4,4,0.0000,0.0000,0.0000,0.5000,"PursuitChaseOptimal",-0.006647
3583,B0100,aggressive,UNKNOWN,16341.694078,29366.035137,3033.964863,2139.784082,32141.512131,18111.664150,517.429538,29964.287747,47.168205,6209.222173,-24.219839,0.062607,False,False,False,False,True,True,True,1-circle,1.000000,5077.760677,26153.637216,-2.127387,0.005796,100.000000,100.000000,0.000000,0.000000,2,4,4,0.0000,0.0000,0.0000,0.5000,"Accelerate",0.001856
3584,A0100,pursuit_chase_v1,UNKNOWN,16346.902194,29356.486245,3043.513755,2143.161396,32156.246389,18112.486275,517.613860,29973.555791,185.360884,6212.070370,-24.214394,0.016641,False,False,False,False,True,True,True,1-circle,1.000000,5080.626449,26670.415341,0.565895,-0.133686,100.000000,100.000000,0.000000,0.000000,2,4,4,0.0000,0.0000,0.0000,0.5000,"PursuitChaseOptimal",0.002856
3584,B0100,aggressive,UNKNOWN,16346.902194,29356.486245,3043.513755,2143.161396,32156.246389,18112.486275,517.613860,29973.555791,185.360884,6212.070370,-24.214394,0.016641,False,False,False,False,True,True,True,1-circle,1.000000,5080.626449,26670.415341,0.565895,-0.133686,100.000000,100.000000,0.000000,0.000000,2,4,4,0.0000,0.0000,0.0000,0.5000,"Accelerate",-0.006947
3585,A0100,pursuit_chase_v1,UNKNOWN,16346.902194,29356.486245,3043.513755,2143.161396,32156.246389,18112.486275,517.613860,29973.555791,185.360884,6212.070370,-24.214394,0.016641,False,False,False,False,True,True,True,1-circle,1.000000,5080.626449,26670.415341,0.565895,-0.133686,100.000000,100.000000,0.000000,0.000000,2,4,4,0.0000,0.0000,0.0000,0.5000,"PursuitChaseOptimal",0.015825
3585,B0100,aggressive,UNKNOWN,16346.902194,29356.486245,3043.513755,2143.161396,32156.246389,18112.486275,517.613860,29973.555791,185.360884,6212.070370,-24.214394,0.016641,False,False,False,False,True,True,True,1-circle,1.000000,5080.626449,26670.415341,0.565895,-0.133686,100.000000,100.000000,0.000000,0.000000,2,4,4,0.0000,0.0000,0.0000,0.5000,"Accelerate",-0.019302
3586,A0100,pursuit_chase_v1,UNKNOWN,16352.092340,29362.658042,3037.341958,2137.746314,32173.536821,18113.293105,517.564067,29972.080733,-29.501160,6185.138510,-24.282808,0.045507,False,False,False,False,True,True,True,1-circle,1.000000,5083.417958,26322.107356,-1.547044,-0.164312,100.000000,100.000000,0.000000,0.000000,2,4,4,0.0000,0.0000,0.0000,0.5000,"PursuitChaseOptimal",0.019813
3586,B0100,aggressive,UNKNOWN,16352.092340,29362.658042,3037.341958,2137.746314,32173.536821,18113.293105,517.564067,29972.080733,-29.501160,6185.138510,-24.282808,0.045507,False,False,False,False,True,True,True,1-circle,1.000000,5083.417958,26322.107356,-1.547044,-0.164312,100.000000,100.000000,0.000000,0.000000,2,4,4,0.0000,0.0000,0.0000,0.5000,"Accelerate",-0.023576
3587,A0100,pursuit_chase_v1,UNKNOWN,16352.092340,29362.658042,3037.341958,2137.746314,32173.536821,18113.293105,517.564067,29972.080733,-29.501160,6185.138510,-24.282808,0.045507,False,False,False,False,True,True,True,1-circle,1.000000,5083.417958,26322.107356,-1.547044,-0.164312,100.000000,100.000000,0.000000,0.000000,2,4,4,0.0000,0.0000,0.0000,0.5000,"PursuitChaseOptimal",0.002215
3587,B0100,aggressive,UNKNOWN,16352.092340,29362.658042,3037.341958,2137.746314,32173.536821,18113.293105,517.564067,29972.080733,-29.501160,6185.138510,-24.282808,0.045507,False,False,False,False,True,True,True,1-circle,1.000000,5083.417958,26322.107356,-1.547044,-0.164312,100.000000,100.000000,0.000000,0.000000,2,4,4,0.0000,0.0000,0.0000,0.5000,"Accelerate",-0.006619
3588,A0100,pursuit_chase_v1,UNKNOWN,16357.230352,29357.300401,3042.699599,2136.781913,32184.405266,18114.106229,517.682533,29978.323253,124.850395,6173.458920,-24.354226,0.001549,False,False,False,False,True,True,True,1-circle,1.000000,5085.983782,26641.991428,0.052681,-0.020971,100.000000,100.000000,0.000000,0.000000,2,4,4,0.0000,0.0000,0.0000,0.5000,"PursuitChaseOptimal",-0.008526
3588,B0100,aggressive,UNKNOWN,16357.230352,29357.300401,3042.699599,2136.781913,32184.405266,18114.106229,517.682533,29978.323253,124.850395,6173.458920,-24.354226,0.001549,False,False,False,False,True,True,True,1-circle,1.000000,5085.983782,26641.991428,0.052681,-0.020971,100.000000,100.000000,0.000000,0.000000,2,4,4,0.0000,0.0000,0.0000,0.5000,"Accelerate",0.004265
3589,A0100,pursuit_chase_v1,UNKNOWN,16357.230352,29357.300401,3042.699599,2136.781913,32184.405266,18114.106229,517.682533,29978.323253,124.850395,6173.458920,-24.354226,0.001549,False,False,False,False,True,True,True,1-circle,1.000000,5085.983782,26641.991428,0.052681,-0.020971,100.000000,100.000000,0.000000,0.000000,2,4,4,0.0000,0.0000,0.0000,0.5000,"PursuitChaseOptimal",-0.020503
3589,B0100,aggressive,UNKNOWN,16357.230352,29357.300401,3042.699599,2136.781913,32184.405266,18114.106229,517.682533,29978.323253,124.850395,6173.458920,-24.354226,0.001549,False,False,False,False,True,True,True,1-circle,1.000000,5085.983782,26641.991428,0.052681,-0.020971,100.000000,100.000000,0.000000,0.000000,2,4,4,0.0000,0.0000,0.0000,0.5000,"Accelerate",0.015989
3590,A0100,pursuit_chase_v1,UNKNOWN,16362.348626,29364.473633,3035.526367,2128.255638,32203.750628,18114.921440,517.655809,29977.913565,-8.193757,6160.400811,-24.302190,0.059736,False,False,False,False,True,True,True,1-circle,1.000000,5088.477929,26298.898635,-2.030790,-0.128023,100.000000,100.000000,0.000000,0.000000,2,4,4,0.0000,0.0000,0.0000,0.5000,"PursuitChaseOptimal",-0.028571
3590,B0100,aggressive,UNKNOWN,16362.348626,29364.473633,3035.526367,2128.255638,32203.750628,18114.921440,517.655809,29977.913565,-8.193757,6160.400811,-24.302190,0.059736,False,False,False,False,True,True,True,1-circle,1.000000,5088.477929,26298.898635,-2.030790,-0.128023,100.000000,100.000000,0.000000,0.000000,2,4,4,0.0000,0.0000,0.0000,0.5000,"Accelerate",0.023244
3591,A0100,pursuit_chase_v1,UNKNOWN,16362.348626,29364.473633,3035.526367,2128.255638,32203.750628,18114.921440,517.655809,29977.913565,-8.193757,6160.400811,-24.302190,0.059736,False,False,False,False,True,True,True,1-circle,1.000000,5088.477929,26298.898635,-2.030790,-0.128023,100.000000,100.000000,0.000000,0.000000,2,4,4,0.0000,0.0000,0.0000,0.5000,"PursuitChaseOptimal",-0.027978
3591,B0100,aggressive,UNKNOWN,16362.348626,29364.473633,3035.526367,2128.255638,32203.750628,18114.921440,517.655809,29977.913565,-8.193757,6160.400811,-24.302190,0.059736,False,False,False,False,True,True,True,1-circle,1.000000,5088.477929,26298.898635,-2.030790,-0.128023,100.000000,100.000000,0.000000,0.000000,2,4,4,0.0000,0.0000,0.0000,0.5000,"Accelerate",0.022604
3592,A0100,pursuit_chase_v1,UNKNOWN,16367.473087,29357.138530,3042.861470,2129.752871,32214.597269,18115.733420,517.787668,29984.769895,137.126584,6164.016614,-24.057165,0.013821,False,False,False,False,True,True,True,1-circle,1.000000,5091.085979,26611.886532,-0.470167,-0.133651,100.000000,100.000000,0.000000,0.000000,2,4,4,0.0000,0.0000,0.0000,0.5000,"PursuitChaseOptimal",-0.030283
3592,B0100,aggressive,UNKNOWN,16367.473087,29357.138530,3042.861470,2129.752871,32214.597269,18115.733420,517.787668,29984.769895,137.126584,6164.016614,-24.057165,0.013821,False,False,False,False,True,True,True,1-circle,1.000000,5091.085979,26611.886532,-0.470167,-0.133651,100.000000,100.000000,0.000000,0.000000,2,4,4,0.0000,0.0000,0.0000,0.5000,"Accelerate",0.025313
3593,A0100,pursuit_chase_v1,UNKNOWN,16367.473087,29357.138530,3042.861470,2129.752871,32214.597269,18115.733420,517.787668,29984.769895,137.126584,6164.016614,-24.057165,0.013821,False,False,False,False,True,True,True,1-circle,1.000000,5091.085979,26611.886532,-0.470167,-0.133651,100.000000,100.000000,0.000000,0.000000,2,4,4,0.0000,0.0000,0.0000,0.5000,"PursuitChaseOptimal",-0.027392
3593,B0100,aggressive,UNKNOWN,16367.473087,29357.138530,3042.861470,2129.752871,32214.597269,18115.733420,517.787668,29984.769895,137.126584,6164.016614,-24.057165,0.013821,False,False,False,False,True,True,True,1-circle,1.000000,5091.085979,26611.886532,-0.470167,-0.133651,100.000000,100.000000,0.000000,0.000000,2,4,4,0.0000,0.0000,0.0000,0.5000,"Accelerate",0.022689
3594,A0100,pursuit_chase_v1,UNKNOWN,16372.611406,29362.854617,3037.145383,2123.906792,32234.480915,18116.529120,517.741069,29983.429317,-26.811547,6154.577969,-23.889151,0.072383,False,False,False,False,True,True,True,1-circle,1.000000,5093.864364,26285.857510,-2.460690,-0.182064,100.000000,100.000000,0.000000,0.000000,2,4,4,0.0000,0.0000,0.0000,0.5000,"PursuitChaseOptimal",-0.010446
3594,B0100,aggressive,UNKNOWN,16372.611406,29362.854617,3037.145383,2123.906792,32234.480915,18116.529120,517.741069,29983.429317,-26.811547,6154.577969,-23.889151,0.072383,False,False,False,False,True,True,True,1-circle,1.000000,5093.864364,26285.857510,-2.460690,-0.182064,100.000000,100.000000,0.000000,0.000000,2,4,4,0.0000,0.0000,0.0000,0.5000,"Accelerate",0.005693
3595,A0100,pursuit_chase_v1,UNKNOWN,16372.611406,29362.854617,3037.145383,2123.906792,32234.480915,18116.529120,517.741069,29983.429317,-26.811547,6154.577969,-23.889151,0.072383,False,False,False,False,True,True,True,1-circle,1.000000,5093.864364,26285.857510,-2.460690,-0.182064,100.000000,100.000000,0.000000,0.000000,2,4,4,0.0000,0.0000,0.0000,0.5000,"PursuitChaseOptimal",0.001175
3595,B0100,aggressive,UNKNOWN,16372.611406,29362.854617,3037.145383,2123.906792,32234.480915,18116.529120,517.741069,29983.429317,-26.811547,6154.577969,-23.889151,0.072383,False,False,False,False,True,True,True,1-circle,1.000000,5093.864364,26285.857510,-2.460690,-0.182064,100.000000,100.000000,0.000000,0.000000,2,4,4,0.0000,0.0000,0.0000,0.5000,"Accelerate",-0.006000
3596,A0100,pursuit_chase_v1,UNKNOWN,16377.747652,29353.716924,3046.283076,2123.678545,32247.068853,18117.320408,517.898551,29991.440845,160.230553,6147.872216,-23.789509,0.020035,False,False,False,False,True,True,True,1-circle,1.000000,5096.694950,26638.455264,-0.681697,-0.061142,100.000000,100.000000,0.000000,0.000000,2,4,4,0.0000,0.0000,0.0000,0.5000,"PursuitChaseOptimal",0.005546
3596,B0100,aggressive,UNKNOWN,16377.747652,29353.716924,3046.283076,2123.678545,32247.068853,18117.320408,517.898551,29991.440845,160.230553,6147.872216,-23.789509,0.020035,False,False,False,False,True,True,True,1-circle,1.000000,5096.694950,26638.455264,-0.681697,-0.061142,100.000000,100.000000,0.000000,0.000000,2,4,4,0.0000,0.0000,0.0000,0.5000,"Accelerate",-0.009891
3597,A0100,pursuit_chase_v1,UNKNOWN,16377.747652,29353.716924,3046.283076,2123.678545,32247.068853,18117.320408,517.898551,29991.440845,160.230553,6147.872216,-23.789509,0.020035,False,False,False,False,True,True,True,1-circle,1.000000,5096.694950,26638.455264,-0.681697,-0.061142,100.000000,100.000000,0.000000,0.000000,2,4,4,0.0000,0.0000,0.0000,0.5000,"PursuitChaseOptimal",-0.010817
3597,B0100,aggressive,UNKNOWN,16377.747652,29353.716924,3046.283076,2123.678545,32247.068853,18117.320408,517.898551,29991.440845,160.230553,6147.872216,-23.789509,0.020035,False,False,False,False,True,True,True,1-circle,1.000000,5096.694950,26638.455264,-0.681697,-0.061142,100.000000,100.000000,0.000000,0.000000,2,4,4,0.0000,0.0000,0.0000,0.5000,"Accelerate",0.006648
3598,A0100,pursuit_chase_v1,UNKNOWN,16382.866255,29356.254321,3043.745679,2116.320887,32263.204993,18118.041726,517.921585,29993.218416,35.551433,6135.990656,-23.805650,0.002494,False,False,False,False,True,True,True,1-circle,1.000000,5099.501916,26778.297511,-0.084878,-0.143636,100.000000,100.000000,0.000000,0.000000,2,4,4,0.0000,0.0000,0.0000,0.5000,"PursuitChaseOptimal",-0.020335
3598,B0100,aggressive,UNKNOWN,16382.866255,29356.254321,3043.745679,2116.320887,32263.204993,18118.041726,517.921585,29993.218416,35.551433,6135.990656,-23.805650,0.002494,False,False,False,False,True,True,True,1-circle,1.000000,5099.501916,26778.297511,-0.084878,-0.143636,100.000000,100.000000,0.000000,0.000000,2,4,4,0.0000,0.0000,0.0000,0.5000,"Accelerate",0.015960
3599,A0100,pursuit_chase_v1,UNKNOWN,16382.866255,29356.254321,3043.745679,2116.320887,32263.204993,18118.041726,517.921585,29993.218416,35.551433,6135.990656,-23.805650,0.002494,False,False,False,False,True,True,True,1-circle,1.000000,5099.501916,26778.297511,-0.084878,-0.143636,100.000000,100.000000,0.000000,0.000000,2,4,4,0.0000,0.0000,0.0000,0.5000,"PursuitChaseOptimal",-0.029479
3599,B0100,aggressive,UNKNOWN,16382.866255,29356.254321,3043.745679,2116.320887,32263.204993,18118.041726,517.921585,29993.218416,35.551433,6135.990656,-23.805650,0.002494,False,False,False,False,True,True,True,1-circle,1.000000,5099.501916,26778.297511,-0.084878,-0.143636,100.000000,100.000000,0.000000,0.000000,2,4,4,0.0000,0.0000,0.0000,0.5000,"Accelerate",0.024345
3600,A0100,pursuit_chase_v1,UNKNOWN,16387.973122,29358.902898,3041.097102,2114.737042,32277.015062,18118.838762,517.965592,29996.033582,56.303301,6133.686295,-23.716606,0.033511,False,False,False,False,True,True,True,1-circle,1.000000,5102.267642,26620.741620,-1.140243,0.057960,100.000000,100.000000,0.000000,0.000000,2,4,4,0.0000,0.0000,0.0000,0.5000,"PursuitChaseOptimal",-0.027237
3600,B0100,aggressive,UNKNOWN,16387.973122,29358.902898,3041.097102,2114.737042,32277.015062,18118.838762,517.965592,29996.033582,56.303301,6133.686295,-23.716606,0.033511,False,False,False,False,True,True,True,1-circle,1.000000,5102.267642,26620.741620,-1.140243,0.057960,100.000000,100.000000,0.000000,0.000000,2,4,4,0.0000,0.0000,0.0000,0.5000,"Accelerate",0.022111
3601,A0100,pursuit_chase_v1,UNKNOWN,16387.973122,29358.902898,3041.097102,2114.737042,32277.015062,18118.838762,517.965592,29996.033582,56.303301,6133.686295,-23.716606,0.033511,False,False,False,False,True,True,True,1-circle,1.000000,5102.267642,26620.741620,-1.140243,0.057960,100.000000,100.000000,0.000000,0.000000,2,4,4,0.0000,0.0000,0.0000,0.5000,"PursuitChaseOptimal",-0.023944
3601,B0100,aggressive,UNKNOWN,16387.973122,29358.902898,3041.097102,2114.737042,32277.015062,18118.838762,517.965592,29996.033582,56.303301,6133.686295,-23.716606,0.033511,False,False,False,False,True,True,True,1-circle,1.000000,5102.267642,26620.741620,-1.140243,0.057960,100.000000,100.000000,0.000000,0.000000,2,4,4,0.0000,0.0000,0.0000,0.5000,"Accelerate",0.019318
3602,A0100,pursuit_chase_v1,UNKNOWN,16393.107680,29359.034825,3040.965175,2112.896081,32292.818630,18119.607098,518.035120,29999.990746,79.143292,6131.533766,-23.602640,0.014018,False,False,False,False,True,True,True,1-circle,1.000000,5105.201741,26772.740746,-0.477093,-0.178515,100.000000,100.000000,0.000000,0.000000,2,4,4,0.0000,0.0000,0.0000,0.5000,"PursuitChaseOptimal",-0.007400
3602,B0100,aggressive,UNKNOWN,16393.107680,29359.034825,3040.965175,2112.896081,32292.818630,18119.607098,518.035120,29999.990746,79.143292,6131.533766,-23.602640,0.014018,False,False,False,False,True,True,True,1-circle,1.000000,5105.201741,26772.740746,-0.477093,-0.178515,100.000000,100.000000,0.000000,0.000000,2,4,4,0.0000,0.0000,0.0000,0.5000,"Accelerate",0.003289
3603,A0100,pursuit_chase_v1,UNKNOWN,16393.107680,29359.034825,3040.965175,2112.896081,32292.818630,18119.607098,518.035120,29999.990746,79.143292,6131.533766,-23.602640,0.014018,False,False,False,False,True,True,True,1-circle,1.000000,5105.201741,26772.740746,-0.477093,-0.178515,100.000000,100.000000,0.000000,0.000000,2,4,4,0.0000,0.0000,0.0000,0.5000,"PursuitChaseOptimal",0.003061
3603,B0100,aggressive,UNKNOWN,16393.107680,29359.034825,3040.965175,2112.896081,32292.818630,18119.607098,518.035120,29999.990746,79.143292,6131.533766,-23.602640,0.014018,False,False,False,False,True,True,True,1-circle,1.000000,5105.201741,26772.740746,-0.477093,-0.178515,100.000000,100.000000,0.000000,0.000000,2,4,4,0.0000,0.0000,0.0000,0.5000,"Accelerate",-0.007440
3604,A0100,pursuit_chase_v1,UNKNOWN,16398.222741,29362.081933,3037.918067,2108.765200,32306.834613,18120.438934,518.061025,30002.010799,40.401051,6115.772684,-23.601598,0.048769,False,False,False,False,True,True,True,1-circle,1.000000,5108.097848,26592.541114,-1.659513,0.033873,100.000000,100.000000,0.000000,0.000000,2,4,4,0.0000,0.0000,0.0000,0.5000,"PursuitChaseOptimal",0.015151
3604,B0100,aggressive,UNKNOWN,16398.222741,29362.081933,3037.918067,2108.765200,32306.834613,18120.438934,518.061025,30002.010799,40.401051,6115.772684,-23.601598,0.048769,False,False,False,False,True,True,True,1-circle,1.000000,5108.097848,26592.541114,-1.659513,0.033873,100.000000,100.000000,0.000000,0.000000,2,4,4,0.0000,0.0000,0.0000,0.5000,"Accelerate",-0.019388
3605,A0100,pursuit_chase_v1,UNKNOWN,16398.222741,29362.081933,3037.918067,2108.765200,32306.834613,18120.438934,518.061025,30002.010799,40.401051,6115.772684,-23.601598,0.048769,False,False,False,False,True,True,True,1-circle,1.000000,5108.097848,26592.541114,-1.659513,0.033873,100.000000,100.000000,0.000000,0.000000,2,4,4,0.0000,0.0000,0.0000,0.5000,"PursuitChaseOptimal",0.019275
3605,B0100,aggressive,UNKNOWN,16398.222741,29362.081933,3037.918067,2108.765200,32306.834613,18120.438934,518.061025,30002.010799,40.401051,6115.772684,-23.601598,0.048769,False,False,False,False,True,True,True,1-circle,1.000000,5108.097848,26592.541114,-1.659513,0.033873,100.000000,100.000000,0.000000,0.000000,2,4,4,0.0000,0.0000,0.0000,0.5000,"Accelerate",-0.022873
3606,A0100,pursuit_chase_v1,UNKNOWN,16403.294714,29362.130378,3037.869622,2099.094213,32322.988691,18121.243639,518.112708,30005.186270,63.509426,6093.418509,-23.655350,0.028933,False,False,False,False,True,True,True,1-circle,1.000000,5110.853681,26746.604471,-0.984820,-0.102689,100.000000,100.000000,0.000000,0.000000,2,4,4,0.0000,0.0000,0.0000,0.5000,"PursuitChaseOptimal",0.001440
3606,B0100,aggressive,UNKNOWN,16403.294714,29362.130378,3037.869622,2099.094213,32322.988691,18121.243639,518.112708,30005.186270,63.509426,6093.418509,-23.655350,0.028933,False,False,False,False,True,True,True,1-circle,1.000000,5110.853681,26746.604471,-0.984820,-0.102689,100.000000,100.000000,0.000000,0.000000,2,4,4,0.0000,0.0000,0.0000,0.5000,"Accelerate",-0.005279
3607,A0100,pursuit_chase_v1,UNKNOWN,16403.294714,29362.130378,3037.869622,2099.094213,32322.988691,18121.243639,518.112708,30005.186270,63.509426,6093.418509,-23.655350,0.028933,False,False,False,False,True,True,True,1-circle,1.000000,5110.853681,26746.604471,-0.984820,-0.102689,100.000000,100.000000,0.000000,0.000000,2,4,4,0.0000,0.0000,0.0000,0.5000,"PursuitChaseOptimal",-0.008262
3607,B0100,aggressive,UNKNOWN,16403.294714,29362.130378,3037.869622,2099.094213,32322.988691,18121.243639,518.112708,30005.186270,63.509426,6093.418509,-23.655350,0.028933,False,False,False,False,True,True,True,1-circle,1.000000,5110.853681,26746.604471,-0.984820,-0.102689,100.000000,100.000000,0.000000,0.000000,2,4,4,0.0000,0.0000,0.0000,0.5000,"Accelerate",0.003631
3608,A0100,pursuit_chase_v1,UNKNOWN,16408.310536,29362.946590,3037.053410,2094.256553,32337.195871,18122.106080,518.138038,30007.210734,40.489289,6079.902012,-23.615329,0.063563,False,False,False,False,True,True,True,1-circle,1.000000,5113.395859,26566.995667,-2.162814,-0.039054,100.000000,100.000000,0.000000,0.000000,2,4,4,0.0000,0.0000,0.0000,0.5000,"PursuitChaseOptimal",-0.019219
3608,B0100,aggressive,UNKNOWN,16408.310536,29362.946590,3037.053410,2094.256553,32337.195871,18122.106080,518.138038,30007.210734,40.489289,6079.902012,-23.615329,0.063563,False,False,False,False,True,True,True,1-circle,1.000000,5113.395859,26566.995667,-2.162814,-0.039054,100.000000,100.000000,0.000000,0.000000,3,8,0,0.0000,0.0000,0.0000,0.5000,"Pursue",0.013930
3609,A0100,pursuit_chase_v1,UNKNOWN,16408.310536,29362.946590,3037.053410,2094.256553,32337.195871,18122.106080,518.138038,30007.210734,40.489289,6079.902012,-23.615329,0.063563,False,False,False,False,True,True,True,1-circle,1.000000,5113.395859,26566.995667,-2.162814,-0.039054,100.000000,100.000000,0.000000,0.000000,2,4,4,0.0000,0.0000,0.0000,0.5000,"PursuitChaseOptimal",-0.025970
3609,B0100,aggressive,UNKNOWN,16408.310536,29362.946590,3037.053410,2094.256553,32337.195871,18122.106080,518.138038,30007.210734,40.489289,6079.902012,-23.615329,0.063563,False,False,False,False,True,True,True,1-circle,1.000000,5113.395859,26566.995667,-2.162814,-0.039054,100.000000,100.000000,0.000000,0.000000,3,8,0,0.0000,0.0000,0.0000,0.5000,"Pursue",0.020360
3610,A0100,pursuit_chase_v1,UNKNOWN,16413.340491,29345.049016,3054.950984,2088.949611,32353.563429,18122.859584,518.429907,30021.357853,282.942369,6092.409430,-23.350852,0.071724,False,False,False,False,True,True,True,1-circle,1.000000,5116.085133,27428.339501,2.441478,-0.147397,100.000000,100.000000,0.000000,0.000000,2,4,4,0.0000,0.0000,0.0000,0.5000,"PursuitChaseOptimal",-0.026552
3610,B0100,aggressive,UNKNOWN,16413.340491,29345.049016,3054.950984,2088.949611,32353.563429,18122.859584,518.429907,30021.357853,282.942369,6092.409430,-23.350852,0.071724,False,False,False,False,True,True,True,1-circle,1.000000,5116.085133,27428.339501,2.441478,-0.147397,100.000000,100.000000,0.000000,0.000000,3,8,0,0.0000,0.0000,0.0000,0.5000,"Pursue",0.020972
3611,A0100,pursuit_chase_v1,UNKNOWN,16413.340491,29345.049016,3054.950984,2088.949611,32353.563429,18122.859584,518.429907,30021.357853,282.942369,6092.409430,-23.350852,0.071724,False,False,False,False,True,True,True,1-circle,1.000000,5116.085133,27428.339501,2.441478,-0.147397,100.000000,100.000000,0.000000,0.000000,2,4,4,0.0000,0.0000,0.0000,0.5000,"PursuitChaseOptimal",-0.027939
3611,B0100,aggressive,UNKNOWN,16413.340491,29345.049016,3054.950984,2088.949611,32353.563429,18122.859584,518.429907,30021.357853,282.942369,6092.409430,-23.350852,0.071724,False,False,False,False,True,True,True,1-circle,1.000000,5116.085133,27428.339501,2.441478,-0.147397,100.000000,100.000000,0.000000,0.000000,3,8,0,0.0000,0.0000,0.0000,0.5000,"Pursue",0.023227
3612,A0100,pursuit_chase_v1,UNKNOWN,16418.434847,29337.790594,3062.209406,2089.588054,32364.538158,18123.437828,518.774233,30037.746620,327.775335,6110.339303,-23.336299,0.350170,False,False,False,False,True,True,True,1-circle,1.000000,5119.094765,29139.612967,11.766091,0.668358,100.000000,100.000000,0.000000,0.000000,2,4,4,0.0000,0.0000,0.0000,0.5000,"PursuitChaseOptimal",-0.024817
3612,B0100,aggressive,UNKNOWN,16418.434847,29337.790594,3062.209406,2089.588054,32364.538158,18123.437828,518.774233,30037.746620,327.775335,6110.339303,-23.336299,0.350170,False,False,False,False,True,True,True,1-circle,1.000000,5119.094765,29139.612967,11.766091,0.668358,100.000000,100.000000,0.000000,0.000000,3,8,0,0.0000,0.0000,0.0000,0.5000,"Pursue",0.021643
3613,A0100,pursuit_chase_v1,UNKNOWN,16418.434847,29337.790594,3062.209406,2089.588054,32364.538158,18123.437828,518.774233,30037.746620,327.775335,6110.339303,-23.336299,0.350170,False,False,False,False,True,True,True,1-circle,1.000000,5119.094765,29139.612967,11.766091,0.668358,100.000000,100.000000,0.000000,0.000000,2,4,4,0.0000,0.0000,0.0000,0.5000,"PursuitChaseOptimal",-0.008144
3613,B0100,aggressive,UNKNOWN,16418.434847,29337.790594,3062.209406,2089.588054,32364.538158,18123.437828,518.774233,30037.746620,327.775335,6110.339303,-23.336299,0.350170,False,False,False,False,True,True,True,1-circle,1.000000,5119.094765,29139.612967,11.766091,0.668358,100.000000,100.000000,0.000000,0.000000,3,8,0,0.0000,0.0000,0.0000,0.5000,"Pursue",0.006490
3614,A0100,pursuit_chase_v1,UNKNOWN,16423.571967,29391.045323,3008.954677,2101.909970,32357.419733,18124.260286,518.957760,30047.000426,185.076125,6111.765010,-24.365974,0.664631,False,False,False,False,True,True,True,1-circle,1.000000,5121.980231,30938.640472,21.577742,3.289506,100.000000,100.000000,0.000000,0.000000,2,4,4,0.0000,0.0000,0.0000,0.5000,"PursuitChaseOptimal",0.003176
3614,B0100,aggressive,UNKNOWN,16423.571967,29391.045323,3008.954677,2101.909970,32357.419733,18124.260286,518.957760,30047.000426,185.076125,6111.765010,-24.365974,0.664631,False,False,False,False,True,True,True,1-circle,1.000000,5121.980231,30938.640472,21.577742,3.289506,100.000000,100.000000,0.000000,0.000000,3,8,0,0.0000,0.0000,0.0000,0.5000,"Pursue",-0.003643
3615,A0100,pursuit_chase_v1,UNKNOWN,16423.571967,29391.045323,3008.954677,2101.909970,32357.419733,18124.260286,518.957760,30047.000426,185.076125,6111.765010,-24.365974,0.664631,False,False,False,False,True,True,True,1-circle,1.000000,5121.980231,30938.640472,21.577742,3.289506,100.000000,100.000000,0.000000,0.000000,2,4,4,0.0000,0.0000,0.0000,0.5000,"PursuitChaseOptimal",0.010611
3615,B0100,aggressive,UNKNOWN,16423.571967,29391.045323,3008.954677,2101.909970,32357.419733,18124.260286,518.957760,30047.000426,185.076125,6111.765010,-24.365974,0.664631,False,False,False,False,True,True,True,1-circle,1.000000,5121.980231,30938.640472,21.577742,3.289506,100.000000,100.000000,0.000000,0.000000,3,8,0,0.0000,0.0000,0.0000,0.5000,"Pursue",-0.010421
3616,A0100,pursuit_chase_v1,UNKNOWN,16428.696122,29484.531130,2915.468870,2140.339396,32317.133340,18125.908153,519.130800,30056.600610,192.003687,6100.984483,-26.128626,1.020442,False,False,False,False,True,True,True,1-circle,1.000000,5123.978317,-32083.146430,31.274369,5.651552,100.000000,100.000000,0.000000,0.000000,2,4,4,0.0000,0.0000,0.0000,0.5000,"PursuitChaseOptimal",-0.002768
3616,B0100,aggressive,UNKNOWN,16428.696122,29484.531130,2915.468870,2140.339396,32317.133340,18125.908153,519.130800,30056.600610,192.003687,6100.984483,-26.128626,1.020442,False,False,False,False,True,True,True,1-circle,1.000000,5123.978317,-32083.146430,31.274369,5.651552,100.000000,100.000000,0.000000,0.000000,3,8,0,0.0000,0.0000,0.0000,0.5000,"Pursue",0.003017
3617,A0100,pursuit_chase_v1,UNKNOWN,16428.696122,29484.531130,2915.468870,2140.339396,32317.133340,18125.908153,519.130800,30056.600610,192.003687,6100.984483,-26.128626,1.020442,False,False,False,False,True,True,True,1-circle,1.000000,5123.978317,-32083.146430,31.274369,5.651552,100.000000,100.000000,0.000000,0.000000,2,4,4,0.0000,0.0000,0.0000,0.5000,"PursuitChaseOptimal",-0.014633
3617,B0100,aggressive,UNKNOWN,16428.696122,29484.531130,2915.468870,2140.339396,32317.133340,18125.908153,519.130800,30056.600610,192.003687,6100.984483,-26.128626,1.020442,False,False,False,False,True,True,True,1-circle,1.000000,5123.978317,-32083.146430,31.274369,5.651552,100.000000,100.000000,0.000000,0.000000,3,8,0,0.0000,0.0000,0.0000,0.5000,"Pursue",0.014779
3618,A0100,pursuit_chase_v1,UNKNOWN,16433.760536,29581.729452,2818.270548,2218.847548,32246.069038,18128.609689,518.956815,30051.306426,-105.883677,6081.275324,-27.616126,1.475128,False,False,False,False,True,True,True,1-circle,1.000000,5124.828807,-30249.720373,41.276640,6.460567,100.000000,100.000000,0.000000,0.000000,2,5,4,0.0000,0.0000,0.0000,0.5000,"PursuitChaseOptimal",-0.015736
3618,B0100,aggressive,UNKNOWN,16433.760536,29581.729452,2818.270548,2218.847548,32246.069038,18128.609689,518.956815,30051.306426,-105.883677,6081.275324,-27.616126,1.475128,False,False,False,False,True,True,True,1-circle,1.000000,5124.828807,-30249.720373,41.276640,6.460567,100.000000,100.000000,0.000000,0.000000,3,8,0,0.0000,0.0000,0.0000,0.5000,"Pursue",0.015952
3619,A0100,pursuit_chase_v1,UNKNOWN,16433.760536,29581.729452,2818.270548,2218.847548,32246.069038,18128.609689,518.956815,30051.306426,-105.883677,6081.275324,-27.616126,1.475128,False,False,False,False,True,True,True,1-circle,1.000000,5124.828807,-30249.720373,41.276640,6.460567,100.000000,100.000000,0.000000,0.000000,2,5,4,0.0000,0.0000,0.0000,0.5000,"PursuitChaseOptimal",0.003331
3619,B0100,aggressive,UNKNOWN,16433.760536,29581.729452,2818.270548,2218.847548,32246.069038,18128.609689,518.956815,30051.306426,-105.883677,6081.275324,-27.616126,1.475128,False,False,False,False,True,True,True,1-circle,1.000000,5124.828807,-30249.720373,41.276640,6.460567,100.000000,100.000000,0.000000,0.000000,3,8,0,0.0000,0.0000,0.0000,0.5000,"Pursue",-0.002271
3620,A0100,pursuit_chase_v1,UNKNOWN,16438.714197,29673.708567,2726.291433,2333.322063,32144.957590,18132.347663,518.465200,30032.466009,-376.808355,6036.337992,-28.597328,1.940391,False,False,False,False,True,True,True,1-circle,1.000000,5124.659486,-28810.803156,49.082295,7.175275,100.000000,100.000000,0.000000,0.000000,2,5,4,0.0000,0.0000,0.0000,0.5000,"PursuitChaseOptimal",0.024616
3620,B0100,aggressive,UNKNOWN,16438.714197,29673.708567,2726.291433,2333.322063,32144.957590,18132.347663,518.465200,30032.466009,-376.808355,6036.337992,-28.597328,1.940391,False,False,False,False,True,True,True,1-circle,1.000000,5124.659486,-28810.803156,49.082295,7.175275,100.000000,100.000000,0.000000,0.000000,3,8,0,0.0000,0.0000,0.0000,0.5000,"Pursue",-0.022812
3621,A0100,pursuit_chase_v1,UNKNOWN,16438.714197,29673.708567,2726.291433,2333.322063,32144.957590,18132.347663,518.465200,30032.466009,-376.808355,6036.337992,-28.597328,1.940391,False,False,False,False,True,True,True,1-circle,1.000000,5124.659486,-28810.803156,49.082295,7.175275,100.000000,100.000000,0.000000,0.000000,2,5,4,0.0000,0.0000,0.0000,0.5000,"PursuitChaseOptimal",0.046465
3621,B0100,aggressive,UNKNOWN,16438.714197,29673.708567,2726.291433,2333.322063,32144.957590,18132.347663,518.465200,30032.466009,-376.808355,6036.337992,-28.597328,1.940391,False,False,False,False,True,True,True,1-circle,1.000000,5124.659486,-28810.803156,49.082295,7.175275,100.000000,100.000000,0.000000,0.000000,3,8,0,0.0000,0.0000,0.0000,0.5000,"Pursue",-0.044009
3622,A0100,pursuit_chase_v1,UNKNOWN,16443.458248,29761.967120,2638.032880,2479.155749,32019.886275,18137.160227,517.785781,30006.110181,-527.116551,5970.885205,-29.711105,2.199507,False,False,False,False,True,True,True,1-circle,1.000000,5123.210798,-28148.916437,52.564766,7.776220,100.000000,100.000000,0.000000,0.000000,2,5,4,0.0000,0.0000,0.0000,0.5000,"PursuitChaseOptimal",0.068017
3622,B0100,aggressive,UNKNOWN,16443.458248,29761.967120,2638.032880,2479.155749,32019.886275,18137.160227,517.785781,30006.110181,-527.116551,5970.885205,-29.711105,2.199507,False,False,False,False,True,True,True,1-circle,1.000000,5123.210798,-28148.916437,52.564766,7.776220,100.000000,100.000000,0.000000,0.000000,3,8,0,0.0000,0.0000,0.0000,0.5000,"Pursue",-0.064623
3623,A0100,pursuit_chase_v1,UNKNOWN,16443.458248,29761.967120,2638.032880,2479.155749,32019.886275,18137.160227,517.785781,30006.110181,-527.116551,5970.885205,-29.711105,2.199507,False,False,False,False,True,True,True,1-circle,1.000000,5123.210798,-28148.916437,52.564766,7.776220,100.000000,100.000000,0.000000,0.000000,2,5,4,0.0000,0.0000,0.0000,0.5000,"PursuitChaseOptimal",0.080953
3623,B0100,aggressive,UNKNOWN,16443.458248,29761.967120,2638.032880,2479.155749,32019.886275,18137.160227,517.785781,30006.110181,-527.116551,5970.885205,-29.711105,2.199507,False,False,False,False,True,True,True,1-circle,1.000000,5123.210798,-28148.916437,52.564766,7.776220,100.000000,100.000000,0.000000,0.000000,3,8,0,0.0000,0.0000,0.0000,0.5000,"Pursue",-0.076655
3624,A0100,pursuit_chase_v1,UNKNOWN,16447.897255,29836.020086,2563.979914,2652.891349,31883.933969,18143.011380,517.013600,29976.587084,-590.461936,5886.832798,-30.940709,2.511860,False,False,False,False,True,True,True,1-circle,1.000000,5120.130758,-27470.832161,56.130180,8.244289,100.000000,100.000000,0.000000,0.000000,2,5,4,0.0000,0.0000,0.0000,0.5000,"PursuitChaseOptimal",0.070920
3624,B0100,aggressive,UNKNOWN,16447.897255,29836.020086,2563.979914,2652.891349,31883.933969,18143.011380,517.013600,29976.587084,-590.461936,5886.832798,-30.940709,2.511860,False,False,False,False,True,True,True,1-circle,1.000000,5120.130758,-27470.832161,56.130180,8.244289,100.000000,100.000000,0.000000,0.000000,3,8,0,0.0000,0.0000,0.0000,0.5000,"Pursue",-0.066346
3625,A0100,pursuit_chase_v1,UNKNOWN,16447.897255,29836.020086,2563.979914,2652.891349,31883.933969,18143.011380,517.013600,29976.587084,-590.461936,5886.832798,-30.940709,2.511860,False,False,False,False,True,True,True,1-circle,1.000000,5120.130758,-27470.832161,56.130180,8.244289,100.000000,100.000000,0.000000,0.000000,2,5,4,0.0000,0.0000,0.0000,0.5000,"PursuitChaseOptimal",0.054860
3625,B0100,aggressive,UNKNOWN,16447.897255,29836.020086,2563.979914,2652.891349,31883.933969,18143.011380,517.013600,29976.587084,-590.461936,5886.832798,-30.940709,2.511860,False,False,False,False,True,True,True,1-circle,1.000000,5120.130758,-27470.832161,56.130180,8.244289,100.000000,100.000000,0.000000,0.000000,3,8,0,0.0000,0.0000,0.0000,0.5000,"Pursue",-0.050374
3626,A0100,pursuit_chase_v1,UNKNOWN,16452.022009,29891.974022,2508.025978,2841.874371,31741.341844,18149.819134,516.213558,29946.799934,-595.743004,5814.553426,-32.006289,2.893437,False,False,False,False,True,True,True,1-circle,1.000000,5115.332428,-26783.701504,59.737713,8.622378,100.000000,100.000000,0.000000,0.000000,2,5,4,0.0000,0.0000,0.0000,0.5000,"PursuitChaseOptimal",0.031873
3626,B0100,aggressive,UNKNOWN,16452.022009,29891.974022,2508.025978,2841.874371,31741.341844,18149.819134,516.213558,29946.799934,-595.743004,5814.553426,-32.006289,2.893437,False,False,False,False,True,True,True,1-circle,1.000000,5115.332428,-26783.701504,59.737713,8.622378,100.000000,100.000000,0.000000,0.000000,3,8,0,0.0000,0.0000,0.0000,0.5000,"Pursue",-0.027917
3627,A0100,pursuit_chase_v1,UNKNOWN,16452.022009,29891.974022,2508.025978,2841.874371,31741.341844,18149.819134,516.213558,29946.799934,-595.743004,5814.553426,-32.006289,2.893437,False,False,False,False,True,True,True,1-circle,1.000000,5115.332428,-26783.701504,59.737713,8.622378,100.000000,100.000000,0.000000,0.000000,2,5,4,0.0000,0.0000,0.0000,0.5000,"PursuitChaseOptimal",0.009309
3627,B0100,aggressive,UNKNOWN,16452.022009,29891.974022,2508.025978,2841.874371,31741.341844,18149.819134,516.213558,29946.799934,-595.743004,5814.553426,-32.006289,2.893437,False,False,False,False,True,True,True,1-circle,1.000000,5115.332428,-26783.701504,59.737713,8.622378,100.000000,100.000000,0.000000,0.000000,3,8,0,0.0000,0.0000,0.0000,0.5000,"Pursue",-0.006020
3628,A0100,pursuit_chase_v1,UNKNOWN,16455.837581,29927.567502,2472.432498,3014.228448,31593.017466,18157.480540,515.397998,29917.214936,-591.699969,5742.433547,-31.797060,3.374983,False,False,False,False,True,True,True,1-circle,1.000000,5109.217544,-26085.959590,63.393781,8.918422,100.000000,100.000000,0.000000,0.000000,2,5,4,0.0000,0.0000,0.0000,0.5000,"PursuitChaseOptimal",-0.005704
3628,B0100,aggressive,UNKNOWN,16455.837581,29927.567502,2472.432498,3014.228448,31593.017466,18157.480540,515.397998,29917.214936,-591.699969,5742.433547,-31.797060,3.374983,False,False,False,False,True,True,True,1-circle,1.000000,5109.217544,-26085.959590,63.393781,8.918422,100.000000,100.000000,0.000000,0.000000,3,8,0,0.0000,0.0000,0.0000,0.5000,"Pursue",0.008559
3629,A0100,pursuit_chase_v1,UNKNOWN,16455.837581,29927.567502,2472.432498,3014.228448,31593.017466,18157.480540,515.397998,29917.214936,-591.699969,5742.433547,-31.797060,3.374983,False,False,False,False,True,True,True,1-circle,1.000000,5109.217544,-26085.959590,63.393781,8.918422,100.000000,100.000000,0.000000,0.000000,2,5,4,0.0000,0.0000,0.0000,0.5000,"PursuitChaseOptimal",-0.027681
3629,B0100,aggressive,UNKNOWN,16455.837581,29927.567502,2472.432498,3014.228448,31593.017466,18157.480540,515.397998,29917.214936,-591.699969,5742.433547,-31.797060,3.374983,False,False,False,False,True,True,True,1-circle,1.000000,5109.217544,-26085.959590,63.393781,8.918422,100.000000,100.000000,0.000000,0.000000,3,8,0,0.0000,0.0000,0.0000,0.5000,"Pursue",0.029836
3630,A0100,pursuit_chase_v1,UNKNOWN,16459.243609,29941.062752,2458.937248,3133.393982,31439.603922,18165.885454,514.574324,29888.062653,-583.045648,5667.326897,-29.629611,4.006805,False,False,False,False,True,True,True,1-circle,1.000000,5102.463143,-25377.694026,67.096514,9.133520,100.000000,100.000000,0.000000,0.000000,2,5,4,0.0000,0.0000,0.0000,0.5000,"PursuitChaseOptimal",-0.032242
3630,B0100,aggressive,UNKNOWN,16459.243609,29941.062752,2458.937248,3133.393982,31439.603922,18165.885454,514.574324,29888.062653,-583.045648,5667.326897,-29.629611,4.006805,False,False,False,False,True,True,True,1-circle,1.000000,5102.463143,-25377.694026,67.096514,9.133520,100.000000,100.000000,0.000000,0.000000,3,8,0,0.0000,0.0000,0.0000,0.5000,"Pursue",0.034355
3631,A0100,pursuit_chase_v1,UNKNOWN,16459.243609,29941.062752,2458.937248,3133.393982,31439.603922,18165.885454,514.574324,29888.062653,-583.045648,5667.326897,-29.629611,4.006805,False,False,False,False,True,True,True,1-circle,1.000000,5102.463143,-25377.694026,67.096514,9.133520,100.000000,100.000000,0.000000,0.000000,2,5,4,0.0000,0.0000,0.0000,0.5000,"PursuitChaseOptimal",-0.030804
3631,B0100,aggressive,UNKNOWN,16459.243609,29941.062752,2458.937248,3133.393982,31439.603922,18165.885454,514.574324,29888.062653,-583.045648,5667.326897,-29.629611,4.006805,False,False,False,False,True,True,True,1-circle,1.000000,5102.463143,-25377.694026,67.096514,9.133520,100.000000,100.000000,0.000000,0.000000,3,8,0,0.0000,0.0000,0.0000,0.5000,"Pursue",0.033082
3632,A0100,pursuit_chase_v1,UNKNOWN,16462.163144,29931.423495,2468.576505,3208.150661,31281.570221,18174.917813,513.747755,29859.466233,-571.928399,5609.893244,-26.367288,4.879768,False,False,False,False,True,True,True,1-circle,1.000000,5095.731841,-24659.350022,70.843791,9.266725,100.000000,100.000000,0.000000,0.000000,2,4,4,0.0000,0.0000,0.0000,0.5000,"PursuitChaseOptimal",-0.026500
3632,B0100,aggressive,UNKNOWN,16462.163144,29931.423495,2468.576505,3208.150661,31281.570221,18174.917813,513.747755,29859.466233,-571.928399,5609.893244,-26.367288,4.879768,False,False,False,False,True,True,True,1-circle,1.000000,5095.731841,-24659.350022,70.843791,9.266725,100.000000,100.000000,0.000000,0.000000,3,8,0,0.0000,0.0000,0.0000,0.5000,"Pursue",0.029008
3633,A0100,pursuit_chase_v1,UNKNOWN,16462.163144,29931.423495,2468.576505,3208.150661,31281.570221,18174.917813,513.747755,29859.466233,-571.928399,5609.893244,-26.367288,4.879768,False,False,False,False,True,True,True,1-circle,1.000000,5095.731841,-24659.350022,70.843791,9.266725,100.000000,100.000000,0.000000,0.000000,2,4,4,0.0000,0.0000,0.0000,0.5000,"PursuitChaseOptimal",-0.029716
3633,B0100,aggressive,UNKNOWN,16462.163144,29931.423495,2468.576505,3208.150661,31281.570221,18174.917813,513.747755,29859.466233,-571.928399,5609.893244,-26.367288,4.879768,False,False,False,False,True,True,True,1-circle,1.000000,5095.731841,-24659.350022,70.843791,9.266725,100.000000,100.000000,0.000000,0.000000,3,8,0,0.0000,0.0000,0.0000,0.5000,"Pursue",0.032209
3634,A0100,pursuit_chase_v1,UNKNOWN,16464.585254,29898.621241,2501.378759,3277.434604,31119.512819,18184.456847,512.922399,29831.492046,-559.483753,5565.380451,-22.973553,6.176176,False,False,False,False,True,True,True,1-circle,1.000000,5089.289439,-23931.588441,74.632510,9.316188,100.000000,100.000000,0.000000,0.000000,2,4,4,0.0000,0.0000,0.0000,0.5000,"PursuitChaseOptimal",-0.031713
3634,B0100,aggressive,UNKNOWN,16464.585254,29898.621241,2501.378759,3277.434604,31119.512819,18184.456847,512.922399,29831.492046,-559.483753,5565.380451,-22.973553,6.176176,False,False,False,False,True,True,True,1-circle,1.000000,5089.289439,-23931.588441,74.632510,9.316188,100.000000,100.000000,0.000000,0.000000,3,8,0,0.0000,0.0000,0.0000,0.5000,"Pursue",0.034230
3635,A0100,pursuit_chase_v1,UNKNOWN,16464.585254,29898.621241,2501.378759,3277.434604,31119.512819,18184.456847,512.922399,29831.492046,-559.483753,5565.380451,-22.973553,6.176176,False,False,False,False,True,True,True,1-circle,1.000000,5089.289439,-23931.588441,74.632510,9.316188,100.000000,100.000000,0.000000,0.000000,2,4,4,0.0000,0.0000,0.0000,0.5000,"PursuitChaseOptimal",-0.030483
3635,B0100,aggressive,UNKNOWN,16464.585254,29898.621241,2501.378759,3277.434604,31119.512819,18184.456847,512.922399,29831.492046,-559.483753,5565.380451,-22.973553,6.176176,False,False,False,False,True,True,True,1-circle,1.000000,5089.289439,-23931.588441,74.632510,9.316188,100.000000,100.000000,0.000000,0.000000,3,8,0,0.0000,0.0000,0.0000,0.5000,"Pursue",0.033101
3636,A0100,pursuit_chase_v1,UNKNOWN,16466.533924,29843.546518,2556.453482,3371.624756,30954.257396,18194.377892,512.101787,29804.175279,-546.335329,5526.731060,-19.826596,8.323842,False,False,False,False,True,True,True,1-circle,1.000000,5083.188055,-23194.845521,78.458958,9.279869,100.000000,100.000000,0.000000,0.000000,2,4,4,0.0000,0.0000,0.0000,0.5000,"PursuitChaseOptimal",-0.018797
3636,B0100,aggressive,UNKNOWN,16466.533924,29843.546518,2556.453482,3371.624756,30954.257396,18194.377892,512.101787,29804.175279,-546.335329,5526.731060,-19.826596,8.323842,False,False,False,False,True,True,True,1-circle,1.000000,5083.188055,-23194.845521,78.458958,9.279869,100.000000,100.000000,0.000000,0.000000,3,8,0,0.0000,0.0000,0.0000,0.5000,"Pursue",0.021774
3637,A0100,pursuit_chase_v1,UNKNOWN,16466.533924,29843.546518,2556.453482,3371.624756,30954.257396,18194.377892,512.101787,29804.175279,-546.335329,5526.731060,-19.826596,8.323842,False,False,False,False,True,True,True,1-circle,1.000000,5083.188055,-23194.845521,78.458958,9.279869,100.000000,100.000000,0.000000,0.000000,2,4,4,0.0000,0.0000,0.0000,0.5000,"PursuitChaseOptimal",-0.007912
3637,B0100,aggressive,UNKNOWN,16466.533924,29843.546518,2556.453482,3371.624756,30954.257396,18194.377892,512.101787,29804.175279,-546.335329,5526.731060,-19.826596,8.323842,False,False,False,False,True,True,True,1-circle,1.000000,5083.188055,-23194.845521,78.458958,9.279869,100.000000,100.000000,0.000000,0.000000,3,8,0,0.0000,0.0000,0.0000,0.5000,"Pursue",0.011198
3638,A0100,pursuit_chase_v1,UNKNOWN,16468.044757,29767.859921,2632.140079,3513.606748,30786.809356,18204.553068,511.289154,29777.533498,-532.835630,5477.506712,-17.220606,12.619538,False,False,False,False,True,True,True,1-circle,1.000000,5077.304420,-22449.398794,82.318969,9.155908,100.000000,100.000000,0.000000,0.000000,2,4,4,0.0000,0.0000,0.0000,0.5000,"PursuitChaseOptimal",0.002949
3638,B0100,aggressive,UNKNOWN,16468.044757,29767.859921,2632.140079,3513.606748,30786.809356,18204.553068,511.289154,29777.533498,-532.835630,5477.506712,-17.220606,12.619538,False,False,False,False,True,True,True,1-circle,1.000000,5077.304420,-22449.398794,82.318969,9.155908,100.000000,100.000000,0.000000,0.000000,3,8,0,0.0000,0.0000,0.0000,0.5000,"Pursue",0.000635
3639,A0100,pursuit_chase_v1,UNKNOWN,16468.044757,29767.859921,2632.140079,3513.606748,30786.809356,18204.553068,511.289154,29777.533498,-532.835630,5477.506712,-17.220606,12.619538,False,False,False,False,True,True,True,1-circle,1.000000,5077.304420,-22449.398794,82.318969,9.155908,100.000000,100.000000,0.000000,0.000000,2,4,4,0.0000,0.0000,0.0000,0.5000,"PursuitChaseOptimal",0.007780
3639,B0100,aggressive,UNKNOWN,16468.044757,29767.859921,2632.140079,3513.606748,30786.809356,18204.553068,511.289154,29777.533498,-532.835630,5477.506712,-17.220606,12.619538,False,False,False,False,True,True,True,1-circle,1.000000,5077.304420,-22449.398794,82.318969,9.155908,100.000000,100.000000,0.000000,0.000000,3,8,0,0.0000,0.0000,0.0000,0.5000,"Pursue",-0.004048
3640,A0100,pursuit_chase_v1,UNKNOWN,16469.137624,29673.721627,2726.278373,3686.929487,30618.231858,18214.851901,510.487580,29751.573662,-519.196712,5430.641153,-15.080298,25.712686,False,False,False,False,True,True,True,1-circle,1.000000,5071.389301,-21695.596732,86.208056,8.942832,100.000000,100.000000,0.000000,0.000000,2,4,4,0.0000,0.0000,0.0000,0.5000,"PursuitChaseOptimal",0.006223
3640,B0100,aggressive,UNKNOWN,16469.137624,29673.721627,2726.278373,3686.929487,30618.231858,18214.851901,510.487580,29751.573662,-519.196712,5430.641153,-15.080298,25.712686,False,False,False,False,True,True,True,1-circle,1.000000,5071.389301,-21695.596732,86.208056,8.942832,100.000000,100.000000,0.000000,0.000000,3,8,0,0.0000,0.0000,0.0000,0.5000,"Pursue",-0.002531
3641,A0100,pursuit_chase_v1,UNKNOWN,16469.137624,29673.721627,2726.278373,3686.929487,30618.231858,18214.851901,510.487580,29751.573662,-519.196712,5430.641153,-15.080298,25.712686,False,False,False,False,True,True,True,1-circle,1.000000,5071.389301,-21695.596732,86.208056,8.942832,100.000000,100.000000,0.000000,0.000000,2,4,4,0.0000,0.0000,0.0000,0.5000,"PursuitChaseOptimal",0.000222
3641,B0100,aggressive,UNKNOWN,16469.137624,29673.721627,2726.278373,3686.929487,30618.231858,18214.851901,510.487580,29751.573662,-519.196712,5430.641153,-15.080298,25.712686,False,False,False,False,True,True,True,1-circle,1.000000,5071.389301,-21695.596732,86.208056,8.942832,100.000000,100.000000,0.000000,0.000000,3,8,0,0.0000,0.0000,0.0000,0.5000,"Pursue",0.003817
3642,A0100,pursuit_chase_v1,UNKNOWN,16469.828474,29558.485648,2841.514352,3872.193681,30440.661246,18225.137534,509.588908,29721.276122,-605.950811,5379.553055,-12.522722,59.098582,False,False,False,False,True,True,True,1-circle,1.000000,5065.423392,-21253.590855,88.345787,8.720656,100.000000,100.000000,0.000000,0.000000,2,4,4,0.0000,0.0000,0.0000,0.5000,"PursuitChaseOptimal",-0.010869
3642,B0100,aggressive,UNKNOWN,16469.828474,29558.485648,2841.514352,3872.193681,30440.661246,18225.137534,509.588908,29721.276122,-605.950811,5379.553055,-12.522722,59.098582,False,False,False,False,True,True,True,1-circle,1.000000,5065.423392,-21253.590855,88.345787,8.720656,100.000000,100.000000,0.000000,0.000000,3,8,0,0.0000,0.0000,0.0000,0.5000,"Pursue",0.015218
3643,A0100,pursuit_chase_v1,UNKNOWN,16469.828474,29558.485648,2841.514352,3872.193681,30440.661246,18225.137534,509.588908,29721.276122,-605.950811,5379.553055,-12.522722,59.098582,False,False,False,False,True,True,True,1-circle,1.000000,5065.423392,-21253.590855,88.345787,8.720656,100.000000,100.000000,0.000000,0.000000,2,4,4,0.0000,0.0000,0.0000,0.5000,"PursuitChaseOptimal",-0.021353
3643,B0100,aggressive,UNKNOWN,16469.828474,29558.485648,2841.514352,3872.193681,30440.661246,18225.137534,509.588908,29721.276122,-605.950811,5379.553055,-12.522722,59.098582,False,False,False,False,True,True,True,1-circle,1.000000,5065.423392,-21253.590855,88.345787,8.720656,100.000000,100.000000,0.000000,0.000000,3,8,0,0.0000,0.0000,0.0000,0.5000,"Pursue",0.025961
3644,A0100,pursuit_chase_v1,UNKNOWN,16470.000501,29427.898821,2972.101179,4068.148601,30246.790777,18235.365090,508.477874,29681.429281,-796.936807,5302.788770,-8.879570,23.202877,False,False,False,False,True,True,True,1-circle,1.000000,5059.556596,-21653.393035,85.785211,8.495578,100.000000,100.000000,0.000000,0.000000,2,4,4,0.0000,0.0000,0.0000,0.5000,"PursuitChaseOptimal",-0.027539
3644,B0100,aggressive,UNKNOWN,16470.000501,29427.898821,2972.101179,4068.148601,30246.790777,18235.365090,508.477874,29681.429281,-796.936807,5302.788770,-8.879570,23.202877,False,False,False,False,True,True,True,1-circle,1.000000,5059.556596,-21653.393035,85.785211,8.495578,100.000000,100.000000,0.000000,0.000000,3,8,0,0.0000,0.0000,0.0000,0.5000,"Pursue",0.032460
3645,A0100,pursuit_chase_v1,UNKNOWN,16470.000501,29427.898821,2972.101179,4068.148601,30246.790777,18235.365090,508.477874,29681.429281,-796.936807,5302.788770,-8.879570,23.202877,False,False,False,False,True,True,True,1-circle,1.000000,5059.556596,-21653.393035,85.785211,8.495578,100.000000,100.000000,0.000000,0.000000,2,4,4,0.0000,0.0000,0.0000,0.5000,"PursuitChaseOptimal",-0.033871
3645,B0100,aggressive,UNKNOWN,16470.000501,29427.898821,2972.101179,4068.148601,30246.790777,18235.365090,508.477874,29681.429281,-796.936807,5302.788770,-8.879570,23.202877,False,False,False,False,True,True,True,1-circle,1.000000,5059.556596,-21653.393035,85.785211,8.495578,100.000000,100.000000,0.000000,0.000000,3,8,0,0.0000,0.0000,0.0000,0.5000,"Pursue",0.039244
3646,A0100,pursuit_chase_v1,UNKNOWN,16469.586347,29298.624622,3101.375378,4263.874309,30056.258869,18245.584731,507.373332,29641.975454,-789.076552,5231.095319,-5.132226,12.877996,False,False,False,False,True,True,True,1-circle,1.000000,5053.896123,-22193.451569,82.422588,8.320600,100.000000,100.000000,0.000000,0.000000,2,4,4,0.0000,0.0000,0.0000,0.5000,"PursuitChaseOptimal",-0.034209
3646,B0100,aggressive,UNKNOWN,16469.586347,29298.624622,3101.375378,4263.874309,30056.258869,18245.584731,507.373332,29641.975454,-789.076552,5231.095319,-5.132226,12.877996,False,False,False,False,True,True,True,1-circle,1.000000,5053.896123,-22193.451569,82.422588,8.320600,100.000000,100.000000,0.000000,0.000000,3,8,0,0.0000,0.0000,0.0000,0.5000,"Pursue",0.040171
3647,A0100,pursuit_chase_v1,UNKNOWN,16469.586347,29298.624622,3101.375378,4263.874309,30056.258869,18245.584731,507.373332,29641.975454,-789.076552,5231.095319,-5.132226,12.877996,False,False,False,False,True,True,True,1-circle,1.000000,5053.896123,-22193.451569,82.422588,8.320600,100.000000,100.000000,0.000000,0.000000,2,4,4,0.0000,0.0000,0.0000,0.5000,"PursuitChaseOptimal",-0.025567
3647,B0100,aggressive,UNKNOWN,16469.586347,29298.624622,3101.375378,4263.874309,30056.258869,18245.584731,507.373332,29641.975454,-789.076552,5231.095319,-5.132226,12.877996,False,False,False,False,True,True,True,1-circle,1.000000,5053.896123,-22193.451569,82.422588,8.320600,100.000000,100.000000,0.000000,0.000000,3,8,0,0.0000,0.0000,0.0000,0.5000,"Pursue",0.031550
3648,A0100,pursuit_chase_v1,UNKNOWN,16468.581082,29177.303469,3222.696531,4457.059712,29877.645846,18255.897390,506.380597,29607.735016,-684.808762,5167.288328,-1.736203,11.267060,False,False,False,False,True,True,True,1-circle,1.000000,5048.386358,-22318.936263,81.340373,8.152562,100.000000,100.000000,0.000000,0.000000,2,4,4,0.0000,0.0000,0.0000,0.5000,"PursuitChaseOptimal",-0.010020
3648,B0100,aggressive,UNKNOWN,16468.581082,29177.303469,3222.696531,4457.059712,29877.645846,18255.897390,506.380597,29607.735016,-684.808762,5167.288328,-1.736203,11.267060,False,False,False,False,True,True,True,1-circle,1.000000,5048.386358,-22318.936263,81.340373,8.152562,100.000000,100.000000,0.000000,0.000000,3,8,0,0.0000,0.0000,0.0000,0.5000,"Pursue",0.016189
3649,A0100,pursuit_chase_v1,UNKNOWN,16468.581082,29177.303469,3222.696531,4457.059712,29877.645846,18255.897390,506.380597,29607.735016,-684.808762,5167.288328,-1.736203,11.267060,False,False,False,False,True,True,True,1-circle,1.000000,5048.386358,-22318.936263,81.340373,8.152562,100.000000,100.000000,0.000000,0.000000,2,4,4,0.0000,0.0000,0.0000,0.5000,"PursuitChaseOptimal",0.008040
3649,B0100,aggressive,UNKNOWN,16468.581082,29177.303469,3222.696531,4457.059712,29877.645846,18255.897390,506.380597,29607.735016,-684.808762,5167.288328,-1.736203,11.267060,False,False,False,False,True,True,True,1-circle,1.000000,5048.386358,-22318.936263,81.340373,8.152562,100.000000,100.000000,0.000000,0.000000,3,8,0,0.0000,0.0000,0.0000,0.5000,"Pursue",-0.001456
3650,A0100,pursuit_chase_v1,UNKNOWN,16467.057901,29058.055852,3341.944148,4647.346622,29715.039808,18266.275578,505.592445,29582.803769,-498.624934,5120.418336,0.850047,18.470638,False,False,False,False,True,True,True,1-circle,1.000000,5042.873393,-21643.617196,84.685440,8.039328,100.000000,100.000000,0.000000,0.000000,2,4,4,0.0000,0.0000,0.0000,0.5000,"PursuitChaseOptimal",0.036449
3650,B0100,aggressive,UNKNOWN,16467.057901,29058.055852,3341.944148,4647.346622,29715.039808,18266.275578,505.592445,29582.803769,-498.624934,5120.418336,0.850047,18.470638,False,False,False,False,True,True,True,1-circle,1.000000,5042.873393,-21643.617196,84.685440,8.039328,100.000000,100.000000,0.000000,0.000000,3,8,0,0.0000,0.0000,0.0000,0.5000,"Pursue",-0.029256
3651,A0100,pursuit_chase_v1,UNKNOWN,16467.057901,29058.055852,3341.944148,4647.346622,29715.039808,18266.275578,505.592445,29582.803769,-498.624934,5120.418336,0.850047,18.470638,False,False,False,False,True,True,True,1-circle,1.000000,5042.873393,-21643.617196,84.685440,8.039328,100.000000,100.000000,0.000000,0.000000,2,4,4,0.0000,0.0000,0.0000,0.5000,"PursuitChaseOptimal",0.057270
3651,B0100,aggressive,UNKNOWN,16467.057901,29058.055852,3341.944148,4647.346622,29715.039808,18266.275578,505.592445,29582.803769,-498.624934,5120.418336,0.850047,18.470638,False,False,False,False,True,True,True,1-circle,1.000000,5042.873393,-21643.617196,84.685440,8.039328,100.000000,100.000000,0.000000,0.000000,3,8,0,0.0000,0.0000,0.0000,0.5000,"Pursue",-0.048897
3652,A0100,pursuit_chase_v1,UNKNOWN,16465.003062,28924.118669,3475.881331,4851.529464,29544.361208,18276.630398,504.717214,29554.012427,-575.826845,5056.973004,3.436832,26.786199,False,False,False,False,True,True,True,1-circle,1.000000,5037.065746,-21271.598865,86.324450,7.945052,100.000000,100.000000,0.000000,0.000000,2,4,4,0.0000,0.0000,0.0000,0.5000,"PursuitChaseOptimal",0.059506
3652,B0100,aggressive,UNKNOWN,16465.003062,28924.118669,3475.881331,4851.529464,29544.361208,18276.630398,504.717214,29554.012427,-575.826845,5056.973004,3.436832,26.786199,False,False,False,False,True,True,True,1-circle,1.000000,5037.065746,-21271.598865,86.324450,7.945052,100.000000,100.000000,0.000000,0.000000,3,8,0,0.0000,0.0000,0.0000,0.5000,"Pursue",-0.050146
3653,A0100,pursuit_chase_v1,UNKNOWN,16465.003062,28924.118669,3475.881331,4851.529464,29544.361208,18276.630398,504.717214,29554.012427,-575.826845,5056.973004,3.436832,26.786199,False,False,False,False,True,True,True,1-circle,1.000000,5037.065746,-21271.598865,86.324450,7.945052,100.000000,100.000000,0.000000,0.000000,2,4,4,0.0000,0.0000,0.0000,0.5000,"PursuitChaseOptimal",0.035211
3653,B0100,aggressive,UNKNOWN,16465.003062,28924.118669,3475.881331,4851.529464,29544.361208,18276.630398,504.717214,29554.012427,-575.826845,5056.973004,3.436832,26.786199,False,False,False,False,True,True,True,1-circle,1.000000,5037.065746,-21271.598865,86.324450,7.945052,100.000000,100.000000,0.000000,0.000000,3,8,0,0.0000,0.0000,0.0000,0.5000,"Pursue",-0.025762
3654,A0100,pursuit_chase_v1,UNKNOWN,16462.302997,28779.576179,3620.423821,5069.343616,29360.012328,18286.943983,503.654638,29516.891669,-742.415161,4988.669686,6.406546,14.631145,False,False,False,False,True,True,False,1-circle,1.000000,5030.719607,-21738.606608,83.280521,7.844092,100.000000,100.000000,0.000000,0.000000,2,4,4,0.0000,0.0000,0.0000,0.5000,"PursuitChaseOptimal",0.012098
3654,B0100,aggressive,UNKNOWN,16462.302997,28779.576179,3620.423821,5069.343616,29360.012328,18286.943983,503.654638,29516.891669,-742.415161,4988.669686,6.406546,14.631145,False,False,False,False,True,True,False,1-circle,1.000000,5030.719607,-21738.606608,83.280521,7.844092,100.000000,100.000000,0.000000,0.000000,3,8,0,0.0000,0.0000,0.0000,0.5000,"Pursue",-0.002759
3655,A0100,pursuit_chase_v1,UNKNOWN,16462.302997,28779.576179,3620.423821,5069.343616,29360.012328,18286.943983,503.654638,29516.891669,-742.415161,4988.669686,6.406546,14.631145,False,False,False,False,True,True,False,1-circle,1.000000,5030.719607,-21738.606608,83.280521,7.844092,100.000000,100.000000,0.000000,0.000000,2,4,4,0.0000,0.0000,0.0000,0.5000,"PursuitChaseOptimal",-0.000361
3655,B0100,aggressive,UNKNOWN,16462.302997,28779.576179,3620.423821,5069.343616,29360.012328,18286.943983,503.654638,29516.891669,-742.415161,4988.669686,6.406546,14.631145,False,False,False,False,True,True,False,1-circle,1.000000,5030.719607,-21738.606608,83.280521,7.844092,100.000000,100.000000,0.000000,0.000000,3,8,0,0.0000,0.0000,0.0000,0.5000,"Pursue",0.009885
3656,A0100,pursuit_chase_v1,UNKNOWN,16458.933288,28643.752671,3756.247329,5280.553274,29182.797231,18297.290775,502.638067,29481.951427,-698.804839,4922.133232,9.714380,9.632817,False,False,False,False,True,True,False,1-circle,1.000000,5023.995410,-22273.317766,79.837126,7.786465,100.000000,100.000000,0.000000,0.000000,2,4,4,0.0000,0.0000,0.0000,0.5000,"PursuitChaseOptimal",-0.002417
3656,B0100,aggressive,UNKNOWN,16458.933288,28643.752671,3756.247329,5280.553274,29182.797231,18297.290775,502.638067,29481.951427,-698.804839,4922.133232,9.714380,9.632817,False,False,False,False,True,True,False,1-circle,1.000000,5023.995410,-22273.317766,79.837126,7.786465,100.000000,100.000000,0.000000,0.000000,3,8,0,0.0000,0.0000,0.0000,0.5000,"Pursue",0.011731
3657,A0100,pursuit_chase_v1,UNKNOWN,16458.933288,28643.752671,3756.247329,5280.553274,29182.797231,18297.290775,502.638067,29481.951427,-698.804839,4922.133232,9.714380,9.632817,False,False,False,False,True,True,False,1-circle,1.000000,5023.995410,-22273.317766,79.837126,7.786465,100.000000,100.000000,0.000000,0.000000,2,4,4,0.0000,0.0000,0.0000,0.5000,"PursuitChaseOptimal",0.002013
3657,B0100,aggressive,UNKNOWN,16458.933288,28643.752671,3756.247329,5280.553274,29182.797231,18297.290775,502.638067,29481.951427,-698.804839,4922.133232,9.714380,9.632817,False,False,False,False,True,True,False,1-circle,1.000000,5023.995410,-22273.317766,79.837126,7.786465,100.000000,100.000000,0.000000,0.000000,3,8,0,0.0000,0.0000,0.0000,0.5000,"Pursue",0.007333
3658,A0100,pursuit_chase_v1,UNKNOWN,16454.922967,28518.037325,3881.962675,5472.077120,29023.499848,18307.738695,501.831370,29456.527025,-508.488040,4860.726987,12.891095,11.522074,False,False,False,False,True,True,False,1-circle,1.000000,5017.032946,-21890.955740,81.465459,7.698879,100.000000,100.000000,0.000000,0.000000,2,4,4,0.0000,0.0000,0.0000,0.5000,"PursuitChaseOptimal",0.007074
3658,B0100,aggressive,UNKNOWN,16454.922967,28518.037325,3881.962675,5472.077120,29023.499848,18307.738695,501.831370,29456.527025,-508.488040,4860.726987,12.891095,11.522074,False,False,False,False,True,True,False,1-circle,1.000000,5017.032946,-21890.955740,81.465459,7.698879,100.000000,100.000000,0.000000,0.000000,3,8,0,0.0000,0.0000,0.0000,0.5000,"Pursue",0.002594
3659,A0100,pursuit_chase_v1,UNKNOWN,16454.922967,28518.037325,3881.962675,5472.077120,29023.499848,18307.738695,501.831370,29456.527025,-508.488040,4860.726987,12.891095,11.522074,False,False,False,False,True,True,False,1-circle,1.000000,5017.032946,-21890.955740,81.465459,7.698879,100.000000,100.000000,0.000000,0.000000,2,4,4,0.0000,0.0000,0.0000,0.5000,"PursuitChaseOptimal",0.000733
3659,B0100,aggressive,UNKNOWN,16454.922967,28518.037325,3881.962675,5472.077120,29023.499848,18307.738695,501.831370,29456.527025,-508.488040,4860.726987,12.891095,11.522074,False,False,False,False,True,True,False,1-circle,1.000000,5017.032946,-21890.955740,81.465459,7.698879,100.000000,100.000000,0.000000,0.000000,3,8,0,0.0000,0.0000,0.0000,0.5000,"Pursue",0.008929
3660,A0100,pursuit_chase_v1,UNKNOWN,16450.294441,28391.902333,4008.097667,5659.057571,28870.263446,18318.222118,501.106767,29434.837837,-433.783752,4791.392747,16.193669,18.857922,False,False,False,False,True,True,False,1-circle,1.000000,5009.862258,-21205.518503,84.754979,7.653028,100.000000,100.000000,0.000000,0.000000,2,4,4,0.0000,0.0000,0.0000,0.5000,"PursuitChaseOptimal",-0.016121
3660,B0100,aggressive,UNKNOWN,16450.294441,28391.902333,4008.097667,5659.057571,28870.263446,18318.222118,501.106767,29434.837837,-433.783752,4791.392747,16.193669,18.857922,False,False,False,False,True,True,False,1-circle,1.000000,5009.862258,-21205.518503,84.754979,7.653028,100.000000,100.000000,0.000000,0.000000,3,8,0,0.0000,0.0000,0.0000,0.5000,"Pursue",0.025515
3661,A0100,pursuit_chase_v1,UNKNOWN,16450.294441,28391.902333,4008.097667,5659.057571,28870.263446,18318.222118,501.106767,29434.837837,-433.783752,4791.392747,16.193669,18.857922,False,False,False,False,True,True,False,1-circle,1.000000,5009.862258,-21205.518503,84.754979,7.653028,100.000000,100.000000,0.000000,0.000000,2,4,4,0.0000,0.0000,0.0000,0.5000,"PursuitChaseOptimal",-0.020919
3661,B0100,aggressive,UNKNOWN,16450.294441,28391.902333,4008.097667,5659.057571,28870.263446,18318.222118,501.106767,29434.837837,-433.783752,4791.392747,16.193669,18.857922,False,False,False,False,True,True,False,1-circle,1.000000,5009.862258,-21205.518503,84.754979,7.653028,100.000000,100.000000,0.000000,0.000000,3,8,0,0.0000,0.0000,0.0000,0.5000,"Pursue",0.030903
3662,A0100,pursuit_chase_v1,UNKNOWN,16445.038120,28251.956208,4148.043792,5856.831958,28707.993780,18328.650522,500.279476,29408.591088,-524.934978,4725.381332,20.032736,25.938281,False,False,False,False,True,True,False,1-circle,1.000000,5002.658945,-20852.004708,86.176424,7.593969,100.000000,100.000000,0.000000,0.000000,2,5,4,0.0000,0.0000,0.0000,0.5000,"PursuitChaseOptimal",-0.008166
3662,B0100,aggressive,UNKNOWN,16445.038120,28251.956208,4148.043792,5856.831958,28707.993780,18328.650522,500.279476,29408.591088,-524.934978,4725.381332,20.032736,25.938281,False,False,False,False,True,True,False,1-circle,1.000000,5002.658945,-20852.004708,86.176424,7.593969,100.000000,100.000000,0.000000,0.000000,3,8,0,0.0000,0.0000,0.0000,0.5000,"Pursue",0.019212
3663,A0100,pursuit_chase_v1,UNKNOWN,16445.038120,28251.956208,4148.043792,5856.831958,28707.993780,18328.650522,500.279476,29408.591088,-524.934978,4725.381332,20.032736,25.938281,False,False,False,False,True,True,False,1-circle,1.000000,5002.658945,-20852.004708,86.176424,7.593969,100.000000,100.000000,0.000000,0.000000,2,5,4,0.0000,0.0000,0.0000,0.5000,"PursuitChaseOptimal",0.002736
3663,B0100,aggressive,UNKNOWN,16445.038120,28251.956208,4148.043792,5856.831958,28707.993780,18328.650522,500.279476,29408.591088,-524.934978,4725.381332,20.032736,25.938281,False,False,False,False,True,True,False,1-circle,1.000000,5002.658945,-20852.004708,86.176424,7.593969,100.000000,100.000000,0.000000,0.000000,3,8,0,0.0000,0.0000,0.0000,0.5000,"Pursue",0.009127
3664,A0100,pursuit_chase_v1,UNKNOWN,16439.050927,28101.967291,4298.032709,6068.028022,28532.150485,18339.014539,499.266196,29374.117316,-689.475450,4635.333668,24.440475,14.096892,False,False,False,False,True,True,False,1-circle,1.000000,4995.457555,-21325.464834,82.977372,7.529229,100.000000,100.000000,0.000000,0.000000,2,5,4,0.0000,0.0000,0.0000,0.5000,"PursuitChaseOptimal",0.010115
3664,B0100,aggressive,UNKNOWN,16439.050927,28101.967291,4298.032709,6068.028022,28532.150485,18339.014539,499.266196,29374.117316,-689.475450,4635.333668,24.440475,14.096892,False,False,False,False,True,True,False,1-circle,1.000000,4995.457555,-21325.464834,82.977372,7.529229,100.000000,100.000000,0.000000,0.000000,3,8,0,0.0000,0.0000,0.0000,0.5000,"Pursue",0.002365
3665,A0100,pursuit_chase_v1,UNKNOWN,16439.050927,28101.967291,4298.032709,6068.028022,28532.150485,18339.014539,499.266196,29374.117316,-689.475450,4635.333668,24.440475,14.096892,False,False,False,False,True,True,False,1-circle,1.000000,4995.457555,-21325.464834,82.977372,7.529229,100.000000,100.000000,0.000000,0.000000,2,5,4,0.0000,0.0000,0.0000,0.5000,"PursuitChaseOptimal",0.019171
3665,B0100,aggressive,UNKNOWN,16439.050927,28101.967291,4298.032709,6068.028022,28532.150485,18339.014539,499.266196,29374.117316,-689.475450,4635.333668,24.440475,14.096892,False,False,False,False,True,True,False,1-circle,1.000000,4995.457555,-21325.464834,82.977372,7.529229,100.000000,100.000000,0.000000,0.000000,3,8,0,0.0000,0.0000,0.0000,0.5000,"Pursue",-0.005969
3666,A0100,pursuit_chase_v1,UNKNOWN,16432.229037,27961.869325,4438.130675,6277.282892,28363.398104,18349.395724,498.298946,29341.782342,-646.699463,4530.870172,28.649184,9.290303,False,False,False,False,True,True,False,1-circle,1.000000,4988.013745,-21863.161133,79.395494,7.510225,100.000000,100.000000,0.000000,0.000000,2,5,4,0.0000,0.0000,0.0000,0.5000,"PursuitChaseOptimal",0.024442
3666,B0100,aggressive,UNKNOWN,16432.229037,27961.869325,4438.130675,6277.282892,28363.398104,18349.395724,498.298946,29341.782342,-646.699463,4530.870172,28.649184,9.290303,False,False,False,False,True,True,False,1-circle,1.000000,4988.013745,-21863.161133,79.395494,7.510225,100.000000,100.000000,0.000000,0.000000,3,8,0,0.0000,0.0000,0.0000,0.5000,"Pursue",-0.011194
3667,A0100,pursuit_chase_v1,UNKNOWN,16432.229037,27961.869325,4438.130675,6277.282892,28363.398104,18349.395724,498.298946,29341.782342,-646.699463,4530.870172,28.649184,9.290303,False,False,False,False,True,True,False,1-circle,1.000000,4988.013745,-21863.161133,79.395494,7.510225,100.000000,100.000000,0.000000,0.000000,2,5,4,0.0000,0.0000,0.0000,0.5000,"PursuitChaseOptimal",0.020878
3667,B0100,aggressive,UNKNOWN,16432.229037,27961.869325,4438.130675,6277.282892,28363.398104,18349.395724,498.298946,29341.782342,-646.699463,4530.870172,28.649184,9.290303,False,False,False,False,True,True,False,1-circle,1.000000,4988.013745,-21863.161133,79.395494,7.510225,100.000000,100.000000,0.000000,0.000000,3,8,0,0.0000,0.0000,0.0000,0.5000,"Pursue",-0.007761
3668,A0100,pursuit_chase_v1,UNKNOWN,16424.581016,27834.807767,4565.192233,6472.629912,28212.631592,18359.868484,497.540607,29318.822939,-459.188062,4434.844077,32.271002,10.750565,False,False,False,False,True,True,False,1-circle,1.000000,4980.105249,-21499.216857,80.798062,7.466524,100.000000,100.000000,0.000000,0.000000,2,5,4,0.0000,0.0000,0.0000,0.5000,"PursuitChaseOptimal",0.018518
3668,B0100,aggressive,UNKNOWN,16424.581016,27834.807767,4565.192233,6472.629912,28212.631592,18359.868484,497.540607,29318.822939,-459.188062,4434.844077,32.271002,10.750565,False,False,False,False,True,True,False,1-circle,1.000000,4980.105249,-21499.216857,80.798062,7.466524,100.000000,100.000000,0.000000,0.000000,3,8,0,0.0000,0.0000,0.0000,0.5000,"Pursue",-0.005232
3669,A0100,pursuit_chase_v1,UNKNOWN,16424.581016,27834.807767,4565.192233,6472.629912,28212.631592,18359.868484,497.540607,29318.822939,-459.188062,4434.844077,32.271002,10.750565,False,False,False,False,True,True,False,1-circle,1.000000,4980.105249,-21499.216857,80.798062,7.466524,100.000000,100.000000,0.000000,0.000000,2,5,4,0.0000,0.0000,0.0000,0.5000,"PursuitChaseOptimal",0.013658
3669,B0100,aggressive,UNKNOWN,16424.581016,27834.807767,4565.192233,6472.629912,28212.631592,18359.868484,497.540607,29318.822939,-459.188062,4434.844077,32.271002,10.750565,False,False,False,False,True,True,False,1-circle,1.000000,4980.105249,-21499.216857,80.798062,7.466524,100.000000,100.000000,0.000000,0.000000,3,8,0,0.0000,0.0000,0.0000,0.5000,"Pursue",-0.000270
3670,A0100,pursuit_chase_v1,UNKNOWN,16416.203379,27709.128812,4690.871188,6661.342926,28067.763460,18370.375063,496.860111,29299.372454,-389.009710,4356.048664,35.702507,16.431992,False,False,False,False,True,True,False,1-circle,1.000000,4971.780726,-20817.245446,83.943226,7.462009,100.000000,100.000000,0.000000,0.000000,2,5,4,0.0000,0.0000,0.0000,0.5000,"PursuitChaseOptimal",0.003459
3670,B0100,aggressive,UNKNOWN,16416.203379,27709.128812,4690.871188,6661.342926,28067.763460,18370.375063,496.860111,29299.372454,-389.009710,4356.048664,35.702507,16.431992,False,False,False,False,True,True,False,1-circle,1.000000,4971.780726,-20817.245446,83.943226,7.462009,100.000000,100.000000,0.000000,0.000000,3,8,0,0.0000,0.0000,0.0000,0.5000,"Pursue",0.009892
3671,A0100,pursuit_chase_v1,UNKNOWN,16416.203379,27709.128812,4690.871188,6661.342926,28067.763460,18370.375063,496.860111,29299.372454,-389.009710,4356.048664,35.702507,16.431992,False,False,False,False,True,True,False,1-circle,1.000000,4971.780726,-20817.245446,83.943226,7.462009,100.000000,100.000000,0.000000,0.000000,2,5,4,0.0000,0.0000,0.0000,0.5000,"PursuitChaseOptimal",-0.009552
3671,B0100,aggressive,UNKNOWN,16416.203379,27709.128812,4690.871188,6661.342926,28067.763460,18370.375063,496.860111,29299.372454,-389.009710,4356.048664,35.702507,16.431992,False,False,False,False,True,True,False,1-circle,1.000000,4971.780726,-20817.245446,83.943226,7.462009,100.000000,100.000000,0.000000,0.000000,3,8,0,0.0000,0.0000,0.0000,0.5000,"Pursue",0.023301
3672,A0100,pursuit_chase_v1,UNKNOWN,16407.108928,27570.598960,4829.401040,6841.847214,27913.414786,18380.833608,496.070998,29275.143699,-484.575095,4286.043720,40.000842,20.953670,False,False,False,False,True,True,False,1-circle,1.000000,4963.256991,-20463.986544,85.237162,7.443541,100.000000,100.000000,0.000000,0.000000,2,5,4,0.0000,0.0000,0.0000,0.5000,"PursuitChaseOptimal",-0.014914
3672,B0100,aggressive,UNKNOWN,16407.108928,27570.598960,4829.401040,6841.847214,27913.414786,18380.833608,496.070998,29275.143699,-484.575095,4286.043720,40.000842,20.953670,False,False,False,False,True,True,False,1-circle,1.000000,4963.256991,-20463.986544,85.237162,7.443541,100.000000,100.000000,0.000000,0.000000,3,8,0,0.0000,0.0000,0.0000,0.5000,"Pursue",0.029305
3673,A0100,pursuit_chase_v1,UNKNOWN,16407.108928,27570.598960,4829.401040,6841.847214,27913.414786,18380.833608,496.070998,29275.143699,-484.575095,4286.043720,40.000842,20.953670,False,False,False,False,True,True,False,1-circle,1.000000,4963.256991,-20463.986544,85.237162,7.443541,100.000000,100.000000,0.000000,0.000000,2,5,4,0.0000,0.0000,0.0000,0.5000,"PursuitChaseOptimal",-0.031110
3673,B0100,aggressive,UNKNOWN,16407.108928,27570.598960,4829.401040,6841.847214,27913.414786,18380.833608,496.070998,29275.143699,-484.575095,4286.043720,40.000842,20.953670,False,False,False,False,True,True,False,1-circle,1.000000,4963.256991,-20463.986544,85.237162,7.443541,100.000000,100.000000,0.000000,0.000000,3,8,0,0.0000,0.0000,0.0000,0.5000,"Pursue",0.045689
3674,A0100,pursuit_chase_v1,UNKNOWN,16397.168995,27422.123920,4977.876080,6988.816318,27745.592532,18391.242083,495.099229,29242.911588,-644.642216,4212.581684,46.044735,12.373555,False,False,False,False,True,True,False,1-circle,1.000000,4954.923732,-20929.793097,81.955691,7.418510,100.000000,100.000000,0.000000,0.000000,2,5,4,0.0000,0.0000,0.0000,0.5000,"PursuitChaseOptimal",-0.032714
3674,B0100,aggressive,UNKNOWN,16397.168995,27422.123920,4977.876080,6988.816318,27745.592532,18391.242083,495.099229,29242.911588,-644.642216,4212.581684,46.044735,12.373555,False,False,False,False,True,True,False,1-circle,1.000000,4954.923732,-20929.793097,81.955691,7.418510,100.000000,100.000000,0.000000,0.000000,2,4,4,0.0000,0.0000,0.0000,0.5000,"Accelerate",0.047712
3675,A0100,pursuit_chase_v1,UNKNOWN,16397.168995,27422.123920,4977.876080,6988.816318,27745.592532,18391.242083,495.099229,29242.911588,-644.642216,4212.581684,46.044735,12.373555,False,False,False,False,True,True,False,1-circle,1.000000,4954.923732,-20929.793097,81.955691,7.418510,100.000000,100.000000,0.000000,0.000000,2,5,4,0.0000,0.0000,0.0000,0.5000,"PursuitChaseOptimal",-0.028979
3675,B0100,aggressive,UNKNOWN,16397.168995,27422.123920,4977.876080,6988.816318,27745.592532,18391.242083,495.099229,29242.911588,-644.642216,4212.581684,46.044735,12.373555,False,False,False,False,True,True,False,1-circle,1.000000,4954.923732,-20929.793097,81.955691,7.418510,100.000000,100.000000,0.000000,0.000000,2,4,4,0.0000,0.0000,0.0000,0.5000,"Accelerate",0.045050
3676,A0100,pursuit_chase_v1,UNKNOWN,16386.248641,27276.599091,5123.400909,7090.032280,27577.033223,18401.680408,494.096675,29209.446105,-669.309664,4148.513156,53.082825,7.524538,False,False,False,False,True,True,False,1-circle,1.000000,4947.184585,-21711.975456,76.894584,7.482662,100.000000,100.000000,0.000000,0.000000,2,5,4,0.0000,0.0000,0.0000,0.5000,"PursuitChaseOptimal",-0.027315
3676,B0100,aggressive,UNKNOWN,16386.248641,27276.599091,5123.400909,7090.032280,27577.033223,18401.680408,494.096675,29209.446105,-669.309664,4148.513156,53.082825,7.524538,False,False,False,False,True,True,False,1-circle,1.000000,4947.184585,-21711.975456,76.894584,7.482662,100.000000,100.000000,0.000000,0.000000,2,4,4,0.0000,0.0000,0.0000,0.5000,"Accelerate",0.044403
3677,A0100,pursuit_chase_v1,UNKNOWN,16386.248641,27276.599091,5123.400909,7090.032280,27577.033223,18401.680408,494.096675,29209.446105,-669.309664,4148.513156,53.082825,7.524538,False,False,False,False,True,True,False,1-circle,1.000000,4947.184585,-21711.975456,76.894584,7.482662,100.000000,100.000000,0.000000,0.000000,2,5,4,0.0000,0.0000,0.0000,0.5000,"PursuitChaseOptimal",-0.025055
3677,B0100,aggressive,UNKNOWN,16386.248641,27276.599091,5123.400909,7090.032280,27577.033223,18401.680408,494.096675,29209.446105,-669.309664,4148.513156,53.082825,7.524538,False,False,False,False,True,True,False,1-circle,1.000000,4947.184585,-21711.975456,76.894584,7.482662,100.000000,100.000000,0.000000,0.000000,2,4,4,0.0000,0.0000,0.0000,0.5000,"Accelerate",0.042947
3678,A0100,pursuit_chase_v1,UNKNOWN,16374.251850,27137.009320,5262.990680,7181.121500,27405.110698,18412.341657,492.925541,29168.933808,-810.245932,4093.899649,60.069919,4.369967,False,False,False,False,True,True,False,1-circle,1.000000,4940.017295,-23160.022623,68.115564,7.691080,100.000000,100.000000,0.000000,0.000000,2,4,4,0.0000,0.0000,0.0000,0.5000,"PursuitChaseOptimal",-0.018686
3678,B0100,aggressive,UNKNOWN,16374.251850,27137.009320,5262.990680,7181.121500,27405.110698,18412.341657,492.925541,29168.933808,-810.245932,4093.899649,60.069919,4.369967,False,False,False,False,True,True,False,1-circle,1.000000,4940.017295,-23160.022623,68.115564,7.691080,100.000000,100.000000,0.000000,0.000000,2,4,4,0.0000,0.0000,0.0000,0.5000,"Accelerate",0.036526
3679,A0100,pursuit_chase_v1,UNKNOWN,16374.251850,27137.009320,5262.990680,7181.121500,27405.110698,18412.341657,492.925541,29168.933808,-810.245932,4093.899649,60.069919,4.369967,False,False,False,False,True,True,False,1-circle,1.000000,4940.017295,-23160.022623,68.115564,7.691080,100.000000,100.000000,0.000000,0.000000,2,4,4,0.0000,0.0000,0.0000,0.5000,"PursuitChaseOptimal",-0.022103
3679,B0100,aggressive,UNKNOWN,16374.251850,27137.009320,5262.990680,7181.121500,27405.110698,18412.341657,492.925541,29168.933808,-810.245932,4093.899649,60.069919,4.369967,False,False,False,False,True,True,False,1-circle,1.000000,4940.017295,-23160.022623,68.115564,7.691080,100.000000,100.000000,0.000000,0.000000,2,4,4,0.0000,0.0000,0.0000,0.5000,"Accelerate",0.038907
3680,A0100,pursuit_chase_v1,UNKNOWN,16361.254498,27044.724075,5355.275925,7227.905857,27277.968597,18423.472731,492.108080,29144.417295,-490.330263,4066.270039,65.147183,2.735592,False,False,False,False,True,True,False,1-circle,1.000000,4933.149112,-24976.098835,57.277183,7.903974,100.000000,100.000000,0.000000,0.000000,2,4,4,0.0000,0.0000,0.0000,0.5000,"PursuitChaseOptimal",-0.024153
3680,B0100,aggressive,UNKNOWN,16361.254498,27044.724075,5355.275925,7227.905857,27277.968597,18423.472731,492.108080,29144.417295,-490.330263,4066.270039,65.147183,2.735592,False,False,False,False,True,True,False,1-circle,1.000000,4933.149112,-24976.098835,57.277183,7.903974,100.000000,100.000000,0.000000,0.000000,2,4,4,0.0000,0.0000,0.0000,0.5000,"Accelerate",0.039625
3681,A0100,pursuit_chase_v1,UNKNOWN,16361.254498,27044.724075,5355.275925,7227.905857,27277.968597,18423.472731,492.108080,29144.417295,-490.330263,4066.270039,65.147183,2.735592,False,False,False,False,True,True,False,1-circle,1.000000,4933.149112,-24976.098835,57.277183,7.903974,100.000000,100.000000,0.000000,0.000000,2,4,4,0.0000,0.0000,0.0000,0.5000,"PursuitChaseOptimal",-0.023973
3681,B0100,aggressive,UNKNOWN,16361.254498,27044.724075,5355.275925,7227.905857,27277.968597,18423.472731,492.108080,29144.417295,-490.330263,4066.270039,65.147183,2.735592,False,False,False,False,True,True,False,1-circle,1.000000,4933.149112,-24976.098835,57.277183,7.903974,100.000000,100.000000,0.000000,0.000000,2,4,4,0.0000,0.0000,0.0000,0.5000,"Accelerate",0.038276
3682,A0100,pursuit_chase_v1,UNKNOWN,16347.607186,27002.576316,5397.423684,7238.459491,27212.668086,18435.125538,491.541281,29131.388009,-260.585722,4045.549624,68.097268,2.115685,False,False,False,False,True,True,False,1-circle,1.000000,4926.438842,-26103.774042,50.253919,7.418873,100.000000,100.000000,0.000000,0.000000,2,4,4,0.0000,0.0000,0.0000,0.5000,"PursuitChaseOptimal",-0.018808
3682,B0100,aggressive,UNKNOWN,16347.607186,27002.576316,5397.423684,7238.459491,27212.668086,18435.125538,491.541281,29131.388009,-260.585722,4045.549624,68.097268,2.115685,False,False,False,False,True,True,False,1-circle,1.000000,4926.438842,-26103.774042,50.253919,7.418873,100.000000,100.000000,0.000000,0.000000,2,4,4,0.0000,0.0000,0.0000,0.5000,"Accelerate",0.032189
3683,A0100,pursuit_chase_v1,UNKNOWN,16347.607186,27002.576316,5397.423684,7238.459491,27212.668086,18435.125538,491.541281,29131.388009,-260.585722,4045.549624,68.097268,2.115685,False,False,False,False,True,True,False,1-circle,1.000000,4926.438842,-26103.774042,50.253919,7.418873,100.000000,100.000000,0.000000,0.000000,2,4,4,0.0000,0.0000,0.0000,0.5000,"PursuitChaseOptimal",-0.012534
3683,B0100,aggressive,UNKNOWN,16347.607186,27002.576316,5397.423684,7238.459491,27212.668086,18435.125538,491.541281,29131.388009,-260.585722,4045.549624,68.097268,2.115685,False,False,False,False,True,True,False,1-circle,1.000000,4926.438842,-26103.774042,50.253919,7.418873,100.000000,100.000000,0.000000,0.000000,2,4,4,0.0000,0.0000,0.0000,0.5000,"Accelerate",0.025294
3684,A0100,pursuit_chase_v1,UNKNOWN,16333.654923,26992.594155,5407.405845,7257.885171,27188.698481,18447.139994,491.225263,29129.653380,-34.692580,4034.974525,68.847706,1.722002,False,False,False,False,True,True,False,1-circle,1.000000,4919.791861,-27024.409756,44.372831,7.168482,100.000000,100.000000,0.000000,0.000000,2,4,4,0.0000,0.0000,0.0000,0.5000,"PursuitChaseOptimal",-0.000195
3684,B0100,aggressive,UNKNOWN,16333.654923,26992.594155,5407.405845,7257.885171,27188.698481,18447.139994,491.225263,29129.653380,-34.692580,4034.974525,68.847706,1.722002,False,False,False,False,True,True,False,1-circle,1.000000,4919.791861,-27024.409756,44.372831,7.168482,100.000000,100.000000,0.000000,0.000000,2,4,4,0.0000,0.0000,0.0000,0.5000,"Accelerate",0.012140
3685,A0100,pursuit_chase_v1,UNKNOWN,16333.654923,26992.594155,5407.405845,7257.885171,27188.698481,18447.139994,491.225263,29129.653380,-34.692580,4034.974525,68.847706,1.722002,False,False,False,False,True,True,False,1-circle,1.000000,4919.791861,-27024.409756,44.372831,7.168482,100.000000,100.000000,0.000000,0.000000,2,4,4,0.0000,0.0000,0.0000,0.5000,"PursuitChaseOptimal",0.002756
3685,B0100,aggressive,UNKNOWN,16333.654923,26992.594155,5407.405845,7257.885171,27188.698481,18447.139994,491.225263,29129.653380,-34.692580,4034.974525,68.847706,1.722002,False,False,False,False,True,True,False,1-circle,1.000000,4919.791861,-27024.409756,44.372831,7.168482,100.000000,100.000000,0.000000,0.000000,2,4,4,0.0000,0.0000,0.0000,0.5000,"Accelerate",0.008201
3686,A0100,pursuit_chase_v1,UNKNOWN,16319.665848,26999.399183,5400.600817,7287.203211,27191.243586,18459.374882,491.064914,29134.915285,105.238090,4029.205814,68.130836,1.396701,False,False,False,False,True,True,False,1-circle,1.000000,4912.974790,-27954.729824,38.428944,6.681566,100.000000,100.000000,0.000000,0.000000,2,4,4,0.0000,0.0000,0.0000,0.5000,"PursuitChaseOptimal",0.002860
3686,B0100,aggressive,UNKNOWN,16319.665848,26999.399183,5400.600817,7287.203211,27191.243586,18459.374882,491.064914,29134.915285,105.238090,4029.205814,68.130836,1.396701,False,False,False,False,True,True,False,1-circle,1.000000,4912.974790,-27954.729824,38.428944,6.681566,100.000000,100.000000,0.000000,0.000000,2,4,4,0.0000,0.0000,0.0000,0.5000,"Accelerate",0.006867
3687,A0100,pursuit_chase_v1,UNKNOWN,16319.665848,26999.399183,5400.600817,7287.203211,27191.243586,18459.374882,491.064914,29134.915285,105.238090,4029.205814,68.130836,1.396701,False,False,False,False,True,True,False,1-circle,1.000000,4912.974790,-27954.729824,38.428944,6.681566,100.000000,100.000000,0.000000,0.000000,2,4,4,0.0000,0.0000,0.0000,0.5000,"PursuitChaseOptimal",0.000182
3687,B0100,aggressive,UNKNOWN,16319.665848,26999.399183,5400.600817,7287.203211,27191.243586,18459.374882,491.064914,29134.915285,105.238090,4029.205814,68.130836,1.396701,False,False,False,False,True,True,False,1-circle,1.000000,4912.974790,-27954.729824,38.428944,6.681566,100.000000,100.000000,0.000000,0.000000,2,4,4,0.0000,0.0000,0.0000,0.5000,"Accelerate",0.008355
3688,A0100,pursuit_chase_v1,UNKNOWN,16305.854105,27022.849617,5377.150383,7297.037075,27223.527800,18471.575980,490.884455,29139.271646,87.127228,4032.806810,66.515116,1.126547,False,False,False,False,True,True,False,1-circle,1.000000,4906.020191,-28860.528576,32.612450,5.300651,100.000000,100.000000,0.000000,0.000000,2,4,4,0.0000,0.0000,0.0000,0.5000,"PursuitChaseOptimal",-0.006436
3688,B0100,aggressive,UNKNOWN,16305.854105,27022.849617,5377.150383,7297.037075,27223.527800,18471.575980,490.884455,29139.271646,87.127228,4032.806810,66.515116,1.126547,False,False,False,False,True,True,False,1-circle,1.000000,4906.020191,-28860.528576,32.612450,5.300651,100.000000,100.000000,0.000000,0.000000,2,4,4,0.0000,0.0000,0.0000,0.5000,"Accelerate",0.013862
3689,A0100,pursuit_chase_v1,UNKNOWN,16305.854105,27022.849617,5377.150383,7297.037075,27223.527800,18471.575980,490.884455,29139.271646,87.127228,4032.806810,66.515116,1.126547,False,False,False,False,True,True,False,1-circle,1.000000,4906.020191,-28860.528576,32.612450,5.300651,100.000000,100.000000,0.000000,0.000000,2,4,4,0.0000,0.0000,0.0000,0.5000,"PursuitChaseOptimal",-0.016508
3689,B0100,aggressive,UNKNOWN,16305.854105,27022.849617,5377.150383,7297.037075,27223.527800,18471.575980,490.884455,29139.271646,87.127228,4032.806810,66.515116,1.126547,False,False,False,False,True,True,False,1-circle,1.000000,4906.020191,-28860.528576,32.612450,5.300651,100.000000,100.000000,0.000000,0.000000,2,4,4,0.0000,0.0000,0.0000,0.5000,"Accelerate",0.022981
3690,A0100,pursuit_chase_v1,UNKNOWN,16292.375081,27054.169627,5345.830373,7275.174388,27276.769223,18483.447750,490.626681,29139.942682,13.420710,4019.502400,65.256429,0.886931,False,False,False,False,True,True,False,1-circle,1.000000,4899.274540,-29777.165554,26.728689,4.061656,100.000000,100.000000,0.000000,0.000000,2,4,4,0.0000,0.0000,0.0000,0.5000,"PursuitChaseOptimal",-0.028754
3690,B0100,aggressive,UNKNOWN,16292.375081,27054.169627,5345.830373,7275.174388,27276.769223,18483.447750,490.626681,29139.942682,13.420710,4019.502400,65.256429,0.886931,False,False,False,False,True,True,False,1-circle,1.000000,4899.274540,-29777.165554,26.728689,4.061656,100.000000,100.000000,0.000000,0.000000,2,4,4,0.0000,0.0000,0.0000,0.5000,"Accelerate",0.034598
3691,A0100,pursuit_chase_v1,UNKNOWN,16292.375081,27054.169627,5345.830373,7275.174388,27276.769223,18483.447750,490.626681,29139.942682,13.420710,4019.502400,65.256429,0.886931,False,False,False,False,True,True,False,1-circle,1.000000,4899.274540,-29777.165554,26.728689,4.061656,100.000000,100.000000,0.000000,0.000000,2,4,4,0.0000,0.0000,0.0000,0.5000,"PursuitChaseOptimal",-0.031792
3691,B0100,aggressive,UNKNOWN,16292.375081,27054.169627,5345.830373,7275.174388,27276.769223,18483.447750,490.626681,29139.942682,13.420710,4019.502400,65.256429,0.886931,False,False,False,False,True,True,False,1-circle,1.000000,4899.274540,-29777.165554,26.728689,4.061656,100.000000,100.000000,0.000000,0.000000,2,4,4,0.0000,0.0000,0.0000,0.5000,"Accelerate",0.037214
3692,A0100,pursuit_chase_v1,UNKNOWN,16279.273328,27084.294519,5315.705481,7239.669880,27337.828362,18494.734957,490.239555,29134.419613,-110.461364,3997.334343,64.486576,0.676066,False,False,False,False,True,True,False,1-circle,1.000000,4893.192838,-30666.989129,20.988280,3.143056,100.000000,100.000000,0.000000,0.000000,2,4,4,0.0000,0.0000,0.0000,0.5000,"PursuitChaseOptimal",-0.034773
3692,B0100,aggressive,UNKNOWN,16279.273328,27084.294519,5315.705481,7239.669880,27337.828362,18494.734957,490.239555,29134.419613,-110.461364,3997.334343,64.486576,0.676066,False,False,False,False,True,True,False,1-circle,1.000000,4893.192838,-30666.989129,20.988280,3.143056,100.000000,100.000000,0.000000,0.000000,2,4,4,0.0000,0.0000,0.0000,0.5000,"Accelerate",0.039899
3693,A0100,pursuit_chase_v1,UNKNOWN,16279.273328,27084.294519,5315.705481,7239.669880,27337.828362,18494.734957,490.239555,29134.419613,-110.461364,3997.334343,64.486576,0.676066,False,False,False,False,True,True,False,1-circle,1.000000,4893.192838,-30666.989129,20.988280,3.143056,100.000000,100.000000,0.000000,0.000000,2,4,4,0.0000,0.0000,0.0000,0.5000,"PursuitChaseOptimal",-0.029497
3693,B0100,aggressive,UNKNOWN,16279.273328,27084.294519,5315.705481,7239.669880,27337.828362,18494.734957,490.239555,29134.419613,-110.461364,3997.334343,64.486576,0.676066,False,False,False,False,True,True,False,1-circle,1.000000,4893.192838,-30666.989129,20.988280,3.143056,100.000000,100.000000,0.000000,0.000000,2,4,4,0.0000,0.0000,0.0000,0.5000,"Accelerate",0.034357
3694,A0100,pursuit_chase_v1,UNKNOWN,16266.556802,27109.791401,5290.208599,7206.047082,27399.617598,18505.297453,489.780838,29125.080359,-186.785085,3974.881760,63.830571,0.487803,False,False,False,False,True,True,False,1-circle,1.000000,4888.017361,-31517.462948,15.461493,2.362371,100.000000,100.000000,0.000000,0.000000,2,5,4,0.0000,0.0000,0.0000,0.5000,"PursuitChaseOptimal",-0.018248
3694,B0100,aggressive,UNKNOWN,16266.556802,27109.791401,5290.208599,7206.047082,27399.617598,18505.297453,489.780838,29125.080359,-186.785085,3974.881760,63.830571,0.487803,False,False,False,False,True,True,False,1-circle,1.000000,4888.017361,-31517.462948,15.461493,2.362371,100.000000,100.000000,0.000000,0.000000,2,4,4,0.0000,0.0000,0.0000,0.5000,"Accelerate",0.022814
3695,A0100,pursuit_chase_v1,UNKNOWN,16266.556802,27109.791401,5290.208599,7206.047082,27399.617598,18505.297453,489.780838,29125.080359,-186.785085,3974.881760,63.830571,0.487803,False,False,False,False,True,True,False,1-circle,1.000000,4888.017361,-31517.462948,15.461493,2.362371,100.000000,100.000000,0.000000,0.000000,2,5,4,0.0000,0.0000,0.0000,0.5000,"PursuitChaseOptimal",-0.006204
3695,B0100,aggressive,UNKNOWN,16266.556802,27109.791401,5290.208599,7206.047082,27399.617598,18505.297453,489.780838,29125.080359,-186.785085,3974.881760,63.830571,0.487803,False,False,False,False,True,True,False,1-circle,1.000000,4888.017361,-31517.462948,15.461493,2.362371,100.000000,100.000000,0.000000,0.000000,2,4,4,0.0000,0.0000,0.0000,0.5000,"Accelerate",0.010476
3696,A0100,pursuit_chase_v1,UNKNOWN,16254.241752,27129.626952,5270.373048,7188.472177,27459.305723,18515.061295,489.285160,29113.359772,-234.411734,3951.083208,62.847451,0.315627,False,False,False,False,True,True,False,1-circle,1.000000,4883.674935,-32330.275694,10.138902,1.658545,100.000000,100.000000,0.000000,0.000000,2,5,4,0.0000,0.0000,0.0000,0.5000,"PursuitChaseOptimal",0.006015
3696,B0100,aggressive,UNKNOWN,16254.241752,27129.626952,5270.373048,7188.472177,27459.305723,18515.061295,489.285160,29113.359772,-234.411734,3951.083208,62.847451,0.315627,False,False,False,False,True,True,False,1-circle,1.000000,4883.674935,-32330.275694,10.138902,1.658545,100.000000,100.000000,0.000000,0.000000,2,4,4,0.0000,0.0000,0.0000,0.5000,"Accelerate",-0.002016
3697,A0100,pursuit_chase_v1,UNKNOWN,16254.241752,27129.626952,5270.373048,7188.472177,27459.305723,18515.061295,489.285160,29113.359772,-234.411734,3951.083208,62.847451,0.315627,False,False,False,False,True,True,False,1-circle,1.000000,4883.674935,-32330.275694,10.138902,1.658545,100.000000,100.000000,0.000000,0.000000,2,5,4,0.0000,0.0000,0.0000,0.5000,"PursuitChaseOptimal",0.030146
3697,B0100,aggressive,UNKNOWN,16254.241752,27129.626952,5270.373048,7188.472177,27459.305723,18515.061295,489.285160,29113.359772,-234.411734,3951.083208,62.847451,0.315627,False,False,False,False,True,True,False,1-circle,1.000000,4883.674935,-32330.275694,10.138902,1.658545,100.000000,100.000000,0.000000,0.000000,2,4,4,0.0000,0.0000,0.0000,0.5000,"Accelerate",-0.026474
3698,A0100,pursuit_chase_v1,UNKNOWN,16242.293329,27143.816844,5256.183156,7185.969512,27515.777845,18523.989255,488.772595,29100.094233,-265.310784,3917.732125,61.551227,0.154560,False,False,False,False,True,True,False,1-circle,1.000000,4879.894381,31691.036547,5.000431,1.000765,100.000000,100.000000,0.000000,0.000000,2,5,4,0.0000,0.0000,0.0000,0.5000,"PursuitChaseOptimal",0.047557
3698,B0100,aggressive,UNKNOWN,16242.293329,27143.816844,5256.183156,7185.969512,27515.777845,18523.989255,488.772595,29100.094233,-265.310784,3917.732125,61.551227,0.154560,False,False,False,False,True,True,False,1-circle,1.000000,4879.894381,31691.036547,5.000431,1.000765,100.000000,100.000000,0.000000,0.000000,2,4,4,0.0000,0.0000,0.0000,0.5000,"Accelerate",-0.044024
3699,A0100,pursuit_chase_v1,UNKNOWN,16242.293329,27143.816844,5256.183156,7185.969512,27515.777845,18523.989255,488.772595,29100.094233,-265.310784,3917.732125,61.551227,0.154560,False,False,False,False,True,True,False,1-circle,1.000000,4879.894381,31691.036547,5.000431,1.000765,100.000000,100.000000,0.000000,0.000000,2,5,4,0.0000,0.0000,0.0000,0.5000,"PursuitChaseOptimal",0.059290
3699,B0100,aggressive,UNKNOWN,16242.293329,27143.816844,5256.183156,7185.969512,27515.777845,18523.989255,488.772595,29100.094233,-265.310784,3917.732125,61.551227,0.154560,False,False,False,False,True,True,False,1-circle,1.000000,4879.894381,31691.036547,5.000431,1.000765,100.000000,100.000000,0.000000,0.000000,2,4,4,0.0000,0.0000,0.0000,0.5000,"Accelerate",-0.055931
3700,A0100,pursuit_chase_v1,UNKNOWN,16230.675317,27153.914109,5246.085891,7190.120043,27570.485598,18532.063981,488.311464,29088.222389,-237.436894,3889.934035,59.673058,0.009058,False,False,False,False,True,True,False,1-circle,1.000000,4876.303172,30990.968018,0.293585,0.383547,100.000000,100.000000,0.000000,0.000000,2,5,4,0.0000,0.0000,0.0000,0.5000,"PursuitChaseOptimal",0.064829
3700,B0100,aggressive,UNKNOWN,16230.675317,27153.914109,5246.085891,7190.120043,27570.485598,18532.063981,488.311464,29088.222389,-237.436894,3889.934035,59.673058,0.009058,False,False,False,False,True,True,False,1-circle,1.000000,4876.303172,30990.968018,0.293585,0.383547,100.000000,100.000000,0.000000,0.000000,2,4,4,0.0000,0.0000,0.0000,0.5000,"Accelerate",-0.061120
3701,A0100,pursuit_chase_v1,UNKNOWN,16230.675317,27153.914109,5246.085891,7190.120043,27570.485598,18532.063981,488.311464,29088.222389,-237.436894,3889.934035,59.673058,0.009058,False,False,False,False,True,True,False,1-circle,1.000000,4876.303172,30990.968018,0.293585,0.383547,100.000000,100.000000,0.000000,0.000000,2,5,4,0.0000,0.0000,0.0000,0.5000,"PursuitChaseOptimal",0.058407
3701,B0100,aggressive,UNKNOWN,16230.675317,27153.914109,5246.085891,7190.120043,27570.485598,18532.063981,488.311464,29088.222389,-237.436894,3889.934035,59.673058,0.009058,False,False,False,False,True,True,False,1-circle,1.000000,4876.303172,30990.968018,0.293585,0.383547,100.000000,100.000000,0.000000,0.000000,2,4,4,0.0000,0.0000,0.0000,0.5000,"Accelerate",-0.054554
3702,A0100,pursuit_chase_v1,UNKNOWN,16219.399288,27156.466310,5243.533690,7209.814209,27618.750594,18539.267613,488.220415,29091.489853,65.349290,3867.508535,57.523482,0.052832,False,False,False,False,True,True,False,1-circle,1.000000,4872.636578,31394.414247,1.711662,0.456770,100.000000,100.000000,0.000000,0.000000,2,5,4,0.0000,0.0000,0.0000,0.5000,"PursuitChaseOptimal",0.036972
3702,B0100,aggressive,UNKNOWN,16219.399288,27156.466310,5243.533690,7209.814209,27618.750594,18539.267613,488.220415,29091.489853,65.349290,3867.508535,57.523482,0.052832,False,False,False,False,True,True,False,1-circle,1.000000,4872.636578,31394.414247,1.711662,0.456770,100.000000,100.000000,0.000000,0.000000,2,4,4,0.0000,0.0000,0.0000,0.5000,"Accelerate",-0.032621
3703,A0100,pursuit_chase_v1,UNKNOWN,16219.399288,27156.466310,5243.533690,7209.814209,27618.750594,18539.267613,488.220415,29091.489853,65.349290,3867.508535,57.523482,0.052832,False,False,False,False,True,True,False,1-circle,1.000000,4872.636578,31394.414247,1.711662,0.456770,100.000000,100.000000,0.000000,0.000000,2,5,4,0.0000,0.0000,0.0000,0.5000,"PursuitChaseOptimal",0.015509
3703,B0100,aggressive,UNKNOWN,16219.399288,27156.466310,5243.533690,7209.814209,27618.750594,18539.267613,488.220415,29091.489853,65.349290,3867.508535,57.523482,0.052832,False,False,False,False,True,True,False,1-circle,1.000000,4872.636578,31394.414247,1.711662,0.456770,100.000000,100.000000,0.000000,0.000000,2,4,4,0.0000,0.0000,0.0000,0.5000,"Accelerate",-0.010749
3704,A0100,pursuit_chase_v1,UNKNOWN,16208.469170,27175.960640,5224.039360,7222.063832,27669.592526,18545.737002,488.106755,29093.046600,31.134938,3846.087334,55.374082,0.101500,False,False,False,False,True,True,False,1-circle,1.000000,4868.840116,31827.021478,3.285385,1.289200,100.000000,100.000000,0.000000,0.000000,2,5,4,0.0000,0.0000,0.0000,0.5000,"PursuitChaseOptimal",-0.003521
3704,B0100,aggressive,UNKNOWN,16208.469170,27175.960640,5224.039360,7222.063832,27669.592526,18545.737002,488.106755,29093.046600,31.134938,3846.087334,55.374082,0.101500,False,False,False,False,True,True,False,1-circle,1.000000,4868.840116,31827.021478,3.285385,1.289200,100.000000,100.000000,0.000000,0.000000,2,4,4,0.0000,0.0000,0.0000,0.5000,"Accelerate",0.008768
3705,A0100,pursuit_chase_v1,UNKNOWN,16208.469170,27175.960640,5224.039360,7222.063832,27669.592526,18545.737002,488.106755,29093.046600,31.134938,3846.087334,55.374082,0.101500,False,False,False,False,True,True,False,1-circle,1.000000,4868.840116,31827.021478,3.285385,1.289200,100.000000,100.000000,0.000000,0.000000,2,5,4,0.0000,0.0000,0.0000,0.5000,"PursuitChaseOptimal",-0.012883
3705,B0100,aggressive,UNKNOWN,16208.469170,27175.960640,5224.039360,7222.063832,27669.592526,18545.737002,488.106755,29093.046600,31.134938,3846.087334,55.374082,0.101500,False,False,False,False,True,True,False,1-circle,1.000000,4868.840116,31827.021478,3.285385,1.289200,100.000000,100.000000,0.000000,0.000000,2,4,4,0.0000,0.0000,0.0000,0.5000,"Accelerate",0.017942
3706,A0100,pursuit_chase_v1,UNKNOWN,16197.822383,27209.955972,5190.044028,7198.954224,27719.879605,18551.881184,487.958547,29092.786622,-5.199558,3812.282301,54.371118,0.017312,False,False,False,False,True,True,False,1-circle,1.000000,4864.992595,31486.623426,0.560843,2.035794,100.000000,100.000000,0.000000,0.000000,2,5,4,0.0000,0.0000,0.0000,0.5000,"PursuitChaseOptimal",-0.027368
3706,B0100,aggressive,UNKNOWN,16197.822383,27209.955972,5190.044028,7198.954224,27719.879605,18551.881184,487.958547,29092.786622,-5.199558,3812.282301,54.371118,0.017312,False,False,False,False,True,True,False,1-circle,1.000000,4864.992595,31486.623426,0.560843,2.035794,100.000000,100.000000,0.000000,0.000000,2,4,4,0.0000,0.0000,0.0000,0.5000,"Accelerate",0.032320
3707,A0100,pursuit_chase_v1,UNKNOWN,16197.822383,27209.955972,5190.044028,7198.954224,27719.879605,18551.881184,487.958547,29092.786622,-5.199558,3812.282301,54.371118,0.017312,False,False,False,False,True,True,False,1-circle,1.000000,4864.992595,31486.623426,0.560843,2.035794,100.000000,100.000000,0.000000,0.000000,2,5,4,0.0000,0.0000,0.0000,0.5000,"PursuitChaseOptimal",-0.025871
3707,B0100,aggressive,UNKNOWN,16197.822383,27209.955972,5190.044028,7198.954224,27719.879605,18551.881184,487.958547,29092.786622,-5.199558,3812.282301,54.371118,0.017312,False,False,False,False,True,True,False,1-circle,1.000000,4864.992595,31486.623426,0.560843,2.035794,100.000000,100.000000,0.000000,0.000000,2,4,4,0.0000,0.0000,0.0000,0.5000,"Accelerate",0.030443
3708,A0100,pursuit_chase_v1,UNKNOWN,16187.351440,27236.902858,5163.097142,7124.492575,27767.041354,18557.788092,488.099885,29104.800785,240.283254,3807.050447,54.743159,0.078184,False,False,False,False,True,True,False,1-circle,1.000000,4861.609779,31991.294576,2.532145,2.151843,100.000000,100.000000,0.000000,0.000000,2,5,4,0.0000,0.0000,0.0000,0.5000,"PursuitChaseOptimal",-0.021773
3708,B0100,aggressive,UNKNOWN,16187.351440,27236.902858,5163.097142,7124.492575,27767.041354,18557.788092,488.099885,29104.800785,240.283254,3807.050447,54.743159,0.078184,False,False,False,False,True,True,False,1-circle,1.000000,4861.609779,31991.294576,2.532145,2.151843,100.000000,100.000000,0.000000,0.000000,2,4,4,0.0000,0.0000,0.0000,0.5000,"Accelerate",0.026440
3709,A0100,pursuit_chase_v1,UNKNOWN,16187.351440,27236.902858,5163.097142,7124.492575,27767.041354,18557.788092,488.099885,29104.800785,240.283254,3807.050447,54.743159,0.078184,False,False,False,False,True,True,False,1-circle,1.000000,4861.609779,31991.294576,2.532145,2.151843,100.000000,100.000000,0.000000,0.000000,2,5,4,0.0000,0.0000,0.0000,0.5000,"PursuitChaseOptimal",-0.020938
3709,B0100,aggressive,UNKNOWN,16187.351440,27236.902858,5163.097142,7124.492575,27767.041354,18557.788092,488.099885,29104.800785,240.283254,3807.050447,54.743159,0.078184,False,False,False,False,True,True,False,1-circle,1.000000,4861.609779,31991.294576,2.532145,2.151843,100.000000,100.000000,0.000000,0.000000,2,4,4,0.0000,0.0000,0.0000,0.5000,"Accelerate",0.025311
3710,A0100,pursuit_chase_v1,UNKNOWN,16177.038470,27259.600240,5140.399760,7020.166427,27812.399021,18563.380599,488.188791,29114.235845,188.701205,3818.063257,55.663887,0.189610,False,False,False,False,True,True,False,1-circle,1.000000,4859.139824,-32013.623417,6.122974,1.923825,100.000000,100.000000,0.000000,0.000000,2,5,4,0.0000,0.0000,0.0000,0.5000,"PursuitChaseOptimal",-0.020202
3710,B0100,aggressive,UNKNOWN,16177.038470,27259.600240,5140.399760,7020.166427,27812.399021,18563.380599,488.188791,29114.235845,188.701205,3818.063257,55.663887,0.189610,False,False,False,False,True,True,False,1-circle,1.000000,4859.139824,-32013.623417,6.122974,1.923825,100.000000,100.000000,0.000000,0.000000,2,4,4,0.0000,0.0000,0.0000,0.5000,"Accelerate",0.024368
3711,A0100,pursuit_chase_v1,UNKNOWN,16177.038470,27259.600240,5140.399760,7020.166427,27812.399021,18563.380599,488.188791,29114.235845,188.701205,3818.063257,55.663887,0.189610,False,False,False,False,True,True,False,1-circle,1.000000,4859.139824,-32013.623417,6.122974,1.923825,100.000000,100.000000,0.000000,0.000000,2,5,4,0.0000,0.0000,0.0000,0.5000,"PursuitChaseOptimal",-0.018645
3711,B0100,aggressive,UNKNOWN,16177.038470,27259.600240,5140.399760,7020.166427,27812.399021,18563.380599,488.188791,29114.235845,188.701205,3818.063257,55.663887,0.189610,False,False,False,False,True,True,False,1-circle,1.000000,4859.139824,-32013.623417,6.122974,1.923825,100.000000,100.000000,0.000000,0.000000,2,4,4,0.0000,0.0000,0.0000,0.5000,"Accelerate",0.022599
3712,A0100,pursuit_chase_v1,UNKNOWN,16166.848951,27280.692389,5119.307611,6897.523879,27859.831811,18568.626305,488.004825,29111.531227,-54.092352,3831.686331,56.891633,0.091439,False,False,False,False,True,True,False,1-circle,1.000000,4857.724402,32364.056331,2.960613,0.636898,100.000000,100.000000,0.000000,0.000000,2,5,4,0.0000,0.0000,0.0000,0.5000,"PursuitChaseOptimal",-0.016822
3712,B0100,aggressive,UNKNOWN,16166.848951,27280.692389,5119.307611,6897.523879,27859.831811,18568.626305,488.004825,29111.531227,-54.092352,3831.686331,56.891633,0.091439,False,False,False,False,True,True,False,1-circle,1.000000,4857.724402,32364.056331,2.960613,0.636898,100.000000,100.000000,0.000000,0.000000,2,4,4,0.0000,0.0000,0.0000,0.5000,"Accelerate",0.020268
3713,A0100,pursuit_chase_v1,UNKNOWN,16166.848951,27280.692389,5119.307611,6897.523879,27859.831811,18568.626305,488.004825,29111.531227,-54.092352,3831.686331,56.891633,0.091439,False,False,False,False,True,True,False,1-circle,1.000000,4857.724402,32364.056331,2.960613,0.636898,100.000000,100.000000,0.000000,0.000000,2,5,4,0.0000,0.0000,0.0000,0.5000,"PursuitChaseOptimal",-0.014812
3713,B0100,aggressive,UNKNOWN,16166.848951,27280.692389,5119.307611,6897.523879,27859.831811,18568.626305,488.004825,29111.531227,-54.092352,3831.686331,56.891633,0.091439,False,False,False,False,True,True,False,1-circle,1.000000,4857.724402,32364.056331,2.960613,0.636898,100.000000,100.000000,0.000000,0.000000,2,4,4,0.0000,0.0000,0.0000,0.5000,"Accelerate",0.017928
3714,A0100,pursuit_chase_v1,UNKNOWN,16156.781699,27292.053999,5107.946001,6766.258391,27907.157582,18573.415289,487.855124,29109.852896,-33.566619,3854.206532,58.337667,0.045892,False,False,False,False,True,True,False,1-circle,1.000000,4857.506139,31708.150923,-1.486577,-0.347480,100.000000,100.000000,0.000000,0.000000,2,5,4,0.0000,0.0000,0.0000,0.5000,"PursuitChaseOptimal",-0.012596
3714,B0100,aggressive,UNKNOWN,16156.781699,27292.053999,5107.946001,6766.258391,27907.157582,18573.415289,487.855124,29109.852896,-33.566619,3854.206532,58.337667,0.045892,False,False,False,False,True,True,False,1-circle,1.000000,4857.506139,31708.150923,-1.486577,-0.347480,100.000000,100.000000,0.000000,0.000000,2,4,4,0.0000,0.0000,0.0000,0.5000,"Accelerate",0.015651
3715,A0100,pursuit_chase_v1,UNKNOWN,16156.781699,27292.053999,5107.946001,6766.258391,27907.157582,18573.415289,487.855124,29109.852896,-33.566619,3854.206532,58.337667,0.045892,False,False,False,False,True,True,False,1-circle,1.000000,4857.506139,31708.150923,-1.486577,-0.347480,100.000000,100.000000,0.000000,0.000000,2,5,4,0.0000,0.0000,0.0000,0.5000,"PursuitChaseOptimal",-0.010241
3715,B0100,aggressive,UNKNOWN,16156.781699,27292.053999,5107.946001,6766.258391,27907.157582,18573.415289,487.855124,29109.852896,-33.566619,3854.206532,58.337667,0.045892,False,False,False,False,True,True,False,1-circle,1.000000,4857.506139,31708.150923,-1.486577,-0.347480,100.000000,100.000000,0.000000,0.000000,2,4,4,0.0000,0.0000,0.0000,0.5000,"Accelerate",0.013178
3716,A0100,pursuit_chase_v1,UNKNOWN,16146.858690,27294.983233,5105.016767,6634.130877,27949.225250,18577.611738,487.992433,29119.981222,202.566520,3900.691559,59.638297,0.001499,False,False,False,False,True,True,False,1-circle,1.000000,4858.602250,32108.967754,-0.048587,0.142165,100.000000,100.000000,0.000000,0.000000,2,5,4,0.0000,0.0000,0.0000,0.5000,"PursuitChaseOptimal",-0.007718
3716,B0100,aggressive,UNKNOWN,16146.858690,27294.983233,5105.016767,6634.130877,27949.225250,18577.611738,487.992433,29119.981222,202.566520,3900.691559,59.638297,0.001499,False,False,False,False,True,True,False,1-circle,1.000000,4858.602250,32108.967754,-0.048587,0.142165,100.000000,100.000000,0.000000,0.000000,2,4,4,0.0000,0.0000,0.0000,0.5000,"Accelerate",0.010957
3717,A0100,pursuit_chase_v1,UNKNOWN,16146.858690,27294.983233,5105.016767,6634.130877,27949.225250,18577.611738,487.992433,29119.981222,202.566520,3900.691559,59.638297,0.001499,False,False,False,False,True,True,False,1-circle,1.000000,4858.602250,32108.967754,-0.048587,0.142165,100.000000,100.000000,0.000000,0.000000,2,5,4,0.0000,0.0000,0.0000,0.5000,"PursuitChaseOptimal",-0.005017
3717,B0100,aggressive,UNKNOWN,16146.858690,27294.983233,5105.016767,6634.130877,27949.225250,18577.611738,487.992433,29119.981222,202.566520,3900.691559,59.638297,0.001499,False,False,False,False,True,True,False,1-circle,1.000000,4858.602250,32108.967754,-0.048587,0.142165,100.000000,100.000000,0.000000,0.000000,2,4,4,0.0000,0.0000,0.0000,0.5000,"Accelerate",0.008516
3718,A0100,pursuit_chase_v1,UNKNOWN,16137.086817,27311.128822,5088.871178,6495.058495,27992.409018,18581.313262,488.029358,29125.278227,105.940101,3944.683335,60.543994,0.028555,False,False,False,False,True,True,False,1-circle,1.000000,4860.871387,-32376.625425,0.925496,0.536490,100.000000,100.000000,0.000000,0.000000,2,4,4,0.0000,0.0000,0.0000,0.5000,"PursuitChaseOptimal",0.000921
3718,B0100,aggressive,UNKNOWN,16137.086817,27311.128822,5088.871178,6495.058495,27992.409018,18581.313262,488.029358,29125.278227,105.940101,3944.683335,60.543994,0.028555,False,False,False,False,True,True,False,1-circle,1.000000,4860.871387,-32376.625425,0.925496,0.536490,100.000000,100.000000,0.000000,0.000000,2,4,4,0.0000,0.0000,0.0000,0.5000,"Accelerate",0.002475
3719,A0100,pursuit_chase_v1,UNKNOWN,16137.086817,27311.128822,5088.871178,6495.058495,27992.409018,18581.313262,488.029358,29125.278227,105.940101,3944.683335,60.543994,0.028555,False,False,False,False,True,True,False,1-circle,1.000000,4860.871387,-32376.625425,0.925496,0.536490,100.000000,100.000000,0.000000,0.000000,2,4,4,0.0000,0.0000,0.0000,0.5000,"PursuitChaseOptimal",-0.003042
3719,B0100,aggressive,UNKNOWN,16137.086817,27311.128822,5088.871178,6495.058495,27992.409018,18581.313262,488.029358,29125.278227,105.940101,3944.683335,60.543994,0.028555,False,False,False,False,True,True,False,1-circle,1.000000,4860.871387,-32376.625425,0.925496,0.536490,100.000000,100.000000,0.000000,0.000000,2,4,4,0.0000,0.0000,0.0000,0.5000,"Accelerate",0.006412
3720,A0100,pursuit_chase_v1,UNKNOWN,16127.455617,27331.409623,5068.590377,6350.753887,28035.001566,18584.761337,488.155858,29134.193157,178.298588,3993.634433,61.179271,0.001817,False,False,False,False,True,True,False,1-circle,1.000000,4864.009701,32381.989027,-0.058909,0.647616,100.000000,100.000000,0.000000,0.000000,2,4,4,0.0000,0.0000,0.0000,0.5000,"PursuitChaseOptimal",-0.007340
3720,B0100,aggressive,UNKNOWN,16127.455617,27331.409623,5068.590377,6350.753887,28035.001566,18584.761337,488.155858,29134.193157,178.298588,3993.634433,61.179271,0.001817,False,False,False,False,True,True,False,1-circle,1.000000,4864.009701,32381.989027,-0.058909,0.647616,100.000000,100.000000,0.000000,0.000000,2,4,4,0.0000,0.0000,0.0000,0.5000,"Accelerate",0.010746
3721,A0100,pursuit_chase_v1,UNKNOWN,16127.455617,27331.409623,5068.590377,6350.753887,28035.001566,18584.761337,488.155858,29134.193157,178.298588,3993.634433,61.179271,0.001817,False,False,False,False,True,True,False,1-circle,1.000000,4864.009701,32381.989027,-0.058909,0.647616,100.000000,100.000000,0.000000,0.000000,2,4,4,0.0000,0.0000,0.0000,0.5000,"PursuitChaseOptimal",-0.008349
3721,B0100,aggressive,UNKNOWN,16127.455617,27331.409623,5068.590377,6350.753887,28035.001566,18584.761337,488.155858,29134.193157,178.298588,3993.634433,61.179271,0.001817,False,False,False,False,True,True,False,1-circle,1.000000,4864.009701,32381.989027,-0.058909,0.647616,100.000000,100.000000,0.000000,0.000000,2,4,4,0.0000,0.0000,0.0000,0.5000,"Accelerate",0.011855
3722,A0100,pursuit_chase_v1,UNKNOWN,16117.963324,27350.978560,5049.021440,6225.578885,28074.536708,18587.942517,488.329329,29144.873339,213.603645,4037.012789,61.607525,0.016750,False,False,False,False,True,True,False,1-circle,1.000000,4867.990331,-32177.015051,0.543265,0.635350,100.000000,100.000000,0.000000,0.000000,2,4,4,0.0000,0.0000,0.0000,0.5000,"PursuitChaseOptimal",-0.012998
3722,B0100,aggressive,UNKNOWN,16117.963324,27350.978560,5049.021440,6225.578885,28074.536708,18587.942517,488.329329,29144.873339,213.603645,4037.012789,61.607525,0.016750,False,False,False,False,True,True,False,1-circle,1.000000,4867.990331,-32177.015051,0.543265,0.635350,100.000000,100.000000,0.000000,0.000000,2,4,4,0.0000,0.0000,0.0000,0.5000,"Accelerate",0.016575
3723,A0100,pursuit_chase_v1,UNKNOWN,16117.963324,27350.978560,5049.021440,6225.578885,28074.536708,18587.942517,488.329329,29144.873339,213.603645,4037.012789,61.607525,0.016750,False,False,False,False,True,True,False,1-circle,1.000000,4867.990331,-32177.015051,0.543265,0.635350,100.000000,100.000000,0.000000,0.000000,2,4,4,0.0000,0.0000,0.0000,0.5000,"PursuitChaseOptimal",-0.013095
3723,B0100,aggressive,UNKNOWN,16117.963324,27350.978560,5049.021440,6225.578885,28074.536708,18587.942517,488.329329,29144.873339,213.603645,4037.012789,61.607525,0.016750,False,False,False,False,True,True,False,1-circle,1.000000,4867.990331,-32177.015051,0.543265,0.635350,100.000000,100.000000,0.000000,0.000000,2,4,4,0.0000,0.0000,0.0000,0.5000,"Accelerate",0.016553
3724,A0100,pursuit_chase_v1,UNKNOWN,16108.639913,27375.294694,5024.705306,6153.489662,28115.149652,18591.003092,488.477962,29154.361345,189.760127,4067.571811,61.154304,0.017239,False,False,False,False,True,True,False,1-circle,1.000000,4872.501743,-32245.443498,-0.559307,0.898222,100.000000,100.000000,0.000000,0.000000,2,4,4,0.0000,0.0000,0.0000,0.5000,"PursuitChaseOptimal",-0.009585
3724,B0100,aggressive,UNKNOWN,16108.639913,27375.294694,5024.705306,6153.489662,28115.149652,18591.003092,488.477962,29154.361345,189.760127,4067.571811,61.154304,0.017239,False,False,False,False,True,True,False,1-circle,1.000000,4872.501743,-32245.443498,-0.559307,0.898222,100.000000,100.000000,0.000000,0.000000,2,4,4,0.0000,0.0000,0.0000,0.5000,"Accelerate",0.012642
3725,A0100,pursuit_chase_v1,UNKNOWN,16108.639913,27375.294694,5024.705306,6153.489662,28115.149652,18591.003092,488.477962,29154.361345,189.760127,4067.571811,61.154304,0.017239,False,False,False,False,True,True,False,1-circle,1.000000,4872.501743,-32245.443498,-0.559307,0.898222,100.000000,100.000000,0.000000,0.000000,2,4,4,0.0000,0.0000,0.0000,0.5000,"PursuitChaseOptimal",-0.004573
3725,B0100,aggressive,UNKNOWN,16108.639913,27375.294694,5024.705306,6153.489662,28115.149652,18591.003092,488.477962,29154.361345,189.760127,4067.571811,61.154304,0.017239,False,False,False,False,True,True,False,1-circle,1.000000,4872.501743,-32245.443498,-0.559307,0.898222,100.000000,100.000000,0.000000,0.000000,2,4,4,0.0000,0.0000,0.0000,0.5000,"Accelerate",0.007787
3726,A0100,pursuit_chase_v1,UNKNOWN,16099.558903,27392.540793,5007.459207,6132.529078,28152.526471,18593.866108,488.787606,29170.620725,325.187598,4104.705750,59.885919,0.057856,False,False,False,False,True,True,False,1-circle,1.000000,4877.327839,-31678.063955,1.877609,0.831151,100.000000,100.000000,0.000000,0.000000,2,4,4,0.0000,0.0000,0.0000,0.5000,"PursuitChaseOptimal",0.001380
3726,B0100,aggressive,UNKNOWN,16099.558903,27392.540793,5007.459207,6132.529078,28152.526471,18593.866108,488.787606,29170.620725,325.187598,4104.705750,59.885919,0.057856,False,False,False,False,True,True,False,1-circle,1.000000,4877.327839,-31678.063955,1.877609,0.831151,100.000000,100.000000,0.000000,0.000000,2,4,4,0.0000,0.0000,0.0000,0.5000,"Accelerate",0.001981
3727,A0100,pursuit_chase_v1,UNKNOWN,16099.558903,27392.540793,5007.459207,6132.529078,28152.526471,18593.866108,488.787606,29170.620725,325.187598,4104.705750,59.885919,0.057856,False,False,False,False,True,True,False,1-circle,1.000000,4877.327839,-31678.063955,1.877609,0.831151,100.000000,100.000000,0.000000,0.000000,2,4,4,0.0000,0.0000,0.0000,0.5000,"PursuitChaseOptimal",0.006685
3727,B0100,aggressive,UNKNOWN,16099.558903,27392.540793,5007.459207,6132.529078,28152.526471,18593.866108,488.787606,29170.620725,325.187598,4104.705750,59.885919,0.057856,False,False,False,False,True,True,False,1-circle,1.000000,4877.327839,-31678.063955,1.877609,0.831151,100.000000,100.000000,0.000000,0.000000,2,4,4,0.0000,0.0000,0.0000,0.5000,"Accelerate",-0.003547
3728,A0100,pursuit_chase_v1,UNKNOWN,16090.750884,27424.152774,4975.847226,6133.629191,28193.962505,18596.644938,488.940692,29180.025752,188.100523,4128.945565,57.780890,0.001773,False,False,False,False,True,True,False,1-circle,1.000000,4882.076321,-31877.432128,0.057582,1.048238,100.000000,100.000000,0.000000,0.000000,2,4,4,0.0000,0.0000,0.0000,0.5000,"PursuitChaseOptimal",0.010473
3728,B0100,aggressive,UNKNOWN,16090.750884,27424.152774,4975.847226,6133.629191,28193.962505,18596.644938,488.940692,29180.025752,188.100523,4128.945565,57.780890,0.001773,False,False,False,False,True,True,False,1-circle,1.000000,4882.076321,-31877.432128,0.057582,1.048238,100.000000,100.000000,0.000000,0.000000,2,4,4,0.0000,0.0000,0.0000,0.5000,"Accelerate",-0.007574
3729,A0100,pursuit_chase_v1,UNKNOWN,16090.750884,27424.152774,4975.847226,6133.629191,28193.962505,18596.644938,488.940692,29180.025752,188.100523,4128.945565,57.780890,0.001773,False,False,False,False,True,True,False,1-circle,1.000000,4882.076321,-31877.432128,0.057582,1.048238,100.000000,100.000000,0.000000,0.000000,2,4,4,0.0000,0.0000,0.0000,0.5000,"PursuitChaseOptimal",0.013781
3729,B0100,aggressive,UNKNOWN,16090.750884,27424.152774,4975.847226,6133.629191,28193.962505,18596.644938,488.940692,29180.025752,188.100523,4128.945565,57.780890,0.001773,False,False,False,False,True,True,False,1-circle,1.000000,4882.076321,-31877.432128,0.057582,1.048238,100.000000,100.000000,0.000000,0.000000,2,4,4,0.0000,0.0000,0.0000,0.5000,"Accelerate",-0.010952
3730,A0100,pursuit_chase_v1,UNKNOWN,16082.254509,27443.896854,4956.103146,6155.012730,28229.027295,18599.363768,489.236838,29195.568957,310.864100,4169.253501,55.367286,0.037208,False,False,False,False,True,True,False,1-circle,1.000000,4886.521490,-31542.019986,1.208869,1.015439,100.000000,100.000000,0.000000,0.000000,2,4,4,0.0000,0.0000,0.0000,0.5000,"PursuitChaseOptimal",0.016707
3730,B0100,aggressive,UNKNOWN,16082.254509,27443.896854,4956.103146,6155.012730,28229.027295,18599.363768,489.236838,29195.568957,310.864100,4169.253501,55.367286,0.037208,False,False,False,False,True,True,False,1-circle,1.000000,4886.521490,-31542.019986,1.208869,1.015439,100.000000,100.000000,0.000000,0.000000,2,4,4,0.0000,0.0000,0.0000,0.5000,"Accelerate",-0.013895
3731,A0100,pursuit_chase_v1,UNKNOWN,16082.254509,27443.896854,4956.103146,6155.012730,28229.027295,18599.363768,489.236838,29195.568957,310.864100,4169.253501,55.367286,0.037208,False,False,False,False,True,True,False,1-circle,1.000000,4886.521490,-31542.019986,1.208869,1.015439,100.000000,100.000000,0.000000,0.000000,2,4,4,0.0000,0.0000,0.0000,0.5000,"PursuitChaseOptimal",0.017802
3731,B0100,aggressive,UNKNOWN,16082.254509,27443.896854,4956.103146,6155.012730,28229.027295,18599.363768,489.236838,29195.568957,310.864100,4169.253501,55.367286,0.037208,False,False,False,False,True,True,False,1-circle,1.000000,4886.521490,-31542.019986,1.208869,1.015439,100.000000,100.000000,0.000000,0.000000,2,4,4,0.0000,0.0000,0.0000,0.5000,"Accelerate",-0.015047
3732,A0100,pursuit_chase_v1,UNKNOWN,16074.100566,27476.613334,4923.386666,6173.990824,28271.154070,18602.027828,489.379988,29204.434799,177.316856,4202.980291,52.477449,0.023191,False,False,False,False,True,True,False,1-circle,1.000000,4890.536105,-31766.946909,-0.753776,0.936064,100.000000,100.000000,0.000000,0.000000,2,4,4,0.0000,0.0000,0.0000,0.5000,"PursuitChaseOptimal",0.014130
3732,B0100,aggressive,UNKNOWN,16074.100566,27476.613334,4923.386666,6173.990824,28271.154070,18602.027828,489.379988,29204.434799,177.316856,4202.980291,52.477449,0.023191,False,False,False,False,True,True,False,1-circle,1.000000,4890.536105,-31766.946909,-0.753776,0.936064,100.000000,100.000000,0.000000,0.000000,2,4,4,0.0000,0.0000,0.0000,0.5000,"Accelerate",-0.011512
3733,A0100,pursuit_chase_v1,UNKNOWN,16074.100566,27476.613334,4923.386666,6173.990824,28271.154070,18602.027828,489.379988,29204.434799,177.316856,4202.980291,52.477449,0.023191,False,False,False,False,True,True,False,1-circle,1.000000,4890.536105,-31766.946909,-0.753776,0.936064,100.000000,100.000000,0.000000,0.000000,2,4,4,0.0000,0.0000,0.0000,0.5000,"PursuitChaseOptimal",0.006498
3733,B0100,aggressive,UNKNOWN,16074.100566,27476.613334,4923.386666,6173.990824,28271.154070,18602.027828,489.379988,29204.434799,177.316856,4202.980291,52.477449,0.023191,False,False,False,False,True,True,False,1-circle,1.000000,4890.536105,-31766.946909,-0.753776,0.936064,100.000000,100.000000,0.000000,0.000000,2,4,4,0.0000,0.0000,0.0000,0.5000,"Accelerate",-0.004200
3734,A0100,pursuit_chase_v1,UNKNOWN,16066.298616,27496.575717,4903.424283,6193.315062,28308.267719,18604.642083,489.719355,29221.758886,346.481725,4247.695549,49.922740,0.017535,False,False,False,False,True,True,False,1-circle,1.000000,4894.102720,-31400.132707,0.570322,1.014430,100.000000,100.000000,0.000000,0.000000,2,4,4,0.0000,0.0000,0.0000,0.5000,"PursuitChaseOptimal",-0.001746
3734,B0100,aggressive,UNKNOWN,16066.298616,27496.575717,4903.424283,6193.315062,28308.267719,18604.642083,489.719355,29221.758886,346.481725,4247.695549,49.922740,0.017535,False,False,False,False,True,True,False,1-circle,1.000000,4894.102720,-31400.132707,0.570322,1.014430,100.000000,100.000000,0.000000,0.000000,2,4,4,0.0000,0.0000,0.0000,0.5000,"Accelerate",0.004293
3735,A0100,pursuit_chase_v1,UNKNOWN,16066.298616,27496.575717,4903.424283,6193.315062,28308.267719,18604.642083,489.719355,29221.758886,346.481725,4247.695549,49.922740,0.017535,False,False,False,False,True,True,False,1-circle,1.000000,4894.102720,-31400.132707,0.570322,1.014430,100.000000,100.000000,0.000000,0.000000,2,4,4,0.0000,0.0000,0.0000,0.5000,"PursuitChaseOptimal",-0.010915
3735,B0100,aggressive,UNKNOWN,16066.298616,27496.575717,4903.424283,6193.315062,28308.267719,18604.642083,489.719355,29221.758886,346.481725,4247.695549,49.922740,0.017535,False,False,False,False,True,True,False,1-circle,1.000000,4894.102720,-31400.132707,0.570322,1.014430,100.000000,100.000000,0.000000,0.000000,2,4,4,0.0000,0.0000,0.0000,0.5000,"Accelerate",0.013640
3736,A0100,pursuit_chase_v1,UNKNOWN,16058.847222,27521.474866,4878.525134,6200.374042,28346.410571,18607.122484,489.980890,29235.582506,276.472415,4283.130532,47.802694,0.035132,False,False,False,False,True,True,False,1-circle,1.000000,4897.471516,-31168.628624,1.143152,0.790532,100.000000,100.000000,0.000000,0.000000,2,4,4,0.0000,0.0000,0.0000,0.5000,"PursuitChaseOptimal",-0.021151
3736,B0100,aggressive,UNKNOWN,16058.847222,27521.474866,4878.525134,6200.374042,28346.410571,18607.122484,489.980890,29235.582506,276.472415,4283.130532,47.802694,0.035132,False,False,False,False,True,True,False,1-circle,1.000000,4897.471516,-31168.628624,1.143152,0.790532,100.000000,100.000000,0.000000,0.000000,2,4,4,0.0000,0.0000,0.0000,0.5000,"Accelerate",0.023937
3737,A0100,pursuit_chase_v1,UNKNOWN,16058.847222,27521.474866,4878.525134,6200.374042,28346.410571,18607.122484,489.980890,29235.582506,276.472415,4283.130532,47.802694,0.035132,False,False,False,False,True,True,False,1-circle,1.000000,4897.471516,-31168.628624,1.143152,0.790532,100.000000,100.000000,0.000000,0.000000,2,4,4,0.0000,0.0000,0.0000,0.5000,"PursuitChaseOptimal",-0.027876
3737,B0100,aggressive,UNKNOWN,16058.847222,27521.474866,4878.525134,6200.374042,28346.410571,18607.122484,489.980890,29235.582506,276.472415,4283.130532,47.802694,0.035132,False,False,False,False,True,True,False,1-circle,1.000000,4897.471516,-31168.628624,1.143152,0.790532,100.000000,100.000000,0.000000,0.000000,2,4,4,0.0000,0.0000,0.0000,0.5000,"Accelerate",0.030577
3738,A0100,pursuit_chase_v1,UNKNOWN,16051.711842,27548.916570,4851.083430,6198.934788,28385.994296,18609.586750,490.205563,29247.796021,244.270298,4315.013527,46.056695,0.004201,False,False,False,False,True,True,False,1-circle,1.000000,4900.746474,-31271.054347,-0.136783,0.947679,100.000000,100.000000,0.000000,0.000000,2,5,4,0.0000,0.0000,0.0000,0.5000,"PursuitChaseOptimal",-0.029953
3738,B0100,aggressive,UNKNOWN,16051.711842,27548.916570,4851.083430,6198.934788,28385.994296,18609.586750,490.205563,29247.796021,244.270298,4315.013527,46.056695,0.004201,False,False,False,False,True,True,False,1-circle,1.000000,4900.746474,-31271.054347,-0.136783,0.947679,100.000000,100.000000,0.000000,0.000000,2,4,4,0.0000,0.0000,0.0000,0.5000,"Accelerate",0.032632
3739,A0100,pursuit_chase_v1,UNKNOWN,16051.711842,27548.916570,4851.083430,6198.934788,28385.994296,18609.586750,490.205563,29247.796021,244.270298,4315.013527,46.056695,0.004201,False,False,False,False,True,True,False,1-circle,1.000000,4900.746474,-31271.054347,-0.136783,0.947679,100.000000,100.000000,0.000000,0.000000,2,5,4,0.0000,0.0000,0.0000,0.5000,"PursuitChaseOptimal",-0.009132
3739,B0100,aggressive,UNKNOWN,16051.711842,27548.916570,4851.083430,6198.934788,28385.994296,18609.586750,490.205563,29247.796021,244.270298,4315.013527,46.056695,0.004201,False,False,False,False,True,True,False,1-circle,1.000000,4900.746474,-31271.054347,-0.136783,0.947679,100.000000,100.000000,0.000000,0.000000,2,4,4,0.0000,0.0000,0.0000,0.5000,"Accelerate",0.011497
3740,A0100,pursuit_chase_v1,UNKNOWN,16044.908168,27573.458323,4826.541677,6204.540985,28423.678509,18611.954690,490.461168,29261.260872,269.297023,4351.138070,44.131657,0.004937,False,False,False,False,True,True,False,1-circle,1.000000,4904.097725,-31089.943160,0.160827,0.816334,100.000000,100.000000,0.000000,0.000000,2,5,4,0.0000,0.0000,0.0000,0.5000,"PursuitChaseOptimal",-0.011070
3740,B0100,aggressive,UNKNOWN,16044.908168,27573.458323,4826.541677,6204.540985,28423.678509,18611.954690,490.461168,29261.260872,269.297023,4351.138070,44.131657,0.004937,False,False,False,False,True,True,False,1-circle,1.000000,4904.097725,-31089.943160,0.160827,0.816334,100.000000,100.000000,0.000000,0.000000,2,4,4,0.0000,0.0000,0.0000,0.5000,"Accelerate",0.013367
3741,A0100,pursuit_chase_v1,UNKNOWN,16044.908168,27573.458323,4826.541677,6204.540985,28423.678509,18611.954690,490.461168,29261.260872,269.297023,4351.138070,44.131657,0.004937,False,False,False,False,True,True,False,1-circle,1.000000,4904.097725,-31089.943160,0.160827,0.816334,100.000000,100.000000,0.000000,0.000000,2,5,4,0.0000,0.0000,0.0000,0.5000,"PursuitChaseOptimal",-0.007005
3741,B0100,aggressive,UNKNOWN,16044.908168,27573.458323,4826.541677,6204.540985,28423.678509,18611.954690,490.461168,29261.260872,269.297023,4351.138070,44.131657,0.004937,False,False,False,False,True,True,False,1-circle,1.000000,4904.097725,-31089.943160,0.160827,0.816334,100.000000,100.000000,0.000000,0.000000,2,4,4,0.0000,0.0000,0.0000,0.5000,"Accelerate",0.008960
3742,A0100,pursuit_chase_v1,UNKNOWN,16038.434342,27600.120897,4799.879103,6214.242415,28463.620284,18614.309248,490.692153,29273.648470,247.751959,4385.838075,41.862755,0.036762,False,False,False,False,True,True,False,1-circle,1.000000,4907.289661,-31207.385878,-1.197857,0.834330,100.000000,100.000000,0.000000,0.000000,2,5,4,0.0000,0.0000,0.0000,0.5000,"PursuitChaseOptimal",0.015563
3742,B0100,aggressive,UNKNOWN,16038.434342,27600.120897,4799.879103,6214.242415,28463.620284,18614.309248,490.692153,29273.648470,247.751959,4385.838075,41.862755,0.036762,False,False,False,False,True,True,False,1-circle,1.000000,4907.289661,-31207.385878,-1.197857,0.834330,100.000000,100.000000,0.000000,0.000000,2,4,4,0.0000,0.0000,0.0000,0.5000,"Accelerate",-0.014416
3743,A0100,pursuit_chase_v1,UNKNOWN,16038.434342,27600.120897,4799.879103,6214.242415,28463.620284,18614.309248,490.692153,29273.648470,247.751959,4385.838075,41.862755,0.036762,False,False,False,False,True,True,False,1-circle,1.000000,4907.289661,-31207.385878,-1.197857,0.834330,100.000000,100.000000,0.000000,0.000000,2,5,4,0.0000,0.0000,0.0000,0.5000,"PursuitChaseOptimal",0.031847
3743,B0100,aggressive,UNKNOWN,16038.434342,27600.120897,4799.879103,6214.242415,28463.620284,18614.309248,490.692153,29273.648470,247.751959,4385.838075,41.862755,0.036762,False,False,False,False,True,True,False,1-circle,1.000000,4907.289661,-31207.385878,-1.197857,0.834330,100.000000,100.000000,0.000000,0.000000,2,4,4,0.0000,0.0000,0.0000,0.5000,"Accelerate",-0.030798
3744,A0100,pursuit_chase_v1,UNKNOWN,16032.311964,27617.459564,4782.540436,6230.976545,28500.537328,18616.516431,491.079169,29292.676664,380.563866,4426.417296,39.161276,0.032307,False,False,False,False,True,True,False,1-circle,1.000000,4910.225328,-30675.157627,1.053517,0.643616,100.000000,100.000000,0.000000,0.000000,2,5,4,0.0000,0.0000,0.0000,0.5000,"PursuitChaseOptimal",0.041605
3744,B0100,aggressive,UNKNOWN,16032.311964,27617.459564,4782.540436,6230.976545,28500.537328,18616.516431,491.079169,29292.676664,380.563866,4426.417296,39.161276,0.032307,False,False,False,False,True,True,False,1-circle,1.000000,4910.225328,-30675.157627,1.053517,0.643616,100.000000,100.000000,0.000000,0.000000,2,4,4,0.0000,0.0000,0.0000,0.5000,"Accelerate",-0.040534
3745,A0100,pursuit_chase_v1,UNKNOWN,16032.311964,27617.459564,4782.540436,6230.976545,28500.537328,18616.516431,491.079169,29292.676664,380.563866,4426.417296,39.161276,0.032307,False,False,False,False,True,True,False,1-circle,1.000000,4910.225328,-30675.157627,1.053517,0.643616,100.000000,100.000000,0.000000,0.000000,2,5,4,0.0000,0.0000,0.0000,0.5000,"PursuitChaseOptimal",0.045499
3745,B0100,aggressive,UNKNOWN,16032.311964,27617.459564,4782.540436,6230.976545,28500.537328,18616.516431,491.079169,29292.676664,380.563866,4426.417296,39.161276,0.032307,False,False,False,False,True,True,False,1-circle,1.000000,4910.225328,-30675.157627,1.053517,0.643616,100.000000,100.000000,0.000000,0.000000,2,4,4,0.0000,0.0000,0.0000,0.5000,"Accelerate",-0.044388
3746,A0100,pursuit_chase_v1,UNKNOWN,16026.520844,27648.204002,4751.795998,6252.307642,28542.709885,18618.635944,491.239005,29301.747044,181.407606,4444.741371,35.860702,0.030250,False,False,False,False,True,True,False,1-circle,1.000000,4912.502006,-30915.353440,-0.986792,0.594553,100.000000,100.000000,0.000000,0.000000,2,5,4,0.0000,0.0000,0.0000,0.5000,"PursuitChaseOptimal",0.038738
3746,B0100,aggressive,UNKNOWN,16026.520844,27648.204002,4751.795998,6252.307642,28542.709885,18618.635944,491.239005,29301.747044,181.407606,4444.741371,35.860702,0.030250,False,False,False,False,True,True,False,1-circle,1.000000,4912.502006,-30915.353440,-0.986792,0.594553,100.000000,100.000000,0.000000,0.000000,2,4,4,0.0000,0.0000,0.0000,0.5000,"Accelerate",-0.037494
3747,A0100,pursuit_chase_v1,UNKNOWN,16026.520844,27648.204002,4751.795998,6252.307642,28542.709885,18618.635944,491.239005,29301.747044,181.407606,4444.741371,35.860702,0.030250,False,False,False,False,True,True,False,1-circle,1.000000,4912.502006,-30915.353440,-0.986792,0.594553,100.000000,100.000000,0.000000,0.000000,2,5,4,0.0000,0.0000,0.0000,0.5000,"PursuitChaseOptimal",0.025214
3747,B0100,aggressive,UNKNOWN,16026.520844,27648.204002,4751.795998,6252.307642,28542.709885,18618.635944,491.239005,29301.747044,181.407606,4444.741371,35.860702,0.030250,False,False,False,False,True,True,False,1-circle,1.000000,4912.502006,-30915.353440,-0.986792,0.594553,100.000000,100.000000,0.000000,0.000000,2,4,4,0.0000,0.0000,0.0000,0.5000,"Accelerate",-0.024264
3748,A0100,pursuit_chase_v1,UNKNOWN,16021.048126,27667.041451,4732.958549,6288.362674,28579.954824,18620.684326,491.586190,29318.901402,343.087152,4459.058665,32.816807,0.010048,False,False,False,False,True,True,False,1-circle,1.000000,4913.964533,-30551.250483,0.328036,0.706664,100.000000,100.000000,0.000000,0.000000,2,5,4,0.0000,0.0000,0.0000,0.5000,"PursuitChaseOptimal",0.011809
3748,B0100,aggressive,UNKNOWN,16021.048126,27667.041451,4732.958549,6288.362674,28579.954824,18620.684326,491.586190,29318.901402,343.087152,4459.058665,32.816807,0.010048,False,False,False,False,True,True,False,1-circle,1.000000,4913.964533,-30551.250483,0.328036,0.706664,100.000000,100.000000,0.000000,0.000000,2,4,4,0.0000,0.0000,0.0000,0.5000,"Accelerate",-0.010404
3749,A0100,pursuit_chase_v1,UNKNOWN,16021.048126,27667.041451,4732.958549,6288.362674,28579.954824,18620.684326,491.586190,29318.901402,343.087152,4459.058665,32.816807,0.010048,False,False,False,False,True,True,False,1-circle,1.000000,4913.964533,-30551.250483,0.328036,0.706664,100.000000,100.000000,0.000000,0.000000,2,5,4,0.0000,0.0000,0.0000,0.5000,"PursuitChaseOptimal",-0.008669
3749,B0100,aggressive,UNKNOWN,16021.048126,27667.041451,4732.958549,6288.362674,28579.954824,18620.684326,491.586190,29318.901402,343.087152,4459.058665,32.816807,0.010048,False,False,False,False,True,True,False,1-circle,1.000000,4913.964533,-30551.250483,0.328036,0.706664,100.000000,100.000000,0.000000,0.000000,2,4,4,0.0000,0.0000,0.0000,0.5000,"Accelerate",0.010479
3750,A0100,pursuit_chase_v1,UNKNOWN,16015.890056,27694.720645,4705.279355,6293.333748,28618.801337,18622.613166,491.807818,29330.478841,231.548788,4468.834717,30.764448,0.021805,False,False,False,False,True,True,False,1-circle,1.000000,4914.920658,-30354.540958,0.712113,0.601841,100.000000,100.000000,0.000000,0.000000,2,5,4,0.0000,0.0000,0.0000,0.5000,"PursuitChaseOptimal",-0.014051
3750,B0100,aggressive,UNKNOWN,16015.890056,27694.720645,4705.279355,6293.333748,28618.801337,18622.613166,491.807818,29330.478841,231.548788,4468.834717,30.764448,0.021805,False,False,False,False,True,True,False,1-circle,1.000000,4914.920658,-30354.540958,0.712113,0.601841,100.000000,100.000000,0.000000,0.000000,2,4,4,0.0000,0.0000,0.0000,0.5000,"Accelerate",0.015755
3751,A0100,pursuit_chase_v1,UNKNOWN,16015.890056,27694.720645,4705.279355,6293.333748,28618.801337,18622.613166,491.807818,29330.478841,231.548788,4468.834717,30.764448,0.021805,False,False,False,False,True,True,False,1-circle,1.000000,4914.920658,-30354.540958,0.712113,0.601841,100.000000,100.000000,0.000000,0.000000,2,5,4,0.0000,0.0000,0.0000,0.5000,"PursuitChaseOptimal",-0.012021
3751,B0100,aggressive,UNKNOWN,16015.890056,27694.720645,4705.279355,6293.333748,28618.801337,18622.613166,491.807818,29330.478841,231.548788,4468.834717,30.764448,0.021805,False,False,False,False,True,True,False,1-circle,1.000000,4914.920658,-30354.540958,0.712113,0.601841,100.000000,100.000000,0.000000,0.000000,2,4,4,0.0000,0.0000,0.0000,0.5000,"Accelerate",0.013576
3752,A0100,pursuit_chase_v1,UNKNOWN,16010.927914,27722.670472,4677.329528,6244.318204,28657.832422,18624.560916,492.049902,29342.970720,249.837571,4470.815810,30.462340,0.019668,False,False,False,False,True,True,False,1-circle,1.000000,4915.831885,-30471.898198,-0.642646,0.788302,100.000000,100.000000,0.000000,0.000000,2,5,4,0.0000,0.0000,0.0000,0.5000,"PursuitChaseOptimal",-0.011768
3752,B0100,aggressive,UNKNOWN,16010.927914,27722.670472,4677.329528,6244.318204,28657.832422,18624.560916,492.049902,29342.970720,249.837571,4470.815810,30.462340,0.019668,False,False,False,False,True,True,False,1-circle,1.000000,4915.831885,-30471.898198,-0.642646,0.788302,100.000000,100.000000,0.000000,0.000000,2,4,4,0.0000,0.0000,0.0000,0.5000,"Accelerate",0.012868
3753,A0100,pursuit_chase_v1,UNKNOWN,16010.927914,27722.670472,4677.329528,6244.318204,28657.832422,18624.560916,492.049902,29342.970720,249.837571,4470.815810,30.462340,0.019668,False,False,False,False,True,True,False,1-circle,1.000000,4915.831885,-30471.898198,-0.642646,0.788302,100.000000,100.000000,0.000000,0.000000,2,5,4,0.0000,0.0000,0.0000,0.5000,"PursuitChaseOptimal",-0.011429
3753,B0100,aggressive,UNKNOWN,16010.927914,27722.670472,4677.329528,6244.318204,28657.832422,18624.560916,492.049902,29342.970720,249.837571,4470.815810,30.462340,0.019668,False,False,False,False,True,True,False,1-circle,1.000000,4915.831885,-30471.898198,-0.642646,0.788302,100.000000,100.000000,0.000000,0.000000,2,4,4,0.0000,0.0000,0.0000,0.5000,"Accelerate",0.012811
3754,A0100,pursuit_chase_v1,UNKNOWN,16006.062956,27743.839486,4656.160514,6159.100157,28696.077135,18626.402982,492.411090,29360.554184,351.669285,4488.228883,31.014368,0.049326,False,False,False,False,True,True,False,1-circle,1.000000,4917.191730,-29941.646062,1.612484,0.549922,100.000000,100.000000,0.000000,0.000000,2,5,4,0.0000,0.0000,0.0000,0.5000,"PursuitChaseOptimal",-0.009900
3754,B0100,aggressive,UNKNOWN,16006.062956,27743.839486,4656.160514,6159.100157,28696.077135,18626.402982,492.411090,29360.554184,351.669285,4488.228883,31.014368,0.049326,False,False,False,False,True,True,False,1-circle,1.000000,4917.191730,-29941.646062,1.612484,0.549922,100.000000,100.000000,0.000000,0.000000,2,4,4,0.0000,0.0000,0.0000,0.5000,"Accelerate",0.011521
3755,A0100,pursuit_chase_v1,UNKNOWN,16006.062956,27743.839486,4656.160514,6159.100157,28696.077135,18626.402982,492.411090,29360.554184,351.669285,4488.228883,31.014368,0.049326,False,False,False,False,True,True,False,1-circle,1.000000,4917.191730,-29941.646062,1.612484,0.549922,100.000000,100.000000,0.000000,0.000000,2,5,4,0.0000,0.0000,0.0000,0.5000,"PursuitChaseOptimal",-0.007887
3755,B0100,aggressive,UNKNOWN,16006.062956,27743.839486,4656.160514,6159.100157,28696.077135,18626.402982,492.411090,29360.554184,351.669285,4488.228883,31.014368,0.049326,False,False,False,False,True,True,False,1-circle,1.000000,4917.191730,-29941.646062,1.612484,0.549922,100.000000,100.000000,0.000000,0.000000,2,4,4,0.0000,0.0000,0.0000,0.5000,"Accelerate",0.009380
3756,A0100,pursuit_chase_v1,UNKNOWN,16001.254022,27777.752090,4622.247910,6046.431320,28736.980552,18628.228514,492.586518,29370.029478,189.505886,4514.420026,31.597506,0.015319,False,False,False,False,True,True,False,1-circle,1.000000,4919.109948,-30200.715845,-0.501084,0.723884,100.000000,100.000000,0.000000,0.000000,2,5,4,0.0000,0.0000,0.0000,0.5000,"PursuitChaseOptimal",-0.005676
3756,B0100,aggressive,UNKNOWN,16001.254022,27777.752090,4622.247910,6046.431320,28736.980552,18628.228514,492.586518,29370.029478,189.505886,4514.420026,31.597506,0.015319,False,False,False,False,True,True,False,1-circle,1.000000,4919.109948,-30200.715845,-0.501084,0.723884,100.000000,100.000000,0.000000,0.000000,2,4,4,0.0000,0.0000,0.0000,0.5000,"Accelerate",0.007095
3757,A0100,pursuit_chase_v1,UNKNOWN,16001.254022,27777.752090,4622.247910,6046.431320,28736.980552,18628.228514,492.586518,29370.029478,189.505886,4514.420026,31.597506,0.015319,False,False,False,False,True,True,False,1-circle,1.000000,4919.109948,-30200.715845,-0.501084,0.723884,100.000000,100.000000,0.000000,0.000000,2,5,4,0.0000,0.0000,0.0000,0.5000,"PursuitChaseOptimal",-0.003359
3757,B0100,aggressive,UNKNOWN,16001.254022,27777.752090,4622.247910,6046.431320,28736.980552,18628.228514,492.586518,29370.029478,189.505886,4514.420026,31.597506,0.015319,False,False,False,False,True,True,False,1-circle,1.000000,4919.109948,-30200.715845,-0.501084,0.723884,100.000000,100.000000,0.000000,0.000000,2,4,4,0.0000,0.0000,0.0000,0.5000,"Accelerate",0.004477
3758,A0100,pursuit_chase_v1,UNKNOWN,15996.514606,27799.266383,4600.733617,5926.687783,28770.980337,18630.063591,492.908557,29385.914497,317.700375,4561.533448,32.355238,0.018030,False,False,False,False,True,True,False,1-circle,1.000000,4921.631661,-29886.327382,0.590110,0.831694,100.000000,100.000000,0.000000,0.000000,2,5,4,0.0000,0.0000,0.0000,0.5000,"PursuitChaseOptimal",-0.000820
3758,B0100,aggressive,UNKNOWN,15996.514606,27799.266383,4600.733617,5926.687783,28770.980337,18630.063591,492.908557,29385.914497,317.700375,4561.533448,32.355238,0.018030,False,False,False,False,True,True,False,1-circle,1.000000,4921.631661,-29886.327382,0.590110,0.831694,100.000000,100.000000,0.000000,0.000000,2,4,4,0.0000,0.0000,0.0000,0.5000,"Accelerate",0.002019
3759,A0100,pursuit_chase_v1,UNKNOWN,15996.514606,27799.266383,4600.733617,5926.687783,28770.980337,18630.063591,492.908557,29385.914497,317.700375,4561.533448,32.355238,0.018030,False,False,False,False,True,True,False,1-circle,1.000000,4921.631661,-29886.327382,0.590110,0.831694,100.000000,100.000000,0.000000,0.000000,2,5,4,0.0000,0.0000,0.0000,0.5000,"PursuitChaseOptimal",0.001918
3759,B0100,aggressive,UNKNOWN,15996.514606,27799.266383,4600.733617,5926.687783,28770.980337,18630.063591,492.908557,29385.914497,317.700375,4561.533448,32.355238,0.018030,False,False,False,False,True,True,False,1-circle,1.000000,4921.631661,-29886.327382,0.590110,0.831694,100.000000,100.000000,0.000000,0.000000,2,4,4,0.0000,0.0000,0.0000,0.5000,"Accelerate",-0.000773
3760,A0100,pursuit_chase_v1,UNKNOWN,15991.845614,27830.783488,4569.216512,5791.558804,28810.515256,18631.897419,493.088150,29395.587619,193.462436,4606.310051,32.918973,0.047404,False,False,False,False,True,True,False,1-circle,1.000000,4924.764897,-30157.553410,-1.551744,0.643036,100.000000,100.000000,0.000000,0.000000,2,5,4,0.0000,0.0000,0.0000,0.5000,"PursuitChaseOptimal",0.004715
3760,B0100,aggressive,UNKNOWN,15991.845614,27830.783488,4569.216512,5791.558804,28810.515256,18631.897419,493.088150,29395.587619,193.462436,4606.310051,32.918973,0.047404,False,False,False,False,True,True,False,1-circle,1.000000,4924.764897,-30157.553410,-1.551744,0.643036,100.000000,100.000000,0.000000,0.000000,2,4,4,0.0000,0.0000,0.0000,0.5000,"Accelerate",-0.003981
3761,A0100,pursuit_chase_v1,UNKNOWN,15991.845614,27830.783488,4569.216512,5791.558804,28810.515256,18631.897419,493.088150,29395.587619,193.462436,4606.310051,32.918973,0.047404,False,False,False,False,True,True,False,1-circle,1.000000,4924.764897,-30157.553410,-1.551744,0.643036,100.000000,100.000000,0.000000,0.000000,2,5,4,0.0000,0.0000,0.0000,0.5000,"PursuitChaseOptimal",0.007555
3761,B0100,aggressive,UNKNOWN,15991.845614,27830.783488,4569.216512,5791.558804,28810.515256,18631.897419,493.088150,29395.587619,193.462436,4606.310051,32.918973,0.047404,False,False,False,False,True,True,False,1-circle,1.000000,4924.764897,-30157.553410,-1.551744,0.643036,100.000000,100.000000,0.000000,0.000000,2,4,4,0.0000,0.0000,0.0000,0.5000,"Accelerate",-0.007313
3762,A0100,pursuit_chase_v1,UNKNOWN,15987.252808,27847.111274,4552.888726,5654.408712,28846.294839,18633.695733,493.459708,29413.613612,360.519862,4667.616295,33.555844,0.006176,False,False,False,False,True,True,False,1-circle,1.000000,4928.505775,-29804.202253,-0.202351,0.538729,100.000000,100.000000,0.000000,0.000000,2,4,4,0.0000,0.0000,0.0000,0.5000,"PursuitChaseOptimal",0.014158
3762,B0100,aggressive,UNKNOWN,15987.252808,27847.111274,4552.888726,5654.408712,28846.294839,18633.695733,493.459708,29413.613612,360.519862,4667.616295,33.555844,0.006176,False,False,False,False,True,True,False,1-circle,1.000000,4928.505775,-29804.202253,-0.202351,0.538729,100.000000,100.000000,0.000000,0.000000,2,4,4,0.0000,0.0000,0.0000,0.5000,"Accelerate",-0.013779
3763,A0100,pursuit_chase_v1,UNKNOWN,15987.252808,27847.111274,4552.888726,5654.408712,28846.294839,18633.695733,493.459708,29413.613612,360.519862,4667.616295,33.555844,0.006176,False,False,False,False,True,True,False,1-circle,1.000000,4928.505775,-29804.202253,-0.202351,0.538729,100.000000,100.000000,0.000000,0.000000,2,4,4,0.0000,0.0000,0.0000,0.5000,"PursuitChaseOptimal",0.009789
3763,B0100,aggressive,UNKNOWN,15987.252808,27847.111274,4552.888726,5654.408712,28846.294839,18633.695733,493.459708,29413.613612,360.519862,4667.616295,33.555844,0.006176,False,False,False,False,True,True,False,1-circle,1.000000,4928.505775,-29804.202253,-0.202351,0.538729,100.000000,100.000000,0.000000,0.000000,2,4,4,0.0000,0.0000,0.0000,0.5000,"Accelerate",-0.009218
3764,A0100,pursuit_chase_v1,UNKNOWN,15982.750711,27866.078320,4533.921680,5511.523604,28881.113566,18635.355651,493.718761,29426.594837,259.624499,4721.531723,34.163888,0.005500,False,False,False,False,True,True,False,1-circle,1.000000,4932.894668,-29628.836240,0.180301,0.311921,100.000000,100.000000,0.000000,0.000000,2,4,4,0.0000,0.0000,0.0000,0.5000,"PursuitChaseOptimal",0.009660
3764,B0100,aggressive,UNKNOWN,15982.750711,27866.078320,4533.921680,5511.523604,28881.113566,18635.355651,493.718761,29426.594837,259.624499,4721.531723,34.163888,0.005500,False,False,False,False,True,True,False,1-circle,1.000000,4932.894668,-29628.836240,0.180301,0.311921,100.000000,100.000000,0.000000,0.000000,2,4,4,0.0000,0.0000,0.0000,0.5000,"Accelerate",-0.009023
3765,A0100,pursuit_chase_v1,UNKNOWN,15982.750711,27866.078320,4533.921680,5511.523604,28881.113566,18635.355651,493.718761,29426.594837,259.624499,4721.531723,34.163888,0.005500,False,False,False,False,True,True,False,1-circle,1.000000,4932.894668,-29628.836240,0.180301,0.311921,100.000000,100.000000,0.000000,0.000000,2,4,4,0.0000,0.0000,0.0000,0.5000,"PursuitChaseOptimal",-0.000095
3765,B0100,aggressive,UNKNOWN,15982.750711,27866.078320,4533.921680,5511.523604,28881.113566,18635.355651,493.718761,29426.594837,259.624499,4721.531723,34.163888,0.005500,False,False,False,False,True,True,False,1-circle,1.000000,4932.894668,-29628.836240,0.180301,0.311921,100.000000,100.000000,0.000000,0.000000,2,4,4,0.0000,0.0000,0.0000,0.5000,"Accelerate",0.000589
3766,A0100,pursuit_chase_v1,UNKNOWN,15978.304511,27886.385321,4513.614679,5381.048409,28915.491197,18636.991078,493.945182,29438.130315,230.709572,4767.932354,34.606776,0.032640,False,False,False,False,True,True,False,1-circle,1.000000,4937.775415,-29751.352966,-1.070347,0.489058,100.000000,100.000000,0.000000,0.000000,2,4,4,0.0000,0.0000,0.0000,0.5000,"PursuitChaseOptimal",-0.007262
3766,B0100,aggressive,UNKNOWN,15978.304511,27886.385321,4513.614679,5381.048409,28915.491197,18636.991078,493.945182,29438.130315,230.709572,4767.932354,34.606776,0.032640,False,False,False,False,True,True,False,1-circle,1.000000,4937.775415,-29751.352966,-1.070347,0.489058,100.000000,100.000000,0.000000,0.000000,2,4,4,0.0000,0.0000,0.0000,0.5000,"Accelerate",0.007381
3767,A0100,pursuit_chase_v1,UNKNOWN,15978.304511,27886.385321,4513.614679,5381.048409,28915.491197,18636.991078,493.945182,29438.130315,230.709572,4767.932354,34.606776,0.032640,False,False,False,False,True,True,False,1-circle,1.000000,4937.775415,-29751.352966,-1.070347,0.489058,100.000000,100.000000,0.000000,0.000000,2,4,4,0.0000,0.0000,0.0000,0.5000,"PursuitChaseOptimal",-0.011760
3767,B0100,aggressive,UNKNOWN,15978.304511,27886.385321,4513.614679,5381.048409,28915.491197,18636.991078,493.945182,29438.130315,230.709572,4767.932354,34.606776,0.032640,False,False,False,False,True,True,False,1-circle,1.000000,4937.775415,-29751.352966,-1.070347,0.489058,100.000000,100.000000,0.000000,0.000000,2,4,4,0.0000,0.0000,0.0000,0.5000,"Accelerate",0.012267
3768,A0100,pursuit_chase_v1,UNKNOWN,15973.987479,27899.544516,4500.455484,5286.134864,28948.734430,18638.495274,494.293612,29454.878180,334.957295,4825.225589,34.556334,0.035582,False,False,False,False,True,True,False,1-circle,1.000000,4943.206716,-29249.298533,1.167579,0.362341,100.000000,100.000000,0.000000,0.000000,2,4,4,0.0000,0.0000,0.0000,0.5000,"PursuitChaseOptimal",-0.014494
3768,B0100,aggressive,UNKNOWN,15973.987479,27899.544516,4500.455484,5286.134864,28948.734430,18638.495274,494.293612,29454.878180,334.957295,4825.225589,34.556334,0.035582,False,False,False,False,True,True,False,1-circle,1.000000,4943.206716,-29249.298533,1.167579,0.362341,100.000000,100.000000,0.000000,0.000000,2,4,4,0.0000,0.0000,0.0000,0.5000,"Accelerate",0.015291
3769,A0100,pursuit_chase_v1,UNKNOWN,15973.987479,27899.544516,4500.455484,5286.134864,28948.734430,18638.495274,494.293612,29454.878180,334.957295,4825.225589,34.556334,0.035582,False,False,False,False,True,True,False,1-circle,1.000000,4943.206716,-29249.298533,1.167579,0.362341,100.000000,100.000000,0.000000,0.000000,2,4,4,0.0000,0.0000,0.0000,0.5000,"PursuitChaseOptimal",-0.016222
3769,B0100,aggressive,UNKNOWN,15973.987479,27899.544516,4500.455484,5286.134864,28948.734430,18638.495274,494.293612,29454.878180,334.957295,4825.225589,34.556334,0.035582,False,False,False,False,True,True,False,1-circle,1.000000,4943.206716,-29249.298533,1.167579,0.362341,100.000000,100.000000,0.000000,0.000000,2,4,4,0.0000,0.0000,0.0000,0.5000,"Accelerate",0.016951
3770,A0100,pursuit_chase_v1,UNKNOWN,15969.825187,27926.938415,4473.061585,5214.201619,28984.834548,18639.970836,494.462165,29463.731727,177.070935,4858.206639,34.108521,0.028038,False,False,False,False,True,True,False,1-circle,1.000000,4948.989800,-29528.517886,-0.920392,0.503380,100.000000,100.000000,0.000000,0.000000,2,4,4,0.0000,0.0000,0.0000,0.5000,"PursuitChaseOptimal",-0.016451
3770,B0100,aggressive,UNKNOWN,15969.825187,27926.938415,4473.061585,5214.201619,28984.834548,18639.970836,494.462165,29463.731727,177.070935,4858.206639,34.108521,0.028038,False,False,False,False,True,True,False,1-circle,1.000000,4948.989800,-29528.517886,-0.920392,0.503380,100.000000,100.000000,0.000000,0.000000,2,4,4,0.0000,0.0000,0.0000,0.5000,"Accelerate",0.017147
3771,A0100,pursuit_chase_v1,UNKNOWN,15969.825187,27926.938415,4473.061585,5214.201619,28984.834548,18639.970836,494.462165,29463.731727,177.070935,4858.206639,34.108521,0.028038,False,False,False,False,True,True,False,1-circle,1.000000,4948.989800,-29528.517886,-0.920392,0.503380,100.000000,100.000000,0.000000,0.000000,2,4,4,0.0000,0.0000,0.0000,0.5000,"PursuitChaseOptimal",-0.014083
3771,B0100,aggressive,UNKNOWN,15969.825187,27926.938415,4473.061585,5214.201619,28984.834548,18639.970836,494.462165,29463.731727,177.070935,4858.206639,34.108521,0.028038,False,False,False,False,True,True,False,1-circle,1.000000,4948.989800,-29528.517886,-0.920392,0.503380,100.000000,100.000000,0.000000,0.000000,2,4,4,0.0000,0.0000,0.0000,0.5000,"Accelerate",0.014488
3772,A0100,pursuit_chase_v1,UNKNOWN,15965.816500,27942.016402,4457.983598,5173.388713,29014.092131,18641.447763,494.784190,29479.311494,311.595352,4890.353316,33.594713,0.007328,False,False,False,False,True,True,False,1-circle,1.000000,4954.999767,-29224.923608,0.240729,0.619354,100.000000,100.000000,0.000000,0.000000,2,4,4,0.0000,0.0000,0.0000,0.5000,"PursuitChaseOptimal",-0.009309
3772,B0100,aggressive,UNKNOWN,15965.816500,27942.016402,4457.983598,5173.388713,29014.092131,18641.447763,494.784190,29479.311494,311.595352,4890.353316,33.594713,0.007328,False,False,False,False,True,True,False,1-circle,1.000000,4954.999767,-29224.923608,0.240729,0.619354,100.000000,100.000000,0.000000,0.000000,2,4,4,0.0000,0.0000,0.0000,0.5000,"Accelerate",0.009777
3773,A0100,pursuit_chase_v1,UNKNOWN,15965.816500,27942.016402,4457.983598,5173.388713,29014.092131,18641.447763,494.784190,29479.311494,311.595352,4890.353316,33.594713,0.007328,False,False,False,False,True,True,False,1-circle,1.000000,4954.999767,-29224.923608,0.240729,0.619354,100.000000,100.000000,0.000000,0.000000,2,4,4,0.0000,0.0000,0.0000,0.5000,"PursuitChaseOptimal",-0.004480
3773,B0100,aggressive,UNKNOWN,15965.816500,27942.016402,4457.983598,5173.388713,29014.092131,18641.447763,494.784190,29479.311494,311.595352,4890.353316,33.594713,0.007328,False,False,False,False,True,True,False,1-circle,1.000000,4954.999767,-29224.923608,0.240729,0.619354,100.000000,100.000000,0.000000,0.000000,2,4,4,0.0000,0.0000,0.0000,0.5000,"Accelerate",0.004866
3774,A0100,pursuit_chase_v1,UNKNOWN,15961.982744,27968.141408,4431.858592,5151.120985,29049.639189,18642.916563,494.965264,29488.714322,188.056563,4910.856413,32.441583,0.056664,False,False,False,False,True,True,False,1-circle,1.000000,4961.079791,-29510.108845,-1.861381,0.433977,100.000000,100.000000,0.000000,0.000000,2,4,4,0.0000,0.0000,0.0000,0.5000,"PursuitChaseOptimal",0.002359
3774,B0100,aggressive,UNKNOWN,15961.982744,27968.141408,4431.858592,5151.120985,29049.639189,18642.916563,494.965264,29488.714322,188.056563,4910.856413,32.441583,0.056664,False,False,False,False,True,True,False,1-circle,1.000000,4961.079791,-29510.108845,-1.861381,0.433977,100.000000,100.000000,0.000000,0.000000,2,4,4,0.0000,0.0000,0.0000,0.5000,"Accelerate",-0.002462
3775,A0100,pursuit_chase_v1,UNKNOWN,15961.982744,27968.141408,4431.858592,5151.120985,29049.639189,18642.916563,494.965264,29488.714322,188.056563,4910.856413,32.441583,0.056664,False,False,False,False,True,True,False,1-circle,1.000000,4961.079791,-29510.108845,-1.861381,0.433977,100.000000,100.000000,0.000000,0.000000,2,4,4,0.0000,0.0000,0.0000,0.5000,"PursuitChaseOptimal",0.009495
3775,B0100,aggressive,UNKNOWN,15961.982744,27968.141408,4431.858592,5151.120985,29049.639189,18642.916563,494.965264,29488.714322,188.056563,4910.856413,32.441583,0.056664,False,False,False,False,True,True,False,1-circle,1.000000,4961.079791,-29510.108845,-1.861381,0.433977,100.000000,100.000000,0.000000,0.000000,2,4,4,0.0000,0.0000,0.0000,0.5000,"Accelerate",-0.010080
3776,A0100,pursuit_chase_v1,UNKNOWN,15958.350373,27978.791336,4421.208664,5155.917870,29080.944150,18644.344714,495.335638,29506.379999,353.313534,4946.707142,30.891150,0.013295,False,False,False,False,True,True,False,1-circle,1.000000,4967.050627,-29161.350674,-0.437176,0.330784,100.000000,100.000000,0.000000,0.000000,2,4,4,0.0000,0.0000,0.0000,0.5000,"PursuitChaseOptimal",0.015658
3776,B0100,aggressive,UNKNOWN,15958.350373,27978.791336,4421.208664,5155.917870,29080.944150,18644.344714,495.335638,29506.379999,353.313534,4946.707142,30.891150,0.013295,False,False,False,False,True,True,False,1-circle,1.000000,4967.050627,-29161.350674,-0.437176,0.330784,100.000000,100.000000,0.000000,0.000000,2,4,4,0.0000,0.0000,0.0000,0.5000,"Accelerate",-0.016222
3777,A0100,pursuit_chase_v1,UNKNOWN,15958.350373,27978.791336,4421.208664,5155.917870,29080.944150,18644.344714,495.335638,29506.379999,353.313534,4946.707142,30.891150,0.013295,False,False,False,False,True,True,False,1-circle,1.000000,4967.050627,-29161.350674,-0.437176,0.330784,100.000000,100.000000,0.000000,0.000000,2,4,4,0.0000,0.0000,0.0000,0.5000,"PursuitChaseOptimal",0.020672
3777,B0100,aggressive,UNKNOWN,15958.350373,27978.791336,4421.208664,5155.917870,29080.944150,18644.344714,495.335638,29506.379999,353.313534,4946.707142,30.891150,0.013295,False,False,False,False,True,True,False,1-circle,1.000000,4967.050627,-29161.350674,-0.437176,0.330784,100.000000,100.000000,0.000000,0.000000,2,4,4,0.0000,0.0000,0.0000,0.5000,"Accelerate",-0.021091
3778,A0100,pursuit_chase_v1,UNKNOWN,15954.974395,27996.205997,4403.794003,5168.828199,29114.853941,18645.641582,495.573920,29518.129758,234.995166,4981.444890,28.785048,0.000834,False,False,False,False,True,True,True,1-circle,1.000000,4972.794142,-28985.665265,0.027438,0.103931,100.000000,100.000000,0.000000,0.000000,2,4,4,0.0000,0.0000,0.0000,0.5000,"PursuitChaseOptimal",0.024734
3778,B0100,aggressive,UNKNOWN,15954.974395,27996.205997,4403.794003,5168.828199,29114.853941,18645.641582,495.573920,29518.129758,234.995166,4981.444890,28.785048,0.000834,False,False,False,False,True,True,True,1-circle,1.000000,4972.794142,-28985.665265,0.027438,0.103931,100.000000,100.000000,0.000000,0.000000,2,4,4,0.0000,0.0000,0.0000,0.5000,"Accelerate",-0.025096
3779,A0100,pursuit_chase_v1,UNKNOWN,15954.974395,27996.205997,4403.794003,5168.828199,29114.853941,18645.641582,495.573920,29518.129758,234.995166,4981.444890,28.785048,0.000834,False,False,False,False,True,True,True,1-circle,1.000000,4972.794142,-28985.665265,0.027438,0.103931,100.000000,100.000000,0.000000,0.000000,2,4,4,0.0000,0.0000,0.0000,0.5000,"PursuitChaseOptimal",0.027969
3779,B0100,aggressive,UNKNOWN,15954.974395,27996.205997,4403.794003,5168.828199,29114.853941,18645.641582,495.573920,29518.129758,234.995166,4981.444890,28.785048,0.000834,False,False,False,False,True,True,True,1-circle,1.000000,4972.794142,-28985.665265,0.027438,0.103931,100.000000,100.000000,0.000000,0.000000,2,4,4,0.0000,0.0000,0.0000,0.5000,"Accelerate",-0.028597
3780,A0100,pursuit_chase_v1,UNKNOWN,15951.855270,28015.103360,4384.896640,5187.024770,29147.925299,18646.925836,495.779795,29528.449347,206.391792,5019.148830,26.350698,0.036071,False,False,False,False,True,True,True,1-circle,1.000000,4978.051427,-29112.282284,-1.186992,0.285591,100.000000,100.000000,0.000000,0.000000,2,4,4,0.0000,0.0000,0.0000,0.5000,"PursuitChaseOptimal",0.028799
3780,B0100,aggressive,UNKNOWN,15951.855270,28015.103360,4384.896640,5187.024770,29147.925299,18646.925836,495.779795,29528.449347,206.391792,5019.148830,26.350698,0.036071,False,False,False,False,True,True,True,1-circle,1.000000,4978.051427,-29112.282284,-1.186992,0.285591,100.000000,100.000000,0.000000,0.000000,2,4,4,0.0000,0.0000,0.0000,0.5000,"Accelerate",-0.029768
3781,A0100,pursuit_chase_v1,UNKNOWN,15951.855270,28015.103360,4384.896640,5187.024770,29147.925299,18646.925836,495.779795,29528.449347,206.391792,5019.148830,26.350698,0.036071,False,False,False,False,True,True,True,1-circle,1.000000,4978.051427,-29112.282284,-1.186992,0.285591,100.000000,100.000000,0.000000,0.000000,2,4,4,0.0000,0.0000,0.0000,0.5000,"PursuitChaseOptimal",0.023904
3781,B0100,aggressive,UNKNOWN,15951.855270,28015.103360,4384.896640,5187.024770,29147.925299,18646.925836,495.779795,29528.449347,206.391792,5019.148830,26.350698,0.036071,False,False,False,False,True,True,True,1-circle,1.000000,4978.051427,-29112.282284,-1.186992,0.285591,100.000000,100.000000,0.000000,0.000000,2,4,4,0.0000,0.0000,0.0000,0.5000,"Accelerate",-0.024548
3782,A0100,pursuit_chase_v1,UNKNOWN,15949.026606,28027.703467,4372.296533,5205.446839,29181.011722,18648.088972,496.108314,29544.038137,311.775789,5062.181049,23.958482,0.036243,False,False,False,False,True,True,True,1-circle,1.000000,4982.863641,-28591.821580,1.193398,0.160957,100.000000,100.000000,0.000000,0.000000,2,4,4,0.0000,0.0000,0.0000,0.5000,"PursuitChaseOptimal",0.014142
3782,B0100,aggressive,UNKNOWN,15949.026606,28027.703467,4372.296533,5205.446839,29181.011722,18648.088972,496.108314,29544.038137,311.775789,5062.181049,23.958482,0.036243,False,False,False,False,True,True,True,1-circle,1.000000,4982.863641,-28591.821580,1.193398,0.160957,100.000000,100.000000,0.000000,0.000000,2,4,4,0.0000,0.0000,0.0000,0.5000,"Accelerate",-0.014344
3783,A0100,pursuit_chase_v1,UNKNOWN,15949.026606,28027.703467,4372.296533,5205.446839,29181.011722,18648.088972,496.108314,29544.038137,311.775789,5062.181049,23.958482,0.036243,False,False,False,False,True,True,True,1-circle,1.000000,4982.863641,-28591.821580,1.193398,0.160957,100.000000,100.000000,0.000000,0.000000,2,4,4,0.0000,0.0000,0.0000,0.5000,"PursuitChaseOptimal",0.004003
3783,B0100,aggressive,UNKNOWN,15949.026606,28027.703467,4372.296533,5205.446839,29181.011722,18648.088972,496.108314,29544.038137,311.775789,5062.181049,23.958482,0.036243,False,False,False,False,True,True,True,1-circle,1.000000,4982.863641,-28591.821580,1.193398,0.160957,100.000000,100.000000,0.000000,0.000000,2,4,4,0.0000,0.0000,0.0000,0.5000,"Accelerate",-0.004125
3784,A0100,pursuit_chase_v1,UNKNOWN,15946.466210,28055.102856,4344.897144,5212.642943,29216.507755,18649.234053,496.255059,29551.630044,151.838147,5090.176617,21.798888,0.026590,False,False,False,False,True,True,True,1-circle,1.000000,4987.230802,-28872.436751,-0.875860,0.305810,100.000000,100.000000,0.000000,0.000000,2,4,4,0.0000,0.0000,0.0000,0.5000,"PursuitChaseOptimal",-0.007120
3784,B0100,aggressive,UNKNOWN,15946.466210,28055.102856,4344.897144,5212.642943,29216.507755,18649.234053,496.255059,29551.630044,151.838147,5090.176617,21.798888,0.026590,False,False,False,False,True,True,True,1-circle,1.000000,4987.230802,-28872.436751,-0.875860,0.305810,100.000000,100.000000,0.000000,0.000000,2,4,4,0.0000,0.0000,0.0000,0.5000,"Accelerate",0.006860
3785,A0100,pursuit_chase_v1,UNKNOWN,15946.466210,28055.102856,4344.897144,5212.642943,29216.507755,18649.234053,496.255059,29551.630044,151.838147,5090.176617,21.798888,0.026590,False,False,False,False,True,True,True,1-circle,1.000000,4987.230802,-28872.436751,-0.875860,0.305810,100.000000,100.000000,0.000000,0.000000,2,4,4,0.0000,0.0000,0.0000,0.5000,"PursuitChaseOptimal",-0.019355
3785,B0100,aggressive,UNKNOWN,15946.466210,28055.102856,4344.897144,5212.642943,29216.507755,18649.234053,496.255059,29551.630044,151.838147,5090.176617,21.798888,0.026590,False,False,False,False,True,True,True,1-circle,1.000000,4987.230802,-28872.436751,-0.875860,0.305810,100.000000,100.000000,0.000000,0.000000,2,4,4,0.0000,0.0000,0.0000,0.5000,"Accelerate",0.018972
3786,A0100,pursuit_chase_v1,UNKNOWN,15944.166375,28072.190394,4327.809606,5218.911075,29247.990146,18650.390956,496.554786,29565.960554,286.610202,5128.129384,20.155967,0.011489,False,False,False,False,True,True,True,1-circle,1.000000,4991.345979,-28555.177960,0.378679,0.423344,100.000000,100.000000,0.000000,0.000000,2,4,4,0.0000,0.0000,0.0000,0.5000,"PursuitChaseOptimal",-0.032453
3786,B0100,aggressive,UNKNOWN,15944.166375,28072.190394,4327.809606,5218.911075,29247.990146,18650.390956,496.554786,29565.960554,286.610202,5128.129384,20.155967,0.011489,False,False,False,False,True,True,True,1-circle,1.000000,4991.345979,-28555.177960,0.378679,0.423344,100.000000,100.000000,0.000000,0.000000,2,4,4,0.0000,0.0000,0.0000,0.5000,"Accelerate",0.032383
3787,A0100,pursuit_chase_v1,UNKNOWN,15944.166375,28072.190394,4327.809606,5218.911075,29247.990146,18650.390956,496.554786,29565.960554,286.610202,5128.129384,20.155967,0.011489,False,False,False,False,True,True,True,1-circle,1.000000,4991.345979,-28555.177960,0.378679,0.423344,100.000000,100.000000,0.000000,0.000000,2,4,4,0.0000,0.0000,0.0000,0.5000,"PursuitChaseOptimal",-0.033557
3787,B0100,aggressive,UNKNOWN,15944.166375,28072.190394,4327.809606,5218.911075,29247.990146,18650.390956,496.554786,29565.960554,286.610202,5128.129384,20.155967,0.011489,False,False,False,False,True,True,True,1-circle,1.000000,4991.345979,-28555.177960,0.378679,0.423344,100.000000,100.000000,0.000000,0.000000,2,4,4,0.0000,0.0000,0.0000,0.5000,"Accelerate",0.033533
3788,A0100,pursuit_chase_v1,UNKNOWN,15942.123600,28099.680569,4300.319431,5219.845960,29284.581205,18651.549474,496.712771,29574.065989,162.108697,5150.608005,18.783471,0.051948,False,False,False,False,True,True,True,1-circle,1.000000,4995.445042,-28840.766781,-1.712252,0.243234,100.000000,100.000000,0.000000,0.000000,2,4,4,0.0000,0.0000,0.0000,0.5000,"PursuitChaseOptimal",-0.030038
3788,B0100,aggressive,UNKNOWN,15942.123600,28099.680569,4300.319431,5219.845960,29284.581205,18651.549474,496.712771,29574.065989,162.108697,5150.608005,18.783471,0.051948,False,False,False,False,True,True,True,1-circle,1.000000,4995.445042,-28840.766781,-1.712252,0.243234,100.000000,100.000000,0.000000,0.000000,2,4,4,0.0000,0.0000,0.0000,0.5000,"Accelerate",0.029616
3789,A0100,pursuit_chase_v1,UNKNOWN,15942.123600,28099.680569,4300.319431,5219.845960,29284.581205,18651.549474,496.712771,29574.065989,162.108697,5150.608005,18.783471,0.051948,False,False,False,False,True,True,True,1-circle,1.000000,4995.445042,-28840.766781,-1.712252,0.243234,100.000000,100.000000,0.000000,0.000000,2,4,4,0.0000,0.0000,0.0000,0.5000,"PursuitChaseOptimal",-0.020513
3789,B0100,aggressive,UNKNOWN,15942.123600,28099.680569,4300.319431,5219.845960,29284.581205,18651.549474,496.712771,29574.065989,162.108697,5150.608005,18.783471,0.051948,False,False,False,False,True,True,True,1-circle,1.000000,4995.445042,-28840.766781,-1.712252,0.243234,100.000000,100.000000,0.000000,0.000000,2,4,4,0.0000,0.0000,0.0000,0.5000,"Accelerate",0.019579
3790,A0100,pursuit_chase_v1,UNKNOWN,15940.343965,28111.158140,4288.841860,5226.937474,29316.991057,18652.677811,497.062207,29590.567679,330.033812,5193.821704,17.328558,0.006023,False,False,False,False,True,True,True,1-circle,1.000000,4999.614922,-28478.287015,-0.198725,0.148885,100.000000,100.000000,0.000000,0.000000,2,5,4,0.0000,0.0000,0.0000,0.5000,"PursuitChaseOptimal",-0.006820
3790,B0100,aggressive,UNKNOWN,15940.343965,28111.158140,4288.841860,5226.937474,29316.991057,18652.677811,497.062207,29590.567679,330.033812,5193.821704,17.328558,0.006023,False,False,False,False,True,True,True,1-circle,1.000000,4999.614922,-28478.287015,-0.198725,0.148885,100.000000,100.000000,0.000000,0.000000,2,4,4,0.0000,0.0000,0.0000,0.5000,"Accelerate",0.005847
3791,A0100,pursuit_chase_v1,UNKNOWN,15940.343965,28111.158140,4288.841860,5226.937474,29316.991057,18652.677811,497.062207,29590.567679,330.033812,5193.821704,17.328558,0.006023,False,False,False,False,True,True,True,1-circle,1.000000,4999.614922,-28478.287015,-0.198725,0.148885,100.000000,100.000000,0.000000,0.000000,2,5,4,0.0000,0.0000,0.0000,0.5000,"PursuitChaseOptimal",0.018761
3791,B0100,aggressive,UNKNOWN,15940.343965,28111.158140,4288.841860,5226.937474,29316.991057,18652.677811,497.062207,29590.567679,330.033812,5193.821704,17.328558,0.006023,False,False,False,False,True,True,True,1-circle,1.000000,4999.614922,-28478.287015,-0.198725,0.148885,100.000000,100.000000,0.000000,0.000000,2,4,4,0.0000,0.0000,0.0000,0.5000,"Accelerate",-0.019800
3792,A0100,pursuit_chase_v1,UNKNOWN,15938.845826,28132.123360,4267.876640,5233.833482,29351.878115,18653.697395,497.243973,29599.588269,180.411794,5215.223005,15.449208,0.009919,False,False,False,False,True,True,True,1-circle,1.000000,5003.733762,-28294.102384,0.327357,0.076511,100.000000,100.000000,0.000000,0.000000,2,5,4,0.0000,0.0000,0.0000,0.5000,"PursuitChaseOptimal",0.039084
3792,B0100,aggressive,UNKNOWN,15938.845826,28132.123360,4267.876640,5233.833482,29351.878115,18653.697395,497.243973,29599.588269,180.411794,5215.223005,15.449208,0.009919,False,False,False,False,True,True,True,1-circle,1.000000,5003.733762,-28294.102384,0.327357,0.076511,100.000000,100.000000,0.000000,0.000000,2,4,4,0.0000,0.0000,0.0000,0.5000,"Accelerate",-0.040327
3793,A0100,pursuit_chase_v1,UNKNOWN,15938.845826,28132.123360,4267.876640,5233.833482,29351.878115,18653.697395,497.243973,29599.588269,180.411794,5215.223005,15.449208,0.009919,False,False,False,False,True,True,True,1-circle,1.000000,5003.733762,-28294.102384,0.327357,0.076511,100.000000,100.000000,0.000000,0.000000,2,5,4,0.0000,0.0000,0.0000,0.5000,"PursuitChaseOptimal",0.057913
3793,B0100,aggressive,UNKNOWN,15938.845826,28132.123360,4267.876640,5233.833482,29351.878115,18653.697395,497.243973,29599.588269,180.411794,5215.223005,15.449208,0.009919,False,False,False,False,True,True,True,1-circle,1.000000,5003.733762,-28294.102384,0.327357,0.076511,100.000000,100.000000,0.000000,0.000000,2,4,4,0.0000,0.0000,0.0000,0.5000,"Accelerate",-0.059400
3794,A0100,pursuit_chase_v1,UNKNOWN,15937.545729,28155.263413,4244.736587,5239.359595,29385.713673,18654.757806,497.482296,29611.143650,231.107616,5230.463065,12.995185,0.024961,False,False,False,False,True,True,True,1-circle,1.000000,5007.269049,-28412.059059,-0.824104,0.374548,100.000000,100.000000,0.000000,0.000000,2,5,4,0.0000,0.0000,0.0000,0.5000,"PursuitChaseOptimal",0.070238
3794,B0100,aggressive,UNKNOWN,15937.545729,28155.263413,4244.736587,5239.359595,29385.713673,18654.757806,497.482296,29611.143650,231.107616,5230.463065,12.995185,0.024961,False,False,False,False,True,True,True,1-circle,1.000000,5007.269049,-28412.059059,-0.824104,0.374548,100.000000,100.000000,0.000000,0.000000,2,4,4,0.0000,0.0000,0.0000,0.5000,"Accelerate",-0.071729
3795,A0100,pursuit_chase_v1,UNKNOWN,15937.545729,28155.263413,4244.736587,5239.359595,29385.713673,18654.757806,497.482296,29611.143650,231.107616,5230.463065,12.995185,0.024961,False,False,False,False,True,True,True,1-circle,1.000000,5007.269049,-28412.059059,-0.824104,0.374548,100.000000,100.000000,0.000000,0.000000,2,5,4,0.0000,0.0000,0.0000,0.5000,"PursuitChaseOptimal",0.071729
3795,B0100,aggressive,UNKNOWN,15937.545729,28155.263413,4244.736587,5239.359595,29385.713673,18654.757806,497.482296,29611.143650,231.107616,5230.463065,12.995185,0.024961,False,False,False,False,True,True,True,1-circle,1.000000,5007.269049,-28412.059059,-0.824104,0.374548,100.000000,100.000000,0.000000,0.000000,2,4,4,0.0000,0.0000,0.0000,0.5000,"Accelerate",-0.072652
3796,A0100,pursuit_chase_v1,UNKNOWN,15936.454105,28177.562128,4222.437872,5253.165591,29420.687611,18655.787093,497.711145,29622.255470,222.236396,5240.451406,10.056750,0.013227,False,False,False,False,True,True,True,1-circle,1.000000,5009.943684,-28252.886803,-0.436904,0.210933,100.000000,100.000000,0.000000,0.000000,2,5,4,0.0000,0.0000,0.0000,0.5000,"PursuitChaseOptimal",0.058211
3796,B0100,aggressive,UNKNOWN,15936.454105,28177.562128,4222.437872,5253.165591,29420.687611,18655.787093,497.711145,29622.255470,222.236396,5240.451406,10.056750,0.013227,False,False,False,False,True,True,True,1-circle,1.000000,5009.943684,-28252.886803,-0.436904,0.210933,100.000000,100.000000,0.000000,0.000000,2,4,4,0.0000,0.0000,0.0000,0.5000,"Accelerate",-0.058793
3797,A0100,pursuit_chase_v1,UNKNOWN,15936.454105,28177.562128,4222.437872,5253.165591,29420.687611,18655.787093,497.711145,29622.255470,222.236396,5240.451406,10.056750,0.013227,False,False,False,False,True,True,True,1-circle,1.000000,5009.943684,-28252.886803,-0.436904,0.210933,100.000000,100.000000,0.000000,0.000000,2,5,4,0.0000,0.0000,0.0000,0.5000,"PursuitChaseOptimal",0.041761
3797,B0100,aggressive,UNKNOWN,15936.454105,28177.562128,4222.437872,5253.165591,29420.687611,18655.787093,497.711145,29622.255470,222.236396,5240.451406,10.056750,0.013227,False,False,False,False,True,True,True,1-circle,1.000000,5009.943684,-28252.886803,-0.436904,0.210933,100.000000,100.000000,0.000000,0.000000,2,4,4,0.0000,0.0000,0.0000,0.5000,"Accelerate",-0.042567
3798,A0100,pursuit_chase_v1,UNKNOWN,15935.556527,28199.180916,4200.819084,5275.505736,29455.282515,18656.853499,497.914467,29632.283609,200.562781,5239.522674,7.398927,0.048665,False,False,False,False,True,True,True,1-circle,1.000000,5011.615347,-28373.753616,-1.607749,0.182859,100.000000,100.000000,0.000000,0.000000,2,5,4,0.0000,0.0000,0.0000,0.5000,"PursuitChaseOptimal",0.022215
3798,B0100,aggressive,UNKNOWN,15935.556527,28199.180916,4200.819084,5275.505736,29455.282515,18656.853499,497.914467,29632.283609,200.562781,5239.522674,7.398927,0.048665,False,False,False,False,True,True,True,1-circle,1.000000,5011.615347,-28373.753616,-1.607749,0.182859,100.000000,100.000000,0.000000,0.000000,2,4,4,0.0000,0.0000,0.0000,0.5000,"Accelerate",-0.023401
3799,A0100,pursuit_chase_v1,UNKNOWN,15935.556527,28199.180916,4200.819084,5275.505736,29455.282515,18656.853499,497.914467,29632.283609,200.562781,5239.522674,7.398927,0.048665,False,False,False,False,True,True,True,1-circle,1.000000,5011.615347,-28373.753616,-1.607749,0.182859,100.000000,100.000000,0.000000,0.000000,2,5,4,0.0000,0.0000,0.0000,0.5000,"PursuitChaseOptimal",0.006243
3799,B0100,aggressive,UNKNOWN,15935.556527,28199.180916,4200.819084,5275.505736,29455.282515,18656.853499,497.914467,29632.283609,200.562781,5239.522674,7.398927,0.048665,False,False,False,False,True,True,True,1-circle,1.000000,5011.615347,-28373.753616,-1.607749,0.182859,100.000000,100.000000,0.000000,0.000000,2,4,4,0.0000,0.0000,0.0000,0.5000,"Accelerate",-0.007298
3800,A0100,pursuit_chase_v1,UNKNOWN,15934.876819,28212.757805,4187.242195,5279.931037,29489.673058,18657.807608,498.237825,29647.497761,304.283040,5245.205252,5.794929,0.025378,False,False,False,False,True,True,True,1-circle,1.000000,5012.740209,-27843.386463,0.839066,-0.024010,100.000000,100.000000,0.000000,0.000000,2,5,4,0.0000,0.0000,0.0000,0.5000,"PursuitChaseOptimal",-0.016362
3800,B0100,aggressive,UNKNOWN,15934.876819,28212.757805,4187.242195,5279.931037,29489.673058,18657.807608,498.237825,29647.497761,304.283040,5245.205252,5.794929,0.025378,False,False,False,False,True,True,True,1-circle,1.000000,5012.740209,-27843.386463,0.839066,-0.024010,100.000000,100.000000,0.000000,0.000000,2,4,4,0.0000,0.0000,0.0000,0.5000,"Accelerate",0.015531
3801,A0100,pursuit_chase_v1,UNKNOWN,15934.876819,28212.757805,4187.242195,5279.931037,29489.673058,18657.807608,498.237825,29647.497761,304.283040,5245.205252,5.794929,0.025378,False,False,False,False,True,True,True,1-circle,1.000000,5012.740209,-27843.386463,0.839066,-0.024010,100.000000,100.000000,0.000000,0.000000,2,5,4,0.0000,0.0000,0.0000,0.5000,"PursuitChaseOptimal",-0.022178
3801,B0100,aggressive,UNKNOWN,15934.876819,28212.757805,4187.242195,5279.931037,29489.673058,18657.807608,498.237825,29647.497761,304.283040,5245.205252,5.794929,0.025378,False,False,False,False,True,True,True,1-circle,1.000000,5012.740209,-27843.386463,0.839066,-0.024010,100.000000,100.000000,0.000000,0.000000,2,4,4,0.0000,0.0000,0.0000,0.5000,"Accelerate",0.021365
3802,A0100,pursuit_chase_v1,UNKNOWN,15934.313093,28241.295198,4158.704802,5233.857636,29526.369238,18658.743087,498.374402,29654.459079,139.226367,5235.973091,5.798780,0.036281,False,False,False,False,True,True,True,1-circle,1.000000,5013.809818,-28121.455727,-1.199807,0.173553,100.000000,100.000000,0.000000,0.000000,2,5,4,0.0000,0.0000,0.0000,0.5000,"PursuitChaseOptimal",-0.020710
3802,B0100,aggressive,UNKNOWN,15934.313093,28241.295198,4158.704802,5233.857636,29526.369238,18658.743087,498.374402,29654.459079,139.226367,5235.973091,5.798780,0.036281,False,False,False,False,True,True,True,1-circle,1.000000,5013.809818,-28121.455727,-1.199807,0.173553,100.000000,100.000000,0.000000,0.000000,2,4,4,0.0000,0.0000,0.0000,0.5000,"Accelerate",0.019732
3803,A0100,pursuit_chase_v1,UNKNOWN,15934.313093,28241.295198,4158.704802,5233.857636,29526.369238,18658.743087,498.374402,29654.459079,139.226367,5235.973091,5.798780,0.036281,False,False,False,False,True,True,True,1-circle,1.000000,5013.809818,-28121.455727,-1.199807,0.173553,100.000000,100.000000,0.000000,0.000000,2,5,4,0.0000,0.0000,0.0000,0.5000,"PursuitChaseOptimal",-0.022535
3803,B0100,aggressive,UNKNOWN,15934.313093,28241.295198,4158.704802,5233.857636,29526.369238,18658.743087,498.374402,29654.459079,139.226367,5235.973091,5.798780,0.036281,False,False,False,False,True,True,True,1-circle,1.000000,5013.809818,-28121.455727,-1.199807,0.173553,100.000000,100.000000,0.000000,0.000000,2,4,4,0.0000,0.0000,0.0000,0.5000,"Accelerate",0.021378
3804,A0100,pursuit_chase_v1,UNKNOWN,15933.780181,28258.817831,4141.182169,5155.898405,29558.343142,18659.693041,498.655134,29667.800189,266.822191,5246.183806,6.687022,0.003625,False,False,False,False,True,True,True,1-circle,1.000000,5015.263435,-27797.088117,0.119970,0.291821,100.000000,100.000000,0.000000,0.000000,2,5,4,0.0000,0.0000,0.0000,0.5000,"PursuitChaseOptimal",-0.023689
3804,B0100,aggressive,UNKNOWN,15933.780181,28258.817831,4141.182169,5155.898405,29558.343142,18659.693041,498.655134,29667.800189,266.822191,5246.183806,6.687022,0.003625,False,False,False,False,True,True,True,1-circle,1.000000,5015.263435,-27797.088117,0.119970,0.291821,100.000000,100.000000,0.000000,0.000000,2,4,4,0.0000,0.0000,0.0000,0.5000,"Accelerate",0.022764
3805,A0100,pursuit_chase_v1,UNKNOWN,15933.780181,28258.817831,4141.182169,5155.898405,29558.343142,18659.693041,498.655134,29667.800189,266.822191,5246.183806,6.687022,0.003625,False,False,False,False,True,True,True,1-circle,1.000000,5015.263435,-27797.088117,0.119970,0.291821,100.000000,100.000000,0.000000,0.000000,2,5,4,0.0000,0.0000,0.0000,0.5000,"PursuitChaseOptimal",-0.023515
3805,B0100,aggressive,UNKNOWN,15933.780181,28258.817831,4141.182169,5155.898405,29558.343142,18659.693041,498.655134,29667.800189,266.822191,5246.183806,6.687022,0.003625,False,False,False,False,True,True,True,1-circle,1.000000,5015.263435,-27797.088117,0.119970,0.291821,100.000000,100.000000,0.000000,0.000000,2,4,4,0.0000,0.0000,0.0000,0.5000,"Accelerate",0.022624
3806,A0100,pursuit_chase_v1,UNKNOWN,15933.263496,28286.330176,4113.669824,5049.320876,29594.899078,18660.649311,498.792884,29674.839113,140.778483,5267.287647,7.701828,0.058756,False,False,False,False,True,True,True,1-circle,1.000000,5017.318049,-28084.629284,-1.944107,0.117211,100.000000,100.000000,0.000000,0.000000,2,5,4,0.0000,0.0000,0.0000,0.5000,"PursuitChaseOptimal",-0.022461
3806,B0100,aggressive,UNKNOWN,15933.263496,28286.330176,4113.669824,5049.320876,29594.899078,18660.649311,498.792884,29674.839113,140.778483,5267.287647,7.701828,0.058756,False,False,False,False,True,True,True,1-circle,1.000000,5017.318049,-28084.629284,-1.944107,0.117211,100.000000,100.000000,0.000000,0.000000,2,4,4,0.0000,0.0000,0.0000,0.5000,"Accelerate",0.021196
3807,A0100,pursuit_chase_v1,UNKNOWN,15933.263496,28286.330176,4113.669824,5049.320876,29594.899078,18660.649311,498.792884,29674.839113,140.778483,5267.287647,7.701828,0.058756,False,False,False,False,True,True,True,1-circle,1.000000,5017.318049,-28084.629284,-1.944107,0.117211,100.000000,100.000000,0.000000,0.000000,2,5,4,0.0000,0.0000,0.0000,0.5000,"PursuitChaseOptimal",-0.021216
3807,B0100,aggressive,UNKNOWN,15933.263496,28286.330176,4113.669824,5049.320876,29594.899078,18660.649311,498.792884,29674.839113,140.778483,5267.287647,7.701828,0.058756,False,False,False,False,True,True,True,1-circle,1.000000,5017.318049,-28084.629284,-1.944107,0.117211,100.000000,100.000000,0.000000,0.000000,2,4,4,0.0000,0.0000,0.0000,0.5000,"Accelerate",0.019581
3808,A0100,pursuit_chase_v1,UNKNOWN,15932.774448,28296.369611,4103.630389,4935.628943,29626.250500,18661.581406,499.124039,29690.400991,311.237559,5313.490870,8.906918,0.011331,False,False,False,False,True,True,True,1-circle,1.000000,5020.099476,-27721.460053,-0.375282,0.033458,100.000000,100.000000,0.000000,0.000000,2,5,4,0.0000,0.0000,0.0000,0.5000,"PursuitChaseOptimal",-0.019520
3808,B0100,aggressive,UNKNOWN,15932.774448,28296.369611,4103.630389,4935.628943,29626.250500,18661.581406,499.124039,29690.400991,311.237559,5313.490870,8.906918,0.011331,False,False,False,False,True,True,True,1-circle,1.000000,5020.099476,-27721.460053,-0.375282,0.033458,100.000000,100.000000,0.000000,0.000000,2,4,4,0.0000,0.0000,0.0000,0.5000,"Accelerate",0.018090
3809,A0100,pursuit_chase_v1,UNKNOWN,15932.774448,28296.369611,4103.630389,4935.628943,29626.250500,18661.581406,499.124039,29690.400991,311.237559,5313.490870,8.906918,0.011331,False,False,False,False,True,True,True,1-circle,1.000000,5020.099476,-27721.460053,-0.375282,0.033458,100.000000,100.000000,0.000000,0.000000,2,5,4,0.0000,0.0000,0.0000,0.5000,"PursuitChaseOptimal",-0.017461
3809,B0100,aggressive,UNKNOWN,15932.774448,28296.369611,4103.630389,4935.628943,29626.250500,18661.581406,499.124039,29690.400991,311.237559,5313.490870,8.906918,0.011331,False,False,False,False,True,True,True,1-circle,1.000000,5020.099476,-27721.460053,-0.375282,0.033458,100.000000,100.000000,0.000000,0.000000,2,4,4,0.0000,0.0000,0.0000,0.5000,"Accelerate",0.016396
3810,A0100,pursuit_chase_v1,UNKNOWN,15932.336279,28315.224137,4084.775863,4811.325837,29659.308551,18662.409335,499.289514,29698.542896,162.838106,5356.232678,9.979843,0.005193,False,False,False,False,True,True,True,1-circle,1.000000,5023.695888,-27545.583740,0.172051,-0.036958,100.000000,100.000000,0.000000,0.000000,2,4,4,0.0000,0.0000,0.0000,0.5000,"PursuitChaseOptimal",-0.012233
3810,B0100,aggressive,UNKNOWN,15932.336279,28315.224137,4084.775863,4811.325837,29659.308551,18662.409335,499.289514,29698.542896,162.838106,5356.232678,9.979843,0.005193,False,False,False,False,True,True,True,1-circle,1.000000,5023.695888,-27545.583740,0.172051,-0.036958,100.000000,100.000000,0.000000,0.000000,2,4,4,0.0000,0.0000,0.0000,0.5000,"Accelerate",0.011164
3811,A0100,pursuit_chase_v1,UNKNOWN,15932.336279,28315.224137,4084.775863,4811.325837,29659.308551,18662.409335,499.289514,29698.542896,162.838106,5356.232678,9.979843,0.005193,False,False,False,False,True,True,True,1-circle,1.000000,5023.695888,-27545.583740,0.172051,-0.036958,100.000000,100.000000,0.000000,0.000000,2,4,4,0.0000,0.0000,0.0000,0.5000,"PursuitChaseOptimal",-0.016181
3811,B0100,aggressive,UNKNOWN,15932.336279,28315.224137,4084.775863,4811.325837,29659.308551,18662.409335,499.289514,29698.542896,162.838106,5356.232678,9.979843,0.005193,False,False,False,False,True,True,True,1-circle,1.000000,5023.695888,-27545.583740,0.172051,-0.036958,100.000000,100.000000,0.000000,0.000000,2,4,4,0.0000,0.0000,0.0000,0.5000,"Accelerate",0.014923
3812,A0100,pursuit_chase_v1,UNKNOWN,15931.928540,28335.250649,4064.749351,4681.866027,29690.258865,18663.283280,499.511670,29709.239983,213.941735,5403.867311,10.900523,0.028941,False,False,False,False,True,True,True,1-circle,1.000000,5027.923069,-27675.260961,-0.959154,0.263693,100.000000,100.000000,0.000000,0.000000,2,4,4,0.0000,0.0000,0.0000,0.5000,"PursuitChaseOptimal",-0.019748
3812,B0100,aggressive,UNKNOWN,15931.928540,28335.250649,4064.749351,4681.866027,29690.258865,18663.283280,499.511670,29709.239983,213.941735,5403.867311,10.900523,0.028941,False,False,False,False,True,True,True,1-circle,1.000000,5027.923069,-27675.260961,-0.959154,0.263693,100.000000,100.000000,0.000000,0.000000,2,4,4,0.0000,0.0000,0.0000,0.5000,"Accelerate",0.018376
3813,A0100,pursuit_chase_v1,UNKNOWN,15931.928540,28335.250649,4064.749351,4681.866027,29690.258865,18663.283280,499.511670,29709.239983,213.941735,5403.867311,10.900523,0.028941,False,False,False,False,True,True,True,1-circle,1.000000,5027.923069,-27675.260961,-0.959154,0.263693,100.000000,100.000000,0.000000,0.000000,2,4,4,0.0000,0.0000,0.0000,0.5000,"PursuitChaseOptimal",-0.022740
3813,B0100,aggressive,UNKNOWN,15931.928540,28335.250649,4064.749351,4681.866027,29690.258865,18663.283280,499.511670,29709.239983,213.941735,5403.867311,10.900523,0.028941,False,False,False,False,True,True,True,1-circle,1.000000,5027.923069,-27675.260961,-0.959154,0.263693,100.000000,100.000000,0.000000,0.000000,2,4,4,0.0000,0.0000,0.0000,0.5000,"Accelerate",0.021500
3814,A0100,pursuit_chase_v1,UNKNOWN,15931.562458,28353.106157,4046.893843,4568.409354,29721.566409,18664.130706,499.723803,29719.471387,204.628075,5443.331464,11.686158,0.013723,False,False,False,False,True,True,True,1-circle,1.000000,5032.821218,-27513.884137,-0.455021,0.099747,100.000000,100.000000,0.000000,0.000000,2,4,4,0.0000,0.0000,0.0000,0.5000,"PursuitChaseOptimal",-0.019821
3814,B0100,aggressive,UNKNOWN,15931.562458,28353.106157,4046.893843,4568.409354,29721.566409,18664.130706,499.723803,29719.471387,204.628075,5443.331464,11.686158,0.013723,False,False,False,False,True,True,True,1-circle,1.000000,5032.821218,-27513.884137,-0.455021,0.099747,100.000000,100.000000,0.000000,0.000000,2,4,4,0.0000,0.0000,0.0000,0.5000,"Accelerate",0.018633
3815,A0100,pursuit_chase_v1,UNKNOWN,15931.562458,28353.106157,4046.893843,4568.409354,29721.566409,18664.130706,499.723803,29719.471387,204.628075,5443.331464,11.686158,0.013723,False,False,False,False,True,True,True,1-circle,1.000000,5032.821218,-27513.884137,-0.455021,0.099747,100.000000,100.000000,0.000000,0.000000,2,4,4,0.0000,0.0000,0.0000,0.5000,"PursuitChaseOptimal",-0.010591
3815,B0100,aggressive,UNKNOWN,15931.562458,28353.106157,4046.893843,4568.409354,29721.566409,18664.130706,499.723803,29719.471387,204.628075,5443.331464,11.686158,0.013723,False,False,False,False,True,True,True,1-circle,1.000000,5032.821218,-27513.884137,-0.455021,0.099747,100.000000,100.000000,0.000000,0.000000,2,4,4,0.0000,0.0000,0.0000,0.5000,"Accelerate",0.008927
3816,A0100,pursuit_chase_v1,UNKNOWN,15931.262281,28369.174022,4030.825978,4503.912679,29751.625511,18665.020631,499.909912,29728.597404,182.520350,5469.887687,11.706118,0.050952,False,False,False,False,True,True,True,1-circle,1.000000,5038.138649,-27668.031413,-1.689589,0.079523,100.000000,100.000000,0.000000,0.000000,2,4,4,0.0000,0.0000,0.0000,0.5000,"PursuitChaseOptimal",-0.007852
3816,B0100,aggressive,UNKNOWN,15931.262281,28369.174022,4030.825978,4503.912679,29751.625511,18665.020631,499.909912,29728.597404,182.520350,5469.887687,11.706118,0.050952,False,False,False,False,True,True,True,1-circle,1.000000,5038.138649,-27668.031413,-1.689589,0.079523,100.000000,100.000000,0.000000,0.000000,2,4,4,0.0000,0.0000,0.0000,0.5000,"Accelerate",0.005771
3817,A0100,pursuit_chase_v1,UNKNOWN,15931.262281,28369.174022,4030.825978,4503.912679,29751.625511,18665.020631,499.909912,29728.597404,182.520350,5469.887687,11.706118,0.050952,False,False,False,False,True,True,True,1-circle,1.000000,5038.138649,-27668.031413,-1.689589,0.079523,100.000000,100.000000,0.000000,0.000000,2,4,4,0.0000,0.0000,0.0000,0.5000,"PursuitChaseOptimal",-0.000872
3817,B0100,aggressive,UNKNOWN,15931.262281,28369.174022,4030.825978,4503.912679,29751.625511,18665.020631,499.909912,29728.597404,182.520350,5469.887687,11.706118,0.050952,False,False,False,False,True,True,True,1-circle,1.000000,5038.138649,-27668.031413,-1.689589,0.079523,100.000000,100.000000,0.000000,0.000000,2,4,4,0.0000,0.0000,0.0000,0.5000,"Accelerate",-0.001081
3818,A0100,pursuit_chase_v1,UNKNOWN,15931.098422,28376.245623,4023.754377,4482.142005,29781.082516,18665.803404,500.216215,29742.942005,286.892010,5502.309052,10.934401,0.024455,False,False,False,False,True,True,True,1-circle,1.000000,5043.677731,-27151.215300,0.811569,-0.125204,100.000000,100.000000,0.000000,0.000000,2,4,4,0.0000,0.0000,0.0000,0.5000,"PursuitChaseOptimal",0.008371
3818,B0100,aggressive,UNKNOWN,15931.098422,28376.245623,4023.754377,4482.142005,29781.082516,18665.803404,500.216215,29742.942005,286.892010,5502.309052,10.934401,0.024455,False,False,False,False,True,True,True,1-circle,1.000000,5043.677731,-27151.215300,0.811569,-0.125204,100.000000,100.000000,0.000000,0.000000,2,4,4,0.0000,0.0000,0.0000,0.5000,"Accelerate",-0.010043
3819,A0100,pursuit_chase_v1,UNKNOWN,15931.098422,28376.245623,4023.754377,4482.142005,29781.082516,18665.803404,500.216215,29742.942005,286.892010,5502.309052,10.934401,0.024455,False,False,False,False,True,True,True,1-circle,1.000000,5043.677731,-27151.215300,0.811569,-0.125204,100.000000,100.000000,0.000000,0.000000,2,4,4,0.0000,0.0000,0.0000,0.5000,"PursuitChaseOptimal",0.014216
3819,B0100,aggressive,UNKNOWN,15931.098422,28376.245623,4023.754377,4482.142005,29781.082516,18665.803404,500.216215,29742.942005,286.892010,5502.309052,10.934401,0.024455,False,False,False,False,True,True,True,1-circle,1.000000,5043.677731,-27151.215300,0.811569,-0.125204,100.000000,100.000000,0.000000,0.000000,2,4,4,0.0000,0.0000,0.0000,0.5000,"Accelerate",-0.015900
3820,A0100,pursuit_chase_v1,UNKNOWN,15931.087376,28398.986841,4001.013159,4480.127388,29812.894794,18666.573719,500.334913,29748.969991,120.559732,5518.437227,9.390272,0.036433,False,False,False,False,True,True,True,1-circle,1.000000,5049.051564,-27448.937658,-1.209277,0.075664,100.000000,100.000000,0.000000,0.000000,2,4,4,0.0000,0.0000,0.0000,0.5000,"PursuitChaseOptimal",0.013546
3820,B0100,aggressive,UNKNOWN,15931.087376,28398.986841,4001.013159,4480.127388,29812.894794,18666.573719,500.334913,29748.969991,120.559732,5518.437227,9.390272,0.036433,False,False,False,False,True,True,True,1-circle,1.000000,5049.051564,-27448.937658,-1.209277,0.075664,100.000000,100.000000,0.000000,0.000000,2,4,4,0.0000,0.0000,0.0000,0.5000,"Accelerate",-0.015419
3821,A0100,pursuit_chase_v1,UNKNOWN,15931.087376,28398.986841,4001.013159,4480.127388,29812.894794,18666.573719,500.334913,29748.969991,120.559732,5518.437227,9.390272,0.036433,False,False,False,False,True,True,True,1-circle,1.000000,5049.051564,-27448.937658,-1.209277,0.075664,100.000000,100.000000,0.000000,0.000000,2,4,4,0.0000,0.0000,0.0000,0.5000,"PursuitChaseOptimal",0.009007
3821,B0100,aggressive,UNKNOWN,15931.087376,28398.986841,4001.013159,4480.127388,29812.894794,18666.573719,500.334913,29748.969991,120.559732,5518.437227,9.390272,0.036433,False,False,False,False,True,True,True,1-circle,1.000000,5049.051564,-27448.937658,-1.209277,0.075664,100.000000,100.000000,0.000000,0.000000,2,4,4,0.0000,0.0000,0.0000,0.5000,"Accelerate",-0.010957
3822,A0100,pursuit_chase_v1,UNKNOWN,15931.263549,28410.543904,3989.456096,4486.591321,29839.216386,18667.365078,500.602272,29761.608519,252.770561,5553.016052,7.747198,0.005315,False,False,False,False,True,True,True,1-circle,1.000000,5054.073618,-27133.616717,0.176528,0.196420,100.000000,100.000000,0.000000,0.000000,2,4,4,0.0000,0.0000,0.0000,0.5000,"PursuitChaseOptimal",0.002792
3822,B0100,aggressive,UNKNOWN,15931.263549,28410.543904,3989.456096,4486.591321,29839.216386,18667.365078,500.602272,29761.608519,252.770561,5553.016052,7.747198,0.005315,False,False,False,False,True,True,True,1-circle,1.000000,5054.073618,-27133.616717,0.176528,0.196420,100.000000,100.000000,0.000000,0.000000,2,4,4,0.0000,0.0000,0.0000,0.5000,"Accelerate",-0.004517
3823,A0100,pursuit_chase_v1,UNKNOWN,15931.263549,28410.543904,3989.456096,4486.591321,29839.216386,18667.365078,500.602272,29761.608519,252.770561,5553.016052,7.747198,0.005315,False,False,False,False,True,True,True,1-circle,1.000000,5054.073618,-27133.616717,0.176528,0.196420,100.000000,100.000000,0.000000,0.000000,2,4,4,0.0000,0.0000,0.0000,0.5000,"PursuitChaseOptimal",-0.005437
3823,B0100,aggressive,UNKNOWN,15931.263549,28410.543904,3989.456096,4486.591321,29839.216386,18667.365078,500.602272,29761.608519,252.770561,5553.016052,7.747198,0.005315,False,False,False,False,True,True,True,1-circle,1.000000,5054.073618,-27133.616717,0.176528,0.196420,100.000000,100.000000,0.000000,0.000000,2,4,4,0.0000,0.0000,0.0000,0.5000,"Accelerate",0.003913
3824,A0100,pursuit_chase_v1,UNKNOWN,15931.622016,28436.436678,3963.563322,4476.612545,29873.307212,18668.180585,500.703984,29766.932695,106.483508,5568.943012,6.403351,0.055688,False,False,False,False,True,True,True,1-circle,1.000000,5058.828786,-27432.710230,-1.849289,0.111993,100.000000,100.000000,0.000000,0.000000,2,4,4,0.0000,0.0000,0.0000,0.5000,"PursuitChaseOptimal",-0.013754
3824,B0100,aggressive,UNKNOWN,15931.622016,28436.436678,3963.563322,4476.612545,29873.307212,18668.180585,500.703984,29766.932695,106.483508,5568.943012,6.403351,0.055688,False,False,False,False,True,True,True,1-circle,1.000000,5058.828786,-27432.710230,-1.849289,0.111993,100.000000,100.000000,0.000000,0.000000,2,4,4,0.0000,0.0000,0.0000,0.5000,"Accelerate",0.011966
3825,A0100,pursuit_chase_v1,UNKNOWN,15931.622016,28436.436678,3963.563322,4476.612545,29873.307212,18668.180585,500.703984,29766.932695,106.483508,5568.943012,6.403351,0.055688,False,False,False,False,True,True,True,1-circle,1.000000,5058.828786,-27432.710230,-1.849289,0.111993,100.000000,100.000000,0.000000,0.000000,2,4,4,0.0000,0.0000,0.0000,0.5000,"PursuitChaseOptimal",-0.023401
3825,B0100,aggressive,UNKNOWN,15931.622016,28436.436678,3963.563322,4476.612545,29873.307212,18668.180585,500.703984,29766.932695,106.483508,5568.943012,6.403351,0.055688,False,False,False,False,True,True,True,1-circle,1.000000,5058.828786,-27432.710230,-1.849289,0.111993,100.000000,100.000000,0.000000,0.000000,2,4,4,0.0000,0.0000,0.0000,0.5000,"Accelerate",0.021290
3826,A0100,pursuit_chase_v1,UNKNOWN,15932.148101,28445.658224,3954.341776,4471.184558,29901.440474,18669.016090,501.010587,29781.364881,288.643718,5598.796297,5.526312,0.007706,False,False,False,False,True,True,True,1-circle,1.000000,5063.498415,-27080.994485,-0.256135,0.158652,100.000000,100.000000,0.000000,0.000000,2,4,4,0.0000,0.0000,0.0000,0.5000,"PursuitChaseOptimal",-0.016572
3826,B0100,aggressive,UNKNOWN,15932.148101,28445.658224,3954.341776,4471.184558,29901.440474,18669.016090,501.010587,29781.364881,288.643718,5598.796297,5.526312,0.007706,False,False,False,False,True,True,True,1-circle,1.000000,5063.498415,-27080.994485,-0.256135,0.158652,100.000000,100.000000,0.000000,0.000000,2,4,4,0.0000,0.0000,0.0000,0.5000,"Accelerate",0.014608
3827,A0100,pursuit_chase_v1,UNKNOWN,15932.148101,28445.658224,3954.341776,4471.184558,29901.440474,18669.016090,501.010587,29781.364881,288.643718,5598.796297,5.526312,0.007706,False,False,False,False,True,True,True,1-circle,1.000000,5063.498415,-27080.994485,-0.256135,0.158652,100.000000,100.000000,0.000000,0.000000,2,4,4,0.0000,0.0000,0.0000,0.5000,"PursuitChaseOptimal",-0.007486
3827,B0100,aggressive,UNKNOWN,15932.148101,28445.658224,3954.341776,4471.184558,29901.440474,18669.016090,501.010587,29781.364881,288.643718,5598.796297,5.526312,0.007706,False,False,False,False,True,True,True,1-circle,1.000000,5063.498415,-27080.994485,-0.256135,0.158652,100.000000,100.000000,0.000000,0.000000,2,4,4,0.0000,0.0000,0.0000,0.5000,"Accelerate",0.005780
3828,A0100,pursuit_chase_v1,UNKNOWN,15932.870405,28464.179804,3935.820196,4465.794462,29932.124833,18669.790904,501.164126,29788.951699,151.736373,5626.243375,4.297081,0.009875,False,False,False,False,True,True,True,1-circle,1.000000,5068.232985,-26911.543912,0.328327,0.027187,100.000000,100.000000,0.000000,0.000000,2,4,4,0.0000,0.0000,0.0000,0.5000,"PursuitChaseOptimal",0.001646
3828,B0100,aggressive,UNKNOWN,15932.870405,28464.179804,3935.820196,4465.794462,29932.124833,18669.790904,501.164126,29788.951699,151.736373,5626.243375,4.297081,0.009875,False,False,False,False,True,True,True,1-circle,1.000000,5068.232985,-26911.543912,0.328327,0.027187,100.000000,100.000000,0.000000,0.000000,2,4,4,0.0000,0.0000,0.0000,0.5000,"Accelerate",-0.003469
3829,A0100,pursuit_chase_v1,UNKNOWN,15932.870405,28464.179804,3935.820196,4465.794462,29932.124833,18669.790904,501.164126,29788.951699,151.736373,5626.243375,4.297081,0.009875,False,False,False,False,True,True,True,1-circle,1.000000,5068.232985,-26911.543912,0.328327,0.027187,100.000000,100.000000,0.000000,0.000000,2,4,4,0.0000,0.0000,0.0000,0.5000,"PursuitChaseOptimal",0.012718
3829,B0100,aggressive,UNKNOWN,15932.870405,28464.179804,3935.820196,4465.794462,29932.124833,18669.790904,501.164126,29788.951699,151.736373,5626.243375,4.297081,0.009875,False,False,False,False,True,True,True,1-circle,1.000000,5068.232985,-26911.543912,0.328327,0.027187,100.000000,100.000000,0.000000,0.000000,2,4,4,0.0000,0.0000,0.0000,0.5000,"Accelerate",-0.014918
3830,A0100,pursuit_chase_v1,UNKNOWN,15933.778696,28483.932077,3916.067923,4468.360217,29961.490051,18670.644002,501.368429,29798.872222,198.410455,5653.075309,2.616741,0.022787,False,False,False,False,True,True,True,1-circle,1.000000,5072.717352,-27043.159375,-0.757871,0.300504,100.000000,100.000000,0.000000,0.000000,2,4,4,0.0000,0.0000,0.0000,0.5000,"PursuitChaseOptimal",0.019937
3830,B0100,aggressive,UNKNOWN,15933.778696,28483.932077,3916.067923,4468.360217,29961.490051,18670.644002,501.368429,29798.872222,198.410455,5653.075309,2.616741,0.022787,False,False,False,False,True,True,True,1-circle,1.000000,5072.717352,-27043.159375,-0.757871,0.300504,100.000000,100.000000,0.000000,0.000000,2,4,4,0.0000,0.0000,0.0000,0.5000,"Accelerate",-0.022341
3831,A0100,pursuit_chase_v1,UNKNOWN,15933.778696,28483.932077,3916.067923,4468.360217,29961.490051,18670.644002,501.368429,29798.872222,198.410455,5653.075309,2.616741,0.022787,False,False,False,False,True,True,True,1-circle,1.000000,5072.717352,-27043.159375,-0.757871,0.300504,100.000000,100.000000,0.000000,0.000000,2,4,4,0.0000,0.0000,0.0000,0.5000,"PursuitChaseOptimal",0.020662
3831,B0100,aggressive,UNKNOWN,15933.778696,28483.932077,3916.067923,4468.360217,29961.490051,18670.644002,501.368429,29798.872222,198.410455,5653.075309,2.616741,0.022787,False,False,False,False,True,True,True,1-circle,1.000000,5072.717352,-27043.159375,-0.757871,0.300504,100.000000,100.000000,0.000000,0.000000,2,4,4,0.0000,0.0000,0.0000,0.5000,"Accelerate",-0.022863
3832,A0100,pursuit_chase_v1,UNKNOWN,15934.889236,28502.697177,3897.302823,4473.105454,29992.103939,18671.494524,501.555742,29808.039412,183.343810,5683.940855,0.610092,0.006182,False,False,False,False,True,True,True,1-circle,1.000000,5076.829736,-26879.932331,-0.205678,0.153534,100.000000,100.000000,0.000000,0.000000,2,4,4,0.0000,0.0000,0.0000,0.5000,"PursuitChaseOptimal",0.022340
3832,B0100,aggressive,UNKNOWN,15934.889236,28502.697177,3897.302823,4473.105454,29992.103939,18671.494524,501.555742,29808.039412,183.343810,5683.940855,0.610092,0.006182,False,False,False,False,True,True,True,1-circle,1.000000,5076.829736,-26879.932331,-0.205678,0.153534,100.000000,100.000000,0.000000,0.000000,2,4,4,0.0000,0.0000,0.0000,0.5000,"Accelerate",-0.024391
3833,A0100,pursuit_chase_v1,UNKNOWN,15934.889236,28502.697177,3897.302823,4473.105454,29992.103939,18671.494524,501.555742,29808.039412,183.343810,5683.940855,0.610092,0.006182,False,False,False,False,True,True,True,1-circle,1.000000,5076.829736,-26879.932331,-0.205678,0.153534,100.000000,100.000000,0.000000,0.000000,2,4,4,0.0000,0.0000,0.0000,0.5000,"PursuitChaseOptimal",0.007581
3833,B0100,aggressive,UNKNOWN,15934.889236,28502.697177,3897.302823,4473.105454,29992.103939,18671.494524,501.555742,29808.039412,183.343810,5683.940855,0.610092,0.006182,False,False,False,False,True,True,True,1-circle,1.000000,5076.829736,-26879.932331,-0.205678,0.153534,100.000000,100.000000,0.000000,0.000000,2,4,4,0.0000,0.0000,0.0000,0.5000,"Accelerate",-0.009838
3834,A0100,pursuit_chase_v1,UNKNOWN,15936.186428,28522.524206,3877.475794,4474.572338,30022.075166,18672.429395,501.721328,29816.328853,165.788805,5701.346777,-1.044130,0.042227,False,False,False,False,True,True,True,1-circle,1.000000,5080.439389,-27032.033015,-1.405172,0.274442,100.000000,100.000000,0.000000,0.000000,2,4,4,0.0000,0.0000,0.0000,0.5000,"PursuitChaseOptimal",-0.010126
3834,B0100,aggressive,UNKNOWN,15936.186428,28522.524206,3877.475794,4474.572338,30022.075166,18672.429395,501.721328,29816.328853,165.788805,5701.346777,-1.044130,0.042227,False,False,False,False,True,True,True,1-circle,1.000000,5080.439389,-27032.033015,-1.405172,0.274442,100.000000,100.000000,0.000000,0.000000,2,4,4,0.0000,0.0000,0.0000,0.5000,"Accelerate",0.007863
3835,A0100,pursuit_chase_v1,UNKNOWN,15936.186428,28522.524206,3877.475794,4474.572338,30022.075166,18672.429395,501.721328,29816.328853,165.788805,5701.346777,-1.044130,0.042227,False,False,False,False,True,True,True,1-circle,1.000000,5080.439389,-27032.033015,-1.405172,0.274442,100.000000,100.000000,0.000000,0.000000,2,4,4,0.0000,0.0000,0.0000,0.5000,"PursuitChaseOptimal",-0.022213
3835,B0100,aggressive,UNKNOWN,15936.186428,28522.524206,3877.475794,4474.572338,30022.075166,18672.429395,501.721328,29816.328853,165.788805,5701.346777,-1.044130,0.042227,False,False,False,False,True,True,True,1-circle,1.000000,5080.439389,-27032.033015,-1.405172,0.274442,100.000000,100.000000,0.000000,0.000000,2,4,4,0.0000,0.0000,0.0000,0.5000,"Accelerate",0.020218
3836,A0100,pursuit_chase_v1,UNKNOWN,15937.663861,28538.885508,3861.114492,4478.459460,30052.133465,18673.341067,501.912734,29825.744883,188.320613,5722.050938,-2.254658,0.024689,False,False,False,False,True,True,True,1-circle,1.000000,5083.864755,-26863.544084,-0.821972,0.084136,100.000000,100.000000,0.000000,0.000000,2,5,4,0.0000,0.0000,0.0000,0.5000,"PursuitChaseOptimal",-0.024009
3836,B0100,aggressive,UNKNOWN,15937.663861,28538.885508,3861.114492,4478.459460,30052.133465,18673.341067,501.912734,29825.744883,188.320613,5722.050938,-2.254658,0.024689,False,False,False,False,True,True,True,1-circle,1.000000,5083.864755,-26863.544084,-0.821972,0.084136,100.000000,100.000000,0.000000,0.000000,2,4,4,0.0000,0.0000,0.0000,0.5000,"Accelerate",0.022024
3837,A0100,pursuit_chase_v1,UNKNOWN,15937.663861,28538.885508,3861.114492,4478.459460,30052.133465,18673.341067,501.912734,29825.744883,188.320613,5722.050938,-2.254658,0.024689,False,False,False,False,True,True,True,1-circle,1.000000,5083.864755,-26863.544084,-0.821972,0.084136,100.000000,100.000000,0.000000,0.000000,2,5,4,0.0000,0.0000,0.0000,0.5000,"PursuitChaseOptimal",-0.006127
3837,B0100,aggressive,UNKNOWN,15937.663861,28538.885508,3861.114492,4478.459460,30052.133465,18673.341067,501.912734,29825.744883,188.320613,5722.050938,-2.254658,0.024689,False,False,False,False,True,True,True,1-circle,1.000000,5083.864755,-26863.544084,-0.821972,0.084136,100.000000,100.000000,0.000000,0.000000,2,4,4,0.0000,0.0000,0.0000,0.5000,"Accelerate",0.003625
3838,A0100,pursuit_chase_v1,UNKNOWN,15939.318748,28556.139829,3843.860171,4481.324000,30083.925336,18674.299613,502.067575,29833.585592,156.814178,5734.659571,-3.389764,0.059025,False,False,False,False,True,True,True,1-circle,1.000000,5087.195879,-27006.201832,-1.965050,0.124242,100.000000,100.000000,0.000000,0.000000,2,5,4,0.0000,0.0000,0.0000,0.5000,"PursuitChaseOptimal",0.014814
3838,B0100,aggressive,UNKNOWN,15939.318748,28556.139829,3843.860171,4481.324000,30083.925336,18674.299613,502.067575,29833.585592,156.814178,5734.659571,-3.389764,0.059025,False,False,False,False,True,True,True,1-circle,1.000000,5087.195879,-27006.201832,-1.965050,0.124242,100.000000,100.000000,0.000000,0.000000,2,4,4,0.0000,0.0000,0.0000,0.5000,"Accelerate",-0.017906
3839,A0100,pursuit_chase_v1,UNKNOWN,15939.318748,28556.139829,3843.860171,4481.324000,30083.925336,18674.299613,502.067575,29833.585592,156.814178,5734.659571,-3.389764,0.059025,False,False,False,False,True,True,True,1-circle,1.000000,5087.195879,-27006.201832,-1.965050,0.124242,100.000000,100.000000,0.000000,0.000000,2,5,4,0.0000,0.0000,0.0000,0.5000,"PursuitChaseOptimal",0.035500
3839,B0100,aggressive,UNKNOWN,15939.318748,28556.139829,3843.860171,4481.324000,30083.925336,18674.299613,502.067575,29833.585592,156.814178,5734.659571,-3.389764,0.059025,False,False,False,False,True,True,True,1-circle,1.000000,5087.195879,-27006.201832,-1.965050,0.124242,100.000000,100.000000,0.000000,0.000000,2,4,4,0.0000,0.0000,0.0000,0.5000,"Accelerate",-0.038430
3840,A0100,pursuit_chase_v1,UNKNOWN,15941.145387,28563.138047,3836.861953,4484.675119,30112.919587,18675.161356,502.346938,29846.869378,265.675712,5747.512667,-4.873357,0.018552,False,False,False,False,True,True,True,1-circle,1.000000,5090.354620,-26478.426528,0.618164,-0.068139,100.000000,100.000000,0.000000,0.000000,2,5,4,0.0000,0.0000,0.0000,0.5000,"PursuitChaseOptimal",0.054814
3840,B0100,aggressive,UNKNOWN,15941.145387,28563.138047,3836.861953,4484.675119,30112.919587,18675.161356,502.346938,29846.869378,265.675712,5747.512667,-4.873357,0.018552,False,False,False,False,True,True,True,1-circle,1.000000,5090.354620,-26478.426528,0.618164,-0.068139,100.000000,100.000000,0.000000,0.000000,2,4,4,0.0000,0.0000,0.0000,0.5000,"Accelerate",-0.057395
3841,A0100,pursuit_chase_v1,UNKNOWN,15941.145387,28563.138047,3836.861953,4484.675119,30112.919587,18675.161356,502.346938,29846.869378,265.675712,5747.512667,-4.873357,0.018552,False,False,False,False,True,True,True,1-circle,1.000000,5090.354620,-26478.426528,0.618164,-0.068139,100.000000,100.000000,0.000000,0.000000,2,5,4,0.0000,0.0000,0.0000,0.5000,"PursuitChaseOptimal",0.061932
3841,B0100,aggressive,UNKNOWN,15941.145387,28563.138047,3836.861953,4484.675119,30112.919587,18675.161356,502.346938,29846.869378,265.675712,5747.512667,-4.873357,0.018552,False,False,False,False,True,True,True,1-circle,1.000000,5090.354620,-26478.426528,0.618164,-0.068139,100.000000,100.000000,0.000000,0.000000,2,4,4,0.0000,0.0000,0.0000,0.5000,"Accelerate",-0.064165
3842,A0100,pursuit_chase_v1,UNKNOWN,15943.080377,28588.182043,3811.817957,4486.293568,30146.988756,18676.023518,502.437124,29851.743215,97.476744,5736.413325,-7.004712,0.040072,False,False,False,False,True,True,True,1-circle,1.000000,5092.865727,-26767.115418,-1.335285,0.124733,100.000000,100.000000,0.000000,0.000000,2,5,4,0.0000,0.0000,0.0000,0.5000,"PursuitChaseOptimal",0.050542
3842,B0100,aggressive,UNKNOWN,15943.080377,28588.182043,3811.817957,4486.293568,30146.988756,18676.023518,502.437124,29851.743215,97.476744,5736.413325,-7.004712,0.040072,False,False,False,False,True,True,True,1-circle,1.000000,5092.865727,-26767.115418,-1.335285,0.124733,100.000000,100.000000,0.000000,0.000000,2,4,4,0.0000,0.0000,0.0000,0.5000,"Accelerate",-0.052730
3843,A0100,pursuit_chase_v1,UNKNOWN,15943.080377,28588.182043,3811.817957,4486.293568,30146.988756,18676.023518,502.437124,29851.743215,97.476744,5736.413325,-7.004712,0.040072,False,False,False,False,True,True,True,1-circle,1.000000,5092.865727,-26767.115418,-1.335285,0.124733,100.000000,100.000000,0.000000,0.000000,2,5,4,0.0000,0.0000,0.0000,0.5000,"PursuitChaseOptimal",0.034891
3843,B0100,aggressive,UNKNOWN,15943.080377,28588.182043,3811.817957,4486.293568,30146.988756,18676.023518,502.437124,29851.743215,97.476744,5736.413325,-7.004712,0.040072,False,False,False,False,True,True,True,1-circle,1.000000,5092.865727,-26767.115418,-1.335285,0.124733,100.000000,100.000000,0.000000,0.000000,2,4,4,0.0000,0.0000,0.0000,0.5000,"Accelerate",-0.037121
3844,A0100,pursuit_chase_v1,UNKNOWN,15945.140767,28600.854032,3799.145968,4500.898431,30173.966916,18676.917434,502.674148,29863.183868,228.813053,5739.799068,-9.003425,0.003236,False,False,False,False,True,True,True,1-circle,1.000000,5094.567269,-26444.004949,0.107913,0.241180,100.000000,100.000000,0.000000,0.000000,2,5,4,0.0000,0.0000,0.0000,0.5000,"PursuitChaseOptimal",0.013784
3844,B0100,aggressive,UNKNOWN,15945.140767,28600.854032,3799.145968,4500.898431,30173.966916,18676.917434,502.674148,29863.183868,228.813053,5739.799068,-9.003425,0.003236,False,False,False,False,True,True,True,1-circle,1.000000,5094.567269,-26444.004949,0.107913,0.241180,100.000000,100.000000,0.000000,0.000000,2,4,4,0.0000,0.0000,0.0000,0.5000,"Accelerate",-0.015887
3845,A0100,pursuit_chase_v1,UNKNOWN,15945.140767,28600.854032,3799.145968,4500.898431,30173.966916,18676.917434,502.674148,29863.183868,228.813053,5739.799068,-9.003425,0.003236,False,False,False,False,True,True,True,1-circle,1.000000,5094.567269,-26444.004949,0.107913,0.241180,100.000000,100.000000,0.000000,0.000000,2,5,4,0.0000,0.0000,0.0000,0.5000,"PursuitChaseOptimal",-0.004867
3845,B0100,aggressive,UNKNOWN,15945.140767,28600.854032,3799.145968,4500.898431,30173.966916,18676.917434,502.674148,29863.183868,228.813053,5739.799068,-9.003425,0.003236,False,False,False,False,True,True,True,1-circle,1.000000,5094.567269,-26444.004949,0.107913,0.241180,100.000000,100.000000,0.000000,0.000000,2,4,4,0.0000,0.0000,0.0000,0.5000,"Accelerate",0.002759
3846,A0100,pursuit_chase_v1,UNKNOWN,15947.332523,28626.233882,3773.766118,4490.148855,30208.958856,18677.832336,502.764036,29868.099770,98.318041,5729.547023,-10.057806,0.055559,False,False,False,False,True,True,True,1-circle,1.000000,5095.777221,-26733.470242,-1.852176,0.071826,100.000000,100.000000,0.000000,0.000000,2,5,4,0.0000,0.0000,0.0000,0.5000,"PursuitChaseOptimal",-0.015327
3846,B0100,aggressive,UNKNOWN,15947.332523,28626.233882,3773.766118,4490.148855,30208.958856,18677.832336,502.764036,29868.099770,98.318041,5729.547023,-10.057806,0.055559,False,False,False,False,True,True,True,1-circle,1.000000,5095.777221,-26733.470242,-1.852176,0.071826,100.000000,100.000000,0.000000,0.000000,2,4,4,0.0000,0.0000,0.0000,0.5000,"Accelerate",0.012769
3847,A0100,pursuit_chase_v1,UNKNOWN,15947.332523,28626.233882,3773.766118,4490.148855,30208.958856,18677.832336,502.764036,29868.099770,98.318041,5729.547023,-10.057806,0.055559,False,False,False,False,True,True,True,1-circle,1.000000,5095.777221,-26733.470242,-1.852176,0.071826,100.000000,100.000000,0.000000,0.000000,2,5,4,0.0000,0.0000,0.0000,0.5000,"PursuitChaseOptimal",-0.030223
3847,B0100,aggressive,UNKNOWN,15947.332523,28626.233882,3773.766118,4490.148855,30208.958856,18677.832336,502.764036,29868.099770,98.318041,5729.547023,-10.057806,0.055559,False,False,False,False,True,True,True,1-circle,1.000000,5095.777221,-26733.470242,-1.852176,0.071826,100.000000,100.000000,0.000000,0.000000,2,4,4,0.0000,0.0000,0.0000,0.5000,"Accelerate",0.027241
3848,A0100,pursuit_chase_v1,UNKNOWN,15949.561959,28632.850062,3767.149938,4438.859187,30237.508388,18678.738237,503.049571,29881.719883,272.402258,5727.696132,-9.249871,0.005122,False,False,False,False,True,True,True,1-circle,1.000000,5097.064202,-26368.490764,-0.170909,0.001336,100.000000,100.000000,0.000000,0.000000,2,5,4,0.0000,0.0000,0.0000,0.5000,"PursuitChaseOptimal",-0.030737
3848,B0100,aggressive,UNKNOWN,15949.561959,28632.850062,3767.149938,4438.859187,30237.508388,18678.738237,503.049571,29881.719883,272.402258,5727.696132,-9.249871,0.005122,False,False,False,False,True,True,True,1-circle,1.000000,5097.064202,-26368.490764,-0.170909,0.001336,100.000000,100.000000,0.000000,0.000000,2,4,4,0.0000,0.0000,0.0000,0.5000,"Accelerate",0.028035
3849,A0100,pursuit_chase_v1,UNKNOWN,15949.561959,28632.850062,3767.149938,4438.859187,30237.508388,18678.738237,503.049571,29881.719883,272.402258,5727.696132,-9.249871,0.005122,False,False,False,False,True,True,True,1-circle,1.000000,5097.064202,-26368.490764,-0.170909,0.001336,100.000000,100.000000,0.000000,0.000000,2,5,4,0.0000,0.0000,0.0000,0.5000,"PursuitChaseOptimal",-0.027058
3849,B0100,aggressive,UNKNOWN,15949.561959,28632.850062,3767.149938,4438.859187,30237.508388,18678.738237,503.049571,29881.719883,272.402258,5727.696132,-9.249871,0.005122,False,False,False,False,True,True,True,1-circle,1.000000,5097.064202,-26368.490764,-0.170909,0.001336,100.000000,100.000000,0.000000,0.000000,2,4,4,0.0000,0.0000,0.0000,0.5000,"Accelerate",0.024833
3850,A0100,pursuit_chase_v1,UNKNOWN,15951.770881,28649.136536,3750.863464,4344.039981,30268.276685,18679.552952,503.169726,29887.886974,123.341827,5732.787466,-7.726667,0.013967,False,False,False,False,True,True,True,1-circle,1.000000,5098.999814,-26193.687180,0.466117,-0.064306,100.000000,100.000000,0.000000,0.000000,2,5,4,0.0000,0.0000,0.0000,0.5000,"PursuitChaseOptimal",-0.025006
3850,B0100,aggressive,UNKNOWN,15951.770881,28649.136536,3750.863464,4344.039981,30268.276685,18679.552952,503.169726,29887.886974,123.341827,5732.787466,-7.726667,0.013967,False,False,False,False,True,True,True,1-circle,1.000000,5098.999814,-26193.687180,0.466117,-0.064306,100.000000,100.000000,0.000000,0.000000,2,4,4,0.0000,0.0000,0.0000,0.5000,"Accelerate",0.022857
3851,A0100,pursuit_chase_v1,UNKNOWN,15951.770881,28649.136536,3750.863464,4344.039981,30268.276685,18679.552952,503.169726,29887.886974,123.341827,5732.787466,-7.726667,0.013967,False,False,False,False,True,True,True,1-circle,1.000000,5098.999814,-26193.687180,0.466117,-0.064306,100.000000,100.000000,0.000000,0.000000,2,5,4,0.0000,0.0000,0.0000,0.5000,"PursuitChaseOptimal",-0.022830
3851,B0100,aggressive,UNKNOWN,15951.770881,28649.136536,3750.863464,4344.039981,30268.276685,18679.552952,503.169726,29887.886974,123.341827,5732.787466,-7.726667,0.013967,False,False,False,False,True,True,True,1-circle,1.000000,5098.999814,-26193.687180,0.466117,-0.064306,100.000000,100.000000,0.000000,0.000000,2,4,4,0.0000,0.0000,0.0000,0.5000,"Accelerate",0.020448
3852,A0100,pursuit_chase_v1,UNKNOWN,15953.934413,28667.002317,3732.997683,4238.384876,30296.813453,18680.427678,503.347162,29896.668028,175.621087,5760.665481,-6.479299,0.017310,False,False,False,False,True,True,True,1-circle,1.000000,5101.561020,-26324.045188,-0.577883,0.241500,100.000000,100.000000,0.000000,0.000000,2,5,4,0.0000,0.0000,0.0000,0.5000,"PursuitChaseOptimal",-0.020837
3852,B0100,aggressive,UNKNOWN,15953.934413,28667.002317,3732.997683,4238.384876,30296.813453,18680.427678,503.347162,29896.668028,175.621087,5760.665481,-6.479299,0.017310,False,False,False,False,True,True,True,1-circle,1.000000,5101.561020,-26324.045188,-0.577883,0.241500,100.000000,100.000000,0.000000,0.000000,2,4,4,0.0000,0.0000,0.0000,0.5000,"Accelerate",0.018313
3853,A0100,pursuit_chase_v1,UNKNOWN,15953.934413,28667.002317,3732.997683,4238.384876,30296.813453,18680.427678,503.347162,29896.668028,175.621087,5760.665481,-6.479299,0.017310,False,False,False,False,True,True,True,1-circle,1.000000,5101.561020,-26324.045188,-0.577883,0.241500,100.000000,100.000000,0.000000,0.000000,2,5,4,0.0000,0.0000,0.0000,0.5000,"PursuitChaseOptimal",-0.019045
3853,B0100,aggressive,UNKNOWN,15953.934413,28667.002317,3732.997683,4238.384876,30296.813453,18680.427678,503.347162,29896.668028,175.621087,5760.665481,-6.479299,0.017310,False,False,False,False,True,True,True,1-circle,1.000000,5101.561020,-26324.045188,-0.577883,0.241500,100.000000,100.000000,0.000000,0.000000,2,4,4,0.0000,0.0000,0.0000,0.5000,"Accelerate",0.016735
3854,A0100,pursuit_chase_v1,UNKNOWN,15956.108396,28683.341447,3716.658553,4125.231934,30325.895101,18681.291529,503.506686,29904.642425,159.487924,5804.888196,-5.478482,0.000969,False,False,False,False,True,True,True,1-circle,1.000000,5104.802394,-26159.304591,0.032354,0.106418,100.000000,100.000000,0.000000,0.000000,2,4,4,0.0000,0.0000,0.0000,0.5000,"PursuitChaseOptimal",-0.014113
3854,B0100,aggressive,UNKNOWN,15956.108396,28683.341447,3716.658553,4125.231934,30325.895101,18681.291529,503.506686,29904.642425,159.487924,5804.888196,-5.478482,0.000969,False,False,False,False,True,True,True,1-circle,1.000000,5104.802394,-26159.304591,0.032354,0.106418,100.000000,100.000000,0.000000,0.000000,2,4,4,0.0000,0.0000,0.0000,0.5000,"Accelerate",0.011927
3855,A0100,pursuit_chase_v1,UNKNOWN,15956.108396,28683.341447,3716.658553,4125.231934,30325.895101,18681.291529,503.506686,29904.642425,159.487924,5804.888196,-5.478482,0.000969,False,False,False,False,True,True,True,1-circle,1.000000,5104.802394,-26159.304591,0.032354,0.106418,100.000000,100.000000,0.000000,0.000000,2,4,4,0.0000,0.0000,0.0000,0.5000,"PursuitChaseOptimal",-0.019043
3855,B0100,aggressive,UNKNOWN,15956.108396,28683.341447,3716.658553,4125.231934,30325.895101,18681.291529,503.506686,29904.642425,159.487924,5804.888196,-5.478482,0.000969,False,False,False,False,True,True,True,1-circle,1.000000,5104.802394,-26159.304591,0.032354,0.106418,100.000000,100.000000,0.000000,0.000000,2,4,4,0.0000,0.0000,0.0000,0.5000,"Accelerate",0.016581
3856,A0100,pursuit_chase_v1,UNKNOWN,15958.282881,28701.362566,3698.637434,4003.412234,30353.313557,18682.241740,503.648176,29911.901271,145.176935,5842.424653,-4.353018,0.033877,False,False,False,False,True,True,True,1-circle,1.000000,5108.604063,-26316.605303,-1.131475,0.278854,100.000000,100.000000,0.000000,0.000000,2,4,4,0.0000,0.0000,0.0000,0.5000,"PursuitChaseOptimal",-0.023471
3856,B0100,aggressive,UNKNOWN,15958.282881,28701.362566,3698.637434,4003.412234,30353.313557,18682.241740,503.648176,29911.901271,145.176935,5842.424653,-4.353018,0.033877,False,False,False,False,True,True,True,1-circle,1.000000,5108.604063,-26316.605303,-1.131475,0.278854,100.000000,100.000000,0.000000,0.000000,2,4,4,0.0000,0.0000,0.0000,0.5000,"Accelerate",0.020873
3857,A0100,pursuit_chase_v1,UNKNOWN,15958.282881,28701.362566,3698.637434,4003.412234,30353.313557,18682.241740,503.648176,29911.901271,145.176935,5842.424653,-4.353018,0.033877,False,False,False,False,True,True,True,1-circle,1.000000,5108.604063,-26316.605303,-1.131475,0.278854,100.000000,100.000000,0.000000,0.000000,2,4,4,0.0000,0.0000,0.0000,0.5000,"PursuitChaseOptimal",-0.027691
3857,B0100,aggressive,UNKNOWN,15958.282881,28701.362566,3698.637434,4003.412234,30353.313557,18682.241740,503.648176,29911.901271,145.176935,5842.424653,-4.353018,0.033877,False,False,False,False,True,True,True,1-circle,1.000000,5108.604063,-26316.605303,-1.131475,0.278854,100.000000,100.000000,0.000000,0.000000,2,4,4,0.0000,0.0000,0.0000,0.5000,"Accelerate",0.025318
3858,A0100,pursuit_chase_v1,UNKNOWN,15960.458556,28715.648925,3684.351075,3887.948165,30381.147162,18683.187771,503.812173,29920.161674,165.208059,5878.229902,-3.218953,0.015365,False,False,False,False,True,True,True,1-circle,1.000000,5113.079039,-26155.935559,-0.513386,0.157812,100.000000,100.000000,0.000000,0.000000,2,4,4,0.0000,0.0000,0.0000,0.5000,"PursuitChaseOptimal",-0.024738
3858,B0100,aggressive,UNKNOWN,15960.458556,28715.648925,3684.351075,3887.948165,30381.147162,18683.187771,503.812173,29920.161674,165.208059,5878.229902,-3.218953,0.015365,False,False,False,False,True,True,True,1-circle,1.000000,5113.079039,-26155.935559,-0.513386,0.157812,100.000000,100.000000,0.000000,0.000000,2,4,4,0.0000,0.0000,0.0000,0.5000,"Accelerate",0.022392
3859,A0100,pursuit_chase_v1,UNKNOWN,15960.458556,28715.648925,3684.351075,3887.948165,30381.147162,18683.187771,503.812173,29920.161674,165.208059,5878.229902,-3.218953,0.015365,False,False,False,False,True,True,True,1-circle,1.000000,5113.079039,-26155.935559,-0.513386,0.157812,100.000000,100.000000,0.000000,0.000000,2,4,4,0.0000,0.0000,0.0000,0.5000,"PursuitChaseOptimal",-0.019381
3859,B0100,aggressive,UNKNOWN,15960.458556,28715.648925,3684.351075,3887.948165,30381.147162,18683.187771,503.812173,29920.161674,165.208059,5878.229902,-3.218953,0.015365,False,False,False,False,True,True,True,1-circle,1.000000,5113.079039,-26155.935559,-0.513386,0.157812,100.000000,100.000000,0.000000,0.000000,2,4,4,0.0000,0.0000,0.0000,0.5000,"Accelerate",0.016532
3860,A0100,pursuit_chase_v1,UNKNOWN,15962.653971,28726.900067,3673.099933,3816.902086,30407.310505,18684.186913,503.957923,29927.663320,150.032912,5903.222320,-2.745117,0.049971,False,False,False,False,True,True,True,1-circle,1.000000,5118.052380,-26316.957907,-1.669748,0.066835,100.000000,100.000000,0.000000,0.000000,2,4,4,0.0000,0.0000,0.0000,0.5000,"PursuitChaseOptimal",-0.011613
3860,B0100,aggressive,UNKNOWN,15962.653971,28726.900067,3673.099933,3816.902086,30407.310505,18684.186913,503.957923,29927.663320,150.032912,5903.222320,-2.745117,0.049971,False,False,False,False,True,True,True,1-circle,1.000000,5118.052380,-26316.957907,-1.669748,0.066835,100.000000,100.000000,0.000000,0.000000,2,4,4,0.0000,0.0000,0.0000,0.5000,"Accelerate",0.008272
3861,A0100,pursuit_chase_v1,UNKNOWN,15962.653971,28726.900067,3673.099933,3816.902086,30407.310505,18684.186913,503.957923,29927.663320,150.032912,5903.222320,-2.745117,0.049971,False,False,False,False,True,True,True,1-circle,1.000000,5118.052380,-26316.957907,-1.669748,0.066835,100.000000,100.000000,0.000000,0.000000,2,4,4,0.0000,0.0000,0.0000,0.5000,"PursuitChaseOptimal",0.000690
3861,B0100,aggressive,UNKNOWN,15962.653971,28726.900067,3673.099933,3816.902086,30407.310505,18684.186913,503.957923,29927.663320,150.032912,5903.222320,-2.745117,0.049971,False,False,False,False,True,True,True,1-circle,1.000000,5118.052380,-26316.957907,-1.669748,0.066835,100.000000,100.000000,0.000000,0.000000,2,4,4,0.0000,0.0000,0.0000,0.5000,"Accelerate",-0.003919
3862,A0100,pursuit_chase_v1,UNKNOWN,15964.933845,28727.199732,3672.800268,3788.733679,30431.742640,18685.079556,504.217033,29940.120612,249.145844,5930.585155,-3.046722,0.028358,False,False,False,False,True,True,True,1-circle,1.000000,5123.345646,-25799.963945,0.948185,-0.142006,100.000000,100.000000,0.000000,0.000000,2,4,4,0.0000,0.0000,0.0000,0.5000,"PursuitChaseOptimal",0.007377
3862,B0100,aggressive,UNKNOWN,15964.933845,28727.199732,3672.800268,3788.733679,30431.742640,18685.079556,504.217033,29940.120612,249.145844,5930.585155,-3.046722,0.028358,False,False,False,False,True,True,True,1-circle,1.000000,5123.345646,-25799.963945,0.948185,-0.142006,100.000000,100.000000,0.000000,0.000000,2,4,4,0.0000,0.0000,0.0000,0.5000,"Accelerate",-0.010327
3863,A0100,pursuit_chase_v1,UNKNOWN,15964.933845,28727.199732,3672.800268,3788.733679,30431.742640,18685.079556,504.217033,29940.120612,249.145844,5930.585155,-3.046722,0.028358,False,False,False,False,True,True,True,1-circle,1.000000,5123.345646,-25799.963945,0.948185,-0.142006,100.000000,100.000000,0.000000,0.000000,2,4,4,0.0000,0.0000,0.0000,0.5000,"PursuitChaseOptimal",0.015921
3863,B0100,aggressive,UNKNOWN,15964.933845,28727.199732,3672.800268,3788.733679,30431.742640,18685.079556,504.217033,29940.120612,249.145844,5930.585155,-3.046722,0.028358,False,False,False,False,True,True,True,1-circle,1.000000,5123.345646,-25799.963945,0.948185,-0.142006,100.000000,100.000000,0.000000,0.000000,2,4,4,0.0000,0.0000,0.0000,0.5000,"Accelerate",-0.018851
3864,A0100,pursuit_chase_v1,UNKNOWN,15967.309118,28745.930236,3654.069764,3779.474907,30460.931143,18685.958656,504.292729,29944.379308,85.173917,5942.419988,-4.216023,0.030918,False,False,False,False,True,True,True,1-circle,1.000000,5128.534749,-26111.476651,-1.033931,0.089586,100.000000,100.000000,0.000000,0.000000,2,4,4,0.0000,0.0000,0.0000,0.5000,"PursuitChaseOptimal",0.022023
3864,B0100,aggressive,UNKNOWN,15967.309118,28745.930236,3654.069764,3779.474907,30460.931143,18685.958656,504.292729,29944.379308,85.173917,5942.419988,-4.216023,0.030918,False,False,False,False,True,True,True,1-circle,1.000000,5128.534749,-26111.476651,-1.033931,0.089586,100.000000,100.000000,0.000000,0.000000,2,4,4,0.0000,0.0000,0.0000,0.5000,"Accelerate",-0.025217
3865,A0100,pursuit_chase_v1,UNKNOWN,15967.309118,28745.930236,3654.069764,3779.474907,30460.931143,18685.958656,504.292729,29944.379308,85.173917,5942.419988,-4.216023,0.030918,False,False,False,False,True,True,True,1-circle,1.000000,5128.534749,-26111.476651,-1.033931,0.089586,100.000000,100.000000,0.000000,0.000000,2,4,4,0.0000,0.0000,0.0000,0.5000,"PursuitChaseOptimal",0.021082
3865,B0100,aggressive,UNKNOWN,15967.309118,28745.930236,3654.069764,3779.474907,30460.931143,18685.958656,504.292729,29944.379308,85.173917,5942.419988,-4.216023,0.030918,False,False,False,False,True,True,True,1-circle,1.000000,5128.534749,-26111.476651,-1.033931,0.089586,100.000000,100.000000,0.000000,0.000000,2,4,4,0.0000,0.0000,0.0000,0.5000,"Accelerate",-0.024364
3866,A0100,pursuit_chase_v1,UNKNOWN,15969.813449,28752.684779,3647.315221,3788.498178,30482.915143,18686.863074,504.512687,29955.107056,214.554965,5969.661138,-5.726428,0.012889,False,False,False,False,True,True,True,1-circle,1.000000,5133.350756,-25802.398825,0.431229,0.215822,100.000000,100.000000,0.000000,0.000000,2,4,4,0.0000,0.0000,0.0000,0.5000,"PursuitChaseOptimal",0.015560
3866,B0100,aggressive,UNKNOWN,15969.813449,28752.684779,3647.315221,3788.498178,30482.915143,18686.863074,504.512687,29955.107056,214.554965,5969.661138,-5.726428,0.012889,False,False,False,False,True,True,True,1-circle,1.000000,5133.350756,-25802.398825,0.431229,0.215822,100.000000,100.000000,0.000000,0.000000,2,4,4,0.0000,0.0000,0.0000,0.5000,"Accelerate",-0.018505
3867,A0100,pursuit_chase_v1,UNKNOWN,15969.813449,28752.684779,3647.315221,3788.498178,30482.915143,18686.863074,504.512687,29955.107056,214.554965,5969.661138,-5.726428,0.012889,False,False,False,False,True,True,True,1-circle,1.000000,5133.350756,-25802.398825,0.431229,0.215822,100.000000,100.000000,0.000000,0.000000,2,4,4,0.0000,0.0000,0.0000,0.5000,"PursuitChaseOptimal",0.008111
3867,B0100,aggressive,UNKNOWN,15969.813449,28752.684779,3647.315221,3788.498178,30482.915143,18686.863074,504.512687,29955.107056,214.554965,5969.661138,-5.726428,0.012889,False,False,False,False,True,True,True,1-circle,1.000000,5133.350756,-25802.398825,0.431229,0.215822,100.000000,100.000000,0.000000,0.000000,2,4,4,0.0000,0.0000,0.0000,0.5000,"Accelerate",-0.010815
3868,A0100,pursuit_chase_v1,UNKNOWN,15972.465794,28774.486904,3625.513096,3782.911973,30512.995585,18687.797975,504.561565,29958.225441,62.367692,5984.760893,-7.126143,0.046098,False,False,False,False,True,True,True,1-circle,1.000000,5137.786613,-26112.168189,-1.542148,0.141137,100.000000,100.000000,0.000000,0.000000,2,4,4,0.0000,0.0000,0.0000,0.5000,"PursuitChaseOptimal",-0.001533
3868,B0100,aggressive,UNKNOWN,15972.465794,28774.486904,3625.513096,3782.911973,30512.995585,18687.797975,504.561565,29958.225441,62.367692,5984.760893,-7.126143,0.046098,False,False,False,False,True,True,True,1-circle,1.000000,5137.786613,-26112.168189,-1.542148,0.141137,100.000000,100.000000,0.000000,0.000000,2,4,4,0.0000,0.0000,0.0000,0.5000,"Accelerate",-0.001412
3869,A0100,pursuit_chase_v1,UNKNOWN,15972.465794,28774.486904,3625.513096,3782.911973,30512.995585,18687.797975,504.561565,29958.225441,62.367692,5984.760893,-7.126143,0.046098,False,False,False,False,True,True,True,1-circle,1.000000,5137.786613,-26112.168189,-1.542148,0.141137,100.000000,100.000000,0.000000,0.000000,2,4,4,0.0000,0.0000,0.0000,0.5000,"PursuitChaseOptimal",-0.010975
3869,B0100,aggressive,UNKNOWN,15972.465794,28774.486904,3625.513096,3782.911973,30512.995585,18687.797975,504.561565,29958.225441,62.367692,5984.760893,-7.126143,0.046098,False,False,False,False,True,True,True,1-circle,1.000000,5137.786613,-26112.168189,-1.542148,0.141137,100.000000,100.000000,0.000000,0.000000,2,4,4,0.0000,0.0000,0.0000,0.5000,"Accelerate",0.007919
3870,A0100,pursuit_chase_v1,UNKNOWN,15975.242121,28782.239668,3617.760332,3780.189563,30535.330970,18688.779443,504.780972,29969.010856,215.708310,6008.238658,-7.977546,0.002429,False,False,False,False,True,True,True,1-circle,1.000000,5141.994251,-25803.941720,-0.081319,0.294034,100.000000,100.000000,0.000000,0.000000,2,4,4,0.0000,0.0000,0.0000,0.5000,"PursuitChaseOptimal",-0.023730
3870,B0100,aggressive,UNKNOWN,15975.242121,28782.239668,3617.760332,3780.189563,30535.330970,18688.779443,504.780972,29969.010856,215.708310,6008.238658,-7.977546,0.002429,False,False,False,False,True,True,True,1-circle,1.000000,5141.994251,-25803.941720,-0.081319,0.294034,100.000000,100.000000,0.000000,0.000000,2,4,4,0.0000,0.0000,0.0000,0.5000,"Accelerate",0.021020
3871,A0100,pursuit_chase_v1,UNKNOWN,15975.242121,28782.239668,3617.760332,3780.189563,30535.330970,18688.779443,504.780972,29969.010856,215.708310,6008.238658,-7.977546,0.002429,False,False,False,False,True,True,True,1-circle,1.000000,5141.994251,-25803.941720,-0.081319,0.294034,100.000000,100.000000,0.000000,0.000000,2,4,4,0.0000,0.0000,0.0000,0.5000,"PursuitChaseOptimal",-0.023994
3871,B0100,aggressive,UNKNOWN,15975.242121,28782.239668,3617.760332,3780.189563,30535.330970,18688.779443,504.780972,29969.010856,215.708310,6008.238658,-7.977546,0.002429,False,False,False,False,True,True,True,1-circle,1.000000,5141.994251,-25803.941720,-0.081319,0.294034,100.000000,100.000000,0.000000,0.000000,2,4,4,0.0000,0.0000,0.0000,0.5000,"Accelerate",0.021245
3872,A0100,pursuit_chase_v1,UNKNOWN,15978.141675,28801.844601,3598.155399,3768.887028,30565.908942,18689.786243,504.864590,29973.755141,94.885691,6019.445018,-8.621520,0.058768,False,False,False,False,True,True,True,1-circle,1.000000,5146.190140,-26098.484031,-1.966830,0.107180,100.000000,100.000000,0.000000,0.000000,2,4,4,0.0000,0.0000,0.0000,0.5000,"PursuitChaseOptimal",-0.019921
3872,B0100,aggressive,UNKNOWN,15978.141675,28801.844601,3598.155399,3768.887028,30565.908942,18689.786243,504.864590,29973.755141,94.885691,6019.445018,-8.621520,0.058768,False,False,False,False,True,True,True,1-circle,1.000000,5146.190140,-26098.484031,-1.966830,0.107180,100.000000,100.000000,0.000000,0.000000,2,4,4,0.0000,0.0000,0.0000,0.5000,"Accelerate",0.016714
3873,A0100,pursuit_chase_v1,UNKNOWN,15978.141675,28801.844601,3598.155399,3768.887028,30565.908942,18689.786243,504.864590,29973.755141,94.885691,6019.445018,-8.621520,0.058768,False,False,False,False,True,True,True,1-circle,1.000000,5146.190140,-26098.484031,-1.966830,0.107180,100.000000,100.000000,0.000000,0.000000,2,4,4,0.0000,0.0000,0.0000,0.5000,"PursuitChaseOptimal",-0.010024
3873,B0100,aggressive,UNKNOWN,15978.141675,28801.844601,3598.155399,3768.887028,30565.908942,18689.786243,504.864590,29973.755141,94.885691,6019.445018,-8.621520,0.058768,False,False,False,False,True,True,True,1-circle,1.000000,5146.190140,-26098.484031,-1.966830,0.107180,100.000000,100.000000,0.000000,0.000000,2,4,4,0.0000,0.0000,0.0000,0.5000,"Accelerate",0.006305
3874,A0100,pursuit_chase_v1,UNKNOWN,15981.178724,28801.541265,3598.458735,3768.443446,30589.805304,18690.776261,505.131840,29986.694665,258.790490,6051.973242,-9.381970,0.008674,False,False,False,False,True,True,True,1-circle,1.000000,5150.452708,-25752.404257,-0.290543,-0.031427,100.000000,100.000000,0.000000,0.000000,2,4,4,0.0000,0.0000,0.0000,0.5000,"PursuitChaseOptimal",0.002014
3874,B0100,aggressive,UNKNOWN,15981.178724,28801.541265,3598.458735,3768.443446,30589.805304,18690.776261,505.131840,29986.694665,258.790490,6051.973242,-9.381970,0.008674,False,False,False,False,True,True,True,1-circle,1.000000,5150.452708,-25752.404257,-0.290543,-0.031427,100.000000,100.000000,0.000000,0.000000,2,4,4,0.0000,0.0000,0.0000,0.5000,"Accelerate",-0.005602
3875,A0100,pursuit_chase_v1,UNKNOWN,15981.178724,28801.541265,3598.458735,3768.443446,30589.805304,18690.776261,505.131840,29986.694665,258.790490,6051.973242,-9.381970,0.008674,False,False,False,False,True,True,True,1-circle,1.000000,5150.452708,-25752.404257,-0.290543,-0.031427,100.000000,100.000000,0.000000,0.000000,2,4,4,0.0000,0.0000,0.0000,0.5000,"PursuitChaseOptimal",0.016125
3875,B0100,aggressive,UNKNOWN,15981.178724,28801.541265,3598.458735,3768.443446,30589.805304,18690.776261,505.131840,29986.694665,258.790490,6051.973242,-9.381970,0.008674,False,False,False,False,True,True,True,1-circle,1.000000,5150.452708,-25752.404257,-0.290543,-0.031427,100.000000,100.000000,0.000000,0.000000,2,4,4,0.0000,0.0000,0.0000,0.5000,"Accelerate",-0.019490
3876,A0100,pursuit_chase_v1,UNKNOWN,15984.379625,28812.306873,3587.693127,3768.510225,30616.823123,18691.666011,505.226696,29991.827208,102.650856,6070.676862,-10.620671,0.013895,False,False,False,False,True,True,True,1-circle,1.000000,5154.677604,-25572.245948,0.465534,-0.069938,100.000000,100.000000,0.000000,0.000000,2,4,4,0.0000,0.0000,0.0000,0.5000,"PursuitChaseOptimal",0.029101
3876,B0100,aggressive,UNKNOWN,15984.379625,28812.306873,3587.693127,3768.510225,30616.823123,18691.666011,505.226696,29991.827208,102.650856,6070.676862,-10.620671,0.013895,False,False,False,False,True,True,True,1-circle,1.000000,5154.677604,-25572.245948,0.465534,-0.069938,100.000000,100.000000,0.000000,0.000000,2,4,4,0.0000,0.0000,0.0000,0.5000,"Accelerate",-0.032443
3877,A0100,pursuit_chase_v1,UNKNOWN,15984.379625,28812.306873,3587.693127,3768.510225,30616.823123,18691.666011,505.226696,29991.827208,102.650856,6070.676862,-10.620671,0.013895,False,False,False,False,True,True,True,1-circle,1.000000,5154.677604,-25572.245948,0.465534,-0.069938,100.000000,100.000000,0.000000,0.000000,2,4,4,0.0000,0.0000,0.0000,0.5000,"PursuitChaseOptimal",0.039849
3877,B0100,aggressive,UNKNOWN,15984.379625,28812.306873,3587.693127,3768.510225,30616.823123,18691.666011,505.226696,29991.827208,102.650856,6070.676862,-10.620671,0.013895,False,False,False,False,True,True,True,1-circle,1.000000,5154.677604,-25572.245948,0.465534,-0.069938,100.000000,100.000000,0.000000,0.000000,2,4,4,0.0000,0.0000,0.0000,0.5000,"Accelerate",-0.043427
3878,A0100,pursuit_chase_v1,UNKNOWN,15987.712089,28826.225145,3573.774855,3769.823671,30642.114454,18692.612350,505.380531,29999.656096,156.577760,6093.252786,-12.393474,0.019202,False,False,False,False,True,True,True,1-circle,1.000000,5158.446354,-25727.662394,-0.643487,0.249464,100.000000,100.000000,0.000000,0.000000,2,4,4,0.0000,0.0000,0.0000,0.5000,"PursuitChaseOptimal",0.024222
3878,B0100,aggressive,UNKNOWN,15987.712089,28826.225145,3573.774855,3769.823671,30642.114454,18692.612350,505.380531,29999.656096,156.577760,6093.252786,-12.393474,0.019202,False,False,False,False,True,True,True,1-circle,1.000000,5158.446354,-25727.662394,-0.643487,0.249464,100.000000,100.000000,0.000000,0.000000,2,4,4,0.0000,0.0000,0.0000,0.5000,"Accelerate",-0.027754
3879,A0100,pursuit_chase_v1,UNKNOWN,15987.712089,28826.225145,3573.774855,3769.823671,30642.114454,18692.612350,505.380531,29999.656096,156.577760,6093.252786,-12.393474,0.019202,False,False,False,False,True,True,True,1-circle,1.000000,5158.446354,-25727.662394,-0.643487,0.249464,100.000000,100.000000,0.000000,0.000000,2,4,4,0.0000,0.0000,0.0000,0.5000,"PursuitChaseOptimal",0.011320
3879,B0100,aggressive,UNKNOWN,15987.712089,28826.225145,3573.774855,3769.823671,30642.114454,18692.612350,505.380531,29999.656096,156.577760,6093.252786,-12.393474,0.019202,False,False,False,False,True,True,True,1-circle,1.000000,5158.446354,-25727.662394,-0.643487,0.249464,100.000000,100.000000,0.000000,0.000000,2,4,4,0.0000,0.0000,0.0000,0.5000,"Accelerate",-0.014475
3880,A0100,pursuit_chase_v1,UNKNOWN,15991.192176,28839.683126,3560.316874,3771.762827,30668.855380,18693.547510,505.515568,30006.634542,139.568908,6112.193039,-13.884300,0.000796,False,False,False,False,True,True,True,1-circle,1.000000,5161.768006,-25562.642899,0.026683,0.117062,100.000000,100.000000,0.000000,0.000000,2,4,4,0.0000,0.0000,0.0000,0.5000,"PursuitChaseOptimal",0.008117
3880,B0100,aggressive,UNKNOWN,15991.192176,28839.683126,3560.316874,3771.762827,30668.855380,18693.547510,505.515568,30006.634542,139.568908,6112.193039,-13.884300,0.000796,False,False,False,False,True,True,True,1-circle,1.000000,5161.768006,-25562.642899,0.026683,0.117062,100.000000,100.000000,0.000000,0.000000,2,4,4,0.0000,0.0000,0.0000,0.5000,"Accelerate",-0.011070
3881,A0100,pursuit_chase_v1,UNKNOWN,15991.192176,28839.683126,3560.316874,3771.762827,30668.855380,18693.547510,505.515568,30006.634542,139.568908,6112.193039,-13.884300,0.000796,False,False,False,False,True,True,True,1-circle,1.000000,5161.768006,-25562.642899,0.026683,0.117062,100.000000,100.000000,0.000000,0.000000,2,4,4,0.0000,0.0000,0.0000,0.5000,"PursuitChaseOptimal",-0.001299
3881,B0100,aggressive,UNKNOWN,15991.192176,28839.683126,3560.316874,3771.762827,30668.855380,18693.547510,505.515568,30006.634542,139.568908,6112.193039,-13.884300,0.000796,False,False,False,False,True,True,True,1-circle,1.000000,5161.768006,-25562.642899,0.026683,0.117062,100.000000,100.000000,0.000000,0.000000,2,4,4,0.0000,0.0000,0.0000,0.5000,"Accelerate",-0.001937
3882,A0100,pursuit_chase_v1,UNKNOWN,15994.773026,28855.983627,3544.016373,3771.305540,30694.568403,18694.570728,505.632861,30012.908229,125.473741,6114.966410,-14.877226,0.032805,False,False,False,False,True,True,True,1-circle,1.000000,5164.717465,-25720.982477,-1.099809,0.296071,100.000000,100.000000,0.000000,0.000000,2,4,4,0.0000,0.0000,0.0000,0.5000,"PursuitChaseOptimal",-0.023966
3882,B0100,aggressive,UNKNOWN,15994.773026,28855.983627,3544.016373,3771.305540,30694.568403,18694.570728,505.632861,30012.908229,125.473741,6114.966410,-14.877226,0.032805,False,False,False,False,True,True,True,1-circle,1.000000,5164.717465,-25720.982477,-1.099809,0.296071,100.000000,100.000000,0.000000,0.000000,2,4,4,0.0000,0.0000,0.0000,0.5000,"Accelerate",0.020635
3883,A0100,pursuit_chase_v1,UNKNOWN,15994.773026,28855.983627,3544.016373,3771.305540,30694.568403,18694.570728,505.632861,30012.908229,125.473741,6114.966410,-14.877226,0.032805,False,False,False,False,True,True,True,1-circle,1.000000,5164.717465,-25720.982477,-1.099809,0.296071,100.000000,100.000000,0.000000,0.000000,2,4,4,0.0000,0.0000,0.0000,0.5000,"PursuitChaseOptimal",-0.040156
3883,B0100,aggressive,UNKNOWN,15994.773026,28855.983627,3544.016373,3771.305540,30694.568403,18694.570728,505.632861,30012.908229,125.473741,6114.966410,-14.877226,0.032805,False,False,False,False,True,True,True,1-circle,1.000000,5164.717465,-25720.982477,-1.099809,0.296071,100.000000,100.000000,0.000000,0.000000,2,4,4,0.0000,0.0000,0.0000,0.5000,"Accelerate",0.037203
3884,A0100,pursuit_chase_v1,UNKNOWN,15998.469976,28868.723734,3531.276266,3776.657028,30720.538871,18695.591926,505.772680,30020.189852,145.632461,6122.716416,-15.455028,0.012489,False,False,False,False,True,True,True,1-circle,1.000000,5167.600711,-25554.188544,-0.418843,0.177620,100.000000,100.000000,0.000000,0.000000,2,5,4,0.0000,0.0000,0.0000,0.5000,"PursuitChaseOptimal",-0.040005
3884,B0100,aggressive,UNKNOWN,15998.469976,28868.723734,3531.276266,3776.657028,30720.538871,18695.591926,505.772680,30020.189852,145.632461,6122.716416,-15.455028,0.012489,False,False,False,False,True,True,True,1-circle,1.000000,5167.600711,-25554.188544,-0.418843,0.177620,100.000000,100.000000,0.000000,0.000000,2,4,4,0.0000,0.0000,0.0000,0.5000,"Accelerate",0.037064
3885,A0100,pursuit_chase_v1,UNKNOWN,15998.469976,28868.723734,3531.276266,3776.657028,30720.538871,18695.591926,505.772680,30020.189852,145.632461,6122.716416,-15.455028,0.012489,False,False,False,False,True,True,True,1-circle,1.000000,5167.600711,-25554.188544,-0.418843,0.177620,100.000000,100.000000,0.000000,0.000000,2,5,4,0.0000,0.0000,0.0000,0.5000,"PursuitChaseOptimal",-0.019628
3885,B0100,aggressive,UNKNOWN,15998.469976,28868.723734,3531.276266,3776.657028,30720.538871,18695.591926,505.772680,30020.189852,145.632461,6122.716416,-15.455028,0.012489,False,False,False,False,True,True,True,1-circle,1.000000,5167.600711,-25554.188544,-0.418843,0.177620,100.000000,100.000000,0.000000,0.000000,2,4,4,0.0000,0.0000,0.0000,0.5000,"Accelerate",0.016084
3886,A0100,pursuit_chase_v1,UNKNOWN,16002.287670,28880.178660,3519.821340,3782.053868,30747.882695,18696.669870,505.893870,30026.695500,130.112965,6128.620721,-16.041676,0.044840,False,False,False,False,True,True,True,1-circle,1.000000,5170.547846,-25705.631372,-1.503882,0.094872,100.000000,100.000000,0.000000,0.000000,2,5,4,0.0000,0.0000,0.0000,0.5000,"PursuitChaseOptimal",0.004251
3886,B0100,aggressive,UNKNOWN,16002.287670,28880.178660,3519.821340,3782.053868,30747.882695,18696.669870,505.893870,30026.695500,130.112965,6128.620721,-16.041676,0.044840,False,False,False,False,True,True,True,1-circle,1.000000,5170.547846,-25705.631372,-1.503882,0.094872,100.000000,100.000000,0.000000,0.000000,2,4,4,0.0000,0.0000,0.0000,0.5000,"Accelerate",-0.008133
3887,A0100,pursuit_chase_v1,UNKNOWN,16002.287670,28880.178660,3519.821340,3782.053868,30747.882695,18696.669870,505.893870,30026.695500,130.112965,6128.620721,-16.041676,0.044840,False,False,False,False,True,True,True,1-circle,1.000000,5170.547846,-25705.631372,-1.503882,0.094872,100.000000,100.000000,0.000000,0.000000,2,5,4,0.0000,0.0000,0.0000,0.5000,"PursuitChaseOptimal",0.026423
3887,B0100,aggressive,UNKNOWN,16002.287670,28880.178660,3519.821340,3782.053868,30747.882695,18696.669870,505.893870,30026.695500,130.112965,6128.620721,-16.041676,0.044840,False,False,False,False,True,True,True,1-circle,1.000000,5170.547846,-25705.631372,-1.503882,0.094872,100.000000,100.000000,0.000000,0.000000,2,4,4,0.0000,0.0000,0.0000,0.5000,"Accelerate",-0.030233
3888,A0100,pursuit_chase_v1,UNKNOWN,16006.223380,28887.449208,3512.550792,3782.183756,30774.003303,18697.677613,506.032481,30033.912749,144.344989,6131.627529,-17.071734,0.024317,False,False,False,False,True,True,True,1-circle,1.000000,5173.437124,-25538.141650,-0.815903,-0.113389,100.000000,100.000000,0.000000,0.000000,2,5,4,0.0000,0.0000,0.0000,0.5000,"PursuitChaseOptimal",0.047805
3888,B0100,aggressive,UNKNOWN,16006.223380,28887.449208,3512.550792,3782.183756,30774.003303,18697.677613,506.032481,30033.912749,144.344989,6131.627529,-17.071734,0.024317,False,False,False,False,True,True,True,1-circle,1.000000,5173.437124,-25538.141650,-0.815903,-0.113389,100.000000,100.000000,0.000000,0.000000,2,4,4,0.0000,0.0000,0.0000,0.5000,"Accelerate",-0.051527
3889,A0100,pursuit_chase_v1,UNKNOWN,16006.223380,28887.449208,3512.550792,3782.183756,30774.003303,18697.677613,506.032481,30033.912749,144.344989,6131.627529,-17.071734,0.024317,False,False,False,False,True,True,True,1-circle,1.000000,5173.437124,-25538.141650,-0.815903,-0.113389,100.000000,100.000000,0.000000,0.000000,2,5,4,0.0000,0.0000,0.0000,0.5000,"PursuitChaseOptimal",0.059835
3889,B0100,aggressive,UNKNOWN,16006.223380,28887.449208,3512.550792,3782.183756,30774.003303,18697.677613,506.032481,30033.912749,144.344989,6131.627529,-17.071734,0.024317,False,False,False,False,True,True,True,1-circle,1.000000,5173.437124,-25538.141650,-0.815903,-0.113389,100.000000,100.000000,0.000000,0.000000,2,4,4,0.0000,0.0000,0.0000,0.5000,"Accelerate",-0.063663
3890,A0100,pursuit_chase_v1,UNKNOWN,16010.213075,28898.820835,3501.179165,3782.039333,30801.666322,18698.704879,506.127931,30039.217001,106.085027,6120.733520,-18.611366,0.056275,False,False,False,False,True,True,True,1-circle,1.000000,5175.781703,-25687.275003,-1.888002,0.090783,100.000000,100.000000,0.000000,0.000000,2,5,4,0.0000,0.0000,0.0000,0.5000,"PursuitChaseOptimal",0.050781
3890,B0100,aggressive,UNKNOWN,16010.213075,28898.820835,3501.179165,3782.039333,30801.666322,18698.704879,506.127931,30039.217001,106.085027,6120.733520,-18.611366,0.056275,False,False,False,False,True,True,True,1-circle,1.000000,5175.781703,-25687.275003,-1.888002,0.090783,100.000000,100.000000,0.000000,0.000000,2,4,4,0.0000,0.0000,0.0000,0.5000,"Accelerate",-0.054730
3891,A0100,pursuit_chase_v1,UNKNOWN,16010.213075,28898.820835,3501.179165,3782.039333,30801.666322,18698.704879,506.127931,30039.217001,106.085027,6120.733520,-18.611366,0.056275,False,False,False,False,True,True,True,1-circle,1.000000,5175.781703,-25687.275003,-1.888002,0.090783,100.000000,100.000000,0.000000,0.000000,2,5,4,0.0000,0.0000,0.0000,0.5000,"PursuitChaseOptimal",0.036150
3891,B0100,aggressive,UNKNOWN,16010.213075,28898.820835,3501.179165,3782.039333,30801.666322,18698.704879,506.127931,30039.217001,106.085027,6120.733520,-18.611366,0.056275,False,False,False,False,True,True,True,1-circle,1.000000,5175.781703,-25687.275003,-1.888002,0.090783,100.000000,100.000000,0.000000,0.000000,2,4,4,0.0000,0.0000,0.0000,0.5000,"Accelerate",-0.039608
3892,A0100,pursuit_chase_v1,UNKNOWN,16014.283303,28900.723535,3499.276465,3789.819977,30826.729882,18699.639621,506.347161,30049.978204,215.224076,6121.434930,-20.108871,0.023921,False,False,False,False,True,True,True,1-circle,1.000000,5177.514578,-25158.658391,0.803087,-0.028674,100.000000,100.000000,0.000000,0.000000,2,5,4,0.0000,0.0000,0.0000,0.5000,"PursuitChaseOptimal",0.014218
3892,B0100,aggressive,UNKNOWN,16014.283303,28900.723535,3499.276465,3789.819977,30826.729882,18699.639621,506.347161,30049.978204,215.224076,6121.434930,-20.108871,0.023921,False,False,False,False,True,True,True,1-circle,1.000000,5177.514578,-25158.658391,0.803087,-0.028674,100.000000,100.000000,0.000000,0.000000,2,4,4,0.0000,0.0000,0.0000,0.5000,"Accelerate",-0.017279
3893,A0100,pursuit_chase_v1,UNKNOWN,16014.283303,28900.723535,3499.276465,3789.819977,30826.729882,18699.639621,506.347161,30049.978204,215.224076,6121.434930,-20.108871,0.023921,False,False,False,False,True,True,True,1-circle,1.000000,5177.514578,-25158.658391,0.803087,-0.028674,100.000000,100.000000,0.000000,0.000000,2,5,4,0.0000,0.0000,0.0000,0.5000,"PursuitChaseOptimal",-0.005791
3893,B0100,aggressive,UNKNOWN,16014.283303,28900.723535,3499.276465,3789.819977,30826.729882,18699.639621,506.347161,30049.978204,215.224076,6121.434930,-20.108871,0.023921,False,False,False,False,True,True,True,1-circle,1.000000,5177.514578,-25158.658391,0.803087,-0.028674,100.000000,100.000000,0.000000,0.000000,2,4,4,0.0000,0.0000,0.0000,0.5000,"Accelerate",0.002744
3894,A0100,pursuit_chase_v1,UNKNOWN,16018.424599,28921.751582,3478.248418,3777.296545,30856.700642,18700.585738,506.383726,30052.563678,51.709473,6107.669802,-20.799731,0.033691,False,False,False,False,True,True,True,1-circle,1.000000,5178.817583,-25462.486563,-1.131109,0.139142,100.000000,100.000000,0.000000,0.000000,2,5,4,0.0000,0.0000,0.0000,0.5000,"PursuitChaseOptimal",-0.018581
3894,B0100,aggressive,UNKNOWN,16018.424599,28921.751582,3478.248418,3777.296545,30856.700642,18700.585738,506.383726,30052.563678,51.709473,6107.669802,-20.799731,0.033691,False,False,False,False,True,True,True,1-circle,1.000000,5178.817583,-25462.486563,-1.131109,0.139142,100.000000,100.000000,0.000000,0.000000,2,4,4,0.0000,0.0000,0.0000,0.5000,"Accelerate",0.015220
3895,A0100,pursuit_chase_v1,UNKNOWN,16018.424599,28921.751582,3478.248418,3777.296545,30856.700642,18700.585738,506.383726,30052.563678,51.709473,6107.669802,-20.799731,0.033691,False,False,False,False,True,True,True,1-circle,1.000000,5178.817583,-25462.486563,-1.131109,0.139142,100.000000,100.000000,0.000000,0.000000,2,5,4,0.0000,0.0000,0.0000,0.5000,"PursuitChaseOptimal",-0.036494
3895,B0100,aggressive,UNKNOWN,16018.424599,28921.751582,3478.248418,3777.296545,30856.700642,18700.585738,506.383726,30052.563678,51.709473,6107.669802,-20.799731,0.033691,False,False,False,False,True,True,True,1-circle,1.000000,5178.817583,-25462.486563,-1.131109,0.139142,100.000000,100.000000,0.000000,0.000000,2,4,4,0.0000,0.0000,0.0000,0.5000,"Accelerate",0.032954
3896,A0100,pursuit_chase_v1,UNKNOWN,16022.561529,28929.804534,3470.195466,3729.332548,30879.032685,18701.574820,506.577621,30062.247772,193.681880,6101.674648,-19.821962,0.012355,False,False,False,False,True,True,True,1-circle,1.000000,5180.192377,-25140.597359,0.415007,0.262502,100.000000,100.000000,0.000000,0.000000,2,5,4,0.0000,0.0000,0.0000,0.5000,"PursuitChaseOptimal",-0.039479
3896,B0100,aggressive,UNKNOWN,16022.561529,28929.804534,3470.195466,3729.332548,30879.032685,18701.574820,506.577621,30062.247772,193.681880,6101.674648,-19.821962,0.012355,False,False,False,False,True,True,True,1-circle,1.000000,5180.192377,-25140.597359,0.415007,0.262502,100.000000,100.000000,0.000000,0.000000,2,4,4,0.0000,0.0000,0.0000,0.5000,"Accelerate",0.036310
3897,A0100,pursuit_chase_v1,UNKNOWN,16022.561529,28929.804534,3470.195466,3729.332548,30879.032685,18701.574820,506.577621,30062.247772,193.681880,6101.674648,-19.821962,0.012355,False,False,False,False,True,True,True,1-circle,1.000000,5180.192377,-25140.597359,0.415007,0.262502,100.000000,100.000000,0.000000,0.000000,2,5,4,0.0000,0.0000,0.0000,0.5000,"PursuitChaseOptimal",-0.036741
3897,B0100,aggressive,UNKNOWN,16022.561529,28929.804534,3470.195466,3729.332548,30879.032685,18701.574820,506.577621,30062.247772,193.681880,6101.674648,-19.821962,0.012355,False,False,False,False,True,True,True,1-circle,1.000000,5180.192377,-25140.597359,0.415007,0.262502,100.000000,100.000000,0.000000,0.000000,2,4,4,0.0000,0.0000,0.0000,0.5000,"Accelerate",0.033777
3898,A0100,pursuit_chase_v1,UNKNOWN,16026.633345,28951.609075,3448.390925,3634.778994,30908.986198,18702.606200,506.602622,30064.400541,43.055379,6101.435525,-18.199583,0.045156,False,False,False,False,True,True,True,1-circle,1.000000,5182.137798,-25446.460002,-1.516512,0.183586,100.000000,100.000000,0.000000,0.000000,2,5,4,0.0000,0.0000,0.0000,0.5000,"PursuitChaseOptimal",-0.034913
3898,B0100,aggressive,UNKNOWN,16026.633345,28951.609075,3448.390925,3634.778994,30908.986198,18702.606200,506.602622,30064.400541,43.055379,6101.435525,-18.199583,0.045156,False,False,False,False,True,True,True,1-circle,1.000000,5182.137798,-25446.460002,-1.516512,0.183586,100.000000,100.000000,0.000000,0.000000,2,4,4,0.0000,0.0000,0.0000,0.5000,"Accelerate",0.031569
3899,A0100,pursuit_chase_v1,UNKNOWN,16026.633345,28951.609075,3448.390925,3634.778994,30908.986198,18702.606200,506.602622,30064.400541,43.055379,6101.435525,-18.199583,0.045156,False,False,False,False,True,True,True,1-circle,1.000000,5182.137798,-25446.460002,-1.516512,0.183586,100.000000,100.000000,0.000000,0.000000,2,5,4,0.0000,0.0000,0.0000,0.5000,"PursuitChaseOptimal",-0.032833
3899,B0100,aggressive,UNKNOWN,16026.633345,28951.609075,3448.390925,3634.778994,30908.986198,18702.606200,506.602622,30064.400541,43.055379,6101.435525,-18.199583,0.045156,False,False,False,False,True,True,True,1-circle,1.000000,5182.137798,-25446.460002,-1.516512,0.183586,100.000000,100.000000,0.000000,0.000000,2,4,4,0.0000,0.0000,0.0000,0.5000,"Accelerate",0.029362
3900,A0100,pursuit_chase_v1,UNKNOWN,16030.644367,28957.009145,3442.990855,3538.178089,30930.292228,18703.681619,506.797876,30074.235749,196.704163,6131.553588,-16.636954,0.000441,False,False,False,False,True,True,True,1-circle,1.000000,5184.786487,-25131.188641,0.014805,0.244803,100.000000,100.000000,0.000000,0.000000,2,4,4,0.0000,0.0000,0.0000,0.5000,"PursuitChaseOptimal",-0.027582
3900,B0100,aggressive,UNKNOWN,16030.644367,28957.009145,3442.990855,3538.178089,30930.292228,18703.681619,506.797876,30074.235749,196.704163,6131.553588,-16.636954,0.000441,False,False,False,False,True,True,True,1-circle,1.000000,5184.786487,-25131.188641,0.014805,0.244803,100.000000,100.000000,0.000000,0.000000,2,4,4,0.0000,0.0000,0.0000,0.5000,"Accelerate",0.024385
3901,A0100,pursuit_chase_v1,UNKNOWN,16030.644367,28957.009145,3442.990855,3538.178089,30930.292228,18703.681619,506.797876,30074.235749,196.704163,6131.553588,-16.636954,0.000441,False,False,False,False,True,True,True,1-circle,1.000000,5184.786487,-25131.188641,0.014805,0.244803,100.000000,100.000000,0.000000,0.000000,2,4,4,0.0000,0.0000,0.0000,0.5000,"PursuitChaseOptimal",-0.030533
3901,B0100,aggressive,UNKNOWN,16030.644367,28957.009145,3442.990855,3538.178089,30930.292228,18703.681619,506.797876,30074.235749,196.704163,6131.553588,-16.636954,0.000441,False,False,False,False,True,True,True,1-circle,1.000000,5184.786487,-25131.188641,0.014805,0.244803,100.000000,100.000000,0.000000,0.000000,2,4,4,0.0000,0.0000,0.0000,0.5000,"Accelerate",0.027413
3902,A0100,pursuit_chase_v1,UNKNOWN,16034.625789,28974.550792,3425.449208,3429.254752,30959.282604,18704.777110,506.828020,30076.683933,48.963669,6155.160270,-15.295932,0.054810,False,False,False,False,True,True,True,1-circle,1.000000,5188.131343,-25427.889268,-1.841334,0.109953,100.000000,100.000000,0.000000,0.000000,2,4,4,0.0000,0.0000,0.0000,0.5000,"PursuitChaseOptimal",-0.031984
3902,B0100,aggressive,UNKNOWN,16034.625789,28974.550792,3425.449208,3429.254752,30959.282604,18704.777110,506.828020,30076.683933,48.963669,6155.160270,-15.295932,0.054810,False,False,False,False,True,True,True,1-circle,1.000000,5188.131343,-25427.889268,-1.841334,0.109953,100.000000,100.000000,0.000000,0.000000,2,4,4,0.0000,0.0000,0.0000,0.5000,"Accelerate",0.028474
3903,A0100,pursuit_chase_v1,UNKNOWN,16034.625789,28974.550792,3425.449208,3429.254752,30959.282604,18704.777110,506.828020,30076.683933,48.963669,6155.160270,-15.295932,0.054810,False,False,False,False,True,True,True,1-circle,1.000000,5188.131343,-25427.889268,-1.841334,0.109953,100.000000,100.000000,0.000000,0.000000,2,4,4,0.0000,0.0000,0.0000,0.5000,"PursuitChaseOptimal",-0.031414
3903,B0100,aggressive,UNKNOWN,16034.625789,28974.550792,3425.449208,3429.254752,30959.282604,18704.777110,506.828020,30076.683933,48.963669,6155.160270,-15.295932,0.054810,False,False,False,False,True,True,True,1-circle,1.000000,5188.131343,-25427.889268,-1.841334,0.109953,100.000000,100.000000,0.000000,0.000000,2,4,4,0.0000,0.0000,0.0000,0.5000,"Accelerate",0.027829
3904,A0100,pursuit_chase_v1,UNKNOWN,16038.579962,28974.971911,3425.028089,3347.656593,30979.276891,18705.878018,507.019903,30086.397154,194.264424,6184.079400,-14.065970,0.010301,False,False,False,False,True,True,True,1-circle,1.000000,5192.132171,-25123.493941,-0.346304,0.095077,100.000000,100.000000,0.000000,0.000000,2,4,4,0.0000,0.0000,0.0000,0.5000,"PursuitChaseOptimal",-0.023874
3904,B0100,aggressive,UNKNOWN,16038.579962,28974.971911,3425.028089,3347.656593,30979.276891,18705.878018,507.019903,30086.397154,194.264424,6184.079400,-14.065970,0.010301,False,False,False,False,True,True,True,1-circle,1.000000,5192.132171,-25123.493941,-0.346304,0.095077,100.000000,100.000000,0.000000,0.000000,2,4,4,0.0000,0.0000,0.0000,0.5000,"Accelerate",0.020484
3905,A0100,pursuit_chase_v1,UNKNOWN,16038.579962,28974.971911,3425.028089,3347.656593,30979.276891,18705.878018,507.019903,30086.397154,194.264424,6184.079400,-14.065970,0.010301,False,False,False,False,True,True,True,1-circle,1.000000,5192.132171,-25123.493941,-0.346304,0.095077,100.000000,100.000000,0.000000,0.000000,2,4,4,0.0000,0.0000,0.0000,0.5000,"PursuitChaseOptimal",-0.014707
3905,B0100,aggressive,UNKNOWN,16038.579962,28974.971911,3425.028089,3347.656593,30979.276891,18705.878018,507.019903,30086.397154,194.264424,6184.079400,-14.065970,0.010301,False,False,False,False,True,True,True,1-circle,1.000000,5192.132171,-25123.493941,-0.346304,0.095077,100.000000,100.000000,0.000000,0.000000,2,4,4,0.0000,0.0000,0.0000,0.5000,"Accelerate",0.011276
3906,A0100,pursuit_chase_v1,UNKNOWN,16042.546338,28989.065665,3410.934335,3294.718789,31007.473020,18706.965068,507.033370,30088.088782,33.832569,6194.776948,-13.778728,0.065201,False,False,False,False,True,True,True,1-circle,1.000000,5196.598482,-25421.789081,-2.190981,0.018336,100.000000,100.000000,0.000000,0.000000,2,4,4,0.0000,0.0000,0.0000,0.5000,"PursuitChaseOptimal",-0.005328
3906,B0100,aggressive,UNKNOWN,16042.546338,28989.065665,3410.934335,3294.718789,31007.473020,18706.965068,507.033370,30088.088782,33.832569,6194.776948,-13.778728,0.065201,False,False,False,False,True,True,True,1-circle,1.000000,5196.598482,-25421.789081,-2.190981,0.018336,100.000000,100.000000,0.000000,0.000000,2,4,4,0.0000,0.0000,0.0000,0.5000,"Accelerate",0.001376
3907,A0100,pursuit_chase_v1,UNKNOWN,16042.546338,28989.065665,3410.934335,3294.718789,31007.473020,18706.965068,507.033370,30088.088782,33.832569,6194.776948,-13.778728,0.065201,False,False,False,False,True,True,True,1-circle,1.000000,5196.598482,-25421.789081,-2.190981,0.018336,100.000000,100.000000,0.000000,0.000000,2,4,4,0.0000,0.0000,0.0000,0.5000,"PursuitChaseOptimal",0.006169
3907,B0100,aggressive,UNKNOWN,16042.546338,28989.065665,3410.934335,3294.718789,31007.473020,18706.965068,507.033370,30088.088782,33.832569,6194.776948,-13.778728,0.065201,False,False,False,False,True,True,True,1-circle,1.000000,5196.598482,-25421.789081,-2.190981,0.018336,100.000000,100.000000,0.000000,0.000000,2,4,4,0.0000,0.0000,0.0000,0.5000,"Accelerate",-0.010699
3908,A0100,pursuit_chase_v1,UNKNOWN,16046.564297,28986.379354,3413.620646,3281.371980,31028.507507,18708.040596,507.246565,30098.737290,212.970159,6214.588748,-14.200874,0.012869,False,False,False,False,True,True,True,1-circle,1.000000,5201.169843,-25072.294053,-0.432809,0.100761,100.000000,100.000000,0.000000,0.000000,2,4,4,0.0000,0.0000,0.0000,0.5000,"PursuitChaseOptimal",0.017009
3908,B0100,aggressive,UNKNOWN,16046.564297,28986.379354,3413.620646,3281.371980,31028.507507,18708.040596,507.246565,30098.737290,212.970159,6214.588748,-14.200874,0.012869,False,False,False,False,True,True,True,1-circle,1.000000,5201.169843,-25072.294053,-0.432809,0.100761,100.000000,100.000000,0.000000,0.000000,2,4,4,0.0000,0.0000,0.0000,0.5000,"Accelerate",-0.021357
3909,A0100,pursuit_chase_v1,UNKNOWN,16046.564297,28986.379354,3413.620646,3281.371980,31028.507507,18708.040596,507.246565,30098.737290,212.970159,6214.588748,-14.200874,0.012869,False,False,False,False,True,True,True,1-circle,1.000000,5201.169843,-25072.294053,-0.432809,0.100761,100.000000,100.000000,0.000000,0.000000,2,4,4,0.0000,0.0000,0.0000,0.5000,"PursuitChaseOptimal",0.027610
3909,B0100,aggressive,UNKNOWN,16046.564297,28986.379354,3413.620646,3281.371980,31028.507507,18708.040596,507.246565,30098.737290,212.970159,6214.588748,-14.200874,0.012869,False,False,False,False,True,True,True,1-circle,1.000000,5201.169843,-25072.294053,-0.432809,0.100761,100.000000,100.000000,0.000000,0.000000,2,4,4,0.0000,0.0000,0.0000,0.5000,"Accelerate",-0.031622
3910,A0100,pursuit_chase_v1,UNKNOWN,16050.670960,28995.329903,3404.670097,3278.344646,31052.741759,18709.036939,507.320937,30103.074053,86.735262,6225.314682,-15.347121,0.010559,False,False,False,False,True,True,True,1-circle,1.000000,5205.587476,-24897.544438,0.355193,0.016575,100.000000,100.000000,0.000000,0.000000,2,4,4,0.0000,0.0000,0.0000,0.5000,"PursuitChaseOptimal",0.022520
3910,B0100,aggressive,UNKNOWN,16050.670960,28995.329903,3404.670097,3278.344646,31052.741759,18709.036939,507.320937,30103.074053,86.735262,6225.314682,-15.347121,0.010559,False,False,False,False,True,True,True,1-circle,1.000000,5205.587476,-24897.544438,0.355193,0.016575,100.000000,100.000000,0.000000,0.000000,2,4,4,0.0000,0.0000,0.0000,0.5000,"Accelerate",-0.026307
3911,A0100,pursuit_chase_v1,UNKNOWN,16050.670960,28995.329903,3404.670097,3278.344646,31052.741759,18709.036939,507.320937,30103.074053,86.735262,6225.314682,-15.347121,0.010559,False,False,False,False,True,True,True,1-circle,1.000000,5205.587476,-24897.544438,0.355193,0.016575,100.000000,100.000000,0.000000,0.000000,2,4,4,0.0000,0.0000,0.0000,0.5000,"PursuitChaseOptimal",0.016398
3911,B0100,aggressive,UNKNOWN,16050.670960,28995.329903,3404.670097,3278.344646,31052.741759,18709.036939,507.320937,30103.074053,86.735262,6225.314682,-15.347121,0.010559,False,False,False,False,True,True,True,1-circle,1.000000,5205.587476,-24897.544438,0.355193,0.016575,100.000000,100.000000,0.000000,0.000000,2,4,4,0.0000,0.0000,0.0000,0.5000,"Accelerate",-0.020375
3912,A0100,pursuit_chase_v1,UNKNOWN,16054.876037,29007.068666,3392.931334,3278.619446,31075.082096,18710.108451,507.445810,30109.755344,133.625810,6249.472476,-16.775710,0.021220,False,False,False,False,True,True,True,1-circle,1.000000,5209.548319,-25056.837567,-0.713938,0.321383,100.000000,100.000000,0.000000,0.000000,2,4,4,0.0000,0.0000,0.0000,0.5000,"PursuitChaseOptimal",0.009462
3912,B0100,aggressive,UNKNOWN,16054.876037,29007.068666,3392.931334,3278.619446,31075.082096,18710.108451,507.445810,30109.755344,133.625810,6249.472476,-16.775710,0.021220,False,False,False,False,True,True,True,1-circle,1.000000,5209.548319,-25056.837567,-0.713938,0.321383,100.000000,100.000000,0.000000,0.000000,2,4,4,0.0000,0.0000,0.0000,0.5000,"Accelerate",-0.013523
3913,A0100,pursuit_chase_v1,UNKNOWN,16054.876037,29007.068666,3392.931334,3278.619446,31075.082096,18710.108451,507.445810,30109.755344,133.625810,6249.472476,-16.775710,0.021220,False,False,False,False,True,True,True,1-circle,1.000000,5209.548319,-25056.837567,-0.713938,0.321383,100.000000,100.000000,0.000000,0.000000,2,4,4,0.0000,0.0000,0.0000,0.5000,"PursuitChaseOptimal",-0.000933
3913,B0100,aggressive,UNKNOWN,16054.876037,29007.068666,3392.931334,3278.619446,31075.082096,18710.108451,507.445810,30109.755344,133.625810,6249.472476,-16.775710,0.021220,False,False,False,False,True,True,True,1-circle,1.000000,5209.548319,-25056.837567,-0.713938,0.321383,100.000000,100.000000,0.000000,0.000000,2,4,4,0.0000,0.0000,0.0000,0.5000,"Accelerate",-0.002733
3914,A0100,pursuit_chase_v1,UNKNOWN,16059.194079,29016.735119,3383.264881,3272.877176,31098.889312,18711.177307,507.559575,30115.936186,123.616849,6263.012860,-17.647408,0.000203,False,False,False,False,True,True,True,1-circle,1.000000,5213.243324,-24893.874160,0.006841,0.159228,100.000000,100.000000,0.000000,0.000000,2,4,4,0.0000,0.0000,0.0000,0.5000,"PursuitChaseOptimal",-0.013361
3914,B0100,aggressive,UNKNOWN,16059.194079,29016.735119,3383.264881,3272.877176,31098.889312,18711.177307,507.559575,30115.936186,123.616849,6263.012860,-17.647408,0.000203,False,False,False,False,True,True,True,1-circle,1.000000,5213.243324,-24893.874160,0.006841,0.159228,100.000000,100.000000,0.000000,0.000000,2,4,4,0.0000,0.0000,0.0000,0.5000,"Accelerate",0.009890
3915,A0100,pursuit_chase_v1,UNKNOWN,16059.194079,29016.735119,3383.264881,3272.877176,31098.889312,18711.177307,507.559575,30115.936186,123.616849,6263.012860,-17.647408,0.000203,False,False,False,False,True,True,True,1-circle,1.000000,5213.243324,-24893.874160,0.006841,0.159228,100.000000,100.000000,0.000000,0.000000,2,4,4,0.0000,0.0000,0.0000,0.5000,"PursuitChaseOptimal",-0.019604
3915,B0100,aggressive,UNKNOWN,16059.194079,29016.735119,3383.264881,3272.877176,31098.889312,18711.177307,507.559575,30115.936186,123.616849,6263.012860,-17.647408,0.000203,False,False,False,False,True,True,True,1-circle,1.000000,5213.243324,-24893.874160,0.006841,0.159228,100.000000,100.000000,0.000000,0.000000,2,4,4,0.0000,0.0000,0.0000,0.5000,"Accelerate",0.015685
3916,A0100,pursuit_chase_v1,UNKNOWN,16063.594693,29025.331627,3374.668373,3267.634989,31121.360734,18712.314861,507.645337,30120.928188,99.840031,6274.046920,-18.112580,0.032319,False,False,False,False,True,True,True,1-circle,1.000000,5216.800140,-25057.843485,-1.087722,0.168665,100.000000,100.000000,0.000000,0.000000,2,4,4,0.0000,0.0000,0.0000,0.5000,"PursuitChaseOptimal",-0.026175
3916,B0100,aggressive,UNKNOWN,16063.594693,29025.331627,3374.668373,3267.634989,31121.360734,18712.314861,507.645337,30120.928188,99.840031,6274.046920,-18.112580,0.032319,False,False,False,False,True,True,True,1-circle,1.000000,5216.800140,-25057.843485,-1.087722,0.168665,100.000000,100.000000,0.000000,0.000000,2,4,4,0.0000,0.0000,0.0000,0.5000,"Accelerate",0.022230
3917,A0100,pursuit_chase_v1,UNKNOWN,16063.594693,29025.331627,3374.668373,3267.634989,31121.360734,18712.314861,507.645337,30120.928188,99.840031,6274.046920,-18.112580,0.032319,False,False,False,False,True,True,True,1-circle,1.000000,5216.800140,-25057.843485,-1.087722,0.168665,100.000000,100.000000,0.000000,0.000000,2,4,4,0.0000,0.0000,0.0000,0.5000,"PursuitChaseOptimal",-0.029740
3917,B0100,aggressive,UNKNOWN,16063.594693,29025.331627,3374.668373,3267.634989,31121.360734,18712.314861,507.645337,30120.928188,99.840031,6274.046920,-18.112580,0.032319,False,False,False,False,True,True,True,1-circle,1.000000,5216.800140,-25057.843485,-1.087722,0.168665,100.000000,100.000000,0.000000,0.000000,2,4,4,0.0000,0.0000,0.0000,0.5000,"Accelerate",0.026168
3918,A0100,pursuit_chase_v1,UNKNOWN,16068.083879,29030.324001,3369.675999,3262.034765,31144.065762,18713.400483,507.759836,30127.160809,124.652415,6283.284259,-18.280730,0.010724,False,False,False,False,True,True,True,1-circle,1.000000,5220.497328,-24894.403445,-0.361054,-0.026906,100.000000,100.000000,0.000000,0.000000,2,4,4,0.0000,0.0000,0.0000,0.5000,"PursuitChaseOptimal",-0.024807
3918,B0100,aggressive,UNKNOWN,16068.083879,29030.324001,3369.675999,3262.034765,31144.065762,18713.400483,507.759836,30127.160809,124.652415,6283.284259,-18.280730,0.010724,False,False,False,False,True,True,True,1-circle,1.000000,5220.497328,-24894.403445,-0.361054,-0.026906,100.000000,100.000000,0.000000,0.000000,2,4,4,0.0000,0.0000,0.0000,0.5000,"Accelerate",0.021288
3919,A0100,pursuit_chase_v1,UNKNOWN,16068.083879,29030.324001,3369.675999,3262.034765,31144.065762,18713.400483,507.759836,30127.160809,124.652415,6283.284259,-18.280730,0.010724,False,False,False,False,True,True,True,1-circle,1.000000,5220.497328,-24894.403445,-0.361054,-0.026906,100.000000,100.000000,0.000000,0.000000,2,4,4,0.0000,0.0000,0.0000,0.5000,"PursuitChaseOptimal",-0.012544
3919,B0100,aggressive,UNKNOWN,16068.083879,29030.324001,3369.675999,3262.034765,31144.065762,18713.400483,507.759836,30127.160809,124.652415,6283.284259,-18.280730,0.010724,False,False,False,False,True,True,True,1-circle,1.000000,5220.497328,-24894.403445,-0.361054,-0.026906,100.000000,100.000000,0.000000,0.000000,2,4,4,0.0000,0.0000,0.0000,0.5000,"Accelerate",0.008452
3920,A0100,pursuit_chase_v1,UNKNOWN,16072.658225,29038.253420,3361.746580,3258.649568,31167.966745,18714.523124,507.832627,30131.556143,87.906678,6299.668133,-18.857426,0.042357,False,False,False,False,True,True,True,1-circle,1.000000,5224.261046,-25053.816225,-1.425924,0.143338,100.000000,100.000000,0.000000,0.000000,2,4,4,0.0000,0.0000,0.0000,0.5000,"PursuitChaseOptimal",0.001715
3920,B0100,aggressive,UNKNOWN,16072.658225,29038.253420,3361.746580,3258.649568,31167.966745,18714.523124,507.832627,30131.556143,87.906678,6299.668133,-18.857426,0.042357,False,False,False,False,True,True,True,1-circle,1.000000,5224.261046,-25053.816225,-1.425924,0.143338,100.000000,100.000000,0.000000,0.000000,2,4,4,0.0000,0.0000,0.0000,0.5000,"Accelerate",-0.006165
3921,A0100,pursuit_chase_v1,UNKNOWN,16072.658225,29038.253420,3361.746580,3258.649568,31167.966745,18714.523124,507.832627,30131.556143,87.906678,6299.668133,-18.857426,0.042357,False,False,False,False,True,True,True,1-circle,1.000000,5224.261046,-25053.816225,-1.425924,0.143338,100.000000,100.000000,0.000000,0.000000,2,4,4,0.0000,0.0000,0.0000,0.5000,"PursuitChaseOptimal",0.026626
3921,B0100,aggressive,UNKNOWN,16072.658225,29038.253420,3361.746580,3258.649568,31167.966745,18714.523124,507.832627,30131.556143,87.906678,6299.668133,-18.857426,0.042357,False,False,False,False,True,True,True,1-circle,1.000000,5224.261046,-25053.816225,-1.425924,0.143338,100.000000,100.000000,0.000000,0.000000,2,4,4,0.0000,0.0000,0.0000,0.5000,"Accelerate",-0.031089
3922,A0100,pursuit_chase_v1,UNKNOWN,16077.346268,29043.310571,3356.689429,3259.285681,31190.835941,18715.593299,507.935032,30137.231295,113.503056,6309.789308,-19.861157,0.020575,False,False,False,False,True,True,True,1-circle,1.000000,5227.952241,-24889.717118,-0.692891,0.007050,100.000000,100.000000,0.000000,0.000000,2,4,4,0.0000,0.0000,0.0000,0.5000,"PursuitChaseOptimal",0.040836
3922,B0100,aggressive,UNKNOWN,16077.346268,29043.310571,3356.689429,3259.285681,31190.835941,18715.593299,507.935032,30137.231295,113.503056,6309.789308,-19.861157,0.020575,False,False,False,False,True,True,True,1-circle,1.000000,5227.952241,-24889.717118,-0.692891,0.007050,100.000000,100.000000,0.000000,0.000000,2,4,4,0.0000,0.0000,0.0000,0.5000,"Accelerate",-0.045306
3923,A0100,pursuit_chase_v1,UNKNOWN,16077.346268,29043.310571,3356.689429,3259.285681,31190.835941,18715.593299,507.935032,30137.231295,113.503056,6309.789308,-19.861157,0.020575,False,False,False,False,True,True,True,1-circle,1.000000,5227.952241,-24889.717118,-0.692891,0.007050,100.000000,100.000000,0.000000,0.000000,2,4,4,0.0000,0.0000,0.0000,0.5000,"PursuitChaseOptimal",0.027771
3923,B0100,aggressive,UNKNOWN,16077.346268,29043.310571,3356.689429,3259.285681,31190.835941,18715.593299,507.935032,30137.231295,113.503056,6309.789308,-19.861157,0.020575,False,False,False,False,True,True,True,1-circle,1.000000,5227.952241,-24889.717118,-0.692891,0.007050,100.000000,100.000000,0.000000,0.000000,2,4,4,0.0000,0.0000,0.0000,0.5000,"Accelerate",-0.032421
3924,A0100,pursuit_chase_v1,UNKNOWN,16082.099677,29050.107987,3349.892013,3253.334783,31214.976492,18716.698746,508.007846,30141.611659,87.607265,6324.802429,-21.205218,0.051813,False,False,False,False,True,True,True,1-circle,1.000000,5231.173064,-25046.671634,-1.744684,0.082730,100.000000,100.000000,0.000000,0.000000,2,4,4,0.0000,0.0000,0.0000,0.5000,"PursuitChaseOptimal",0.014688
3924,B0100,aggressive,UNKNOWN,16082.099677,29050.107987,3349.892013,3253.334783,31214.976492,18716.698746,508.007846,30141.611659,87.607265,6324.802429,-21.205218,0.051813,False,False,False,False,True,True,True,1-circle,1.000000,5231.173064,-25046.671634,-1.744684,0.082730,100.000000,100.000000,0.000000,0.000000,2,4,4,0.0000,0.0000,0.0000,0.5000,"Accelerate",-0.019542
3925,A0100,pursuit_chase_v1,UNKNOWN,16082.099677,29050.107987,3349.892013,3253.334783,31214.976492,18716.698746,508.007846,30141.611659,87.607265,6324.802429,-21.205218,0.051813,False,False,False,False,True,True,True,1-circle,1.000000,5231.173064,-25046.671634,-1.744684,0.082730,100.000000,100.000000,0.000000,0.000000,2,4,4,0.0000,0.0000,0.0000,0.5000,"PursuitChaseOptimal",0.010236
3925,B0100,aggressive,UNKNOWN,16082.099677,29050.107987,3349.892013,3253.334783,31214.976492,18716.698746,508.007846,30141.611659,87.607265,6324.802429,-21.205218,0.051813,False,False,False,False,True,True,True,1-circle,1.000000,5231.173064,-25046.671634,-1.744684,0.082730,100.000000,100.000000,0.000000,0.000000,2,4,4,0.0000,0.0000,0.0000,0.5000,"Accelerate",-0.014721
3926,A0100,pursuit_chase_v1,UNKNOWN,16086.987231,29046.496886,3353.503114,3254.788353,31236.455819,18717.702503,508.214274,30151.902291,205.812646,6350.068684,-22.249068,0.029221,False,False,False,False,True,True,True,1-circle,1.000000,5234.134401,-24522.968261,0.984555,-0.086983,100.000000,100.000000,0.000000,0.000000,2,5,4,0.0000,0.0000,0.0000,0.5000,"PursuitChaseOptimal",-0.000268
3926,B0100,aggressive,UNKNOWN,16086.987231,29046.496886,3353.503114,3254.788353,31236.455819,18717.702503,508.214274,30151.902291,205.812646,6350.068684,-22.249068,0.029221,False,False,False,False,True,True,True,1-circle,1.000000,5234.134401,-24522.968261,0.984555,-0.086983,100.000000,100.000000,0.000000,0.000000,2,4,4,0.0000,0.0000,0.0000,0.5000,"Accelerate",-0.003668
3927,A0100,pursuit_chase_v1,UNKNOWN,16086.987231,29046.496886,3353.503114,3254.788353,31236.455819,18717.702503,508.214274,30151.902291,205.812646,6350.068684,-22.249068,0.029221,False,False,False,False,True,True,True,1-circle,1.000000,5234.134401,-24522.968261,0.984555,-0.086983,100.000000,100.000000,0.000000,0.000000,2,5,4,0.0000,0.0000,0.0000,0.5000,"PursuitChaseOptimal",0.004292
3927,B0100,aggressive,UNKNOWN,16086.987231,29046.496886,3353.503114,3254.788353,31236.455819,18717.702503,508.214274,30151.902291,205.812646,6350.068684,-22.249068,0.029221,False,False,False,False,True,True,True,1-circle,1.000000,5234.134401,-24522.968261,0.984555,-0.086983,100.000000,100.000000,0.000000,0.000000,2,4,4,0.0000,0.0000,0.0000,0.5000,"Accelerate",-0.008149
3928,A0100,pursuit_chase_v1,UNKNOWN,16091.963714,29062.416967,3337.583033,3252.486728,31262.851598,18718.707299,508.236957,30153.927772,40.509618,6350.557311,-23.161954,0.028439,False,False,False,False,True,True,True,1-circle,1.000000,5236.867850,-24840.202799,-0.958235,0.134273,100.000000,100.000000,0.000000,0.000000,2,5,4,0.0000,0.0000,0.0000,0.5000,"PursuitChaseOptimal",0.009265
3928,B0100,aggressive,UNKNOWN,16091.963714,29062.416967,3337.583033,3252.486728,31262.851598,18718.707299,508.236957,30153.927772,40.509618,6350.557311,-23.161954,0.028439,False,False,False,False,True,True,True,1-circle,1.000000,5236.867850,-24840.202799,-0.958235,0.134273,100.000000,100.000000,0.000000,0.000000,2,4,4,0.0000,0.0000,0.0000,0.5000,"Accelerate",-0.013440
3929,A0100,pursuit_chase_v1,UNKNOWN,16091.963714,29062.416967,3337.583033,3252.486728,31262.851598,18718.707299,508.236957,30153.927772,40.509618,6350.557311,-23.161954,0.028439,False,False,False,False,True,True,True,1-circle,1.000000,5236.867850,-24840.202799,-0.958235,0.134273,100.000000,100.000000,0.000000,0.000000,2,5,4,0.0000,0.0000,0.0000,0.5000,"PursuitChaseOptimal",0.014389
3929,B0100,aggressive,UNKNOWN,16091.963714,29062.416967,3337.583033,3252.486728,31262.851598,18718.707299,508.236957,30153.927772,40.509618,6350.557311,-23.161954,0.028439,False,False,False,False,True,True,True,1-circle,1.000000,5236.867850,-24840.202799,-0.958235,0.134273,100.000000,100.000000,0.000000,0.000000,2,4,4,0.0000,0.0000,0.0000,0.5000,"Accelerate",-0.018710
3930,A0100,pursuit_chase_v1,UNKNOWN,16097.001949,29066.435266,3333.564734,3255.139948,31281.678224,18719.750850,508.407186,30162.632847,174.101504,6346.622240,-23.848769,0.018521,False,False,False,False,True,True,True,1-circle,1.000000,5239.337694,-24522.820946,0.624293,0.262150,100.000000,100.000000,0.000000,0.000000,2,5,4,0.0000,0.0000,0.0000,0.5000,"PursuitChaseOptimal",0.021876
3930,B0100,aggressive,UNKNOWN,16097.001949,29066.435266,3333.564734,3255.139948,31281.678224,18719.750850,508.407186,30162.632847,174.101504,6346.622240,-23.848769,0.018521,False,False,False,False,True,True,True,1-circle,1.000000,5239.337694,-24522.820946,0.624293,0.262150,100.000000,100.000000,0.000000,0.000000,2,4,4,0.0000,0.0000,0.0000,0.5000,"Accelerate",-0.025790
3931,A0100,pursuit_chase_v1,UNKNOWN,16097.001949,29066.435266,3333.564734,3255.139948,31281.678224,18719.750850,508.407186,30162.632847,174.101504,6346.622240,-23.848769,0.018521,False,False,False,False,True,True,True,1-circle,1.000000,5239.337694,-24522.820946,0.624293,0.262150,100.000000,100.000000,0.000000,0.000000,2,5,4,0.0000,0.0000,0.0000,0.5000,"PursuitChaseOptimal",0.028742
3931,B0100,aggressive,UNKNOWN,16097.001949,29066.435266,3333.564734,3255.139948,31281.678224,18719.750850,508.407186,30162.632847,174.101504,6346.622240,-23.848769,0.018521,False,False,False,False,True,True,True,1-circle,1.000000,5239.337694,-24522.820946,0.624293,0.262150,100.000000,100.000000,0.000000,0.000000,2,4,4,0.0000,0.0000,0.0000,0.5000,"Accelerate",-0.032406
3932,A0100,pursuit_chase_v1,UNKNOWN,16102.043696,29085.101962,3314.898038,3249.224061,31308.702785,18720.836520,508.404860,30163.613810,19.619263,6316.019429,-24.607813,0.038870,False,False,False,False,True,True,True,1-circle,1.000000,5241.439642,-24838.331105,-1.310034,0.191704,100.000000,100.000000,0.000000,0.000000,2,5,4,0.0000,0.0000,0.0000,0.5000,"PursuitChaseOptimal",0.022502
3932,B0100,aggressive,UNKNOWN,16102.043696,29085.101962,3314.898038,3249.224061,31308.702785,18720.836520,508.404860,30163.613810,19.619263,6316.019429,-24.607813,0.038870,False,False,False,False,True,True,True,1-circle,1.000000,5241.439642,-24838.331105,-1.310034,0.191704,100.000000,100.000000,0.000000,0.000000,2,4,4,0.0000,0.0000,0.0000,0.5000,"Accelerate",-0.026436
3933,A0100,pursuit_chase_v1,UNKNOWN,16102.043696,29085.101962,3314.898038,3249.224061,31308.702785,18720.836520,508.404860,30163.613810,19.619263,6316.019429,-24.607813,0.038870,False,False,False,False,True,True,True,1-circle,1.000000,5241.439642,-24838.331105,-1.310034,0.191704,100.000000,100.000000,0.000000,0.000000,2,5,4,0.0000,0.0000,0.0000,0.5000,"PursuitChaseOptimal",0.015945
3933,B0100,aggressive,UNKNOWN,16102.043696,29085.101962,3314.898038,3249.224061,31308.702785,18720.836520,508.404860,30163.613810,19.619263,6316.019429,-24.607813,0.038870,False,False,False,False,True,True,True,1-circle,1.000000,5241.439642,-24838.331105,-1.310034,0.191704,100.000000,100.000000,0.000000,0.000000,2,4,4,0.0000,0.0000,0.0000,0.5000,"Accelerate",-0.019987
3934,A0100,pursuit_chase_v1,UNKNOWN,16107.070045,29090.064087,3309.935913,3252.412541,31327.700805,18721.980165,508.573840,30172.365257,175.028937,6298.157844,-25.223326,0.007538,False,False,False,False,True,True,True,1-circle,1.000000,5243.099558,-24523.875431,0.254182,0.349071,100.000000,100.000000,0.000000,0.000000,2,5,4,0.0000,0.0000,0.0000,0.5000,"PursuitChaseOptimal",0.010637
3934,B0100,aggressive,UNKNOWN,16107.070045,29090.064087,3309.935913,3252.412541,31327.700805,18721.980165,508.573840,30172.365257,175.028937,6298.157844,-25.223326,0.007538,False,False,False,False,True,True,True,1-circle,1.000000,5243.099558,-24523.875431,0.254182,0.349071,100.000000,100.000000,0.000000,0.000000,2,4,4,0.0000,0.0000,0.0000,0.5000,"Accelerate",-0.014304
3935,A0100,pursuit_chase_v1,UNKNOWN,16107.070045,29090.064087,3309.935913,3252.412541,31327.700805,18721.980165,508.573840,30172.365257,175.028937,6298.157844,-25.223326,0.007538,False,False,False,False,True,True,True,1-circle,1.000000,5243.099558,-24523.875431,0.254182,0.349071,100.000000,100.000000,0.000000,0.000000,2,5,4,0.0000,0.0000,0.0000,0.5000,"PursuitChaseOptimal",0.000873
3935,B0100,aggressive,UNKNOWN,16107.070045,29090.064087,3309.935913,3252.412541,31327.700805,18721.980165,508.573840,30172.365257,175.028937,6298.157844,-25.223326,0.007538,False,False,False,False,True,True,True,1-circle,1.000000,5243.099558,-24523.875431,0.254182,0.349071,100.000000,100.000000,0.000000,0.000000,2,4,4,0.0000,0.0000,0.0000,0.5000,"Accelerate",-0.004469
3936,A0100,pursuit_chase_v1,UNKNOWN,16112.083511,29106.412467,3293.587533,3240.072773,31354.940100,18723.160199,508.605419,30174.967300,52.040869,6271.183586,-25.539165,0.050172,False,False,False,False,True,True,True,1-circle,1.000000,5244.460805,-24841.141837,-1.691424,0.169929,100.000000,100.000000,0.000000,0.000000,2,5,4,0.0000,0.0000,0.0000,0.5000,"PursuitChaseOptimal",-0.008968
3936,B0100,aggressive,UNKNOWN,16112.083511,29106.412467,3293.587533,3240.072773,31354.940100,18723.160199,508.605419,30174.967300,52.040869,6271.183586,-25.539165,0.050172,False,False,False,False,True,True,True,1-circle,1.000000,5244.460805,-24841.141837,-1.691424,0.169929,100.000000,100.000000,0.000000,0.000000,2,4,4,0.0000,0.0000,0.0000,0.5000,"Accelerate",0.004826
3937,A0100,pursuit_chase_v1,UNKNOWN,16112.083511,29106.412467,3293.587533,3240.072773,31354.940100,18723.160199,508.605419,30174.967300,52.040869,6271.183586,-25.539165,0.050172,False,False,False,False,True,True,True,1-circle,1.000000,5244.460805,-24841.141837,-1.691424,0.169929,100.000000,100.000000,0.000000,0.000000,2,5,4,0.0000,0.0000,0.0000,0.5000,"PursuitChaseOptimal",-0.012657
3937,B0100,aggressive,UNKNOWN,16112.083511,29106.412467,3293.587533,3240.072773,31354.940100,18723.160199,508.605419,30174.967300,52.040869,6271.183586,-25.539165,0.050172,False,False,False,False,True,True,True,1-circle,1.000000,5244.460805,-24841.141837,-1.691424,0.169929,100.000000,100.000000,0.000000,0.000000,2,4,4,0.0000,0.0000,0.0000,0.5000,"Accelerate",0.008417
3938,A0100,pursuit_chase_v1,UNKNOWN,16117.078070,29104.749214,3295.250786,3209.108771,31373.760625,18724.340530,508.785414,30184.254668,185.747346,6266.981001,-24.976464,0.003881,False,False,False,False,True,True,True,1-circle,1.000000,5245.813520,-24527.712932,-0.130927,0.040517,100.000000,100.000000,0.000000,0.000000,2,5,4,0.0000,0.0000,0.0000,0.5000,"PursuitChaseOptimal",-0.025786
3938,B0100,aggressive,UNKNOWN,16117.078070,29104.749214,3295.250786,3209.108771,31373.760625,18724.340530,508.785414,30184.254668,185.747346,6266.981001,-24.976464,0.003881,False,False,False,False,True,True,True,1-circle,1.000000,5245.813520,-24527.712932,-0.130927,0.040517,100.000000,100.000000,0.000000,0.000000,2,4,4,0.0000,0.0000,0.0000,0.5000,"Accelerate",0.021892
3939,A0100,pursuit_chase_v1,UNKNOWN,16117.078070,29104.749214,3295.250786,3209.108771,31373.760625,18724.340530,508.785414,30184.254668,185.747346,6266.981001,-24.976464,0.003881,False,False,False,False,True,True,True,1-circle,1.000000,5245.813520,-24527.712932,-0.130927,0.040517,100.000000,100.000000,0.000000,0.000000,2,5,4,0.0000,0.0000,0.0000,0.5000,"PursuitChaseOptimal",-0.027330
3939,B0100,aggressive,UNKNOWN,16117.078070,29104.749214,3295.250786,3209.108771,31373.760625,18724.340530,508.785414,30184.254668,185.747346,6266.981001,-24.976464,0.003881,False,False,False,False,True,True,True,1-circle,1.000000,5245.813520,-24527.712932,-0.130927,0.040517,100.000000,100.000000,0.000000,0.000000,2,4,4,0.0000,0.0000,0.0000,0.5000,"Accelerate",0.023609
3940,A0100,pursuit_chase_v1,UNKNOWN,16122.010271,29116.700281,3283.299719,3130.404167,31400.855550,18725.495457,508.769600,30184.697179,8.850222,6259.944526,-23.501270,0.059509,False,False,False,False,True,True,True,1-circle,1.000000,5247.551799,-24833.968506,-2.006622,0.002754,100.000000,100.000000,0.000000,0.000000,2,5,4,0.0000,0.0000,0.0000,0.5000,"PursuitChaseOptimal",-0.025698
3940,B0100,aggressive,UNKNOWN,16122.010271,29116.700281,3283.299719,3130.404167,31400.855550,18725.495457,508.769600,30184.697179,8.850222,6259.944526,-23.501270,0.059509,False,False,False,False,True,True,True,1-circle,1.000000,5247.551799,-24833.968506,-2.006622,0.002754,100.000000,100.000000,0.000000,0.000000,2,4,4,0.0000,0.0000,0.0000,0.5000,"Accelerate",0.021615
3941,A0100,pursuit_chase_v1,UNKNOWN,16122.010271,29116.700281,3283.299719,3130.404167,31400.855550,18725.495457,508.769600,30184.697179,8.850222,6259.944526,-23.501270,0.059509,False,False,False,False,True,True,True,1-circle,1.000000,5247.551799,-24833.968506,-2.006622,0.002754,100.000000,100.000000,0.000000,0.000000,2,5,4,0.0000,0.0000,0.0000,0.5000,"PursuitChaseOptimal",-0.024537
3941,B0100,aggressive,UNKNOWN,16122.010271,29116.700281,3283.299719,3130.404167,31400.855550,18725.495457,508.769600,30184.697179,8.850222,6259.944526,-23.501270,0.059509,False,False,False,False,True,True,True,1-circle,1.000000,5247.551799,-24833.968506,-2.006622,0.002754,100.000000,100.000000,0.000000,0.000000,2,4,4,0.0000,0.0000,0.0000,0.5000,"Accelerate",0.020340
3942,A0100,pursuit_chase_v1,UNKNOWN,16126.850539,29115.157793,3284.842207,3033.094953,31418.861696,18726.643454,508.916974,30192.484847,155.753358,6281.740399,-21.692450,0.014234,False,False,False,False,True,True,True,1-circle,1.000000,5249.930572,-24529.650947,-0.480296,0.143735,100.000000,100.000000,0.000000,0.000000,2,4,4,0.0000,0.0000,0.0000,0.5000,"PursuitChaseOptimal",-0.020646
3942,B0100,aggressive,UNKNOWN,16126.850539,29115.157793,3284.842207,3033.094953,31418.861696,18726.643454,508.916974,30192.484847,155.753358,6281.740399,-21.692450,0.014234,False,False,False,False,True,True,True,1-circle,1.000000,5249.930572,-24529.650947,-0.480296,0.143735,100.000000,100.000000,0.000000,0.000000,2,4,4,0.0000,0.0000,0.0000,0.5000,"Accelerate",0.016806
3943,A0100,pursuit_chase_v1,UNKNOWN,16126.850539,29115.157793,3284.842207,3033.094953,31418.861696,18726.643454,508.916974,30192.484847,155.753358,6281.740399,-21.692450,0.014234,False,False,False,False,True,True,True,1-circle,1.000000,5249.930572,-24529.650947,-0.480296,0.143735,100.000000,100.000000,0.000000,0.000000,2,4,4,0.0000,0.0000,0.0000,0.5000,"PursuitChaseOptimal",-0.024957
3943,B0100,aggressive,UNKNOWN,16126.850539,29115.157793,3284.842207,3033.094953,31418.861696,18726.643454,508.916974,30192.484847,155.753358,6281.740399,-21.692450,0.014234,False,False,False,False,True,True,True,1-circle,1.000000,5249.930572,-24529.650947,-0.480296,0.143735,100.000000,100.000000,0.000000,0.000000,2,4,4,0.0000,0.0000,0.0000,0.5000,"Accelerate",0.021209
3944,A0100,pursuit_chase_v1,UNKNOWN,16131.609615,29126.684900,3273.315100,2914.296964,31445.001183,18727.781759,508.926415,30194.048575,31.274563,6303.622755,-20.011904,0.069315,False,False,False,False,True,True,True,1-circle,1.000000,5253.016249,-24836.436000,-2.337651,0.034600,100.000000,100.000000,0.000000,0.000000,2,4,4,0.0000,0.0000,0.0000,0.5000,"PursuitChaseOptimal",-0.027385
3944,B0100,aggressive,UNKNOWN,16131.609615,29126.684900,3273.315100,2914.296964,31445.001183,18727.781759,508.926415,30194.048575,31.274563,6303.622755,-20.011904,0.069315,False,False,False,False,True,True,True,1-circle,1.000000,5253.016249,-24836.436000,-2.337651,0.034600,100.000000,100.000000,0.000000,0.000000,2,4,4,0.0000,0.0000,0.0000,0.5000,"Accelerate",0.023185
3945,A0100,pursuit_chase_v1,UNKNOWN,16131.609615,29126.684900,3273.315100,2914.296964,31445.001183,18727.781759,508.926415,30194.048575,31.274563,6303.622755,-20.011904,0.069315,False,False,False,False,True,True,True,1-circle,1.000000,5253.016249,-24836.436000,-2.337651,0.034600,100.000000,100.000000,0.000000,0.000000,2,4,4,0.0000,0.0000,0.0000,0.5000,"PursuitChaseOptimal",-0.029344
3945,B0100,aggressive,UNKNOWN,16131.609615,29126.684900,3273.315100,2914.296964,31445.001183,18727.781759,508.926415,30194.048575,31.274563,6303.622755,-20.011904,0.069315,False,False,False,False,True,True,True,1-circle,1.000000,5253.016249,-24836.436000,-2.337651,0.034600,100.000000,100.000000,0.000000,0.000000,2,4,4,0.0000,0.0000,0.0000,0.5000,"Accelerate",0.024807
3946,A0100,pursuit_chase_v1,UNKNOWN,16136.301139,29119.489034,3280.510966,2819.636529,31463.155459,18728.898742,509.125582,30204.141890,201.866303,6335.533585,-18.424285,0.016449,False,False,False,False,True,True,True,1-circle,1.000000,5256.815479,-24490.107026,-0.555241,0.015675,100.000000,100.000000,0.000000,0.000000,2,4,4,0.0000,0.0000,0.0000,0.5000,"PursuitChaseOptimal",-0.023552
3946,B0100,aggressive,UNKNOWN,16136.301139,29119.489034,3280.510966,2819.636529,31463.155459,18728.898742,509.125582,30204.141890,201.866303,6335.533585,-18.424285,0.016449,False,False,False,False,True,True,True,1-circle,1.000000,5256.815479,-24490.107026,-0.555241,0.015675,100.000000,100.000000,0.000000,0.000000,2,4,4,0.0000,0.0000,0.0000,0.5000,"Accelerate",0.019272
3947,A0100,pursuit_chase_v1,UNKNOWN,16136.301139,29119.489034,3280.510966,2819.636529,31463.155459,18728.898742,509.125582,30204.141890,201.866303,6335.533585,-18.424285,0.016449,False,False,False,False,True,True,True,1-circle,1.000000,5256.815479,-24490.107026,-0.555241,0.015675,100.000000,100.000000,0.000000,0.000000,2,4,4,0.0000,0.0000,0.0000,0.5000,"PursuitChaseOptimal",-0.015955
3947,B0100,aggressive,UNKNOWN,16136.301139,29119.489034,3280.510966,2819.636529,31463.155459,18728.898742,509.125582,30204.141890,201.866303,6335.533585,-18.424285,0.016449,False,False,False,False,True,True,True,1-circle,1.000000,5256.815479,-24490.107026,-0.555241,0.015675,100.000000,100.000000,0.000000,0.000000,2,4,4,0.0000,0.0000,0.0000,0.5000,"Accelerate",0.012073
3948,A0100,pursuit_chase_v1,UNKNOWN,16140.982853,29123.689882,3276.310118,2761.599850,31484.179124,18729.921337,509.175915,30207.433547,65.833138,6351.591361,-17.771128,0.006748,False,False,False,False,True,True,True,1-circle,1.000000,5261.221465,-24325.248242,0.227823,-0.027141,100.000000,100.000000,0.000000,0.000000,2,4,4,0.0000,0.0000,0.0000,0.5000,"PursuitChaseOptimal",-0.007424
3948,B0100,aggressive,UNKNOWN,16140.982853,29123.689882,3276.310118,2761.599850,31484.179124,18729.921337,509.175915,30207.433547,65.833138,6351.591361,-17.771128,0.006748,False,False,False,False,True,True,True,1-circle,1.000000,5261.221465,-24325.248242,0.227823,-0.027141,100.000000,100.000000,0.000000,0.000000,2,4,4,0.0000,0.0000,0.0000,0.5000,"Accelerate",0.003535
3949,A0100,pursuit_chase_v1,UNKNOWN,16140.982853,29123.689882,3276.310118,2761.599850,31484.179124,18729.921337,509.175915,30207.433547,65.833138,6351.591361,-17.771128,0.006748,False,False,False,False,True,True,True,1-circle,1.000000,5261.221465,-24325.248242,0.227823,-0.027141,100.000000,100.000000,0.000000,0.000000,2,4,4,0.0000,0.0000,0.0000,0.5000,"PursuitChaseOptimal",0.007422
3949,B0100,aggressive,UNKNOWN,16140.982853,29123.689882,3276.310118,2761.599850,31484.179124,18729.921337,509.175915,30207.433547,65.833138,6351.591361,-17.771128,0.006748,False,False,False,False,True,True,True,1-circle,1.000000,5261.221465,-24325.248242,0.227823,-0.027141,100.000000,100.000000,0.000000,0.000000,2,4,4,0.0000,0.0000,0.0000,0.5000,"Accelerate",-0.011823
3950,A0100,pursuit_chase_v1,UNKNOWN,16145.676918,29131.358571,3268.641429,2737.220172,31502.860860,18731.009996,509.282269,30213.317434,117.677738,6365.643377,-18.081982,0.025242,False,False,False,False,True,True,True,1-circle,1.000000,5265.723372,-24496.427103,-0.852259,0.295942,100.000000,100.000000,0.000000,0.000000,2,4,4,0.0000,0.0000,0.0000,0.5000,"PursuitChaseOptimal",0.013557
3950,B0100,aggressive,UNKNOWN,16145.676918,29131.358571,3268.641429,2737.220172,31502.860860,18731.009996,509.282269,30213.317434,117.677738,6365.643377,-18.081982,0.025242,False,False,False,False,True,True,True,1-circle,1.000000,5265.723372,-24496.427103,-0.852259,0.295942,100.000000,100.000000,0.000000,0.000000,2,4,4,0.0000,0.0000,0.0000,0.5000,"Accelerate",-0.018179
3951,A0100,pursuit_chase_v1,UNKNOWN,16145.676918,29131.358571,3268.641429,2737.220172,31502.860860,18731.009996,509.282269,30213.317434,117.677738,6365.643377,-18.081982,0.025242,False,False,False,False,True,True,True,1-circle,1.000000,5265.723372,-24496.427103,-0.852259,0.295942,100.000000,100.000000,0.000000,0.000000,2,4,4,0.0000,0.0000,0.0000,0.5000,"PursuitChaseOptimal",0.019586
3951,B0100,aggressive,UNKNOWN,16145.676918,29131.358571,3268.641429,2737.220172,31502.860860,18731.009996,509.282269,30213.317434,117.677738,6365.643377,-18.081982,0.025242,False,False,False,False,True,True,True,1-circle,1.000000,5265.723372,-24496.427103,-0.852259,0.295942,100.000000,100.000000,0.000000,0.000000,2,4,4,0.0000,0.0000,0.0000,0.5000,"Accelerate",-0.023883
3952,A0100,pursuit_chase_v1,UNKNOWN,16150.421846,29137.001430,3262.998570,2731.994482,31523.088713,18732.092405,509.375868,30218.620795,106.067227,6379.062433,-18.992220,0.003632,False,False,False,False,True,True,True,1-circle,1.000000,5270.067778,-24341.932168,-0.122668,0.138265,100.000000,100.000000,0.000000,0.000000,2,4,4,0.0000,0.0000,0.0000,0.5000,"PursuitChaseOptimal",0.020473
3952,B0100,aggressive,UNKNOWN,16150.421846,29137.001430,3262.998570,2731.994482,31523.088713,18732.092405,509.375868,30218.620795,106.067227,6379.062433,-18.992220,0.003632,False,False,False,False,True,True,True,1-circle,1.000000,5270.067778,-24341.932168,-0.122668,0.138265,100.000000,100.000000,0.000000,0.000000,2,4,4,0.0000,0.0000,0.0000,0.5000,"Accelerate",-0.024643
3953,A0100,pursuit_chase_v1,UNKNOWN,16150.421846,29137.001430,3262.998570,2731.994482,31523.088713,18732.092405,509.375868,30218.620795,106.067227,6379.062433,-18.992220,0.003632,False,False,False,False,True,True,True,1-circle,1.000000,5270.067778,-24341.932168,-0.122668,0.138265,100.000000,100.000000,0.000000,0.000000,2,4,4,0.0000,0.0000,0.0000,0.5000,"PursuitChaseOptimal",0.015779
3953,B0100,aggressive,UNKNOWN,16150.421846,29137.001430,3262.998570,2731.994482,31523.088713,18732.092405,509.375868,30218.620795,106.067227,6379.062433,-18.992220,0.003632,False,False,False,False,True,True,True,1-circle,1.000000,5270.067778,-24341.932168,-0.122668,0.138265,100.000000,100.000000,0.000000,0.000000,2,4,4,0.0000,0.0000,0.0000,0.5000,"Accelerate",-0.020419
3954,A0100,pursuit_chase_v1,UNKNOWN,16155.241086,29142.080328,3257.919672,2731.499305,31541.888747,18733.243287,509.441414,30222.728033,82.144750,6399.345643,-20.099626,0.036294,False,False,False,False,True,True,True,1-circle,1.000000,5274.029169,-24517.066094,-1.225729,0.159294,100.000000,100.000000,0.000000,0.000000,2,4,4,0.0000,0.0000,0.0000,0.5000,"PursuitChaseOptimal",0.008201
3954,B0100,aggressive,UNKNOWN,16155.241086,29142.080328,3257.919672,2731.499305,31541.888747,18733.243287,509.441414,30222.728033,82.144750,6399.345643,-20.099626,0.036294,False,False,False,False,True,True,True,1-circle,1.000000,5274.029169,-24517.066094,-1.225729,0.159294,100.000000,100.000000,0.000000,0.000000,2,4,4,0.0000,0.0000,0.0000,0.5000,"Accelerate",-0.012868
3955,A0100,pursuit_chase_v1,UNKNOWN,16155.241086,29142.080328,3257.919672,2731.499305,31541.888747,18733.243287,509.441414,30222.728033,82.144750,6399.345643,-20.099626,0.036294,False,False,False,False,True,True,True,1-circle,1.000000,5274.029169,-24517.066094,-1.225729,0.159294,100.000000,100.000000,0.000000,0.000000,2,4,4,0.0000,0.0000,0.0000,0.5000,"PursuitChaseOptimal",-0.002209
3955,B0100,aggressive,UNKNOWN,16155.241086,29142.080328,3257.919672,2731.499305,31541.888747,18733.243287,509.441414,30222.728033,82.144750,6399.345643,-20.099626,0.036294,False,False,False,False,True,True,True,1-circle,1.000000,5274.029169,-24517.066094,-1.225729,0.159294,100.000000,100.000000,0.000000,0.000000,2,4,4,0.0000,0.0000,0.0000,0.5000,"Accelerate",-0.002016
3956,A0100,pursuit_chase_v1,UNKNOWN,16160.149170,29143.753523,3256.246477,2725.246533,31561.088648,18734.343297,509.536881,30228.134612,108.131587,6412.149176,-20.659328,0.014544,False,False,False,False,True,True,True,1-circle,1.000000,5277.812752,-24361.395864,-0.491338,-0.032469,100.000000,100.000000,0.000000,0.000000,2,4,4,0.0000,0.0000,0.0000,0.5000,"PursuitChaseOptimal",-0.014080
3956,B0100,aggressive,UNKNOWN,16160.149170,29143.753523,3256.246477,2725.246533,31561.088648,18734.343297,509.536881,30228.134612,108.131587,6412.149176,-20.659328,0.014544,False,False,False,False,True,True,True,1-circle,1.000000,5277.812752,-24361.395864,-0.491338,-0.032469,100.000000,100.000000,0.000000,0.000000,2,4,4,0.0000,0.0000,0.0000,0.5000,"Accelerate",0.010063
3957,A0100,pursuit_chase_v1,UNKNOWN,16160.149170,29143.753523,3256.246477,2725.246533,31561.088648,18734.343297,509.536881,30228.134612,108.131587,6412.149176,-20.659328,0.014544,False,False,False,False,True,True,True,1-circle,1.000000,5277.812752,-24361.395864,-0.491338,-0.032469,100.000000,100.000000,0.000000,0.000000,2,4,4,0.0000,0.0000,0.0000,0.5000,"PursuitChaseOptimal",-0.019775
3957,B0100,aggressive,UNKNOWN,16160.149170,29143.753523,3256.246477,2725.246533,31561.088648,18734.343297,509.536881,30228.134612,108.131587,6412.149176,-20.659328,0.014544,False,False,False,False,True,True,True,1-circle,1.000000,5277.812752,-24361.395864,-0.491338,-0.032469,100.000000,100.000000,0.000000,0.000000,2,4,4,0.0000,0.0000,0.0000,0.5000,"Accelerate",0.015370
3958,A0100,pursuit_chase_v1,UNKNOWN,16165.107987,29148.463712,3251.536288,2716.422600,31581.356937,18735.482923,509.591074,30231.719262,71.693005,6421.821026,-20.886511,0.046334,False,False,False,False,True,True,True,1-circle,1.000000,5281.527608,-24531.361019,-1.565117,0.141540,100.000000,100.000000,0.000000,0.000000,2,4,4,0.0000,0.0000,0.0000,0.5000,"PursuitChaseOptimal",-0.023444
3958,B0100,aggressive,UNKNOWN,16165.107987,29148.463712,3251.536288,2716.422600,31581.356937,18735.482923,509.591074,30231.719262,71.693005,6421.821026,-20.886511,0.046334,False,False,False,False,True,True,True,1-circle,1.000000,5281.527608,-24531.361019,-1.565117,0.141540,100.000000,100.000000,0.000000,0.000000,2,4,4,0.0000,0.0000,0.0000,0.5000,"Accelerate",0.018955
3959,A0100,pursuit_chase_v1,UNKNOWN,16165.107987,29148.463712,3251.536288,2716.422600,31581.356937,18735.482923,509.591074,30231.719262,71.693005,6421.821026,-20.886511,0.046334,False,False,False,False,True,True,True,1-circle,1.000000,5281.527608,-24531.361019,-1.565117,0.141540,100.000000,100.000000,0.000000,0.000000,2,4,4,0.0000,0.0000,0.0000,0.5000,"PursuitChaseOptimal",-0.019584
3959,B0100,aggressive,UNKNOWN,16165.107987,29148.463712,3251.536288,2716.422600,31581.356937,18735.482923,509.591074,30231.719262,71.693005,6421.821026,-20.886511,0.046334,False,False,False,False,True,True,True,1-circle,1.000000,5281.527608,-24531.361019,-1.565117,0.141540,100.000000,100.000000,0.000000,0.000000,2,4,4,0.0000,0.0000,0.0000,0.5000,"Accelerate",0.015445
3960,A0100,pursuit_chase_v1,UNKNOWN,16170.131118,29150.254245,3249.745755,2709.168978,31600.640036,18736.572552,509.674927,30236.592604,97.466831,6435.168003,-21.050024,0.024393,False,False,False,False,True,True,True,1-circle,1.000000,5285.393156,-24375.037978,-0.824237,0.005895,100.000000,100.000000,0.000000,0.000000,2,4,4,0.0000,0.0000,0.0000,0.5000,"PursuitChaseOptimal",-0.007722
3960,B0100,aggressive,UNKNOWN,16170.131118,29150.254245,3249.745755,2709.168978,31600.640036,18736.572552,509.674927,30236.592604,97.466831,6435.168003,-21.050024,0.024393,False,False,False,False,True,True,True,1-circle,1.000000,5285.393156,-24375.037978,-0.824237,0.005895,100.000000,100.000000,0.000000,0.000000,2,4,4,0.0000,0.0000,0.0000,0.5000,"Accelerate",0.003523
3961,A0100,pursuit_chase_v1,UNKNOWN,16170.131118,29150.254245,3249.745755,2709.168978,31600.640036,18736.572552,509.674927,30236.592604,97.466831,6435.168003,-21.050024,0.024393,False,False,False,False,True,True,True,1-circle,1.000000,5285.393156,-24375.037978,-0.824237,0.005895,100.000000,100.000000,0.000000,0.000000,2,4,4,0.0000,0.0000,0.0000,0.5000,"PursuitChaseOptimal",0.005481
3961,B0100,aggressive,UNKNOWN,16170.131118,29150.254245,3249.745755,2709.168978,31600.640036,18736.572552,509.674927,30236.592604,97.466831,6435.168003,-21.050024,0.024393,False,False,False,False,True,True,True,1-circle,1.000000,5285.393156,-24375.037978,-0.824237,0.005895,100.000000,100.000000,0.000000,0.000000,2,4,4,0.0000,0.0000,0.0000,0.5000,"Accelerate",-0.010331
3962,A0100,pursuit_chase_v1,UNKNOWN,16175.229031,29153.502236,3246.497764,2705.648497,31621.037903,18737.700772,509.728960,30240.159257,71.333056,6452.852693,-21.748402,0.055800,False,False,False,False,True,True,True,1-circle,1.000000,5289.223947,-24543.210372,-1.885157,0.086774,100.000000,100.000000,0.000000,0.000000,2,4,4,0.0000,0.0000,0.0000,0.5000,"PursuitChaseOptimal",0.020028
3962,B0100,aggressive,UNKNOWN,16175.229031,29153.502236,3246.497764,2705.648497,31621.037903,18737.700772,509.728960,30240.159257,71.333056,6452.852693,-21.748402,0.055800,False,False,False,False,True,True,True,1-circle,1.000000,5289.223947,-24543.210372,-1.885157,0.086774,100.000000,100.000000,0.000000,0.000000,2,4,4,0.0000,0.0000,0.0000,0.5000,"Accelerate",-0.025374
3963,A0100,pursuit_chase_v1,UNKNOWN,16175.229031,29153.502236,3246.497764,2705.648497,31621.037903,18737.700772,509.728960,30240.159257,71.333056,6452.852693,-21.748402,0.055800,False,False,False,False,True,True,True,1-circle,1.000000,5289.223947,-24543.210372,-1.885157,0.086774,100.000000,100.000000,0.000000,0.000000,2,4,4,0.0000,0.0000,0.0000,0.5000,"PursuitChaseOptimal",0.032990
3963,B0100,aggressive,UNKNOWN,16175.229031,29153.502236,3246.497764,2705.648497,31621.037903,18737.700772,509.728960,30240.159257,71.333056,6452.852693,-21.748402,0.055800,False,False,False,False,True,True,True,1-circle,1.000000,5289.223947,-24543.210372,-1.885157,0.086774,100.000000,100.000000,0.000000,0.000000,2,4,4,0.0000,0.0000,0.0000,0.5000,"Accelerate",-0.038063
3964,A0100,pursuit_chase_v1,UNKNOWN,16180.426742,29146.238773,3253.761227,2708.719611,31638.825347,18738.729985,509.918326,30249.736467,191.544209,6475.786381,-22.836187,0.025425,False,False,False,False,True,True,True,1-circle,1.000000,5292.895247,-24026.305272,0.859514,-0.081802,100.000000,100.000000,0.000000,0.000000,2,4,4,0.0000,0.0000,0.0000,0.5000,"PursuitChaseOptimal",0.043263
3964,B0100,aggressive,UNKNOWN,16180.426742,29146.238773,3253.761227,2708.719611,31638.825347,18738.729985,509.918326,30249.736467,191.544209,6475.786381,-22.836187,0.025425,False,False,False,False,True,True,True,1-circle,1.000000,5292.895247,-24026.305272,0.859514,-0.081802,100.000000,100.000000,0.000000,0.000000,2,4,4,0.0000,0.0000,0.0000,0.5000,"Accelerate",-0.047766
3965,A0100,pursuit_chase_v1,UNKNOWN,16180.426742,29146.238773,3253.761227,2708.719611,31638.825347,18738.729985,509.918326,30249.736467,191.544209,6475.786381,-22.836187,0.025425,False,False,False,False,True,True,True,1-circle,1.000000,5292.895247,-24026.305272,0.859514,-0.081802,100.000000,100.000000,0.000000,0.000000,2,4,4,0.0000,0.0000,0.0000,0.5000,"PursuitChaseOptimal",0.033843
3965,B0100,aggressive,UNKNOWN,16180.426742,29146.238773,3253.761227,2708.719611,31638.825347,18738.729985,509.918326,30249.736467,191.544209,6475.786381,-22.836187,0.025425,False,False,False,False,True,True,True,1-circle,1.000000,5292.895247,-24026.305272,0.859514,-0.081802,100.000000,100.000000,0.000000,0.000000,2,4,4,0.0000,0.0000,0.0000,0.5000,"Accelerate",-0.038061
3966,A0100,pursuit_chase_v1,UNKNOWN,16185.700835,29158.798296,3241.201704,2702.739034,31661.613363,18739.763119,509.924089,30251.029793,25.866515,6486.665963,-24.268019,0.032927,False,False,False,False,True,True,True,1-circle,1.000000,5296.090438,-24358.142392,-1.113087,0.142207,100.000000,100.000000,0.000000,0.000000,2,4,4,0.0000,0.0000,0.0000,0.5000,"PursuitChaseOptimal",0.033504
3966,B0100,aggressive,UNKNOWN,16185.700835,29158.798296,3241.201704,2702.739034,31661.613363,18739.763119,509.924089,30251.029793,25.866515,6486.665963,-24.268019,0.032927,False,False,False,False,True,True,True,1-circle,1.000000,5296.090438,-24358.142392,-1.113087,0.142207,100.000000,100.000000,0.000000,0.000000,2,4,4,0.0000,0.0000,0.0000,0.5000,"Accelerate",-0.037941
3967,A0100,pursuit_chase_v1,UNKNOWN,16185.700835,29158.798296,3241.201704,2702.739034,31661.613363,18739.763119,509.924089,30251.029793,25.866515,6486.665963,-24.268019,0.032927,False,False,False,False,True,True,True,1-circle,1.000000,5296.090438,-24358.142392,-1.113087,0.142207,100.000000,100.000000,0.000000,0.000000,2,4,4,0.0000,0.0000,0.0000,0.5000,"PursuitChaseOptimal",0.021144
3967,B0100,aggressive,UNKNOWN,16185.700835,29158.798296,3241.201704,2702.739034,31661.613363,18739.763119,509.924089,30251.029793,25.866515,6486.665963,-24.268019,0.032927,False,False,False,False,True,True,True,1-circle,1.000000,5296.090438,-24358.142392,-1.113087,0.142207,100.000000,100.000000,0.000000,0.000000,2,4,4,0.0000,0.0000,0.0000,0.5000,"Accelerate",-0.025653
3968,A0100,pursuit_chase_v1,UNKNOWN,16191.024718,29159.884117,3240.115883,2703.927156,31676.724495,18740.837736,510.073769,30258.863308,156.670305,6487.482437,-25.084545,0.014359,False,False,False,False,True,True,True,1-circle,1.000000,5298.800603,-24046.773593,0.485598,0.267807,100.000000,100.000000,0.000000,0.000000,2,4,4,0.0000,0.0000,0.0000,0.5000,"PursuitChaseOptimal",-0.002812
3968,B0100,aggressive,UNKNOWN,16191.024718,29159.884117,3240.115883,2703.927156,31676.724495,18740.837736,510.073769,30258.863308,156.670305,6487.482437,-25.084545,0.014359,False,False,False,False,True,True,True,1-circle,1.000000,5298.800603,-24046.773593,0.485598,0.267807,100.000000,100.000000,0.000000,0.000000,2,4,4,0.0000,0.0000,0.0000,0.5000,"Accelerate",-0.001325
3969,A0100,pursuit_chase_v1,UNKNOWN,16191.024718,29159.884117,3240.115883,2703.927156,31676.724495,18740.837736,510.073769,30258.863308,156.670305,6487.482437,-25.084545,0.014359,False,False,False,False,True,True,True,1-circle,1.000000,5298.800603,-24046.773593,0.485598,0.267807,100.000000,100.000000,0.000000,0.000000,2,4,4,0.0000,0.0000,0.0000,0.5000,"PursuitChaseOptimal",-0.022330
3969,B0100,aggressive,UNKNOWN,16191.024718,29159.884117,3240.115883,2703.927156,31676.724495,18740.837736,510.073769,30258.863308,156.670305,6487.482437,-25.084545,0.014359,False,False,False,False,True,True,True,1-circle,1.000000,5298.800603,-24046.773593,0.485598,0.267807,100.000000,100.000000,0.000000,0.000000,2,4,4,0.0000,0.0000,0.0000,0.5000,"Accelerate",0.018252
3970,A0100,pursuit_chase_v1,UNKNOWN,16196.386399,29172.837679,3227.162321,2702.554643,31700.177541,18741.945673,510.074436,30260.001365,22.761134,6486.172743,-25.603194,0.043455,False,False,False,False,True,True,True,1-circle,1.000000,5301.265085,-24374.932256,-1.469308,0.116369,100.000000,100.000000,0.000000,0.000000,2,4,4,0.0000,0.0000,0.0000,0.5000,"PursuitChaseOptimal",-0.030913
3970,B0100,aggressive,UNKNOWN,16196.386399,29172.837679,3227.162321,2702.554643,31700.177541,18741.945673,510.074436,30260.001365,22.761134,6486.172743,-25.603194,0.043455,False,False,False,False,True,True,True,1-circle,1.000000,5301.265085,-24374.932256,-1.469308,0.116369,100.000000,100.000000,0.000000,0.000000,2,4,4,0.0000,0.0000,0.0000,0.5000,"Accelerate",0.026282
3971,A0100,pursuit_chase_v1,UNKNOWN,16196.386399,29172.837679,3227.162321,2702.554643,31700.177541,18741.945673,510.074436,30260.001365,22.761134,6486.172743,-25.603194,0.043455,False,False,False,False,True,True,True,1-circle,1.000000,5301.265085,-24374.932256,-1.469308,0.116369,100.000000,100.000000,0.000000,0.000000,2,4,4,0.0000,0.0000,0.0000,0.5000,"PursuitChaseOptimal",-0.019100
3971,B0100,aggressive,UNKNOWN,16196.386399,29172.837679,3227.162321,2702.554643,31700.177541,18741.945673,510.074436,30260.001365,22.761134,6486.172743,-25.603194,0.043455,False,False,False,False,True,True,True,1-circle,1.000000,5301.265085,-24374.932256,-1.469308,0.116369,100.000000,100.000000,0.000000,0.000000,2,4,4,0.0000,0.0000,0.0000,0.5000,"Accelerate",0.014367
3972,A0100,pursuit_chase_v1,UNKNOWN,16201.805781,29169.268332,3230.731668,2711.127557,31715.346440,18743.066096,510.236347,30268.435222,168.677151,6489.229510,-25.684711,0.003360,False,False,False,False,True,True,True,1-circle,1.000000,5303.772512,-24066.401062,0.113673,0.071857,100.000000,100.000000,0.000000,0.000000,2,4,4,0.0000,0.0000,0.0000,0.5000,"PursuitChaseOptimal",-0.014693
3972,B0100,aggressive,UNKNOWN,16201.805781,29169.268332,3230.731668,2711.127557,31715.346440,18743.066096,510.236347,30268.435222,168.677151,6489.229510,-25.684711,0.003360,False,False,False,False,True,True,True,1-circle,1.000000,5303.772512,-24066.401062,0.113673,0.071857,100.000000,100.000000,0.000000,0.000000,2,4,4,0.0000,0.0000,0.0000,0.5000,"Accelerate",0.010344
3973,A0100,pursuit_chase_v1,UNKNOWN,16201.805781,29169.268332,3230.731668,2711.127557,31715.346440,18743.066096,510.236347,30268.435222,168.677151,6489.229510,-25.684711,0.003360,False,False,False,False,True,True,True,1-circle,1.000000,5303.772512,-24066.401062,0.113673,0.071857,100.000000,100.000000,0.000000,0.000000,2,4,4,0.0000,0.0000,0.0000,0.5000,"PursuitChaseOptimal",-0.026518
3973,B0100,aggressive,UNKNOWN,16201.805781,29169.268332,3230.731668,2711.127557,31715.346440,18743.066096,510.236347,30268.435222,168.677151,6489.229510,-25.684711,0.003360,False,False,False,False,True,True,True,1-circle,1.000000,5303.772512,-24066.401062,0.113673,0.071857,100.000000,100.000000,0.000000,0.000000,2,4,4,0.0000,0.0000,0.0000,0.5000,"Accelerate",0.022357
3974,A0100,pursuit_chase_v1,UNKNOWN,16207.259435,29179.040205,3220.959795,2707.895938,31739.206797,18744.176570,510.211527,30268.424418,-0.216089,6480.686431,-25.860035,0.052337,False,False,False,False,True,True,True,1-circle,1.000000,5306.313884,-24382.008019,-1.769936,0.009335,100.000000,100.000000,0.000000,0.000000,2,4,4,0.0000,0.0000,0.0000,0.5000,"PursuitChaseOptimal",-0.028296
3974,B0100,aggressive,UNKNOWN,16207.259435,29179.040205,3220.959795,2707.895938,31739.206797,18744.176570,510.211527,30268.424418,-0.216089,6480.686431,-25.860035,0.052337,False,False,False,False,True,True,True,1-circle,1.000000,5306.313884,-24382.008019,-1.769936,0.009335,100.000000,100.000000,0.000000,0.000000,2,4,4,0.0000,0.0000,0.0000,0.5000,"Accelerate",0.023703
3975,A0100,pursuit_chase_v1,UNKNOWN,16207.259435,29179.040205,3220.959795,2707.895938,31739.206797,18744.176570,510.211527,30268.424418,-0.216089,6480.686431,-25.860035,0.052337,False,False,False,False,True,True,True,1-circle,1.000000,5306.313884,-24382.008019,-1.769936,0.009335,100.000000,100.000000,0.000000,0.000000,2,4,4,0.0000,0.0000,0.0000,0.5000,"PursuitChaseOptimal",-0.009944
3975,B0100,aggressive,UNKNOWN,16207.259435,29179.040205,3220.959795,2707.895938,31739.206797,18744.176570,510.211527,30268.424418,-0.216089,6480.686431,-25.860035,0.052337,False,False,False,False,True,True,True,1-circle,1.000000,5306.313884,-24382.008019,-1.769936,0.009335,100.000000,100.000000,0.000000,0.000000,2,4,4,0.0000,0.0000,0.0000,0.5000,"Accelerate",0.005133
3976,A0100,pursuit_chase_v1,UNKNOWN,16212.767517,29175.488411,3224.511589,2715.895331,31754.526271,18745.288450,510.351326,30275.852510,148.561842,6484.149231,-26.042129,0.006630,False,False,False,False,True,True,True,1-circle,1.000000,5308.920001,-24080.520399,-0.224326,0.115159,100.000000,100.000000,0.000000,0.000000,2,4,4,0.0000,0.0000,0.0000,0.5000,"PursuitChaseOptimal",-0.000638
3976,B0100,aggressive,UNKNOWN,16212.767517,29175.488411,3224.511589,2715.895331,31754.526271,18745.288450,510.351326,30275.852510,148.561842,6484.149231,-26.042129,0.006630,False,False,False,False,True,True,True,1-circle,1.000000,5308.920001,-24080.520399,-0.224326,0.115159,100.000000,100.000000,0.000000,0.000000,2,4,4,0.0000,0.0000,0.0000,0.5000,"Accelerate",-0.003809
3977,A0100,pursuit_chase_v1,UNKNOWN,16212.767517,29175.488411,3224.511589,2715.895331,31754.526271,18745.288450,510.351326,30275.852510,148.561842,6484.149231,-26.042129,0.006630,False,False,False,False,True,True,True,1-circle,1.000000,5308.920001,-24080.520399,-0.224326,0.115159,100.000000,100.000000,0.000000,0.000000,2,4,4,0.0000,0.0000,0.0000,0.5000,"PursuitChaseOptimal",0.003775
3977,B0100,aggressive,UNKNOWN,16212.767517,29175.488411,3224.511589,2715.895331,31754.526271,18745.288450,510.351326,30275.852510,148.561842,6484.149231,-26.042129,0.006630,False,False,False,False,True,True,True,1-circle,1.000000,5308.920001,-24080.520399,-0.224326,0.115159,100.000000,100.000000,0.000000,0.000000,2,4,4,0.0000,0.0000,0.0000,0.5000,"Accelerate",-0.008132
3978,A0100,pursuit_chase_v1,UNKNOWN,16218.293533,29185.170454,3214.829546,2707.803987,31778.795265,18746.394367,510.342788,30276.572618,14.402157,6468.332690,-26.365991,0.061837,False,False,False,False,True,True,True,1-circle,1.000000,5311.445834,-24393.381465,-2.091498,0.014818,100.000000,100.000000,0.000000,0.000000,2,5,4,0.0000,0.0000,0.0000,0.5000,"PursuitChaseOptimal",-0.007095
3978,B0100,aggressive,UNKNOWN,16218.293533,29185.170454,3214.829546,2707.803987,31778.795265,18746.394367,510.342788,30276.572618,14.402157,6468.332690,-26.365991,0.061837,False,False,False,False,True,True,True,1-circle,1.000000,5311.445834,-24393.381465,-2.091498,0.014818,100.000000,100.000000,0.000000,0.000000,2,4,4,0.0000,0.0000,0.0000,0.5000,"Accelerate",0.002299
3979,A0100,pursuit_chase_v1,UNKNOWN,16218.293533,29185.170454,3214.829546,2707.803987,31778.795265,18746.394367,510.342788,30276.572618,14.402157,6468.332690,-26.365991,0.061837,False,False,False,False,True,True,True,1-circle,1.000000,5311.445834,-24393.381465,-2.091498,0.014818,100.000000,100.000000,0.000000,0.000000,2,5,4,0.0000,0.0000,0.0000,0.5000,"PursuitChaseOptimal",0.008102
3979,B0100,aggressive,UNKNOWN,16218.293533,29185.170454,3214.829546,2707.803987,31778.795265,18746.394367,510.342788,30276.572618,14.402157,6468.332690,-26.365991,0.061837,False,False,False,False,True,True,True,1-circle,1.000000,5311.445834,-24393.381465,-2.091498,0.014818,100.000000,100.000000,0.000000,0.000000,2,4,4,0.0000,0.0000,0.0000,0.5000,"Accelerate",-0.013329
3980,A0100,pursuit_chase_v1,UNKNOWN,16223.835024,29177.352832,3222.647168,2712.285686,31795.805953,18747.485361,510.527141,30285.995294,188.453518,6465.746876,-26.647302,0.008514,False,False,False,False,True,True,True,1-circle,1.000000,5313.857775,-24045.584910,-0.288177,0.017731,100.000000,100.000000,0.000000,0.000000,2,5,4,0.0000,0.0000,0.0000,0.5000,"PursuitChaseOptimal",0.022130
3980,B0100,aggressive,UNKNOWN,16223.835024,29177.352832,3222.647168,2712.285686,31795.805953,18747.485361,510.527141,30285.995294,188.453518,6465.746876,-26.647302,0.008514,False,False,False,False,True,True,True,1-circle,1.000000,5313.857775,-24045.584910,-0.288177,0.017731,100.000000,100.000000,0.000000,0.000000,2,4,4,0.0000,0.0000,0.0000,0.5000,"Accelerate",-0.027059
3981,A0100,pursuit_chase_v1,UNKNOWN,16223.835024,29177.352832,3222.647168,2712.285686,31795.805953,18747.485361,510.527141,30285.995294,188.453518,6465.746876,-26.647302,0.008514,False,False,False,False,True,True,True,1-circle,1.000000,5313.857775,-24045.584910,-0.288177,0.017731,100.000000,100.000000,0.000000,0.000000,2,5,4,0.0000,0.0000,0.0000,0.5000,"PursuitChaseOptimal",0.039743
3981,B0100,aggressive,UNKNOWN,16223.835024,29177.352832,3222.647168,2712.285686,31795.805953,18747.485361,510.527141,30285.995294,188.453518,6465.746876,-26.647302,0.008514,False,False,False,False,True,True,True,1-circle,1.000000,5313.857775,-24045.584910,-0.288177,0.017731,100.000000,100.000000,0.000000,0.000000,2,4,4,0.0000,0.0000,0.0000,0.5000,"Accelerate",-0.044091
3982,A0100,pursuit_chase_v1,UNKNOWN,16229.393883,29181.459205,3218.540795,2710.162773,31816.296435,18748.488479,510.564489,30288.686700,53.828124,6450.529251,-27.408266,0.014465,False,False,False,False,True,True,True,1-circle,1.000000,5316.075542,-23882.298186,0.489647,-0.030448,100.000000,100.000000,0.000000,0.000000,2,5,4,0.0000,0.0000,0.0000,0.5000,"PursuitChaseOptimal",0.049842
3982,B0100,aggressive,UNKNOWN,16229.393883,29181.459205,3218.540795,2710.162773,31816.296435,18748.488479,510.564489,30288.686700,53.828124,6450.529251,-27.408266,0.014465,False,False,False,False,True,True,True,1-circle,1.000000,5316.075542,-23882.298186,0.489647,-0.030448,100.000000,100.000000,0.000000,0.000000,2,4,4,0.0000,0.0000,0.0000,0.5000,"Accelerate",-0.053883
3983,A0100,pursuit_chase_v1,UNKNOWN,16229.393883,29181.459205,3218.540795,2710.162773,31816.296435,18748.488479,510.564489,30288.686700,53.828124,6450.529251,-27.408266,0.014465,False,False,False,False,True,True,True,1-circle,1.000000,5316.075542,-23882.298186,0.489647,-0.030448,100.000000,100.000000,0.000000,0.000000,2,5,4,0.0000,0.0000,0.0000,0.5000,"PursuitChaseOptimal",0.052773
3983,B0100,aggressive,UNKNOWN,16229.393883,29181.459205,3218.540795,2710.162773,31816.296435,18748.488479,510.564489,30288.686700,53.828124,6450.529251,-27.408266,0.014465,False,False,False,False,True,True,True,1-circle,1.000000,5316.075542,-23882.298186,0.489647,-0.030448,100.000000,100.000000,0.000000,0.000000,2,4,4,0.0000,0.0000,0.0000,0.5000,"Accelerate",-0.056901
3984,A0100,pursuit_chase_v1,UNKNOWN,16234.929887,29189.642161,3210.357839,2717.571243,31834.656539,18749.563815,510.657663,30293.974416,105.754315,6427.086614,-28.611539,0.017496,False,False,False,False,True,True,True,1-circle,1.000000,5317.657137,-24053.265614,-0.592356,0.290384,100.000000,100.000000,0.000000,0.000000,2,5,4,0.0000,0.0000,0.0000,0.5000,"PursuitChaseOptimal",0.052481
3984,B0100,aggressive,UNKNOWN,16234.929887,29189.642161,3210.357839,2717.571243,31834.656539,18749.563815,510.657663,30293.974416,105.754315,6427.086614,-28.611539,0.017496,False,False,False,False,True,True,True,1-circle,1.000000,5317.657137,-24053.265614,-0.592356,0.290384,100.000000,100.000000,0.000000,0.000000,2,4,4,0.0000,0.0000,0.0000,0.5000,"Accelerate",-0.056502
3985,A0100,pursuit_chase_v1,UNKNOWN,16234.929887,29189.642161,3210.357839,2717.571243,31834.656539,18749.563815,510.657663,30293.974416,105.754315,6427.086614,-28.611539,0.017496,False,False,False,False,True,True,True,1-circle,1.000000,5317.657137,-24053.265614,-0.592356,0.290384,100.000000,100.000000,0.000000,0.000000,2,5,4,0.0000,0.0000,0.0000,0.5000,"PursuitChaseOptimal",0.045970
3985,B0100,aggressive,UNKNOWN,16234.929887,29189.642161,3210.357839,2717.571243,31834.656539,18749.563815,510.657663,30293.974416,105.754315,6427.086614,-28.611539,0.017496,False,False,False,False,True,True,True,1-circle,1.000000,5317.657137,-24053.265614,-0.592356,0.290384,100.000000,100.000000,0.000000,0.000000,2,4,4,0.0000,0.0000,0.0000,0.5000,"Accelerate",-0.049363
3986,A0100,pursuit_chase_v1,UNKNOWN,16240.473305,29196.803796,3203.196204,2730.781121,31854.829736,18750.640230,510.731666,30298.397024,88.452177,6411.588984,-30.063306,0.004365,False,False,False,False,True,True,True,1-circle,1.000000,5318.556551,-23895.574731,0.147798,0.157013,100.000000,100.000000,0.000000,0.000000,2,5,4,0.0000,0.0000,0.0000,0.5000,"PursuitChaseOptimal",0.036349
3986,B0100,aggressive,UNKNOWN,16240.473305,29196.803796,3203.196204,2730.781121,31854.829736,18750.640230,510.731666,30298.397024,88.452177,6411.588984,-30.063306,0.004365,False,False,False,False,True,True,True,1-circle,1.000000,5318.556551,-23895.574731,0.147798,0.157013,100.000000,100.000000,0.000000,0.000000,2,4,4,0.0000,0.0000,0.0000,0.5000,"Accelerate",-0.039538
3987,A0100,pursuit_chase_v1,UNKNOWN,16240.473305,29196.803796,3203.196204,2730.781121,31854.829736,18750.640230,510.731666,30298.397024,88.452177,6411.588984,-30.063306,0.004365,False,False,False,False,True,True,True,1-circle,1.000000,5318.556551,-23895.574731,0.147798,0.157013,100.000000,100.000000,0.000000,0.000000,2,5,4,0.0000,0.0000,0.0000,0.5000,"PursuitChaseOptimal",0.012410
3987,B0100,aggressive,UNKNOWN,16240.473305,29196.803796,3203.196204,2730.781121,31854.829736,18750.640230,510.731666,30298.397024,88.452177,6411.588984,-30.063306,0.004365,False,False,False,False,True,True,True,1-circle,1.000000,5318.556551,-23895.574731,0.147798,0.157013,100.000000,100.000000,0.000000,0.000000,2,4,4,0.0000,0.0000,0.0000,0.5000,"Accelerate",-0.016357
3988,A0100,pursuit_chase_v1,UNKNOWN,16246.039055,29206.310773,3193.689227,2726.842637,31873.556221,18751.813508,510.784988,30301.981670,71.692909,6409.351193,-30.946873,0.028224,False,False,False,False,True,True,True,1-circle,1.000000,5318.816618,-24069.208751,-0.955752,0.310300,100.000000,100.000000,0.000000,0.000000,2,5,4,0.0000,0.0000,0.0000,0.5000,"PursuitChaseOptimal",0.000055
3988,B0100,aggressive,UNKNOWN,16246.039055,29206.310773,3193.689227,2726.842637,31873.556221,18751.813508,510.784988,30301.981670,71.692909,6409.351193,-30.946873,0.028224,False,False,False,False,True,True,True,1-circle,1.000000,5318.816618,-24069.208751,-0.955752,0.310300,100.000000,100.000000,0.000000,0.000000,2,4,4,0.0000,0.0000,0.0000,0.5000,"Accelerate",-0.004314
3989,A0100,pursuit_chase_v1,UNKNOWN,16246.039055,29206.310773,3193.689227,2726.842637,31873.556221,18751.813508,510.784988,30301.981670,71.692909,6409.351193,-30.946873,0.028224,False,False,False,False,True,True,True,1-circle,1.000000,5318.816618,-24069.208751,-0.955752,0.310300,100.000000,100.000000,0.000000,0.000000,2,5,4,0.0000,0.0000,0.0000,0.5000,"PursuitChaseOptimal",-0.004255
3989,B0100,aggressive,UNKNOWN,16246.039055,29206.310773,3193.689227,2726.842637,31873.556221,18751.813508,510.784988,30301.981670,71.692909,6409.351193,-30.946873,0.028224,False,False,False,False,True,True,True,1-circle,1.000000,5318.816618,-24069.208751,-0.955752,0.310300,100.000000,100.000000,0.000000,0.000000,2,4,4,0.0000,0.0000,0.0000,0.5000,"Accelerate",0.000347
3990,A0100,pursuit_chase_v1,UNKNOWN,16251.599899,29211.922939,3188.077061,2674.594051,31893.734615,18752.978245,510.864505,30306.742891,95.224417,6403.201897,-30.167694,0.006693,False,False,False,False,True,True,True,1-circle,1.000000,5319.050114,-23913.301568,-0.226702,0.140213,100.000000,100.000000,0.000000,0.000000,2,5,4,0.0000,0.0000,0.0000,0.5000,"PursuitChaseOptimal",-0.009655
3990,B0100,aggressive,UNKNOWN,16251.599899,29211.922939,3188.077061,2674.594051,31893.734615,18752.978245,510.864505,30306.742891,95.224417,6403.201897,-30.167694,0.006693,False,False,False,False,True,True,True,1-circle,1.000000,5319.050114,-23913.301568,-0.226702,0.140213,100.000000,100.000000,0.000000,0.000000,2,4,4,0.0000,0.0000,0.0000,0.5000,"Accelerate",0.005794
3991,A0100,pursuit_chase_v1,UNKNOWN,16251.599899,29211.922939,3188.077061,2674.594051,31893.734615,18752.978245,510.864505,30306.742891,95.224417,6403.201897,-30.167694,0.006693,False,False,False,False,True,True,True,1-circle,1.000000,5319.050114,-23913.301568,-0.226702,0.140213,100.000000,100.000000,0.000000,0.000000,2,5,4,0.0000,0.0000,0.0000,0.5000,"PursuitChaseOptimal",-0.013194
3991,B0100,aggressive,UNKNOWN,16251.599899,29211.922939,3188.077061,2674.594051,31893.734615,18752.978245,510.864505,30306.742891,95.224417,6403.201897,-30.167694,0.006693,False,False,False,False,True,True,True,1-circle,1.000000,5319.050114,-23913.301568,-0.226702,0.140213,100.000000,100.000000,0.000000,0.000000,2,4,4,0.0000,0.0000,0.0000,0.5000,"Accelerate",0.008732
3992,A0100,pursuit_chase_v1,UNKNOWN,16257.026612,29217.273801,3182.726199,2585.323538,31911.921960,18754.210838,510.909032,30309.989601,64.934206,6395.916647,-28.347285,0.039550,False,False,False,False,True,True,True,1-circle,1.000000,5319.597609,-24090.038172,-1.339524,0.203962,100.000000,100.000000,0.000000,0.000000,2,5,4,0.0000,0.0000,0.0000,0.5000,"PursuitChaseOptimal",-0.014845
3992,B0100,aggressive,UNKNOWN,16257.026612,29217.273801,3182.726199,2585.323538,31911.921960,18754.210838,510.909032,30309.989601,64.934206,6395.916647,-28.347285,0.039550,False,False,False,False,True,True,True,1-circle,1.000000,5319.597609,-24090.038172,-1.339524,0.203962,100.000000,100.000000,0.000000,0.000000,2,4,4,0.0000,0.0000,0.0000,0.5000,"Accelerate",0.010267
3993,A0100,pursuit_chase_v1,UNKNOWN,16257.026612,29217.273801,3182.726199,2585.323538,31911.921960,18754.210838,510.909032,30309.989601,64.934206,6395.916647,-28.347285,0.039550,False,False,False,False,True,True,True,1-circle,1.000000,5319.597609,-24090.038172,-1.339524,0.203962,100.000000,100.000000,0.000000,0.000000,2,5,4,0.0000,0.0000,0.0000,0.5000,"PursuitChaseOptimal",-0.014252
3993,B0100,aggressive,UNKNOWN,16257.026612,29217.273801,3182.726199,2585.323538,31911.921960,18754.210838,510.909032,30309.989601,64.934206,6395.916647,-28.347285,0.039550,False,False,False,False,True,True,True,1-circle,1.000000,5319.597609,-24090.038172,-1.339524,0.203962,100.000000,100.000000,0.000000,0.000000,2,4,4,0.0000,0.0000,0.0000,0.5000,"Accelerate",0.010089
3994,A0100,pursuit_chase_v1,UNKNOWN,16262.310907,29218.744457,3181.255543,2476.504729,31929.981309,18755.396845,510.986447,30314.677845,93.764872,6408.622302,-26.376513,0.017703,False,False,False,False,True,True,True,1-circle,1.000000,5320.798743,-23934.951141,-0.599778,0.020062,100.000000,100.000000,0.000000,0.000000,2,4,4,0.0000,0.0000,0.0000,0.5000,"PursuitChaseOptimal",-0.008731
3994,B0100,aggressive,UNKNOWN,16262.310907,29218.744457,3181.255543,2476.504729,31929.981309,18755.396845,510.986447,30314.677845,93.764872,6408.622302,-26.376513,0.017703,False,False,False,False,True,True,True,1-circle,1.000000,5320.798743,-23934.951141,-0.599778,0.020062,100.000000,100.000000,0.000000,0.000000,2,4,4,0.0000,0.0000,0.0000,0.5000,"Accelerate",0.004764
3995,A0100,pursuit_chase_v1,UNKNOWN,16262.310907,29218.744457,3181.255543,2476.504729,31929.981309,18755.396845,510.986447,30314.677845,93.764872,6408.622302,-26.376513,0.017703,False,False,False,False,True,True,True,1-circle,1.000000,5320.798743,-23934.951141,-0.599778,0.020062,100.000000,100.000000,0.000000,0.000000,2,4,4,0.0000,0.0000,0.0000,0.5000,"PursuitChaseOptimal",-0.013155
3995,B0100,aggressive,UNKNOWN,16262.310907,29218.744457,3181.255543,2476.504729,31929.981309,18755.396845,510.986447,30314.677845,93.764872,6408.622302,-26.376513,0.017703,False,False,False,False,True,True,True,1-circle,1.000000,5320.798743,-23934.951141,-0.599778,0.020062,100.000000,100.000000,0.000000,0.000000,2,4,4,0.0000,0.0000,0.0000,0.5000,"Accelerate",0.008648
3996,A0100,pursuit_chase_v1,UNKNOWN,16267.462644,29222.429740,3177.570260,2363.774390,31948.305457,18756.627614,511.024451,30317.628098,59.005069,6426.423020,-24.618711,0.049651,False,False,False,False,True,True,True,1-circle,1.000000,5322.589701,-24109.514396,-1.681875,0.182338,100.000000,100.000000,0.000000,0.000000,2,4,4,0.0000,0.0000,0.0000,0.5000,"PursuitChaseOptimal",-0.016462
3996,B0100,aggressive,UNKNOWN,16267.462644,29222.429740,3177.570260,2363.774390,31948.305457,18756.627614,511.024451,30317.628098,59.005069,6426.423020,-24.618711,0.049651,False,False,False,False,True,True,True,1-circle,1.000000,5322.589701,-24109.514396,-1.681875,0.182338,100.000000,100.000000,0.000000,0.000000,2,4,4,0.0000,0.0000,0.0000,0.5000,"Accelerate",0.011796
3997,A0100,pursuit_chase_v1,UNKNOWN,16267.462644,29222.429740,3177.570260,2363.774390,31948.305457,18756.627614,511.024451,30317.628098,59.005069,6426.423020,-24.618711,0.049651,False,False,False,False,True,True,True,1-circle,1.000000,5322.589701,-24109.514396,-1.681875,0.182338,100.000000,100.000000,0.000000,0.000000,2,4,4,0.0000,0.0000,0.0000,0.5000,"PursuitChaseOptimal",-0.020908
3997,B0100,aggressive,UNKNOWN,16267.462644,29222.429740,3177.570260,2363.774390,31948.305457,18756.627614,511.024451,30317.628098,59.005069,6426.423020,-24.618711,0.049651,False,False,False,False,True,True,True,1-circle,1.000000,5322.589701,-24109.514396,-1.681875,0.182338,100.000000,100.000000,0.000000,0.000000,2,4,4,0.0000,0.0000,0.0000,0.5000,"Accelerate",0.016529
3998,A0100,pursuit_chase_v1,UNKNOWN,16272.526727,29221.792514,3178.207486,2268.777272,31965.085109,18757.809189,511.115339,30322.922364,105.885310,6453.323760,-23.223773,0.027626,False,False,False,False,True,True,True,1-circle,1.000000,5325.013903,-23956.705105,-0.936151,0.034195,100.000000,100.000000,0.000000,0.000000,2,4,4,0.0000,0.0000,0.0000,0.5000,"PursuitChaseOptimal",-0.021143
3998,B0100,aggressive,UNKNOWN,16272.526727,29221.792514,3178.207486,2268.777272,31965.085109,18757.809189,511.115339,30322.922364,105.885310,6453.323760,-23.223773,0.027626,False,False,False,False,True,True,True,1-circle,1.000000,5325.013903,-23956.705105,-0.936151,0.034195,100.000000,100.000000,0.000000,0.000000,2,4,4,0.0000,0.0000,0.0000,0.5000,"Accelerate",0.016644
3999,A0100,pursuit_chase_v1,UNKNOWN,16272.526727,29221.792514,3178.207486,2268.777272,31965.085109,18757.809189,511.115339,30322.922364,105.885310,6453.323760,-23.223773,0.027626,False,False,False,False,True,True,True,1-circle,1.000000,5325.013903,-23956.705105,-0.936151,0.034195,100.000000,100.000000,0.000000,0.000000,2,4,4,0.0000,0.0000,0.0000,0.5000,"PursuitChaseOptimal",-0.020278
3999,B0100,aggressive,UNKNOWN,16272.526727,29221.792514,3178.207486,2268.777272,31965.085109,18757.809189,511.115339,30322.922364,105.885310,6453.323760,-23.223773,0.027626,False,False,False,False,True,True,True,1-circle,1.000000,5325.013903,-23956.705105,-0.936151,0.034195,100.000000,100.000000,0.000000,0.000000,2,4,4,0.0000,0.0000,0.0000,0.5000,"Accelerate",0.015282
4000,A0100,pursuit_chase_v1,UNKNOWN,16277.556763,29217.209993,3182.790007,2199.403031,31982.221708,18758.987266,511.200260,30327.943808,100.428892,6478.813587,-22.244907,0.059185,False,False,False,False,True,True,True,1-circle,1.000000,5327.946727,-24131.930301,-2.005264,-0.169858,100.000000,100.000000,0.000000,0.000000,2,4,4,0.0000,0.0000,0.0000,0.5000,"PursuitChaseOptimal",-0.019907
4000,B0100,aggressive,UNKNOWN,16277.556763,29217.209993,3182.790007,2199.403031,31982.221708,18758.987266,511.200260,30327.943808,100.428892,6478.813587,-22.244907,0.059185,False,False,False,False,True,True,True,1-circle,1.000000,5327.946727,-24131.930301,-2.005264,-0.169858,100.000000,100.000000,0.000000,0.000000,2,4,4,0.0000,0.0000,0.0000,0.5000,"Accelerate",0.014509
4001,A0100,pursuit_chase_v1,UNKNOWN,16277.556763,29217.209993,3182.790007,2199.403031,31982.221708,18758.987266,511.200260,30327.943808,100.428892,6478.813587,-22.244907,0.059185,False,False,False,False,True,True,True,1-circle,1.000000,5327.946727,-24131.930301,-2.005264,-0.169858,100.000000,100.000000,0.000000,0.000000,2,4,4,0.0000,0.0000,0.0000,0.5000,"PursuitChaseOptimal",-0.019904
4001,B0100,aggressive,UNKNOWN,16277.556763,29217.209993,3182.790007,2199.403031,31982.221708,18758.987266,511.200260,30327.943808,100.428892,6478.813587,-22.244907,0.059185,False,False,False,False,True,True,True,1-circle,1.000000,5327.946727,-24131.930301,-2.005264,-0.169858,100.000000,100.000000,0.000000,0.000000,2,4,4,0.0000,0.0000,0.0000,0.5000,"Accelerate",0.014840
4002,A0100,pursuit_chase_v1,UNKNOWN,16282.592470,29201.850008,3198.149992,2154.219019,31996.348969,18760.007278,511.366843,30336.504928,171.222394,6500.106863,-21.386360,0.022534,False,False,False,False,True,True,True,1-circle,1.000000,5331.401606,-23617.353055,0.763989,-0.310196,100.000000,100.000000,0.000000,0.000000,2,4,4,0.0000,0.0000,0.0000,0.5000,"PursuitChaseOptimal",-0.020118
4002,B0100,aggressive,UNKNOWN,16282.592470,29201.850008,3198.149992,2154.219019,31996.348969,18760.007278,511.366843,30336.504928,171.222394,6500.106863,-21.386360,0.022534,False,False,False,False,True,True,True,1-circle,1.000000,5331.401606,-23617.353055,0.763989,-0.310196,100.000000,100.000000,0.000000,0.000000,2,4,4,0.0000,0.0000,0.0000,0.5000,"Accelerate",0.015639
4003,A0100,pursuit_chase_v1,UNKNOWN,16282.592470,29201.850008,3198.149992,2154.219019,31996.348969,18760.007278,511.366843,30336.504928,171.222394,6500.106863,-21.386360,0.022534,False,False,False,False,True,True,True,1-circle,1.000000,5331.401606,-23617.353055,0.763989,-0.310196,100.000000,100.000000,0.000000,0.000000,2,4,4,0.0000,0.0000,0.0000,0.5000,"PursuitChaseOptimal",-0.020518
4003,B0100,aggressive,UNKNOWN,16282.592470,29201.850008,3198.149992,2154.219019,31996.348969,18760.007278,511.366843,30336.504928,171.222394,6500.106863,-21.386360,0.022534,False,False,False,False,True,True,True,1-circle,1.000000,5331.401606,-23617.353055,0.763989,-0.310196,100.000000,100.000000,0.000000,0.000000,2,4,4,0.0000,0.0000,0.0000,0.5000,"Accelerate",0.016185
4004,A0100,pursuit_chase_v1,UNKNOWN,16287.611604,29207.732483,3192.267517,2112.737882,32015.331684,18760.980906,511.359337,30337.138738,12.676198,6505.136787,-20.880243,0.036747,False,False,False,False,True,True,True,1-circle,1.000000,5335.184561,-23963.796664,-1.245732,-0.019932,100.000000,100.000000,0.000000,0.000000,2,4,4,0.0000,0.0000,0.0000,0.5000,"PursuitChaseOptimal",-0.021174
4004,B0100,aggressive,UNKNOWN,16287.611604,29207.732483,3192.267517,2112.737882,32015.331684,18760.980906,511.359337,30337.138738,12.676198,6505.136787,-20.880243,0.036747,False,False,False,False,True,True,True,1-circle,1.000000,5335.184561,-23963.796664,-1.245732,-0.019932,100.000000,100.000000,0.000000,0.000000,2,4,4,0.0000,0.0000,0.0000,0.5000,"Accelerate",0.016501
4005,A0100,pursuit_chase_v1,UNKNOWN,16287.611604,29207.732483,3192.267517,2112.737882,32015.331684,18760.980906,511.359337,30337.138738,12.676198,6505.136787,-20.880243,0.036747,False,False,False,False,True,True,True,1-circle,1.000000,5335.184561,-23963.796664,-1.245732,-0.019932,100.000000,100.000000,0.000000,0.000000,2,4,4,0.0000,0.0000,0.0000,0.5000,"PursuitChaseOptimal",-0.020528
4005,B0100,aggressive,UNKNOWN,16287.611604,29207.732483,3192.267517,2112.737882,32015.331684,18760.980906,511.359337,30337.138738,12.676198,6505.136787,-20.880243,0.036747,False,False,False,False,True,True,True,1-circle,1.000000,5335.184561,-23963.796664,-1.245732,-0.019932,100.000000,100.000000,0.000000,0.000000,2,4,4,0.0000,0.0000,0.0000,0.5000,"Accelerate",0.015727
4006,A0100,pursuit_chase_v1,UNKNOWN,16292.624890,29204.032945,3195.967055,2089.291263,32026.226083,18761.966765,511.487365,30343.921911,135.663459,6515.179242,-20.422897,0.010843,False,False,False,False,True,True,True,1-circle,1.000000,5339.192758,-23658.663046,0.367727,0.135503,100.000000,100.000000,0.000000,0.000000,2,4,4,0.0000,0.0000,0.0000,0.5000,"PursuitChaseOptimal",-0.015149
4006,B0100,aggressive,UNKNOWN,16292.624890,29204.032945,3195.967055,2089.291263,32026.226083,18761.966765,511.487365,30343.921911,135.663459,6515.179242,-20.422897,0.010843,False,False,False,False,True,True,True,1-circle,1.000000,5339.192758,-23658.663046,0.367727,0.135503,100.000000,100.000000,0.000000,0.000000,2,4,4,0.0000,0.0000,0.0000,0.5000,"Accelerate",0.010846
4007,A0100,pursuit_chase_v1,UNKNOWN,16292.624890,29204.032945,3195.967055,2089.291263,32026.226083,18761.966765,511.487365,30343.921911,135.663459,6515.179242,-20.422897,0.010843,False,False,False,False,True,True,True,1-circle,1.000000,5339.192758,-23658.663046,0.367727,0.135503,100.000000,100.000000,0.000000,0.000000,2,4,4,0.0000,0.0000,0.0000,0.5000,"PursuitChaseOptimal",-0.003739
4007,B0100,aggressive,UNKNOWN,16292.624890,29204.032945,3195.967055,2089.291263,32026.226083,18761.966765,511.487365,30343.921911,135.663459,6515.179242,-20.422897,0.010843,False,False,False,False,True,True,True,1-circle,1.000000,5339.192758,-23658.663046,0.367727,0.135503,100.000000,100.000000,0.000000,0.000000,2,4,4,0.0000,0.0000,0.0000,0.5000,"Accelerate",-0.000414
4008,A0100,pursuit_chase_v1,UNKNOWN,16297.633192,29214.197194,3185.802806,2064.793875,32045.449427,18762.979412,511.458999,30343.649981,-5.438590,6517.653063,-20.464986,0.047526,False,False,False,False,True,True,True,1-circle,1.000000,5343.331802,-24000.602790,-1.611312,0.079184,100.000000,100.000000,0.000000,0.000000,2,4,4,0.0000,0.0000,0.0000,0.5000,"PursuitChaseOptimal",0.008822
4008,B0100,aggressive,UNKNOWN,16297.633192,29214.197194,3185.802806,2064.793875,32045.449427,18762.979412,511.458999,30343.649981,-5.438590,6517.653063,-20.464986,0.047526,False,False,False,False,True,True,True,1-circle,1.000000,5343.331802,-24000.602790,-1.611312,0.079184,100.000000,100.000000,0.000000,0.000000,2,4,4,0.0000,0.0000,0.0000,0.5000,"Accelerate",-0.013484
4009,A0100,pursuit_chase_v1,UNKNOWN,16297.633192,29214.197194,3185.802806,2064.793875,32045.449427,18762.979412,511.458999,30343.649981,-5.438590,6517.653063,-20.464986,0.047526,False,False,False,False,True,True,True,1-circle,1.000000,5343.331802,-24000.602790,-1.611312,0.079184,100.000000,100.000000,0.000000,0.000000,2,4,4,0.0000,0.0000,0.0000,0.5000,"PursuitChaseOptimal",0.022463
4009,B0100,aggressive,UNKNOWN,16297.633192,29214.197194,3185.802806,2064.793875,32045.449427,18762.979412,511.458999,30343.649981,-5.438590,6517.653063,-20.464986,0.047526,False,False,False,False,True,True,True,1-circle,1.000000,5343.331802,-24000.602790,-1.611312,0.079184,100.000000,100.000000,0.000000,0.000000,2,4,4,0.0000,0.0000,0.0000,0.5000,"Accelerate",-0.027216
4010,A0100,pursuit_chase_v1,UNKNOWN,16302.660974,29210.654715,3189.345285,2060.038373,32056.214602,18764.029717,511.597474,30350.971946,146.439295,6530.968168,-20.991630,0.000517,False,False,False,False,True,True,True,1-circle,1.000000,5347.360564,-23699.498168,-0.017546,0.164225,100.000000,100.000000,0.000000,0.000000,2,4,4,0.0000,0.0000,0.0000,0.5000,"PursuitChaseOptimal",0.033523
4010,B0100,aggressive,UNKNOWN,16302.660974,29210.654715,3189.345285,2060.038373,32056.214602,18764.029717,511.597474,30350.971946,146.439295,6530.968168,-20.991630,0.000517,False,False,False,False,True,True,True,1-circle,1.000000,5347.360564,-23699.498168,-0.017546,0.164225,100.000000,100.000000,0.000000,0.000000,2,4,4,0.0000,0.0000,0.0000,0.5000,"Accelerate",-0.037727
4011,A0100,pursuit_chase_v1,UNKNOWN,16302.660974,29210.654715,3189.345285,2060.038373,32056.214602,18764.029717,511.597474,30350.971946,146.439295,6530.968168,-20.991630,0.000517,False,False,False,False,True,True,True,1-circle,1.000000,5347.360564,-23699.498168,-0.017546,0.164225,100.000000,100.000000,0.000000,0.000000,2,4,4,0.0000,0.0000,0.0000,0.5000,"PursuitChaseOptimal",0.035448
4011,B0100,aggressive,UNKNOWN,16302.660974,29210.654715,3189.345285,2060.038373,32056.214602,18764.029717,511.597474,30350.971946,146.439295,6530.968168,-20.991630,0.000517,False,False,False,False,True,True,True,1-circle,1.000000,5347.360564,-23699.498168,-0.017546,0.164225,100.000000,100.000000,0.000000,0.000000,2,4,4,0.0000,0.0000,0.0000,0.5000,"Accelerate",-0.039439
4012,A0100,pursuit_chase_v1,UNKNOWN,16307.722536,29219.080020,3180.919980,2048.582759,32075.756803,18765.099704,511.575642,30351.053005,1.621180,6542.373352,-22.087937,0.056605,False,False,False,False,True,True,True,1-circle,1.000000,5351.044405,-24027.342118,-1.919365,0.044687,100.000000,100.000000,0.000000,0.000000,2,4,4,0.0000,0.0000,0.0000,0.5000,"PursuitChaseOptimal",0.033069
4012,B0100,aggressive,UNKNOWN,16307.722536,29219.080020,3180.919980,2048.582759,32075.756803,18765.099704,511.575642,30351.053005,1.621180,6542.373352,-22.087937,0.056605,False,False,False,False,True,True,True,1-circle,1.000000,5351.044405,-24027.342118,-1.919365,0.044687,100.000000,100.000000,0.000000,0.000000,2,4,4,0.0000,0.0000,0.0000,0.5000,"Accelerate",-0.037533
4013,A0100,pursuit_chase_v1,UNKNOWN,16307.722536,29219.080020,3180.919980,2048.582759,32075.756803,18765.099704,511.575642,30351.053005,1.621180,6542.373352,-22.087937,0.056605,False,False,False,False,True,True,True,1-circle,1.000000,5351.044405,-24027.342118,-1.919365,0.044687,100.000000,100.000000,0.000000,0.000000,2,4,4,0.0000,0.0000,0.0000,0.5000,"PursuitChaseOptimal",0.030676
4013,B0100,aggressive,UNKNOWN,16307.722536,29219.080020,3180.919980,2048.582759,32075.756803,18765.099704,511.575642,30351.053005,1.621180,6542.373352,-22.087937,0.056605,False,False,False,False,True,True,True,1-circle,1.000000,5351.044405,-24027.342118,-1.919365,0.044687,100.000000,100.000000,0.000000,0.000000,2,4,4,0.0000,0.0000,0.0000,0.5000,"Accelerate",-0.035149
4014,A0100,pursuit_chase_v1,UNKNOWN,16312.834430,29212.879468,3187.120532,2047.881012,32086.568107,18766.178684,511.714788,30358.435502,147.649950,6556.007999,-22.886843,0.010800,False,False,False,False,True,True,True,1-circle,1.000000,5354.329170,-23733.006358,-0.366426,0.042232,100.000000,100.000000,0.000000,0.000000,2,4,4,0.0000,0.0000,0.0000,0.5000,"PursuitChaseOptimal",0.010129
4014,B0100,aggressive,UNKNOWN,16312.834430,29212.879468,3187.120532,2047.881012,32086.568107,18766.178684,511.714788,30358.435502,147.649950,6556.007999,-22.886843,0.010800,False,False,False,False,True,True,True,1-circle,1.000000,5354.329170,-23733.006358,-0.366426,0.042232,100.000000,100.000000,0.000000,0.000000,2,4,4,0.0000,0.0000,0.0000,0.5000,"Accelerate",-0.014329
4015,A0100,pursuit_chase_v1,UNKNOWN,16312.834430,29212.879468,3187.120532,2047.881012,32086.568107,18766.178684,511.714788,30358.435502,147.649950,6556.007999,-22.886843,0.010800,False,False,False,False,True,True,True,1-circle,1.000000,5354.329170,-23733.006358,-0.366426,0.042232,100.000000,100.000000,0.000000,0.000000,2,4,4,0.0000,0.0000,0.0000,0.5000,"PursuitChaseOptimal",-0.003428
4015,B0100,aggressive,UNKNOWN,16312.834430,29212.879468,3187.120532,2047.881012,32086.568107,18766.178684,511.714788,30358.435502,147.649950,6556.007999,-22.886843,0.010800,False,False,False,False,True,True,True,1-circle,1.000000,5354.329170,-23733.006358,-0.366426,0.042232,100.000000,100.000000,0.000000,0.000000,2,4,4,0.0000,0.0000,0.0000,0.5000,"Accelerate",-0.000768
4016,A0100,pursuit_chase_v1,UNKNOWN,16317.961454,29219.624477,3180.375523,2037.473615,32106.457051,18767.249635,511.676937,30357.791591,-12.878227,6553.990592,-23.240880,0.066518,False,False,False,False,True,True,True,1-circle,1.000000,5357.371794,-24058.106944,-2.255612,-0.024089,100.000000,100.000000,0.000000,0.000000,2,4,4,0.0000,0.0000,0.0000,0.5000,"PursuitChaseOptimal",-0.012326
4016,B0100,aggressive,UNKNOWN,16317.961454,29219.624477,3180.375523,2037.473615,32106.457051,18767.249635,511.676937,30357.791591,-12.878227,6553.990592,-23.240880,0.066518,False,False,False,False,True,True,True,1-circle,1.000000,5357.371794,-24058.106944,-2.255612,-0.024089,100.000000,100.000000,0.000000,0.000000,2,4,4,0.0000,0.0000,0.0000,0.5000,"Accelerate",0.007529
4017,A0100,pursuit_chase_v1,UNKNOWN,16317.961454,29219.624477,3180.375523,2037.473615,32106.457051,18767.249635,511.676937,30357.791591,-12.878227,6553.990592,-23.240880,0.066518,False,False,False,False,True,True,True,1-circle,1.000000,5357.371794,-24058.106944,-2.255612,-0.024089,100.000000,100.000000,0.000000,0.000000,2,4,4,0.0000,0.0000,0.0000,0.5000,"PursuitChaseOptimal",-0.003682
4017,B0100,aggressive,UNKNOWN,16317.961454,29219.624477,3180.375523,2037.473615,32106.457051,18767.249635,511.676937,30357.791591,-12.878227,6553.990592,-23.240880,0.066518,False,False,False,False,True,True,True,1-circle,1.000000,5357.371794,-24058.106944,-2.255612,-0.024089,100.000000,100.000000,0.000000,0.000000,2,4,4,0.0000,0.0000,0.0000,0.5000,"Accelerate",-0.001394
4018,A0100,pursuit_chase_v1,UNKNOWN,16323.108554,29210.801662,3189.198338,2039.729397,32118.981185,18768.317345,511.840812,30366.284699,169.862163,6556.238905,-23.248096,0.012966,False,False,False,False,True,True,True,1-circle,1.000000,5360.375929,-23716.397602,-0.440016,0.070943,100.000000,100.000000,0.000000,0.000000,2,4,4,0.0000,0.0000,0.0000,0.5000,"PursuitChaseOptimal",-0.000077
4018,B0100,aggressive,UNKNOWN,16323.108554,29210.801662,3189.198338,2039.729397,32118.981185,18768.317345,511.840812,30366.284699,169.862163,6556.238905,-23.248096,0.012966,False,False,False,False,True,True,True,1-circle,1.000000,5360.375929,-23716.397602,-0.440016,0.070943,100.000000,100.000000,0.000000,0.000000,2,4,4,0.0000,0.0000,0.0000,0.5000,"Accelerate",-0.004610
4019,A0100,pursuit_chase_v1,UNKNOWN,16323.108554,29210.801662,3189.198338,2039.729397,32118.981185,18768.317345,511.840812,30366.284699,169.862163,6556.238905,-23.248096,0.012966,False,False,False,False,True,True,True,1-circle,1.000000,5360.375929,-23716.397602,-0.440016,0.070943,100.000000,100.000000,0.000000,0.000000,2,4,4,0.0000,0.0000,0.0000,0.5000,"PursuitChaseOptimal",-0.014379
4019,B0100,aggressive,UNKNOWN,16323.108554,29210.801662,3189.198338,2039.729397,32118.981185,18768.317345,511.840812,30366.284699,169.862163,6556.238905,-23.248096,0.012966,False,False,False,False,True,True,True,1-circle,1.000000,5360.375929,-23716.397602,-0.440016,0.070943,100.000000,100.000000,0.000000,0.000000,2,4,4,0.0000,0.0000,0.0000,0.5000,"Accelerate",0.010098
4020,A0100,pursuit_chase_v1,UNKNOWN,16328.261312,29213.384273,3186.615727,2034.849932,32135.055159,18769.312076,511.869897,30368.597574,46.257498,6547.928399,-23.273176,0.009450,False,False,False,False,True,True,True,1-circle,1.000000,5363.399085,-23564.661538,0.320730,-0.008204,100.000000,100.000000,0.000000,0.000000,2,4,4,0.0000,0.0000,0.0000,0.5000,"PursuitChaseOptimal",-0.016422
4020,B0100,aggressive,UNKNOWN,16328.261312,29213.384273,3186.615727,2034.849932,32135.055159,18769.312076,511.869897,30368.597574,46.257498,6547.928399,-23.273176,0.009450,False,False,False,False,True,True,True,1-circle,1.000000,5363.399085,-23564.661538,0.320730,-0.008204,100.000000,100.000000,0.000000,0.000000,2,4,4,0.0000,0.0000,0.0000,0.5000,"Accelerate",0.012209
4021,A0100,pursuit_chase_v1,UNKNOWN,16328.261312,29213.384273,3186.615727,2034.849932,32135.055159,18769.312076,511.869897,30368.597574,46.257498,6547.928399,-23.273176,0.009450,False,False,False,False,True,True,True,1-circle,1.000000,5363.399085,-23564.661538,0.320730,-0.008204,100.000000,100.000000,0.000000,0.000000,2,4,4,0.0000,0.0000,0.0000,0.5000,"PursuitChaseOptimal",0.002218
4021,B0100,aggressive,UNKNOWN,16328.261312,29213.384273,3186.615727,2034.849932,32135.055159,18769.312076,511.869897,30368.597574,46.257498,6547.928399,-23.273176,0.009450,False,False,False,False,True,True,True,1-circle,1.000000,5363.399085,-23564.661538,0.320730,-0.008204,100.000000,100.000000,0.000000,0.000000,2,4,4,0.0000,0.0000,0.0000,0.5000,"Accelerate",-0.006623
4022,A0100,pursuit_chase_v1,UNKNOWN,16333.414831,29219.473232,3180.526768,2034.663030,32148.891198,18770.390292,511.950231,30373.316892,94.386366,6543.844967,-23.495954,0.022709,False,False,False,False,True,True,True,1-circle,1.000000,5366.344355,-23746.347900,-0.770814,0.302156,100.000000,100.000000,0.000000,0.000000,2,4,4,0.0000,0.0000,0.0000,0.5000,"PursuitChaseOptimal",0.012694
4022,B0100,aggressive,UNKNOWN,16333.414831,29219.473232,3180.526768,2034.663030,32148.891198,18770.390292,511.950231,30373.316892,94.386366,6543.844967,-23.495954,0.022709,False,False,False,False,True,True,True,1-circle,1.000000,5366.344355,-23746.347900,-0.770814,0.302156,100.000000,100.000000,0.000000,0.000000,2,4,4,0.0000,0.0000,0.0000,0.5000,"Accelerate",-0.017132
4023,A0100,pursuit_chase_v1,UNKNOWN,16333.414831,29219.473232,3180.526768,2034.663030,32148.891198,18770.390292,511.950231,30373.316892,94.386366,6543.844967,-23.495954,0.022709,False,False,False,False,True,True,True,1-circle,1.000000,5366.344355,-23746.347900,-0.770814,0.302156,100.000000,100.000000,0.000000,0.000000,2,4,4,0.0000,0.0000,0.0000,0.5000,"PursuitChaseOptimal",0.012602
4023,B0100,aggressive,UNKNOWN,16333.414831,29219.473232,3180.526768,2034.663030,32148.891198,18770.390292,511.950231,30373.316892,94.386366,6543.844967,-23.495954,0.022709,False,False,False,False,True,True,True,1-circle,1.000000,5366.344355,-23746.347900,-0.770814,0.302156,100.000000,100.000000,0.000000,0.000000,2,4,4,0.0000,0.0000,0.0000,0.5000,"Accelerate",-0.016543
4024,A0100,pursuit_chase_v1,UNKNOWN,16338.552446,29222.821109,3177.178891,2027.089933,32164.519146,18771.472890,512.018512,30377.494751,83.557179,6528.904357,-23.680208,0.000862,False,False,False,False,True,True,True,1-circle,1.000000,5369.148849,-23598.012607,-0.029267,0.139146,100.000000,100.000000,0.000000,0.000000,2,4,4,0.0000,0.0000,0.0000,0.5000,"PursuitChaseOptimal",-0.000013
4024,B0100,aggressive,UNKNOWN,16338.552446,29222.821109,3177.178891,2027.089933,32164.519146,18771.472890,512.018512,30377.494751,83.557179,6528.904357,-23.680208,0.000862,False,False,False,False,True,True,True,1-circle,1.000000,5369.148849,-23598.012607,-0.029267,0.139146,100.000000,100.000000,0.000000,0.000000,2,4,4,0.0000,0.0000,0.0000,0.5000,"Accelerate",-0.003962
4025,A0100,pursuit_chase_v1,UNKNOWN,16338.552446,29222.821109,3177.178891,2027.089933,32164.519146,18771.472890,512.018512,30377.494751,83.557179,6528.904357,-23.680208,0.000862,False,False,False,False,True,True,True,1-circle,1.000000,5369.148849,-23598.012607,-0.029267,0.139146,100.000000,100.000000,0.000000,0.000000,2,4,4,0.0000,0.0000,0.0000,0.5000,"PursuitChaseOptimal",-0.005765
4025,B0100,aggressive,UNKNOWN,16338.552446,29222.821109,3177.178891,2027.089933,32164.519146,18771.472890,512.018512,30377.494751,83.557179,6528.904357,-23.680208,0.000862,False,False,False,False,True,True,True,1-circle,1.000000,5369.148849,-23598.012607,-0.029267,0.139146,100.000000,100.000000,0.000000,0.000000,2,4,4,0.0000,0.0000,0.0000,0.5000,"Accelerate",0.001118
4026,A0100,pursuit_chase_v1,UNKNOWN,16343.661220,29225.681925,3174.318075,2027.101026,32178.502439,18772.633306,512.057527,30380.423985,58.584679,6523.194305,-23.881384,0.033619,False,False,False,False,True,True,True,1-circle,1.000000,5371.743222,-23783.239994,-1.141325,0.164419,100.000000,100.000000,0.000000,0.000000,2,4,4,0.0000,0.0000,0.0000,0.5000,"PursuitChaseOptimal",0.010422
4026,B0100,aggressive,UNKNOWN,16343.661220,29225.681925,3174.318075,2027.101026,32178.502439,18772.633306,512.057527,30380.423985,58.584679,6523.194305,-23.881384,0.033619,False,False,False,False,True,True,True,1-circle,1.000000,5371.743222,-23783.239994,-1.141325,0.164419,100.000000,100.000000,0.000000,0.000000,2,4,4,0.0000,0.0000,0.0000,0.5000,"Accelerate",-0.014956
4027,A0100,pursuit_chase_v1,UNKNOWN,16343.661220,29225.681925,3174.318075,2027.101026,32178.502439,18772.633306,512.057527,30380.423985,58.584679,6523.194305,-23.881384,0.033619,False,False,False,False,True,True,True,1-circle,1.000000,5371.743222,-23783.239994,-1.141325,0.164419,100.000000,100.000000,0.000000,0.000000,2,4,4,0.0000,0.0000,0.0000,0.5000,"PursuitChaseOptimal",0.013670
4027,B0100,aggressive,UNKNOWN,16343.661220,29225.681925,3174.318075,2027.101026,32178.502439,18772.633306,512.057527,30380.423985,58.584679,6523.194305,-23.881384,0.033619,False,False,False,False,True,True,True,1-circle,1.000000,5371.743222,-23783.239994,-1.141325,0.164419,100.000000,100.000000,0.000000,0.000000,2,4,4,0.0000,0.0000,0.0000,0.5000,"Accelerate",-0.017678
4028,A0100,pursuit_chase_v1,UNKNOWN,16348.769412,29224.817266,3175.182734,2019.864836,32193.079611,18773.749841,512.126724,30384.677974,85.079771,6510.653354,-23.993976,0.011587,False,False,False,False,True,True,True,1-circle,1.000000,5374.260101,-23633.666255,-0.393473,-0.027568,100.000000,100.000000,0.000000,0.000000,2,4,4,0.0000,0.0000,0.0000,0.5000,"PursuitChaseOptimal",-0.002112
4028,B0100,aggressive,UNKNOWN,16348.769412,29224.817266,3175.182734,2019.864836,32193.079611,18773.749841,512.126724,30384.677974,85.079771,6510.653354,-23.993976,0.011587,False,False,False,False,True,True,True,1-circle,1.000000,5374.260101,-23633.666255,-0.393473,-0.027568,100.000000,100.000000,0.000000,0.000000,2,4,4,0.0000,0.0000,0.0000,0.5000,"Accelerate",-0.001915
4029,A0100,pursuit_chase_v1,UNKNOWN,16348.769412,29224.817266,3175.182734,2019.864836,32193.079611,18773.749841,512.126724,30384.677974,85.079771,6510.653354,-23.993976,0.011587,False,False,False,False,True,True,True,1-circle,1.000000,5374.260101,-23633.666255,-0.393473,-0.027568,100.000000,100.000000,0.000000,0.000000,2,4,4,0.0000,0.0000,0.0000,0.5000,"PursuitChaseOptimal",-0.006209
4029,B0100,aggressive,UNKNOWN,16348.769412,29224.817266,3175.182734,2019.864836,32193.079611,18773.749841,512.126724,30384.677974,85.079771,6510.653354,-23.993976,0.011587,False,False,False,False,True,True,True,1-circle,1.000000,5374.260101,-23633.666255,-0.393473,-0.027568,100.000000,100.000000,0.000000,0.000000,2,4,4,0.0000,0.0000,0.0000,0.5000,"Accelerate",0.001630
4030,A0100,pursuit_chase_v1,UNKNOWN,16353.844777,29226.946143,3173.053857,2018.608914,32208.571702,18774.913393,512.154596,30387.105360,48.547725,6502.188950,-24.120280,0.043499,False,False,False,False,True,True,True,1-circle,1.000000,5376.611379,-23813.688500,-1.476886,0.150117,100.000000,100.000000,0.000000,0.000000,2,4,4,0.0000,0.0000,0.0000,0.5000,"PursuitChaseOptimal",0.012528
4030,B0100,aggressive,UNKNOWN,16353.844777,29226.946143,3173.053857,2018.608914,32208.571702,18774.913393,512.154596,30387.105360,48.547725,6502.188950,-24.120280,0.043499,False,False,False,False,True,True,True,1-circle,1.000000,5376.611379,-23813.688500,-1.476886,0.150117,100.000000,100.000000,0.000000,0.000000,2,4,4,0.0000,0.0000,0.0000,0.5000,"Accelerate",-0.016949
4031,A0100,pursuit_chase_v1,UNKNOWN,16353.844777,29226.946143,3173.053857,2018.608914,32208.571702,18774.913393,512.154596,30387.105360,48.547725,6502.188950,-24.120280,0.043499,False,False,False,False,True,True,True,1-circle,1.000000,5376.611379,-23813.688500,-1.476886,0.150117,100.000000,100.000000,0.000000,0.000000,2,4,4,0.0000,0.0000,0.0000,0.5000,"PursuitChaseOptimal",0.017870
4031,B0100,aggressive,UNKNOWN,16353.844777,29226.946143,3173.053857,2018.608914,32208.571702,18774.913393,512.154596,30387.105360,48.547725,6502.188950,-24.120280,0.043499,False,False,False,False,True,True,True,1-circle,1.000000,5376.611379,-23813.688500,-1.476886,0.150117,100.000000,100.000000,0.000000,0.000000,2,4,4,0.0000,0.0000,0.0000,0.5000,"Accelerate",-0.021684
4032,A0100,pursuit_chase_v1,UNKNOWN,16358.911437,29226.348754,3173.651246,2012.553311,32223.323496,18776.032922,512.211909,30390.824002,74.372830,6485.614572,-24.248247,0.021231,False,False,False,False,True,True,True,1-circle,1.000000,5378.880668,-23662.633772,-0.721062,0.014689,100.000000,100.000000,0.000000,0.000000,2,4,4,0.0000,0.0000,0.0000,0.5000,"PursuitChaseOptimal",0.012947
4032,B0100,aggressive,UNKNOWN,16358.911437,29226.348754,3173.651246,2012.553311,32223.323496,18776.032922,512.211909,30390.824002,74.372830,6485.614572,-24.248247,0.021231,False,False,False,False,True,True,True,1-circle,1.000000,5378.880668,-23662.633772,-0.721062,0.014689,100.000000,100.000000,0.000000,0.000000,2,4,4,0.0000,0.0000,0.0000,0.5000,"Accelerate",-0.016664
4033,A0100,pursuit_chase_v1,UNKNOWN,16358.911437,29226.348754,3173.651246,2012.553311,32223.323496,18776.032922,512.211909,30390.824002,74.372830,6485.614572,-24.248247,0.021231,False,False,False,False,True,True,True,1-circle,1.000000,5378.880668,-23662.633772,-0.721062,0.014689,100.000000,100.000000,0.000000,0.000000,2,4,4,0.0000,0.0000,0.0000,0.5000,"PursuitChaseOptimal",0.000635
4033,B0100,aggressive,UNKNOWN,16358.911437,29226.348754,3173.651246,2012.553311,32223.323496,18776.032922,512.211909,30390.824002,74.372830,6485.614572,-24.248247,0.021231,False,False,False,False,True,True,True,1-circle,1.000000,5378.880668,-23662.633772,-0.721062,0.014689,100.000000,100.000000,0.000000,0.000000,2,4,4,0.0000,0.0000,0.0000,0.5000,"Accelerate",-0.005088
4034,A0100,pursuit_chase_v1,UNKNOWN,16363.925941,29227.158481,3172.841519,2006.944317,32239.029019,18777.197469,512.239242,30393.228153,48.083035,6472.511114,-24.360715,0.052768,False,False,False,False,True,True,True,1-circle,1.000000,5380.910104,-23840.250233,-1.791736,0.099065,100.000000,100.000000,0.000000,0.000000,2,4,4,0.0000,0.0000,0.0000,0.5000,"PursuitChaseOptimal",-0.005262
4034,B0100,aggressive,UNKNOWN,16363.925941,29227.158481,3172.841519,2006.944317,32239.029019,18777.197469,512.239242,30393.228153,48.083035,6472.511114,-24.360715,0.052768,False,False,False,False,True,True,True,1-circle,1.000000,5380.910104,-23840.250233,-1.791736,0.099065,100.000000,100.000000,0.000000,0.000000,2,4,4,0.0000,0.0000,0.0000,0.5000,"Accelerate",0.000370
4035,A0100,pursuit_chase_v1,UNKNOWN,16363.925941,29227.158481,3172.841519,2006.944317,32239.029019,18777.197469,512.239242,30393.228153,48.083035,6472.511114,-24.360715,0.052768,False,False,False,False,True,True,True,1-circle,1.000000,5380.910104,-23840.250233,-1.791736,0.099065,100.000000,100.000000,0.000000,0.000000,2,4,4,0.0000,0.0000,0.0000,0.5000,"PursuitChaseOptimal",0.007587
4035,B0100,aggressive,UNKNOWN,16363.925941,29227.158481,3172.841519,2006.944317,32239.029019,18777.197469,512.239242,30393.228153,48.083035,6472.511114,-24.360715,0.052768,False,False,False,False,True,True,True,1-circle,1.000000,5380.910104,-23840.250233,-1.791736,0.099065,100.000000,100.000000,0.000000,0.000000,2,4,4,0.0000,0.0000,0.0000,0.5000,"Accelerate",-0.011932
4036,A0100,pursuit_chase_v1,UNKNOWN,16368.955824,29217.592434,3182.407566,2005.355716,32253.319292,18778.267692,512.403056,30401.729162,170.020171,6470.351010,-24.404557,0.028392,False,False,False,False,True,True,True,1-circle,1.000000,5382.946911,-23329.080615,0.964576,-0.069328,100.000000,100.000000,0.000000,0.000000,2,4,4,0.0000,0.0000,0.0000,0.5000,"PursuitChaseOptimal",0.011447
4036,B0100,aggressive,UNKNOWN,16368.955824,29217.592434,3182.407566,2005.355716,32253.319292,18778.267692,512.403056,30401.729162,170.020171,6470.351010,-24.404557,0.028392,False,False,False,False,True,True,True,1-circle,1.000000,5382.946911,-23329.080615,0.964576,-0.069328,100.000000,100.000000,0.000000,0.000000,2,4,4,0.0000,0.0000,0.0000,0.5000,"Accelerate",-0.015101
4037,A0100,pursuit_chase_v1,UNKNOWN,16368.955824,29217.592434,3182.407566,2005.355716,32253.319292,18778.267692,512.403056,30401.729162,170.020171,6470.351010,-24.404557,0.028392,False,False,False,False,True,True,True,1-circle,1.000000,5382.946911,-23329.080615,0.964576,-0.069328,100.000000,100.000000,0.000000,0.000000,2,4,4,0.0000,0.0000,0.0000,0.5000,"PursuitChaseOptimal",-0.005700
4037,B0100,aggressive,UNKNOWN,16368.955824,29217.592434,3182.407566,2005.355716,32253.319292,18778.267692,512.403056,30401.729162,170.020171,6470.351010,-24.404557,0.028392,False,False,False,False,True,True,True,1-circle,1.000000,5382.946911,-23329.080615,0.964576,-0.069328,100.000000,100.000000,0.000000,0.000000,2,4,4,0.0000,0.0000,0.0000,0.5000,"Accelerate",0.001869
4038,A0100,pursuit_chase_v1,UNKNOWN,16373.953622,29227.169016,3172.830984,1998.703965,32270.023974,18779.347185,512.382830,30401.891077,3.238303,6453.869793,-24.585341,0.031322,False,False,False,False,True,True,True,1-circle,1.000000,5384.838357,-23679.173658,-1.064053,0.157931,100.000000,100.000000,0.000000,0.000000,2,4,4,0.0000,0.0000,0.0000,0.5000,"PursuitChaseOptimal",-0.005906
4038,B0100,aggressive,UNKNOWN,16373.953622,29227.169016,3172.830984,1998.703965,32270.023974,18779.347185,512.382830,30401.891077,3.238303,6453.869793,-24.585341,0.031322,False,False,False,False,True,True,True,1-circle,1.000000,5384.838357,-23679.173658,-1.064053,0.157931,100.000000,100.000000,0.000000,0.000000,2,4,4,0.0000,0.0000,0.0000,0.5000,"Accelerate",0.001685
4039,A0100,pursuit_chase_v1,UNKNOWN,16373.953622,29227.169016,3172.830984,1998.703965,32270.023974,18779.347185,512.382830,30401.891077,3.238303,6453.869793,-24.585341,0.031322,False,False,False,False,True,True,True,1-circle,1.000000,5384.838357,-23679.173658,-1.064053,0.157931,100.000000,100.000000,0.000000,0.000000,2,4,4,0.0000,0.0000,0.0000,0.5000,"PursuitChaseOptimal",0.010884
4039,B0100,aggressive,UNKNOWN,16373.953622,29227.169016,3172.830984,1998.703965,32270.023974,18779.347185,512.382830,30401.891077,3.238303,6453.869793,-24.585341,0.031322,False,False,False,False,True,True,True,1-circle,1.000000,5384.838357,-23679.173658,-1.064053,0.157931,100.000000,100.000000,0.000000,0.000000,2,4,4,0.0000,0.0000,0.0000,0.5000,"Accelerate",-0.014953
4040,A0100,pursuit_chase_v1,UNKNOWN,16378.946010,29226.238177,3173.761823,1999.756930,32281.447943,18780.473163,512.507024,30408.651986,135.218181,6446.350047,-24.740054,0.016715,False,False,False,False,True,True,True,1-circle,1.000000,5386.612620,-23370.289267,0.568027,0.282954,100.000000,100.000000,0.000000,0.000000,2,4,4,0.0000,0.0000,0.0000,0.5000,"PursuitChaseOptimal",0.019176
4040,B0100,aggressive,UNKNOWN,16378.946010,29226.238177,3173.761823,1999.756930,32281.447943,18780.473163,512.507024,30408.651986,135.218181,6446.350047,-24.740054,0.016715,False,False,False,False,True,True,True,1-circle,1.000000,5386.612620,-23370.289267,0.568027,0.282954,100.000000,100.000000,0.000000,0.000000,2,4,4,0.0000,0.0000,0.0000,0.5000,"Accelerate",-0.022563
4041,A0100,pursuit_chase_v1,UNKNOWN,16378.946010,29226.238177,3173.761823,1999.756930,32281.447943,18780.473163,512.507024,30408.651986,135.218181,6446.350047,-24.740054,0.016715,False,False,False,False,True,True,True,1-circle,1.000000,5386.612620,-23370.289267,0.568027,0.282954,100.000000,100.000000,0.000000,0.000000,2,4,4,0.0000,0.0000,0.0000,0.5000,"PursuitChaseOptimal",0.011151
4041,B0100,aggressive,UNKNOWN,16378.946010,29226.238177,3173.761823,1999.756930,32281.447943,18780.473163,512.507024,30408.651986,135.218181,6446.350047,-24.740054,0.016715,False,False,False,False,True,True,True,1-circle,1.000000,5386.612620,-23370.289267,0.568027,0.282954,100.000000,100.000000,0.000000,0.000000,2,4,4,0.0000,0.0000,0.0000,0.5000,"Accelerate",-0.014554
4042,A0100,pursuit_chase_v1,UNKNOWN,16383.897434,29235.898881,3164.101119,1990.979548,32298.648694,18781.637288,512.480220,30408.599863,-1.042471,6423.569207,-24.971911,0.042840,False,False,False,False,True,True,True,1-circle,1.000000,5388.159370,-23719.299117,-1.455510,0.133930,100.000000,100.000000,0.000000,0.000000,2,4,4,0.0000,0.0000,0.0000,0.5000,"PursuitChaseOptimal",-0.006104
4042,B0100,aggressive,UNKNOWN,16383.897434,29235.898881,3164.101119,1990.979548,32298.648694,18781.637288,512.480220,30408.599863,-1.042471,6423.569207,-24.971911,0.042840,False,False,False,False,True,True,True,1-circle,1.000000,5388.159370,-23719.299117,-1.455510,0.133930,100.000000,100.000000,0.000000,0.000000,2,4,4,0.0000,0.0000,0.0000,0.5000,"Accelerate",0.001755
4043,A0100,pursuit_chase_v1,UNKNOWN,16383.897434,29235.898881,3164.101119,1990.979548,32298.648694,18781.637288,512.480220,30408.599863,-1.042471,6423.569207,-24.971911,0.042840,False,False,False,False,True,True,True,1-circle,1.000000,5388.159370,-23719.299117,-1.455510,0.133930,100.000000,100.000000,0.000000,0.000000,2,4,4,0.0000,0.0000,0.0000,0.5000,"PursuitChaseOptimal",-0.008729
4043,B0100,aggressive,UNKNOWN,16383.897434,29235.898881,3164.101119,1990.979548,32298.648694,18781.637288,512.480220,30408.599863,-1.042471,6423.569207,-24.971911,0.042840,False,False,False,False,True,True,True,1-circle,1.000000,5388.159370,-23719.299117,-1.455510,0.133930,100.000000,100.000000,0.000000,0.000000,2,4,4,0.0000,0.0000,0.0000,0.5000,"Accelerate",0.004233
4044,A0100,pursuit_chase_v1,UNKNOWN,16388.835644,29230.317191,3169.682809,1996.600254,32308.850258,18782.818754,512.616008,30415.943561,146.873966,6421.876903,-25.046539,0.004590,False,False,False,False,True,True,True,1-circle,1.000000,5389.578023,-23413.948976,0.156019,0.096194,100.000000,100.000000,0.000000,0.000000,2,4,4,0.0000,0.0000,0.0000,0.5000,"PursuitChaseOptimal",0.003467
4044,B0100,aggressive,UNKNOWN,16388.835644,29230.317191,3169.682809,1996.600254,32308.850258,18782.818754,512.616008,30415.943561,146.873966,6421.876903,-25.046539,0.004590,False,False,False,False,True,True,True,1-circle,1.000000,5389.578023,-23413.948976,0.156019,0.096194,100.000000,100.000000,0.000000,0.000000,2,4,4,0.0000,0.0000,0.0000,0.5000,"Accelerate",-0.007254
4045,A0100,pursuit_chase_v1,UNKNOWN,16388.835644,29230.317191,3169.682809,1996.600254,32308.850258,18782.818754,512.616008,30415.943561,146.873966,6421.876903,-25.046539,0.004590,False,False,False,False,True,True,True,1-circle,1.000000,5389.578023,-23413.948976,0.156019,0.096194,100.000000,100.000000,0.000000,0.000000,2,4,4,0.0000,0.0000,0.0000,0.5000,"PursuitChaseOptimal",0.007584
4045,B0100,aggressive,UNKNOWN,16388.835644,29230.317191,3169.682809,1996.600254,32308.850258,18782.818754,512.616008,30415.943561,146.873966,6421.876903,-25.046539,0.004590,False,False,False,False,True,True,True,1-circle,1.000000,5389.578023,-23413.948976,0.156019,0.096194,100.000000,100.000000,0.000000,0.000000,2,4,4,0.0000,0.0000,0.0000,0.5000,"Accelerate",-0.011082
4046,A0100,pursuit_chase_v1,UNKNOWN,16393.755761,29236.979616,3163.020384,1986.436808,32327.556984,18783.995340,512.564618,30414.787812,-23.114974,6399.382657,-25.075286,0.055621,False,False,False,False,True,True,True,1-circle,1.000000,5390.926075,-23766.931587,-1.889781,0.035615,100.000000,100.000000,0.000000,0.000000,2,4,4,0.0000,0.0000,0.0000,0.5000,"PursuitChaseOptimal",-0.008085
4046,B0100,aggressive,UNKNOWN,16393.755761,29236.979616,3163.020384,1986.436808,32327.556984,18783.995340,512.564618,30414.787812,-23.114974,6399.382657,-25.075286,0.055621,False,False,False,False,True,True,True,1-circle,1.000000,5390.926075,-23766.931587,-1.889781,0.035615,100.000000,100.000000,0.000000,0.000000,2,4,4,0.0000,0.0000,0.0000,0.5000,"Accelerate",0.003767
4047,A0100,pursuit_chase_v1,UNKNOWN,16393.755761,29236.979616,3163.020384,1986.436808,32327.556984,18783.995340,512.564618,30414.787812,-23.114974,6399.382657,-25.075286,0.055621,False,False,False,False,True,True,True,1-circle,1.000000,5390.926075,-23766.931587,-1.889781,0.035615,100.000000,100.000000,0.000000,0.000000,2,4,4,0.0000,0.0000,0.0000,0.5000,"PursuitChaseOptimal",-0.010613
4047,B0100,aggressive,UNKNOWN,16393.755761,29236.979616,3163.020384,1986.436808,32327.556984,18783.995340,512.564618,30414.787812,-23.114974,6399.382657,-25.075286,0.055621,False,False,False,False,True,True,True,1-circle,1.000000,5390.926075,-23766.931587,-1.889781,0.035615,100.000000,100.000000,0.000000,0.000000,2,4,4,0.0000,0.0000,0.0000,0.5000,"Accelerate",0.006127
4048,A0100,pursuit_chase_v1,UNKNOWN,16398.652583,29231.584909,3168.415091,1992.593872,32337.775638,18785.178418,512.679051,30421.164741,127.538586,6393.936034,-25.077358,0.009216,False,False,False,False,True,True,True,1-circle,1.000000,5392.196420,-23467.912220,-0.313289,0.142739,100.000000,100.000000,0.000000,0.000000,2,4,4,0.0000,0.0000,0.0000,0.5000,"PursuitChaseOptimal",0.008124
4048,B0100,aggressive,UNKNOWN,16398.652583,29231.584909,3168.415091,1992.593872,32337.775638,18785.178418,512.679051,30421.164741,127.538586,6393.936034,-25.077358,0.009216,False,False,False,False,True,True,True,1-circle,1.000000,5392.196420,-23467.912220,-0.313289,0.142739,100.000000,100.000000,0.000000,0.000000,2,4,4,0.0000,0.0000,0.0000,0.5000,"Accelerate",-0.011729
4049,A0100,pursuit_chase_v1,UNKNOWN,16398.652583,29231.584909,3168.415091,1992.593872,32337.775638,18785.178418,512.679051,30421.164741,127.538586,6393.936034,-25.077358,0.009216,False,False,False,False,True,True,True,1-circle,1.000000,5392.196420,-23467.912220,-0.313289,0.142739,100.000000,100.000000,0.000000,0.000000,2,4,4,0.0000,0.0000,0.0000,0.5000,"PursuitChaseOptimal",0.016596
4049,B0100,aggressive,UNKNOWN,16398.652583,29231.584909,3168.415091,1992.593872,32337.775638,18785.178418,512.679051,30421.164741,127.538586,6393.936034,-25.077358,0.009216,False,False,False,False,True,True,True,1-circle,1.000000,5392.196420,-23467.912220,-0.313289,0.142739,100.000000,100.000000,0.000000,0.000000,2,4,4,0.0000,0.0000,0.0000,0.5000,"Accelerate",-0.019858
4050,A0100,pursuit_chase_v1,UNKNOWN,16403.529179,29238.187774,3161.812226,1983.785429,32357.015525,18786.360184,512.643693,30420.741556,-8.463714,6368.575045,-25.204067,0.066699,False,False,False,False,True,True,True,1-circle,1.000000,5393.369283,-23804.161113,-2.266205,0.044305,100.000000,100.000000,0.000000,0.000000,2,4,4,0.0000,0.0000,0.0000,0.5000,"PursuitChaseOptimal",0.008582
4050,B0100,aggressive,UNKNOWN,16403.529179,29238.187774,3161.812226,1983.785429,32357.015525,18786.360184,512.643693,30420.741556,-8.463714,6368.575045,-25.204067,0.066699,False,False,False,False,True,True,True,1-circle,1.000000,5393.369283,-23804.161113,-2.266205,0.044305,100.000000,100.000000,0.000000,0.000000,2,4,4,0.0000,0.0000,0.0000,0.5000,"Accelerate",-0.012546
4051,A0100,pursuit_chase_v1,UNKNOWN,16403.529179,29238.187774,3161.812226,1983.785429,32357.015525,18786.360184,512.643693,30420.741556,-8.463714,6368.575045,-25.204067,0.066699,False,False,False,False,True,True,True,1-circle,1.000000,5393.369283,-23804.161113,-2.266205,0.044305,100.000000,100.000000,0.000000,0.000000,2,4,4,0.0000,0.0000,0.0000,0.5000,"PursuitChaseOptimal",-0.007251
4051,B0100,aggressive,UNKNOWN,16403.529179,29238.187774,3161.812226,1983.785429,32357.015525,18786.360184,512.643693,30420.741556,-8.463714,6368.575045,-25.204067,0.066699,False,False,False,False,True,True,True,1-circle,1.000000,5393.369283,-23804.161113,-2.266205,0.044305,100.000000,100.000000,0.000000,0.000000,2,4,4,0.0000,0.0000,0.0000,0.5000,"Accelerate",0.002608
4052,A0100,pursuit_chase_v1,UNKNOWN,16408.370646,29228.202953,3171.797047,1984.309775,32368.883167,18787.531713,512.803769,30429.180036,168.769604,6366.149453,-25.241340,0.014121,False,False,False,False,True,True,True,1-circle,1.000000,5394.386005,-23467.349048,-0.480159,0.052236,100.000000,100.000000,0.000000,0.000000,2,4,4,0.0000,0.0000,0.0000,0.5000,"PursuitChaseOptimal",-0.011916
4052,B0100,aggressive,UNKNOWN,16408.370646,29228.202953,3171.797047,1984.309775,32368.883167,18787.531713,512.803769,30429.180036,168.769604,6366.149453,-25.241340,0.014121,False,False,False,False,True,True,True,1-circle,1.000000,5394.386005,-23467.349048,-0.480159,0.052236,100.000000,100.000000,0.000000,0.000000,3,8,0,0.0000,0.0000,0.0000,0.5000,"Pursue",0.007123
4053,A0100,pursuit_chase_v1,UNKNOWN,16408.370646,29228.202953,3171.797047,1984.309775,32368.883167,18787.531713,512.803769,30429.180036,168.769604,6366.149453,-25.241340,0.014121,False,False,False,False,True,True,True,1-circle,1.000000,5394.386005,-23467.349048,-0.480159,0.052236,100.000000,100.000000,0.000000,0.000000,2,4,4,0.0000,0.0000,0.0000,0.5000,"PursuitChaseOptimal",-0.001198
4053,B0100,aggressive,UNKNOWN,16408.370646,29228.202953,3171.797047,1984.309775,32368.883167,18787.531713,512.803769,30429.180036,168.769604,6366.149453,-25.241340,0.014121,False,False,False,False,True,True,True,1-circle,1.000000,5394.386005,-23467.349048,-0.480159,0.052236,100.000000,100.000000,0.000000,0.000000,3,8,0,0.0000,0.0000,0.0000,0.5000,"Pursue",-0.003526
4054,A0100,pursuit_chase_v1,UNKNOWN,16413.244090,29212.290298,3187.709702,1983.670826,32385.055919,18788.557797,513.063477,30442.000868,256.416642,6366.656926,-25.163041,0.121719,False,False,False,False,True,True,True,1-circle,1.000000,5395.508727,-22621.670878,4.133797,0.013862,100.000000,100.000000,0.000000,0.000000,2,4,4,0.0000,0.0000,0.0000,0.5000,"PursuitChaseOptimal",-0.002425
4054,B0100,aggressive,UNKNOWN,16413.244090,29212.290298,3187.709702,1983.670826,32385.055919,18788.557797,513.063477,30442.000868,256.416642,6366.656926,-25.163041,0.121719,False,False,False,False,True,True,True,1-circle,1.000000,5395.508727,-22621.670878,4.133797,0.013862,100.000000,100.000000,0.000000,0.000000,3,8,0,0.0000,0.0000,0.0000,0.5000,"Pursue",-0.002341
4055,A0100,pursuit_chase_v1,UNKNOWN,16413.244090,29212.290298,3187.709702,1983.670826,32385.055919,18788.557797,513.063477,30442.000868,256.416642,6366.656926,-25.163041,0.121719,False,False,False,False,True,True,True,1-circle,1.000000,5395.508727,-22621.670878,4.133797,0.013862,100.000000,100.000000,0.000000,0.000000,2,4,4,0.0000,0.0000,0.0000,0.5000,"PursuitChaseOptimal",-0.019884
4055,B0100,aggressive,UNKNOWN,16413.244090,29212.290298,3187.709702,1983.670826,32385.055919,18788.557797,513.063477,30442.000868,256.416642,6366.656926,-25.163041,0.121719,False,False,False,False,True,True,True,1-circle,1.000000,5395.508727,-22621.670878,4.133797,0.013862,100.000000,100.000000,0.000000,0.000000,3,8,0,0.0000,0.0000,0.0000,0.5000,"Pursue",0.015503
4056,A0100,pursuit_chase_v1,UNKNOWN,16418.150009,29204.210807,3195.789193,1985.497911,32395.631350,18789.409852,513.472388,30461.435890,388.700447,6375.696511,-25.246364,0.402521,False,False,False,False,True,True,True,1-circle,1.000000,5396.757592,-20929.485283,13.451535,0.818757,100.000000,100.000000,0.000000,0.000000,2,4,4,0.0000,0.0000,0.0000,0.5000,"PursuitChaseOptimal",-0.025108
4056,B0100,aggressive,UNKNOWN,16418.150009,29204.210807,3195.789193,1985.497911,32395.631350,18789.409852,513.472388,30461.435890,388.700447,6375.696511,-25.246364,0.402521,False,False,False,False,True,True,True,1-circle,1.000000,5396.757592,-20929.485283,13.451535,0.818757,100.000000,100.000000,0.000000,0.000000,3,8,0,0.0000,0.0000,0.0000,0.5000,"Pursue",0.021962
4057,A0100,pursuit_chase_v1,UNKNOWN,16418.150009,29204.210807,3195.789193,1985.497911,32395.631350,18789.409852,513.472388,30461.435890,388.700447,6375.696511,-25.246364,0.402521,False,False,False,False,True,True,True,1-circle,1.000000,5396.757592,-20929.485283,13.451535,0.818757,100.000000,100.000000,0.000000,0.000000,2,4,4,0.0000,0.0000,0.0000,0.5000,"PursuitChaseOptimal",-0.009768
4057,B0100,aggressive,UNKNOWN,16418.150009,29204.210807,3195.789193,1985.497911,32395.631350,18789.409852,513.472388,30461.435890,388.700447,6375.696511,-25.246364,0.402521,False,False,False,False,True,True,True,1-circle,1.000000,5396.757592,-20929.485283,13.451535,0.818757,100.000000,100.000000,0.000000,0.000000,3,8,0,0.0000,0.0000,0.0000,0.5000,"Pursue",0.008101
4058,A0100,pursuit_chase_v1,UNKNOWN,16423.091758,29250.675269,3149.324731,2006.758979,32387.668927,18790.452236,513.657868,30470.912278,189.527744,6371.456528,-26.133080,0.724302,False,False,False,False,True,True,True,1-circle,1.000000,5397.879843,-19142.724944,23.293803,3.089690,100.000000,100.000000,0.000000,0.000000,2,4,4,0.0000,0.0000,0.0000,0.5000,"PursuitChaseOptimal",0.001880
4058,B0100,aggressive,UNKNOWN,16423.091758,29250.675269,3149.324731,2006.758979,32387.668927,18790.452236,513.657868,30470.912278,189.527744,6371.456528,-26.133080,0.724302,False,False,False,False,True,True,True,1-circle,1.000000,5397.879843,-19142.724944,23.293803,3.089690,100.000000,100.000000,0.000000,0.000000,3,8,0,0.0000,0.0000,0.0000,0.5000,"Pursue",-0.002330
4059,A0100,pursuit_chase_v1,UNKNOWN,16423.091758,29250.675269,3149.324731,2006.758979,32387.668927,18790.452236,513.657868,30470.912278,189.527744,6371.456528,-26.133080,0.724302,False,False,False,False,True,True,True,1-circle,1.000000,5397.879843,-19142.724944,23.293803,3.089690,100.000000,100.000000,0.000000,0.000000,2,4,4,0.0000,0.0000,0.0000,0.5000,"PursuitChaseOptimal",-0.004951
4059,B0100,aggressive,UNKNOWN,16423.091758,29250.675269,3149.324731,2006.758979,32387.668927,18790.452236,513.657868,30470.912278,189.527744,6371.456528,-26.133080,0.724302,False,False,False,False,True,True,True,1-circle,1.000000,5397.879843,-19142.724944,23.293803,3.089690,100.000000,100.000000,0.000000,0.000000,3,8,0,0.0000,0.0000,0.0000,0.5000,"Pursue",0.004935
4060,A0100,pursuit_chase_v1,UNKNOWN,16428.022840,29336.810931,3063.189069,2057.665079,32346.894891,18792.226248,513.840260,30480.982880,201.412054,6362.254881,-27.816406,1.093316,False,False,False,False,True,True,True,1-circle,1.000000,5398.230230,-17374.382857,33.028514,5.405812,100.000000,100.000000,0.000000,0.000000,2,4,4,0.0000,0.0000,0.0000,0.5000,"PursuitChaseOptimal",-0.019695
4060,B0100,aggressive,UNKNOWN,16428.022840,29336.810931,3063.189069,2057.665079,32346.894891,18792.226248,513.840260,30480.982880,201.412054,6362.254881,-27.816406,1.093316,False,False,False,False,True,True,True,1-circle,1.000000,5398.230230,-17374.382857,33.028514,5.405812,100.000000,100.000000,0.000000,0.000000,3,8,0,0.0000,0.0000,0.0000,0.5000,"Pursue",0.019741
4061,A0100,pursuit_chase_v1,UNKNOWN,16428.022840,29336.810931,3063.189069,2057.665079,32346.894891,18792.226248,513.840260,30480.982880,201.412054,6362.254881,-27.816406,1.093316,False,False,False,False,True,True,True,1-circle,1.000000,5398.230230,-17374.382857,33.028514,5.405812,100.000000,100.000000,0.000000,0.000000,2,4,4,0.0000,0.0000,0.0000,0.5000,"PursuitChaseOptimal",-0.025709
4061,B0100,aggressive,UNKNOWN,16428.022840,29336.810931,3063.189069,2057.665079,32346.894891,18792.226248,513.840260,30480.982880,201.412054,6362.254881,-27.816406,1.093316,False,False,False,False,True,True,True,1-circle,1.000000,5398.230230,-17374.382857,33.028514,5.405812,100.000000,100.000000,0.000000,0.000000,3,8,0,0.0000,0.0000,0.0000,0.5000,"Pursue",0.025841
4062,A0100,pursuit_chase_v1,UNKNOWN,16432.923063,29430.802795,2969.197205,2148.843904,32273.351344,18794.978897,513.683958,30476.625522,-87.147156,6343.935047,-29.208657,1.569315,False,False,False,False,True,True,True,1-circle,1.000000,5397.618009,-15559.771913,43.012705,6.373454,100.000000,100.000000,0.000000,0.000000,2,4,4,0.0000,0.0000,0.0000,0.5000,"PursuitChaseOptimal",-0.026311
4062,B0100,aggressive,UNKNOWN,16432.923063,29430.802795,2969.197205,2148.843904,32273.351344,18794.978897,513.683958,30476.625522,-87.147156,6343.935047,-29.208657,1.569315,False,False,False,False,True,True,True,1-circle,1.000000,5397.618009,-15559.771913,43.012705,6.373454,100.000000,100.000000,0.000000,0.000000,3,8,0,0.0000,0.0000,0.0000,0.5000,"Pursue",0.026499
4063,A0100,pursuit_chase_v1,UNKNOWN,16432.923063,29430.802795,2969.197205,2148.843904,32273.351344,18794.978897,513.683958,30476.625522,-87.147156,6343.935047,-29.208657,1.569315,False,False,False,False,True,True,True,1-circle,1.000000,5397.618009,-15559.771913,43.012705,6.373454,100.000000,100.000000,0.000000,0.000000,2,4,4,0.0000,0.0000,0.0000,0.5000,"PursuitChaseOptimal",-0.009362
4063,B0100,aggressive,UNKNOWN,16432.923063,29430.802795,2969.197205,2148.843904,32273.351344,18794.978897,513.683958,30476.625522,-87.147156,6343.935047,-29.208657,1.569315,False,False,False,False,True,True,True,1-circle,1.000000,5397.618009,-15559.771913,43.012705,6.373454,100.000000,100.000000,0.000000,0.000000,3,8,0,0.0000,0.0000,0.0000,0.5000,"Pursue",0.010392
4064,A0100,pursuit_chase_v1,UNKNOWN,16437.736238,29520.720351,2879.279649,2274.984877,32168.654916,18798.724232,513.261218,30461.151761,-309.475220,6304.144265,-30.202248,2.061334,False,False,False,False,True,True,True,1-circle,1.000000,5396.125618,-14145.523644,50.764240,7.143315,100.000000,100.000000,0.000000,0.000000,2,4,4,0.0000,0.0000,0.0000,0.5000,"PursuitChaseOptimal",0.001362
4064,B0100,aggressive,UNKNOWN,16437.736238,29520.720351,2879.279649,2274.984877,32168.654916,18798.724232,513.261218,30461.151761,-309.475220,6304.144265,-30.202248,2.061334,False,False,False,False,True,True,True,1-circle,1.000000,5396.125618,-14145.523644,50.764240,7.143315,100.000000,100.000000,0.000000,0.000000,3,8,0,0.0000,0.0000,0.0000,0.5000,"Pursue",0.000180
4065,A0100,pursuit_chase_v1,UNKNOWN,16437.736238,29520.720351,2879.279649,2274.984877,32168.654916,18798.724232,513.261218,30461.151761,-309.475220,6304.144265,-30.202248,2.061334,False,False,False,False,True,True,True,1-circle,1.000000,5396.125618,-14145.523644,50.764240,7.143315,100.000000,100.000000,0.000000,0.000000,2,4,4,0.0000,0.0000,0.0000,0.5000,"PursuitChaseOptimal",0.005591
4065,B0100,aggressive,UNKNOWN,16437.736238,29520.720351,2879.279649,2274.984877,32168.654916,18798.724232,513.261218,30461.151761,-309.475220,6304.144265,-30.202248,2.061334,False,False,False,False,True,True,True,1-circle,1.000000,5396.125618,-14145.523644,50.764240,7.143315,100.000000,100.000000,0.000000,0.000000,3,8,0,0.0000,0.0000,0.0000,0.5000,"Pursue",-0.003829
4066,A0100,pursuit_chase_v1,UNKNOWN,16442.352591,29606.471194,2793.528806,2427.620927,32039.976803,18803.499077,512.581512,30435.058220,-521.870837,6236.280880,-30.877987,2.337694,False,False,False,False,True,True,True,1-circle,1.000000,5393.564067,-13504.153348,54.211755,7.685753,100.000000,100.000000,0.000000,0.000000,2,4,4,0.0000,0.0000,0.0000,0.5000,"PursuitChaseOptimal",-0.006329
4066,B0100,aggressive,UNKNOWN,16442.352591,29606.471194,2793.528806,2427.620927,32039.976803,18803.499077,512.581512,30435.058220,-521.870837,6236.280880,-30.877987,2.337694,False,False,False,False,True,True,True,1-circle,1.000000,5393.564067,-13504.153348,54.211755,7.685753,100.000000,100.000000,0.000000,0.000000,3,8,0,0.0000,0.0000,0.0000,0.5000,"Pursue",0.008138
4067,A0100,pursuit_chase_v1,UNKNOWN,16442.352591,29606.471194,2793.528806,2427.620927,32039.976803,18803.499077,512.581512,30435.058220,-521.870837,6236.280880,-30.877987,2.337694,False,False,False,False,True,True,True,1-circle,1.000000,5393.564067,-13504.153348,54.211755,7.685753,100.000000,100.000000,0.000000,0.000000,2,4,4,0.0000,0.0000,0.0000,0.5000,"PursuitChaseOptimal",-0.012432
4067,B0100,aggressive,UNKNOWN,16442.352591,29606.471194,2793.528806,2427.620927,32039.976803,18803.499077,512.581512,30435.058220,-521.870837,6236.280880,-30.877987,2.337694,False,False,False,False,True,True,True,1-circle,1.000000,5393.564067,-13504.153348,54.211755,7.685753,100.000000,100.000000,0.000000,0.000000,3,8,0,0.0000,0.0000,0.0000,0.5000,"Pursue",0.014297
4068,A0100,pursuit_chase_v1,UNKNOWN,16446.722820,29677.651678,2722.348322,2597.196296,31901.213938,18809.257817,511.821296,30406.340728,-574.349836,6174.894036,-31.312486,2.675104,False,False,False,False,True,True,True,1-circle,1.000000,5389.948663,-12843.343452,57.756528,8.106818,100.000000,100.000000,0.000000,0.000000,2,5,4,0.0000,0.0000,0.0000,0.5000,"PursuitChaseOptimal",0.000507
4068,B0100,aggressive,UNKNOWN,16446.722820,29677.651678,2722.348322,2597.196296,31901.213938,18809.257817,511.821296,30406.340728,-574.349836,6174.894036,-31.312486,2.675104,False,False,False,False,True,True,True,1-circle,1.000000,5389.948663,-12843.343452,57.756528,8.106818,100.000000,100.000000,0.000000,0.000000,3,8,0,0.0000,0.0000,0.0000,0.5000,"Pursue",0.001675
4069,A0100,pursuit_chase_v1,UNKNOWN,16446.722820,29677.651678,2722.348322,2597.196296,31901.213938,18809.257817,511.821296,30406.340728,-574.349836,6174.894036,-31.312486,2.675104,False,False,False,False,True,True,True,1-circle,1.000000,5389.948663,-12843.343452,57.756528,8.106818,100.000000,100.000000,0.000000,0.000000,2,5,4,0.0000,0.0000,0.0000,0.5000,"PursuitChaseOptimal",0.013338
4069,B0100,aggressive,UNKNOWN,16446.722820,29677.651678,2722.348322,2597.196296,31901.213938,18809.257817,511.821296,30406.340728,-574.349836,6174.894036,-31.312486,2.675104,False,False,False,False,True,True,True,1-circle,1.000000,5389.948663,-12843.343452,57.756528,8.106818,100.000000,100.000000,0.000000,0.000000,3,8,0,0.0000,0.0000,0.0000,0.5000,"Pursue",-0.010819
4070,A0100,pursuit_chase_v1,UNKNOWN,16450.824283,29730.799917,2669.200083,2773.373303,31756.464794,18815.914996,511.039659,30377.603603,-574.742499,6099.001726,-31.395271,3.092211,False,False,False,False,True,True,True,1-circle,1.000000,5385.367584,-12172.453041,61.346727,8.443673,100.000000,100.000000,0.000000,0.000000,2,5,4,0.0000,0.0000,0.0000,0.5000,"PursuitChaseOptimal",0.021437
4070,B0100,aggressive,UNKNOWN,16450.824283,29730.799917,2669.200083,2773.373303,31756.464794,18815.914996,511.039659,30377.603603,-574.742499,6099.001726,-31.395271,3.092211,False,False,False,False,True,True,True,1-circle,1.000000,5385.367584,-12172.453041,61.346727,8.443673,100.000000,100.000000,0.000000,0.000000,3,8,0,0.0000,0.0000,0.0000,0.5000,"Pursue",-0.018615
4071,A0100,pursuit_chase_v1,UNKNOWN,16450.824283,29730.799917,2669.200083,2773.373303,31756.464794,18815.914996,511.039659,30377.603603,-574.742499,6099.001726,-31.395271,3.092211,False,False,False,False,True,True,True,1-circle,1.000000,5385.367584,-12172.453041,61.346727,8.443673,100.000000,100.000000,0.000000,0.000000,2,5,4,0.0000,0.0000,0.0000,0.5000,"PursuitChaseOptimal",0.030858
4071,B0100,aggressive,UNKNOWN,16450.824283,29730.799917,2669.200083,2773.373303,31756.464794,18815.914996,511.039659,30377.603603,-574.742499,6099.001726,-31.395271,3.092211,False,False,False,False,True,True,True,1-circle,1.000000,5385.367584,-12172.453041,61.346727,8.443673,100.000000,100.000000,0.000000,0.000000,3,8,0,0.0000,0.0000,0.0000,0.5000,"Pursue",-0.027666
4072,A0100,pursuit_chase_v1,UNKNOWN,16454.580757,29764.193344,2635.806656,2957.271711,31606.548417,18823.366030,510.246789,30349.206875,-567.934565,6006.910248,-31.172216,3.626022,False,False,False,False,True,True,True,1-circle,1.000000,5379.761509,-11490.747485,64.986212,8.701254,100.000000,100.000000,0.000000,0.000000,2,5,4,0.0000,0.0000,0.0000,0.5000,"PursuitChaseOptimal",0.034193
4072,B0100,aggressive,UNKNOWN,16454.580757,29764.193344,2635.806656,2957.271711,31606.548417,18823.366030,510.246789,30349.206875,-567.934565,6006.910248,-31.172216,3.626022,False,False,False,False,True,True,True,1-circle,1.000000,5379.761509,-11490.747485,64.986212,8.701254,100.000000,100.000000,0.000000,0.000000,3,8,0,0.0000,0.0000,0.0000,0.5000,"Pursue",-0.030699
4073,A0100,pursuit_chase_v1,UNKNOWN,16454.580757,29764.193344,2635.806656,2957.271711,31606.548417,18823.366030,510.246789,30349.206875,-567.934565,6006.910248,-31.172216,3.626022,False,False,False,False,True,True,True,1-circle,1.000000,5379.761509,-11490.747485,64.986212,8.701254,100.000000,100.000000,0.000000,0.000000,2,5,4,0.0000,0.0000,0.0000,0.5000,"PursuitChaseOptimal",0.026475
4073,B0100,aggressive,UNKNOWN,16454.580757,29764.193344,2635.806656,2957.271711,31606.548417,18823.366030,510.246789,30349.206875,-567.934565,6006.910248,-31.172216,3.626022,False,False,False,False,True,True,True,1-circle,1.000000,5379.761509,-11490.747485,64.986212,8.701254,100.000000,100.000000,0.000000,0.000000,3,8,0,0.0000,0.0000,0.0000,0.5000,"Pursue",-0.022923
4074,A0100,pursuit_chase_v1,UNKNOWN,16457.938749,29776.750897,2623.249103,3146.984123,31452.240961,18831.500264,509.448587,30321.308527,-557.966954,5911.822090,-30.668338,4.339153,False,False,False,False,True,True,True,1-circle,1.000000,5373.114363,-10798.634609,68.672597,8.879344,100.000000,100.000000,0.000000,0.000000,2,5,4,0.0000,0.0000,0.0000,0.5000,"PursuitChaseOptimal",0.020385
4074,B0100,aggressive,UNKNOWN,16457.938749,29776.750897,2623.249103,3146.984123,31452.240961,18831.500264,509.448587,30321.308527,-557.966954,5911.822090,-30.668338,4.339153,False,False,False,False,True,True,True,1-circle,1.000000,5373.114363,-10798.634609,68.672597,8.879344,100.000000,100.000000,0.000000,0.000000,3,8,0,0.0000,0.0000,0.0000,0.5000,"Pursue",-0.016796
4075,A0100,pursuit_chase_v1,UNKNOWN,16457.938749,29776.750897,2623.249103,3146.984123,31452.240961,18831.500264,509.448587,30321.308527,-557.966954,5911.822090,-30.668338,4.339153,False,False,False,False,True,True,True,1-circle,1.000000,5373.114363,-10798.634609,68.672597,8.879344,100.000000,100.000000,0.000000,0.000000,2,5,4,0.0000,0.0000,0.0000,0.5000,"PursuitChaseOptimal",0.015267
4075,B0100,aggressive,UNKNOWN,16457.938749,29776.750897,2623.249103,3146.984123,31452.240961,18831.500264,509.448587,30321.308527,-557.966954,5911.822090,-30.668338,4.339153,False,False,False,False,True,True,True,1-circle,1.000000,5373.114363,-10798.634609,68.672597,8.879344,100.000000,100.000000,0.000000,0.000000,3,8,0,0.0000,0.0000,0.0000,0.5000,"Pursue",-0.011650
4076,A0100,pursuit_chase_v1,UNKNOWN,16460.894500,29767.910594,2632.089406,3333.281327,31294.265554,18840.201805,508.649487,30293.993504,-546.300468,5822.783765,-29.677107,5.348788,False,False,False,False,True,True,True,1-circle,1.000000,5365.615332,-10096.775478,72.403218,8.976383,100.000000,100.000000,0.000000,0.000000,2,5,4,0.0000,0.0000,0.0000,0.5000,"PursuitChaseOptimal",0.005822
4076,B0100,aggressive,UNKNOWN,16460.894500,29767.910594,2632.089406,3333.281327,31294.265554,18840.201805,508.649487,30293.993504,-546.300468,5822.783765,-29.677107,5.348788,False,False,False,False,True,True,True,1-circle,1.000000,5365.615332,-10096.775478,72.403218,8.976383,100.000000,100.000000,0.000000,0.000000,3,8,0,0.0000,0.0000,0.0000,0.5000,"Pursue",-0.002318
4077,A0100,pursuit_chase_v1,UNKNOWN,16460.894500,29767.910594,2632.089406,3333.281327,31294.265554,18840.201805,508.649487,30293.993504,-546.300468,5822.783765,-29.677107,5.348788,False,False,False,False,True,True,True,1-circle,1.000000,5365.615332,-10096.775478,72.403218,8.976383,100.000000,100.000000,0.000000,0.000000,2,5,4,0.0000,0.0000,0.0000,0.5000,"PursuitChaseOptimal",-0.004847
4077,B0100,aggressive,UNKNOWN,16460.894500,29767.910594,2632.089406,3333.281327,31294.265554,18840.201805,508.649487,30293.993504,-546.300468,5822.783765,-29.677107,5.348788,False,False,False,False,True,True,True,1-circle,1.000000,5365.615332,-10096.775478,72.403218,8.976383,100.000000,100.000000,0.000000,0.000000,3,8,0,0.0000,0.0000,0.0000,0.5000,"Pursue",0.008174
4078,A0100,pursuit_chase_v1,UNKNOWN,16463.433499,29737.679949,2662.320051,3499.361546,31133.303370,18849.350496,507.853149,30267.306306,-533.743953,5746.590806,-27.923262,6.902442,False,False,False,False,True,True,True,1-circle,1.000000,5357.556381,-9386.125489,76.174642,8.990315,100.000000,100.000000,0.000000,0.000000,2,5,4,0.0000,0.0000,0.0000,0.5000,"PursuitChaseOptimal",-0.009054
4078,B0100,aggressive,UNKNOWN,16463.433499,29737.679949,2662.320051,3499.361546,31133.303370,18849.350496,507.853149,30267.306306,-533.743953,5746.590806,-27.923262,6.902442,False,False,False,False,True,True,True,1-circle,1.000000,5357.556381,-9386.125489,76.174642,8.990315,100.000000,100.000000,0.000000,0.000000,3,8,0,0.0000,0.0000,0.0000,0.5000,"Pursue",0.012341
4079,A0100,pursuit_chase_v1,UNKNOWN,16463.433499,29737.679949,2662.320051,3499.361546,31133.303370,18849.350496,507.853149,30267.306306,-533.743953,5746.590806,-27.923262,6.902442,False,False,False,False,True,True,True,1-circle,1.000000,5357.556381,-9386.125489,76.174642,8.990315,100.000000,100.000000,0.000000,0.000000,2,5,4,0.0000,0.0000,0.0000,0.5000,"PursuitChaseOptimal",-0.024130
4079,B0100,aggressive,UNKNOWN,16463.433499,29737.679949,2662.320051,3499.361546,31133.303370,18849.350496,507.853149,30267.306306,-533.743953,5746.590806,-27.923262,6.902442,False,False,False,False,True,True,True,1-circle,1.000000,5357.556381,-9386.125489,76.174642,8.990315,100.000000,100.000000,0.000000,0.000000,3,8,0,0.0000,0.0000,0.0000,0.5000,"Pursue",0.027124
4080,A0100,pursuit_chase_v1,UNKNOWN,16465.524302,29686.520627,2713.479373,3619.818601,30969.925184,18858.822620,507.062835,30241.269145,-520.743211,5680.527918,-24.847935,9.629284,False,False,False,False,True,True,True,1-circle,1.000000,5349.396099,-8668.035700,79.982936,8.919099,100.000000,100.000000,0.000000,0.000000,2,5,4,0.0000,0.0000,0.0000,0.5000,"PursuitChaseOptimal",-0.025996
4080,B0100,aggressive,UNKNOWN,16465.524302,29686.520627,2713.479373,3619.818601,30969.925184,18858.822620,507.062835,30241.269145,-520.743211,5680.527918,-24.847935,9.629284,False,False,False,False,True,True,True,1-circle,1.000000,5349.396099,-8668.035700,79.982936,8.919099,100.000000,100.000000,0.000000,0.000000,3,8,0,0.0000,0.0000,0.0000,0.5000,"Pursue",0.029009
4081,A0100,pursuit_chase_v1,UNKNOWN,16465.524302,29686.520627,2713.479373,3619.818601,30969.925184,18858.822620,507.062835,30241.269145,-520.743211,5680.527918,-24.847935,9.629284,False,False,False,False,True,True,True,1-circle,1.000000,5349.396099,-8668.035700,79.982936,8.919099,100.000000,100.000000,0.000000,0.000000,2,5,4,0.0000,0.0000,0.0000,0.5000,"PursuitChaseOptimal",-0.023947
4081,B0100,aggressive,UNKNOWN,16465.524302,29686.520627,2713.479373,3619.818601,30969.925184,18858.822620,507.062835,30241.269145,-520.743211,5680.527918,-24.847935,9.629284,False,False,False,False,True,True,True,1-circle,1.000000,5349.396099,-8668.035700,79.982936,8.919099,100.000000,100.000000,0.000000,0.000000,3,8,0,0.0000,0.0000,0.0000,0.5000,"Pursue",0.027051
4082,A0100,pursuit_chase_v1,UNKNOWN,16467.102330,29615.327003,2784.672997,3699.019529,30804.655466,18868.491516,506.281606,30215.891319,-507.556526,5628.664129,-20.768176,15.737750,False,False,False,False,True,True,True,1-circle,1.000000,5341.639477,-7944.054469,83.823804,8.760980,100.000000,100.000000,0.000000,0.000000,2,4,4,0.0000,0.0000,0.0000,0.5000,"PursuitChaseOptimal",-0.019628
4082,B0100,aggressive,UNKNOWN,16467.102330,29615.327003,2784.672997,3699.019529,30804.655466,18868.491516,506.281606,30215.891319,-507.556526,5628.664129,-20.768176,15.737750,False,False,False,False,True,True,True,1-circle,1.000000,5341.639477,-7944.054469,83.823804,8.760980,100.000000,100.000000,0.000000,0.000000,3,8,0,0.0000,0.0000,0.0000,0.5000,"Pursue",0.022842
4083,A0100,pursuit_chase_v1,UNKNOWN,16467.102330,29615.327003,2784.672997,3699.019529,30804.655466,18868.491516,506.281606,30215.891319,-507.556526,5628.664129,-20.768176,15.737750,False,False,False,False,True,True,True,1-circle,1.000000,5341.639477,-7944.054469,83.823804,8.760980,100.000000,100.000000,0.000000,0.000000,2,4,4,0.0000,0.0000,0.0000,0.5000,"PursuitChaseOptimal",-0.024755
4083,B0100,aggressive,UNKNOWN,16467.102330,29615.327003,2784.672997,3699.019529,30804.655466,18868.491516,506.281606,30215.891319,-507.556526,5628.664129,-20.768176,15.737750,False,False,False,False,True,True,True,1-circle,1.000000,5341.639477,-7944.054469,83.823804,8.760980,100.000000,100.000000,0.000000,0.000000,3,8,0,0.0000,0.0000,0.0000,0.5000,"Pursue",0.027875
4084,A0100,pursuit_chase_v1,UNKNOWN,16468.147804,29523.322611,2876.677389,3764.413487,30635.956635,18878.225647,505.487233,30190.044471,-516.936967,5588.512369,-16.319290,39.171623,False,False,False,False,True,True,True,1-circle,1.000000,5334.553345,-7248.829447,87.507273,8.524771,100.000000,100.000000,0.000000,0.000000,2,4,4,0.0000,0.0000,0.0000,0.5000,"PursuitChaseOptimal",-0.027363
4084,B0100,aggressive,UNKNOWN,16468.147804,29523.322611,2876.677389,3764.413487,30635.956635,18878.225647,505.487233,30190.044471,-516.936967,5588.512369,-16.319290,39.171623,False,False,False,False,True,True,True,1-circle,1.000000,5334.553345,-7248.829447,87.507273,8.524771,100.000000,100.000000,0.000000,0.000000,3,8,0,0.0000,0.0000,0.0000,0.5000,"Pursue",0.030959
4085,A0100,pursuit_chase_v1,UNKNOWN,16468.147804,29523.322611,2876.677389,3764.413487,30635.956635,18878.225647,505.487233,30190.044471,-516.936967,5588.512369,-16.319290,39.171623,False,False,False,False,True,True,True,1-circle,1.000000,5334.553345,-7248.829447,87.507273,8.524771,100.000000,100.000000,0.000000,0.000000,2,4,4,0.0000,0.0000,0.0000,0.5000,"PursuitChaseOptimal",-0.030223
4085,B0100,aggressive,UNKNOWN,16468.147804,29523.322611,2876.677389,3764.413487,30635.956635,18878.225647,505.487233,30190.044471,-516.936967,5588.512369,-16.319290,39.171623,False,False,False,False,True,True,True,1-circle,1.000000,5334.553345,-7248.829447,87.507273,8.524771,100.000000,100.000000,0.000000,0.000000,3,8,0,0.0000,0.0000,0.0000,0.5000,"Pursue",0.034349
4086,A0100,pursuit_chase_v1,UNKNOWN,16468.629226,29411.771903,2988.228097,3863.559295,30450.058307,18887.917465,504.491169,30155.200246,-696.884484,5539.370353,-11.649085,31.028275,False,False,False,False,True,True,True,1-circle,1.000000,5328.237236,-7335.602787,86.848955,8.340193,100.000000,100.000000,0.000000,0.000000,2,4,4,0.0000,0.0000,0.0000,0.5000,"PursuitChaseOptimal",-0.027969
4086,B0100,aggressive,UNKNOWN,16468.629226,29411.771903,2988.228097,3863.559295,30450.058307,18887.917465,504.491169,30155.200246,-696.884484,5539.370353,-11.649085,31.028275,False,False,False,False,True,True,True,1-circle,1.000000,5328.237236,-7335.602787,86.848955,8.340193,100.000000,100.000000,0.000000,0.000000,3,8,0,0.0000,0.0000,0.0000,0.5000,"Pursue",0.032635
4087,A0100,pursuit_chase_v1,UNKNOWN,16468.629226,29411.771903,2988.228097,3863.559295,30450.058307,18887.917465,504.491169,30155.200246,-696.884484,5539.370353,-11.649085,31.028275,False,False,False,False,True,True,True,1-circle,1.000000,5328.237236,-7335.602787,86.848955,8.340193,100.000000,100.000000,0.000000,0.000000,2,4,4,0.0000,0.0000,0.0000,0.5000,"PursuitChaseOptimal",-0.026817
4087,B0100,aggressive,UNKNOWN,16468.629226,29411.771903,2988.228097,3863.559295,30450.058307,18887.917465,504.491169,30155.200246,-696.884484,5539.370353,-11.649085,31.028275,False,False,False,False,True,True,True,1-circle,1.000000,5328.237236,-7335.602787,86.848955,8.340193,100.000000,100.000000,0.000000,0.000000,3,8,0,0.0000,0.0000,0.0000,0.5000,"Pursue",0.031945
4088,A0100,pursuit_chase_v1,UNKNOWN,16468.521595,29293.159658,3106.840342,4003.190243,30258.630009,18897.587035,503.404555,30116.385351,-776.297912,5490.419166,-7.461343,15.193820,False,False,False,False,True,True,True,1-circle,1.000000,5322.542771,-7893.538203,83.573720,8.131553,100.000000,100.000000,0.000000,0.000000,2,4,4,0.0000,0.0000,0.0000,0.5000,"PursuitChaseOptimal",-0.024834
4088,B0100,aggressive,UNKNOWN,16468.521595,29293.159658,3106.840342,4003.190243,30258.630009,18897.587035,503.404555,30116.385351,-776.297912,5490.419166,-7.461343,15.193820,False,False,False,False,True,True,True,1-circle,1.000000,5322.542771,-7893.538203,83.573720,8.131553,100.000000,100.000000,0.000000,0.000000,3,8,0,0.0000,0.0000,0.0000,0.5000,"Pursue",0.030544
4089,A0100,pursuit_chase_v1,UNKNOWN,16468.521595,29293.159658,3106.840342,4003.190243,30258.630009,18897.587035,503.404555,30116.385351,-776.297912,5490.419166,-7.461343,15.193820,False,False,False,False,True,True,True,1-circle,1.000000,5322.542771,-7893.538203,83.573720,8.131553,100.000000,100.000000,0.000000,0.000000,2,4,4,0.0000,0.0000,0.0000,0.5000,"PursuitChaseOptimal",-0.023310
4089,B0100,aggressive,UNKNOWN,16468.521595,29293.159658,3106.840342,4003.190243,30258.630009,18897.587035,503.404555,30116.385351,-776.297912,5490.419166,-7.461343,15.193820,False,False,False,False,True,True,True,1-circle,1.000000,5322.542771,-7893.538203,83.573720,8.131553,100.000000,100.000000,0.000000,0.000000,3,8,0,0.0000,0.0000,0.0000,0.5000,"Pursue",0.029608
4090,A0100,pursuit_chase_v1,UNKNOWN,16467.826492,29180.033501,3219.966499,4162.333894,30073.221964,18907.314142,502.353018,30079.292584,-741.855331,5431.653803,-3.613759,10.117089,False,False,False,False,True,True,True,1-circle,1.000000,5317.210039,-8436.105611,80.382373,8.010803,100.000000,100.000000,0.000000,0.000000,2,4,4,0.0000,0.0000,0.0000,0.5000,"PursuitChaseOptimal",-0.023707
4090,B0100,aggressive,UNKNOWN,16467.826492,29180.033501,3219.966499,4162.333894,30073.221964,18907.314142,502.353018,30079.292584,-741.855331,5431.653803,-3.613759,10.117089,False,False,False,False,True,True,True,1-circle,1.000000,5317.210039,-8436.105611,80.382373,8.010803,100.000000,100.000000,0.000000,0.000000,3,8,0,0.0000,0.0000,0.0000,0.5000,"Pursue",0.029869
4091,A0100,pursuit_chase_v1,UNKNOWN,16467.826492,29180.033501,3219.966499,4162.333894,30073.221964,18907.314142,502.353018,30079.292584,-741.855331,5431.653803,-3.613759,10.117089,False,False,False,False,True,True,True,1-circle,1.000000,5317.210039,-8436.105611,80.382373,8.010803,100.000000,100.000000,0.000000,0.000000,2,4,4,0.0000,0.0000,0.0000,0.5000,"PursuitChaseOptimal",-0.023252
4091,B0100,aggressive,UNKNOWN,16467.826492,29180.033501,3219.966499,4162.333894,30073.221964,18907.314142,502.353018,30079.292584,-741.855331,5431.653803,-3.613759,10.117089,False,False,False,False,True,True,True,1-circle,1.000000,5317.210039,-8436.105611,80.382373,8.010803,100.000000,100.000000,0.000000,0.000000,3,8,0,0.0000,0.0000,0.0000,0.5000,"Pursue",0.029374
4092,A0100,pursuit_chase_v1,UNKNOWN,16466.547864,29069.967404,3330.032596,4317.208591,29905.499009,18917.159831,501.511832,30051.754865,-550.754384,5379.010865,-0.109684,12.717258,False,False,False,False,True,True,True,1-circle,1.000000,5312.074892,-8056.516873,82.311719,7.849435,100.000000,100.000000,0.000000,0.000000,2,4,4,0.0000,0.0000,0.0000,0.5000,"PursuitChaseOptimal",-0.018367
4092,B0100,aggressive,UNKNOWN,16466.547864,29069.967404,3330.032596,4317.208591,29905.499009,18917.159831,501.511832,30051.754865,-550.754384,5379.010865,-0.109684,12.717258,False,False,False,False,True,True,True,1-circle,1.000000,5312.074892,-8056.516873,82.311719,7.849435,100.000000,100.000000,0.000000,0.000000,3,8,0,0.0000,0.0000,0.0000,0.5000,"Pursue",0.024669
4093,A0100,pursuit_chase_v1,UNKNOWN,16466.547864,29069.967404,3330.032596,4317.208591,29905.499009,18917.159831,501.511832,30051.754865,-550.754384,5379.010865,-0.109684,12.717258,False,False,False,False,True,True,True,1-circle,1.000000,5312.074892,-8056.516873,82.311719,7.849435,100.000000,100.000000,0.000000,0.000000,2,4,4,0.0000,0.0000,0.0000,0.5000,"PursuitChaseOptimal",-0.007908
4093,B0100,aggressive,UNKNOWN,16466.547864,29069.967404,3330.032596,4317.208591,29905.499009,18917.159831,501.511832,30051.754865,-550.754384,5379.010865,-0.109684,12.717258,False,False,False,False,True,True,True,1-circle,1.000000,5312.074892,-8056.516873,82.311719,7.849435,100.000000,100.000000,0.000000,0.000000,3,8,0,0.0000,0.0000,0.0000,0.5000,"Pursue",0.014337
4094,A0100,pursuit_chase_v1,UNKNOWN,16464.740097,28953.002781,3446.997219,4484.719437,29742.161191,18927.042973,500.739633,30027.375565,-487.586010,5331.455036,3.086799,22.473265,False,False,False,False,True,True,True,1-circle,1.000000,5307.121730,-7427.216511,85.625924,7.746635,100.000000,100.000000,0.000000,0.000000,2,4,4,0.0000,0.0000,0.0000,0.5000,"PursuitChaseOptimal",0.003471
4094,B0100,aggressive,UNKNOWN,16464.740097,28953.002781,3446.997219,4484.719437,29742.161191,18927.042973,500.739633,30027.375565,-487.586010,5331.455036,3.086799,22.473265,False,False,False,False,True,True,True,1-circle,1.000000,5307.121730,-7427.216511,85.625924,7.746635,100.000000,100.000000,0.000000,0.000000,3,8,0,0.0000,0.0000,0.0000,0.5000,"Pursue",0.003605
4095,A0100,pursuit_chase_v1,UNKNOWN,16464.740097,28953.002781,3446.997219,4484.719437,29742.161191,18927.042973,500.739633,30027.375565,-487.586010,5331.455036,3.086799,22.473265,False,False,False,False,True,True,True,1-circle,1.000000,5307.121730,-7427.216511,85.625924,7.746635,100.000000,100.000000,0.000000,0.000000,2,4,4,0.0000,0.0000,0.0000,0.5000,"PursuitChaseOptimal",0.015777
4095,B0100,aggressive,UNKNOWN,16464.740097,28953.002781,3446.997219,4484.719437,29742.161191,18927.042973,500.739633,30027.375565,-487.586010,5331.455036,3.086799,22.473265,False,False,False,False,True,True,True,1-circle,1.000000,5307.121730,-7427.216511,85.625924,7.746635,100.000000,100.000000,0.000000,0.000000,3,8,0,0.0000,0.0000,0.0000,0.5000,"Pursue",-0.007966
4096,A0100,pursuit_chase_v1,UNKNOWN,16462.374485,28820.567041,3579.432959,4688.551015,29563.123171,18936.892487,499.773079,29994.413538,-659.240525,5268.777302,6.303852,17.597346,False,False,False,False,True,True,False,1-circle,1.000000,5302.178706,-7612.320408,84.411668,7.688677,100.000000,100.000000,0.000000,0.000000,2,4,4,0.0000,0.0000,0.0000,0.5000,"PursuitChaseOptimal",0.024709
4096,B0100,aggressive,UNKNOWN,16462.374485,28820.567041,3579.432959,4688.551015,29563.123171,18936.892487,499.773079,29994.413538,-659.240525,5268.777302,6.303852,17.597346,False,False,False,False,True,True,False,1-circle,1.000000,5302.178706,-7612.320408,84.411668,7.688677,100.000000,100.000000,0.000000,0.000000,3,8,0,0.0000,0.0000,0.0000,0.5000,"Pursue",-0.016323
4097,A0100,pursuit_chase_v1,UNKNOWN,16462.374485,28820.567041,3579.432959,4688.551015,29563.123171,18936.892487,499.773079,29994.413538,-659.240525,5268.777302,6.303852,17.597346,False,False,False,False,True,True,False,1-circle,1.000000,5302.178706,-7612.320408,84.411668,7.688677,100.000000,100.000000,0.000000,0.000000,2,4,4,0.0000,0.0000,0.0000,0.5000,"PursuitChaseOptimal",0.024778
4097,B0100,aggressive,UNKNOWN,16462.374485,28820.567041,3579.432959,4688.551015,29563.123171,18936.892487,499.773079,29994.413538,-659.240525,5268.777302,6.303852,17.597346,False,False,False,False,True,True,False,1-circle,1.000000,5302.178706,-7612.320408,84.411668,7.688677,100.000000,100.000000,0.000000,0.000000,3,8,0,0.0000,0.0000,0.0000,0.5000,"Pursue",-0.015895
4098,A0100,pursuit_chase_v1,UNKNOWN,16459.376387,28686.734191,3713.265809,4906.718169,29381.392769,18946.753434,498.741349,29958.667410,-714.922559,5213.732577,9.128026,10.623148,False,False,False,False,True,True,False,1-circle,1.000000,5296.945580,-8231.908547,80.777510,7.607573,100.000000,100.000000,0.000000,0.000000,2,4,4,0.0000,0.0000,0.0000,0.5000,"PursuitChaseOptimal",0.022819
4098,B0100,aggressive,UNKNOWN,16459.376387,28686.734191,3713.265809,4906.718169,29381.392769,18946.753434,498.741349,29958.667410,-714.922559,5213.732577,9.128026,10.623148,False,False,False,False,True,True,False,1-circle,1.000000,5296.945580,-8231.908547,80.777510,7.607573,100.000000,100.000000,0.000000,0.000000,3,8,0,0.0000,0.0000,0.0000,0.5000,"Pursue",-0.013383
4099,A0100,pursuit_chase_v1,UNKNOWN,16459.376387,28686.734191,3713.265809,4906.718169,29381.392769,18946.753434,498.741349,29958.667410,-714.922559,5213.732577,9.128026,10.623148,False,False,False,False,True,True,False,1-circle,1.000000,5296.945580,-8231.908547,80.777510,7.607573,100.000000,100.000000,0.000000,0.000000,2,4,4,0.0000,0.0000,0.0000,0.5000,"PursuitChaseOptimal",0.020129
4099,B0100,aggressive,UNKNOWN,16459.376387,28686.734191,3713.265809,4906.718169,29381.392769,18946.753434,498.741349,29958.667410,-714.922559,5213.732577,9.128026,10.623148,False,False,False,False,True,True,False,1-circle,1.000000,5296.945580,-8231.908547,80.777510,7.607573,100.000000,100.000000,0.000000,0.000000,3,8,0,0.0000,0.0000,0.0000,0.5000,"Pursue",-0.010804
4100,A0100,pursuit_chase_v1,UNKNOWN,16455.759295,28564.877525,3835.122475,5111.960265,29213.167326,18956.719705,497.836720,29928.722566,-598.896893,5156.183250,11.849360,9.200249,False,False,False,False,True,True,False,1-circle,1.000000,5291.270094,-8450.309944,79.365599,7.534894,100.000000,100.000000,0.000000,0.000000,2,4,4,0.0000,0.0000,0.0000,0.5000,"PursuitChaseOptimal",0.001497
4100,B0100,aggressive,UNKNOWN,16455.759295,28564.877525,3835.122475,5111.960265,29213.167326,18956.719705,497.836720,29928.722566,-598.896893,5156.183250,11.849360,9.200249,False,False,False,False,True,True,False,1-circle,1.000000,5291.270094,-8450.309944,79.365599,7.534894,100.000000,100.000000,0.000000,0.000000,3,8,0,0.0000,0.0000,0.0000,0.5000,"Pursue",0.007629
4101,A0100,pursuit_chase_v1,UNKNOWN,16455.759295,28564.877525,3835.122475,5111.960265,29213.167326,18956.719705,497.836720,29928.722566,-598.896893,5156.183250,11.849360,9.200249,False,False,False,False,True,True,False,1-circle,1.000000,5291.270094,-8450.309944,79.365599,7.534894,100.000000,100.000000,0.000000,0.000000,2,4,4,0.0000,0.0000,0.0000,0.5000,"PursuitChaseOptimal",-0.010707
4101,B0100,aggressive,UNKNOWN,16455.759295,28564.877525,3835.122475,5111.960265,29213.167326,18956.719705,497.836720,29928.722566,-598.896893,5156.183250,11.849360,9.200249,False,False,False,False,True,True,False,1-circle,1.000000,5291.270094,-8450.309944,79.365599,7.534894,100.000000,100.000000,0.000000,0.000000,3,8,0,0.0000,0.0000,0.0000,0.5000,"Pursue",0.019917
4102,A0100,pursuit_chase_v1,UNKNOWN,16451.551914,28447.651744,3952.348256,5296.355852,29059.956598,18966.775805,497.121483,29907.274558,-428.960154,5108.699827,14.770185,12.983403,False,False,False,False,True,True,False,1-circle,1.000000,5285.300224,-7865.272633,82.412182,7.512517,100.000000,100.000000,0.000000,0.000000,2,4,4,0.0000,0.0000,0.0000,0.5000,"PursuitChaseOptimal",-0.021112
4102,B0100,aggressive,UNKNOWN,16451.551914,28447.651744,3952.348256,5296.355852,29059.956598,18966.775805,497.121483,29907.274558,-428.960154,5108.699827,14.770185,12.983403,False,False,False,False,True,True,False,1-circle,1.000000,5285.300224,-7865.272633,82.412182,7.512517,100.000000,100.000000,0.000000,0.000000,3,8,0,0.0000,0.0000,0.0000,0.5000,"Pursue",0.030395
4103,A0100,pursuit_chase_v1,UNKNOWN,16451.551914,28447.651744,3952.348256,5296.355852,29059.956598,18966.775805,497.121483,29907.274558,-428.960154,5108.699827,14.770185,12.983403,False,False,False,False,True,True,False,1-circle,1.000000,5285.300224,-7865.272633,82.412182,7.512517,100.000000,100.000000,0.000000,0.000000,2,4,4,0.0000,0.0000,0.0000,0.5000,"PursuitChaseOptimal",-0.026797
4103,B0100,aggressive,UNKNOWN,16451.551914,28447.651744,3952.348256,5296.355852,29059.956598,18966.775805,497.121483,29907.274558,-428.960154,5108.699827,14.770185,12.983403,False,False,False,False,True,True,False,1-circle,1.000000,5285.300224,-7865.272633,82.412182,7.512517,100.000000,100.000000,0.000000,0.000000,3,8,0,0.0000,0.0000,0.0000,0.5000,"Pursue",0.036229
4104,A0100,pursuit_chase_v1,UNKNOWN,16446.782881,28321.206835,4078.793165,5482.032471,28904.766794,18976.847307,496.393952,29885.346931,-438.552542,5054.697878,18.310765,21.915670,False,False,False,False,True,True,False,1-circle,1.000000,5279.329667,-7275.434315,85.482232,7.444478,100.000000,100.000000,0.000000,0.000000,2,4,4,0.0000,0.0000,0.0000,0.5000,"PursuitChaseOptimal",-0.028498
4104,B0100,aggressive,UNKNOWN,16446.782881,28321.206835,4078.793165,5482.032471,28904.766794,18976.847307,496.393952,29885.346931,-438.552542,5054.697878,18.310765,21.915670,False,False,False,False,True,True,False,1-circle,1.000000,5279.329667,-7275.434315,85.482232,7.444478,100.000000,100.000000,0.000000,0.000000,3,8,0,0.0000,0.0000,0.0000,0.5000,"Pursue",0.038652
4105,A0100,pursuit_chase_v1,UNKNOWN,16446.782881,28321.206835,4078.793165,5482.032471,28904.766794,18976.847307,496.393952,29885.346931,-438.552542,5054.697878,18.310765,21.915670,False,False,False,False,True,True,False,1-circle,1.000000,5279.329667,-7275.434315,85.482232,7.444478,100.000000,100.000000,0.000000,0.000000,2,4,4,0.0000,0.0000,0.0000,0.5000,"PursuitChaseOptimal",-0.016891
4105,B0100,aggressive,UNKNOWN,16446.782881,28321.206835,4078.793165,5482.032471,28904.766794,18976.847307,496.393952,29885.346931,-438.552542,5054.697878,18.310765,21.915670,False,False,False,False,True,True,False,1-circle,1.000000,5279.329667,-7275.434315,85.482232,7.444478,100.000000,100.000000,0.000000,0.000000,3,8,0,0.0000,0.0000,0.0000,0.5000,"Pursue",0.027835
4106,A0100,pursuit_chase_v1,UNKNOWN,16441.379820,28180.779217,4219.220783,5686.779709,28734.399824,18986.860744,495.475128,29855.014525,-606.648122,4982.068302,22.484873,16.710248,False,False,False,False,True,True,False,1-circle,1.000000,5273.507649,-7491.140333,84.074509,7.423540,100.000000,100.000000,0.000000,0.000000,2,4,4,0.0000,0.0000,0.0000,0.5000,"PursuitChaseOptimal",-0.006014
4106,B0100,aggressive,UNKNOWN,16441.379820,28180.779217,4219.220783,5686.779709,28734.399824,18986.860744,495.475128,29855.014525,-606.648122,4982.068302,22.484873,16.710248,False,False,False,False,True,True,False,1-circle,1.000000,5273.507649,-7491.140333,84.074509,7.423540,100.000000,100.000000,0.000000,0.000000,3,8,0,0.0000,0.0000,0.0000,0.5000,"Pursue",0.017535
4107,A0100,pursuit_chase_v1,UNKNOWN,16441.379820,28180.779217,4219.220783,5686.779709,28734.399824,18986.860744,495.475128,29855.014525,-606.648122,4982.068302,22.484873,16.710248,False,False,False,False,True,True,False,1-circle,1.000000,5273.507649,-7491.140333,84.074509,7.423540,100.000000,100.000000,0.000000,0.000000,2,4,4,0.0000,0.0000,0.0000,0.5000,"PursuitChaseOptimal",-0.002709
4107,B0100,aggressive,UNKNOWN,16441.379820,28180.779217,4219.220783,5686.779709,28734.399824,18986.860744,495.475128,29855.014525,-606.648122,4982.068302,22.484873,16.710248,False,False,False,False,True,True,False,1-circle,1.000000,5273.507649,-7491.140333,84.074509,7.423540,100.000000,100.000000,0.000000,0.000000,3,8,0,0.0000,0.0000,0.0000,0.5000,"Pursue",0.014679
4108,A0100,pursuit_chase_v1,UNKNOWN,16435.211127,28039.750024,4360.249976,5895.092999,28560.813265,18996.870165,494.485370,29821.646996,-667.350582,4896.483208,26.756338,10.177634,False,False,False,False,True,True,False,1-circle,1.000000,5267.650704,-8129.894557,80.313109,7.381244,100.000000,100.000000,0.000000,0.000000,2,4,4,0.0000,0.0000,0.0000,0.5000,"PursuitChaseOptimal",-0.018516
4108,B0100,aggressive,UNKNOWN,16435.211127,28039.750024,4360.249976,5895.092999,28560.813265,18996.870165,494.485370,29821.646996,-667.350582,4896.483208,26.756338,10.177634,False,False,False,False,True,True,False,1-circle,1.000000,5267.650704,-8129.894557,80.313109,7.381244,100.000000,100.000000,0.000000,0.000000,3,8,0,0.0000,0.0000,0.0000,0.5000,"Pursue",0.030985
4109,A0100,pursuit_chase_v1,UNKNOWN,16435.211127,28039.750024,4360.249976,5895.092999,28560.813265,18996.870165,494.485370,29821.646996,-667.350582,4896.483208,26.756338,10.177634,False,False,False,False,True,True,False,1-circle,1.000000,5267.650704,-8129.894557,80.313109,7.381244,100.000000,100.000000,0.000000,0.000000,2,4,4,0.0000,0.0000,0.0000,0.5000,"PursuitChaseOptimal",-0.027710
4109,B0100,aggressive,UNKNOWN,16435.211127,28039.750024,4360.249976,5895.092999,28560.813265,18996.870165,494.485370,29821.646996,-667.350582,4896.483208,26.756338,10.177634,False,False,False,False,True,True,False,1-circle,1.000000,5267.650704,-8129.894557,80.313109,7.381244,100.000000,100.000000,0.000000,0.000000,3,8,0,0.0000,0.0000,0.0000,0.5000,"Pursue",0.040076
4110,A0100,pursuit_chase_v1,UNKNOWN,16428.282246,27912.935112,4487.064888,6091.618845,28401.149451,19006.974969,493.627368,29794.219375,-548.552426,4831.722581,30.609357,8.720657,False,False,False,False,True,True,False,1-circle,1.000000,5261.664092,-8378.234359,78.717237,7.352967,100.000000,100.000000,0.000000,0.000000,2,4,4,0.0000,0.0000,0.0000,0.5000,"PursuitChaseOptimal",-0.035121
4110,B0100,aggressive,UNKNOWN,16428.282246,27912.935112,4487.064888,6091.618845,28401.149451,19006.974969,493.627368,29794.219375,-548.552426,4831.722581,30.609357,8.720657,False,False,False,False,True,True,False,1-circle,1.000000,5261.664092,-8378.234359,78.717237,7.352967,100.000000,100.000000,0.000000,0.000000,3,8,0,0.0000,0.0000,0.0000,0.5000,"Pursue",0.047457
4111,A0100,pursuit_chase_v1,UNKNOWN,16428.282246,27912.935112,4487.064888,6091.618845,28401.149451,19006.974969,493.627368,29794.219375,-548.552426,4831.722581,30.609357,8.720657,False,False,False,False,True,True,False,1-circle,1.000000,5261.664092,-8378.234359,78.717237,7.352967,100.000000,100.000000,0.000000,0.000000,2,4,4,0.0000,0.0000,0.0000,0.5000,"PursuitChaseOptimal",-0.029788
4111,B0100,aggressive,UNKNOWN,16428.282246,27912.935112,4487.064888,6091.618845,28401.149451,19006.974969,493.627368,29794.219375,-548.552426,4831.722581,30.609357,8.720657,False,False,False,False,True,True,False,1-circle,1.000000,5261.664092,-8378.234359,78.717237,7.352967,100.000000,100.000000,0.000000,0.000000,3,8,0,0.0000,0.0000,0.0000,0.5000,"Pursue",0.042321
4112,A0100,pursuit_chase_v1,UNKNOWN,16420.708789,27793.560672,4606.439328,6273.745478,28256.384145,19017.167490,492.955615,29775.072211,-382.943276,4780.740993,34.210237,11.766796,False,False,False,False,True,True,False,1-circle,1.000000,5255.704962,-7823.622461,81.579986,7.371813,100.000000,100.000000,0.000000,0.000000,2,4,4,0.0000,0.0000,0.0000,0.5000,"PursuitChaseOptimal",-0.015440
4112,B0100,aggressive,UNKNOWN,16420.708789,27793.560672,4606.439328,6273.745478,28256.384145,19017.167490,492.955615,29775.072211,-382.943276,4780.740993,34.210237,11.766796,False,False,False,False,True,True,False,1-circle,1.000000,5255.704962,-7823.622461,81.579986,7.371813,100.000000,100.000000,0.000000,0.000000,3,8,0,0.0000,0.0000,0.0000,0.5000,"Pursue",0.028077
4113,A0100,pursuit_chase_v1,UNKNOWN,16420.708789,27793.560672,4606.439328,6273.745478,28256.384145,19017.167490,492.955615,29775.072211,-382.943276,4780.740993,34.210237,11.766796,False,False,False,False,True,True,False,1-circle,1.000000,5255.704962,-7823.622461,81.579986,7.371813,100.000000,100.000000,0.000000,0.000000,2,4,4,0.0000,0.0000,0.0000,0.5000,"PursuitChaseOptimal",-0.006119
4113,B0100,aggressive,UNKNOWN,16420.708789,27793.560672,4606.439328,6273.745478,28256.384145,19017.167490,492.955615,29775.072211,-382.943276,4780.740993,34.210237,11.766796,False,False,False,False,True,True,False,1-circle,1.000000,5255.704962,-7823.622461,81.579986,7.371813,100.000000,100.000000,0.000000,0.000000,3,8,0,0.0000,0.0000,0.0000,0.5000,"Pursue",0.018902
4114,A0100,pursuit_chase_v1,UNKNOWN,16412.501014,27666.424059,4733.575941,6459.182844,28109.050666,19027.380359,492.262850,29755.069515,-400.053910,4717.068809,37.988834,18.201868,False,False,False,False,True,True,False,1-circle,1.000000,5249.759436,-7253.364856,84.527636,7.347110,100.000000,100.000000,0.000000,0.000000,2,5,4,0.0000,0.0000,0.0000,0.5000,"PursuitChaseOptimal",0.006598
4114,B0100,aggressive,UNKNOWN,16412.501014,27666.424059,4733.575941,6459.182844,28109.050666,19027.380359,492.262850,29755.069515,-400.053910,4717.068809,37.988834,18.201868,False,False,False,False,True,True,False,1-circle,1.000000,5249.759436,-7253.364856,84.527636,7.347110,100.000000,100.000000,0.000000,0.000000,3,8,0,0.0000,0.0000,0.0000,0.5000,"Pursue",0.006819
4115,A0100,pursuit_chase_v1,UNKNOWN,16412.501014,27666.424059,4733.575941,6459.182844,28109.050666,19027.380359,492.262850,29755.069515,-400.053910,4717.068809,37.988834,18.201868,False,False,False,False,True,True,False,1-circle,1.000000,5249.759436,-7253.364856,84.527636,7.347110,100.000000,100.000000,0.000000,0.000000,2,5,4,0.0000,0.0000,0.0000,0.5000,"PursuitChaseOptimal",0.024066
4115,B0100,aggressive,UNKNOWN,16412.501014,27666.424059,4733.575941,6459.182844,28109.050666,19027.380359,492.262850,29755.069515,-400.053910,4717.068809,37.988834,18.201868,False,False,False,False,True,True,False,1-circle,1.000000,5249.759436,-7253.364856,84.527636,7.347110,100.000000,100.000000,0.000000,0.000000,3,8,0,0.0000,0.0000,0.0000,0.5000,"Pursue",-0.009998
4116,A0100,pursuit_chase_v1,UNKNOWN,16403.546177,27525.941367,4874.058633,6664.496541,27946.755958,19037.548636,491.380608,29726.819558,-564.999150,4634.221788,42.071905,14.250081,False,False,False,False,True,True,False,1-circle,1.000000,5243.678741,-7485.837663,83.012986,7.365766,100.000000,100.000000,0.000000,0.000000,2,5,4,0.0000,0.0000,0.0000,0.5000,"PursuitChaseOptimal",0.040825
4116,B0100,aggressive,UNKNOWN,16403.546177,27525.941367,4874.058633,6664.496541,27946.755958,19037.548636,491.380608,29726.819558,-564.999150,4634.221788,42.071905,14.250081,False,False,False,False,True,True,False,1-circle,1.000000,5243.678741,-7485.837663,83.012986,7.365766,100.000000,100.000000,0.000000,0.000000,2,4,4,0.0000,0.0000,0.0000,0.5000,"Accelerate",-0.026148
4117,A0100,pursuit_chase_v1,UNKNOWN,16403.546177,27525.941367,4874.058633,6664.496541,27946.755958,19037.548636,491.380608,29726.819558,-564.999150,4634.221788,42.071905,14.250081,False,False,False,False,True,True,False,1-circle,1.000000,5243.678741,-7485.837663,83.012986,7.365766,100.000000,100.000000,0.000000,0.000000,2,5,4,0.0000,0.0000,0.0000,0.5000,"PursuitChaseOptimal",0.042977
4117,B0100,aggressive,UNKNOWN,16403.546177,27525.941367,4874.058633,6664.496541,27946.755958,19037.548636,491.380608,29726.819558,-564.999150,4634.221788,42.071905,14.250081,False,False,False,False,True,True,False,1-circle,1.000000,5243.678741,-7485.837663,83.012986,7.365766,100.000000,100.000000,0.000000,0.000000,2,4,4,0.0000,0.0000,0.0000,0.5000,"Accelerate",-0.027251
4118,A0100,pursuit_chase_v1,UNKNOWN,16393.722983,27379.477793,5020.522207,6890.903872,27773.751597,19047.730483,490.345683,29692.022251,-695.946140,4540.040263,46.016016,8.277920,False,False,False,False,True,True,False,1-circle,1.000000,5237.090960,-8335.273298,78.066090,7.398017,100.000000,100.000000,0.000000,0.000000,2,5,4,0.0000,0.0000,0.0000,0.5000,"PursuitChaseOptimal",0.045412
4118,B0100,aggressive,UNKNOWN,16393.722983,27379.477793,5020.522207,6890.903872,27773.751597,19047.730483,490.345683,29692.022251,-695.946140,4540.040263,46.016016,8.277920,False,False,False,False,True,True,False,1-circle,1.000000,5237.090960,-8335.273298,78.066090,7.398017,100.000000,100.000000,0.000000,0.000000,2,4,4,0.0000,0.0000,0.0000,0.5000,"Accelerate",-0.028555
4119,A0100,pursuit_chase_v1,UNKNOWN,16393.722983,27379.477793,5020.522207,6890.903872,27773.751597,19047.730483,490.345683,29692.022251,-695.946140,4540.040263,46.016016,8.277920,False,False,False,False,True,True,False,1-circle,1.000000,5237.090960,-8335.273298,78.066090,7.398017,100.000000,100.000000,0.000000,0.000000,2,5,4,0.0000,0.0000,0.0000,0.5000,"PursuitChaseOptimal",0.041283
4119,B0100,aggressive,UNKNOWN,16393.722983,27379.477793,5020.522207,6890.903872,27773.751597,19047.730483,490.345683,29692.022251,-695.946140,4540.040263,46.016016,8.277920,False,False,False,False,True,True,False,1-circle,1.000000,5237.090960,-8335.273298,78.066090,7.398017,100.000000,100.000000,0.000000,0.000000,2,4,4,0.0000,0.0000,0.0000,0.5000,"Accelerate",-0.023499
4120,A0100,pursuit_chase_v1,UNKNOWN,16382.944378,27240.825939,5159.174061,7130.327281,27598.463459,19058.103061,489.152078,29650.636990,-827.705215,4436.833513,49.717775,4.669828,False,False,False,False,True,True,False,1-circle,1.000000,5229.647799,-9849.022862,69.422139,7.572346,100.000000,100.000000,0.000000,0.000000,2,5,4,0.0000,0.0000,0.0000,0.5000,"PursuitChaseOptimal",0.030552
4120,B0100,aggressive,UNKNOWN,16382.944378,27240.825939,5159.174061,7130.327281,27598.463459,19058.103061,489.152078,29650.636990,-827.705215,4436.833513,49.717775,4.669828,False,False,False,False,True,True,False,1-circle,1.000000,5229.647799,-9849.022862,69.422139,7.572346,100.000000,100.000000,0.000000,0.000000,2,4,4,0.0000,0.0000,0.0000,0.5000,"Accelerate",-0.012810
4121,A0100,pursuit_chase_v1,UNKNOWN,16382.944378,27240.825939,5159.174061,7130.327281,27598.463459,19058.103061,489.152078,29650.636990,-827.705215,4436.833513,49.717775,4.669828,False,False,False,False,True,True,False,1-circle,1.000000,5229.647799,-9849.022862,69.422139,7.572346,100.000000,100.000000,0.000000,0.000000,2,5,4,0.0000,0.0000,0.0000,0.5000,"PursuitChaseOptimal",0.015518
4121,B0100,aggressive,UNKNOWN,16382.944378,27240.825939,5159.174061,7130.327281,27598.463459,19058.103061,489.152078,29650.636990,-827.705215,4436.833513,49.717775,4.669828,False,False,False,False,True,True,False,1-circle,1.000000,5229.647799,-9849.022862,69.422139,7.572346,100.000000,100.000000,0.000000,0.000000,2,4,4,0.0000,0.0000,0.0000,0.5000,"Accelerate",0.001367
4122,A0100,pursuit_chase_v1,UNKNOWN,16371.297451,27151.250149,5248.749851,7318.581966,27469.885567,19068.910174,488.334954,29626.084200,-491.055805,4368.319575,51.880302,2.885070,False,False,False,False,True,True,False,1-circle,1.000000,5221.158297,-11739.522865,58.678264,7.768351,100.000000,100.000000,0.000000,0.000000,2,5,4,0.0000,0.0000,0.0000,0.5000,"PursuitChaseOptimal",0.004170
4122,B0100,aggressive,UNKNOWN,16371.297451,27151.250149,5248.749851,7318.581966,27469.885567,19068.910174,488.334954,29626.084200,-491.055805,4368.319575,51.880302,2.885070,False,False,False,False,True,True,False,1-circle,1.000000,5221.158297,-11739.522865,58.678264,7.768351,100.000000,100.000000,0.000000,0.000000,2,4,4,0.0000,0.0000,0.0000,0.5000,"Accelerate",0.011468
4123,A0100,pursuit_chase_v1,UNKNOWN,16371.297451,27151.250149,5248.749851,7318.581966,27469.885567,19068.910174,488.334954,29626.084200,-491.055805,4368.319575,51.880302,2.885070,False,False,False,False,True,True,False,1-circle,1.000000,5221.158297,-11739.522865,58.678264,7.768351,100.000000,100.000000,0.000000,0.000000,2,5,4,0.0000,0.0000,0.0000,0.5000,"PursuitChaseOptimal",-0.015141
4123,B0100,aggressive,UNKNOWN,16371.297451,27151.250149,5248.749851,7318.581966,27469.885567,19068.910174,488.334954,29626.084200,-491.055805,4368.319575,51.880302,2.885070,False,False,False,False,True,True,False,1-circle,1.000000,5221.158297,-11739.522865,58.678264,7.768351,100.000000,100.000000,0.000000,0.000000,2,4,4,0.0000,0.0000,0.0000,0.5000,"Accelerate",0.029648
4124,A0100,pursuit_chase_v1,UNKNOWN,16359.099429,27110.781365,5289.218635,7396.770093,27403.003143,19080.215988,487.765049,29612.763152,-266.420949,4316.022625,53.837799,2.227162,False,False,False,False,True,True,False,1-circle,1.000000,5211.953725,-12946.960750,51.725967,7.302997,100.000000,100.000000,0.000000,0.000000,2,5,4,0.0000,0.0000,0.0000,0.5000,"PursuitChaseOptimal",-0.019233
4124,B0100,aggressive,UNKNOWN,16359.099429,27110.781365,5289.218635,7396.770093,27403.003143,19080.215988,487.765049,29612.763152,-266.420949,4316.022625,53.837799,2.227162,False,False,False,False,True,True,False,1-circle,1.000000,5211.953725,-12946.960750,51.725967,7.302997,100.000000,100.000000,0.000000,0.000000,2,4,4,0.0000,0.0000,0.0000,0.5000,"Accelerate",0.032792
4125,A0100,pursuit_chase_v1,UNKNOWN,16359.099429,27110.781365,5289.218635,7396.770093,27403.003143,19080.215988,487.765049,29612.763152,-266.420949,4316.022625,53.837799,2.227162,False,False,False,False,True,True,False,1-circle,1.000000,5211.953725,-12946.960750,51.725967,7.302997,100.000000,100.000000,0.000000,0.000000,2,5,4,0.0000,0.0000,0.0000,0.5000,"PursuitChaseOptimal",-0.017582
4125,B0100,aggressive,UNKNOWN,16359.099429,27110.781365,5289.218635,7396.770093,27403.003143,19080.215988,487.765049,29612.763152,-266.420949,4316.022625,53.837799,2.227162,False,False,False,False,True,True,False,1-circle,1.000000,5211.953725,-12946.960750,51.725967,7.302997,100.000000,100.000000,0.000000,0.000000,2,4,4,0.0000,0.0000,0.0000,0.5000,"Accelerate",0.030608
4126,A0100,pursuit_chase_v1,UNKNOWN,16346.532924,27101.722423,5298.277577,7373.645767,27377.560840,19091.874948,487.433601,29610.112739,-53.008262,4286.513557,56.020131,1.815208,False,False,False,False,True,True,False,1-circle,1.000000,5202.767248,-13949.405972,45.915664,7.051912,100.000000,100.000000,0.000000,0.000000,2,5,4,0.0000,0.0000,0.0000,0.5000,"PursuitChaseOptimal",-0.017554
4126,B0100,aggressive,UNKNOWN,16346.532924,27101.722423,5298.277577,7373.645767,27377.560840,19091.874948,487.433601,29610.112739,-53.008262,4286.513557,56.020131,1.815208,False,False,False,False,True,True,False,1-circle,1.000000,5202.767248,-13949.405972,45.915664,7.051912,100.000000,100.000000,0.000000,0.000000,2,4,4,0.0000,0.0000,0.0000,0.5000,"Accelerate",0.029993
4127,A0100,pursuit_chase_v1,UNKNOWN,16346.532924,27101.722423,5298.277577,7373.645767,27377.560840,19091.874948,487.433601,29610.112739,-53.008262,4286.513557,56.020131,1.815208,False,False,False,False,True,True,False,1-circle,1.000000,5202.767248,-13949.405972,45.915664,7.051912,100.000000,100.000000,0.000000,0.000000,2,5,4,0.0000,0.0000,0.0000,0.5000,"PursuitChaseOptimal",-0.016700
4127,B0100,aggressive,UNKNOWN,16346.532924,27101.722423,5298.277577,7373.645767,27377.560840,19091.874948,487.433601,29610.112739,-53.008262,4286.513557,56.020131,1.815208,False,False,False,False,True,True,False,1-circle,1.000000,5202.767248,-13949.405972,45.915664,7.051912,100.000000,100.000000,0.000000,0.000000,2,4,4,0.0000,0.0000,0.0000,0.5000,"Accelerate",0.028482
4128,A0100,pursuit_chase_v1,UNKNOWN,16333.730457,27105.865208,5294.134792,7302.685966,27373.180013,19103.780904,487.292134,29615.914240,116.030024,4282.458783,57.897726,1.478193,False,False,False,False,True,True,False,1-circle,1.000000,5193.988868,-14962.369491,40.053659,6.787791,100.000000,100.000000,0.000000,0.000000,2,5,4,0.0000,0.0000,0.0000,0.5000,"PursuitChaseOptimal",-0.014174
4128,B0100,aggressive,UNKNOWN,16333.730457,27105.865208,5294.134792,7302.685966,27373.180013,19103.780904,487.292134,29615.914240,116.030024,4282.458783,57.897726,1.478193,False,False,False,False,True,True,False,1-circle,1.000000,5193.988868,-14962.369491,40.053659,6.787791,100.000000,100.000000,0.000000,0.000000,2,4,4,0.0000,0.0000,0.0000,0.5000,"Accelerate",0.024887
4129,A0100,pursuit_chase_v1,UNKNOWN,16333.730457,27105.865208,5294.134792,7302.685966,27373.180013,19103.780904,487.292134,29615.914240,116.030024,4282.458783,57.897726,1.478193,False,False,False,False,True,True,False,1-circle,1.000000,5193.988868,-14962.369491,40.053659,6.787791,100.000000,100.000000,0.000000,0.000000,2,5,4,0.0000,0.0000,0.0000,0.5000,"PursuitChaseOptimal",-0.011341
4129,B0100,aggressive,UNKNOWN,16333.730457,27105.865208,5294.134792,7302.685966,27373.180013,19103.780904,487.292134,29615.914240,116.030024,4282.458783,57.897726,1.478193,False,False,False,False,True,True,False,1-circle,1.000000,5193.988868,-14962.369491,40.053659,6.787791,100.000000,100.000000,0.000000,0.000000,2,4,4,0.0000,0.0000,0.0000,0.5000,"Accelerate",0.020888
4130,A0100,pursuit_chase_v1,UNKNOWN,16320.857208,27124.353532,5275.646468,7198.506715,27395.721073,19115.752845,487.084011,29618.908586,59.886904,4292.497422,59.073833,1.202178,False,False,False,False,True,True,False,1-circle,1.000000,5185.842263,-15947.489793,34.354804,5.765798,100.000000,100.000000,0.000000,0.000000,2,4,4,0.0000,0.0000,0.0000,0.5000,"PursuitChaseOptimal",-0.005608
4130,B0100,aggressive,UNKNOWN,16320.857208,27124.353532,5275.646468,7198.506715,27395.721073,19115.752845,487.084011,29618.908586,59.886904,4292.497422,59.073833,1.202178,False,False,False,False,True,True,False,1-circle,1.000000,5185.842263,-15947.489793,34.354804,5.765798,100.000000,100.000000,0.000000,0.000000,2,4,4,0.0000,0.0000,0.0000,0.5000,"Accelerate",0.013998
4131,A0100,pursuit_chase_v1,UNKNOWN,16320.857208,27124.353532,5275.646468,7198.506715,27395.721073,19115.752845,487.084011,29618.908586,59.886904,4292.497422,59.073833,1.202178,False,False,False,False,True,True,False,1-circle,1.000000,5185.842263,-15947.489793,34.354804,5.765798,100.000000,100.000000,0.000000,0.000000,2,4,4,0.0000,0.0000,0.0000,0.5000,"PursuitChaseOptimal",-0.010345
4131,B0100,aggressive,UNKNOWN,16320.857208,27124.353532,5275.646468,7198.506715,27395.721073,19115.752845,487.084011,29618.908586,59.886904,4292.497422,59.073833,1.202178,False,False,False,False,True,True,False,1-circle,1.000000,5185.842263,-15947.489793,34.354804,5.765798,100.000000,100.000000,0.000000,0.000000,2,4,4,0.0000,0.0000,0.0000,0.5000,"Accelerate",0.017714
4132,A0100,pursuit_chase_v1,UNKNOWN,16308.096698,27151.541193,5248.458807,7066.486026,27441.798438,19127.511931,486.884259,29622.054800,62.924294,4305.550999,59.855409,0.957233,False,False,False,False,True,True,False,1-circle,1.000000,5178.542057,-16952.877370,28.553213,4.374221,100.000000,100.000000,0.000000,0.000000,2,4,4,0.0000,0.0000,0.0000,0.5000,"PursuitChaseOptimal",-0.014904
4132,B0100,aggressive,UNKNOWN,16308.096698,27151.541193,5248.458807,7066.486026,27441.798438,19127.511931,486.884259,29622.054800,62.924294,4305.550999,59.855409,0.957233,False,False,False,False,True,True,False,1-circle,1.000000,5178.542057,-16952.877370,28.553213,4.374221,100.000000,100.000000,0.000000,0.000000,2,4,4,0.0000,0.0000,0.0000,0.5000,"Accelerate",0.021495
4133,A0100,pursuit_chase_v1,UNKNOWN,16308.096698,27151.541193,5248.458807,7066.486026,27441.798438,19127.511931,486.884259,29622.054800,62.924294,4305.550999,59.855409,0.957233,False,False,False,False,True,True,False,1-circle,1.000000,5178.542057,-16952.877370,28.553213,4.374221,100.000000,100.000000,0.000000,0.000000,2,4,4,0.0000,0.0000,0.0000,0.5000,"PursuitChaseOptimal",-0.019300
4133,B0100,aggressive,UNKNOWN,16308.096698,27151.541193,5248.458807,7066.486026,27441.798438,19127.511931,486.884259,29622.054800,62.924294,4305.550999,59.855409,0.957233,False,False,False,False,True,True,False,1-circle,1.000000,5178.542057,-16952.877370,28.553213,4.374221,100.000000,100.000000,0.000000,0.000000,2,4,4,0.0000,0.0000,0.0000,0.5000,"Accelerate",0.025361
4134,A0100,pursuit_chase_v1,UNKNOWN,16295.537626,27178.193398,5221.806602,6933.490350,27499.460337,19138.779860,486.546010,29618.746212,-66.171756,4303.915098,60.708378,0.739935,False,False,False,False,True,True,False,1-circle,1.000000,5172.349151,-17951.013045,22.803111,3.357519,100.000000,100.000000,0.000000,0.000000,2,4,4,0.0000,0.0000,0.0000,0.5000,"PursuitChaseOptimal",-0.021270
4134,B0100,aggressive,UNKNOWN,16295.537626,27178.193398,5221.806602,6933.490350,27499.460337,19138.779860,486.546010,29618.746212,-66.171756,4303.915098,60.708378,0.739935,False,False,False,False,True,True,False,1-circle,1.000000,5172.349151,-17951.013045,22.803111,3.357519,100.000000,100.000000,0.000000,0.000000,2,4,4,0.0000,0.0000,0.0000,0.5000,"Accelerate",0.026918
4135,A0100,pursuit_chase_v1,UNKNOWN,16295.537626,27178.193398,5221.806602,6933.490350,27499.460337,19138.779860,486.546010,29618.746212,-66.171756,4303.915098,60.708378,0.739935,False,False,False,False,True,True,False,1-circle,1.000000,5172.349151,-17951.013045,22.803111,3.357519,100.000000,100.000000,0.000000,0.000000,2,4,4,0.0000,0.0000,0.0000,0.5000,"PursuitChaseOptimal",-0.022342
4135,B0100,aggressive,UNKNOWN,16295.537626,27178.193398,5221.806602,6933.490350,27499.460337,19138.779860,486.546010,29618.746212,-66.171756,4303.915098,60.708378,0.739935,False,False,False,False,True,True,False,1-circle,1.000000,5172.349151,-17951.013045,22.803111,3.357519,100.000000,100.000000,0.000000,0.000000,2,4,4,0.0000,0.0000,0.0000,0.5000,"Accelerate",0.027664
4136,A0100,pursuit_chase_v1,UNKNOWN,16283.243516,27199.914024,5200.085976,6827.962939,27559.237018,19149.375997,486.117054,29610.871493,-157.494399,4298.128537,61.233196,0.546870,False,False,False,False,True,True,False,1-circle,1.000000,5167.375546,-18915.579290,17.250588,2.525301,100.000000,100.000000,0.000000,0.000000,2,4,4,0.0000,0.0000,0.0000,0.5000,"PursuitChaseOptimal",-0.020445
4136,B0100,aggressive,UNKNOWN,16283.243516,27199.914024,5200.085976,6827.962939,27559.237018,19149.375997,486.117054,29610.871493,-157.494399,4298.128537,61.233196,0.546870,False,False,False,False,True,True,False,1-circle,1.000000,5167.375546,-18915.579290,17.250588,2.525301,100.000000,100.000000,0.000000,0.000000,2,4,4,0.0000,0.0000,0.0000,0.5000,"Accelerate",0.025472
4137,A0100,pursuit_chase_v1,UNKNOWN,16283.243516,27199.914024,5200.085976,6827.962939,27559.237018,19149.375997,486.117054,29610.871493,-157.494399,4298.128537,61.233196,0.546870,False,False,False,False,True,True,False,1-circle,1.000000,5167.375546,-18915.579290,17.250588,2.525301,100.000000,100.000000,0.000000,0.000000,2,4,4,0.0000,0.0000,0.0000,0.5000,"PursuitChaseOptimal",-0.015816
4137,B0100,aggressive,UNKNOWN,16283.243516,27199.914024,5200.085976,6827.962939,27559.237018,19149.375997,486.117054,29610.871493,-157.494399,4298.128537,61.233196,0.546870,False,False,False,False,True,True,False,1-circle,1.000000,5167.375546,-18915.579290,17.250588,2.525301,100.000000,100.000000,0.000000,0.000000,2,4,4,0.0000,0.0000,0.0000,0.5000,"Accelerate",0.020550
4138,A0100,pursuit_chase_v1,UNKNOWN,16271.231692,27215.518211,5184.481789,6757.188663,27617.410940,19159.205088,485.641110,29600.225479,-212.920275,4273.460730,61.597470,0.371353,False,False,False,False,True,True,False,1-circle,1.000000,5163.545542,-19845.899309,11.897993,1.791946,100.000000,100.000000,0.000000,0.000000,2,4,4,0.0000,0.0000,0.0000,0.5000,"PursuitChaseOptimal",-0.008463
4138,B0100,aggressive,UNKNOWN,16271.231692,27215.518211,5184.481789,6757.188663,27617.410940,19159.205088,485.641110,29600.225479,-212.920275,4273.460730,61.597470,0.371353,False,False,False,False,True,True,False,1-circle,1.000000,5163.545542,-19845.899309,11.897993,1.791946,100.000000,100.000000,0.000000,0.000000,2,4,4,0.0000,0.0000,0.0000,0.5000,"Accelerate",0.012873
4139,A0100,pursuit_chase_v1,UNKNOWN,16271.231692,27215.518211,5184.481789,6757.188663,27617.410940,19159.205088,485.641110,29600.225479,-212.920275,4273.460730,61.597470,0.371353,False,False,False,False,True,True,False,1-circle,1.000000,5163.545542,-19845.899309,11.897993,1.791946,100.000000,100.000000,0.000000,0.000000,2,4,4,0.0000,0.0000,0.0000,0.5000,"PursuitChaseOptimal",-0.001549
4139,B0100,aggressive,UNKNOWN,16271.231692,27215.518211,5184.481789,6757.188663,27617.410940,19159.205088,485.641110,29600.225479,-212.920275,4273.460730,61.597470,0.371353,False,False,False,False,True,True,False,1-circle,1.000000,5163.545542,-19845.899309,11.897993,1.791946,100.000000,100.000000,0.000000,0.000000,2,4,4,0.0000,0.0000,0.0000,0.5000,"Accelerate",0.005667
4140,A0100,pursuit_chase_v1,UNKNOWN,16259.493316,27225.030909,5174.969091,6721.424192,27672.498293,19168.217154,485.142465,29587.807370,-248.362173,4241.612465,61.518411,0.208163,False,False,False,False,True,True,False,1-circle,1.000000,5160.656757,-20744.308235,6.730320,1.116110,100.000000,100.000000,0.000000,0.000000,2,4,4,0.0000,0.0000,0.0000,0.5000,"PursuitChaseOptimal",0.007626
4140,B0100,aggressive,UNKNOWN,16259.493316,27225.030909,5174.969091,6721.424192,27672.498293,19168.217154,485.142465,29587.807370,-248.362173,4241.612465,61.518411,0.208163,False,False,False,False,True,True,False,1-circle,1.000000,5160.656757,-20744.308235,6.730320,1.116110,100.000000,100.000000,0.000000,0.000000,2,4,4,0.0000,0.0000,0.0000,0.5000,"Accelerate",-0.003830
4141,A0100,pursuit_chase_v1,UNKNOWN,16259.493316,27225.030909,5174.969091,6721.424192,27672.498293,19168.217154,485.142465,29587.807370,-248.362173,4241.612465,61.518411,0.208163,False,False,False,False,True,True,False,1-circle,1.000000,5160.656757,-20744.308235,6.730320,1.116110,100.000000,100.000000,0.000000,0.000000,2,4,4,0.0000,0.0000,0.0000,0.5000,"PursuitChaseOptimal",0.018413
4141,B0100,aggressive,UNKNOWN,16259.493316,27225.030909,5174.969091,6721.424192,27672.498293,19168.217154,485.142465,29587.807370,-248.362173,4241.612465,61.518411,0.208163,False,False,False,False,True,True,False,1-circle,1.000000,5160.656757,-20744.308235,6.730320,1.116110,100.000000,100.000000,0.000000,0.000000,2,4,4,0.0000,0.0000,0.0000,0.5000,"Accelerate",-0.015143
4142,A0100,pursuit_chase_v1,UNKNOWN,16248.032614,27230.078579,5169.921421,6709.174412,27725.863862,19176.387343,484.691169,29576.601241,-224.122583,4217.053145,60.803852,0.061572,False,False,False,False,True,True,False,1-circle,1.000000,5158.448702,-21565.404571,1.997644,0.485947,100.000000,100.000000,0.000000,0.000000,2,4,4,0.0000,0.0000,0.0000,0.5000,"PursuitChaseOptimal",0.014601
4142,B0100,aggressive,UNKNOWN,16248.032614,27230.078579,5169.921421,6709.174412,27725.863862,19176.387343,484.691169,29576.601241,-224.122583,4217.053145,60.803852,0.061572,False,False,False,False,True,True,False,1-circle,1.000000,5158.448702,-21565.404571,1.997644,0.485947,100.000000,100.000000,0.000000,0.000000,2,4,4,0.0000,0.0000,0.0000,0.5000,"Accelerate",-0.011176
4143,A0100,pursuit_chase_v1,UNKNOWN,16248.032614,27230.078579,5169.921421,6709.174412,27725.863862,19176.387343,484.691169,29576.601241,-224.122583,4217.053145,60.803852,0.061572,False,False,False,False,True,True,False,1-circle,1.000000,5158.448702,-21565.404571,1.997644,0.485947,100.000000,100.000000,0.000000,0.000000,2,4,4,0.0000,0.0000,0.0000,0.5000,"PursuitChaseOptimal",0.009196
4143,B0100,aggressive,UNKNOWN,16248.032614,27230.078579,5169.921421,6709.174412,27725.863862,19176.387343,484.691169,29576.601241,-224.122583,4217.053145,60.803852,0.061572,False,False,False,False,True,True,False,1-circle,1.000000,5158.448702,-21565.404571,1.997644,0.485947,100.000000,100.000000,0.000000,0.000000,2,4,4,0.0000,0.0000,0.0000,0.5000,"Accelerate",-0.005404
4144,A0100,pursuit_chase_v1,UNKNOWN,16236.912604,27227.924847,5172.075153,6709.727454,27771.227038,19183.697697,484.554640,29578.053344,29.042067,4224.672318,59.670097,0.099236,False,False,False,False,True,True,False,1-circle,1.000000,5156.755682,-21315.863593,3.217025,0.538739,100.000000,100.000000,0.000000,0.000000,2,4,4,0.0000,0.0000,0.0000,0.5000,"PursuitChaseOptimal",0.002363
4144,B0100,aggressive,UNKNOWN,16236.912604,27227.924847,5172.075153,6709.727454,27771.227038,19183.697697,484.554640,29578.053344,29.042067,4224.672318,59.670097,0.099236,False,False,False,False,True,True,False,1-circle,1.000000,5156.755682,-21315.863593,3.217025,0.538739,100.000000,100.000000,0.000000,0.000000,2,4,4,0.0000,0.0000,0.0000,0.5000,"Accelerate",0.001930
4145,A0100,pursuit_chase_v1,UNKNOWN,16236.912604,27227.924847,5172.075153,6709.727454,27771.227038,19183.697697,484.554640,29578.053344,29.042067,4224.672318,59.670097,0.099236,False,False,False,False,True,True,False,1-circle,1.000000,5156.755682,-21315.863593,3.217025,0.538739,100.000000,100.000000,0.000000,0.000000,2,4,4,0.0000,0.0000,0.0000,0.5000,"PursuitChaseOptimal",-0.011351
4145,B0100,aggressive,UNKNOWN,16236.912604,27227.924847,5172.075153,6709.727454,27771.227038,19183.697697,484.554640,29578.053344,29.042067,4224.672318,59.670097,0.099236,False,False,False,False,True,True,False,1-circle,1.000000,5156.755682,-21315.863593,3.217025,0.538739,100.000000,100.000000,0.000000,0.000000,2,4,4,0.0000,0.0000,0.0000,0.5000,"Accelerate",0.016533
4146,A0100,pursuit_chase_v1,UNKNOWN,16226.119294,27247.893993,5152.106007,6701.564240,27820.617971,19190.369110,484.312151,29574.323920,-74.588480,4214.762330,58.483990,0.055573,False,False,False,False,True,True,False,1-circle,1.000000,5155.443784,-21541.087252,1.802182,1.359830,100.000000,100.000000,0.000000,0.000000,2,4,4,0.0000,0.0000,0.0000,0.5000,"PursuitChaseOptimal",-0.016436
4146,B0100,aggressive,UNKNOWN,16226.119294,27247.893993,5152.106007,6701.564240,27820.617971,19190.369110,484.312151,29574.323920,-74.588480,4214.762330,58.483990,0.055573,False,False,False,False,True,True,False,1-circle,1.000000,5155.443784,-21541.087252,1.802182,1.359830,100.000000,100.000000,0.000000,0.000000,2,4,4,0.0000,0.0000,0.0000,0.5000,"Accelerate",0.021623
4147,A0100,pursuit_chase_v1,UNKNOWN,16226.119294,27247.893993,5152.106007,6701.564240,27820.617971,19190.369110,484.312151,29574.323920,-74.588480,4214.762330,58.483990,0.055573,False,False,False,False,True,True,False,1-circle,1.000000,5155.443784,-21541.087252,1.802182,1.359830,100.000000,100.000000,0.000000,0.000000,2,4,4,0.0000,0.0000,0.0000,0.5000,"PursuitChaseOptimal",-0.026336
4147,B0100,aggressive,UNKNOWN,16226.119294,27247.893993,5152.106007,6701.564240,27820.617971,19190.369110,484.312151,29574.323920,-74.588480,4214.762330,58.483990,0.055573,False,False,False,False,True,True,False,1-circle,1.000000,5155.443784,-21541.087252,1.802182,1.359830,100.000000,100.000000,0.000000,0.000000,2,4,4,0.0000,0.0000,0.0000,0.5000,"Accelerate",0.031757
4148,A0100,pursuit_chase_v1,UNKNOWN,16215.616464,27269.119681,5130.880319,6691.482015,27866.333458,19196.696732,484.207635,29576.170250,36.926601,4213.892483,57.453075,0.027879,False,False,False,False,True,True,False,1-circle,1.000000,5154.412439,-21673.823090,0.904198,1.957767,100.000000,100.000000,0.000000,0.000000,2,5,4,0.0000,0.0000,0.0000,0.5000,"PursuitChaseOptimal",-0.030570
4148,B0100,aggressive,UNKNOWN,16215.616464,27269.119681,5130.880319,6691.482015,27866.333458,19196.696732,484.207635,29576.170250,36.926601,4213.892483,57.453075,0.027879,False,False,False,False,True,True,False,1-circle,1.000000,5154.412439,-21673.823090,0.904198,1.957767,100.000000,100.000000,0.000000,0.000000,2,4,4,0.0000,0.0000,0.0000,0.5000,"Accelerate",0.036210
4149,A0100,pursuit_chase_v1,UNKNOWN,16215.616464,27269.119681,5130.880319,6691.482015,27866.333458,19196.696732,484.207635,29576.170250,36.926601,4213.892483,57.453075,0.027879,False,False,False,False,True,True,False,1-circle,1.000000,5154.412439,-21673.823090,0.904198,1.957767,100.000000,100.000000,0.000000,0.000000,2,5,4,0.0000,0.0000,0.0000,0.5000,"PursuitChaseOptimal",-0.017544
4149,B0100,aggressive,UNKNOWN,16215.616464,27269.119681,5130.880319,6691.482015,27866.333458,19196.696732,484.207635,29576.170250,36.926601,4213.892483,57.453075,0.027879,False,False,False,False,True,True,False,1-circle,1.000000,5154.412439,-21673.823090,0.904198,1.957767,100.000000,100.000000,0.000000,0.000000,2,4,4,0.0000,0.0000,0.0000,0.5000,"Accelerate",0.022894
4150,A0100,pursuit_chase_v1,UNKNOWN,16205.411733,27292.903725,5107.096275,6684.531347,27910.411423,19202.716599,484.211948,29582.375006,124.095115,4216.575845,56.295845,0.059775,False,False,False,False,True,True,False,1-circle,1.000000,5153.750139,-21459.384447,1.938290,2.010555,100.000000,100.000000,0.000000,0.000000,2,5,4,0.0000,0.0000,0.0000,0.5000,"PursuitChaseOptimal",-0.014493
4150,B0100,aggressive,UNKNOWN,16205.411733,27292.903725,5107.096275,6684.531347,27910.411423,19202.716599,484.211948,29582.375006,124.095115,4216.575845,56.295845,0.059775,False,False,False,False,True,True,False,1-circle,1.000000,5153.750139,-21459.384447,1.938290,2.010555,100.000000,100.000000,0.000000,0.000000,2,4,4,0.0000,0.0000,0.0000,0.5000,"Accelerate",0.019246
4151,A0100,pursuit_chase_v1,UNKNOWN,16205.411733,27292.903725,5107.096275,6684.531347,27910.411423,19202.716599,484.211948,29582.375006,124.095115,4216.575845,56.295845,0.059775,False,False,False,False,True,True,False,1-circle,1.000000,5153.750139,-21459.384447,1.938290,2.010555,100.000000,100.000000,0.000000,0.000000,2,5,4,0.0000,0.0000,0.0000,0.5000,"PursuitChaseOptimal",0.010104
4151,B0100,aggressive,UNKNOWN,16205.411733,27292.903725,5107.096275,6684.531347,27910.411423,19202.716599,484.211948,29582.375006,124.095115,4216.575845,56.295845,0.059775,False,False,False,False,True,True,False,1-circle,1.000000,5153.750139,-21459.384447,1.938290,2.010555,100.000000,100.000000,0.000000,0.000000,2,4,4,0.0000,0.0000,0.0000,0.5000,"Accelerate",-0.006584
4152,A0100,pursuit_chase_v1,UNKNOWN,16195.500573,27310.694678,5089.305322,6684.509843,27956.873441,19208.474889,484.058033,29581.535632,-16.787480,4210.392857,54.932077,0.019143,False,False,False,False,True,True,False,1-circle,1.000000,5153.277211,-21668.666522,0.620810,1.323514,100.000000,100.000000,0.000000,0.000000,2,5,4,0.0000,0.0000,0.0000,0.5000,"PursuitChaseOptimal",0.031169
4152,B0100,aggressive,UNKNOWN,16195.500573,27310.694678,5089.305322,6684.509843,27956.873441,19208.474889,484.058033,29581.535632,-16.787480,4210.392857,54.932077,0.019143,False,False,False,False,True,True,False,1-circle,1.000000,5153.277211,-21668.666522,0.620810,1.323514,100.000000,100.000000,0.000000,0.000000,2,4,4,0.0000,0.0000,0.0000,0.5000,"Accelerate",-0.028988
4153,A0100,pursuit_chase_v1,UNKNOWN,16195.500573,27310.694678,5089.305322,6684.509843,27956.873441,19208.474889,484.058033,29581.535632,-16.787480,4210.392857,54.932077,0.019143,False,False,False,False,True,True,False,1-circle,1.000000,5153.277211,-21668.666522,0.620810,1.323514,100.000000,100.000000,0.000000,0.000000,2,5,4,0.0000,0.0000,0.0000,0.5000,"PursuitChaseOptimal",0.046905
4153,B0100,aggressive,UNKNOWN,16195.500573,27310.694678,5089.305322,6684.509843,27956.873441,19208.474889,484.058033,29581.535632,-16.787480,4210.392857,54.932077,0.019143,False,False,False,False,True,True,False,1-circle,1.000000,5153.277211,-21668.666522,0.620810,1.323514,100.000000,100.000000,0.000000,0.000000,2,4,4,0.0000,0.0000,0.0000,0.5000,"Accelerate",-0.045132
4154,A0100,pursuit_chase_v1,UNKNOWN,16185.870111,27308.342384,5091.657616,6692.046918,27999.724042,19213.658105,484.128877,29589.755388,164.395123,4206.135223,53.399101,0.104112,False,False,False,False,True,True,False,1-circle,1.000000,5152.926534,-21145.674250,3.373332,-0.009004,100.000000,100.000000,0.000000,0.000000,2,5,4,0.0000,0.0000,0.0000,0.5000,"PursuitChaseOptimal",0.060156
4154,B0100,aggressive,UNKNOWN,16185.870111,27308.342384,5091.657616,6692.046918,27999.724042,19213.658105,484.128877,29589.755388,164.395123,4206.135223,53.399101,0.104112,False,False,False,False,True,True,False,1-circle,1.000000,5152.926534,-21145.674250,3.373332,-0.009004,100.000000,100.000000,0.000000,0.000000,2,4,4,0.0000,0.0000,0.0000,0.5000,"Accelerate",-0.058300
4155,A0100,pursuit_chase_v1,UNKNOWN,16185.870111,27308.342384,5091.657616,6692.046918,27999.724042,19213.658105,484.128877,29589.755388,164.395123,4206.135223,53.399101,0.104112,False,False,False,False,True,True,False,1-circle,1.000000,5152.926534,-21145.674250,3.373332,-0.009004,100.000000,100.000000,0.000000,0.000000,2,5,4,0.0000,0.0000,0.0000,0.5000,"PursuitChaseOptimal",0.061605
4155,B0100,aggressive,UNKNOWN,16185.870111,27308.342384,5091.657616,6692.046918,27999.724042,19213.658105,484.128877,29589.755388,164.395123,4206.135223,53.399101,0.104112,False,False,False,False,True,True,False,1-circle,1.000000,5152.926534,-21145.674250,3.373332,-0.009004,100.000000,100.000000,0.000000,0.000000,2,4,4,0.0000,0.0000,0.0000,0.5000,"Accelerate",-0.059013
4156,A0100,pursuit_chase_v1,UNKNOWN,16176.499441,27320.756147,5079.243853,6707.741067,28045.999733,19218.239975,483.952594,29586.782260,-59.462571,4178.868256,51.151598,0.049172,False,False,False,False,True,True,False,1-circle,1.000000,5152.347224,-21438.368507,1.594218,-0.047775,100.000000,100.000000,0.000000,0.000000,2,5,4,0.0000,0.0000,0.0000,0.5000,"PursuitChaseOptimal",0.048336
4156,B0100,aggressive,UNKNOWN,16176.499441,27320.756147,5079.243853,6707.741067,28045.999733,19218.239975,483.952594,29586.782260,-59.462571,4178.868256,51.151598,0.049172,False,False,False,False,True,True,False,1-circle,1.000000,5152.347224,-21438.368507,1.594218,-0.047775,100.000000,100.000000,0.000000,0.000000,2,4,4,0.0000,0.0000,0.0000,0.5000,"Accelerate",-0.045027
4157,A0100,pursuit_chase_v1,UNKNOWN,16176.499441,27320.756147,5079.243853,6707.741067,28045.999733,19218.239975,483.952594,29586.782260,-59.462571,4178.868256,51.151598,0.049172,False,False,False,False,True,True,False,1-circle,1.000000,5152.347224,-21438.368507,1.594218,-0.047775,100.000000,100.000000,0.000000,0.000000,2,5,4,0.0000,0.0000,0.0000,0.5000,"PursuitChaseOptimal",0.033452
4157,B0100,aggressive,UNKNOWN,16176.499441,27320.756147,5079.243853,6707.741067,28045.999733,19218.239975,483.952594,29586.782260,-59.462571,4178.868256,51.151598,0.049172,False,False,False,False,True,True,False,1-circle,1.000000,5152.347224,-21438.368507,1.594218,-0.047775,100.000000,100.000000,0.000000,0.000000,2,4,4,0.0000,0.0000,0.0000,0.5000,"Accelerate",-0.029641
4158,A0100,pursuit_chase_v1,UNKNOWN,16167.381971,27342.559704,5057.440296,6730.182820,28089.549595,19222.488261,483.959666,29591.333560,91.026008,4163.330907,48.566905,0.051834,False,False,False,False,True,True,False,1-circle,1.000000,5151.184724,-21999.933143,-1.680600,1.105219,100.000000,100.000000,0.000000,0.000000,2,5,4,0.0000,0.0000,0.0000,0.5000,"PursuitChaseOptimal",0.016416
4158,B0100,aggressive,UNKNOWN,16167.381971,27342.559704,5057.440296,6730.182820,28089.549595,19222.488261,483.959666,29591.333560,91.026008,4163.330907,48.566905,0.051834,False,False,False,False,True,True,False,1-circle,1.000000,5151.184724,-21999.933143,-1.680600,1.105219,100.000000,100.000000,0.000000,0.000000,2,4,4,0.0000,0.0000,0.0000,0.5000,"Accelerate",-0.012498
4159,A0100,pursuit_chase_v1,UNKNOWN,16167.381971,27342.559704,5057.440296,6730.182820,28089.549595,19222.488261,483.959666,29591.333560,91.026008,4163.330907,48.566905,0.051834,False,False,False,False,True,True,False,1-circle,1.000000,5151.184724,-21999.933143,-1.680600,1.105219,100.000000,100.000000,0.000000,0.000000,2,5,4,0.0000,0.0000,0.0000,0.5000,"PursuitChaseOptimal",0.003839
4159,B0100,aggressive,UNKNOWN,16167.381971,27342.559704,5057.440296,6730.182820,28089.549595,19222.488261,483.959666,29591.333560,91.026008,4163.330907,48.566905,0.051834,False,False,False,False,True,True,False,1-circle,1.000000,5151.184724,-21999.933143,-1.680600,1.105219,100.000000,100.000000,0.000000,0.000000,2,4,4,0.0000,0.0000,0.0000,0.5000,"Accelerate",-0.000124
4160,A0100,pursuit_chase_v1,UNKNOWN,16158.540226,27363.615323,5036.384677,6727.451292,28133.520658,19226.504759,484.128558,29602.588353,225.095860,4158.929278,46.858661,0.000081,False,False,False,False,True,True,False,1-circle,1.000000,5149.647502,-21668.899056,0.002628,1.449116,100.000000,100.000000,0.000000,0.000000,2,5,4,0.0000,0.0000,0.0000,0.5000,"PursuitChaseOptimal",-0.015666
4160,B0100,aggressive,UNKNOWN,16158.540226,27363.615323,5036.384677,6727.451292,28133.520658,19226.504759,484.128558,29602.588353,225.095860,4158.929278,46.858661,0.000081,False,False,False,False,True,True,False,1-circle,1.000000,5149.647502,-21668.899056,0.002628,1.449116,100.000000,100.000000,0.000000,0.000000,2,4,4,0.0000,0.0000,0.0000,0.5000,"Accelerate",0.019913
4161,A0100,pursuit_chase_v1,UNKNOWN,16158.540226,27363.615323,5036.384677,6727.451292,28133.520658,19226.504759,484.128558,29602.588353,225.095860,4158.929278,46.858661,0.000081,False,False,False,False,True,True,False,1-circle,1.000000,5149.647502,-21668.899056,0.002628,1.449116,100.000000,100.000000,0.000000,0.000000,2,5,4,0.0000,0.0000,0.0000,0.5000,"PursuitChaseOptimal",-0.019098
4161,B0100,aggressive,UNKNOWN,16158.540226,27363.615323,5036.384677,6727.451292,28133.520658,19226.504759,484.128558,29602.588353,225.095860,4158.929278,46.858661,0.000081,False,False,False,False,True,True,False,1-circle,1.000000,5149.647502,-21668.899056,0.002628,1.449116,100.000000,100.000000,0.000000,0.000000,2,4,4,0.0000,0.0000,0.0000,0.5000,"Accelerate",0.023465
4162,A0100,pursuit_chase_v1,UNKNOWN,16149.921545,27390.006253,5009.993747,6671.344046,28176.918708,19230.304189,484.349944,29615.879644,265.825823,4158.645054,46.733452,0.022196,False,False,False,False,True,True,False,1-circle,1.000000,5148.301891,-21512.175320,0.720426,1.214877,100.000000,100.000000,0.000000,0.000000,2,5,4,0.0000,0.0000,0.0000,0.5000,"PursuitChaseOptimal",-0.016933
4162,B0100,aggressive,UNKNOWN,16149.921545,27390.006253,5009.993747,6671.344046,28176.918708,19230.304189,484.349944,29615.879644,265.825823,4158.645054,46.733452,0.022196,False,False,False,False,True,True,False,1-circle,1.000000,5148.301891,-21512.175320,0.720426,1.214877,100.000000,100.000000,0.000000,0.000000,2,4,4,0.0000,0.0000,0.0000,0.5000,"Accelerate",0.021068
4163,A0100,pursuit_chase_v1,UNKNOWN,16149.921545,27390.006253,5009.993747,6671.344046,28176.918708,19230.304189,484.349944,29615.879644,265.825823,4158.645054,46.733452,0.022196,False,False,False,False,True,True,False,1-circle,1.000000,5148.301891,-21512.175320,0.720426,1.214877,100.000000,100.000000,0.000000,0.000000,2,5,4,0.0000,0.0000,0.0000,0.5000,"PursuitChaseOptimal",-0.017585
4163,B0100,aggressive,UNKNOWN,16149.921545,27390.006253,5009.993747,6671.344046,28176.918708,19230.304189,484.349944,29615.879644,265.825823,4158.645054,46.733452,0.022196,False,False,False,False,True,True,False,1-circle,1.000000,5148.301891,-21512.175320,0.720426,1.214877,100.000000,100.000000,0.000000,0.000000,2,4,4,0.0000,0.0000,0.0000,0.5000,"Accelerate",0.021592
4164,A0100,pursuit_chase_v1,UNKNOWN,16141.421556,27415.621901,4984.378099,6576.437817,28221.135927,19233.980853,484.558525,29628.503159,252.470289,4166.056950,47.445754,0.009176,False,False,False,False,True,True,False,1-circle,1.000000,5147.518711,-21669.057993,-0.297972,1.085233,100.000000,100.000000,0.000000,0.000000,2,5,4,0.0000,0.0000,0.0000,0.5000,"PursuitChaseOptimal",-0.017566
4164,B0100,aggressive,UNKNOWN,16141.421556,27415.621901,4984.378099,6576.437817,28221.135927,19233.980853,484.558525,29628.503159,252.470289,4166.056950,47.445754,0.009176,False,False,False,False,True,True,False,1-circle,1.000000,5147.518711,-21669.057993,-0.297972,1.085233,100.000000,100.000000,0.000000,0.000000,2,4,4,0.0000,0.0000,0.0000,0.5000,"Accelerate",0.021217
4165,A0100,pursuit_chase_v1,UNKNOWN,16141.421556,27415.621901,4984.378099,6576.437817,28221.135927,19233.980853,484.558525,29628.503159,252.470289,4166.056950,47.445754,0.009176,False,False,False,False,True,True,False,1-circle,1.000000,5147.518711,-21669.057993,-0.297972,1.085233,100.000000,100.000000,0.000000,0.000000,2,5,4,0.0000,0.0000,0.0000,0.5000,"PursuitChaseOptimal",-0.016659
4165,B0100,aggressive,UNKNOWN,16141.421556,27415.621901,4984.378099,6576.437817,28221.135927,19233.980853,484.558525,29628.503159,252.470289,4166.056950,47.445754,0.009176,False,False,False,False,True,True,False,1-circle,1.000000,5147.518711,-21669.057993,-0.297972,1.085233,100.000000,100.000000,0.000000,0.000000,2,4,4,0.0000,0.0000,0.0000,0.5000,"Accelerate",0.020480
4166,A0100,pursuit_chase_v1,UNKNOWN,16133.035138,27432.606669,4967.393331,6466.275825,28261.516746,19237.420214,484.871271,29645.364599,337.228802,4202.683050,48.336926,0.067518,False,False,False,False,True,True,False,1-circle,1.000000,5147.582755,-21195.707271,2.192832,0.977788,100.000000,100.000000,0.000000,0.000000,2,5,4,0.0000,0.0000,0.0000,0.5000,"PursuitChaseOptimal",-0.015441
4166,B0100,aggressive,UNKNOWN,16133.035138,27432.606669,4967.393331,6466.275825,28261.516746,19237.420214,484.871271,29645.364599,337.228802,4202.683050,48.336926,0.067518,False,False,False,False,True,True,False,1-circle,1.000000,5147.582755,-21195.707271,2.192832,0.977788,100.000000,100.000000,0.000000,0.000000,2,4,4,0.0000,0.0000,0.0000,0.5000,"Accelerate",0.019394
4167,A0100,pursuit_chase_v1,UNKNOWN,16133.035138,27432.606669,4967.393331,6466.275825,28261.516746,19237.420214,484.871271,29645.364599,337.228802,4202.683050,48.336926,0.067518,False,False,False,False,True,True,False,1-circle,1.000000,5147.582755,-21195.707271,2.192832,0.977788,100.000000,100.000000,0.000000,0.000000,2,5,4,0.0000,0.0000,0.0000,0.5000,"PursuitChaseOptimal",-0.013730
4167,B0100,aggressive,UNKNOWN,16133.035138,27432.606669,4967.393331,6466.275825,28261.516746,19237.420214,484.871271,29645.364599,337.228802,4202.683050,48.336926,0.067518,False,False,False,False,True,True,False,1-circle,1.000000,5147.582755,-21195.707271,2.192832,0.977788,100.000000,100.000000,0.000000,0.000000,2,4,4,0.0000,0.0000,0.0000,0.5000,"Accelerate",0.018005
4168,A0100,pursuit_chase_v1,UNKNOWN,16124.772136,27463.361952,4936.638048,6343.064904,28303.625497,19240.711829,484.946232,29651.874600,130.200018,4239.100640,48.984249,0.005030,False,False,False,False,True,True,False,1-circle,1.000000,5148.461188,-21537.423545,0.163487,1.014140,100.000000,100.000000,0.000000,0.000000,2,5,4,0.0000,0.0000,0.0000,0.5000,"PursuitChaseOptimal",-0.011963
4168,B0100,aggressive,UNKNOWN,16124.772136,27463.361952,4936.638048,6343.064904,28303.625497,19240.711829,484.946232,29651.874600,130.200018,4239.100640,48.984249,0.005030,False,False,False,False,True,True,False,1-circle,1.000000,5148.461188,-21537.423545,0.163487,1.014140,100.000000,100.000000,0.000000,0.000000,2,4,4,0.0000,0.0000,0.0000,0.5000,"Accelerate",0.015858
4169,A0100,pursuit_chase_v1,UNKNOWN,16124.772136,27463.361952,4936.638048,6343.064904,28303.625497,19240.711829,484.946232,29651.874600,130.200018,4239.100640,48.984249,0.005030,False,False,False,False,True,True,False,1-circle,1.000000,5148.461188,-21537.423545,0.163487,1.014140,100.000000,100.000000,0.000000,0.000000,2,5,4,0.0000,0.0000,0.0000,0.5000,"PursuitChaseOptimal",-0.010012
4169,B0100,aggressive,UNKNOWN,16124.772136,27463.361952,4936.638048,6343.064904,28303.625497,19240.711829,484.946232,29651.874600,130.200018,4239.100640,48.984249,0.005030,False,False,False,False,True,True,False,1-circle,1.000000,5148.461188,-21537.423545,0.163487,1.014140,100.000000,100.000000,0.000000,0.000000,2,4,4,0.0000,0.0000,0.0000,0.5000,"Accelerate",0.013617
4170,A0100,pursuit_chase_v1,UNKNOWN,16116.614386,27489.487367,4910.512633,6213.663795,28344.205332,19243.983345,485.124956,29662.821484,218.937695,4284.138023,49.644178,0.039652,False,False,False,False,True,True,False,1-circle,1.000000,5150.023150,-21776.652220,-1.288946,1.269657,100.000000,100.000000,0.000000,0.000000,2,5,4,0.0000,0.0000,0.0000,0.5000,"PursuitChaseOptimal",-0.007899
4170,B0100,aggressive,UNKNOWN,16116.614386,27489.487367,4910.512633,6213.663795,28344.205332,19243.983345,485.124956,29662.821484,218.937695,4284.138023,49.644178,0.039652,False,False,False,False,True,True,False,1-circle,1.000000,5150.023150,-21776.652220,-1.288946,1.269657,100.000000,100.000000,0.000000,0.000000,2,4,4,0.0000,0.0000,0.0000,0.5000,"Accelerate",0.011104
4171,A0100,pursuit_chase_v1,UNKNOWN,16116.614386,27489.487367,4910.512633,6213.663795,28344.205332,19243.983345,485.124956,29662.821484,218.937695,4284.138023,49.644178,0.039652,False,False,False,False,True,True,False,1-circle,1.000000,5150.023150,-21776.652220,-1.288946,1.269657,100.000000,100.000000,0.000000,0.000000,2,5,4,0.0000,0.0000,0.0000,0.5000,"PursuitChaseOptimal",-0.005639
4171,B0100,aggressive,UNKNOWN,16116.614386,27489.487367,4910.512633,6213.663795,28344.205332,19243.983345,485.124956,29662.821484,218.937695,4284.138023,49.644178,0.039652,False,False,False,False,True,True,False,1-circle,1.000000,5150.023150,-21776.652220,-1.288946,1.269657,100.000000,100.000000,0.000000,0.000000,2,4,4,0.0000,0.0000,0.0000,0.5000,"Accelerate",0.008904
4172,A0100,pursuit_chase_v1,UNKNOWN,16108.589661,27507.217192,4892.782808,6080.993897,28381.721237,19247.103117,485.480843,29681.233349,368.237296,4345.133030,50.246691,0.033308,False,False,False,False,True,True,False,1-circle,1.000000,5152.372774,-21328.821743,1.083564,1.086438,100.000000,100.000000,0.000000,0.000000,2,4,4,0.0000,0.0000,0.0000,0.5000,"PursuitChaseOptimal",0.000256
4172,B0100,aggressive,UNKNOWN,16108.589661,27507.217192,4892.782808,6080.993897,28381.721237,19247.103117,485.480843,29681.233349,368.237296,4345.133030,50.246691,0.033308,False,False,False,False,True,True,False,1-circle,1.000000,5152.372774,-21328.821743,1.083564,1.086438,100.000000,100.000000,0.000000,0.000000,2,4,4,0.0000,0.0000,0.0000,0.5000,"Accelerate",0.002877
4173,A0100,pursuit_chase_v1,UNKNOWN,16108.589661,27507.217192,4892.782808,6080.993897,28381.721237,19247.103117,485.480843,29681.233349,368.237296,4345.133030,50.246691,0.033308,False,False,False,False,True,True,False,1-circle,1.000000,5152.372774,-21328.821743,1.083564,1.086438,100.000000,100.000000,0.000000,0.000000,2,4,4,0.0000,0.0000,0.0000,0.5000,"PursuitChaseOptimal",-0.004555
4173,B0100,aggressive,UNKNOWN,16108.589661,27507.217192,4892.782808,6080.993897,28381.721237,19247.103117,485.480843,29681.233349,368.237296,4345.133030,50.246691,0.033308,False,False,False,False,True,True,False,1-circle,1.000000,5152.372774,-21328.821743,1.083564,1.086438,100.000000,100.000000,0.000000,0.000000,2,4,4,0.0000,0.0000,0.0000,0.5000,"Accelerate",0.007577
4174,A0100,pursuit_chase_v1,UNKNOWN,16100.692598,27533.359350,4866.640650,5937.972370,28423.010854,19250.110285,485.679949,29692.800792,231.348856,4396.270799,50.715705,0.024205,False,False,False,False,True,True,False,1-circle,1.000000,5155.420517,-21646.249295,-0.787789,0.892901,100.000000,100.000000,0.000000,0.000000,2,4,4,0.0000,0.0000,0.0000,0.5000,"PursuitChaseOptimal",-0.008596
4174,B0100,aggressive,UNKNOWN,16100.692598,27533.359350,4866.640650,5937.972370,28423.010854,19250.110285,485.679949,29692.800792,231.348856,4396.270799,50.715705,0.024205,False,False,False,False,True,True,False,1-circle,1.000000,5155.420517,-21646.249295,-0.787789,0.892901,100.000000,100.000000,0.000000,0.000000,2,4,4,0.0000,0.0000,0.0000,0.5000,"Accelerate",0.011516
4175,A0100,pursuit_chase_v1,UNKNOWN,16100.692598,27533.359350,4866.640650,5937.972370,28423.010854,19250.110285,485.679949,29692.800792,231.348856,4396.270799,50.715705,0.024205,False,False,False,False,True,True,False,1-circle,1.000000,5155.420517,-21646.249295,-0.787789,0.892901,100.000000,100.000000,0.000000,0.000000,2,4,4,0.0000,0.0000,0.0000,0.5000,"PursuitChaseOptimal",-0.010125
4175,B0100,aggressive,UNKNOWN,16100.692598,27533.359350,4866.640650,5937.972370,28423.010854,19250.110285,485.679949,29692.800792,231.348856,4396.270799,50.715705,0.024205,False,False,False,False,True,True,False,1-circle,1.000000,5155.420517,-21646.249295,-0.787789,0.892901,100.000000,100.000000,0.000000,0.000000,2,4,4,0.0000,0.0000,0.0000,0.5000,"Accelerate",0.012694
4176,A0100,pursuit_chase_v1,UNKNOWN,16092.922542,27544.585252,4855.414748,5814.980088,28458.249979,19252.969605,486.028245,29710.643033,356.844812,4451.462405,51.279177,0.017434,False,False,False,False,True,True,False,1-circle,1.000000,5159.174831,-21384.159734,0.567830,0.736446,100.000000,100.000000,0.000000,0.000000,2,4,4,0.0000,0.0000,0.0000,0.5000,"PursuitChaseOptimal",-0.016702
4176,B0100,aggressive,UNKNOWN,16092.922542,27544.585252,4855.414748,5814.980088,28458.249979,19252.969605,486.028245,29710.643033,356.844812,4451.462405,51.279177,0.017434,False,False,False,False,True,True,False,1-circle,1.000000,5159.174831,-21384.159734,0.567830,0.736446,100.000000,100.000000,0.000000,0.000000,2,4,4,0.0000,0.0000,0.0000,0.5000,"Accelerate",0.019615
4177,A0100,pursuit_chase_v1,UNKNOWN,16092.922542,27544.585252,4855.414748,5814.980088,28458.249979,19252.969605,486.028245,29710.643033,356.844812,4451.462405,51.279177,0.017434,False,False,False,False,True,True,False,1-circle,1.000000,5159.174831,-21384.159734,0.567830,0.736446,100.000000,100.000000,0.000000,0.000000,2,4,4,0.0000,0.0000,0.0000,0.5000,"PursuitChaseOptimal",-0.019866
4177,B0100,aggressive,UNKNOWN,16092.922542,27544.585252,4855.414748,5814.980088,28458.249979,19252.969605,486.028245,29710.643033,356.844812,4451.462405,51.279177,0.017434,False,False,False,False,True,True,False,1-circle,1.000000,5159.174831,-21384.159734,0.567830,0.736446,100.000000,100.000000,0.000000,0.000000,2,4,4,0.0000,0.0000,0.0000,0.5000,"Accelerate",0.023012
4178,A0100,pursuit_chase_v1,UNKNOWN,16085.325116,27561.067184,4838.932816,5725.175867,28493.905084,19255.608175,486.262526,29723.365906,254.457459,4499.637421,51.255279,0.035564,False,False,False,False,True,True,False,1-circle,1.000000,5163.630029,-21260.904784,1.158762,0.609863,100.000000,100.000000,0.000000,0.000000,2,4,4,0.0000,0.0000,0.0000,0.5000,"PursuitChaseOptimal",-0.018706
4178,B0100,aggressive,UNKNOWN,16085.325116,27561.067184,4838.932816,5725.175867,28493.905084,19255.608175,486.262526,29723.365906,254.457459,4499.637421,51.255279,0.035564,False,False,False,False,True,True,False,1-circle,1.000000,5163.630029,-21260.904784,1.158762,0.609863,100.000000,100.000000,0.000000,0.000000,2,4,4,0.0000,0.0000,0.0000,0.5000,"Accelerate",0.021814
4179,A0100,pursuit_chase_v1,UNKNOWN,16085.325116,27561.067184,4838.932816,5725.175867,28493.905084,19255.608175,486.262526,29723.365906,254.457459,4499.637421,51.255279,0.035564,False,False,False,False,True,True,False,1-circle,1.000000,5163.630029,-21260.904784,1.158762,0.609863,100.000000,100.000000,0.000000,0.000000,2,4,4,0.0000,0.0000,0.0000,0.5000,"PursuitChaseOptimal",-0.015542
4179,B0100,aggressive,UNKNOWN,16085.325116,27561.067184,4838.932816,5725.175867,28493.905084,19255.608175,486.262526,29723.365906,254.457459,4499.637421,51.255279,0.035564,False,False,False,False,True,True,False,1-circle,1.000000,5163.630029,-21260.904784,1.158762,0.609863,100.000000,100.000000,0.000000,0.000000,2,4,4,0.0000,0.0000,0.0000,0.5000,"Accelerate",0.018449
4180,A0100,pursuit_chase_v1,UNKNOWN,16077.907793,27579.839314,4820.160686,5671.462949,28529.172065,19258.165206,486.465825,29734.677566,226.233218,4526.844361,50.860300,0.003738,False,False,False,False,True,True,False,1-circle,1.000000,5168.498500,-21475.313387,-0.121844,0.810018,100.000000,100.000000,0.000000,0.000000,2,4,4,0.0000,0.0000,0.0000,0.5000,"PursuitChaseOptimal",-0.010178
4180,B0100,aggressive,UNKNOWN,16077.907793,27579.839314,4820.160686,5671.462949,28529.172065,19258.165206,486.465825,29734.677566,226.233218,4526.844361,50.860300,0.003738,False,False,False,False,True,True,False,1-circle,1.000000,5168.498500,-21475.313387,-0.121844,0.810018,100.000000,100.000000,0.000000,0.000000,2,4,4,0.0000,0.0000,0.0000,0.5000,"Accelerate",0.012728
4181,A0100,pursuit_chase_v1,UNKNOWN,16077.907793,27579.839314,4820.160686,5671.462949,28529.172065,19258.165206,486.465825,29734.677566,226.233218,4526.844361,50.860300,0.003738,False,False,False,False,True,True,False,1-circle,1.000000,5168.498500,-21475.313387,-0.121844,0.810018,100.000000,100.000000,0.000000,0.000000,2,4,4,0.0000,0.0000,0.0000,0.5000,"PursuitChaseOptimal",-0.005029
4181,B0100,aggressive,UNKNOWN,16077.907793,27579.839314,4820.160686,5671.462949,28529.172065,19258.165206,486.465825,29734.677566,226.233218,4526.844361,50.860300,0.003738,False,False,False,False,True,True,False,1-circle,1.000000,5168.498500,-21475.313387,-0.121844,0.810018,100.000000,100.000000,0.000000,0.000000,2,4,4,0.0000,0.0000,0.0000,0.5000,"Accelerate",0.007559
4182,A0100,pursuit_chase_v1,UNKNOWN,16070.680620,27598.607503,4801.392497,5648.369235,28564.810392,19260.580431,486.707134,29747.489022,256.229109,4549.169475,49.883857,0.007897,False,False,False,False,True,True,False,1-circle,1.000000,5173.621002,-21391.399905,0.257554,0.707852,100.000000,100.000000,0.000000,0.000000,2,4,4,0.0000,0.0000,0.0000,0.5000,"PursuitChaseOptimal",0.002016
4182,B0100,aggressive,UNKNOWN,16070.680620,27598.607503,4801.392497,5648.369235,28564.810392,19260.580431,486.707134,29747.489022,256.229109,4549.169475,49.883857,0.007897,False,False,False,False,True,True,False,1-circle,1.000000,5173.621002,-21391.399905,0.257554,0.707852,100.000000,100.000000,0.000000,0.000000,2,4,4,0.0000,0.0000,0.0000,0.5000,"Accelerate",0.000237
4183,A0100,pursuit_chase_v1,UNKNOWN,16070.680620,27598.607503,4801.392497,5648.369235,28564.810392,19260.580431,486.707134,29747.489022,256.229109,4549.169475,49.883857,0.007897,False,False,False,False,True,True,False,1-circle,1.000000,5173.621002,-21391.399905,0.257554,0.707852,100.000000,100.000000,0.000000,0.000000,2,4,4,0.0000,0.0000,0.0000,0.5000,"PursuitChaseOptimal",0.009326
4183,B0100,aggressive,UNKNOWN,16070.680620,27598.607503,4801.392497,5648.369235,28564.810392,19260.580431,486.707134,29747.489022,256.229109,4549.169475,49.883857,0.007897,False,False,False,False,True,True,False,1-circle,1.000000,5173.621002,-21391.399905,0.257554,0.707852,100.000000,100.000000,0.000000,0.000000,2,4,4,0.0000,0.0000,0.0000,0.5000,"Accelerate",-0.007482
4184,A0100,pursuit_chase_v1,UNKNOWN,16063.668376,27618.365634,4781.634366,5648.442542,28600.225206,19262.953487,486.924793,29759.243813,235.095825,4573.013931,48.256778,0.033405,False,False,False,False,True,True,False,1-circle,1.000000,5178.660606,-21618.398301,-1.089860,0.768230,100.000000,100.000000,0.000000,0.000000,2,4,4,0.0000,0.0000,0.0000,0.5000,"PursuitChaseOptimal",0.015900
4184,B0100,aggressive,UNKNOWN,16063.668376,27618.365634,4781.634366,5648.442542,28600.225206,19262.953487,486.924793,29759.243813,235.095825,4573.013931,48.256778,0.033405,False,False,False,False,True,True,False,1-circle,1.000000,5178.660606,-21618.398301,-1.089860,0.768230,100.000000,100.000000,0.000000,0.000000,2,4,4,0.0000,0.0000,0.0000,0.5000,"Accelerate",-0.014735
4185,A0100,pursuit_chase_v1,UNKNOWN,16063.668376,27618.365634,4781.634366,5648.442542,28600.225206,19262.953487,486.924793,29759.243813,235.095825,4573.013931,48.256778,0.033405,False,False,False,False,True,True,False,1-circle,1.000000,5178.660606,-21618.398301,-1.089860,0.768230,100.000000,100.000000,0.000000,0.000000,2,4,4,0.0000,0.0000,0.0000,0.5000,"PursuitChaseOptimal",0.021344
4185,B0100,aggressive,UNKNOWN,16063.668376,27618.365634,4781.634366,5648.442542,28600.225206,19262.953487,486.924793,29759.243813,235.095825,4573.013931,48.256778,0.033405,False,False,False,False,True,True,False,1-circle,1.000000,5178.660606,-21618.398301,-1.089860,0.768230,100.000000,100.000000,0.000000,0.000000,2,4,4,0.0000,0.0000,0.0000,0.5000,"Accelerate",-0.020110
4186,A0100,pursuit_chase_v1,UNKNOWN,16056.928486,27631.565944,4768.434056,5663.267536,28635.229034,19265.166390,487.290164,29777.214697,359.417676,4613.755280,46.073850,0.037535,False,False,False,False,True,True,False,1-circle,1.000000,5183.509869,-21185.991409,1.225448,0.600016,100.000000,100.000000,0.000000,0.000000,2,4,4,0.0000,0.0000,0.0000,0.5000,"PursuitChaseOptimal",0.024042
4186,B0100,aggressive,UNKNOWN,16056.928486,27631.565944,4768.434056,5663.267536,28635.229034,19265.166390,487.290164,29777.214697,359.417676,4613.755280,46.073850,0.037535,False,False,False,False,True,True,False,1-circle,1.000000,5183.509869,-21185.991409,1.225448,0.600016,100.000000,100.000000,0.000000,0.000000,2,4,4,0.0000,0.0000,0.0000,0.5000,"Accelerate",-0.022704
4187,A0100,pursuit_chase_v1,UNKNOWN,16056.928486,27631.565944,4768.434056,5663.267536,28635.229034,19265.166390,487.290164,29777.214697,359.417676,4613.755280,46.073850,0.037535,False,False,False,False,True,True,False,1-circle,1.000000,5183.509869,-21185.991409,1.225448,0.600016,100.000000,100.000000,0.000000,0.000000,2,4,4,0.0000,0.0000,0.0000,0.5000,"PursuitChaseOptimal",0.020881
4187,B0100,aggressive,UNKNOWN,16056.928486,27631.565944,4768.434056,5663.267536,28635.229034,19265.166390,487.290164,29777.214697,359.417676,4613.755280,46.073850,0.037535,False,False,False,False,True,True,False,1-circle,1.000000,5183.509869,-21185.991409,1.225448,0.600016,100.000000,100.000000,0.000000,0.000000,2,4,4,0.0000,0.0000,0.0000,0.5000,"Accelerate",-0.019375
4188,A0100,pursuit_chase_v1,UNKNOWN,16050.477566,27656.589097,4743.410903,5676.915780,28672.834689,19267.289841,487.435272,29785.599749,167.701045,4642.789714,43.616366,0.024926,False,False,False,False,True,True,False,1-circle,1.000000,5187.957943,-21537.139372,-0.814112,0.556188,100.000000,100.000000,0.000000,0.000000,2,4,4,0.0000,0.0000,0.0000,0.5000,"PursuitChaseOptimal",0.013328
4188,B0100,aggressive,UNKNOWN,16050.477566,27656.589097,4743.410903,5676.915780,28672.834689,19267.289841,487.435272,29785.599749,167.701045,4642.789714,43.616366,0.024926,False,False,False,False,True,True,False,1-circle,1.000000,5187.957943,-21537.139372,-0.814112,0.556188,100.000000,100.000000,0.000000,0.000000,2,4,4,0.0000,0.0000,0.0000,0.5000,"Accelerate",-0.011873
4189,A0100,pursuit_chase_v1,UNKNOWN,16050.477566,27656.589097,4743.410903,5676.915780,28672.834689,19267.289841,487.435272,29785.599749,167.701045,4642.789714,43.616366,0.024926,False,False,False,False,True,True,False,1-circle,1.000000,5187.957943,-21537.139372,-0.814112,0.556188,100.000000,100.000000,0.000000,0.000000,2,4,4,0.0000,0.0000,0.0000,0.5000,"PursuitChaseOptimal",0.004731
4189,B0100,aggressive,UNKNOWN,16050.477566,27656.589097,4743.410903,5676.915780,28672.834689,19267.289841,487.435272,29785.599749,167.701045,4642.789714,43.616366,0.024926,False,False,False,False,True,True,False,1-circle,1.000000,5187.957943,-21537.139372,-0.814112,0.556188,100.000000,100.000000,0.000000,0.000000,2,4,4,0.0000,0.0000,0.0000,0.5000,"Accelerate",-0.003193
4190,A0100,pursuit_chase_v1,UNKNOWN,16044.316740,27671.828941,4728.171059,5688.126159,28706.552260,19269.345819,487.731175,29800.430150,296.608008,4679.689023,41.597736,0.010090,False,False,False,False,True,True,False,1-circle,1.000000,5192.043400,-21314.999044,0.329763,0.664989,100.000000,100.000000,0.000000,0.000000,2,4,4,0.0000,0.0000,0.0000,0.5000,"PursuitChaseOptimal",-0.005152
4190,B0100,aggressive,UNKNOWN,16044.316740,27671.828941,4728.171059,5688.126159,28706.552260,19269.345819,487.731175,29800.430150,296.608008,4679.689023,41.597736,0.010090,False,False,False,False,True,True,False,1-circle,1.000000,5192.043400,-21314.999044,0.329763,0.664989,100.000000,100.000000,0.000000,0.000000,2,4,4,0.0000,0.0000,0.0000,0.5000,"Accelerate",0.007111
4191,A0100,pursuit_chase_v1,UNKNOWN,16044.316740,27671.828941,4728.171059,5688.126159,28706.552260,19269.345819,487.731175,29800.430150,296.608008,4679.689023,41.597736,0.010090,False,False,False,False,True,True,False,1-circle,1.000000,5192.043400,-21314.999044,0.329763,0.664989,100.000000,100.000000,0.000000,0.000000,2,4,4,0.0000,0.0000,0.0000,0.5000,"PursuitChaseOptimal",-0.018826
4191,B0100,aggressive,UNKNOWN,16044.316740,27671.828941,4728.171059,5688.126159,28706.552260,19269.345819,487.731175,29800.430150,296.608008,4679.689023,41.597736,0.010090,False,False,False,False,True,True,False,1-circle,1.000000,5192.043400,-21314.999044,0.329763,0.664989,100.000000,100.000000,0.000000,0.000000,2,4,4,0.0000,0.0000,0.0000,0.5000,"Accelerate",0.021167
4192,A0100,pursuit_chase_v1,UNKNOWN,16038.436185,27698.731568,4701.268432,5688.079145,28745.371420,19271.337475,487.900541,29809.736976,186.136534,4707.506404,39.816205,0.055193,False,False,False,False,True,True,False,1-circle,1.000000,5195.961715,-21682.734130,-1.803820,0.555418,100.000000,100.000000,0.000000,0.000000,2,4,4,0.0000,0.0000,0.0000,0.5000,"PursuitChaseOptimal",-0.021884
4192,B0100,aggressive,UNKNOWN,16038.436185,27698.731568,4701.268432,5688.079145,28745.371420,19271.337475,487.900541,29809.736976,186.136534,4707.506404,39.816205,0.055193,False,False,False,False,True,True,False,1-circle,1.000000,5195.961715,-21682.734130,-1.803820,0.555418,100.000000,100.000000,0.000000,0.000000,2,4,4,0.0000,0.0000,0.0000,0.5000,"Accelerate",0.023966
4193,A0100,pursuit_chase_v1,UNKNOWN,16038.436185,27698.731568,4701.268432,5688.079145,28745.371420,19271.337475,487.900541,29809.736976,186.136534,4707.506404,39.816205,0.055193,False,False,False,False,True,True,False,1-circle,1.000000,5195.961715,-21682.734130,-1.803820,0.555418,100.000000,100.000000,0.000000,0.000000,2,4,4,0.0000,0.0000,0.0000,0.5000,"PursuitChaseOptimal",-0.019545
4193,B0100,aggressive,UNKNOWN,16038.436185,27698.731568,4701.268432,5688.079145,28745.371420,19271.337475,487.900541,29809.736976,186.136534,4707.506404,39.816205,0.055193,False,False,False,False,True,True,False,1-circle,1.000000,5195.961715,-21682.734130,-1.803820,0.555418,100.000000,100.000000,0.000000,0.000000,2,4,4,0.0000,0.0000,0.0000,0.5000,"Accelerate",0.021184
4194,A0100,pursuit_chase_v1,UNKNOWN,16032.841008,27711.842557,4688.157443,5691.125020,28780.212380,19273.256277,488.248294,29826.683680,338.934069,4747.925317,38.359952,0.011982,False,False,False,False,True,True,False,1-circle,1.000000,5199.909757,-21412.406260,-0.391986,0.512357,100.000000,100.000000,0.000000,0.000000,2,4,4,0.0000,0.0000,0.0000,0.5000,"PursuitChaseOptimal",-0.011992
4194,B0100,aggressive,UNKNOWN,16032.841008,27711.842557,4688.157443,5691.125020,28780.212380,19273.256277,488.248294,29826.683680,338.934069,4747.925317,38.359952,0.011982,False,False,False,False,True,True,False,1-circle,1.000000,5199.909757,-21412.406260,-0.391986,0.512357,100.000000,100.000000,0.000000,0.000000,2,4,4,0.0000,0.0000,0.0000,0.5000,"Accelerate",0.013473
4195,A0100,pursuit_chase_v1,UNKNOWN,16032.841008,27711.842557,4688.157443,5691.125020,28780.212380,19273.256277,488.248294,29826.683680,338.934069,4747.925317,38.359952,0.011982,False,False,False,False,True,True,False,1-circle,1.000000,5199.909757,-21412.406260,-0.391986,0.512357,100.000000,100.000000,0.000000,0.000000,2,4,4,0.0000,0.0000,0.0000,0.5000,"PursuitChaseOptimal",-0.002114
4195,B0100,aggressive,UNKNOWN,16032.841008,27711.842557,4688.157443,5691.125020,28780.212380,19273.256277,488.248294,29826.683680,338.934069,4747.925317,38.359952,0.011982,False,False,False,False,True,True,False,1-circle,1.000000,5199.909757,-21412.406260,-0.391986,0.512357,100.000000,100.000000,0.000000,0.000000,2,4,4,0.0000,0.0000,0.0000,0.5000,"Accelerate",0.003446
4196,A0100,pursuit_chase_v1,UNKNOWN,16027.567980,27731.620963,4668.379037,5695.455611,28817.555900,19275.020065,488.498734,29839.276731,251.861026,4786.551217,36.438819,0.003302,False,False,False,False,True,True,False,1-circle,1.000000,5203.921416,-21306.320150,0.108077,0.308616,100.000000,100.000000,0.000000,0.000000,2,4,4,0.0000,0.0000,0.0000,0.5000,"PursuitChaseOptimal",0.010195
4196,B0100,aggressive,UNKNOWN,16027.567980,27731.620963,4668.379037,5695.455611,28817.555900,19275.020065,488.498734,29839.276731,251.861026,4786.551217,36.438819,0.003302,False,False,False,False,True,True,False,1-circle,1.000000,5203.921416,-21306.320150,0.108077,0.308616,100.000000,100.000000,0.000000,0.000000,2,4,4,0.0000,0.0000,0.0000,0.5000,"Accelerate",-0.009211
4197,A0100,pursuit_chase_v1,UNKNOWN,16027.567980,27731.620963,4668.379037,5695.455611,28817.555900,19275.020065,488.498734,29839.276731,251.861026,4786.551217,36.438819,0.003302,False,False,False,False,True,True,False,1-circle,1.000000,5203.921416,-21306.320150,0.108077,0.308616,100.000000,100.000000,0.000000,0.000000,2,4,4,0.0000,0.0000,0.0000,0.5000,"PursuitChaseOptimal",0.020852
4197,B0100,aggressive,UNKNOWN,16027.567980,27731.620963,4668.379037,5695.455611,28817.555900,19275.020065,488.498734,29839.276731,251.861026,4786.551217,36.438819,0.003302,False,False,False,False,True,True,False,1-circle,1.000000,5203.921416,-21306.320150,0.108077,0.308616,100.000000,100.000000,0.000000,0.000000,2,4,4,0.0000,0.0000,0.0000,0.5000,"Accelerate",-0.020477
4198,A0100,pursuit_chase_v1,UNKNOWN,16022.580223,27752.865982,4647.134018,5703.541781,28854.084795,19276.750787,488.714098,29850.324391,220.953192,4817.062770,34.170295,0.033144,False,False,False,False,True,True,False,1-circle,1.000000,5207.658570,-21504.868652,-1.085159,0.483152,100.000000,100.000000,0.000000,0.000000,2,5,4,0.0000,0.0000,0.0000,0.5000,"PursuitChaseOptimal",0.030878
4198,B0100,aggressive,UNKNOWN,16022.580223,27752.865982,4647.134018,5703.541781,28854.084795,19276.750787,488.714098,29850.324391,220.953192,4817.062770,34.170295,0.033144,False,False,False,False,True,True,False,1-circle,1.000000,5207.658570,-21504.868652,-1.085159,0.483152,100.000000,100.000000,0.000000,0.000000,2,4,4,0.0000,0.0000,0.0000,0.5000,"Accelerate",-0.031142
4199,A0100,pursuit_chase_v1,UNKNOWN,16022.580223,27752.865982,4647.134018,5703.541781,28854.084795,19276.750787,488.714098,29850.324391,220.953192,4817.062770,34.170295,0.033144,False,False,False,False,True,True,False,1-circle,1.000000,5207.658570,-21504.868652,-1.085159,0.483152,100.000000,100.000000,0.000000,0.000000,2,5,4,0.0000,0.0000,0.0000,0.5000,"PursuitChaseOptimal",0.039832
4199,B0100,aggressive,UNKNOWN,16022.580223,27752.865982,4647.134018,5703.541781,28854.084795,19276.750787,488.714098,29850.324391,220.953192,4817.062770,34.170295,0.033144,False,False,False,False,True,True,False,1-circle,1.000000,5207.658570,-21504.868652,-1.085159,0.483152,100.000000,100.000000,0.000000,0.000000,2,4,4,0.0000,0.0000,0.0000,0.5000,"Accelerate",-0.040035
4200,A0100,pursuit_chase_v1,UNKNOWN,16017.880256,27768.138657,4631.861343,5711.111623,28890.422698,19278.344141,489.051993,29866.543842,324.389022,4845.613483,31.774945,0.039389,False,False,False,False,True,True,False,1-circle,1.000000,5210.999776,-21060.753483,1.290409,0.365457,100.000000,100.000000,0.000000,0.000000,2,5,4,0.0000,0.0000,0.0000,0.5000,"PursuitChaseOptimal",0.043588
4200,B0100,aggressive,UNKNOWN,16017.880256,27768.138657,4631.861343,5711.111623,28890.422698,19278.344141,489.051993,29866.543842,324.389022,4845.613483,31.774945,0.039389,False,False,False,False,True,True,False,1-circle,1.000000,5210.999776,-21060.753483,1.290409,0.365457,100.000000,100.000000,0.000000,0.000000,2,4,4,0.0000,0.0000,0.0000,0.5000,"Accelerate",-0.043408
4201,A0100,pursuit_chase_v1,UNKNOWN,16017.880256,27768.138657,4631.861343,5711.111623,28890.422698,19278.344141,489.051993,29866.543842,324.389022,4845.613483,31.774945,0.039389,False,False,False,False,True,True,False,1-circle,1.000000,5210.999776,-21060.753483,1.290409,0.365457,100.000000,100.000000,0.000000,0.000000,2,5,4,0.0000,0.0000,0.0000,0.5000,"PursuitChaseOptimal",0.043807
4201,B0100,aggressive,UNKNOWN,16017.880256,27768.138657,4631.861343,5711.111623,28890.422698,19278.344141,489.051993,29866.543842,324.389022,4845.613483,31.774945,0.039389,False,False,False,False,True,True,False,1-circle,1.000000,5210.999776,-21060.753483,1.290409,0.365457,100.000000,100.000000,0.000000,0.000000,2,4,4,0.0000,0.0000,0.0000,0.5000,"Accelerate",-0.043470
4202,A0100,pursuit_chase_v1,UNKNOWN,16013.404146,27797.939604,4602.060396,5714.292279,28929.133288,19279.904848,489.212086,29875.037890,169.880958,4848.194267,29.282101,0.022285,False,False,False,False,True,True,False,1-circle,1.000000,5213.707935,-21407.543222,-0.730382,0.511272,100.000000,100.000000,0.000000,0.000000,2,5,4,0.0000,0.0000,0.0000,0.5000,"PursuitChaseOptimal",0.042963
4202,B0100,aggressive,UNKNOWN,16013.404146,27797.939604,4602.060396,5714.292279,28929.133288,19279.904848,489.212086,29875.037890,169.880958,4848.194267,29.282101,0.022285,False,False,False,False,True,True,False,1-circle,1.000000,5213.707935,-21407.543222,-0.730382,0.511272,100.000000,100.000000,0.000000,0.000000,2,4,4,0.0000,0.0000,0.0000,0.5000,"Accelerate",-0.042645
4203,A0100,pursuit_chase_v1,UNKNOWN,16013.404146,27797.939604,4602.060396,5714.292279,28929.133288,19279.904848,489.212086,29875.037890,169.880958,4848.194267,29.282101,0.022285,False,False,False,False,True,True,False,1-circle,1.000000,5213.707935,-21407.543222,-0.730382,0.511272,100.000000,100.000000,0.000000,0.000000,2,5,4,0.0000,0.0000,0.0000,0.5000,"PursuitChaseOptimal",0.031225
4203,B0100,aggressive,UNKNOWN,16013.404146,27797.939604,4602.060396,5714.292279,28929.133288,19279.904848,489.212086,29875.037890,169.880958,4848.194267,29.282101,0.022285,False,False,False,False,True,True,False,1-circle,1.000000,5213.707935,-21407.543222,-0.730382,0.511272,100.000000,100.000000,0.000000,0.000000,2,4,4,0.0000,0.0000,0.0000,0.5000,"Accelerate",-0.030756
4204,A0100,pursuit_chase_v1,UNKNOWN,16009.130494,27818.053234,4581.946766,5726.424783,28963.912025,19281.465298,489.521403,29890.000659,299.255387,4848.157479,27.057982,0.015555,False,False,False,False,True,True,False,1-circle,1.000000,5215.718919,-21166.799651,0.510142,0.637843,100.000000,100.000000,0.000000,0.000000,2,5,4,0.0000,0.0000,0.0000,0.5000,"PursuitChaseOptimal",0.018685
4204,B0100,aggressive,UNKNOWN,16009.130494,27818.053234,4581.946766,5726.424783,28963.912025,19281.465298,489.521403,29890.000659,299.255387,4848.157479,27.057982,0.015555,False,False,False,False,True,True,False,1-circle,1.000000,5215.718919,-21166.799651,0.510142,0.637843,100.000000,100.000000,0.000000,0.000000,2,4,4,0.0000,0.0000,0.0000,0.5000,"Accelerate",-0.017756
4205,A0100,pursuit_chase_v1,UNKNOWN,16009.130494,27818.053234,4581.946766,5726.424783,28963.912025,19281.465298,489.521403,29890.000659,299.255387,4848.157479,27.057982,0.015555,False,False,False,False,True,True,False,1-circle,1.000000,5215.718919,-21166.799651,0.510142,0.637843,100.000000,100.000000,0.000000,0.000000,2,5,4,0.0000,0.0000,0.0000,0.5000,"PursuitChaseOptimal",0.009934
4205,B0100,aggressive,UNKNOWN,16009.130494,27818.053234,4581.946766,5726.424783,28963.912025,19281.465298,489.521403,29890.000659,299.255387,4848.157479,27.057982,0.015555,False,False,False,False,True,True,False,1-circle,1.000000,5215.718919,-21166.799651,0.510142,0.637843,100.000000,100.000000,0.000000,0.000000,2,4,4,0.0000,0.0000,0.0000,0.5000,"Accelerate",-0.008843
4206,A0100,pursuit_chase_v1,UNKNOWN,16005.043780,27848.599233,4551.400767,5731.719710,29003.751397,19283.018037,489.697728,29899.197115,183.929127,4833.601902,25.175100,0.047066,False,False,False,False,True,True,False,1-circle,1.000000,5217.187385,-21518.690836,-1.543775,0.456329,100.000000,100.000000,0.000000,0.000000,2,5,4,0.0000,0.0000,0.0000,0.5000,"PursuitChaseOptimal",-0.001749
4206,B0100,aggressive,UNKNOWN,16005.043780,27848.599233,4551.400767,5731.719710,29003.751397,19283.018037,489.697728,29899.197115,183.929127,4833.601902,25.175100,0.047066,False,False,False,False,True,True,False,1-circle,1.000000,5217.187385,-21518.690836,-1.543775,0.456329,100.000000,100.000000,0.000000,0.000000,2,4,4,0.0000,0.0000,0.0000,0.5000,"Accelerate",0.002652
4207,A0100,pursuit_chase_v1,UNKNOWN,16005.043780,27848.599233,4551.400767,5731.719710,29003.751397,19283.018037,489.697728,29899.197115,183.929127,4833.601902,25.175100,0.047066,False,False,False,False,True,True,False,1-circle,1.000000,5217.187385,-21518.690836,-1.543775,0.456329,100.000000,100.000000,0.000000,0.000000,2,5,4,0.0000,0.0000,0.0000,0.5000,"PursuitChaseOptimal",-0.012898
4207,B0100,aggressive,UNKNOWN,16005.043780,27848.599233,4551.400767,5731.719710,29003.751397,19283.018037,489.697728,29899.197115,183.929127,4833.601902,25.175100,0.047066,False,False,False,False,True,True,False,1-circle,1.000000,5217.187385,-21518.690836,-1.543775,0.456329,100.000000,100.000000,0.000000,0.000000,2,4,4,0.0000,0.0000,0.0000,0.5000,"Accelerate",0.013610
4208,A0100,pursuit_chase_v1,UNKNOWN,16001.135877,27863.624223,4536.375777,5725.620216,29039.543340,19284.530280,490.058198,29916.344403,342.945756,4834.894966,24.163129,0.001509,False,False,False,False,True,True,False,1-circle,1.000000,5218.399092,-21231.816362,-0.049528,0.340644,100.000000,100.000000,0.000000,0.000000,2,5,4,0.0000,0.0000,0.0000,0.5000,"PursuitChaseOptimal",-0.017505
4208,B0100,aggressive,UNKNOWN,16001.135877,27863.624223,4536.375777,5725.620216,29039.543340,19284.530280,490.058198,29916.344403,342.945756,4834.894966,24.163129,0.001509,False,False,False,False,True,True,False,1-circle,1.000000,5218.399092,-21231.816362,-0.049528,0.340644,100.000000,100.000000,0.000000,0.000000,2,4,4,0.0000,0.0000,0.0000,0.5000,"Accelerate",0.018492
4209,A0100,pursuit_chase_v1,UNKNOWN,16001.135877,27863.624223,4536.375777,5725.620216,29039.543340,19284.530280,490.058198,29916.344403,342.945756,4834.894966,24.163129,0.001509,False,False,False,False,True,True,False,1-circle,1.000000,5218.399092,-21231.816362,-0.049528,0.340644,100.000000,100.000000,0.000000,0.000000,2,5,4,0.0000,0.0000,0.0000,0.5000,"PursuitChaseOptimal",-0.030019
4209,B0100,aggressive,UNKNOWN,16001.135877,27863.624223,4536.375777,5725.620216,29039.543340,19284.530280,490.058198,29916.344403,342.945756,4834.894966,24.163129,0.001509,False,False,False,False,True,True,False,1-circle,1.000000,5218.399092,-21231.816362,-0.049528,0.340644,100.000000,100.000000,0.000000,0.000000,2,4,4,0.0000,0.0000,0.0000,0.5000,"Accelerate",0.031593
4210,A0100,pursuit_chase_v1,UNKNOWN,15997.380613,27887.551924,4512.448076,5676.430891,29077.484195,19285.924396,490.254026,29926.237225,197.856427,4836.001180,24.204961,0.015336,False,False,False,False,True,True,False,1-circle,1.000000,5219.811913,-21114.716134,0.503663,0.268753,100.000000,100.000000,0.000000,0.000000,2,5,4,0.0000,0.0000,0.0000,0.5000,"PursuitChaseOptimal",-0.030517
4210,B0100,aggressive,UNKNOWN,15997.380613,27887.551924,4512.448076,5676.430891,29077.484195,19285.924396,490.254026,29926.237225,197.856427,4836.001180,24.204961,0.015336,False,False,False,False,True,True,False,1-circle,1.000000,5219.811913,-21114.716134,0.503663,0.268753,100.000000,100.000000,0.000000,0.000000,2,4,4,0.0000,0.0000,0.0000,0.5000,"Accelerate",0.032158
4211,A0100,pursuit_chase_v1,UNKNOWN,15997.380613,27887.551924,4512.448076,5676.430891,29077.484195,19285.924396,490.254026,29926.237225,197.856427,4836.001180,24.204961,0.015336,False,False,False,False,True,True,False,1-circle,1.000000,5219.811913,-21114.716134,0.503663,0.268753,100.000000,100.000000,0.000000,0.000000,2,5,4,0.0000,0.0000,0.0000,0.5000,"PursuitChaseOptimal",-0.027242
4211,B0100,aggressive,UNKNOWN,15997.380613,27887.551924,4512.448076,5676.430891,29077.484195,19285.924396,490.254026,29926.237225,197.856427,4836.001180,24.204961,0.015336,False,False,False,False,True,True,False,1-circle,1.000000,5219.811913,-21114.716134,0.503663,0.268753,100.000000,100.000000,0.000000,0.000000,2,4,4,0.0000,0.0000,0.0000,0.5000,"Accelerate",0.028653
4212,A0100,pursuit_chase_v1,UNKNOWN,15993.697165,27912.901459,4487.098541,5588.573504,29114.003457,19287.348020,490.504977,29938.556732,246.390157,4853.837562,24.984126,0.019281,False,False,False,False,True,True,False,1-circle,1.000000,5221.689933,-21302.659859,-0.633536,0.564291,100.000000,100.000000,0.000000,0.000000,2,5,4,0.0000,0.0000,0.0000,0.5000,"PursuitChaseOptimal",-0.025494
4212,B0100,aggressive,UNKNOWN,15993.697165,27912.901459,4487.098541,5588.573504,29114.003457,19287.348020,490.504977,29938.556732,246.390157,4853.837562,24.984126,0.019281,False,False,False,False,True,True,False,1-circle,1.000000,5221.689933,-21302.659859,-0.633536,0.564291,100.000000,100.000000,0.000000,0.000000,2,4,4,0.0000,0.0000,0.0000,0.5000,"Accelerate",0.026692
4213,A0100,pursuit_chase_v1,UNKNOWN,15993.697165,27912.901459,4487.098541,5588.573504,29114.003457,19287.348020,490.504977,29938.556732,246.390157,4853.837562,24.984126,0.019281,False,False,False,False,True,True,False,1-circle,1.000000,5221.689933,-21302.659859,-0.633536,0.564291,100.000000,100.000000,0.000000,0.000000,2,5,4,0.0000,0.0000,0.0000,0.5000,"PursuitChaseOptimal",-0.024300
4213,B0100,aggressive,UNKNOWN,15993.697165,27912.901459,4487.098541,5588.573504,29114.003457,19287.348020,490.504977,29938.556732,246.390157,4853.837562,24.984126,0.019281,False,False,False,False,True,True,False,1-circle,1.000000,5221.689933,-21302.659859,-0.633536,0.564291,100.000000,100.000000,0.000000,0.000000,2,4,4,0.0000,0.0000,0.0000,0.5000,"Accelerate",0.025671
4214,A0100,pursuit_chase_v1,UNKNOWN,15990.077963,27936.302479,4463.697521,5478.952548,29150.698826,19288.732092,490.748234,29950.507978,239.024918,4889.869631,25.898211,0.007388,False,False,False,False,True,True,False,1-circle,1.000000,5224.269335,-21216.643136,-0.242872,0.410524,100.000000,100.000000,0.000000,0.000000,2,5,4,0.0000,0.0000,0.0000,0.5000,"PursuitChaseOptimal",-0.022333
4214,B0100,aggressive,UNKNOWN,15990.077963,27936.302479,4463.697521,5478.952548,29150.698826,19288.732092,490.748234,29950.507978,239.024918,4889.869631,25.898211,0.007388,False,False,False,False,True,True,False,1-circle,1.000000,5224.269335,-21216.643136,-0.242872,0.410524,100.000000,100.000000,0.000000,0.000000,2,4,4,0.0000,0.0000,0.0000,0.5000,"Accelerate",0.023649
4215,A0100,pursuit_chase_v1,UNKNOWN,15990.077963,27936.302479,4463.697521,5478.952548,29150.698826,19288.732092,490.748234,29950.507978,239.024918,4889.869631,25.898211,0.007388,False,False,False,False,True,True,False,1-circle,1.000000,5224.269335,-21216.643136,-0.242872,0.410524,100.000000,100.000000,0.000000,0.000000,2,5,4,0.0000,0.0000,0.0000,0.5000,"PursuitChaseOptimal",-0.020017
4215,B0100,aggressive,UNKNOWN,15990.077963,27936.302479,4463.697521,5478.952548,29150.698826,19288.732092,490.748234,29950.507978,239.024918,4889.869631,25.898211,0.007388,False,False,False,False,True,True,False,1-circle,1.000000,5224.269335,-21216.643136,-0.242872,0.410524,100.000000,100.000000,0.000000,0.000000,2,4,4,0.0000,0.0000,0.0000,0.5000,"Accelerate",0.020883
4216,A0100,pursuit_chase_v1,UNKNOWN,15986.525487,27957.686553,4442.313447,5358.638473,29186.292959,19290.143703,490.968670,29961.499936,219.839157,4935.603693,26.817565,0.042658,False,False,False,False,True,True,False,1-circle,1.000000,5227.526762,-21410.800753,-1.402674,0.360209,100.000000,100.000000,0.000000,0.000000,2,5,4,0.0000,0.0000,0.0000,0.5000,"PursuitChaseOptimal",-0.017502
4216,B0100,aggressive,UNKNOWN,15986.525487,27957.686553,4442.313447,5358.638473,29186.292959,19290.143703,490.968670,29961.499936,219.839157,4935.603693,26.817565,0.042658,False,False,False,False,True,True,False,1-circle,1.000000,5227.526762,-21410.800753,-1.402674,0.360209,100.000000,100.000000,0.000000,0.000000,2,4,4,0.0000,0.0000,0.0000,0.5000,"Accelerate",0.017915
4217,A0100,pursuit_chase_v1,UNKNOWN,15986.525487,27957.686553,4442.313447,5358.638473,29186.292959,19290.143703,490.968670,29961.499936,219.839157,4935.603693,26.817565,0.042658,False,False,False,False,True,True,False,1-circle,1.000000,5227.526762,-21410.800753,-1.402674,0.360209,100.000000,100.000000,0.000000,0.000000,2,5,4,0.0000,0.0000,0.0000,0.5000,"PursuitChaseOptimal",-0.014824
4217,B0100,aggressive,UNKNOWN,15986.525487,27957.686553,4442.313447,5358.638473,29186.292959,19290.143703,490.968670,29961.499936,219.839157,4935.603693,26.817565,0.042658,False,False,False,False,True,True,False,1-circle,1.000000,5227.526762,-21410.800753,-1.402674,0.360209,100.000000,100.000000,0.000000,0.000000,2,4,4,0.0000,0.0000,0.0000,0.5000,"Accelerate",0.015335
4218,A0100,pursuit_chase_v1,UNKNOWN,15983.067252,27969.967863,4430.032137,5232.713449,29220.579499,19291.434898,491.304710,29977.403983,318.080927,4994.294009,27.730302,0.031372,False,False,False,False,True,True,False,1-circle,1.000000,5231.589447,-20959.086193,1.032327,0.150659,100.000000,100.000000,0.000000,0.000000,2,4,4,0.0000,0.0000,0.0000,0.5000,"PursuitChaseOptimal",-0.009266
4218,B0100,aggressive,UNKNOWN,15983.067252,27969.967863,4430.032137,5232.713449,29220.579499,19291.434898,491.304710,29977.403983,318.080927,4994.294009,27.730302,0.031372,False,False,False,False,True,True,False,1-circle,1.000000,5231.589447,-20959.086193,1.032327,0.150659,100.000000,100.000000,0.000000,0.000000,2,4,4,0.0000,0.0000,0.0000,0.5000,"Accelerate",0.009939
4219,A0100,pursuit_chase_v1,UNKNOWN,15983.067252,27969.967863,4430.032137,5232.713449,29220.579499,19291.434898,491.304710,29977.403983,318.080927,4994.294009,27.730302,0.031372,False,False,False,False,True,True,False,1-circle,1.000000,5231.589447,-20959.086193,1.032327,0.150659,100.000000,100.000000,0.000000,0.000000,2,4,4,0.0000,0.0000,0.0000,0.5000,"PursuitChaseOptimal",-0.012346
4219,B0100,aggressive,UNKNOWN,15983.067252,27969.967863,4430.032137,5232.713449,29220.579499,19291.434898,491.304710,29977.403983,318.080927,4994.294009,27.730302,0.031372,False,False,False,False,True,True,False,1-circle,1.000000,5231.589447,-20959.086193,1.032327,0.150659,100.000000,100.000000,0.000000,0.000000,2,4,4,0.0000,0.0000,0.0000,0.5000,"Accelerate",0.013124
4220,A0100,pursuit_chase_v1,UNKNOWN,15979.680926,27995.935182,4404.064818,5096.816789,29256.391096,19292.697463,491.456176,29985.256409,157.048523,5041.549034,28.417581,0.029304,False,False,False,False,True,True,False,1-circle,1.000000,5236.312823,-21306.215015,-0.964588,0.342072,100.000000,100.000000,0.000000,0.000000,2,4,4,0.0000,0.0000,0.0000,0.5000,"PursuitChaseOptimal",-0.015251
4220,B0100,aggressive,UNKNOWN,15979.680926,27995.935182,4404.064818,5096.816789,29256.391096,19292.697463,491.456176,29985.256409,157.048523,5041.549034,28.417581,0.029304,False,False,False,False,True,True,False,1-circle,1.000000,5236.312823,-21306.215015,-0.964588,0.342072,100.000000,100.000000,0.000000,0.000000,2,4,4,0.0000,0.0000,0.0000,0.5000,"Accelerate",0.015914
4221,A0100,pursuit_chase_v1,UNKNOWN,15979.680926,27995.935182,4404.064818,5096.816789,29256.391096,19292.697463,491.456176,29985.256409,157.048523,5041.549034,28.417581,0.029304,False,False,False,False,True,True,False,1-circle,1.000000,5236.312823,-21306.215015,-0.964588,0.342072,100.000000,100.000000,0.000000,0.000000,2,4,4,0.0000,0.0000,0.0000,0.5000,"PursuitChaseOptimal",-0.015410
4221,B0100,aggressive,UNKNOWN,15979.680926,27995.935182,4404.064818,5096.816789,29256.391096,19292.697463,491.456176,29985.256409,157.048523,5041.549034,28.417581,0.029304,False,False,False,False,True,True,False,1-circle,1.000000,5236.312823,-21306.215015,-0.964588,0.342072,100.000000,100.000000,0.000000,0.000000,2,4,4,0.0000,0.0000,0.0000,0.5000,"Accelerate",0.015876
4222,A0100,pursuit_chase_v1,UNKNOWN,15976.365882,28010.811162,4389.188838,4979.704140,29287.080986,19293.964832,491.749754,29999.302273,280.917292,5090.471019,29.073990,0.010201,False,False,False,False,True,True,False,1-circle,1.000000,5241.625732,-21060.810234,0.335995,0.466029,100.000000,100.000000,0.000000,0.000000,2,4,4,0.0000,0.0000,0.0000,0.5000,"PursuitChaseOptimal",-0.017697
4222,B0100,aggressive,UNKNOWN,15976.365882,28010.811162,4389.188838,4979.704140,29287.080986,19293.964832,491.749754,29999.302273,280.917292,5090.471019,29.073990,0.010201,False,False,False,False,True,True,False,1-circle,1.000000,5241.625732,-21060.810234,0.335995,0.466029,100.000000,100.000000,0.000000,0.000000,2,4,4,0.0000,0.0000,0.0000,0.5000,"Accelerate",0.018442
4223,A0100,pursuit_chase_v1,UNKNOWN,15976.365882,28010.811162,4389.188838,4979.704140,29287.080986,19293.964832,491.749754,29999.302273,280.917292,5090.471019,29.073990,0.010201,False,False,False,False,True,True,False,1-circle,1.000000,5241.625732,-21060.810234,0.335995,0.466029,100.000000,100.000000,0.000000,0.000000,2,4,4,0.0000,0.0000,0.0000,0.5000,"PursuitChaseOptimal",-0.016184
4223,B0100,aggressive,UNKNOWN,15976.365882,28010.811162,4389.188838,4979.704140,29287.080986,19293.964832,491.749754,29999.302273,280.917292,5090.471019,29.073990,0.010201,False,False,False,False,True,True,False,1-circle,1.000000,5241.625732,-21060.810234,0.335995,0.466029,100.000000,100.000000,0.000000,0.000000,2,4,4,0.0000,0.0000,0.0000,0.5000,"Accelerate",0.016872
4224,A0100,pursuit_chase_v1,UNKNOWN,15973.150201,28035.486535,4364.513465,4904.247741,29322.176778,19295.230499,491.907615,30007.442254,162.799605,5121.287185,28.894566,0.051507,False,False,False,False,True,True,False,1-circle,1.000000,5247.387936,-21416.149167,-1.696547,0.288042,100.000000,100.000000,0.000000,0.000000,2,4,4,0.0000,0.0000,0.0000,0.5000,"PursuitChaseOptimal",-0.011903
4224,B0100,aggressive,UNKNOWN,15973.150201,28035.486535,4364.513465,4904.247741,29322.176778,19295.230499,491.907615,30007.442254,162.799605,5121.287185,28.894566,0.051507,False,False,False,False,True,True,False,1-circle,1.000000,5247.387936,-21416.149167,-1.696547,0.288042,100.000000,100.000000,0.000000,0.000000,2,4,4,0.0000,0.0000,0.0000,0.5000,"Accelerate",0.012033
4225,A0100,pursuit_chase_v1,UNKNOWN,15973.150201,28035.486535,4364.513465,4904.247741,29322.176778,19295.230499,491.907615,30007.442254,162.799605,5121.287185,28.894566,0.051507,False,False,False,False,True,True,False,1-circle,1.000000,5247.387936,-21416.149167,-1.696547,0.288042,100.000000,100.000000,0.000000,0.000000,2,4,4,0.0000,0.0000,0.0000,0.5000,"PursuitChaseOptimal",-0.005574
4225,B0100,aggressive,UNKNOWN,15973.150201,28035.486535,4364.513465,4904.247741,29322.176778,19295.230499,491.907615,30007.442254,162.799605,5121.287185,28.894566,0.051507,False,False,False,False,True,True,False,1-circle,1.000000,5247.387936,-21416.149167,-1.696547,0.288042,100.000000,100.000000,0.000000,0.000000,2,4,4,0.0000,0.0000,0.0000,0.5000,"Accelerate",0.005077
4226,A0100,pursuit_chase_v1,UNKNOWN,15970.089988,28043.534213,4356.465787,4878.592521,29352.618634,19296.462652,492.252600,30023.705077,325.256464,5158.677112,28.132038,0.004561,False,False,False,False,True,True,False,1-circle,1.000000,5253.356981,-21127.709963,-0.150364,0.184563,100.000000,100.000000,0.000000,0.000000,2,4,4,0.0000,0.0000,0.0000,0.5000,"PursuitChaseOptimal",0.001367
4226,B0100,aggressive,UNKNOWN,15970.089988,28043.534213,4356.465787,4878.592521,29352.618634,19296.462652,492.252600,30023.705077,325.256464,5158.677112,28.132038,0.004561,False,False,False,False,True,True,False,1-circle,1.000000,5253.356981,-21127.709963,-0.150364,0.184563,100.000000,100.000000,0.000000,0.000000,2,4,4,0.0000,0.0000,0.0000,0.5000,"Accelerate",-0.001939
4227,A0100,pursuit_chase_v1,UNKNOWN,15970.089988,28043.534213,4356.465787,4878.592521,29352.618634,19296.462652,492.252600,30023.705077,325.256464,5158.677112,28.132038,0.004561,False,False,False,False,True,True,False,1-circle,1.000000,5253.356981,-21127.709963,-0.150364,0.184563,100.000000,100.000000,0.000000,0.000000,2,4,4,0.0000,0.0000,0.0000,0.5000,"PursuitChaseOptimal",0.007238
4227,B0100,aggressive,UNKNOWN,15970.089988,28043.534213,4356.465787,4878.592521,29352.618634,19296.462652,492.252600,30023.705077,325.256464,5158.677112,28.132038,0.004561,False,False,False,False,True,True,False,1-circle,1.000000,5253.356981,-21127.709963,-0.150364,0.184563,100.000000,100.000000,0.000000,0.000000,2,4,4,0.0000,0.0000,0.0000,0.5000,"Accelerate",-0.007674
4228,A0100,pursuit_chase_v1,UNKNOWN,15967.225423,28060.947640,4339.052360,4876.680112,29385.383573,19297.582250,492.433725,30032.720337,180.305206,5181.252941,26.688934,0.012770,False,False,False,False,True,True,False,1-circle,1.000000,5259.332252,-21014.798675,0.421162,0.113036,100.000000,100.000000,0.000000,0.000000,2,4,4,0.0000,0.0000,0.0000,0.5000,"PursuitChaseOptimal",0.012430
4228,B0100,aggressive,UNKNOWN,15967.225423,28060.947640,4339.052360,4876.680112,29385.383573,19297.582250,492.433725,30032.720337,180.305206,5181.252941,26.688934,0.012770,False,False,False,False,True,True,False,1-circle,1.000000,5259.332252,-21014.798675,0.421162,0.113036,100.000000,100.000000,0.000000,0.000000,2,4,4,0.0000,0.0000,0.0000,0.5000,"Accelerate",-0.013034
4229,A0100,pursuit_chase_v1,UNKNOWN,15967.225423,28060.947640,4339.052360,4876.680112,29385.383573,19297.582250,492.433725,30032.720337,180.305206,5181.252941,26.688934,0.012770,False,False,False,False,True,True,False,1-circle,1.000000,5259.332252,-21014.798675,0.421162,0.113036,100.000000,100.000000,0.000000,0.000000,2,4,4,0.0000,0.0000,0.0000,0.5000,"PursuitChaseOptimal",0.016845
4229,B0100,aggressive,UNKNOWN,15967.225423,28060.947640,4339.052360,4876.680112,29385.383573,19297.582250,492.433725,30032.720337,180.305206,5181.252941,26.688934,0.012770,False,False,False,False,True,True,False,1-circle,1.000000,5259.332252,-21014.798675,0.421162,0.113036,100.000000,100.000000,0.000000,0.000000,2,4,4,0.0000,0.0000,0.0000,0.5000,"Accelerate",-0.017806
4230,A0100,pursuit_chase_v1,UNKNOWN,15964.570600,28080.591483,4319.408517,4889.090169,29417.122698,19298.737373,492.670096,30044.183805,229.269351,5214.783463,24.575926,0.021203,False,False,False,False,True,True,False,1-circle,1.000000,5264.950982,-21206.231455,-0.699595,0.410181,100.000000,100.000000,0.000000,0.000000,2,4,4,0.0000,0.0000,0.0000,0.5000,"PursuitChaseOptimal",0.020467
4230,B0100,aggressive,UNKNOWN,15964.570600,28080.591483,4319.408517,4889.090169,29417.122698,19298.737373,492.670096,30044.183805,229.269351,5214.783463,24.575926,0.021203,False,False,False,False,True,True,False,1-circle,1.000000,5264.950982,-21206.231455,-0.699595,0.410181,100.000000,100.000000,0.000000,0.000000,2,4,4,0.0000,0.0000,0.0000,0.5000,"Accelerate",-0.021656
4231,A0100,pursuit_chase_v1,UNKNOWN,15964.570600,28080.591483,4319.408517,4889.090169,29417.122698,19298.737373,492.670096,30044.183805,229.269351,5214.783463,24.575926,0.021203,False,False,False,False,True,True,False,1-circle,1.000000,5264.950982,-21206.231455,-0.699595,0.410181,100.000000,100.000000,0.000000,0.000000,2,4,4,0.0000,0.0000,0.0000,0.5000,"PursuitChaseOptimal",0.022037
4231,B0100,aggressive,UNKNOWN,15964.570600,28080.591483,4319.408517,4889.090169,29417.122698,19298.737373,492.670096,30044.183805,229.269351,5214.783463,24.575926,0.021203,False,False,False,False,True,True,False,1-circle,1.000000,5264.950982,-21206.231455,-0.699595,0.410181,100.000000,100.000000,0.000000,0.000000,2,4,4,0.0000,0.0000,0.0000,0.5000,"Accelerate",-0.023110
4232,A0100,pursuit_chase_v1,UNKNOWN,15962.172848,28100.154796,4299.845204,4906.426772,29449.969973,19299.861713,492.891935,30054.987201,216.067928,5251.261813,22.168536,0.005878,False,False,False,False,True,True,False,1-circle,1.000000,5270.141154,-21104.551959,-0.194044,0.286913,100.000000,100.000000,0.000000,0.000000,2,4,4,0.0000,0.0000,0.0000,0.5000,"PursuitChaseOptimal",0.018807
4232,B0100,aggressive,UNKNOWN,15962.172848,28100.154796,4299.845204,4906.426772,29449.969973,19299.861713,492.891935,30054.987201,216.067928,5251.261813,22.168536,0.005878,False,False,False,False,True,True,False,1-circle,1.000000,5270.141154,-21104.551959,-0.194044,0.286913,100.000000,100.000000,0.000000,0.000000,2,4,4,0.0000,0.0000,0.0000,0.5000,"Accelerate",-0.019633
4233,A0100,pursuit_chase_v1,UNKNOWN,15962.172848,28100.154796,4299.845204,4906.426772,29449.969973,19299.861713,492.891935,30054.987201,216.067928,5251.261813,22.168536,0.005878,False,False,False,False,True,True,False,1-circle,1.000000,5270.141154,-21104.551959,-0.194044,0.286913,100.000000,100.000000,0.000000,0.000000,2,4,4,0.0000,0.0000,0.0000,0.5000,"PursuitChaseOptimal",0.011605
4233,B0100,aggressive,UNKNOWN,15962.172848,28100.154796,4299.845204,4906.426772,29449.969973,19299.861713,492.891935,30054.987201,216.067928,5251.261813,22.168536,0.005878,False,False,False,False,True,True,False,1-circle,1.000000,5270.141154,-21104.551959,-0.194044,0.286913,100.000000,100.000000,0.000000,0.000000,2,4,4,0.0000,0.0000,0.0000,0.5000,"Accelerate",-0.012516
4234,A0100,pursuit_chase_v1,UNKNOWN,15960.029248,28121.089546,4278.910454,4919.282214,29482.672017,19301.047124,493.094437,30065.011786,200.491692,5286.025572,19.906861,0.042962,False,False,False,False,True,True,True,1-circle,1.000000,5274.790190,-21313.815405,-1.418440,0.397531,100.000000,100.000000,0.000000,0.000000,2,4,4,0.0000,0.0000,0.0000,0.5000,"PursuitChaseOptimal",0.003770
4234,B0100,aggressive,UNKNOWN,15960.029248,28121.089546,4278.910454,4919.282214,29482.672017,19301.047124,493.094437,30065.011786,200.491692,5286.025572,19.906861,0.042962,False,False,False,False,True,True,True,1-circle,1.000000,5274.790190,-21313.815405,-1.418440,0.397531,100.000000,100.000000,0.000000,0.000000,2,4,4,0.0000,0.0000,0.0000,0.5000,"Accelerate",-0.004849
4235,A0100,pursuit_chase_v1,UNKNOWN,15960.029248,28121.089546,4278.910454,4919.282214,29482.672017,19301.047124,493.094437,30065.011786,200.491692,5286.025572,19.906861,0.042962,False,False,False,False,True,True,True,1-circle,1.000000,5274.790190,-21313.815405,-1.418440,0.397531,100.000000,100.000000,0.000000,0.000000,2,4,4,0.0000,0.0000,0.0000,0.5000,"PursuitChaseOptimal",-0.005168
4235,B0100,aggressive,UNKNOWN,15960.029248,28121.089546,4278.910454,4919.282214,29482.672017,19301.047124,493.094437,30065.011786,200.491692,5286.025572,19.906861,0.042962,False,False,False,False,True,True,True,1-circle,1.000000,5274.790190,-21313.815405,-1.418440,0.397531,100.000000,100.000000,0.000000,0.000000,2,4,4,0.0000,0.0000,0.0000,0.5000,"Accelerate",0.004568
4236,A0100,pursuit_chase_v1,UNKNOWN,15958.147132,28133.412903,4266.587097,4924.567340,29514.985216,19302.159073,493.416203,30080.176278,303.289858,5323.772228,18.223332,0.032185,False,False,False,False,True,True,True,1-circle,1.000000,5279.186435,-20855.762913,1.063356,0.208453,100.000000,100.000000,0.000000,0.000000,2,4,4,0.0000,0.0000,0.0000,0.5000,"PursuitChaseOptimal",-0.015225
4236,B0100,aggressive,UNKNOWN,15958.147132,28133.412903,4266.587097,4924.567340,29514.985216,19302.159073,493.416203,30080.176278,303.289858,5323.772228,18.223332,0.032185,False,False,False,False,True,True,True,1-circle,1.000000,5279.186435,-20855.762913,1.063356,0.208453,100.000000,100.000000,0.000000,0.000000,2,4,4,0.0000,0.0000,0.0000,0.5000,"Accelerate",0.015287
4237,A0100,pursuit_chase_v1,UNKNOWN,15958.147132,28133.412903,4266.587097,4924.567340,29514.985216,19302.159073,493.416203,30080.176278,303.289858,5323.772228,18.223332,0.032185,False,False,False,False,True,True,True,1-circle,1.000000,5279.186435,-20855.762913,1.063356,0.208453,100.000000,100.000000,0.000000,0.000000,2,4,4,0.0000,0.0000,0.0000,0.5000,"PursuitChaseOptimal",-0.021856
4237,B0100,aggressive,UNKNOWN,15958.147132,28133.412903,4266.587097,4924.567340,29514.985216,19302.159073,493.416203,30080.176278,303.289858,5323.772228,18.223332,0.032185,False,False,False,False,True,True,True,1-circle,1.000000,5279.186435,-20855.762913,1.063356,0.208453,100.000000,100.000000,0.000000,0.000000,2,4,4,0.0000,0.0000,0.0000,0.5000,"Accelerate",0.022130
4238,A0100,pursuit_chase_v1,UNKNOWN,15956.495642,28160.143569,4239.856431,4920.192371,29549.640900,19303.282566,493.544167,30086.890875,134.291940,5348.071916,16.805722,0.027601,False,False,False,False,True,True,True,1-circle,1.000000,5283.455628,-21199.971254,-0.912161,0.339138,100.000000,100.000000,0.000000,0.000000,2,4,4,0.0000,0.0000,0.0000,0.5000,"PursuitChaseOptimal",-0.023136
4238,B0100,aggressive,UNKNOWN,15956.495642,28160.143569,4239.856431,4920.192371,29549.640900,19303.282566,493.544167,30086.890875,134.291940,5348.071916,16.805722,0.027601,False,False,False,False,True,True,True,1-circle,1.000000,5283.455628,-21199.971254,-0.912161,0.339138,100.000000,100.000000,0.000000,0.000000,2,4,4,0.0000,0.0000,0.0000,0.5000,"Accelerate",0.023217
4239,A0100,pursuit_chase_v1,UNKNOWN,15956.495642,28160.143569,4239.856431,4920.192371,29549.640900,19303.282566,493.544167,30086.890875,134.291940,5348.071916,16.805722,0.027601,False,False,False,False,True,True,True,1-circle,1.000000,5283.455628,-21199.971254,-0.912161,0.339138,100.000000,100.000000,0.000000,0.000000,2,4,4,0.0000,0.0000,0.0000,0.5000,"PursuitChaseOptimal",-0.011843
4239,B0100,aggressive,UNKNOWN,15956.495642,28160.143569,4239.856431,4920.192371,29549.640900,19303.282566,493.544167,30086.890875,134.291940,5348.071916,16.805722,0.027601,False,False,False,False,True,True,True,1-circle,1.000000,5283.455628,-21199.971254,-0.912161,0.339138,100.000000,100.000000,0.000000,0.000000,2,4,4,0.0000,0.0000,0.0000,0.5000,"Accelerate",0.011310
4240,A0100,pursuit_chase_v1,UNKNOWN,15955.090140,28175.724930,4224.275070,4926.020733,29579.954291,19304.438417,493.832843,30100.665190,275.486293,5390.128778,15.238836,0.013309,False,False,False,False,True,True,True,1-circle,1.000000,5287.681070,-20945.184519,0.440114,0.448299,100.000000,100.000000,0.000000,0.000000,2,4,4,0.0000,0.0000,0.0000,0.5000,"PursuitChaseOptimal",-0.002625
4240,B0100,aggressive,UNKNOWN,15955.090140,28175.724930,4224.275070,4926.020733,29579.954291,19304.438417,493.832843,30100.665190,275.486293,5390.128778,15.238836,0.013309,False,False,False,False,True,True,True,1-circle,1.000000,5287.681070,-20945.184519,0.440114,0.448299,100.000000,100.000000,0.000000,0.000000,2,4,4,0.0000,0.0000,0.0000,0.5000,"Accelerate",0.002010
4241,A0100,pursuit_chase_v1,UNKNOWN,15955.090140,28175.724930,4224.275070,4926.020733,29579.954291,19304.438417,493.832843,30100.665190,275.486293,5390.128778,15.238836,0.013309,False,False,False,False,True,True,True,1-circle,1.000000,5287.681070,-20945.184519,0.440114,0.448299,100.000000,100.000000,0.000000,0.000000,2,4,4,0.0000,0.0000,0.0000,0.5000,"PursuitChaseOptimal",0.007537
4241,B0100,aggressive,UNKNOWN,15955.090140,28175.724930,4224.275070,4926.020733,29579.954291,19304.438417,493.832843,30100.665190,275.486293,5390.128778,15.238836,0.013309,False,False,False,False,True,True,True,1-circle,1.000000,5287.681070,-20945.184519,0.440114,0.448299,100.000000,100.000000,0.000000,0.000000,2,4,4,0.0000,0.0000,0.0000,0.5000,"Accelerate",-0.008486
4242,A0100,pursuit_chase_v1,UNKNOWN,15953.938382,28203.603269,4196.396731,4929.466565,29615.436367,19305.624915,493.953778,30107.140133,129.498862,5415.859513,13.221927,0.047541,False,False,False,False,True,True,True,1-circle,1.000000,5291.704957,-21295.877677,-1.572131,0.362711,100.000000,100.000000,0.000000,0.000000,2,5,4,0.0000,0.0000,0.0000,0.5000,"PursuitChaseOptimal",0.017490
4242,B0100,aggressive,UNKNOWN,15953.938382,28203.603269,4196.396731,4929.466565,29615.436367,19305.624915,493.953778,30107.140133,129.498862,5415.859513,13.221927,0.047541,False,False,False,False,True,True,True,1-circle,1.000000,5291.704957,-21295.877677,-1.572131,0.362711,100.000000,100.000000,0.000000,0.000000,2,4,4,0.0000,0.0000,0.0000,0.5000,"Accelerate",-0.019154
4243,A0100,pursuit_chase_v1,UNKNOWN,15953.938382,28203.603269,4196.396731,4929.466565,29615.436367,19305.624915,493.953778,30107.140133,129.498862,5415.859513,13.221927,0.047541,False,False,False,False,True,True,True,1-circle,1.000000,5291.704957,-21295.877677,-1.572131,0.362711,100.000000,100.000000,0.000000,0.000000,2,5,4,0.0000,0.0000,0.0000,0.5000,"PursuitChaseOptimal",0.038538
4243,B0100,aggressive,UNKNOWN,15953.938382,28203.603269,4196.396731,4929.466565,29615.436367,19305.624915,493.953778,30107.140133,129.498862,5415.859513,13.221927,0.047541,False,False,False,False,True,True,True,1-circle,1.000000,5291.704957,-21295.877677,-1.572131,0.362711,100.000000,100.000000,0.000000,0.000000,2,4,4,0.0000,0.0000,0.0000,0.5000,"Accelerate",-0.041278
4244,A0100,pursuit_chase_v1,UNKNOWN,15953.027112,28215.831007,4184.168993,4942.280636,29646.635986,19306.832347,494.278220,30122.541644,308.030211,5449.930093,10.917932,0.000590,False,False,False,False,True,True,True,1-circle,1.000000,5295.300108,-20997.540127,0.019540,0.381330,100.000000,100.000000,0.000000,0.000000,2,5,4,0.0000,0.0000,0.0000,0.5000,"PursuitChaseOptimal",0.053307
4244,B0100,aggressive,UNKNOWN,15953.027112,28215.831007,4184.168993,4942.280636,29646.635986,19306.832347,494.278220,30122.541644,308.030211,5449.930093,10.917932,0.000590,False,False,False,False,True,True,True,1-circle,1.000000,5295.300108,-20997.540127,0.019540,0.381330,100.000000,100.000000,0.000000,0.000000,2,4,4,0.0000,0.0000,0.0000,0.5000,"Accelerate",-0.056135
4245,A0100,pursuit_chase_v1,UNKNOWN,15953.027112,28215.831007,4184.168993,4942.280636,29646.635986,19306.832347,494.278220,30122.541644,308.030211,5449.930093,10.917932,0.000590,False,False,False,False,True,True,True,1-circle,1.000000,5295.300108,-20997.540127,0.019540,0.381330,100.000000,100.000000,0.000000,0.000000,2,5,4,0.0000,0.0000,0.0000,0.5000,"PursuitChaseOptimal",0.061786
4245,B0100,aggressive,UNKNOWN,15953.027112,28215.831007,4184.168993,4942.280636,29646.635986,19306.832347,494.278220,30122.541644,308.030211,5449.930093,10.917932,0.000590,False,False,False,False,True,True,True,1-circle,1.000000,5295.300108,-20997.540127,0.019540,0.381330,100.000000,100.000000,0.000000,0.000000,2,4,4,0.0000,0.0000,0.0000,0.5000,"Accelerate",-0.064216
4246,A0100,pursuit_chase_v1,UNKNOWN,15952.350373,28237.126569,4162.873431,4952.883570,29680.239364,19307.976549,494.447398,30131.090988,170.986880,5465.927032,8.147632,0.018237,False,False,False,False,True,True,True,1-circle,1.000000,5298.236417,-20880.030790,0.603774,0.243152,100.000000,100.000000,0.000000,0.000000,2,5,4,0.0000,0.0000,0.0000,0.5000,"PursuitChaseOptimal",0.061789
4246,B0100,aggressive,UNKNOWN,15952.350373,28237.126569,4162.873431,4952.883570,29680.239364,19307.976549,494.447398,30131.090988,170.986880,5465.927032,8.147632,0.018237,False,False,False,False,True,True,True,1-circle,1.000000,5298.236417,-20880.030790,0.603774,0.243152,100.000000,100.000000,0.000000,0.000000,2,4,4,0.0000,0.0000,0.0000,0.5000,"Accelerate",-0.063899
4247,A0100,pursuit_chase_v1,UNKNOWN,15952.350373,28237.126569,4162.873431,4952.883570,29680.239364,19307.976549,494.447398,30131.090988,170.986880,5465.927032,8.147632,0.018237,False,False,False,False,True,True,True,1-circle,1.000000,5298.236417,-20880.030790,0.603774,0.243152,100.000000,100.000000,0.000000,0.000000,2,5,4,0.0000,0.0000,0.0000,0.5000,"PursuitChaseOptimal",0.048588
4247,B0100,aggressive,UNKNOWN,15952.350373,28237.126569,4162.873431,4952.883570,29680.239364,19307.976549,494.447398,30131.090988,170.986880,5465.927032,8.147632,0.018237,False,False,False,False,True,True,True,1-circle,1.000000,5298.236417,-20880.030790,0.603774,0.243152,100.000000,100.000000,0.000000,0.000000,2,4,4,0.0000,0.0000,0.0000,0.5000,"Accelerate",-0.050403
4248,A0100,pursuit_chase_v1,UNKNOWN,15951.856776,28259.935882,4140.064118,4971.464362,29712.836640,19309.191955,494.667551,30141.946515,217.110540,5470.367953,5.378492,0.014893,False,False,False,False,True,True,True,1-circle,1.000000,5300.202830,-21064.406814,-0.493269,0.506761,100.000000,100.000000,0.000000,0.000000,2,5,4,0.0000,0.0000,0.0000,0.5000,"PursuitChaseOptimal",0.024311
4248,B0100,aggressive,UNKNOWN,15951.856776,28259.935882,4140.064118,4971.464362,29712.836640,19309.191955,494.667551,30141.946515,217.110540,5470.367953,5.378492,0.014893,False,False,False,False,True,True,True,1-circle,1.000000,5300.202830,-21064.406814,-0.493269,0.506761,100.000000,100.000000,0.000000,0.000000,2,4,4,0.0000,0.0000,0.0000,0.5000,"Accelerate",-0.025757
4249,A0100,pursuit_chase_v1,UNKNOWN,15951.856776,28259.935882,4140.064118,4971.464362,29712.836640,19309.191955,494.667551,30141.946515,217.110540,5470.367953,5.378492,0.014893,False,False,False,False,True,True,True,1-circle,1.000000,5300.202830,-21064.406814,-0.493269,0.506761,100.000000,100.000000,0.000000,0.000000,2,5,4,0.0000,0.0000,0.0000,0.5000,"PursuitChaseOptimal",0.002979
4249,B0100,aggressive,UNKNOWN,15951.856776,28259.935882,4140.064118,4971.464362,29712.836640,19309.191955,494.667551,30141.946515,217.110540,5470.367953,5.378492,0.014893,False,False,False,False,True,True,True,1-circle,1.000000,5300.202830,-21064.406814,-0.493269,0.506761,100.000000,100.000000,0.000000,0.000000,2,4,4,0.0000,0.0000,0.0000,0.5000,"Accelerate",-0.003754
4250,A0100,pursuit_chase_v1,UNKNOWN,15951.560111,28282.007099,4117.992901,4979.233593,29746.455614,19310.399229,494.872135,30152.116050,203.390704,5472.065028,3.581606,0.001287,False,False,False,False,True,True,True,1-circle,1.000000,5301.511319,-20969.697545,-0.042646,0.370736,100.000000,100.000000,0.000000,0.000000,2,5,4,0.0000,0.0000,0.0000,0.5000,"PursuitChaseOptimal",-0.011154
4250,B0100,aggressive,UNKNOWN,15951.560111,28282.007099,4117.992901,4979.233593,29746.455614,19310.399229,494.872135,30152.116050,203.390704,5472.065028,3.581606,0.001287,False,False,False,False,True,True,True,1-circle,1.000000,5301.511319,-20969.697545,-0.042646,0.370736,100.000000,100.000000,0.000000,0.000000,2,4,4,0.0000,0.0000,0.0000,0.5000,"Accelerate",0.010679
4251,A0100,pursuit_chase_v1,UNKNOWN,15951.560111,28282.007099,4117.992901,4979.233593,29746.455614,19310.399229,494.872135,30152.116050,203.390704,5472.065028,3.581606,0.001287,False,False,False,False,True,True,True,1-circle,1.000000,5301.511319,-20969.697545,-0.042646,0.370736,100.000000,100.000000,0.000000,0.000000,2,5,4,0.0000,0.0000,0.0000,0.5000,"PursuitChaseOptimal",-0.029338
4251,B0100,aggressive,UNKNOWN,15951.560111,28282.007099,4117.992901,4979.233593,29746.455614,19310.399229,494.872135,30152.116050,203.390704,5472.065028,3.581606,0.001287,False,False,False,False,True,True,True,1-circle,1.000000,5301.511319,-20969.697545,-0.042646,0.370736,100.000000,100.000000,0.000000,0.000000,2,4,4,0.0000,0.0000,0.0000,0.5000,"Accelerate",0.028826
4252,A0100,pursuit_chase_v1,UNKNOWN,15951.369695,28304.715939,4095.284061,4945.282924,29779.534569,19311.684719,495.056934,30161.500250,187.684009,5462.055835,3.570959,0.035284,False,False,False,False,True,True,True,1-circle,1.000000,5302.627532,-21158.889916,-1.169410,0.477364,100.000000,100.000000,0.000000,0.000000,2,5,4,0.0000,0.0000,0.0000,0.5000,"PursuitChaseOptimal",-0.032233
4252,B0100,aggressive,UNKNOWN,15951.369695,28304.715939,4095.284061,4945.282924,29779.534569,19311.684719,495.056934,30161.500250,187.684009,5462.055835,3.570959,0.035284,False,False,False,False,True,True,True,1-circle,1.000000,5302.627532,-21158.889916,-1.169410,0.477364,100.000000,100.000000,0.000000,0.000000,2,4,4,0.0000,0.0000,0.0000,0.5000,"Accelerate",0.031705
4253,A0100,pursuit_chase_v1,UNKNOWN,15951.369695,28304.715939,4095.284061,4945.282924,29779.534569,19311.684719,495.056934,30161.500250,187.684009,5462.055835,3.570959,0.035284,False,False,False,False,True,True,True,1-circle,1.000000,5302.627532,-21158.889916,-1.169410,0.477364,100.000000,100.000000,0.000000,0.000000,2,5,4,0.0000,0.0000,0.0000,0.5000,"PursuitChaseOptimal",-0.029528
4253,B0100,aggressive,UNKNOWN,15951.369695,28304.715939,4095.284061,4945.282924,29779.534569,19311.684719,495.056934,30161.500250,187.684009,5462.055835,3.570959,0.035284,False,False,False,False,True,True,True,1-circle,1.000000,5302.627532,-21158.889916,-1.169410,0.477364,100.000000,100.000000,0.000000,0.000000,2,4,4,0.0000,0.0000,0.0000,0.5000,"Accelerate",0.029096
4254,A0100,pursuit_chase_v1,UNKNOWN,15951.216773,28324.062724,4075.937276,4867.845160,29813.153819,19312.939745,495.267321,30171.979040,209.575796,5470.301801,4.556981,0.019307,False,False,False,False,True,True,True,1-circle,1.000000,5304.202086,-21050.626355,-0.640210,0.277775,100.000000,100.000000,0.000000,0.000000,2,5,4,0.0000,0.0000,0.0000,0.5000,"PursuitChaseOptimal",-0.029485
4254,B0100,aggressive,UNKNOWN,15951.216773,28324.062724,4075.937276,4867.845160,29813.153819,19312.939745,495.267321,30171.979040,209.575796,5470.301801,4.556981,0.019307,False,False,False,False,True,True,True,1-circle,1.000000,5304.202086,-21050.626355,-0.640210,0.277775,100.000000,100.000000,0.000000,0.000000,2,4,4,0.0000,0.0000,0.0000,0.5000,"Accelerate",0.029181
4255,A0100,pursuit_chase_v1,UNKNOWN,15951.216773,28324.062724,4075.937276,4867.845160,29813.153819,19312.939745,495.267321,30171.979040,209.575796,5470.301801,4.556981,0.019307,False,False,False,False,True,True,True,1-circle,1.000000,5304.202086,-21050.626355,-0.640210,0.277775,100.000000,100.000000,0.000000,0.000000,2,5,4,0.0000,0.0000,0.0000,0.5000,"PursuitChaseOptimal",-0.029445
4255,B0100,aggressive,UNKNOWN,15951.216773,28324.062724,4075.937276,4867.845160,29813.153819,19312.939745,495.267321,30171.979040,209.575796,5470.301801,4.556981,0.019307,False,False,False,False,True,True,True,1-circle,1.000000,5304.202086,-21050.626355,-0.640210,0.277775,100.000000,100.000000,0.000000,0.000000,2,4,4,0.0000,0.0000,0.0000,0.5000,"Accelerate",0.028787
4256,A0100,pursuit_chase_v1,UNKNOWN,15951.070895,28342.239938,4057.760062,4768.805829,29845.728283,19314.233201,495.439479,30180.823127,176.881736,5494.668658,5.766112,0.055953,False,False,False,False,True,True,True,1-circle,1.000000,5306.371612,-21257.184325,-1.855392,0.311346,100.000000,100.000000,0.000000,0.000000,2,5,4,0.0000,0.0000,0.0000,0.5000,"PursuitChaseOptimal",-0.028478
4256,B0100,aggressive,UNKNOWN,15951.070895,28342.239938,4057.760062,4768.805829,29845.728283,19314.233201,495.439479,30180.823127,176.881736,5494.668658,5.766112,0.055953,False,False,False,False,True,True,True,1-circle,1.000000,5306.371612,-21257.184325,-1.855392,0.311346,100.000000,100.000000,0.000000,0.000000,2,4,4,0.0000,0.0000,0.0000,0.5000,"Accelerate",0.027431
4257,A0100,pursuit_chase_v1,UNKNOWN,15951.070895,28342.239938,4057.760062,4768.805829,29845.728283,19314.233201,495.439479,30180.823127,176.881736,5494.668658,5.766112,0.055953,False,False,False,False,True,True,True,1-circle,1.000000,5306.371612,-21257.184325,-1.855392,0.311346,100.000000,100.000000,0.000000,0.000000,2,5,4,0.0000,0.0000,0.0000,0.5000,"PursuitChaseOptimal",-0.026829
4257,B0100,aggressive,UNKNOWN,15951.070895,28342.239938,4057.760062,4768.805829,29845.728283,19314.233201,495.439479,30180.823127,176.881736,5494.668658,5.766112,0.055953,False,False,False,False,True,True,True,1-circle,1.000000,5306.371612,-21257.184325,-1.855392,0.311346,100.000000,100.000000,0.000000,0.000000,2,4,4,0.0000,0.0000,0.0000,0.5000,"Accelerate",0.026034
4258,A0100,pursuit_chase_v1,UNKNOWN,15950.966198,28350.170758,4049.829242,4659.187689,29876.021823,19315.423136,495.735243,30194.991084,283.359134,5539.680492,7.069712,0.020497,False,False,False,False,True,True,True,1-circle,1.000000,5309.358531,-20789.615625,0.680282,0.119901,100.000000,100.000000,0.000000,0.000000,2,5,4,0.0000,0.0000,0.0000,0.5000,"PursuitChaseOptimal",-0.024796
4258,B0100,aggressive,UNKNOWN,15950.966198,28350.170758,4049.829242,4659.187689,29876.021823,19315.423136,495.735243,30194.991084,283.359134,5539.680492,7.069712,0.020497,False,False,False,False,True,True,True,1-circle,1.000000,5309.358531,-20789.615625,0.680282,0.119901,100.000000,100.000000,0.000000,0.000000,2,4,4,0.0000,0.0000,0.0000,0.5000,"Accelerate",0.024236
4259,A0100,pursuit_chase_v1,UNKNOWN,15950.966198,28350.170758,4049.829242,4659.187689,29876.021823,19315.423136,495.735243,30194.991084,283.359134,5539.680492,7.069712,0.020497,False,False,False,False,True,True,True,1-circle,1.000000,5309.358531,-20789.615625,0.680282,0.119901,100.000000,100.000000,0.000000,0.000000,2,5,4,0.0000,0.0000,0.0000,0.5000,"PursuitChaseOptimal",-0.022445
4259,B0100,aggressive,UNKNOWN,15950.966198,28350.170758,4049.829242,4659.187689,29876.021823,19315.423136,495.735243,30194.991084,283.359134,5539.680492,7.069712,0.020497,False,False,False,False,True,True,True,1-circle,1.000000,5309.358531,-20789.615625,0.680282,0.119901,100.000000,100.000000,0.000000,0.000000,2,4,4,0.0000,0.0000,0.0000,0.5000,"Accelerate",0.021890
4260,A0100,pursuit_chase_v1,UNKNOWN,15950.891697,28374.517747,4025.482253,4535.375614,29910.496226,19316.604174,495.843279,30200.914605,118.470423,5579.166112,8.096742,0.038997,False,False,False,False,True,True,True,1-circle,1.000000,5313.072056,-21134.897306,-1.294383,0.299111,100.000000,100.000000,0.000000,0.000000,2,4,4,0.0000,0.0000,0.0000,0.5000,"PursuitChaseOptimal",-0.017336
4260,B0100,aggressive,UNKNOWN,15950.891697,28374.517747,4025.482253,4535.375614,29910.496226,19316.604174,495.843279,30200.914605,118.470423,5579.166112,8.096742,0.038997,False,False,False,False,True,True,True,1-circle,1.000000,5313.072056,-21134.897306,-1.294383,0.299111,100.000000,100.000000,0.000000,0.000000,2,4,4,0.0000,0.0000,0.0000,0.5000,"Accelerate",0.016389
4261,A0100,pursuit_chase_v1,UNKNOWN,15950.891697,28374.517747,4025.482253,4535.375614,29910.496226,19316.604174,495.843279,30200.914605,118.470423,5579.166112,8.096742,0.038997,False,False,False,False,True,True,True,1-circle,1.000000,5313.072056,-21134.897306,-1.294383,0.299111,100.000000,100.000000,0.000000,0.000000,2,4,4,0.0000,0.0000,0.0000,0.5000,"PursuitChaseOptimal",-0.020506
4261,B0100,aggressive,UNKNOWN,15950.891697,28374.517747,4025.482253,4535.375614,29910.496226,19316.604174,495.843279,30200.914605,118.470423,5579.166112,8.096742,0.038997,False,False,False,False,True,True,True,1-circle,1.000000,5313.072056,-21134.897306,-1.294383,0.299111,100.000000,100.000000,0.000000,0.000000,2,4,4,0.0000,0.0000,0.0000,0.5000,"Accelerate",0.019507
4262,A0100,pursuit_chase_v1,UNKNOWN,15950.852030,28385.441203,4014.558797,4412.853866,29937.070734,19317.806613,496.097856,30213.296431,247.636522,5629.708561,9.212452,0.002459,False,False,False,False,True,True,True,1-circle,1.000000,5317.444916,-20877.997492,0.081664,0.418825,100.000000,100.000000,0.000000,0.000000,2,4,4,0.0000,0.0000,0.0000,0.5000,"PursuitChaseOptimal",-0.022950
4262,B0100,aggressive,UNKNOWN,15950.852030,28385.441203,4014.558797,4412.853866,29937.070734,19317.806613,496.097856,30213.296431,247.636522,5629.708561,9.212452,0.002459,False,False,False,False,True,True,True,1-circle,1.000000,5317.444916,-20877.997492,0.081664,0.418825,100.000000,100.000000,0.000000,0.000000,2,4,4,0.0000,0.0000,0.0000,0.5000,"Accelerate",0.022180
4263,A0100,pursuit_chase_v1,UNKNOWN,15950.852030,28385.441203,4014.558797,4412.853866,29937.070734,19317.806613,496.097856,30213.296431,247.636522,5629.708561,9.212452,0.002459,False,False,False,False,True,True,True,1-circle,1.000000,5317.444916,-20877.997492,0.081664,0.418825,100.000000,100.000000,0.000000,0.000000,2,4,4,0.0000,0.0000,0.0000,0.5000,"PursuitChaseOptimal",-0.024990
4263,B0100,aggressive,UNKNOWN,15950.852030,28385.441203,4014.558797,4412.853866,29937.070734,19317.806613,496.097856,30213.296431,247.636522,5629.708561,9.212452,0.002459,False,False,False,False,True,True,True,1-circle,1.000000,5317.444916,-20877.997492,0.081664,0.418825,100.000000,100.000000,0.000000,0.000000,2,4,4,0.0000,0.0000,0.0000,0.5000,"Accelerate",0.024367
4264,A0100,pursuit_chase_v1,UNKNOWN,15950.845191,28407.900345,3992.099655,4296.839811,29970.737612,19319.020721,496.211550,30219.505082,124.173028,5664.484170,10.013378,0.057047,False,False,False,False,True,True,True,1-circle,1.000000,5322.453152,-21225.402672,-1.894457,0.242936,100.000000,100.000000,0.000000,0.000000,2,4,4,0.0000,0.0000,0.0000,0.5000,"PursuitChaseOptimal",-0.021403
4264,B0100,aggressive,UNKNOWN,15950.845191,28407.900345,3992.099655,4296.839811,29970.737612,19319.020721,496.211550,30219.505082,124.173028,5664.484170,10.013378,0.057047,False,False,False,False,True,True,True,1-circle,1.000000,5322.453152,-21225.402672,-1.894457,0.242936,100.000000,100.000000,0.000000,0.000000,2,4,4,0.0000,0.0000,0.0000,0.5000,"Accelerate",0.020232
4265,A0100,pursuit_chase_v1,UNKNOWN,15950.845191,28407.900345,3992.099655,4296.839811,29970.737612,19319.020721,496.211550,30219.505082,124.173028,5664.484170,10.013378,0.057047,False,False,False,False,True,True,True,1-circle,1.000000,5322.453152,-21225.402672,-1.894457,0.242936,100.000000,100.000000,0.000000,0.000000,2,4,4,0.0000,0.0000,0.0000,0.5000,"PursuitChaseOptimal",-0.016046
4265,B0100,aggressive,UNKNOWN,15950.845191,28407.900345,3992.099655,4296.839811,29970.737612,19319.020721,496.211550,30219.505082,124.173028,5664.484170,10.013378,0.057047,False,False,False,False,True,True,True,1-circle,1.000000,5322.453152,-21225.402672,-1.894457,0.242936,100.000000,100.000000,0.000000,0.000000,2,4,4,0.0000,0.0000,0.0000,0.5000,"Accelerate",0.014279
4266,A0100,pursuit_chase_v1,UNKNOWN,15950.906205,28411.368154,3988.631846,4236.927220,29997.618680,19320.214455,496.515744,30234.067606,291.250477,5700.887452,10.231651,0.008215,False,False,False,False,True,True,True,1-circle,1.000000,5327.955375,-20925.951691,-0.273077,0.151158,100.000000,100.000000,0.000000,0.000000,2,4,4,0.0000,0.0000,0.0000,0.5000,"PursuitChaseOptimal",-0.004889
4266,B0100,aggressive,UNKNOWN,15950.906205,28411.368154,3988.631846,4236.927220,29997.618680,19320.214455,496.515744,30234.067606,291.250477,5700.887452,10.231651,0.008215,False,False,False,False,True,True,True,1-circle,1.000000,5327.955375,-20925.951691,-0.273077,0.151158,100.000000,100.000000,0.000000,0.000000,2,4,4,0.0000,0.0000,0.0000,0.5000,"Accelerate",0.002936
4267,A0100,pursuit_chase_v1,UNKNOWN,15950.906205,28411.368154,3988.631846,4236.927220,29997.618680,19320.214455,496.515744,30234.067606,291.250477,5700.887452,10.231651,0.008215,False,False,False,False,True,True,True,1-circle,1.000000,5327.955375,-20925.951691,-0.273077,0.151158,100.000000,100.000000,0.000000,0.000000,2,4,4,0.0000,0.0000,0.0000,0.5000,"PursuitChaseOptimal",-0.001013
4267,B0100,aggressive,UNKNOWN,15950.906205,28411.368154,3988.631846,4236.927220,29997.618680,19320.214455,496.515744,30234.067606,291.250477,5700.887452,10.231651,0.008215,False,False,False,False,True,True,True,1-circle,1.000000,5327.955375,-20925.951691,-0.273077,0.151158,100.000000,100.000000,0.000000,0.000000,2,4,4,0.0000,0.0000,0.0000,0.5000,"Accelerate",-0.000796
4268,A0100,pursuit_chase_v1,UNKNOWN,15951.089599,28424.815272,3975.184728,4210.936209,30027.030115,19321.307539,496.653347,30241.210794,142.863758,5724.162430,9.497647,0.013239,False,False,False,False,True,True,True,1-circle,1.000000,5333.688014,-20790.295834,0.440159,0.083042,100.000000,100.000000,0.000000,0.000000,2,4,4,0.0000,0.0000,0.0000,0.5000,"PursuitChaseOptimal",0.006561
4268,B0100,aggressive,UNKNOWN,15951.089599,28424.815272,3975.184728,4210.936209,30027.030115,19321.307539,496.653347,30241.210794,142.863758,5724.162430,9.497647,0.013239,False,False,False,False,True,True,True,1-circle,1.000000,5333.688014,-20790.295834,0.440159,0.083042,100.000000,100.000000,0.000000,0.000000,2,4,4,0.0000,0.0000,0.0000,0.5000,"Accelerate",-0.008595
4269,A0100,pursuit_chase_v1,UNKNOWN,15951.089599,28424.815272,3975.184728,4210.936209,30027.030115,19321.307539,496.653347,30241.210794,142.863758,5724.162430,9.497647,0.013239,False,False,False,False,True,True,True,1-circle,1.000000,5333.688014,-20790.295834,0.440159,0.083042,100.000000,100.000000,0.000000,0.000000,2,4,4,0.0000,0.0000,0.0000,0.5000,"PursuitChaseOptimal",0.014372
4269,B0100,aggressive,UNKNOWN,15951.089599,28424.815272,3975.184728,4210.936209,30027.030115,19321.307539,496.653347,30241.210794,142.863758,5724.162430,9.497647,0.013239,False,False,False,False,True,True,True,1-circle,1.000000,5333.688014,-20790.295834,0.440159,0.083042,100.000000,100.000000,0.000000,0.000000,2,4,4,0.0000,0.0000,0.0000,0.5000,"Accelerate",-0.016929
4270,A0100,pursuit_chase_v1,UNKNOWN,15951.411822,28440.639293,3959.360707,4211.686006,30055.080679,19322.449511,496.846982,30250.869316,193.170428,5747.523037,8.022375,0.021376,False,False,False,False,True,True,True,1-circle,1.000000,5339.212762,-20990.124725,-0.710954,0.384376,100.000000,100.000000,0.000000,0.000000,2,4,4,0.0000,0.0000,0.0000,0.5000,"PursuitChaseOptimal",0.019786
4270,B0100,aggressive,UNKNOWN,15951.411822,28440.639293,3959.360707,4211.686006,30055.080679,19322.449511,496.846982,30250.869316,193.170428,5747.523037,8.022375,0.021376,False,False,False,False,True,True,True,1-circle,1.000000,5339.212762,-20990.124725,-0.710954,0.384376,100.000000,100.000000,0.000000,0.000000,2,4,4,0.0000,0.0000,0.0000,0.5000,"Accelerate",-0.022665
4271,A0100,pursuit_chase_v1,UNKNOWN,15951.411822,28440.639293,3959.360707,4211.686006,30055.080679,19322.449511,496.846982,30250.869316,193.170428,5747.523037,8.022375,0.021376,False,False,False,False,True,True,True,1-circle,1.000000,5339.212762,-20990.124725,-0.710954,0.384376,100.000000,100.000000,0.000000,0.000000,2,4,4,0.0000,0.0000,0.0000,0.5000,"PursuitChaseOptimal",0.022724
4271,B0100,aggressive,UNKNOWN,15951.411822,28440.639293,3959.360707,4211.686006,30055.080679,19322.449511,496.846982,30250.869316,193.170428,5747.523037,8.022375,0.021376,False,False,False,False,True,True,True,1-circle,1.000000,5339.212762,-20990.124725,-0.710954,0.384376,100.000000,100.000000,0.000000,0.000000,2,4,4,0.0000,0.0000,0.0000,0.5000,"Accelerate",-0.025452
4272,A0100,pursuit_chase_v1,UNKNOWN,15951.912268,28456.051115,3943.948885,4222.130695,30084.278059,19323.572091,497.024746,30259.813329,178.880268,5774.085739,6.113964,0.003093,False,False,False,False,True,True,True,1-circle,1.000000,5344.378817,-20873.016897,-0.102914,0.258635,100.000000,100.000000,0.000000,0.000000,2,4,4,0.0000,0.0000,0.0000,0.5000,"PursuitChaseOptimal",0.020519
4272,B0100,aggressive,UNKNOWN,15951.912268,28456.051115,3943.948885,4222.130695,30084.278059,19323.572091,497.024746,30259.813329,178.880268,5774.085739,6.113964,0.003093,False,False,False,False,True,True,True,1-circle,1.000000,5344.378817,-20873.016897,-0.102914,0.258635,100.000000,100.000000,0.000000,0.000000,2,4,4,0.0000,0.0000,0.0000,0.5000,"Accelerate",-0.022996
4273,A0100,pursuit_chase_v1,UNKNOWN,15951.912268,28456.051115,3943.948885,4222.130695,30084.278059,19323.572091,497.024746,30259.813329,178.880268,5774.085739,6.113964,0.003093,False,False,False,False,True,True,True,1-circle,1.000000,5344.378817,-20873.016897,-0.102914,0.258635,100.000000,100.000000,0.000000,0.000000,2,4,4,0.0000,0.0000,0.0000,0.5000,"PursuitChaseOptimal",0.014391
4273,B0100,aggressive,UNKNOWN,15951.912268,28456.051115,3943.948885,4222.130695,30084.278059,19323.572091,497.024746,30259.813329,178.880268,5774.085739,6.113964,0.003093,False,False,False,False,True,True,True,1-circle,1.000000,5344.378817,-20873.016897,-0.102914,0.258635,100.000000,100.000000,0.000000,0.000000,2,4,4,0.0000,0.0000,0.0000,0.5000,"Accelerate",-0.016994
4274,A0100,pursuit_chase_v1,UNKNOWN,15952.598164,28472.853509,3927.146491,4230.436095,30112.972804,19324.767501,497.182846,30267.967341,163.080232,5803.301283,4.215742,0.037992,False,False,False,False,True,True,True,1-circle,1.000000,5349.032266,-21073.998148,-1.264271,0.378547,100.000000,100.000000,0.000000,0.000000,2,4,4,0.0000,0.0000,0.0000,0.5000,"PursuitChaseOptimal",0.007193
4274,B0100,aggressive,UNKNOWN,15952.598164,28472.853509,3927.146491,4230.436095,30112.972804,19324.767501,497.182846,30267.967341,163.080232,5803.301283,4.215742,0.037992,False,False,False,False,True,True,True,1-circle,1.000000,5349.032266,-21073.998148,-1.264271,0.378547,100.000000,100.000000,0.000000,0.000000,2,4,4,0.0000,0.0000,0.0000,0.5000,"Accelerate",-0.009665
4275,A0100,pursuit_chase_v1,UNKNOWN,15952.598164,28472.853509,3927.146491,4230.436095,30112.972804,19324.767501,497.182846,30267.967341,163.080232,5803.301283,4.215742,0.037992,False,False,False,False,True,True,True,1-circle,1.000000,5349.032266,-21073.998148,-1.264271,0.378547,100.000000,100.000000,0.000000,0.000000,2,4,4,0.0000,0.0000,0.0000,0.5000,"PursuitChaseOptimal",-0.001472
4275,B0100,aggressive,UNKNOWN,15952.598164,28472.853509,3927.146491,4230.436095,30112.972804,19324.767501,497.182846,30267.967341,163.080232,5803.301283,4.215742,0.037992,False,False,False,False,True,True,True,1-circle,1.000000,5349.032266,-21073.998148,-1.264271,0.378547,100.000000,100.000000,0.000000,0.000000,2,4,4,0.0000,0.0000,0.0000,0.5000,"Accelerate",-0.000507
4276,A0100,pursuit_chase_v1,UNKNOWN,15953.474404,28486.320485,3913.679515,4231.327967,30141.588440,19325.931115,497.367914,30277.279313,186.239450,5828.309312,2.845525,0.019116,False,False,False,False,True,True,True,1-circle,1.000000,5353.406962,-20952.704878,-0.636412,0.192439,100.000000,100.000000,0.000000,0.000000,2,4,4,0.0000,0.0000,0.0000,0.5000,"PursuitChaseOptimal",-0.011046
4276,B0100,aggressive,UNKNOWN,15953.474404,28486.320485,3913.679515,4231.327967,30141.588440,19325.931115,497.367914,30277.279313,186.239450,5828.309312,2.845525,0.019116,False,False,False,False,True,True,True,1-circle,1.000000,5353.406962,-20952.704878,-0.636412,0.192439,100.000000,100.000000,0.000000,0.000000,2,4,4,0.0000,0.0000,0.0000,0.5000,"Accelerate",0.009372
4277,A0100,pursuit_chase_v1,UNKNOWN,15953.474404,28486.320485,3913.679515,4231.327967,30141.588440,19325.931115,497.367914,30277.279313,186.239450,5828.309312,2.845525,0.019116,False,False,False,False,True,True,True,1-circle,1.000000,5353.406962,-20952.704878,-0.636412,0.192439,100.000000,100.000000,0.000000,0.000000,2,4,4,0.0000,0.0000,0.0000,0.5000,"PursuitChaseOptimal",-0.020464
4277,B0100,aggressive,UNKNOWN,15953.474404,28486.320485,3913.679515,4231.327967,30141.588440,19325.931115,497.367914,30277.279313,186.239450,5828.309312,2.845525,0.019116,False,False,False,False,True,True,True,1-circle,1.000000,5353.406962,-20952.704878,-0.636412,0.192439,100.000000,100.000000,0.000000,0.000000,2,4,4,0.0000,0.0000,0.0000,0.5000,"Accelerate",0.018754
4278,A0100,pursuit_chase_v1,UNKNOWN,15954.516986,28500.787636,3899.212364,4226.823829,30172.000385,19327.134688,497.516655,30285.034030,155.094331,5851.014363,1.861838,0.052479,False,False,False,False,True,True,True,1-circle,1.000000,5357.630050,-21144.292872,-1.747202,0.232102,100.000000,100.000000,0.000000,0.000000,2,4,4,0.0000,0.0000,0.0000,0.5000,"PursuitChaseOptimal",-0.014968
4278,B0100,aggressive,UNKNOWN,15954.516986,28500.787636,3899.212364,4226.823829,30172.000385,19327.134688,497.516655,30285.034030,155.094331,5851.014363,1.861838,0.052479,False,False,False,False,True,True,True,1-circle,1.000000,5357.630050,-21144.292872,-1.747202,0.232102,100.000000,100.000000,0.000000,0.000000,2,4,4,0.0000,0.0000,0.0000,0.5000,"Accelerate",0.012675
4279,A0100,pursuit_chase_v1,UNKNOWN,15954.516986,28500.787636,3899.212364,4226.823829,30172.000385,19327.134688,497.516655,30285.034030,155.094331,5851.014363,1.861838,0.052479,False,False,False,False,True,True,True,1-circle,1.000000,5357.630050,-21144.292872,-1.747202,0.232102,100.000000,100.000000,0.000000,0.000000,2,4,4,0.0000,0.0000,0.0000,0.5000,"PursuitChaseOptimal",-0.006756
4279,B0100,aggressive,UNKNOWN,15954.516986,28500.787636,3899.212364,4226.823829,30172.000385,19327.134688,497.516655,30285.034030,155.094331,5851.014363,1.861838,0.052479,False,False,False,False,True,True,True,1-circle,1.000000,5357.630050,-21144.292872,-1.747202,0.232102,100.000000,100.000000,0.000000,0.000000,2,4,4,0.0000,0.0000,0.0000,0.5000,"Accelerate",0.004431
4280,A0100,pursuit_chase_v1,UNKNOWN,15955.760555,28504.779903,3895.220097,4228.337690,30199.448730,19328.236965,497.789296,30298.149522,262.309843,5888.755429,0.735956,0.025928,False,False,False,False,True,True,True,1-circle,1.000000,5361.933754,-20666.025775,0.863878,0.045525,100.000000,100.000000,0.000000,0.000000,2,4,4,0.0000,0.0000,0.0000,0.5000,"PursuitChaseOptimal",0.001704
4280,B0100,aggressive,UNKNOWN,15955.760555,28504.779903,3895.220097,4228.337690,30199.448730,19328.236965,497.789296,30298.149522,262.309843,5888.755429,0.735956,0.025928,False,False,False,False,True,True,True,1-circle,1.000000,5361.933754,-20666.025775,0.863878,0.045525,100.000000,100.000000,0.000000,0.000000,2,4,4,0.0000,0.0000,0.0000,0.5000,"Accelerate",-0.004030
4281,A0100,pursuit_chase_v1,UNKNOWN,15955.760555,28504.779903,3895.220097,4228.337690,30199.448730,19328.236965,497.789296,30298.149522,262.309843,5888.755429,0.735956,0.025928,False,False,False,False,True,True,True,1-circle,1.000000,5361.933754,-20666.025775,0.863878,0.045525,100.000000,100.000000,0.000000,0.000000,2,4,4,0.0000,0.0000,0.0000,0.5000,"PursuitChaseOptimal",0.012536
4281,B0100,aggressive,UNKNOWN,15955.760555,28504.779903,3895.220097,4228.337690,30199.448730,19328.236965,497.789296,30298.149522,262.309843,5888.755429,0.735956,0.025928,False,False,False,False,True,True,True,1-circle,1.000000,5361.933754,-20666.025775,0.863878,0.045525,100.000000,100.000000,0.000000,0.000000,2,4,4,0.0000,0.0000,0.0000,0.5000,"Accelerate",-0.015174
4282,A0100,pursuit_chase_v1,UNKNOWN,15957.194563,28526.730933,3873.269067,4228.033929,30231.927610,19329.334449,497.874177,30302.988415,96.777865,5910.043392,-0.937894,0.031628,False,False,False,False,True,True,True,1-circle,1.000000,5366.065507,-21002.846027,-1.053924,0.233426,100.000000,100.000000,0.000000,0.000000,2,4,4,0.0000,0.0000,0.0000,0.5000,"PursuitChaseOptimal",0.022520
4282,B0100,aggressive,UNKNOWN,15957.194563,28526.730933,3873.269067,4228.033929,30231.927610,19329.334449,497.874177,30302.988415,96.777865,5910.043392,-0.937894,0.031628,False,False,False,False,True,True,True,1-circle,1.000000,5366.065507,-21002.846027,-1.053924,0.233426,100.000000,100.000000,0.000000,0.000000,2,4,4,0.0000,0.0000,0.0000,0.5000,"Accelerate",-0.025721
4283,A0100,pursuit_chase_v1,UNKNOWN,15957.194563,28526.730933,3873.269067,4228.033929,30231.927610,19329.334449,497.874177,30302.988415,96.777865,5910.043392,-0.937894,0.031628,False,False,False,False,True,True,True,1-circle,1.000000,5366.065507,-21002.846027,-1.053924,0.233426,100.000000,100.000000,0.000000,0.000000,2,4,4,0.0000,0.0000,0.0000,0.5000,"PursuitChaseOptimal",0.029661
4283,B0100,aggressive,UNKNOWN,15957.194563,28526.730933,3873.269067,4228.033929,30231.927610,19329.334449,497.874177,30302.988415,96.777865,5910.043392,-0.937894,0.031628,False,False,False,False,True,True,True,1-circle,1.000000,5366.065507,-21002.846027,-1.053924,0.233426,100.000000,100.000000,0.000000,0.000000,2,4,4,0.0000,0.0000,0.0000,0.5000,"Accelerate",-0.033185
4284,A0100,pursuit_chase_v1,UNKNOWN,15958.814291,28536.430807,3863.569193,4238.279677,30257.228343,19330.459273,498.109272,30314.479139,229.814488,5940.404245,-2.870335,0.012225,False,False,False,False,True,True,True,1-circle,1.000000,5369.774931,-20731.069553,0.407610,0.358141,100.000000,100.000000,0.000000,0.000000,2,4,4,0.0000,0.0000,0.0000,0.5000,"PursuitChaseOptimal",0.020260
4284,B0100,aggressive,UNKNOWN,15958.814291,28536.430807,3863.569193,4238.279677,30257.228343,19330.459273,498.109272,30314.479139,229.814488,5940.404245,-2.870335,0.012225,False,False,False,False,True,True,True,1-circle,1.000000,5369.774931,-20731.069553,0.407610,0.358141,100.000000,100.000000,0.000000,0.000000,2,4,4,0.0000,0.0000,0.0000,0.5000,"Accelerate",-0.023176
4285,A0100,pursuit_chase_v1,UNKNOWN,15958.814291,28536.430807,3863.569193,4238.279677,30257.228343,19330.459273,498.109272,30314.479139,229.814488,5940.404245,-2.870335,0.012225,False,False,False,False,True,True,True,1-circle,1.000000,5369.774931,-20731.069553,0.407610,0.358141,100.000000,100.000000,0.000000,0.000000,2,4,4,0.0000,0.0000,0.0000,0.5000,"PursuitChaseOptimal",0.004465
4285,B0100,aggressive,UNKNOWN,15958.814291,28536.430807,3863.569193,4238.279677,30257.228343,19330.459273,498.109272,30314.479139,229.814488,5940.404245,-2.870335,0.012225,False,False,False,False,True,True,True,1-circle,1.000000,5369.774931,-20731.069553,0.407610,0.358141,100.000000,100.000000,0.000000,0.000000,2,4,4,0.0000,0.0000,0.0000,0.5000,"Accelerate",-0.006746
4286,A0100,pursuit_chase_v1,UNKNOWN,15960.616671,28560.739975,3839.260025,4236.064270,30290.527094,19331.614273,498.181506,30318.820109,86.819386,5957.605742,-4.618784,0.045588,False,False,False,False,True,True,True,1-circle,1.000000,5373.014208,-21068.965528,-1.519832,0.278523,100.000000,100.000000,0.000000,0.000000,2,5,4,0.0000,0.0000,0.0000,0.5000,"PursuitChaseOptimal",-0.009353
4286,B0100,aggressive,UNKNOWN,15960.616671,28560.739975,3839.260025,4236.064270,30290.527094,19331.614273,498.181506,30318.820109,86.819386,5957.605742,-4.618784,0.045588,False,False,False,False,True,True,True,1-circle,1.000000,5373.014208,-21068.965528,-1.519832,0.278523,100.000000,100.000000,0.000000,0.000000,2,4,4,0.0000,0.0000,0.0000,0.5000,"Accelerate",0.007107
4287,A0100,pursuit_chase_v1,UNKNOWN,15960.616671,28560.739975,3839.260025,4236.064270,30290.527094,19331.614273,498.181506,30318.820109,86.819386,5957.605742,-4.618784,0.045588,False,False,False,False,True,True,True,1-circle,1.000000,5373.014208,-21068.965528,-1.519832,0.278523,100.000000,100.000000,0.000000,0.000000,2,5,4,0.0000,0.0000,0.0000,0.5000,"PursuitChaseOptimal",-0.005718
4287,B0100,aggressive,UNKNOWN,15960.616671,28560.739975,3839.260025,4236.064270,30290.527094,19331.614273,498.181506,30318.820109,86.819386,5957.605742,-4.618784,0.045588,False,False,False,False,True,True,True,1-circle,1.000000,5373.014208,-21068.965528,-1.519832,0.278523,100.000000,100.000000,0.000000,0.000000,2,4,4,0.0000,0.0000,0.0000,0.5000,"Accelerate",0.003217
4288,A0100,pursuit_chase_v1,UNKNOWN,15962.588128,28569.467263,3830.532737,4246.308241,30316.125919,19332.799596,498.420009,30330.528142,234.160666,5976.482081,-5.796594,0.002019,False,False,False,False,True,True,True,1-circle,1.000000,5376.003736,-20798.305035,-0.067366,0.318422,100.000000,100.000000,0.000000,0.000000,2,5,4,0.0000,0.0000,0.0000,0.5000,"PursuitChaseOptimal",-0.000557
4288,B0100,aggressive,UNKNOWN,15962.588128,28569.467263,3830.532737,4246.308241,30316.125919,19332.799596,498.420009,30330.528142,234.160666,5976.482081,-5.796594,0.002019,False,False,False,False,True,True,True,1-circle,1.000000,5376.003736,-20798.305035,-0.067366,0.318422,100.000000,100.000000,0.000000,0.000000,2,4,4,0.0000,0.0000,0.0000,0.5000,"Accelerate",-0.001883
4289,A0100,pursuit_chase_v1,UNKNOWN,15962.588128,28569.467263,3830.532737,4246.308241,30316.125919,19332.799596,498.420009,30330.528142,234.160666,5976.482081,-5.796594,0.002019,False,False,False,False,True,True,True,1-circle,1.000000,5376.003736,-20798.305035,-0.067366,0.318422,100.000000,100.000000,0.000000,0.000000,2,5,4,0.0000,0.0000,0.0000,0.5000,"PursuitChaseOptimal",0.008472
4289,B0100,aggressive,UNKNOWN,15962.588128,28569.467263,3830.532737,4246.308241,30316.125919,19332.799596,498.420009,30330.528142,234.160666,5976.482081,-5.796594,0.002019,False,False,False,False,True,True,True,1-circle,1.000000,5376.003736,-20798.305035,-0.067366,0.318422,100.000000,100.000000,0.000000,0.000000,2,4,4,0.0000,0.0000,0.0000,0.5000,"Accelerate",-0.011179
4290,A0100,pursuit_chase_v1,UNKNOWN,15964.704157,28591.178353,3808.821647,4243.923515,30349.961271,19333.991203,498.494597,30335.011601,89.669187,5975.036490,-7.051430,0.057365,False,False,False,False,True,True,True,1-circle,1.000000,5378.797864,-21121.243993,-1.913350,0.177891,100.000000,100.000000,0.000000,0.000000,2,5,4,0.0000,0.0000,0.0000,0.5000,"PursuitChaseOptimal",0.027472
4290,B0100,aggressive,UNKNOWN,15964.704157,28591.178353,3808.821647,4243.923515,30349.961271,19333.991203,498.494597,30335.011601,89.669187,5975.036490,-7.051430,0.057365,False,False,False,False,True,True,True,1-circle,1.000000,5378.797864,-21121.243993,-1.913350,0.177891,100.000000,100.000000,0.000000,0.000000,2,4,4,0.0000,0.0000,0.0000,0.5000,"Accelerate",-0.031079
4291,A0100,pursuit_chase_v1,UNKNOWN,15964.704157,28591.178353,3808.821647,4243.923515,30349.961271,19333.991203,498.494597,30335.011601,89.669187,5975.036490,-7.051430,0.057365,False,False,False,False,True,True,True,1-circle,1.000000,5378.797864,-21121.243993,-1.913350,0.177891,100.000000,100.000000,0.000000,0.000000,2,5,4,0.0000,0.0000,0.0000,0.5000,"PursuitChaseOptimal",0.040588
4291,B0100,aggressive,UNKNOWN,15964.704157,28591.178353,3808.821647,4243.923515,30349.961271,19333.991203,498.494597,30335.011601,89.669187,5975.036490,-7.051430,0.057365,False,False,False,False,True,True,True,1-circle,1.000000,5378.797864,-21121.243993,-1.913350,0.177891,100.000000,100.000000,0.000000,0.000000,2,4,4,0.0000,0.0000,0.0000,0.5000,"Accelerate",-0.044819
4292,A0100,pursuit_chase_v1,UNKNOWN,15966.940899,28595.079747,3804.920253,4253.196726,30377.366640,19335.168691,498.764589,30348.108920,261.946379,5979.963667,-8.643305,0.007436,False,False,False,False,True,True,True,1-circle,1.000000,5381.203741,-20811.927305,-0.248245,0.155010,100.000000,100.000000,0.000000,0.000000,2,5,4,0.0000,0.0000,0.0000,0.5000,"PursuitChaseOptimal",0.044298
4292,B0100,aggressive,UNKNOWN,15966.940899,28595.079747,3804.920253,4253.196726,30377.366640,19335.168691,498.764589,30348.108920,261.946379,5979.963667,-8.643305,0.007436,False,False,False,False,True,True,True,1-circle,1.000000,5381.203741,-20811.927305,-0.248245,0.155010,100.000000,100.000000,0.000000,0.000000,2,4,4,0.0000,0.0000,0.0000,0.5000,"Accelerate",-0.048148
4293,A0100,pursuit_chase_v1,UNKNOWN,15966.940899,28595.079747,3804.920253,4253.196726,30377.366640,19335.168691,498.764589,30348.108920,261.946379,5979.963667,-8.643305,0.007436,False,False,False,False,True,True,True,1-circle,1.000000,5381.203741,-20811.927305,-0.248245,0.155010,100.000000,100.000000,0.000000,0.000000,2,5,4,0.0000,0.0000,0.0000,0.5000,"PursuitChaseOptimal",0.043821
4293,B0100,aggressive,UNKNOWN,15966.940899,28595.079747,3804.920253,4253.196726,30377.366640,19335.168691,498.764589,30348.108920,261.946379,5979.963667,-8.643305,0.007436,False,False,False,False,True,True,True,1-circle,1.000000,5381.203741,-20811.927305,-0.248245,0.155010,100.000000,100.000000,0.000000,0.000000,2,4,4,0.0000,0.0000,0.0000,0.5000,"Accelerate",-0.047107
4294,A0100,pursuit_chase_v1,UNKNOWN,15969.294215,28610.078573,3789.921427,4267.896409,30407.811004,19336.255783,498.877772,30354.194844,121.718481,5966.843516,-10.592745,0.016030,False,False,False,False,True,True,True,1-circle,1.000000,5383.032005,-20660.877332,0.535241,0.078424,100.000000,100.000000,0.000000,0.000000,2,5,4,0.0000,0.0000,0.0000,0.5000,"PursuitChaseOptimal",0.037158
4294,B0100,aggressive,UNKNOWN,15969.294215,28610.078573,3789.921427,4267.896409,30407.811004,19336.255783,498.877772,30354.194844,121.718481,5966.843516,-10.592745,0.016030,False,False,False,False,True,True,True,1-circle,1.000000,5383.032005,-20660.877332,0.535241,0.078424,100.000000,100.000000,0.000000,0.000000,2,4,4,0.0000,0.0000,0.0000,0.5000,"Accelerate",-0.040055
4295,A0100,pursuit_chase_v1,UNKNOWN,15969.294215,28610.078573,3789.921427,4267.896409,30407.811004,19336.255783,498.877772,30354.194844,121.718481,5966.843516,-10.592745,0.016030,False,False,False,False,True,True,True,1-circle,1.000000,5383.032005,-20660.877332,0.535241,0.078424,100.000000,100.000000,0.000000,0.000000,2,5,4,0.0000,0.0000,0.0000,0.5000,"PursuitChaseOptimal",0.025209
4295,B0100,aggressive,UNKNOWN,15969.294215,28610.078573,3789.921427,4267.896409,30407.811004,19336.255783,498.877772,30354.194844,121.718481,5966.843516,-10.592745,0.016030,False,False,False,False,True,True,True,1-circle,1.000000,5383.032005,-20660.877332,0.535241,0.078424,100.000000,100.000000,0.000000,0.000000,2,4,4,0.0000,0.0000,0.0000,0.5000,"Accelerate",-0.028036
4296,A0100,pursuit_chase_v1,UNKNOWN,15971.770931,28627.800872,3772.199128,4285.520388,30436.866593,19337.402896,499.044803,30362.721088,170.524878,5965.977770,-12.652270,0.016630,False,False,False,False,True,True,True,1-circle,1.000000,5384.104085,-20846.618857,-0.555452,0.378210,100.000000,100.000000,0.000000,0.000000,2,5,4,0.0000,0.0000,0.0000,0.5000,"PursuitChaseOptimal",0.014351
4296,B0100,aggressive,UNKNOWN,15971.770931,28627.800872,3772.199128,4285.520388,30436.866593,19337.402896,499.044803,30362.721088,170.524878,5965.977770,-12.652270,0.016630,False,False,False,False,True,True,True,1-circle,1.000000,5384.104085,-20846.618857,-0.555452,0.378210,100.000000,100.000000,0.000000,0.000000,2,4,4,0.0000,0.0000,0.0000,0.5000,"Accelerate",-0.017097
4297,A0100,pursuit_chase_v1,UNKNOWN,15971.770931,28627.800872,3772.199128,4285.520388,30436.866593,19337.402896,499.044803,30362.721088,170.524878,5965.977770,-12.652270,0.016630,False,False,False,False,True,True,True,1-circle,1.000000,5384.104085,-20846.618857,-0.555452,0.378210,100.000000,100.000000,0.000000,0.000000,2,5,4,0.0000,0.0000,0.0000,0.5000,"PursuitChaseOptimal",-0.003294
4297,B0100,aggressive,UNKNOWN,15971.770931,28627.800872,3772.199128,4285.520388,30436.866593,19337.402896,499.044803,30362.721088,170.524878,5965.977770,-12.652270,0.016630,False,False,False,False,True,True,True,1-circle,1.000000,5384.104085,-20846.618857,-0.555452,0.378210,100.000000,100.000000,0.000000,0.000000,2,4,4,0.0000,0.0000,0.0000,0.5000,"Accelerate",0.001105
4298,A0100,pursuit_chase_v1,UNKNOWN,15974.380344,28644.826033,3755.173967,4267.568375,30467.051866,19338.539177,499.195642,30370.523331,156.044851,5966.792944,-13.442769,0.003698,False,False,False,False,True,True,True,1-circle,1.000000,5384.781138,-20713.551715,0.123551,0.251822,100.000000,100.000000,0.000000,0.000000,2,5,4,0.0000,0.0000,0.0000,0.5000,"PursuitChaseOptimal",-0.008198
4298,B0100,aggressive,UNKNOWN,15974.380344,28644.826033,3755.173967,4267.568375,30467.051866,19338.539177,499.195642,30370.523331,156.044851,5966.792944,-13.442769,0.003698,False,False,False,False,True,True,True,1-circle,1.000000,5384.781138,-20713.551715,0.123551,0.251822,100.000000,100.000000,0.000000,0.000000,2,4,4,0.0000,0.0000,0.0000,0.5000,"Accelerate",0.006249
4299,A0100,pursuit_chase_v1,UNKNOWN,15974.380344,28644.826033,3755.173967,4267.568375,30467.051866,19338.539177,499.195642,30370.523331,156.044851,5966.792944,-13.442769,0.003698,False,False,False,False,True,True,True,1-circle,1.000000,5384.781138,-20713.551715,0.123551,0.251822,100.000000,100.000000,0.000000,0.000000,2,5,4,0.0000,0.0000,0.0000,0.5000,"PursuitChaseOptimal",-0.006212
4299,B0100,aggressive,UNKNOWN,15974.380344,28644.826033,3755.173967,4267.568375,30467.051866,19338.539177,499.195642,30370.523331,156.044851,5966.792944,-13.442769,0.003698,False,False,False,False,True,True,True,1-circle,1.000000,5384.781138,-20713.551715,0.123551,0.251822,100.000000,100.000000,0.000000,0.000000,2,4,4,0.0000,0.0000,0.0000,0.5000,"Accelerate",0.003926
4300,A0100,pursuit_chase_v1,UNKNOWN,15976.996035,28664.224124,3735.775876,4197.057874,30496.180042,19339.761842,499.329698,30377.671933,142.972044,5963.371648,-12.675089,0.029609,False,False,False,False,True,True,True,1-circle,1.000000,5385.500491,-20903.262751,-0.989425,0.419140,100.000000,100.000000,0.000000,0.000000,2,5,4,0.0000,0.0000,0.0000,0.5000,"PursuitChaseOptimal",-0.005847
4300,B0100,aggressive,UNKNOWN,15976.996035,28664.224124,3735.775876,4197.057874,30496.180042,19339.761842,499.329698,30377.671933,142.972044,5963.371648,-12.675089,0.029609,False,False,False,False,True,True,True,1-circle,1.000000,5385.500491,-20903.262751,-0.989425,0.419140,100.000000,100.000000,0.000000,0.000000,2,4,4,0.0000,0.0000,0.0000,0.5000,"Accelerate",0.003398
4301,A0100,pursuit_chase_v1,UNKNOWN,15976.996035,28664.224124,3735.775876,4197.057874,30496.180042,19339.761842,499.329698,30377.671933,142.972044,5963.371648,-12.675089,0.029609,False,False,False,False,True,True,True,1-circle,1.000000,5385.500491,-20903.262751,-0.989425,0.419140,100.000000,100.000000,0.000000,0.000000,2,5,4,0.0000,0.0000,0.0000,0.5000,"PursuitChaseOptimal",-0.005551
4301,B0100,aggressive,UNKNOWN,15976.996035,28664.224124,3735.775876,4197.057874,30496.180042,19339.761842,499.329698,30377.671933,142.972044,5963.371648,-12.675089,0.029609,False,False,False,False,True,True,True,1-circle,1.000000,5385.500491,-20903.262751,-0.989425,0.419140,100.000000,100.000000,0.000000,0.000000,2,4,4,0.0000,0.0000,0.0000,0.5000,"Accelerate",0.003364
4302,A0100,pursuit_chase_v1,UNKNOWN,15979.542940,28679.341765,3720.658235,4095.413898,30524.687224,19340.980803,499.485597,30385.784404,162.249425,5968.964374,-11.263952,0.009024,False,False,False,False,True,True,True,1-circle,1.000000,5386.646353,-20769.456839,-0.301686,0.302627,100.000000,100.000000,0.000000,0.000000,2,5,4,0.0000,0.0000,0.0000,0.5000,"PursuitChaseOptimal",-0.004138
4302,B0100,aggressive,UNKNOWN,15979.542940,28679.341765,3720.658235,4095.413898,30524.687224,19340.980803,499.485597,30385.784404,162.249425,5968.964374,-11.263952,0.009024,False,False,False,False,True,True,True,1-circle,1.000000,5386.646353,-20769.456839,-0.301686,0.302627,100.000000,100.000000,0.000000,0.000000,2,4,4,0.0000,0.0000,0.0000,0.5000,"Accelerate",0.001874
4303,A0100,pursuit_chase_v1,UNKNOWN,15979.542940,28679.341765,3720.658235,4095.413898,30524.687224,19340.980803,499.485597,30385.784404,162.249425,5968.964374,-11.263952,0.009024,False,False,False,False,True,True,True,1-circle,1.000000,5386.646353,-20769.456839,-0.301686,0.302627,100.000000,100.000000,0.000000,0.000000,2,5,4,0.0000,0.0000,0.0000,0.5000,"PursuitChaseOptimal",-0.002324
4303,B0100,aggressive,UNKNOWN,15979.542940,28679.341765,3720.658235,4095.413898,30524.687224,19340.980803,499.485597,30385.784404,162.249425,5968.964374,-11.263952,0.009024,False,False,False,False,True,True,True,1-circle,1.000000,5386.646353,-20769.456839,-0.301686,0.302627,100.000000,100.000000,0.000000,0.000000,2,4,4,0.0000,0.0000,0.0000,0.5000,"Accelerate",-0.000404
4304,A0100,pursuit_chase_v1,UNKNOWN,15982.008081,28692.558110,3707.441890,3976.489608,30554.061598,19342.251946,499.624916,30393.217728,148.666467,5994.522188,-9.889839,0.041088,False,False,False,False,True,True,True,1-circle,1.000000,5388.278540,-20953.130224,-1.373696,0.201084,100.000000,100.000000,0.000000,0.000000,2,5,4,0.0000,0.0000,0.0000,0.5000,"PursuitChaseOptimal",-0.000523
4304,B0100,aggressive,UNKNOWN,15982.008081,28692.558110,3707.441890,3976.489608,30554.061598,19342.251946,499.624916,30393.217728,148.666467,5994.522188,-9.889839,0.041088,False,False,False,False,True,True,True,1-circle,1.000000,5388.278540,-20953.130224,-1.373696,0.201084,100.000000,100.000000,0.000000,0.000000,2,4,4,0.0000,0.0000,0.0000,0.5000,"Accelerate",-0.002338
4305,A0100,pursuit_chase_v1,UNKNOWN,15982.008081,28692.558110,3707.441890,3976.489608,30554.061598,19342.251946,499.624916,30393.217728,148.666467,5994.522188,-9.889839,0.041088,False,False,False,False,True,True,True,1-circle,1.000000,5388.278540,-20953.130224,-1.373696,0.201084,100.000000,100.000000,0.000000,0.000000,2,5,4,0.0000,0.0000,0.0000,0.5000,"PursuitChaseOptimal",0.001507
4305,B0100,aggressive,UNKNOWN,15982.008081,28692.558110,3707.441890,3976.489608,30554.061598,19342.251946,499.624916,30393.217728,148.666467,5994.522188,-9.889839,0.041088,False,False,False,False,True,True,True,1-circle,1.000000,5388.278540,-20953.130224,-1.373696,0.201084,100.000000,100.000000,0.000000,0.000000,2,4,4,0.0000,0.0000,0.0000,0.5000,"Accelerate",-0.004178
4306,A0100,pursuit_chase_v1,UNKNOWN,15984.442800,28700.637306,3699.362694,3850.628493,30581.098317,19343.448532,499.777886,30401.182289,159.291226,6034.060128,-8.603091,0.020444,False,False,False,False,True,True,True,1-circle,1.000000,5390.534806,-20820.483345,-0.683786,-0.009720,100.000000,100.000000,0.000000,0.000000,2,4,4,0.0000,0.0000,0.0000,0.5000,"PursuitChaseOptimal",0.007042
4306,B0100,aggressive,UNKNOWN,15984.442800,28700.637306,3699.362694,3850.628493,30581.098317,19343.448532,499.777886,30401.182289,159.291226,6034.060128,-8.603091,0.020444,False,False,False,False,True,True,True,1-circle,1.000000,5390.534806,-20820.483345,-0.683786,-0.009720,100.000000,100.000000,0.000000,0.000000,2,4,4,0.0000,0.0000,0.0000,0.5000,"Accelerate",-0.009706
4307,A0100,pursuit_chase_v1,UNKNOWN,15984.442800,28700.637306,3699.362694,3850.628493,30581.098317,19343.448532,499.777886,30401.182289,159.291226,6034.060128,-8.603091,0.020444,False,False,False,False,True,True,True,1-circle,1.000000,5390.534806,-20820.483345,-0.683786,-0.009720,100.000000,100.000000,0.000000,0.000000,2,4,4,0.0000,0.0000,0.0000,0.5000,"PursuitChaseOptimal",0.002723
4307,B0100,aggressive,UNKNOWN,15984.442800,28700.637306,3699.362694,3850.628493,30581.098317,19343.448532,499.777886,30401.182289,159.291226,6034.060128,-8.603091,0.020444,False,False,False,False,True,True,True,1-circle,1.000000,5390.534806,-20820.483345,-0.683786,-0.009720,100.000000,100.000000,0.000000,0.000000,2,4,4,0.0000,0.0000,0.0000,0.5000,"Accelerate",-0.005617
4308,A0100,pursuit_chase_v1,UNKNOWN,15986.822595,28711.728527,3688.271473,3715.227126,30609.024131,19344.657365,499.887982,30407.263508,121.624382,6068.113304,-7.313795,0.052161,False,False,False,False,True,True,True,1-circle,1.000000,5393.297521,-21003.732102,-1.744571,0.180407,100.000000,100.000000,0.000000,0.000000,2,4,4,0.0000,0.0000,0.0000,0.5000,"PursuitChaseOptimal",-0.001666
4308,B0100,aggressive,UNKNOWN,15986.822595,28711.728527,3688.271473,3715.227126,30609.024131,19344.657365,499.887982,30407.263508,121.624382,6068.113304,-7.313795,0.052161,False,False,False,False,True,True,True,1-circle,1.000000,5393.297521,-21003.732102,-1.744571,0.180407,100.000000,100.000000,0.000000,0.000000,2,4,4,0.0000,0.0000,0.0000,0.5000,"Accelerate",-0.001557
4309,A0100,pursuit_chase_v1,UNKNOWN,15986.822595,28711.728527,3688.271473,3715.227126,30609.024131,19344.657365,499.887982,30407.263508,121.624382,6068.113304,-7.313795,0.052161,False,False,False,False,True,True,True,1-circle,1.000000,5393.297521,-21003.732102,-1.744571,0.180407,100.000000,100.000000,0.000000,0.000000,2,4,4,0.0000,0.0000,0.0000,0.5000,"PursuitChaseOptimal",-0.003713
4309,B0100,aggressive,UNKNOWN,15986.822595,28711.728527,3688.271473,3715.227126,30609.024131,19344.657365,499.887982,30407.263508,121.624382,6068.113304,-7.313795,0.052161,False,False,False,False,True,True,True,1-circle,1.000000,5393.297521,-21003.732102,-1.744571,0.180407,100.000000,100.000000,0.000000,0.000000,2,4,4,0.0000,0.0000,0.0000,0.5000,"Accelerate",0.000851
4310,A0100,pursuit_chase_v1,UNKNOWN,15989.167551,28712.370986,3687.629014,3594.188239,30633.231644,19345.766677,500.120817,30418.680564,228.341119,6106.345115,-6.063673,0.028071,False,False,False,False,True,True,True,1-circle,1.000000,5396.669168,-20513.735655,0.939468,0.063043,100.000000,100.000000,0.000000,0.000000,2,4,4,0.0000,0.0000,0.0000,0.5000,"PursuitChaseOptimal",-0.009975
4310,B0100,aggressive,UNKNOWN,15989.167551,28712.370986,3687.629014,3594.188239,30633.231644,19345.766677,500.120817,30418.680564,228.341119,6106.345115,-6.063673,0.028071,False,False,False,False,True,True,True,1-circle,1.000000,5396.669168,-20513.735655,0.939468,0.063043,100.000000,100.000000,0.000000,0.000000,2,4,4,0.0000,0.0000,0.0000,0.5000,"Accelerate",0.007588
4311,A0100,pursuit_chase_v1,UNKNOWN,15989.167551,28712.370986,3687.629014,3594.188239,30633.231644,19345.766677,500.120817,30418.680564,228.341119,6106.345115,-6.063673,0.028071,False,False,False,False,True,True,True,1-circle,1.000000,5396.669168,-20513.735655,0.939468,0.063043,100.000000,100.000000,0.000000,0.000000,2,4,4,0.0000,0.0000,0.0000,0.5000,"PursuitChaseOptimal",-0.013703
4311,B0100,aggressive,UNKNOWN,15989.167551,28712.370986,3687.629014,3594.188239,30633.231644,19345.766677,500.120817,30418.680564,228.341119,6106.345115,-6.063673,0.028071,False,False,False,False,True,True,True,1-circle,1.000000,5396.669168,-20513.735655,0.939468,0.063043,100.000000,100.000000,0.000000,0.000000,2,4,4,0.0000,0.0000,0.0000,0.5000,"Accelerate",0.011448
4312,A0100,pursuit_chase_v1,UNKNOWN,15991.504204,28731.078161,3668.921839,3498.708536,30661.612319,19346.879391,500.171855,30422.053402,67.456765,6136.181311,-5.595114,0.028604,False,False,False,False,True,True,True,1-circle,1.000000,5400.481950,-20848.947919,-0.957424,0.223042,100.000000,100.000000,0.000000,0.000000,2,4,4,0.0000,0.0000,0.0000,0.5000,"PursuitChaseOptimal",-0.014875
4312,B0100,aggressive,UNKNOWN,15991.504204,28731.078161,3668.921839,3498.708536,30661.612319,19346.879391,500.171855,30422.053402,67.456765,6136.181311,-5.595114,0.028604,False,False,False,False,True,True,True,1-circle,1.000000,5400.481950,-20848.947919,-0.957424,0.223042,100.000000,100.000000,0.000000,0.000000,2,4,4,0.0000,0.0000,0.0000,0.5000,"Accelerate",0.012359
4313,A0100,pursuit_chase_v1,UNKNOWN,15991.504204,28731.078161,3668.921839,3498.708536,30661.612319,19346.879391,500.171855,30422.053402,67.456765,6136.181311,-5.595114,0.028604,False,False,False,False,True,True,True,1-circle,1.000000,5400.481950,-20848.947919,-0.957424,0.223042,100.000000,100.000000,0.000000,0.000000,2,4,4,0.0000,0.0000,0.0000,0.5000,"PursuitChaseOptimal",-0.015274
4313,B0100,aggressive,UNKNOWN,15991.504204,28731.078161,3668.921839,3498.708536,30661.612319,19346.879391,500.171855,30422.053402,67.456765,6136.181311,-5.595114,0.028604,False,False,False,False,True,True,True,1-circle,1.000000,5400.481950,-20848.947919,-0.957424,0.223042,100.000000,100.000000,0.000000,0.000000,2,4,4,0.0000,0.0000,0.0000,0.5000,"Accelerate",0.012609
4314,A0100,pursuit_chase_v1,UNKNOWN,15993.888573,28736.694411,3663.305589,3439.142897,30682.048347,19348.027119,500.379015,30432.377216,206.476270,6167.170055,-5.325388,0.017088,False,False,False,False,True,True,True,1-circle,1.000000,5404.597586,-20567.826069,0.572211,0.351105,100.000000,100.000000,0.000000,0.000000,2,4,4,0.0000,0.0000,0.0000,0.5000,"PursuitChaseOptimal",-0.016342
4314,B0100,aggressive,UNKNOWN,15993.888573,28736.694411,3663.305589,3439.142897,30682.048347,19348.027119,500.379015,30432.377216,206.476270,6167.170055,-5.325388,0.017088,False,False,False,False,True,True,True,1-circle,1.000000,5404.597586,-20567.826069,0.572211,0.351105,100.000000,100.000000,0.000000,0.000000,2,4,4,0.0000,0.0000,0.0000,0.5000,"Accelerate",0.013999
4315,A0100,pursuit_chase_v1,UNKNOWN,15993.888573,28736.694411,3663.305589,3439.142897,30682.048347,19348.027119,500.379015,30432.377216,206.476270,6167.170055,-5.325388,0.017088,False,False,False,False,True,True,True,1-circle,1.000000,5404.597586,-20567.826069,0.572211,0.351105,100.000000,100.000000,0.000000,0.000000,2,4,4,0.0000,0.0000,0.0000,0.5000,"PursuitChaseOptimal",-0.017794
4315,B0100,aggressive,UNKNOWN,15993.888573,28736.694411,3663.305589,3439.142897,30682.048347,19348.027119,500.379015,30432.377216,206.476270,6167.170055,-5.325388,0.017088,False,False,False,False,True,True,True,1-circle,1.000000,5404.597586,-20567.826069,0.572211,0.351105,100.000000,100.000000,0.000000,0.000000,2,4,4,0.0000,0.0000,0.0000,0.5000,"Accelerate",0.015639
4316,A0100,pursuit_chase_v1,UNKNOWN,15996.318152,28756.660733,3643.339267,3385.180705,30710.126464,19349.211758,500.416391,30435.217802,56.811728,6178.977912,-5.279820,0.039719,False,False,False,False,True,True,True,1-circle,1.000000,5408.929561,-20904.751307,-1.329947,0.277738,100.000000,100.000000,0.000000,0.000000,2,4,4,0.0000,0.0000,0.0000,0.5000,"PursuitChaseOptimal",-0.019432
4316,B0100,aggressive,UNKNOWN,15996.318152,28756.660733,3643.339267,3385.180705,30710.126464,19349.211758,500.416391,30435.217802,56.811728,6178.977912,-5.279820,0.039719,False,False,False,False,True,True,True,1-circle,1.000000,5408.929561,-20904.751307,-1.329947,0.277738,100.000000,100.000000,0.000000,0.000000,2,4,4,0.0000,0.0000,0.0000,0.5000,"Accelerate",0.016976
4317,A0100,pursuit_chase_v1,UNKNOWN,15996.318152,28756.660733,3643.339267,3385.180705,30710.126464,19349.211758,500.416391,30435.217802,56.811728,6178.977912,-5.279820,0.039719,False,False,False,False,True,True,True,1-circle,1.000000,5408.929561,-20904.751307,-1.329947,0.277738,100.000000,100.000000,0.000000,0.000000,2,4,4,0.0000,0.0000,0.0000,0.5000,"PursuitChaseOptimal",-0.020052
4317,B0100,aggressive,UNKNOWN,15996.318152,28756.660733,3643.339267,3385.180705,30710.126464,19349.211758,500.416391,30435.217802,56.811728,6178.977912,-5.279820,0.039719,False,False,False,False,True,True,True,1-circle,1.000000,5408.929561,-20904.751307,-1.329947,0.277738,100.000000,100.000000,0.000000,0.000000,2,4,4,0.0000,0.0000,0.0000,0.5000,"Accelerate",0.017438
4318,A0100,pursuit_chase_v1,UNKNOWN,15998.794982,28762.208519,3637.791481,3350.578256,30730.036347,19350.448237,500.621888,30445.561144,206.866838,6197.885080,-5.169294,0.005454,False,False,False,False,True,True,True,1-circle,1.000000,5413.433030,-20627.263714,0.182738,0.427515,100.000000,100.000000,0.000000,0.000000,2,4,4,0.0000,0.0000,0.0000,0.5000,"PursuitChaseOptimal",-0.020346
4318,B0100,aggressive,UNKNOWN,15998.794982,28762.208519,3637.791481,3350.578256,30730.036347,19350.448237,500.621888,30445.561144,206.866838,6197.885080,-5.169294,0.005454,False,False,False,False,True,True,True,1-circle,1.000000,5413.433030,-20627.263714,0.182738,0.427515,100.000000,100.000000,0.000000,0.000000,2,4,4,0.0000,0.0000,0.0000,0.5000,"Accelerate",0.018027
4319,A0100,pursuit_chase_v1,UNKNOWN,15998.794982,28762.208519,3637.791481,3350.578256,30730.036347,19350.448237,500.621888,30445.561144,206.866838,6197.885080,-5.169294,0.005454,False,False,False,False,True,True,True,1-circle,1.000000,5413.433030,-20627.263714,0.182738,0.427515,100.000000,100.000000,0.000000,0.000000,2,4,4,0.0000,0.0000,0.0000,0.5000,"PursuitChaseOptimal",-0.008738
4319,B0100,aggressive,UNKNOWN,15998.794982,28762.208519,3637.791481,3350.578256,30730.036347,19350.448237,500.621888,30445.561144,206.866838,6197.885080,-5.169294,0.005454,False,False,False,False,True,True,True,1-circle,1.000000,5413.433030,-20627.263714,0.182738,0.427515,100.000000,100.000000,0.000000,0.000000,2,4,4,0.0000,0.0000,0.0000,0.5000,"Accelerate",0.006084
4320,A0100,pursuit_chase_v1,UNKNOWN,16001.329723,28779.069666,3620.930334,3322.371648,30757.977170,19351.713910,500.693985,30450.022775,89.232628,6209.188569,-5.519320,0.049069,False,False,False,False,True,True,True,1-circle,1.000000,5418.079449,-20951.031927,-1.643757,0.239464,100.000000,100.000000,0.000000,0.000000,2,4,4,0.0000,0.0000,0.0000,0.5000,"PursuitChaseOptimal",0.000663
4320,B0100,aggressive,UNKNOWN,16001.329723,28779.069666,3620.930334,3322.371648,30757.977170,19351.713910,500.693985,30450.022775,89.232628,6209.188569,-5.519320,0.049069,False,False,False,False,True,True,True,1-circle,1.000000,5418.079449,-20951.031927,-1.643757,0.239464,100.000000,100.000000,0.000000,0.000000,2,4,4,0.0000,0.0000,0.0000,0.5000,"Accelerate",-0.004009
4321,A0100,pursuit_chase_v1,UNKNOWN,16001.329723,28779.069666,3620.930334,3322.371648,30757.977170,19351.713910,500.693985,30450.022775,89.232628,6209.188569,-5.519320,0.049069,False,False,False,False,True,True,True,1-circle,1.000000,5418.079449,-20951.031927,-1.643757,0.239464,100.000000,100.000000,0.000000,0.000000,2,4,4,0.0000,0.0000,0.0000,0.5000,"PursuitChaseOptimal",0.009566
4321,B0100,aggressive,UNKNOWN,16001.329723,28779.069666,3620.930334,3322.371648,30757.977170,19351.713910,500.693985,30450.022775,89.232628,6209.188569,-5.519320,0.049069,False,False,False,False,True,True,True,1-circle,1.000000,5418.079449,-20951.031927,-1.643757,0.239464,100.000000,100.000000,0.000000,0.000000,2,4,4,0.0000,0.0000,0.0000,0.5000,"Accelerate",-0.013216
4322,A0100,pursuit_chase_v1,UNKNOWN,16003.947639,28777.833137,3622.166863,3317.963931,30777.613336,19352.970656,500.910221,30460.867705,216.898600,6227.647013,-6.137804,0.005062,False,False,False,False,True,True,True,1-circle,1.000000,5422.703745,-20680.734654,-0.169685,0.093270,100.000000,100.000000,0.000000,0.000000,2,4,4,0.0000,0.0000,0.0000,0.5000,"PursuitChaseOptimal",0.020282
4322,B0100,aggressive,UNKNOWN,16003.947639,28777.833137,3622.166863,3317.963931,30777.613336,19352.970656,500.910221,30460.867705,216.898600,6227.647013,-6.137804,0.005062,False,False,False,False,True,True,True,1-circle,1.000000,5422.703745,-20680.734654,-0.169685,0.093270,100.000000,100.000000,0.000000,0.000000,2,4,4,0.0000,0.0000,0.0000,0.5000,"Accelerate",-0.023895
4323,A0100,pursuit_chase_v1,UNKNOWN,16003.947639,28777.833137,3622.166863,3317.963931,30777.613336,19352.970656,500.910221,30460.867705,216.898600,6227.647013,-6.137804,0.005062,False,False,False,False,True,True,True,1-circle,1.000000,5422.703745,-20680.734654,-0.169685,0.093270,100.000000,100.000000,0.000000,0.000000,2,4,4,0.0000,0.0000,0.0000,0.5000,"PursuitChaseOptimal",0.028826
4323,B0100,aggressive,UNKNOWN,16003.947639,28777.833137,3622.166863,3317.963931,30777.613336,19352.970656,500.910221,30460.867705,216.898600,6227.647013,-6.137804,0.005062,False,False,False,False,True,True,True,1-circle,1.000000,5422.703745,-20680.734654,-0.169685,0.093270,100.000000,100.000000,0.000000,0.000000,2,4,4,0.0000,0.0000,0.0000,0.5000,"Accelerate",-0.032451
4324,A0100,pursuit_chase_v1,UNKNOWN,16006.655001,28790.839776,3609.160224,3313.880939,30805.776141,19354.192418,500.932355,30463.071125,44.068394,6237.379255,-7.408941,0.059424,False,False,False,False,True,True,True,1-circle,1.000000,5427.098346,-21003.512129,-1.991315,0.046185,100.000000,100.000000,0.000000,0.000000,2,4,4,0.0000,0.0000,0.0000,0.5000,"PursuitChaseOptimal",0.028326
4324,B0100,aggressive,UNKNOWN,16006.655001,28790.839776,3609.160224,3313.880939,30805.776141,19354.192418,500.932355,30463.071125,44.068394,6237.379255,-7.408941,0.059424,False,False,False,False,True,True,True,1-circle,1.000000,5427.098346,-21003.512129,-1.991315,0.046185,100.000000,100.000000,0.000000,0.000000,2,4,4,0.0000,0.0000,0.0000,0.5000,"Accelerate",-0.032183
4325,A0100,pursuit_chase_v1,UNKNOWN,16006.655001,28790.839776,3609.160224,3313.880939,30805.776141,19354.192418,500.932355,30463.071125,44.068394,6237.379255,-7.408941,0.059424,False,False,False,False,True,True,True,1-circle,1.000000,5427.098346,-21003.512129,-1.991315,0.046185,100.000000,100.000000,0.000000,0.000000,2,4,4,0.0000,0.0000,0.0000,0.5000,"PursuitChaseOptimal",0.021905
4325,B0100,aggressive,UNKNOWN,16006.655001,28790.839776,3609.160224,3313.880939,30805.776141,19354.192418,500.932355,30463.071125,44.068394,6237.379255,-7.408941,0.059424,False,False,False,False,True,True,True,1-circle,1.000000,5427.098346,-21003.512129,-1.991315,0.046185,100.000000,100.000000,0.000000,0.000000,2,4,4,0.0000,0.0000,0.0000,0.5000,"Accelerate",-0.025981
4326,A0100,pursuit_chase_v1,UNKNOWN,16009.478886,28788.624309,3611.375691,3318.318861,30827.195729,19355.389976,501.151157,30473.975294,218.083380,6267.421407,-8.717480,0.007482,False,False,False,False,True,True,True,1-circle,1.000000,5431.114656,-20684.852963,-0.250942,0.176845,100.000000,100.000000,0.000000,0.000000,2,4,4,0.0000,0.0000,0.0000,0.5000,"PursuitChaseOptimal",0.012960
4326,B0100,aggressive,UNKNOWN,16009.478886,28788.624309,3611.375691,3318.318861,30827.195729,19355.389976,501.151157,30473.975294,218.083380,6267.421407,-8.717480,0.007482,False,False,False,False,True,True,True,1-circle,1.000000,5431.114656,-20684.852963,-0.250942,0.176845,100.000000,100.000000,0.000000,0.000000,2,4,4,0.0000,0.0000,0.0000,0.5000,"Accelerate",-0.016511
4327,A0100,pursuit_chase_v1,UNKNOWN,16009.478886,28788.624309,3611.375691,3318.318861,30827.195729,19355.389976,501.151157,30473.975294,218.083380,6267.421407,-8.717480,0.007482,False,False,False,False,True,True,True,1-circle,1.000000,5431.114656,-20684.852963,-0.250942,0.176845,100.000000,100.000000,0.000000,0.000000,2,4,4,0.0000,0.0000,0.0000,0.5000,"PursuitChaseOptimal",0.001477
4327,B0100,aggressive,UNKNOWN,16009.478886,28788.624309,3611.375691,3318.318861,30827.195729,19355.389976,501.151157,30473.975294,218.083380,6267.421407,-8.717480,0.007482,False,False,False,False,True,True,True,1-circle,1.000000,5431.114656,-20684.852963,-0.250942,0.176845,100.000000,100.000000,0.000000,0.000000,2,4,4,0.0000,0.0000,0.0000,0.5000,"Accelerate",-0.004416
4328,A0100,pursuit_chase_v1,UNKNOWN,16012.430392,28798.156520,3601.843480,3314.445138,30851.732820,19356.502766,501.242222,30479.129193,103.077989,6281.740397,-9.664585,0.016650,False,False,False,False,True,True,True,1-circle,1.000000,5434.920386,-20533.610868,0.558486,0.081067,100.000000,100.000000,0.000000,0.000000,2,4,4,0.0000,0.0000,0.0000,0.5000,"PursuitChaseOptimal",-0.008745
4328,B0100,aggressive,UNKNOWN,16012.430392,28798.156520,3601.843480,3314.445138,30851.732820,19356.502766,501.242222,30479.129193,103.077989,6281.740397,-9.664585,0.016650,False,False,False,False,True,True,True,1-circle,1.000000,5434.920386,-20533.610868,0.558486,0.081067,100.000000,100.000000,0.000000,0.000000,2,4,4,0.0000,0.0000,0.0000,0.5000,"Accelerate",0.006051
4329,A0100,pursuit_chase_v1,UNKNOWN,16012.430392,28798.156520,3601.843480,3314.445138,30851.732820,19356.502766,501.242222,30479.129193,103.077989,6281.740397,-9.664585,0.016650,False,False,False,False,True,True,True,1-circle,1.000000,5434.920386,-20533.610868,0.558486,0.081067,100.000000,100.000000,0.000000,0.000000,2,4,4,0.0000,0.0000,0.0000,0.5000,"PursuitChaseOptimal",-0.019543
4329,B0100,aggressive,UNKNOWN,16012.430392,28798.156520,3601.843480,3314.445138,30851.732820,19356.502766,501.242222,30479.129193,103.077989,6281.740397,-9.664585,0.016650,False,False,False,False,True,True,True,1-circle,1.000000,5434.920386,-20533.610868,0.558486,0.081067,100.000000,100.000000,0.000000,0.000000,2,4,4,0.0000,0.0000,0.0000,0.5000,"Accelerate",0.016738
4330,A0100,pursuit_chase_v1,UNKNOWN,16015.480385,28810.121727,3589.878273,3311.290582,30874.521173,19357.683827,501.379654,30486.410374,145.623605,6297.972053,-10.343821,0.015029,False,False,False,False,True,True,True,1-circle,1.000000,5438.563824,-20719.265395,-0.504246,0.377332,100.000000,100.000000,0.000000,0.000000,2,4,4,0.0000,0.0000,0.0000,0.5000,"PursuitChaseOptimal",-0.020735
4330,B0100,aggressive,UNKNOWN,16015.480385,28810.121727,3589.878273,3311.290582,30874.521173,19357.683827,501.379654,30486.410374,145.623605,6297.972053,-10.343821,0.015029,False,False,False,False,True,True,True,1-circle,1.000000,5438.563824,-20719.265395,-0.504246,0.377332,100.000000,100.000000,0.000000,0.000000,2,4,4,0.0000,0.0000,0.0000,0.5000,"Accelerate",0.017801
4331,A0100,pursuit_chase_v1,UNKNOWN,16015.480385,28810.121727,3589.878273,3311.290582,30874.521173,19357.683827,501.379654,30486.410374,145.623605,6297.972053,-10.343821,0.015029,False,False,False,False,True,True,True,1-circle,1.000000,5438.563824,-20719.265395,-0.504246,0.377332,100.000000,100.000000,0.000000,0.000000,2,4,4,0.0000,0.0000,0.0000,0.5000,"PursuitChaseOptimal",-0.007226
4331,B0100,aggressive,UNKNOWN,16015.480385,28810.121727,3589.878273,3311.290582,30874.521173,19357.683827,501.379654,30486.410374,145.623605,6297.972053,-10.343821,0.015029,False,False,False,False,True,True,True,1-circle,1.000000,5438.563824,-20719.265395,-0.504246,0.377332,100.000000,100.000000,0.000000,0.000000,2,4,4,0.0000,0.0000,0.0000,0.5000,"Accelerate",0.004369
4332,A0100,pursuit_chase_v1,UNKNOWN,16018.635745,28820.947473,3579.052527,3309.625496,30898.480140,19358.859556,501.502481,30493.039330,132.579128,6308.839541,-10.958178,0.006572,False,False,False,False,True,True,True,1-circle,1.000000,5442.244672,-20583.203977,0.220546,0.253269,100.000000,100.000000,0.000000,0.000000,2,4,4,0.0000,0.0000,0.0000,0.5000,"PursuitChaseOptimal",0.005767
4332,B0100,aggressive,UNKNOWN,16018.635745,28820.947473,3579.052527,3309.625496,30898.480140,19358.859556,501.502481,30493.039330,132.579128,6308.839541,-10.958178,0.006572,False,False,False,False,True,True,True,1-circle,1.000000,5442.244672,-20583.203977,0.220546,0.253269,100.000000,100.000000,0.000000,0.000000,2,4,4,0.0000,0.0000,0.0000,0.5000,"Accelerate",-0.008715
4333,A0100,pursuit_chase_v1,UNKNOWN,16018.635745,28820.947473,3579.052527,3309.625496,30898.480140,19358.859556,501.502481,30493.039330,132.579128,6308.839541,-10.958178,0.006572,False,False,False,False,True,True,True,1-circle,1.000000,5442.244672,-20583.203977,0.220546,0.253269,100.000000,100.000000,0.000000,0.000000,2,4,4,0.0000,0.0000,0.0000,0.5000,"PursuitChaseOptimal",0.030396
4333,B0100,aggressive,UNKNOWN,16018.635745,28820.947473,3579.052527,3309.625496,30898.480140,19358.859556,501.502481,30493.039330,132.579128,6308.839541,-10.958178,0.006572,False,False,False,False,True,True,True,1-circle,1.000000,5442.244672,-20583.203977,0.220546,0.253269,100.000000,100.000000,0.000000,0.000000,2,4,4,0.0000,0.0000,0.0000,0.5000,"Accelerate",-0.034107
4334,A0100,pursuit_chase_v1,UNKNOWN,16021.877607,28834.677831,3565.322169,3308.963872,30921.487174,19360.127774,501.608407,30499.011513,119.443654,6317.217480,-12.123235,0.025889,False,False,False,False,True,True,True,1-circle,1.000000,5445.687310,-20773.566237,-0.868968,0.425046,100.000000,100.000000,0.000000,0.000000,2,4,4,0.0000,0.0000,0.0000,0.5000,"PursuitChaseOptimal",0.048927
4334,B0100,aggressive,UNKNOWN,16021.877607,28834.677831,3565.322169,3308.963872,30921.487174,19360.127774,501.608407,30499.011513,119.443654,6317.217480,-12.123235,0.025889,False,False,False,False,True,True,True,1-circle,1.000000,5445.687310,-20773.566237,-0.868968,0.425046,100.000000,100.000000,0.000000,0.000000,2,4,4,0.0000,0.0000,0.0000,0.5000,"Accelerate",-0.052959
4335,A0100,pursuit_chase_v1,UNKNOWN,16021.877607,28834.677831,3565.322169,3308.963872,30921.487174,19360.127774,501.608407,30499.011513,119.443654,6317.217480,-12.123235,0.025889,False,False,False,False,True,True,True,1-circle,1.000000,5445.687310,-20773.566237,-0.868968,0.425046,100.000000,100.000000,0.000000,0.000000,2,4,4,0.0000,0.0000,0.0000,0.5000,"PursuitChaseOptimal",0.046490
4335,B0100,aggressive,UNKNOWN,16021.877607,28834.677831,3565.322169,3308.963872,30921.487174,19360.127774,501.608407,30499.011513,119.443654,6317.217480,-12.123235,0.025889,False,False,False,False,True,True,True,1-circle,1.000000,5445.687310,-20773.566237,-0.868968,0.425046,100.000000,100.000000,0.000000,0.000000,2,4,4,0.0000,0.0000,0.0000,0.5000,"Accelerate",-0.049975
4336,A0100,pursuit_chase_v1,UNKNOWN,16025.185095,28844.762380,3555.237620,3303.810037,30944.548642,19361.397673,501.736167,30505.956307,138.895892,6323.450294,-13.563266,0.004213,False,False,False,False,True,True,True,1-circle,1.000000,5448.662134,-20636.544473,-0.141456,0.310308,100.000000,100.000000,0.000000,0.000000,2,4,4,0.0000,0.0000,0.0000,0.5000,"PursuitChaseOptimal",0.038093
4336,B0100,aggressive,UNKNOWN,16025.185095,28844.762380,3555.237620,3303.810037,30944.548642,19361.397673,501.736167,30505.956307,138.895892,6323.450294,-13.563266,0.004213,False,False,False,False,True,True,True,1-circle,1.000000,5448.662134,-20636.544473,-0.141456,0.310308,100.000000,100.000000,0.000000,0.000000,2,4,4,0.0000,0.0000,0.0000,0.5000,"Accelerate",-0.041369
4337,A0100,pursuit_chase_v1,UNKNOWN,16025.185095,28844.762380,3555.237620,3303.810037,30944.548642,19361.397673,501.736167,30505.956307,138.895892,6323.450294,-13.563266,0.004213,False,False,False,False,True,True,True,1-circle,1.000000,5448.662134,-20636.544473,-0.141456,0.310308,100.000000,100.000000,0.000000,0.000000,2,4,4,0.0000,0.0000,0.0000,0.5000,"PursuitChaseOptimal",0.027070
4337,B0100,aggressive,UNKNOWN,16025.185095,28844.762380,3555.237620,3303.810037,30944.548642,19361.397673,501.736167,30505.956307,138.895892,6323.450294,-13.563266,0.004213,False,False,False,False,True,True,True,1-circle,1.000000,5448.662134,-20636.544473,-0.141456,0.310308,100.000000,100.000000,0.000000,0.000000,2,4,4,0.0000,0.0000,0.0000,0.5000,"Accelerate",-0.030650
4338,A0100,pursuit_chase_v1,UNKNOWN,16028.586946,28853.655897,3546.344103,3301.829997,30969.058735,19362.726139,501.846806,30512.200357,124.880986,6346.446585,-15.105768,0.035627,False,False,False,False,True,True,True,1-circle,1.000000,5451.074024,-20819.966171,-1.196306,0.215991,100.000000,100.000000,0.000000,0.000000,2,4,4,0.0000,0.0000,0.0000,0.5000,"PursuitChaseOptimal",0.020329
4338,B0100,aggressive,UNKNOWN,16028.586946,28853.655897,3546.344103,3301.829997,30969.058735,19362.726139,501.846806,30512.200357,124.880986,6346.446585,-15.105768,0.035627,False,False,False,False,True,True,True,1-circle,1.000000,5451.074024,-20819.966171,-1.196306,0.215991,100.000000,100.000000,0.000000,0.000000,2,4,4,0.0000,0.0000,0.0000,0.5000,"Accelerate",-0.023907
4339,A0100,pursuit_chase_v1,UNKNOWN,16028.586946,28853.655897,3546.344103,3301.829997,30969.058735,19362.726139,501.846806,30512.200357,124.880986,6346.446585,-15.105768,0.035627,False,False,False,False,True,True,True,1-circle,1.000000,5451.074024,-20819.966171,-1.196306,0.215991,100.000000,100.000000,0.000000,0.000000,2,4,4,0.0000,0.0000,0.0000,0.5000,"PursuitChaseOptimal",0.008220
4339,B0100,aggressive,UNKNOWN,16028.586946,28853.655897,3546.344103,3301.829997,30969.058735,19362.726139,501.846806,30512.200357,124.880986,6346.446585,-15.105768,0.035627,False,False,False,False,True,True,True,1-circle,1.000000,5451.074024,-20819.966171,-1.196306,0.215991,100.000000,100.000000,0.000000,0.000000,2,4,4,0.0000,0.0000,0.0000,0.5000,"Accelerate",-0.011422
4340,A0100,pursuit_chase_v1,UNKNOWN,16032.111490,28858.329149,3541.670851,3303.449369,30992.168231,19363.985622,501.972422,30519.042113,136.835134,6354.987154,-16.063606,0.014005,False,False,False,False,True,True,True,1-circle,1.000000,5453.201630,-20682.657628,-0.470435,0.008632,100.000000,100.000000,0.000000,0.000000,2,4,4,0.0000,0.0000,0.0000,0.5000,"PursuitChaseOptimal",0.007989
4340,B0100,aggressive,UNKNOWN,16032.111490,28858.329149,3541.670851,3303.449369,30992.168231,19363.985622,501.972422,30519.042113,136.835134,6354.987154,-16.063606,0.014005,False,False,False,False,True,True,True,1-circle,1.000000,5453.201630,-20682.657628,-0.470435,0.008632,100.000000,100.000000,0.000000,0.000000,2,4,4,0.0000,0.0000,0.0000,0.5000,"Accelerate",-0.011048
4341,A0100,pursuit_chase_v1,UNKNOWN,16032.111490,28858.329149,3541.670851,3303.449369,30992.168231,19363.985622,501.972422,30519.042113,136.835134,6354.987154,-16.063606,0.014005,False,False,False,False,True,True,True,1-circle,1.000000,5453.201630,-20682.657628,-0.470435,0.008632,100.000000,100.000000,0.000000,0.000000,2,4,4,0.0000,0.0000,0.0000,0.5000,"PursuitChaseOptimal",0.012033
4341,B0100,aggressive,UNKNOWN,16032.111490,28858.329149,3541.670851,3303.449369,30992.168231,19363.985622,501.972422,30519.042113,136.835134,6354.987154,-16.063606,0.014005,False,False,False,False,True,True,True,1-circle,1.000000,5453.201630,-20682.657628,-0.470435,0.008632,100.000000,100.000000,0.000000,0.000000,2,4,4,0.0000,0.0000,0.0000,0.5000,"Accelerate",-0.015424
4342,A0100,pursuit_chase_v1,UNKNOWN,16035.701414,28866.861883,3533.138117,3300.892035,31016.895173,19365.264069,502.054918,30523.987391,98.905541,6352.433441,-16.806679,0.045202,False,False,False,False,True,True,True,1-circle,1.000000,5455.082319,-20864.472383,-1.518296,0.204582,100.000000,100.000000,0.000000,0.000000,2,4,4,0.0000,0.0000,0.0000,0.5000,"PursuitChaseOptimal",0.004379
4342,B0100,aggressive,UNKNOWN,16035.701414,28866.861883,3533.138117,3300.892035,31016.895173,19365.264069,502.054918,30523.987391,98.905541,6352.433441,-16.806679,0.045202,False,False,False,False,True,True,True,1-circle,1.000000,5455.082319,-20864.472383,-1.518296,0.204582,100.000000,100.000000,0.000000,0.000000,2,4,4,0.0000,0.0000,0.0000,0.5000,"Accelerate",-0.007832
4343,A0100,pursuit_chase_v1,UNKNOWN,16035.701414,28866.861883,3533.138117,3300.892035,31016.895173,19365.264069,502.054918,30523.987391,98.905541,6352.433441,-16.806679,0.045202,False,False,False,False,True,True,True,1-circle,1.000000,5455.082319,-20864.472383,-1.518296,0.204582,100.000000,100.000000,0.000000,0.000000,2,4,4,0.0000,0.0000,0.0000,0.5000,"PursuitChaseOptimal",-0.006843
4343,B0100,aggressive,UNKNOWN,16035.701414,28866.861883,3533.138117,3300.892035,31016.895173,19365.264069,502.054918,30523.987391,98.905541,6352.433441,-16.806679,0.045202,False,False,False,False,True,True,True,1-circle,1.000000,5455.082319,-20864.472383,-1.518296,0.204582,100.000000,100.000000,0.000000,0.000000,2,4,4,0.0000,0.0000,0.0000,0.5000,"Accelerate",0.003767
4344,A0100,pursuit_chase_v1,UNKNOWN,16039.348382,28872.841738,3527.158262,3301.046515,31040.348160,19366.480791,502.166467,30530.163251,123.517205,6346.687422,-17.294097,0.022865,False,False,False,False,True,True,True,1-circle,1.000000,5456.828217,-20722.600962,-0.768310,0.086612,100.000000,100.000000,0.000000,0.000000,2,4,4,0.0000,0.0000,0.0000,0.5000,"PursuitChaseOptimal",-0.012776
4344,B0100,aggressive,UNKNOWN,16039.348382,28872.841738,3527.158262,3301.046515,31040.348160,19366.480791,502.166467,30530.163251,123.517205,6346.687422,-17.294097,0.022865,False,False,False,False,True,True,True,1-circle,1.000000,5456.828217,-20722.600962,-0.768310,0.086612,100.000000,100.000000,0.000000,0.000000,2,4,4,0.0000,0.0000,0.0000,0.5000,"Accelerate",0.009761
4345,A0100,pursuit_chase_v1,UNKNOWN,16039.348382,28872.841738,3527.158262,3301.046515,31040.348160,19366.480791,502.166467,30530.163251,123.517205,6346.687422,-17.294097,0.022865,False,False,False,False,True,True,True,1-circle,1.000000,5456.828217,-20722.600962,-0.768310,0.086612,100.000000,100.000000,0.000000,0.000000,2,4,4,0.0000,0.0000,0.0000,0.5000,"PursuitChaseOptimal",-0.000544
4345,B0100,aggressive,UNKNOWN,16039.348382,28872.841738,3527.158262,3301.046515,31040.348160,19366.480791,502.166467,30530.163251,123.517205,6346.687422,-17.294097,0.022865,False,False,False,False,True,True,True,1-circle,1.000000,5456.828217,-20722.600962,-0.768310,0.086612,100.000000,100.000000,0.000000,0.000000,2,4,4,0.0000,0.0000,0.0000,0.5000,"Accelerate",-0.002945
4346,A0100,pursuit_chase_v1,UNKNOWN,16043.056218,28880.147699,3519.852301,3302.236249,31065.291863,19367.722383,502.254417,30535.315625,103.047477,6342.234949,-17.803456,0.053655,False,False,False,False,True,True,True,1-circle,1.000000,5458.462336,-20901.876415,-1.802770,0.128813,100.000000,100.000000,0.000000,0.000000,2,4,4,0.0000,0.0000,0.0000,0.5000,"PursuitChaseOptimal",-0.000411
4346,B0100,aggressive,UNKNOWN,16043.056218,28880.147699,3519.852301,3302.236249,31065.291863,19367.722383,502.254417,30535.315625,103.047477,6342.234949,-17.803456,0.053655,False,False,False,False,True,True,True,1-circle,1.000000,5458.462336,-20901.876415,-1.802770,0.128813,100.000000,100.000000,0.000000,0.000000,2,4,4,0.0000,0.0000,0.0000,0.5000,"Accelerate",-0.003417
4347,A0100,pursuit_chase_v1,UNKNOWN,16043.056218,28880.147699,3519.852301,3302.236249,31065.291863,19367.722383,502.254417,30535.315625,103.047477,6342.234949,-17.803456,0.053655,False,False,False,False,True,True,True,1-circle,1.000000,5458.462336,-20901.876415,-1.802770,0.128813,100.000000,100.000000,0.000000,0.000000,2,4,4,0.0000,0.0000,0.0000,0.5000,"PursuitChaseOptimal",-0.017496
4347,B0100,aggressive,UNKNOWN,16043.056218,28880.147699,3519.852301,3302.236249,31065.291863,19367.722383,502.254417,30535.315625,103.047477,6342.234949,-17.803456,0.053655,False,False,False,False,True,True,True,1-circle,1.000000,5458.462336,-20901.876415,-1.802770,0.128813,100.000000,100.000000,0.000000,0.000000,2,4,4,0.0000,0.0000,0.0000,0.5000,"Accelerate",0.014047
4348,A0100,pursuit_chase_v1,UNKNOWN,16046.823878,28877.012968,3522.987032,3303.270067,31087.360378,19368.852048,502.470996,30546.078608,215.259675,6340.334403,-18.032986,0.027677,False,False,False,False,True,True,True,1-circle,1.000000,5460.095655,-20402.976925,0.930530,-0.042556,100.000000,100.000000,0.000000,0.000000,2,4,4,0.0000,0.0000,0.0000,0.5000,"PursuitChaseOptimal",-0.024068
4348,B0100,aggressive,UNKNOWN,16046.823878,28877.012968,3522.987032,3303.270067,31087.360378,19368.852048,502.470996,30546.078608,215.259675,6340.334403,-18.032986,0.027677,False,False,False,False,True,True,True,1-circle,1.000000,5460.095655,-20402.976925,0.930530,-0.042556,100.000000,100.000000,0.000000,0.000000,2,4,4,0.0000,0.0000,0.0000,0.5000,"Accelerate",0.021108
4349,A0100,pursuit_chase_v1,UNKNOWN,16046.823878,28877.012968,3522.987032,3303.270067,31087.360378,19368.852048,502.470996,30546.078608,215.259675,6340.334403,-18.032986,0.027677,False,False,False,False,True,True,True,1-circle,1.000000,5460.095655,-20402.976925,0.930530,-0.042556,100.000000,100.000000,0.000000,0.000000,2,4,4,0.0000,0.0000,0.0000,0.5000,"PursuitChaseOptimal",-0.011461
4349,B0100,aggressive,UNKNOWN,16046.823878,28877.012968,3522.987032,3303.270067,31087.360378,19368.852048,502.470996,30546.078608,215.259675,6340.334403,-18.032986,0.027677,False,False,False,False,True,True,True,1-circle,1.000000,5460.095655,-20402.976925,0.930530,-0.042556,100.000000,100.000000,0.000000,0.000000,2,4,4,0.0000,0.0000,0.0000,0.5000,"Accelerate",0.008560
4350,A0100,pursuit_chase_v1,UNKNOWN,16050.645056,28893.185768,3506.814232,3301.927858,31114.452783,19369.971969,502.504475,30548.688022,52.188272,6326.437152,-18.401195,0.029021,False,False,False,False,True,True,True,1-circle,1.000000,5461.745185,-20739.243807,-0.975786,0.177293,100.000000,100.000000,0.000000,0.000000,2,4,4,0.0000,0.0000,0.0000,0.5000,"PursuitChaseOptimal",-0.006732
4350,B0100,aggressive,UNKNOWN,16050.645056,28893.185768,3506.814232,3301.927858,31114.452783,19369.971969,502.504475,30548.688022,52.188272,6326.437152,-18.401195,0.029021,False,False,False,False,True,True,True,1-circle,1.000000,5461.745185,-20739.243807,-0.975786,0.177293,100.000000,100.000000,0.000000,0.000000,2,4,4,0.0000,0.0000,0.0000,0.5000,"Accelerate",0.003530
4351,A0100,pursuit_chase_v1,UNKNOWN,16050.645056,28893.185768,3506.814232,3301.927858,31114.452783,19369.971969,502.504475,30548.688022,52.188272,6326.437152,-18.401195,0.029021,False,False,False,False,True,True,True,1-circle,1.000000,5461.745185,-20739.243807,-0.975786,0.177293,100.000000,100.000000,0.000000,0.000000,2,4,4,0.0000,0.0000,0.0000,0.5000,"PursuitChaseOptimal",-0.023164
4351,B0100,aggressive,UNKNOWN,16050.645056,28893.185768,3506.814232,3301.927858,31114.452783,19369.971969,502.504475,30548.688022,52.188272,6326.437152,-18.401195,0.029021,False,False,False,False,True,True,True,1-circle,1.000000,5461.745185,-20739.243807,-0.975786,0.177293,100.000000,100.000000,0.000000,0.000000,2,4,4,0.0000,0.0000,0.0000,0.5000,"Accelerate",0.019937
4352,A0100,pursuit_chase_v1,UNKNOWN,16054.506433,28897.557094,3502.442906,3305.935386,31133.930777,19371.121311,502.683265,30557.793541,182.110376,6323.258940,-18.695635,0.017812,False,False,False,False,True,True,True,1-circle,1.000000,5463.325178,-20448.864931,0.599153,0.312694,100.000000,100.000000,0.000000,0.000000,2,4,4,0.0000,0.0000,0.0000,0.5000,"PursuitChaseOptimal",-0.025631
4352,B0100,aggressive,UNKNOWN,16054.506433,28897.557094,3502.442906,3305.935386,31133.930777,19371.121311,502.683265,30557.793541,182.110376,6323.258940,-18.695635,0.017812,False,False,False,False,True,True,True,1-circle,1.000000,5463.325178,-20448.864931,0.599153,0.312694,100.000000,100.000000,0.000000,0.000000,2,4,4,0.0000,0.0000,0.0000,0.5000,"Accelerate",0.022803
4353,A0100,pursuit_chase_v1,UNKNOWN,16054.506433,28897.557094,3502.442906,3305.935386,31133.930777,19371.121311,502.683265,30557.793541,182.110376,6323.258940,-18.695635,0.017812,False,False,False,False,True,True,True,1-circle,1.000000,5463.325178,-20448.864931,0.599153,0.312694,100.000000,100.000000,0.000000,0.000000,2,4,4,0.0000,0.0000,0.0000,0.5000,"PursuitChaseOptimal",-0.011777
4353,B0100,aggressive,UNKNOWN,16054.506433,28897.557094,3502.442906,3305.935386,31133.930777,19371.121311,502.683265,30557.793541,182.110376,6323.258940,-18.695635,0.017812,False,False,False,False,True,True,True,1-circle,1.000000,5463.325178,-20448.864931,0.599153,0.312694,100.000000,100.000000,0.000000,0.000000,2,4,4,0.0000,0.0000,0.0000,0.5000,"Accelerate",0.009006
4354,A0100,pursuit_chase_v1,UNKNOWN,16058.431706,28916.580005,3483.419995,3302.829397,31161.597596,19372.306386,502.695050,30559.503111,34.191404,6309.791770,-19.100085,0.038833,False,False,False,False,True,True,True,1-circle,1.000000,5464.906835,-20784.942739,-1.306106,0.245732,100.000000,100.000000,0.000000,0.000000,2,4,4,0.0000,0.0000,0.0000,0.5000,"PursuitChaseOptimal",-0.006084
4354,B0100,aggressive,UNKNOWN,16058.431706,28916.580005,3483.419995,3302.829397,31161.597596,19372.306386,502.695050,30559.503111,34.191404,6309.791770,-19.100085,0.038833,False,False,False,False,True,True,True,1-circle,1.000000,5464.906835,-20784.942739,-1.306106,0.245732,100.000000,100.000000,0.000000,0.000000,2,4,4,0.0000,0.0000,0.0000,0.5000,"Accelerate",0.002899
4355,A0100,pursuit_chase_v1,UNKNOWN,16058.431706,28916.580005,3483.419995,3302.829397,31161.597596,19372.306386,502.695050,30559.503111,34.191404,6309.791770,-19.100085,0.038833,False,False,False,False,True,True,True,1-circle,1.000000,5464.906835,-20784.942739,-1.306106,0.245732,100.000000,100.000000,0.000000,0.000000,2,4,4,0.0000,0.0000,0.0000,0.5000,"PursuitChaseOptimal",-0.020213
4355,B0100,aggressive,UNKNOWN,16058.431706,28916.580005,3483.419995,3302.829397,31161.597596,19372.306386,502.695050,30559.503111,34.191404,6309.791770,-19.100085,0.038833,False,False,False,False,True,True,True,1-circle,1.000000,5464.906835,-20784.942739,-1.306106,0.245732,100.000000,100.000000,0.000000,0.000000,2,4,4,0.0000,0.0000,0.0000,0.5000,"Accelerate",0.017005
4356,A0100,pursuit_chase_v1,UNKNOWN,16062.391470,28921.777995,3478.222005,3306.483776,31181.210126,19373.544141,502.874490,30568.728977,184.517318,6305.972488,-19.435903,0.007342,False,False,False,False,True,True,True,1-circle,1.000000,5466.394968,-20498.468725,0.247070,0.401787,100.000000,100.000000,0.000000,0.000000,2,5,4,0.0000,0.0000,0.0000,0.5000,"PursuitChaseOptimal",-0.021420
4356,B0100,aggressive,UNKNOWN,16062.391470,28921.777995,3478.222005,3306.483776,31181.210126,19373.544141,502.874490,30568.728977,184.517318,6305.972488,-19.435903,0.007342,False,False,False,False,True,True,True,1-circle,1.000000,5466.394968,-20498.468725,0.247070,0.401787,100.000000,100.000000,0.000000,0.000000,2,4,4,0.0000,0.0000,0.0000,0.5000,"Accelerate",0.018567
4357,A0100,pursuit_chase_v1,UNKNOWN,16062.391470,28921.777995,3478.222005,3306.483776,31181.210126,19373.544141,502.874490,30568.728977,184.517318,6305.972488,-19.435903,0.007342,False,False,False,False,True,True,True,1-circle,1.000000,5466.394968,-20498.468725,0.247070,0.401787,100.000000,100.000000,0.000000,0.000000,2,5,4,0.0000,0.0000,0.0000,0.5000,"PursuitChaseOptimal",-0.003664
4357,B0100,aggressive,UNKNOWN,16062.391470,28921.777995,3478.222005,3306.483776,31181.210126,19373.544141,502.874490,30568.728977,184.517318,6305.972488,-19.435903,0.007342,False,False,False,False,True,True,True,1-circle,1.000000,5466.394968,-20498.468725,0.247070,0.401787,100.000000,100.000000,0.000000,0.000000,2,4,4,0.0000,0.0000,0.0000,0.5000,"Accelerate",0.000581
4358,A0100,pursuit_chase_v1,UNKNOWN,16066.413453,28938.240852,3461.759148,3304.412730,31209.243761,19374.813350,502.921108,30572.073952,66.899500,6293.669622,-19.945872,0.047115,False,False,False,False,True,True,True,1-circle,1.000000,5467.848549,-20821.372650,-1.585223,0.219508,100.000000,100.000000,0.000000,0.000000,2,5,4,0.0000,0.0000,0.0000,0.5000,"PursuitChaseOptimal",0.006796
4358,B0100,aggressive,UNKNOWN,16066.413453,28938.240852,3461.759148,3304.412730,31209.243761,19374.813350,502.921108,30572.073952,66.899500,6293.669622,-19.945872,0.047115,False,False,False,False,True,True,True,1-circle,1.000000,5467.848549,-20821.372650,-1.585223,0.219508,100.000000,100.000000,0.000000,0.000000,2,4,4,0.0000,0.0000,0.0000,0.5000,"Accelerate",-0.010492
4359,A0100,pursuit_chase_v1,UNKNOWN,16066.413453,28938.240852,3461.759148,3304.412730,31209.243761,19374.813350,502.921108,30572.073952,66.899500,6293.669622,-19.945872,0.047115,False,False,False,False,True,True,True,1-circle,1.000000,5467.848549,-20821.372650,-1.585223,0.219508,100.000000,100.000000,0.000000,0.000000,2,5,4,0.0000,0.0000,0.0000,0.5000,"PursuitChaseOptimal",0.016535
4359,B0100,aggressive,UNKNOWN,16066.413453,28938.240852,3461.759148,3304.412730,31209.243761,19374.813350,502.921108,30572.073952,66.899500,6293.669622,-19.945872,0.047115,False,False,False,False,True,True,True,1-circle,1.000000,5467.848549,-20821.372650,-1.585223,0.219508,100.000000,100.000000,0.000000,0.000000,2,4,4,0.0000,0.0000,0.0000,0.5000,"Accelerate",-0.020394
4360,A0100,pursuit_chase_v1,UNKNOWN,16070.461967,28936.836548,3463.163452,3306.755156,31228.892620,19376.077047,503.112384,30581.856561,195.652188,6278.538677,-20.352839,0.002221,False,False,False,False,True,True,True,1-circle,1.000000,5469.149446,-20542.511571,-0.074789,0.079987,100.000000,100.000000,0.000000,0.000000,2,5,4,0.0000,0.0000,0.0000,0.5000,"PursuitChaseOptimal",0.025436
4360,B0100,aggressive,UNKNOWN,16070.461967,28936.836548,3463.163452,3306.755156,31228.892620,19376.077047,503.112384,30581.856561,195.652188,6278.538677,-20.352839,0.002221,False,False,False,False,True,True,True,1-circle,1.000000,5469.149446,-20542.511571,-0.074789,0.079987,100.000000,100.000000,0.000000,0.000000,2,4,4,0.0000,0.0000,0.0000,0.5000,"Accelerate",-0.028989
4361,A0100,pursuit_chase_v1,UNKNOWN,16070.461967,28936.836548,3463.163452,3306.755156,31228.892620,19376.077047,503.112384,30581.856561,195.652188,6278.538677,-20.352839,0.002221,False,False,False,False,True,True,True,1-circle,1.000000,5469.149446,-20542.511571,-0.074789,0.079987,100.000000,100.000000,0.000000,0.000000,2,5,4,0.0000,0.0000,0.0000,0.5000,"PursuitChaseOptimal",0.028669
4361,B0100,aggressive,UNKNOWN,16070.461967,28936.836548,3463.163452,3306.755156,31228.892620,19376.077047,503.112384,30581.856561,195.652188,6278.538677,-20.352839,0.002221,False,False,False,False,True,True,True,1-circle,1.000000,5469.149446,-20542.511571,-0.074789,0.079987,100.000000,100.000000,0.000000,0.000000,2,4,4,0.0000,0.0000,0.0000,0.5000,"Accelerate",-0.031996
4362,A0100,pursuit_chase_v1,UNKNOWN,16074.499410,28949.476678,3450.523322,3301.014730,31257.233276,19377.309704,503.109808,30582.974488,22.358530,6242.947976,-20.996801,0.056571,False,False,False,False,True,True,True,1-circle,1.000000,5470.144929,-20864.591120,-1.903879,0.037492,100.000000,100.000000,0.000000,0.000000,2,5,4,0.0000,0.0000,0.0000,0.5000,"PursuitChaseOptimal",0.021445
4362,B0100,aggressive,UNKNOWN,16074.499410,28949.476678,3450.523322,3301.014730,31257.233276,19377.309704,503.109808,30582.974488,22.358530,6242.947976,-20.996801,0.056571,False,False,False,False,True,True,True,1-circle,1.000000,5470.144929,-20864.591120,-1.903879,0.037492,100.000000,100.000000,0.000000,0.000000,2,4,4,0.0000,0.0000,0.0000,0.5000,"Accelerate",-0.024986
4363,A0100,pursuit_chase_v1,UNKNOWN,16074.499410,28949.476678,3450.523322,3301.014730,31257.233276,19377.309704,503.109808,30582.974488,22.358530,6242.947976,-20.996801,0.056571,False,False,False,False,True,True,True,1-circle,1.000000,5470.144929,-20864.591120,-1.903879,0.037492,100.000000,100.000000,0.000000,0.000000,2,5,4,0.0000,0.0000,0.0000,0.5000,"PursuitChaseOptimal",0.015326
4363,B0100,aggressive,UNKNOWN,16074.499410,28949.476678,3450.523322,3301.014730,31257.233276,19377.309704,503.109808,30582.974488,22.358530,6242.947976,-20.996801,0.056571,False,False,False,False,True,True,True,1-circle,1.000000,5470.144929,-20864.591120,-1.903879,0.037492,100.000000,100.000000,0.000000,0.000000,2,4,4,0.0000,0.0000,0.0000,0.5000,"Accelerate",-0.018870
4364,A0100,pursuit_chase_v1,UNKNOWN,16078.518159,28949.251203,3450.748797,3303.505996,31277.104273,19378.528323,503.267748,30591.229715,165.104534,6220.109779,-21.438286,0.011028,False,False,False,False,True,True,True,1-circle,1.000000,5470.783520,-20581.381026,-0.371396,0.172053,100.000000,100.000000,0.000000,0.000000,2,5,4,0.0000,0.0000,0.0000,0.5000,"PursuitChaseOptimal",0.010266
4364,B0100,aggressive,UNKNOWN,16078.518159,28949.251203,3450.748797,3303.505996,31277.104273,19378.528323,503.267748,30591.229715,165.104534,6220.109779,-21.438286,0.011028,False,False,False,False,True,True,True,1-circle,1.000000,5470.783520,-20581.381026,-0.371396,0.172053,100.000000,100.000000,0.000000,0.000000,2,4,4,0.0000,0.0000,0.0000,0.5000,"Accelerate",-0.013360
4365,A0100,pursuit_chase_v1,UNKNOWN,16078.518159,28949.251203,3450.748797,3303.505996,31277.104273,19378.528323,503.267748,30591.229715,165.104534,6220.109779,-21.438286,0.011028,False,False,False,False,True,True,True,1-circle,1.000000,5470.783520,-20581.381026,-0.371396,0.172053,100.000000,100.000000,0.000000,0.000000,2,5,4,0.0000,0.0000,0.0000,0.5000,"PursuitChaseOptimal",0.001225
4365,B0100,aggressive,UNKNOWN,16078.518159,28949.251203,3450.748797,3303.505996,31277.104273,19378.528323,503.267748,30591.229715,165.104534,6220.109779,-21.438286,0.011028,False,False,False,False,True,True,True,1-circle,1.000000,5470.783520,-20581.381026,-0.371396,0.172053,100.000000,100.000000,0.000000,0.000000,2,4,4,0.0000,0.0000,0.0000,0.5000,"Accelerate",-0.004187
4366,A0100,pursuit_chase_v1,UNKNOWN,16082.522883,28962.825730,3437.174270,3289.694983,31305.722360,19379.730334,503.291210,30593.477209,44.949897,6191.685794,-21.688478,0.064905,False,False,False,False,True,True,True,1-circle,1.000000,5471.192589,-20900.328936,-2.184856,0.062548,100.000000,100.000000,0.000000,0.000000,2,5,4,0.0000,0.0000,0.0000,0.5000,"PursuitChaseOptimal",-0.008581
4366,B0100,aggressive,UNKNOWN,16082.522883,28962.825730,3437.174270,3289.694983,31305.722360,19379.730334,503.291210,30593.477209,44.949897,6191.685794,-21.688478,0.064905,False,False,False,False,True,True,True,1-circle,1.000000,5471.192589,-20900.328936,-2.184856,0.062548,100.000000,100.000000,0.000000,0.000000,2,4,4,0.0000,0.0000,0.0000,0.5000,"Accelerate",0.005209
4367,A0100,pursuit_chase_v1,UNKNOWN,16082.522883,28962.825730,3437.174270,3289.694983,31305.722360,19379.730334,503.291210,30593.477209,44.949897,6191.685794,-21.688478,0.064905,False,False,False,False,True,True,True,1-circle,1.000000,5471.192589,-20900.328936,-2.184856,0.062548,100.000000,100.000000,0.000000,0.000000,2,5,4,0.0000,0.0000,0.0000,0.5000,"PursuitChaseOptimal",-0.012477
4367,B0100,aggressive,UNKNOWN,16082.522883,28962.825730,3437.174270,3289.694983,31305.722360,19379.730334,503.291210,30593.477209,44.949897,6191.685794,-21.688478,0.064905,False,False,False,False,True,True,True,1-circle,1.000000,5471.192589,-20900.328936,-2.184856,0.062548,100.000000,100.000000,0.000000,0.000000,2,4,4,0.0000,0.0000,0.0000,0.5000,"Accelerate",0.008771
4368,A0100,pursuit_chase_v1,UNKNOWN,16086.514335,28958.295933,3441.704067,3255.187379,31327.051142,19380.903704,503.500246,30603.967523,209.806264,6189.763711,-21.073686,0.011896,False,False,False,False,True,True,True,1-circle,1.000000,5471.631908,-20571.832483,-0.400806,0.035174,100.000000,100.000000,0.000000,0.000000,2,5,4,0.0000,0.0000,0.0000,0.5000,"PursuitChaseOptimal",-0.025888
4368,B0100,aggressive,UNKNOWN,16086.514335,28958.295933,3441.704067,3255.187379,31327.051142,19380.903704,503.500246,30603.967523,209.806264,6189.763711,-21.073686,0.011896,False,False,False,False,True,True,True,1-circle,1.000000,5471.631908,-20571.832483,-0.400806,0.035174,100.000000,100.000000,0.000000,0.000000,2,4,4,0.0000,0.0000,0.0000,0.5000,"Accelerate",0.022583
4369,A0100,pursuit_chase_v1,UNKNOWN,16086.514335,28958.295933,3441.704067,3255.187379,31327.051142,19380.903704,503.500246,30603.967523,209.806264,6189.763711,-21.073686,0.011896,False,False,False,False,True,True,True,1-circle,1.000000,5471.631908,-20571.832483,-0.400806,0.035174,100.000000,100.000000,0.000000,0.000000,2,5,4,0.0000,0.0000,0.0000,0.5000,"PursuitChaseOptimal",-0.027896
4369,B0100,aggressive,UNKNOWN,16086.514335,28958.295933,3441.704067,3255.187379,31327.051142,19380.903704,503.500246,30603.967523,209.806264,6189.763711,-21.073686,0.011896,False,False,False,False,True,True,True,1-circle,1.000000,5471.631908,-20571.832483,-0.400806,0.035174,100.000000,100.000000,0.000000,0.000000,2,4,4,0.0000,0.0000,0.0000,0.5000,"Accelerate",0.025108
4370,A0100,pursuit_chase_v1,UNKNOWN,16090.462329,28965.183475,3434.816525,3178.594690,31351.324351,19381.976825,503.561780,30607.784024,76.330028,6187.649633,-19.517523,0.012419,False,False,False,False,True,True,True,1-circle,1.000000,5472.539385,-20417.485989,0.418454,-0.009337,100.000000,100.000000,0.000000,0.000000,2,5,4,0.0000,0.0000,0.0000,0.5000,"PursuitChaseOptimal",-0.026335
4370,B0100,aggressive,UNKNOWN,16090.462329,28965.183475,3434.816525,3178.594690,31351.324351,19381.976825,503.561780,30607.784024,76.330028,6187.649633,-19.517523,0.012419,False,False,False,False,True,True,True,1-circle,1.000000,5472.539385,-20417.485989,0.418454,-0.009337,100.000000,100.000000,0.000000,0.000000,2,4,4,0.0000,0.0000,0.0000,0.5000,"Accelerate",0.023667
4371,A0100,pursuit_chase_v1,UNKNOWN,16090.462329,28965.183475,3434.816525,3178.594690,31351.324351,19381.976825,503.561780,30607.784024,76.330028,6187.649633,-19.517523,0.012419,False,False,False,False,True,True,True,1-circle,1.000000,5472.539385,-20417.485989,0.418454,-0.009337,100.000000,100.000000,0.000000,0.000000,2,5,4,0.0000,0.0000,0.0000,0.5000,"PursuitChaseOptimal",-0.025249
4371,B0100,aggressive,UNKNOWN,16090.462329,28965.183475,3434.816525,3178.594690,31351.324351,19381.976825,503.561780,30607.784024,76.330028,6187.649633,-19.517523,0.012419,False,False,False,False,True,True,True,1-circle,1.000000,5472.539385,-20417.485989,0.418454,-0.009337,100.000000,100.000000,0.000000,0.000000,2,4,4,0.0000,0.0000,0.0000,0.5000,"Accelerate",0.022273
4372,A0100,pursuit_chase_v1,UNKNOWN,16094.312972,28975.076329,3424.923671,3076.082869,31373.068345,19383.108491,503.677190,30614.061896,125.557434,6206.838376,-17.816372,0.019112,False,False,False,False,True,True,True,1-circle,1.000000,5474.028813,-20602.524879,-0.644117,0.310343,100.000000,100.000000,0.000000,0.000000,2,4,4,0.0000,0.0000,0.0000,0.5000,"PursuitChaseOptimal",-0.021553
4372,B0100,aggressive,UNKNOWN,16094.312972,28975.076329,3424.923671,3076.082869,31373.068345,19383.108491,503.677190,30614.061896,125.557434,6206.838376,-17.816372,0.019112,False,False,False,False,True,True,True,1-circle,1.000000,5474.028813,-20602.524879,-0.644117,0.310343,100.000000,100.000000,0.000000,0.000000,2,4,4,0.0000,0.0000,0.0000,0.5000,"Accelerate",0.018388
4373,A0100,pursuit_chase_v1,UNKNOWN,16094.312972,28975.076329,3424.923671,3076.082869,31373.068345,19383.108491,503.677190,30614.061896,125.557434,6206.838376,-17.816372,0.019112,False,False,False,False,True,True,True,1-circle,1.000000,5474.028813,-20602.524879,-0.644117,0.310343,100.000000,100.000000,0.000000,0.000000,2,4,4,0.0000,0.0000,0.0000,0.5000,"PursuitChaseOptimal",-0.025966
4373,B0100,aggressive,UNKNOWN,16094.312972,28975.076329,3424.923671,3076.082869,31373.068345,19383.108491,503.677190,30614.061896,125.557434,6206.838376,-17.816372,0.019112,False,False,False,False,True,True,True,1-circle,1.000000,5474.028813,-20602.524879,-0.644117,0.310343,100.000000,100.000000,0.000000,0.000000,2,4,4,0.0000,0.0000,0.0000,0.5000,"Accelerate",0.023256
4374,A0100,pursuit_chase_v1,UNKNOWN,16098.092986,28983.388608,3416.611392,2960.630677,31395.413987,19384.231649,503.775860,30619.585740,110.476884,6234.679151,-16.095964,0.003092,False,False,False,False,True,True,True,1-circle,1.000000,5476.230792,-20462.365817,0.104240,0.189663,100.000000,100.000000,0.000000,0.000000,2,4,4,0.0000,0.0000,0.0000,0.5000,"PursuitChaseOptimal",-0.028351
4374,B0100,aggressive,UNKNOWN,16098.092986,28983.388608,3416.611392,2960.630677,31395.413987,19384.231649,503.775860,30619.585740,110.476884,6234.679151,-16.095964,0.003092,False,False,False,False,True,True,True,1-circle,1.000000,5476.230792,-20462.365817,0.104240,0.189663,100.000000,100.000000,0.000000,0.000000,2,4,4,0.0000,0.0000,0.0000,0.5000,"Accelerate",0.025848
4375,A0100,pursuit_chase_v1,UNKNOWN,16098.092986,28983.388608,3416.611392,2960.630677,31395.413987,19384.231649,503.775860,30619.585740,110.476884,6234.679151,-16.095964,0.003092,False,False,False,False,True,True,True,1-circle,1.000000,5476.230792,-20462.365817,0.104240,0.189663,100.000000,100.000000,0.000000,0.000000,2,4,4,0.0000,0.0000,0.0000,0.5000,"PursuitChaseOptimal",-0.031469
4375,B0100,aggressive,UNKNOWN,16098.092986,28983.388608,3416.611392,2960.630677,31395.413987,19384.231649,503.775860,30619.585740,110.476884,6234.679151,-16.095964,0.003092,False,False,False,False,True,True,True,1-circle,1.000000,5476.230792,-20462.365817,0.104240,0.189663,100.000000,100.000000,0.000000,0.000000,2,4,4,0.0000,0.0000,0.0000,0.5000,"Accelerate",0.028630
4376,A0100,pursuit_chase_v1,UNKNOWN,16101.794866,28994.299657,3405.700343,2859.232470,31415.866526,19385.447178,503.857981,30624.464546,97.576123,6260.761542,-14.654939,0.029216,False,False,False,False,True,True,True,1-circle,1.000000,5479.042667,-20653.672233,-0.984952,0.369759,100.000000,100.000000,0.000000,0.000000,2,4,4,0.0000,0.0000,0.0000,0.5000,"PursuitChaseOptimal",-0.028584
4376,B0100,aggressive,UNKNOWN,16101.794866,28994.299657,3405.700343,2859.232470,31415.866526,19385.447178,503.857981,30624.464546,97.576123,6260.761542,-14.654939,0.029216,False,False,False,False,True,True,True,1-circle,1.000000,5479.042667,-20653.672233,-0.984952,0.369759,100.000000,100.000000,0.000000,0.000000,2,4,4,0.0000,0.0000,0.0000,0.5000,"Accelerate",0.025521
4377,A0100,pursuit_chase_v1,UNKNOWN,16101.794866,28994.299657,3405.700343,2859.232470,31415.866526,19385.447178,503.857981,30624.464546,97.576123,6260.761542,-14.654939,0.029216,False,False,False,False,True,True,True,1-circle,1.000000,5479.042667,-20653.672233,-0.984952,0.369759,100.000000,100.000000,0.000000,0.000000,2,4,4,0.0000,0.0000,0.0000,0.5000,"PursuitChaseOptimal",-0.020515
4377,B0100,aggressive,UNKNOWN,16101.794866,28994.299657,3405.700343,2859.232470,31415.866526,19385.447178,503.857981,30624.464546,97.576123,6260.761542,-14.654939,0.029216,False,False,False,False,True,True,True,1-circle,1.000000,5479.042667,-20653.672233,-0.984952,0.369759,100.000000,100.000000,0.000000,0.000000,2,4,4,0.0000,0.0000,0.0000,0.5000,"Accelerate",0.017666
4378,A0100,pursuit_chase_v1,UNKNOWN,16105.484240,29000.807982,3399.192018,2794.230725,31435.901157,19386.665215,503.962123,30630.329048,117.290036,6280.896776,-13.869037,0.007041,False,False,False,False,True,True,True,1-circle,1.000000,5482.426126,-20514.973025,-0.237434,0.258290,100.000000,100.000000,0.000000,0.000000,2,4,4,0.0000,0.0000,0.0000,0.5000,"PursuitChaseOptimal",-0.012642
4378,B0100,aggressive,UNKNOWN,16105.484240,29000.807982,3399.192018,2794.230725,31435.901157,19386.665215,503.962123,30630.329048,117.290036,6280.896776,-13.869037,0.007041,False,False,False,False,True,True,True,1-circle,1.000000,5482.426126,-20514.973025,-0.237434,0.258290,100.000000,100.000000,0.000000,0.000000,2,4,4,0.0000,0.0000,0.0000,0.5000,"Accelerate",0.009617
4379,A0100,pursuit_chase_v1,UNKNOWN,16105.484240,29000.807982,3399.192018,2794.230725,31435.901157,19386.665215,503.962123,30630.329048,117.290036,6280.896776,-13.869037,0.007041,False,False,False,False,True,True,True,1-circle,1.000000,5482.426126,-20514.973025,-0.237434,0.258290,100.000000,100.000000,0.000000,0.000000,2,4,4,0.0000,0.0000,0.0000,0.5000,"PursuitChaseOptimal",-0.002753
4379,B0100,aggressive,UNKNOWN,16105.484240,29000.807982,3399.192018,2794.230725,31435.901157,19386.665215,503.962123,30630.329048,117.290036,6280.896776,-13.869037,0.007041,False,False,False,False,True,True,True,1-circle,1.000000,5482.426126,-20514.973025,-0.237434,0.258290,100.000000,100.000000,0.000000,0.000000,2,4,4,0.0000,0.0000,0.0000,0.5000,"Accelerate",-0.001020
4380,A0100,pursuit_chase_v1,UNKNOWN,16109.175944,29005.448422,3394.551578,2762.970439,31456.894293,19387.944638,504.049032,30635.486742,103.153886,6291.973714,-13.844049,0.038389,False,False,False,False,True,True,True,1-circle,1.000000,5486.000680,-20701.372474,-1.294583,0.172313,100.000000,100.000000,0.000000,0.000000,2,4,4,0.0000,0.0000,0.0000,0.5000,"PursuitChaseOptimal",0.009814
4380,B0100,aggressive,UNKNOWN,16109.175944,29005.448422,3394.551578,2762.970439,31456.894293,19387.944638,504.049032,30635.486742,103.153886,6291.973714,-13.844049,0.038389,False,False,False,False,True,True,True,1-circle,1.000000,5486.000680,-20701.372474,-1.294583,0.172313,100.000000,100.000000,0.000000,0.000000,2,4,4,0.0000,0.0000,0.0000,0.5000,"Accelerate",-0.013938
4381,A0100,pursuit_chase_v1,UNKNOWN,16109.175944,29005.448422,3394.551578,2762.970439,31456.894293,19387.944638,504.049032,30635.486742,103.153886,6291.973714,-13.844049,0.038389,False,False,False,False,True,True,True,1-circle,1.000000,5486.000680,-20701.372474,-1.294583,0.172313,100.000000,100.000000,0.000000,0.000000,2,4,4,0.0000,0.0000,0.0000,0.5000,"PursuitChaseOptimal",0.009185
4381,B0100,aggressive,UNKNOWN,16109.175944,29005.448422,3394.551578,2762.970439,31456.894293,19387.944638,504.049032,30635.486742,103.153886,6291.973714,-13.844049,0.038389,False,False,False,False,True,True,True,1-circle,1.000000,5486.000680,-20701.372474,-1.294583,0.172313,100.000000,100.000000,0.000000,0.000000,2,4,4,0.0000,0.0000,0.0000,0.5000,"Accelerate",-0.012939
4382,A0100,pursuit_chase_v1,UNKNOWN,16112.919235,29005.782510,3394.217490,2750.931853,31476.473601,19389.157935,504.152466,30641.316644,116.598045,6309.025448,-14.451048,0.016304,False,False,False,False,True,True,True,1-circle,1.000000,5489.584045,-20563.514209,-0.550019,-0.031765,100.000000,100.000000,0.000000,0.000000,2,4,4,0.0000,0.0000,0.0000,0.5000,"PursuitChaseOptimal",0.007022
4382,B0100,aggressive,UNKNOWN,16112.919235,29005.782510,3394.217490,2750.931853,31476.473601,19389.157935,504.152466,30641.316644,116.598045,6309.025448,-14.451048,0.016304,False,False,False,False,True,True,True,1-circle,1.000000,5489.584045,-20563.514209,-0.550019,-0.031765,100.000000,100.000000,0.000000,0.000000,2,4,4,0.0000,0.0000,0.0000,0.5000,"Accelerate",-0.010581
4383,A0100,pursuit_chase_v1,UNKNOWN,16112.919235,29005.782510,3394.217490,2750.931853,31476.473601,19389.157935,504.152466,30641.316644,116.598045,6309.025448,-14.451048,0.016304,False,False,False,False,True,True,True,1-circle,1.000000,5489.584045,-20563.514209,-0.550019,-0.031765,100.000000,100.000000,0.000000,0.000000,2,4,4,0.0000,0.0000,0.0000,0.5000,"PursuitChaseOptimal",0.003379
4383,B0100,aggressive,UNKNOWN,16112.919235,29005.782510,3394.217490,2750.931853,31476.473601,19389.157935,504.152466,30641.316644,116.598045,6309.025448,-14.451048,0.016304,False,False,False,False,True,True,True,1-circle,1.000000,5489.584045,-20563.514209,-0.550019,-0.031765,100.000000,100.000000,0.000000,0.000000,2,4,4,0.0000,0.0000,0.0000,0.5000,"Accelerate",-0.007265
4384,A0100,pursuit_chase_v1,UNKNOWN,16116.733456,29009.947079,3390.052921,2740.560318,31497.460667,19390.394450,504.212604,30645.237767,78.422459,6325.322356,-15.118428,0.047489,False,False,False,False,True,True,True,1-circle,1.000000,5492.985590,-20748.907532,-1.601834,0.169844,100.000000,100.000000,0.000000,0.000000,2,4,4,0.0000,0.0000,0.0000,0.5000,"PursuitChaseOptimal",-0.004677
4384,B0100,aggressive,UNKNOWN,16116.733456,29009.947079,3390.052921,2740.560318,31497.460667,19390.394450,504.212604,30645.237767,78.422459,6325.322356,-15.118428,0.047489,False,False,False,False,True,True,True,1-circle,1.000000,5492.985590,-20748.907532,-1.601834,0.169844,100.000000,100.000000,0.000000,0.000000,2,4,4,0.0000,0.0000,0.0000,0.5000,"Accelerate",0.000826
4385,A0100,pursuit_chase_v1,UNKNOWN,16116.733456,29009.947079,3390.052921,2740.560318,31497.460667,19390.394450,504.212604,30645.237767,78.422459,6325.322356,-15.118428,0.047489,False,False,False,False,True,True,True,1-circle,1.000000,5492.985590,-20748.907532,-1.601834,0.169844,100.000000,100.000000,0.000000,0.000000,2,4,4,0.0000,0.0000,0.0000,0.5000,"PursuitChaseOptimal",-0.015126
4385,B0100,aggressive,UNKNOWN,16116.733456,29009.947079,3390.052921,2740.560318,31497.460667,19390.394450,504.212604,30645.237767,78.422459,6325.322356,-15.118428,0.047489,False,False,False,False,True,True,True,1-circle,1.000000,5492.985590,-20748.907532,-1.601834,0.169844,100.000000,100.000000,0.000000,0.000000,2,4,4,0.0000,0.0000,0.0000,0.5000,"Accelerate",0.011862
4386,A0100,pursuit_chase_v1,UNKNOWN,16120.611013,29011.602184,3388.397816,2729.415446,31517.229925,19391.573370,504.301679,30650.393634,103.117330,6334.442630,-15.316324,0.024760,False,False,False,False,True,True,True,1-circle,1.000000,5496.379680,-20607.052703,-0.835498,0.053160,100.000000,100.000000,0.000000,0.000000,2,4,4,0.0000,0.0000,0.0000,0.5000,"PursuitChaseOptimal",-0.019404
4386,B0100,aggressive,UNKNOWN,16120.611013,29011.602184,3388.397816,2729.415446,31517.229925,19391.573370,504.301679,30650.393634,103.117330,6334.442630,-15.316324,0.024760,False,False,False,False,True,True,True,1-circle,1.000000,5496.379680,-20607.052703,-0.835498,0.053160,100.000000,100.000000,0.000000,0.000000,2,4,4,0.0000,0.0000,0.0000,0.5000,"Accelerate",0.016288
4387,A0100,pursuit_chase_v1,UNKNOWN,16120.611013,29011.602184,3388.397816,2729.415446,31517.229925,19391.573370,504.301679,30650.393634,103.117330,6334.442630,-15.316324,0.024760,False,False,False,False,True,True,True,1-circle,1.000000,5496.379680,-20607.052703,-0.835498,0.053160,100.000000,100.000000,0.000000,0.000000,2,4,4,0.0000,0.0000,0.0000,0.5000,"PursuitChaseOptimal",-0.025185
4387,B0100,aggressive,UNKNOWN,16120.611013,29011.602184,3388.397816,2729.415446,31517.229925,19391.573370,504.301679,30650.393634,103.117330,6334.442630,-15.316324,0.024760,False,False,False,False,True,True,True,1-circle,1.000000,5496.379680,-20607.052703,-0.835498,0.053160,100.000000,100.000000,0.000000,0.000000,2,4,4,0.0000,0.0000,0.0000,0.5000,"Accelerate",0.021703
4388,A0100,pursuit_chase_v1,UNKNOWN,16124.526702,29014.348193,3385.651807,2715.762241,31538.244284,19392.782131,504.367091,30654.523311,82.593533,6338.430371,-15.216370,0.055588,False,False,False,False,True,True,True,1-circle,1.000000,5499.829959,-20790.408468,-1.875426,0.100326,100.000000,100.000000,0.000000,0.000000,2,4,4,0.0000,0.0000,0.0000,0.5000,"PursuitChaseOptimal",-0.027712
4388,B0100,aggressive,UNKNOWN,16124.526702,29014.348193,3385.651807,2715.762241,31538.244284,19392.782131,504.367091,30654.523311,82.593533,6338.430371,-15.216370,0.055588,False,False,False,False,True,True,True,1-circle,1.000000,5499.829959,-20790.408468,-1.875426,0.100326,100.000000,100.000000,0.000000,0.000000,2,4,4,0.0000,0.0000,0.0000,0.5000,"Accelerate",0.023941
4389,A0100,pursuit_chase_v1,UNKNOWN,16124.526702,29014.348193,3385.651807,2715.762241,31538.244284,19392.782131,504.367091,30654.523311,82.593533,6338.430371,-15.216370,0.055588,False,False,False,False,True,True,True,1-circle,1.000000,5499.829959,-20790.408468,-1.875426,0.100326,100.000000,100.000000,0.000000,0.000000,2,4,4,0.0000,0.0000,0.0000,0.5000,"PursuitChaseOptimal",-0.022355
4389,B0100,aggressive,UNKNOWN,16124.526702,29014.348193,3385.651807,2715.762241,31538.244284,19392.782131,504.367091,30654.523311,82.593533,6338.430371,-15.216370,0.055588,False,False,False,False,True,True,True,1-circle,1.000000,5499.829959,-20790.408468,-1.875426,0.100326,100.000000,100.000000,0.000000,0.000000,2,4,4,0.0000,0.0000,0.0000,0.5000,"Accelerate",0.018777
4390,A0100,pursuit_chase_v1,UNKNOWN,16128.507205,29006.359545,3393.640455,2709.960463,31556.344648,19393.882644,504.563671,30664.404203,197.617844,6356.752110,-15.161647,0.026105,False,False,False,False,True,True,True,1-circle,1.000000,5503.555862,-20290.584771,0.881306,-0.069404,100.000000,100.000000,0.000000,0.000000,2,4,4,0.0000,0.0000,0.0000,0.5000,"PursuitChaseOptimal",-0.010243
4390,B0100,aggressive,UNKNOWN,16128.507205,29006.359545,3393.640455,2709.960463,31556.344648,19393.882644,504.563671,30664.404203,197.617844,6356.752110,-15.161647,0.026105,False,False,False,False,True,True,True,1-circle,1.000000,5503.555862,-20290.584771,0.881306,-0.069404,100.000000,100.000000,0.000000,0.000000,2,4,4,0.0000,0.0000,0.0000,0.5000,"Accelerate",0.006852
4391,A0100,pursuit_chase_v1,UNKNOWN,16128.507205,29006.359545,3393.640455,2709.960463,31556.344648,19393.882644,504.563671,30664.404203,197.617844,6356.752110,-15.161647,0.026105,False,False,False,False,True,True,True,1-circle,1.000000,5503.555862,-20290.584771,0.881306,-0.069404,100.000000,100.000000,0.000000,0.000000,2,4,4,0.0000,0.0000,0.0000,0.5000,"PursuitChaseOptimal",0.002626
4391,B0100,aggressive,UNKNOWN,16128.507205,29006.359545,3393.640455,2709.960463,31556.344648,19393.882644,504.563671,30664.404203,197.617844,6356.752110,-15.161647,0.026105,False,False,False,False,True,True,True,1-circle,1.000000,5503.555862,-20290.584771,0.881306,-0.069404,100.000000,100.000000,0.000000,0.000000,2,4,4,0.0000,0.0000,0.0000,0.5000,"Accelerate",-0.006244
4392,A0100,pursuit_chase_v1,UNKNOWN,16132.562061,29017.831473,3382.168527,2701.682467,31579.458432,19394.976839,504.577482,30666.115414,34.224217,6369.128391,-15.867460,0.031268,False,False,False,False,True,True,True,1-circle,1.000000,5507.333307,-20635.676143,-1.055629,0.154119,100.000000,100.000000,0.000000,0.000000,2,4,4,0.0000,0.0000,0.0000,0.5000,"PursuitChaseOptimal",0.016542
4392,B0100,aggressive,UNKNOWN,16132.562061,29017.831473,3382.168527,2701.682467,31579.458432,19394.976839,504.577482,30666.115414,34.224217,6369.128391,-15.867460,0.031268,False,False,False,False,True,True,True,1-circle,1.000000,5507.333307,-20635.676143,-1.055629,0.154119,100.000000,100.000000,0.000000,0.000000,2,4,4,0.0000,0.0000,0.0000,0.5000,"Accelerate",-0.020822
4393,A0100,pursuit_chase_v1,UNKNOWN,16132.562061,29017.831473,3382.168527,2701.682467,31579.458432,19394.976839,504.577482,30666.115414,34.224217,6369.128391,-15.867460,0.031268,False,False,False,False,True,True,True,1-circle,1.000000,5507.333307,-20635.676143,-1.055629,0.154119,100.000000,100.000000,0.000000,0.000000,2,4,4,0.0000,0.0000,0.0000,0.5000,"PursuitChaseOptimal",0.030012
4393,B0100,aggressive,UNKNOWN,16132.562061,29017.831473,3382.168527,2701.682467,31579.458432,19394.976839,504.577482,30666.115414,34.224217,6369.128391,-15.867460,0.031268,False,False,False,False,True,True,True,1-circle,1.000000,5507.333307,-20635.676143,-1.055629,0.154119,100.000000,100.000000,0.000000,0.000000,2,4,4,0.0000,0.0000,0.0000,0.5000,"Accelerate",-0.034699
4394,A0100,pursuit_chase_v1,UNKNOWN,16136.695914,29018.122554,3381.877446,2704.885868,31594.818654,19396.104184,504.736796,30674.361281,164.917338,6388.215349,-16.978723,0.016079,False,False,False,False,True,True,True,1-circle,1.000000,5510.859718,-20344.188630,0.543037,0.289513,100.000000,100.000000,0.000000,0.000000,2,4,4,0.0000,0.0000,0.0000,0.5000,"PursuitChaseOptimal",0.040028
4394,B0100,aggressive,UNKNOWN,16136.695914,29018.122554,3381.877446,2704.885868,31594.818654,19396.104184,504.736796,30674.361281,164.917338,6388.215349,-16.978723,0.016079,False,False,False,False,True,True,True,1-circle,1.000000,5510.859718,-20344.188630,0.543037,0.289513,100.000000,100.000000,0.000000,0.000000,2,4,4,0.0000,0.0000,0.0000,0.5000,"Accelerate",-0.044379
4395,A0100,pursuit_chase_v1,UNKNOWN,16136.695914,29018.122554,3381.877446,2704.885868,31594.818654,19396.104184,504.736796,30674.361281,164.917338,6388.215349,-16.978723,0.016079,False,False,False,False,True,True,True,1-circle,1.000000,5510.859718,-20344.188630,0.543037,0.289513,100.000000,100.000000,0.000000,0.000000,2,4,4,0.0000,0.0000,0.0000,0.5000,"PursuitChaseOptimal",0.043147
4395,B0100,aggressive,UNKNOWN,16136.695914,29018.122554,3381.877446,2704.885868,31594.818654,19396.104184,504.736796,30674.361281,164.917338,6388.215349,-16.978723,0.016079,False,False,False,False,True,True,True,1-circle,1.000000,5510.859718,-20344.188630,0.543037,0.289513,100.000000,100.000000,0.000000,0.000000,2,4,4,0.0000,0.0000,0.0000,0.5000,"Accelerate",-0.047250
4396,A0100,pursuit_chase_v1,UNKNOWN,16140.901894,29032.595477,3367.404523,2695.523886,31618.518586,19397.270232,504.734197,30675.411208,20.998544,6394.143416,-18.409530,0.040924,False,False,False,False,True,True,True,1-circle,1.000000,5513.897589,-20686.620936,-1.381929,0.220452,100.000000,100.000000,0.000000,0.000000,2,4,4,0.0000,0.0000,0.0000,0.5000,"PursuitChaseOptimal",0.034667
4396,B0100,aggressive,UNKNOWN,16140.901894,29032.595477,3367.404523,2695.523886,31618.518586,19397.270232,504.734197,30675.411208,20.998544,6394.143416,-18.409530,0.040924,False,False,False,False,True,True,True,1-circle,1.000000,5513.897589,-20686.620936,-1.381929,0.220452,100.000000,100.000000,0.000000,0.000000,2,4,4,0.0000,0.0000,0.0000,0.5000,"Accelerate",-0.038964
4397,A0100,pursuit_chase_v1,UNKNOWN,16140.901894,29032.595477,3367.404523,2695.523886,31618.518586,19397.270232,504.734197,30675.411208,20.998544,6394.143416,-18.409530,0.040924,False,False,False,False,True,True,True,1-circle,1.000000,5513.897589,-20686.620936,-1.381929,0.220452,100.000000,100.000000,0.000000,0.000000,2,4,4,0.0000,0.0000,0.0000,0.5000,"PursuitChaseOptimal",0.008478
4397,B0100,aggressive,UNKNOWN,16140.901894,29032.595477,3367.404523,2695.523886,31618.518586,19397.270232,504.734197,30675.411208,20.998544,6394.143416,-18.409530,0.040924,False,False,False,False,True,True,True,1-circle,1.000000,5513.897589,-20686.620936,-1.381929,0.220452,100.000000,100.000000,0.000000,0.000000,2,4,4,0.0000,0.0000,0.0000,0.5000,"Accelerate",-0.012472
4398,A0100,pursuit_chase_v1,UNKNOWN,16145.142404,29032.320133,3367.679867,2697.237283,31633.953065,19398.478235,504.898709,30683.972352,171.222884,6398.797255,-19.203230,0.005778,False,False,False,False,True,True,True,1-circle,1.000000,5516.445485,-20398.355794,0.195196,0.279870,100.000000,100.000000,0.000000,0.000000,2,4,4,0.0000,0.0000,0.0000,0.5000,"PursuitChaseOptimal",-0.009822
4398,B0100,aggressive,UNKNOWN,16145.142404,29032.320133,3367.679867,2697.237283,31633.953065,19398.478235,504.898709,30683.972352,171.222884,6398.797255,-19.203230,0.005778,False,False,False,False,True,True,True,1-circle,1.000000,5516.445485,-20398.355794,0.195196,0.279870,100.000000,100.000000,0.000000,0.000000,2,4,4,0.0000,0.0000,0.0000,0.5000,"Accelerate",0.006460
4399,A0100,pursuit_chase_v1,UNKNOWN,16145.142404,29032.320133,3367.679867,2697.237283,31633.953065,19398.478235,504.898709,30683.972352,171.222884,6398.797255,-19.203230,0.005778,False,False,False,False,True,True,True,1-circle,1.000000,5516.445485,-20398.355794,0.195196,0.279870,100.000000,100.000000,0.000000,0.000000,2,4,4,0.0000,0.0000,0.0000,0.5000,"PursuitChaseOptimal",-0.020973
4399,B0100,aggressive,UNKNOWN,16145.142404,29032.320133,3367.679867,2697.237283,31633.953065,19398.478235,504.898709,30683.972352,171.222884,6398.797255,-19.203230,0.005778,False,False,False,False,True,True,True,1-circle,1.000000,5516.445485,-20398.355794,0.195196,0.279870,100.000000,100.000000,0.000000,0.000000,2,4,4,0.0000,0.0000,0.0000,0.5000,"Accelerate",0.017828
4400,A0100,pursuit_chase_v1,UNKNOWN,16149.442231,29044.194281,3355.805719,2696.094617,31658.001124,19399.705572,504.900283,30685.270055,25.954055,6400.238251,-19.700923,0.049075,False,False,False,False,True,True,True,1-circle,1.000000,5518.833213,-20727.363776,-1.657558,0.150736,100.000000,100.000000,0.000000,0.000000,2,4,4,0.0000,0.0000,0.0000,0.5000,"PursuitChaseOptimal",-0.011884
4400,B0100,aggressive,UNKNOWN,16149.442231,29044.194281,3355.805719,2696.094617,31658.001124,19399.705572,504.900283,30685.270055,25.954055,6400.238251,-19.700923,0.049075,False,False,False,False,True,True,True,1-circle,1.000000,5518.833213,-20727.363776,-1.657558,0.150736,100.000000,100.000000,0.000000,0.000000,2,4,4,0.0000,0.0000,0.0000,0.5000,"Accelerate",0.008085
4401,A0100,pursuit_chase_v1,UNKNOWN,16149.442231,29044.194281,3355.805719,2696.094617,31658.001124,19399.705572,504.900283,30685.270055,25.954055,6400.238251,-19.700923,0.049075,False,False,False,False,True,True,True,1-circle,1.000000,5518.833213,-20727.363776,-1.657558,0.150736,100.000000,100.000000,0.000000,0.000000,2,4,4,0.0000,0.0000,0.0000,0.5000,"PursuitChaseOptimal",-0.002260
4401,B0100,aggressive,UNKNOWN,16149.442231,29044.194281,3355.805719,2696.094617,31658.001124,19399.705572,504.900283,30685.270055,25.954055,6400.238251,-19.700923,0.049075,False,False,False,False,True,True,True,1-circle,1.000000,5518.833213,-20727.363776,-1.657558,0.150736,100.000000,100.000000,0.000000,0.000000,2,4,4,0.0000,0.0000,0.0000,0.5000,"Accelerate",-0.001775
4402,A0100,pursuit_chase_v1,UNKNOWN,16153.792470,29040.396925,3359.603075,2700.411108,31673.531611,19400.938446,505.061716,30693.720822,169.015342,6399.490002,-19.904164,0.003625,False,False,False,False,True,True,True,1-circle,1.000000,5521.207996,-20446.564291,-0.122498,0.138641,100.000000,100.000000,0.000000,0.000000,2,4,4,0.0000,0.0000,0.0000,0.5000,"PursuitChaseOptimal",-0.000807
4402,B0100,aggressive,UNKNOWN,16153.792470,29040.396925,3359.603075,2700.411108,31673.531611,19400.938446,505.061716,30693.720822,169.015342,6399.490002,-19.904164,0.003625,False,False,False,False,True,True,True,1-circle,1.000000,5521.207996,-20446.564291,-0.122498,0.138641,100.000000,100.000000,0.000000,0.000000,2,4,4,0.0000,0.0000,0.0000,0.5000,"Accelerate",-0.002850
4403,A0100,pursuit_chase_v1,UNKNOWN,16153.792470,29040.396925,3359.603075,2700.411108,31673.531611,19400.938446,505.061716,30693.720822,169.015342,6399.490002,-19.904164,0.003625,False,False,False,False,True,True,True,1-circle,1.000000,5521.207996,-20446.564291,-0.122498,0.138641,100.000000,100.000000,0.000000,0.000000,2,4,4,0.0000,0.0000,0.0000,0.5000,"PursuitChaseOptimal",-0.003017
4403,B0100,aggressive,UNKNOWN,16153.792470,29040.396925,3359.603075,2700.411108,31673.531611,19400.938446,505.061716,30693.720822,169.015342,6399.490002,-19.904164,0.003625,False,False,False,False,True,True,True,1-circle,1.000000,5521.207996,-20446.564291,-0.122498,0.138641,100.000000,100.000000,0.000000,0.000000,2,4,4,0.0000,0.0000,0.0000,0.5000,"Accelerate",-0.000462
4404,A0100,pursuit_chase_v1,UNKNOWN,16158.153572,29049.889837,3350.110163,2695.022989,31697.926791,19402.158301,505.048455,30694.347636,12.536283,6382.514315,-20.197264,0.058245,False,False,False,False,True,True,True,1-circle,1.000000,5523.484739,-20774.157354,-1.967672,0.063143,100.000000,100.000000,0.000000,0.000000,2,4,4,0.0000,0.0000,0.0000,0.5000,"PursuitChaseOptimal",-0.015877
4404,B0100,aggressive,UNKNOWN,16158.153572,29049.889837,3350.110163,2695.022989,31697.926791,19402.158301,505.048455,30694.347636,12.536283,6382.514315,-20.197264,0.058245,False,False,False,False,True,True,True,1-circle,1.000000,5523.484739,-20774.157354,-1.967672,0.063143,100.000000,100.000000,0.000000,0.000000,2,4,4,0.0000,0.0000,0.0000,0.5000,"Accelerate",0.012139
4405,A0100,pursuit_chase_v1,UNKNOWN,16158.153572,29049.889837,3350.110163,2695.022989,31697.926791,19402.158301,505.048455,30694.347636,12.536283,6382.514315,-20.197264,0.058245,False,False,False,False,True,True,True,1-circle,1.000000,5523.484739,-20774.157354,-1.967672,0.063143,100.000000,100.000000,0.000000,0.000000,2,4,4,0.0000,0.0000,0.0000,0.5000,"PursuitChaseOptimal",-0.025282
4405,B0100,aggressive,UNKNOWN,16158.153572,29049.889837,3350.110163,2695.022989,31697.926791,19402.158301,505.048455,30694.347636,12.536283,6382.514315,-20.197264,0.058245,False,False,False,False,True,True,True,1-circle,1.000000,5523.484739,-20774.157354,-1.967672,0.063143,100.000000,100.000000,0.000000,0.000000,2,4,4,0.0000,0.0000,0.0000,0.5000,"Accelerate",0.021598
4406,A0100,pursuit_chase_v1,UNKNOWN,16162.548851,29045.721665,3354.278335,2700.626967,31713.645109,19403.371975,505.195623,30702.143241,155.912092,6389.630075,-20.332168,0.012294,False,False,False,False,True,True,True,1-circle,1.000000,5525.735008,-20490.243061,-0.415591,0.139642,100.000000,100.000000,0.000000,0.000000,2,4,4,0.0000,0.0000,0.0000,0.5000,"PursuitChaseOptimal",-0.027029
4406,B0100,aggressive,UNKNOWN,16162.548851,29045.721665,3354.278335,2700.626967,31713.645109,19403.371975,505.195623,30702.143241,155.912092,6389.630075,-20.332168,0.012294,False,False,False,False,True,True,True,1-circle,1.000000,5525.735008,-20490.243061,-0.415591,0.139642,100.000000,100.000000,0.000000,0.000000,2,4,4,0.0000,0.0000,0.0000,0.5000,"Accelerate",0.023791
4407,A0100,pursuit_chase_v1,UNKNOWN,16162.548851,29045.721665,3354.278335,2700.626967,31713.645109,19403.371975,505.195623,30702.143241,155.912092,6389.630075,-20.332168,0.012294,False,False,False,False,True,True,True,1-circle,1.000000,5525.735008,-20490.243061,-0.415591,0.139642,100.000000,100.000000,0.000000,0.000000,2,4,4,0.0000,0.0000,0.0000,0.5000,"PursuitChaseOptimal",-0.014545
4407,B0100,aggressive,UNKNOWN,16162.548851,29045.721665,3354.278335,2700.626967,31713.645109,19403.371975,505.195623,30702.143241,155.912092,6389.630075,-20.332168,0.012294,False,False,False,False,True,True,True,1-circle,1.000000,5525.735008,-20490.243061,-0.415591,0.139642,100.000000,100.000000,0.000000,0.000000,2,4,4,0.0000,0.0000,0.0000,0.5000,"Accelerate",0.011173
4408,A0100,pursuit_chase_v1,UNKNOWN,16166.999005,29054.705341,3345.294659,2695.630302,31738.299290,19404.571042,505.192026,30703.181423,20.763650,6382.204272,-20.470133,0.066556,False,False,False,False,True,True,True,1-circle,1.000000,5528.086005,-20815.758632,-2.248803,0.046781,100.000000,100.000000,0.000000,0.000000,2,4,4,0.0000,0.0000,0.0000,0.5000,"PursuitChaseOptimal",-0.006080
4408,B0100,aggressive,UNKNOWN,16166.999005,29054.705341,3345.294659,2695.630302,31738.299290,19404.571042,505.192026,30703.181423,20.763650,6382.204272,-20.470133,0.066556,False,False,False,False,True,True,True,1-circle,1.000000,5528.086005,-20815.758632,-2.248803,0.046781,100.000000,100.000000,0.000000,0.000000,2,4,4,0.0000,0.0000,0.0000,0.5000,"Accelerate",0.002039
4409,A0100,pursuit_chase_v1,UNKNOWN,16166.999005,29054.705341,3345.294659,2695.630302,31738.299290,19404.571042,505.192026,30703.181423,20.763650,6382.204272,-20.470133,0.066556,False,False,False,False,True,True,True,1-circle,1.000000,5528.086005,-20815.758632,-2.248803,0.046781,100.000000,100.000000,0.000000,0.000000,2,4,4,0.0000,0.0000,0.0000,0.5000,"PursuitChaseOptimal",-0.002231
4409,B0100,aggressive,UNKNOWN,16166.999005,29054.705341,3345.294659,2695.630302,31738.299290,19404.571042,505.192026,30703.181423,20.763650,6382.204272,-20.470133,0.066556,False,False,False,False,True,True,True,1-circle,1.000000,5528.086005,-20815.758632,-2.248803,0.046781,100.000000,100.000000,0.000000,0.000000,2,4,4,0.0000,0.0000,0.0000,0.5000,"Accelerate",-0.002227
4410,A0100,pursuit_chase_v1,UNKNOWN,16171.471653,29046.527113,3353.472887,2696.376153,31755.631899,19405.749160,505.378976,30712.723326,190.838060,6379.027893,-20.566061,0.013092,False,False,False,False,True,True,True,1-circle,1.000000,5530.431134,-20486.220240,-0.442732,0.060710,100.000000,100.000000,0.000000,0.000000,2,4,4,0.0000,0.0000,0.0000,0.5000,"PursuitChaseOptimal",-0.016208
4410,B0100,aggressive,UNKNOWN,16171.471653,29046.527113,3353.472887,2696.376153,31755.631899,19405.749160,505.378976,30712.723326,190.838060,6379.027893,-20.566061,0.013092,False,False,False,False,True,True,True,1-circle,1.000000,5530.431134,-20486.220240,-0.442732,0.060710,100.000000,100.000000,0.000000,0.000000,2,4,4,0.0000,0.0000,0.0000,0.5000,"Accelerate",0.012366
4411,A0100,pursuit_chase_v1,UNKNOWN,16171.471653,29046.527113,3353.472887,2696.376153,31755.631899,19405.749160,505.378976,30712.723326,190.838060,6379.027893,-20.566061,0.013092,False,False,False,False,True,True,True,1-circle,1.000000,5530.431134,-20486.220240,-0.442732,0.060710,100.000000,100.000000,0.000000,0.000000,2,4,4,0.0000,0.0000,0.0000,0.5000,"PursuitChaseOptimal",-0.024791
4411,B0100,aggressive,UNKNOWN,16171.471653,29046.527113,3353.472887,2696.376153,31755.631899,19405.749160,505.378976,30712.723326,190.838060,6379.027893,-20.566061,0.013092,False,False,False,False,True,True,True,1-circle,1.000000,5530.431134,-20486.220240,-0.442732,0.060710,100.000000,100.000000,0.000000,0.000000,2,4,4,0.0000,0.0000,0.0000,0.5000,"Accelerate",0.021660
4412,A0100,pursuit_chase_v1,UNKNOWN,16175.984783,29050.073256,3349.926744,2694.333791,31776.392770,19406.835713,505.423541,30715.804125,61.615979,6378.333408,-20.689610,0.010754,False,False,False,False,True,True,True,1-circle,1.000000,5532.847968,-20336.678067,0.363716,0.006393,100.000000,100.000000,0.000000,0.000000,2,4,4,0.0000,0.0000,0.0000,0.5000,"PursuitChaseOptimal",-0.029724
4412,B0100,aggressive,UNKNOWN,16175.984783,29050.073256,3349.926744,2694.333791,31776.392770,19406.835713,505.423541,30715.804125,61.615979,6378.333408,-20.689610,0.010754,False,False,False,False,True,True,True,1-circle,1.000000,5532.847968,-20336.678067,0.363716,0.006393,100.000000,100.000000,0.000000,0.000000,2,4,4,0.0000,0.0000,0.0000,0.5000,"Accelerate",0.026824
4413,A0100,pursuit_chase_v1,UNKNOWN,16175.984783,29050.073256,3349.926744,2694.333791,31776.392770,19406.835713,505.423541,30715.804125,61.615979,6378.333408,-20.689610,0.010754,False,False,False,False,True,True,True,1-circle,1.000000,5532.847968,-20336.678067,0.363716,0.006393,100.000000,100.000000,0.000000,0.000000,2,4,4,0.0000,0.0000,0.0000,0.5000,"PursuitChaseOptimal",-0.026313
4413,B0100,aggressive,UNKNOWN,16175.984783,29050.073256,3349.926744,2694.333791,31776.392770,19406.835713,505.423541,30715.804125,61.615979,6378.333408,-20.689610,0.010754,False,False,False,False,True,True,True,1-circle,1.000000,5532.847968,-20336.678067,0.363716,0.006393,100.000000,100.000000,0.000000,0.000000,2,4,4,0.0000,0.0000,0.0000,0.5000,"Accelerate",0.022998
4414,A0100,pursuit_chase_v1,UNKNOWN,16180.543179,29057.244791,3342.755209,2694.212224,31795.105677,19407.988827,505.521113,30721.324034,110.398172,6381.616209,-20.823543,0.020937,False,False,False,False,True,True,True,1-circle,1.000000,5535.316762,-20525.293247,-0.708189,0.322908,100.000000,100.000000,0.000000,0.000000,2,5,4,0.0000,0.0000,0.0000,0.5000,"PursuitChaseOptimal",-0.024120
4414,B0100,aggressive,UNKNOWN,16180.543179,29057.244791,3342.755209,2694.212224,31795.105677,19407.988827,505.521113,30721.324034,110.398172,6381.616209,-20.823543,0.020937,False,False,False,False,True,True,True,1-circle,1.000000,5535.316762,-20525.293247,-0.708189,0.322908,100.000000,100.000000,0.000000,0.000000,2,4,4,0.0000,0.0000,0.0000,0.5000,"Accelerate",0.020593
4415,A0100,pursuit_chase_v1,UNKNOWN,16180.543179,29057.244791,3342.755209,2694.212224,31795.105677,19407.988827,505.521113,30721.324034,110.398172,6381.616209,-20.823543,0.020937,False,False,False,False,True,True,True,1-circle,1.000000,5535.316762,-20525.293247,-0.708189,0.322908,100.000000,100.000000,0.000000,0.000000,2,5,4,0.0000,0.0000,0.0000,0.5000,"PursuitChaseOptimal",-0.006563
4415,B0100,aggressive,UNKNOWN,16180.543179,29057.244791,3342.755209,2694.212224,31795.105677,19407.988827,505.521113,30721.324034,110.398172,6381.616209,-20.823543,0.020937,False,False,False,False,True,True,True,1-circle,1.000000,5535.316762,-20525.293247,-0.708189,0.322908,100.000000,100.000000,0.000000,0.000000,2,4,4,0.0000,0.0000,0.0000,0.5000,"Accelerate",0.002959
4416,A0100,pursuit_chase_v1,UNKNOWN,16185.154824,29062.048727,3337.951273,2693.963105,31815.297234,19409.135492,505.607481,30726.336793,100.255193,6379.029978,-21.065903,0.001418,False,False,False,False,True,True,True,1-circle,1.000000,5537.883644,-20384.929572,0.047967,0.171167,100.000000,100.000000,0.000000,0.000000,2,5,4,0.0000,0.0000,0.0000,0.5000,"PursuitChaseOptimal",0.011601
4416,B0100,aggressive,UNKNOWN,16185.154824,29062.048727,3337.951273,2693.963105,31815.297234,19409.135492,505.607481,30726.336793,100.255193,6379.029978,-21.065903,0.001418,False,False,False,False,True,True,True,1-circle,1.000000,5537.883644,-20384.929572,0.047967,0.171167,100.000000,100.000000,0.000000,0.000000,2,4,4,0.0000,0.0000,0.0000,0.5000,"Accelerate",-0.015611
4417,A0100,pursuit_chase_v1,UNKNOWN,16185.154824,29062.048727,3337.951273,2693.963105,31815.297234,19409.135492,505.607481,30726.336793,100.255193,6379.029978,-21.065903,0.001418,False,False,False,False,True,True,True,1-circle,1.000000,5537.883644,-20384.929572,0.047967,0.171167,100.000000,100.000000,0.000000,0.000000,2,5,4,0.0000,0.0000,0.0000,0.5000,"PursuitChaseOptimal",0.027196
4417,B0100,aggressive,UNKNOWN,16185.154824,29062.048727,3337.951273,2693.963105,31815.297234,19409.135492,505.607481,30726.336793,100.255193,6379.029978,-21.065903,0.001418,False,False,False,False,True,True,True,1-circle,1.000000,5537.883644,-20384.929572,0.047967,0.171167,100.000000,100.000000,0.000000,0.000000,2,4,4,0.0000,0.0000,0.0000,0.5000,"Accelerate",-0.032127
4418,A0100,pursuit_chase_v1,UNKNOWN,16189.772794,29066.086125,3333.913875,2690.083620,31834.153355,19410.348951,505.667533,30730.238751,78.039162,6361.928753,-21.566500,0.031001,False,False,False,False,True,True,True,1-circle,1.000000,5540.232965,-20577.981967,-1.048859,0.175472,100.000000,100.000000,0.000000,0.000000,2,5,4,0.0000,0.0000,0.0000,0.5000,"PursuitChaseOptimal",0.040125
4418,B0100,aggressive,UNKNOWN,16189.772794,29066.086125,3333.913875,2690.083620,31834.153355,19410.348951,505.667533,30730.238751,78.039162,6361.928753,-21.566500,0.031001,False,False,False,False,True,True,True,1-circle,1.000000,5540.232965,-20577.981967,-1.048859,0.175472,100.000000,100.000000,0.000000,0.000000,2,4,4,0.0000,0.0000,0.0000,0.5000,"Accelerate",-0.045322
4419,A0100,pursuit_chase_v1,UNKNOWN,16189.772794,29066.086125,3333.913875,2690.083620,31834.153355,19410.348951,505.667533,30730.238751,78.039162,6361.928753,-21.566500,0.031001,False,False,False,False,True,True,True,1-circle,1.000000,5540.232965,-20577.981967,-1.048859,0.175472,100.000000,100.000000,0.000000,0.000000,2,5,4,0.0000,0.0000,0.0000,0.5000,"PursuitChaseOptimal",0.045754
4419,B0100,aggressive,UNKNOWN,16189.772794,29066.086125,3333.913875,2690.083620,31834.153355,19410.348951,505.667533,30730.238751,78.039162,6361.928753,-21.566500,0.031001,False,False,False,False,True,True,True,1-circle,1.000000,5540.232965,-20577.981967,-1.048859,0.175472,100.000000,100.000000,0.000000,0.000000,2,4,4,0.0000,0.0000,0.0000,0.5000,"Accelerate",-0.050469
4420,A0100,pursuit_chase_v1,UNKNOWN,16194.371228,29066.665272,3333.334728,2686.468305,31853.280740,19411.508826,505.756308,30735.373590,102.696771,6344.158898,-22.412790,0.008581,False,False,False,False,True,True,True,1-circle,1.000000,5542.202217,-20436.847346,-0.290392,-0.016472,100.000000,100.000000,0.000000,0.000000,2,5,4,0.0000,0.0000,0.0000,0.5000,"PursuitChaseOptimal",0.040067
4420,B0100,aggressive,UNKNOWN,16194.371228,29066.665272,3333.334728,2686.468305,31853.280740,19411.508826,505.756308,30735.373590,102.696771,6344.158898,-22.412790,0.008581,False,False,False,False,True,True,True,1-circle,1.000000,5542.202217,-20436.847346,-0.290392,-0.016472,100.000000,100.000000,0.000000,0.000000,2,4,4,0.0000,0.0000,0.0000,0.5000,"Accelerate",-0.044315
4421,A0100,pursuit_chase_v1,UNKNOWN,16194.371228,29066.665272,3333.334728,2686.468305,31853.280740,19411.508826,505.756308,30735.373590,102.696771,6344.158898,-22.412790,0.008581,False,False,False,False,True,True,True,1-circle,1.000000,5542.202217,-20436.847346,-0.290392,-0.016472,100.000000,100.000000,0.000000,0.000000,2,5,4,0.0000,0.0000,0.0000,0.5000,"PursuitChaseOptimal",0.034024
4421,B0100,aggressive,UNKNOWN,16194.371228,29066.665272,3333.334728,2686.468305,31853.280740,19411.508826,505.756308,30735.373590,102.696771,6344.158898,-22.412790,0.008581,False,False,False,False,True,True,True,1-circle,1.000000,5542.202217,-20436.847346,-0.290392,-0.016472,100.000000,100.000000,0.000000,0.000000,2,4,4,0.0000,0.0000,0.0000,0.5000,"Accelerate",-0.038464
4422,A0100,pursuit_chase_v1,UNKNOWN,16198.925898,29070.413599,3329.586401,2685.471082,31873.633942,19412.704411,505.803216,30738.669829,65.924780,6315.550288,-23.122766,0.040166,False,False,False,False,True,True,True,1-circle,1.000000,5543.607515,-20624.280116,-1.359225,0.151772,100.000000,100.000000,0.000000,0.000000,2,5,4,0.0000,0.0000,0.0000,0.5000,"PursuitChaseOptimal",0.025394
4422,B0100,aggressive,UNKNOWN,16198.925898,29070.413599,3329.586401,2685.471082,31873.633942,19412.704411,505.803216,30738.669829,65.924780,6315.550288,-23.122766,0.040166,False,False,False,False,True,True,True,1-circle,1.000000,5543.607515,-20624.280116,-1.359225,0.151772,100.000000,100.000000,0.000000,0.000000,2,4,4,0.0000,0.0000,0.0000,0.5000,"Accelerate",-0.029693
4423,A0100,pursuit_chase_v1,UNKNOWN,16198.925898,29070.413599,3329.586401,2685.471082,31873.633942,19412.704411,505.803216,30738.669829,65.924780,6315.550288,-23.122766,0.040166,False,False,False,False,True,True,True,1-circle,1.000000,5543.607515,-20624.280116,-1.359225,0.151772,100.000000,100.000000,0.000000,0.000000,2,5,4,0.0000,0.0000,0.0000,0.5000,"PursuitChaseOptimal",0.013959
4423,B0100,aggressive,UNKNOWN,16198.925898,29070.413599,3329.586401,2685.471082,31873.633942,19412.704411,505.803216,30738.669829,65.924780,6315.550288,-23.122766,0.040166,False,False,False,False,True,True,True,1-circle,1.000000,5543.607515,-20624.280116,-1.359225,0.151772,100.000000,100.000000,0.000000,0.000000,2,4,4,0.0000,0.0000,0.0000,0.5000,"Accelerate",-0.017603
4424,A0100,pursuit_chase_v1,UNKNOWN,16203.455318,29071.651452,3328.348548,2680.883838,31892.960196,19413.846295,505.880278,30743.263117,91.865760,6294.577927,-23.494236,0.017676,False,False,False,False,True,True,True,1-circle,1.000000,5544.660025,-20482.148463,-0.598342,0.019788,100.000000,100.000000,0.000000,0.000000,2,5,4,0.0000,0.0000,0.0000,0.5000,"PursuitChaseOptimal",0.000107
4424,B0100,aggressive,UNKNOWN,16203.455318,29071.651452,3328.348548,2680.883838,31892.960196,19413.846295,505.880278,30743.263117,91.865760,6294.577927,-23.494236,0.017676,False,False,False,False,True,True,True,1-circle,1.000000,5544.660025,-20482.148463,-0.598342,0.019788,100.000000,100.000000,0.000000,0.000000,2,4,4,0.0000,0.0000,0.0000,0.5000,"Accelerate",-0.003458
4425,A0100,pursuit_chase_v1,UNKNOWN,16203.455318,29071.651452,3328.348548,2680.883838,31892.960196,19413.846295,505.880278,30743.263117,91.865760,6294.577927,-23.494236,0.017676,False,False,False,False,True,True,True,1-circle,1.000000,5544.660025,-20482.148463,-0.598342,0.019788,100.000000,100.000000,0.000000,0.000000,2,5,4,0.0000,0.0000,0.0000,0.5000,"PursuitChaseOptimal",-0.007554
4425,B0100,aggressive,UNKNOWN,16203.455318,29071.651452,3328.348548,2680.883838,31892.960196,19413.846295,505.880278,30743.263117,91.865760,6294.577927,-23.494236,0.017676,False,False,False,False,True,True,True,1-circle,1.000000,5544.660025,-20482.148463,-0.598342,0.019788,100.000000,100.000000,0.000000,0.000000,2,4,4,0.0000,0.0000,0.0000,0.5000,"Accelerate",0.003770
4426,A0100,pursuit_chase_v1,UNKNOWN,16207.939098,29074.244565,3325.755435,2648.034042,31913.448959,19415.022994,505.928119,30746.582756,66.392784,6281.210353,-22.977302,0.048946,False,False,False,False,True,True,True,1-circle,1.000000,5545.569321,-20667.435636,-1.656626,0.093236,100.000000,100.000000,0.000000,0.000000,2,5,4,0.0000,0.0000,0.0000,0.5000,"PursuitChaseOptimal",-0.024631
4426,B0100,aggressive,UNKNOWN,16207.939098,29074.244565,3325.755435,2648.034042,31913.448959,19415.022994,505.928119,30746.582756,66.392784,6281.210353,-22.977302,0.048946,False,False,False,False,True,True,True,1-circle,1.000000,5545.569321,-20667.435636,-1.656626,0.093236,100.000000,100.000000,0.000000,0.000000,2,4,4,0.0000,0.0000,0.0000,0.5000,"Accelerate",0.020983
4427,A0100,pursuit_chase_v1,UNKNOWN,16207.939098,29074.244565,3325.755435,2648.034042,31913.448959,19415.022994,505.928119,30746.582756,66.392784,6281.210353,-22.977302,0.048946,False,False,False,False,True,True,True,1-circle,1.000000,5545.569321,-20667.435636,-1.656626,0.093236,100.000000,100.000000,0.000000,0.000000,2,5,4,0.0000,0.0000,0.0000,0.5000,"PursuitChaseOptimal",-0.029362
4427,B0100,aggressive,UNKNOWN,16207.939098,29074.244565,3325.755435,2648.034042,31913.448959,19415.022994,505.928119,30746.582756,66.392784,6281.210353,-22.977302,0.048946,False,False,False,False,True,True,True,1-circle,1.000000,5545.569321,-20667.435636,-1.656626,0.093236,100.000000,100.000000,0.000000,0.000000,2,4,4,0.0000,0.0000,0.0000,0.5000,"Accelerate",0.026212
4428,A0100,pursuit_chase_v1,UNKNOWN,16212.352146,29073.731394,3326.268606,2576.230031,31932.501759,19416.130668,506.011360,30751.419513,96.735146,6280.824165,-21.280631,0.026101,False,False,False,False,True,True,True,1-circle,1.000000,5546.881130,-20523.507492,-0.883716,-0.075196,100.000000,100.000000,0.000000,0.000000,2,5,4,0.0000,0.0000,0.0000,0.5000,"PursuitChaseOptimal",-0.028580
4428,B0100,aggressive,UNKNOWN,16212.352146,29073.731394,3326.268606,2576.230031,31932.501759,19416.130668,506.011360,30751.419513,96.735146,6280.824165,-21.280631,0.026101,False,False,False,False,True,True,True,1-circle,1.000000,5546.881130,-20523.507492,-0.883716,-0.075196,100.000000,100.000000,0.000000,0.000000,2,4,4,0.0000,0.0000,0.0000,0.5000,"Accelerate",0.025588
4429,A0100,pursuit_chase_v1,UNKNOWN,16212.352146,29073.731394,3326.268606,2576.230031,31932.501759,19416.130668,506.011360,30751.419513,96.735146,6280.824165,-21.280631,0.026101,False,False,False,False,True,True,True,1-circle,1.000000,5546.881130,-20523.507492,-0.883716,-0.075196,100.000000,100.000000,0.000000,0.000000,2,5,4,0.0000,0.0000,0.0000,0.5000,"PursuitChaseOptimal",-0.028634
4429,B0100,aggressive,UNKNOWN,16212.352146,29073.731394,3326.268606,2576.230031,31932.501759,19416.130668,506.011360,30751.419513,96.735146,6280.824165,-21.280631,0.026101,False,False,False,False,True,True,True,1-circle,1.000000,5546.881130,-20523.507492,-0.883716,-0.075196,100.000000,100.000000,0.000000,0.000000,2,4,4,0.0000,0.0000,0.0000,0.5000,"Accelerate",0.025177
4430,A0100,pursuit_chase_v1,UNKNOWN,16216.638257,29075.676408,3324.323592,2476.754677,31952.247513,19417.264811,506.056305,30754.567411,62.957953,6293.399738,-19.265514,0.057101,False,False,False,False,True,True,True,1-circle,1.000000,5548.822170,-20708.199822,-1.932928,0.085015,100.000000,100.000000,0.000000,0.000000,2,4,4,0.0000,0.0000,0.0000,0.5000,"PursuitChaseOptimal",-0.025913
4430,B0100,aggressive,UNKNOWN,16216.638257,29075.676408,3324.323592,2476.754677,31952.247513,19417.264811,506.056305,30754.567411,62.957953,6293.399738,-19.265514,0.057101,False,False,False,False,True,True,True,1-circle,1.000000,5548.822170,-20708.199822,-1.932928,0.085015,100.000000,100.000000,0.000000,0.000000,2,4,4,0.0000,0.0000,0.0000,0.5000,"Accelerate",0.022036
4431,A0100,pursuit_chase_v1,UNKNOWN,16216.638257,29075.676408,3324.323592,2476.754677,31952.247513,19417.264811,506.056305,30754.567411,62.957953,6293.399738,-19.265514,0.057101,False,False,False,False,True,True,True,1-circle,1.000000,5548.822170,-20708.199822,-1.932928,0.085015,100.000000,100.000000,0.000000,0.000000,2,4,4,0.0000,0.0000,0.0000,0.5000,"PursuitChaseOptimal",-0.030260
4431,B0100,aggressive,UNKNOWN,16216.638257,29075.676408,3324.323592,2476.754677,31952.247513,19417.264811,506.056305,30754.567411,62.957953,6293.399738,-19.265514,0.057101,False,False,False,False,True,True,True,1-circle,1.000000,5548.822170,-20708.199822,-1.932928,0.085015,100.000000,100.000000,0.000000,0.000000,2,4,4,0.0000,0.0000,0.0000,0.5000,"Accelerate",0.026806
4432,A0100,pursuit_chase_v1,UNKNOWN,16220.846016,29066.993435,3333.006565,2372.118821,31968.544041,19418.303544,506.231307,30763.448718,177.626146,6327.459290,-17.280960,0.024767,False,False,False,False,True,True,True,1-circle,1.000000,5551.587667,-20205.881754,0.838933,-0.047377,100.000000,100.000000,0.000000,0.000000,2,4,4,0.0000,0.0000,0.0000,0.5000,"PursuitChaseOptimal",-0.032347
4432,B0100,aggressive,UNKNOWN,16220.846016,29066.993435,3333.006565,2372.118821,31968.544041,19418.303544,506.231307,30763.448718,177.626146,6327.459290,-17.280960,0.024767,False,False,False,False,True,True,True,1-circle,1.000000,5551.587667,-20205.881754,0.838933,-0.047377,100.000000,100.000000,0.000000,0.000000,2,4,4,0.0000,0.0000,0.0000,0.5000,"Accelerate",0.029489
4433,A0100,pursuit_chase_v1,UNKNOWN,16220.846016,29066.993435,3333.006565,2372.118821,31968.544041,19418.303544,506.231307,30763.448718,177.626146,6327.459290,-17.280960,0.024767,False,False,False,False,True,True,True,1-circle,1.000000,5551.587667,-20205.881754,0.838933,-0.047377,100.000000,100.000000,0.000000,0.000000,2,4,4,0.0000,0.0000,0.0000,0.5000,"PursuitChaseOptimal",-0.033287
4433,B0100,aggressive,UNKNOWN,16220.846016,29066.993435,3333.006565,2372.118821,31968.544041,19418.303544,506.231307,30763.448718,177.626146,6327.459290,-17.280960,0.024767,False,False,False,False,True,True,True,1-circle,1.000000,5551.587667,-20205.881754,0.838933,-0.047377,100.000000,100.000000,0.000000,0.000000,2,4,4,0.0000,0.0000,0.0000,0.5000,"Accelerate",0.030560
4434,A0100,pursuit_chase_v1,UNKNOWN,16224.972165,29077.011195,3322.988805,2277.121022,31989.177661,19419.350274,506.225000,30764.212758,15.280800,6346.062262,-15.744336,0.033246,False,False,False,False,True,True,True,1-circle,1.000000,5555.061279,-20556.902715,-1.126067,0.143897,100.000000,100.000000,0.000000,0.000000,2,4,4,0.0000,0.0000,0.0000,0.5000,"PursuitChaseOptimal",-0.024963
4434,B0100,aggressive,UNKNOWN,16224.972165,29077.011195,3322.988805,2277.121022,31989.177661,19419.350274,506.225000,30764.212758,15.280800,6346.062262,-15.744336,0.033246,False,False,False,False,True,True,True,1-circle,1.000000,5555.061279,-20556.902715,-1.126067,0.143897,100.000000,100.000000,0.000000,0.000000,2,4,4,0.0000,0.0000,0.0000,0.5000,"Accelerate",0.021661
4435,A0100,pursuit_chase_v1,UNKNOWN,16224.972165,29077.011195,3322.988805,2277.121022,31989.177661,19419.350274,506.225000,30764.212758,15.280800,6346.062262,-15.744336,0.033246,False,False,False,False,True,True,True,1-circle,1.000000,5555.061279,-20556.902715,-1.126067,0.143897,100.000000,100.000000,0.000000,0.000000,2,4,4,0.0000,0.0000,0.0000,0.5000,"PursuitChaseOptimal",-0.015962
4435,B0100,aggressive,UNKNOWN,16224.972165,29077.011195,3322.988805,2277.121022,31989.177661,19419.350274,506.225000,30764.212758,15.280800,6346.062262,-15.744336,0.033246,False,False,False,False,True,True,True,1-circle,1.000000,5555.061279,-20556.902715,-1.126067,0.143897,100.000000,100.000000,0.000000,0.000000,2,4,4,0.0000,0.0000,0.0000,0.5000,"Accelerate",0.012244
4436,A0100,pursuit_chase_v1,UNKNOWN,16229.062297,29075.350102,3324.649898,2229.978698,32001.438622,19420.439559,506.367080,30771.671189,149.168609,6367.649669,-15.041658,0.014471,False,False,False,False,True,True,True,1-circle,1.000000,5559.017210,-20263.754097,0.490344,0.273038,100.000000,100.000000,0.000000,0.000000,2,4,4,0.0000,0.0000,0.0000,0.5000,"PursuitChaseOptimal",-0.005852
4436,B0100,aggressive,UNKNOWN,16229.062297,29075.350102,3324.649898,2229.978698,32001.438622,19420.439559,506.367080,30771.671189,149.168609,6367.649669,-15.041658,0.014471,False,False,False,False,True,True,True,1-circle,1.000000,5559.017210,-20263.754097,0.490344,0.273038,100.000000,100.000000,0.000000,0.000000,2,4,4,0.0000,0.0000,0.0000,0.5000,"Accelerate",0.002268
4437,A0100,pursuit_chase_v1,UNKNOWN,16229.062297,29075.350102,3324.649898,2229.978698,32001.438622,19420.439559,506.367080,30771.671189,149.168609,6367.649669,-15.041658,0.014471,False,False,False,False,True,True,True,1-circle,1.000000,5559.017210,-20263.754097,0.490344,0.273038,100.000000,100.000000,0.000000,0.000000,2,4,4,0.0000,0.0000,0.0000,0.5000,"PursuitChaseOptimal",0.006733
4437,B0100,aggressive,UNKNOWN,16229.062297,29075.350102,3324.649898,2229.978698,32001.438622,19420.439559,506.367080,30771.671189,149.168609,6367.649669,-15.041658,0.014471,False,False,False,False,True,True,True,1-circle,1.000000,5559.017210,-20263.754097,0.490344,0.273038,100.000000,100.000000,0.000000,0.000000,2,4,4,0.0000,0.0000,0.0000,0.5000,"Accelerate",-0.010588
4438,A0100,pursuit_chase_v1,UNKNOWN,16233.156759,29084.512020,3315.487980,2202.675580,32021.892403,19421.562103,506.364051,30772.657916,19.734552,6373.046718,-15.243890,0.042869,False,False,False,False,True,True,True,1-circle,1.000000,5563.101290,-20611.395537,-1.452273,0.117256,100.000000,100.000000,0.000000,0.000000,2,4,4,0.0000,0.0000,0.0000,0.5000,"PursuitChaseOptimal",0.016403
4438,B0100,aggressive,UNKNOWN,16233.156759,29084.512020,3315.487980,2202.675580,32021.892403,19421.562103,506.364051,30772.657916,19.734552,6373.046718,-15.243890,0.042869,False,False,False,False,True,True,True,1-circle,1.000000,5563.101290,-20611.395537,-1.452273,0.117256,100.000000,100.000000,0.000000,0.000000,2,4,4,0.0000,0.0000,0.0000,0.5000,"Accelerate",-0.021091
4439,A0100,pursuit_chase_v1,UNKNOWN,16233.156759,29084.512020,3315.487980,2202.675580,32021.892403,19421.562103,506.364051,30772.657916,19.734552,6373.046718,-15.243890,0.042869,False,False,False,False,True,True,True,1-circle,1.000000,5563.101290,-20611.395537,-1.452273,0.117256,100.000000,100.000000,0.000000,0.000000,2,4,4,0.0000,0.0000,0.0000,0.5000,"PursuitChaseOptimal",0.022161
4439,B0100,aggressive,UNKNOWN,16233.156759,29084.512020,3315.487980,2202.675580,32021.892403,19421.562103,506.364051,30772.657916,19.734552,6373.046718,-15.243890,0.042869,False,False,False,False,True,True,True,1-circle,1.000000,5563.101290,-20611.395537,-1.452273,0.117256,100.000000,100.000000,0.000000,0.000000,2,4,4,0.0000,0.0000,0.0000,0.5000,"Accelerate",-0.027054
4440,A0100,pursuit_chase_v1,UNKNOWN,16237.278771,29077.736800,3322.263200,2199.426321,32033.809869,19422.694617,506.519464,30780.759249,162.026652,6394.757658,-15.992749,0.004299,False,False,False,False,True,True,True,1-circle,1.000000,5567.010544,-20321.632968,0.145723,0.058583,100.000000,100.000000,0.000000,0.000000,2,4,4,0.0000,0.0000,0.0000,0.5000,"PursuitChaseOptimal",0.015360
4440,B0100,aggressive,UNKNOWN,16237.278771,29077.736800,3322.263200,2199.426321,32033.809869,19422.694617,506.519464,30780.759249,162.026652,6394.757658,-15.992749,0.004299,False,False,False,False,True,True,True,1-circle,1.000000,5567.010544,-20321.632968,0.145723,0.058583,100.000000,100.000000,0.000000,0.000000,2,4,4,0.0000,0.0000,0.0000,0.5000,"Accelerate",-0.019628
4441,A0100,pursuit_chase_v1,UNKNOWN,16237.278771,29077.736800,3322.263200,2199.426321,32033.809869,19422.694617,506.519464,30780.759249,162.026652,6394.757658,-15.992749,0.004299,False,False,False,False,True,True,True,1-circle,1.000000,5567.010544,-20321.632968,0.145723,0.058583,100.000000,100.000000,0.000000,0.000000,2,4,4,0.0000,0.0000,0.0000,0.5000,"PursuitChaseOptimal",0.008848
4441,B0100,aggressive,UNKNOWN,16237.278771,29077.736800,3322.263200,2199.426321,32033.809869,19422.694617,506.519464,30780.759249,162.026652,6394.757658,-15.992749,0.004299,False,False,False,False,True,True,True,1-circle,1.000000,5567.010544,-20321.632968,0.145723,0.058583,100.000000,100.000000,0.000000,0.000000,2,4,4,0.0000,0.0000,0.0000,0.5000,"Accelerate",-0.012790
4442,A0100,pursuit_chase_v1,UNKNOWN,16241.463733,29083.703030,3316.296970,2186.029618,32054.476705,19423.813966,506.488932,30780.509340,-4.998173,6406.273821,-16.704538,0.050993,False,False,False,False,True,True,True,1-circle,1.000000,5570.681299,-20656.586141,-1.727775,-0.003661,100.000000,100.000000,0.000000,0.000000,2,4,4,0.0000,0.0000,0.0000,0.5000,"PursuitChaseOptimal",-0.002897
4442,B0100,aggressive,UNKNOWN,16241.463733,29083.703030,3316.296970,2186.029618,32054.476705,19423.813966,506.488932,30780.509340,-4.998173,6406.273821,-16.704538,0.050993,False,False,False,False,True,True,True,1-circle,1.000000,5570.681299,-20656.586141,-1.727775,-0.003661,100.000000,100.000000,0.000000,0.000000,2,4,4,0.0000,0.0000,0.0000,0.5000,"Accelerate",-0.001260
4443,A0100,pursuit_chase_v1,UNKNOWN,16241.463733,29083.703030,3316.296970,2186.029618,32054.476705,19423.813966,506.488932,30780.509340,-4.998173,6406.273821,-16.704538,0.050993,False,False,False,False,True,True,True,1-circle,1.000000,5570.681299,-20656.586141,-1.727775,-0.003661,100.000000,100.000000,0.000000,0.000000,2,4,4,0.0000,0.0000,0.0000,0.5000,"PursuitChaseOptimal",-0.007341
4443,B0100,aggressive,UNKNOWN,16241.463733,29083.703030,3316.296970,2186.029618,32054.476705,19423.813966,506.488932,30780.509340,-4.998173,6406.273821,-16.704538,0.050993,False,False,False,False,True,True,True,1-circle,1.000000,5570.681299,-20656.586141,-1.727775,-0.003661,100.000000,100.000000,0.000000,0.000000,2,4,4,0.0000,0.0000,0.0000,0.5000,"Accelerate",0.003166
4444,A0100,pursuit_chase_v1,UNKNOWN,16245.686438,29077.170928,3322.829072,2182.153679,32066.430673,19424.930734,506.620906,30787.545214,140.717466,6419.171737,-16.862706,0.005010,False,False,False,False,True,True,True,1-circle,1.000000,5574.246301,-20373.831664,-0.169863,0.099265,100.000000,100.000000,0.000000,0.000000,2,4,4,0.0000,0.0000,0.0000,0.5000,"PursuitChaseOptimal",-0.016147
4444,B0100,aggressive,UNKNOWN,16245.686438,29077.170928,3322.829072,2182.153679,32066.430673,19424.930734,506.620906,30787.545214,140.717466,6419.171737,-16.862706,0.005010,False,False,False,False,True,True,True,1-circle,1.000000,5574.246301,-20373.831664,-0.169863,0.099265,100.000000,100.000000,0.000000,0.000000,2,4,4,0.0000,0.0000,0.0000,0.5000,"Accelerate",0.012621
4445,A0100,pursuit_chase_v1,UNKNOWN,16245.686438,29077.170928,3322.829072,2182.153679,32066.430673,19424.930734,506.620906,30787.545214,140.717466,6419.171737,-16.862706,0.005010,False,False,False,False,True,True,True,1-circle,1.000000,5574.246301,-20373.831664,-0.169863,0.099265,100.000000,100.000000,0.000000,0.000000,2,4,4,0.0000,0.0000,0.0000,0.5000,"PursuitChaseOptimal",-0.023957
4445,B0100,aggressive,UNKNOWN,16245.686438,29077.170928,3322.829072,2182.153679,32066.430673,19424.930734,506.620906,30787.545214,140.717466,6419.171737,-16.862706,0.005010,False,False,False,False,True,True,True,1-circle,1.000000,5574.246301,-20373.831664,-0.169863,0.099265,100.000000,100.000000,0.000000,0.000000,2,4,4,0.0000,0.0000,0.0000,0.5000,"Accelerate",0.020721
4446,A0100,pursuit_chase_v1,UNKNOWN,16249.938287,29083.093395,3316.906605,2166.173520,32087.326328,19426.038121,506.607496,30788.051123,10.118177,6420.317083,-16.776841,0.059908,False,False,False,False,True,True,True,1-circle,1.000000,5577.873227,-20706.414741,-2.030126,-0.000331,100.000000,100.000000,0.000000,0.000000,2,4,4,0.0000,0.0000,0.0000,0.5000,"PursuitChaseOptimal",-0.025730
4446,B0100,aggressive,UNKNOWN,16249.938287,29083.093395,3316.906605,2166.173520,32087.326328,19426.038121,506.607496,30788.051123,10.118177,6420.317083,-16.776841,0.059908,False,False,False,False,True,True,True,1-circle,1.000000,5577.873227,-20706.414741,-2.030126,-0.000331,100.000000,100.000000,0.000000,0.000000,2,4,4,0.0000,0.0000,0.0000,0.5000,"Accelerate",0.021989
4447,A0100,pursuit_chase_v1,UNKNOWN,16249.938287,29083.093395,3316.906605,2166.173520,32087.326328,19426.038121,506.607496,30788.051123,10.118177,6420.317083,-16.776841,0.059908,False,False,False,False,True,True,True,1-circle,1.000000,5577.873227,-20706.414741,-2.030126,-0.000331,100.000000,100.000000,0.000000,0.000000,2,4,4,0.0000,0.0000,0.0000,0.5000,"PursuitChaseOptimal",-0.019733
4447,B0100,aggressive,UNKNOWN,16249.938287,29083.093395,3316.906605,2166.173520,32087.326328,19426.038121,506.607496,30788.051123,10.118177,6420.317083,-16.776841,0.059908,False,False,False,False,True,True,True,1-circle,1.000000,5577.873227,-20706.414741,-2.030126,-0.000331,100.000000,100.000000,0.000000,0.000000,2,4,4,0.0000,0.0000,0.0000,0.5000,"Accelerate",0.015750
4448,A0100,pursuit_chase_v1,UNKNOWN,16254.219879,29074.764427,3325.235573,2165.313066,32099.272587,19427.132272,506.746713,30795.390747,146.792485,6435.321003,-16.669886,0.013588,False,False,False,False,True,True,True,1-circle,1.000000,5581.670260,-20421.803949,-0.460766,-0.002438,100.000000,100.000000,0.000000,0.000000,2,4,4,0.0000,0.0000,0.0000,0.5000,"PursuitChaseOptimal",-0.007033
4448,B0100,aggressive,UNKNOWN,16254.219879,29074.764427,3325.235573,2165.313066,32099.272587,19427.132272,506.746713,30795.390747,146.792485,6435.321003,-16.669886,0.013588,False,False,False,False,True,True,True,1-circle,1.000000,5581.670260,-20421.803949,-0.460766,-0.002438,100.000000,100.000000,0.000000,0.000000,2,4,4,0.0000,0.0000,0.0000,0.5000,"Accelerate",0.003115
4449,A0100,pursuit_chase_v1,UNKNOWN,16254.219879,29074.764427,3325.235573,2165.313066,32099.272587,19427.132272,506.746713,30795.390747,146.792485,6435.321003,-16.669886,0.013588,False,False,False,False,True,True,True,1-circle,1.000000,5581.670260,-20421.803949,-0.460766,-0.002438,100.000000,100.000000,0.000000,0.000000,2,4,4,0.0000,0.0000,0.0000,0.5000,"PursuitChaseOptimal",0.007945
4449,B0100,aggressive,UNKNOWN,16254.219879,29074.764427,3325.235573,2165.313066,32099.272587,19427.132272,506.746713,30795.390747,146.792485,6435.321003,-16.669886,0.013588,False,False,False,False,True,True,True,1-circle,1.000000,5581.670260,-20421.803949,-0.460766,-0.002438,100.000000,100.000000,0.000000,0.000000,2,4,4,0.0000,0.0000,0.0000,0.5000,"Accelerate",-0.012137
4450,A0100,pursuit_chase_v1,UNKNOWN,16258.559098,29079.407431,3320.592569,2157.376010,32120.279396,19428.201842,506.718922,30795.213408,-3.546769,6444.402950,-17.225725,0.068224,False,False,False,False,True,True,True,1-circle,1.000000,5585.517803,-20752.967760,-2.312147,-0.061087,100.000000,100.000000,0.000000,0.000000,2,4,4,0.0000,0.0000,0.0000,0.5000,"PursuitChaseOptimal",0.032803
4450,B0100,aggressive,UNKNOWN,16258.559098,29079.407431,3320.592569,2157.376010,32120.279396,19428.201842,506.718922,30795.213408,-3.546769,6444.402950,-17.225725,0.068224,False,False,False,False,True,True,True,1-circle,1.000000,5585.517803,-20752.967760,-2.312147,-0.061087,100.000000,100.000000,0.000000,0.000000,2,4,4,0.0000,0.0000,0.0000,0.5000,"Accelerate",-0.038110
4451,A0100,pursuit_chase_v1,UNKNOWN,16258.559098,29079.407431,3320.592569,2157.376010,32120.279396,19428.201842,506.718922,30795.213408,-3.546769,6444.402950,-17.225725,0.068224,False,False,False,False,True,True,True,1-circle,1.000000,5585.517803,-20752.967760,-2.312147,-0.061087,100.000000,100.000000,0.000000,0.000000,2,4,4,0.0000,0.0000,0.0000,0.5000,"PursuitChaseOptimal",0.046835
4451,B0100,aggressive,UNKNOWN,16258.559098,29079.407431,3320.592569,2157.376010,32120.279396,19428.201842,506.718922,30795.213408,-3.546769,6444.402950,-17.225725,0.068224,False,False,False,False,True,True,True,1-circle,1.000000,5585.517803,-20752.967760,-2.312147,-0.061087,100.000000,100.000000,0.000000,0.000000,2,4,4,0.0000,0.0000,0.0000,0.5000,"Accelerate",-0.052684
4452,A0100,pursuit_chase_v1,UNKNOWN,16262.933712,29069.012621,3330.987379,2152.425395,32133.861908,19429.253815,506.886690,30803.793582,171.603475,6457.383439,-18.125627,0.014342,False,False,False,False,True,True,True,1-circle,1.000000,5589.078733,-20422.075272,-0.486469,0.029258,100.000000,100.000000,0.000000,0.000000,2,4,4,0.0000,0.0000,0.0000,0.5000,"PursuitChaseOptimal",0.034599
4452,B0100,aggressive,UNKNOWN,16262.933712,29069.012621,3330.987379,2152.425395,32133.861908,19429.253815,506.886690,30803.793582,171.603475,6457.383439,-18.125627,0.014342,False,False,False,False,True,True,True,1-circle,1.000000,5589.078733,-20422.075272,-0.486469,0.029258,100.000000,100.000000,0.000000,0.000000,2,4,4,0.0000,0.0000,0.0000,0.5000,"Accelerate",-0.039678
4453,A0100,pursuit_chase_v1,UNKNOWN,16262.933712,29069.012621,3330.987379,2152.425395,32133.861908,19429.253815,506.886690,30803.793582,171.603475,6457.383439,-18.125627,0.014342,False,False,False,False,True,True,True,1-circle,1.000000,5589.078733,-20422.075272,-0.486469,0.029258,100.000000,100.000000,0.000000,0.000000,2,4,4,0.0000,0.0000,0.0000,0.5000,"PursuitChaseOptimal",0.022544
4453,B0100,aggressive,UNKNOWN,16262.933712,29069.012621,3330.987379,2152.425395,32133.861908,19429.253815,506.886690,30803.793582,171.603475,6457.383439,-18.125627,0.014342,False,False,False,False,True,True,True,1-circle,1.000000,5589.078733,-20422.075272,-0.486469,0.029258,100.000000,100.000000,0.000000,0.000000,2,4,4,0.0000,0.0000,0.0000,0.5000,"Accelerate",-0.026751
4454,A0100,pursuit_chase_v1,UNKNOWN,16267.371446,29070.494829,3329.505171,2146.337317,32150.993783,19430.223019,506.921450,30806.322860,50.585558,6478.188743,-19.270303,0.009048,False,False,False,False,True,True,True,1-circle,1.000000,5592.272017,-20276.746644,0.306940,-0.044146,100.000000,100.000000,0.000000,0.000000,2,4,4,0.0000,0.0000,0.0000,0.5000,"PursuitChaseOptimal",0.018704
4454,B0100,aggressive,UNKNOWN,16267.371446,29070.494829,3329.505171,2146.337317,32150.993783,19430.223019,506.921450,30806.322860,50.585558,6478.188743,-19.270303,0.009048,False,False,False,False,True,True,True,1-circle,1.000000,5592.272017,-20276.746644,0.306940,-0.044146,100.000000,100.000000,0.000000,0.000000,2,4,4,0.0000,0.0000,0.0000,0.5000,"Accelerate",-0.022697
4455,A0100,pursuit_chase_v1,UNKNOWN,16267.371446,29070.494829,3329.505171,2146.337317,32150.993783,19430.223019,506.921450,30806.322860,50.585558,6478.188743,-19.270303,0.009048,False,False,False,False,True,True,True,1-circle,1.000000,5592.272017,-20276.746644,0.306940,-0.044146,100.000000,100.000000,0.000000,0.000000,2,4,4,0.0000,0.0000,0.0000,0.5000,"PursuitChaseOptimal",0.009754
4455,B0100,aggressive,UNKNOWN,16267.371446,29070.494829,3329.505171,2146.337317,32150.993783,19430.223019,506.921450,30806.322860,50.585558,6478.188743,-19.270303,0.009048,False,False,False,False,True,True,True,1-circle,1.000000,5592.272017,-20276.746644,0.306940,-0.044146,100.000000,100.000000,0.000000,0.000000,2,4,4,0.0000,0.0000,0.0000,0.5000,"Accelerate",-0.013948
4456,A0100,pursuit_chase_v1,UNKNOWN,16271.861208,29075.822536,3324.177464,2144.931706,32165.987823,19431.266822,507.006068,30811.164898,96.840763,6486.880394,-20.087569,0.022775,False,False,False,False,True,True,True,1-circle,1.000000,5595.089496,-20468.313874,-0.772653,0.266421,100.000000,100.000000,0.000000,0.000000,2,4,4,0.0000,0.0000,0.0000,0.5000,"PursuitChaseOptimal",0.011387
4456,B0100,aggressive,UNKNOWN,16271.861208,29075.822536,3324.177464,2144.931706,32165.987823,19431.266822,507.006068,30811.164898,96.840763,6486.880394,-20.087569,0.022775,False,False,False,False,True,True,True,1-circle,1.000000,5595.089496,-20468.313874,-0.772653,0.266421,100.000000,100.000000,0.000000,0.000000,2,4,4,0.0000,0.0000,0.0000,0.5000,"Accelerate",-0.015749
4457,A0100,pursuit_chase_v1,UNKNOWN,16271.861208,29075.822536,3324.177464,2144.931706,32165.987823,19431.266822,507.006068,30811.164898,96.840763,6486.880394,-20.087569,0.022775,False,False,False,False,True,True,True,1-circle,1.000000,5595.089496,-20468.313874,-0.772653,0.266421,100.000000,100.000000,0.000000,0.000000,2,4,4,0.0000,0.0000,0.0000,0.5000,"PursuitChaseOptimal",0.009046
4457,B0100,aggressive,UNKNOWN,16271.861208,29075.822536,3324.177464,2144.931706,32165.987823,19431.266822,507.006068,30811.164898,96.840763,6486.880394,-20.087569,0.022775,False,False,False,False,True,True,True,1-circle,1.000000,5595.089496,-20468.313874,-0.772653,0.266421,100.000000,100.000000,0.000000,0.000000,2,4,4,0.0000,0.0000,0.0000,0.5000,"Accelerate",-0.012887
4458,A0100,pursuit_chase_v1,UNKNOWN,16276.385615,29078.635374,3321.364626,2140.334599,32182.561414,19432.308967,507.080083,30815.529846,87.298951,6481.862744,-20.511615,0.000295,False,False,False,False,True,True,True,1-circle,1.000000,5597.699604,-20328.142411,-0.010015,0.112765,100.000000,100.000000,0.000000,0.000000,2,4,4,0.0000,0.0000,0.0000,0.5000,"PursuitChaseOptimal",-0.002205
4458,B0100,aggressive,UNKNOWN,16276.385615,29078.635374,3321.364626,2140.334599,32182.561414,19432.308967,507.080083,30815.529846,87.298951,6481.862744,-20.511615,0.000295,False,False,False,False,True,True,True,1-circle,1.000000,5597.699604,-20328.142411,-0.010015,0.112765,100.000000,100.000000,0.000000,0.000000,2,4,4,0.0000,0.0000,0.0000,0.5000,"Accelerate",-0.001371
4459,A0100,pursuit_chase_v1,UNKNOWN,16276.385615,29078.635374,3321.364626,2140.334599,32182.561414,19432.308967,507.080083,30815.529846,87.298951,6481.862744,-20.511615,0.000295,False,False,False,False,True,True,True,1-circle,1.000000,5597.699604,-20328.142411,-0.010015,0.112765,100.000000,100.000000,0.000000,0.000000,2,4,4,0.0000,0.0000,0.0000,0.5000,"PursuitChaseOptimal",-0.016482
4459,B0100,aggressive,UNKNOWN,16276.385615,29078.635374,3321.364626,2140.334599,32182.561414,19432.308967,507.080083,30815.529846,87.298951,6481.862744,-20.511615,0.000295,False,False,False,False,True,True,True,1-circle,1.000000,5597.699604,-20328.142411,-0.010015,0.112765,100.000000,100.000000,0.000000,0.000000,2,4,4,0.0000,0.0000,0.0000,0.5000,"Accelerate",0.012508
4460,A0100,pursuit_chase_v1,UNKNOWN,16280.886948,29080.799250,3319.200750,2140.835557,32197.697377,19433.422304,507.127324,30818.764285,64.688788,6470.655742,-20.548693,0.032807,False,False,False,False,True,True,True,1-circle,1.000000,5600.113866,-20523.716526,-1.113225,0.119791,100.000000,100.000000,0.000000,0.000000,2,4,4,0.0000,0.0000,0.0000,0.5000,"PursuitChaseOptimal",-0.027966
4460,B0100,aggressive,UNKNOWN,16280.886948,29080.799250,3319.200750,2140.835557,32197.697377,19433.422304,507.127324,30818.764285,64.688788,6470.655742,-20.548693,0.032807,False,False,False,False,True,True,True,1-circle,1.000000,5600.113866,-20523.716526,-1.113225,0.119791,100.000000,100.000000,0.000000,0.000000,2,4,4,0.0000,0.0000,0.0000,0.5000,"Accelerate",0.024077
4461,A0100,pursuit_chase_v1,UNKNOWN,16280.886948,29080.799250,3319.200750,2140.835557,32197.697377,19433.422304,507.127324,30818.764285,64.688788,6470.655742,-20.548693,0.032807,False,False,False,False,True,True,True,1-circle,1.000000,5600.113866,-20523.716526,-1.113225,0.119791,100.000000,100.000000,0.000000,0.000000,2,4,4,0.0000,0.0000,0.0000,0.5000,"PursuitChaseOptimal",-0.028568
4461,B0100,aggressive,UNKNOWN,16280.886948,29080.799250,3319.200750,2140.835557,32197.697377,19433.422304,507.127324,30818.764285,64.688788,6470.655742,-20.548693,0.032807,False,False,False,False,True,True,True,1-circle,1.000000,5600.113866,-20523.716526,-1.113225,0.119791,100.000000,100.000000,0.000000,0.000000,2,4,4,0.0000,0.0000,0.0000,0.5000,"Accelerate",0.025139
4462,A0100,pursuit_chase_v1,UNKNOWN,16285.418223,29079.152131,3320.847869,2144.924140,32213.212844,19434.485445,507.203507,30823.248400,89.682290,6471.137425,-20.445930,0.010246,False,False,False,False,True,True,True,1-circle,1.000000,5602.658771,-20383.012243,-0.347745,-0.071929,100.000000,100.000000,0.000000,0.000000,2,4,4,0.0000,0.0000,0.0000,0.5000,"PursuitChaseOptimal",-0.012714
4462,B0100,aggressive,UNKNOWN,16285.418223,29079.152131,3320.847869,2144.924140,32213.212844,19434.485445,507.203507,30823.248400,89.682290,6471.137425,-20.445930,0.010246,False,False,False,False,True,True,True,1-circle,1.000000,5602.658771,-20383.012243,-0.347745,-0.071929,100.000000,100.000000,0.000000,0.000000,2,4,4,0.0000,0.0000,0.0000,0.5000,"Accelerate",0.009165
4463,A0100,pursuit_chase_v1,UNKNOWN,16285.418223,29079.152131,3320.847869,2144.924140,32213.212844,19434.485445,507.203507,30823.248400,89.682290,6471.137425,-20.445930,0.010246,False,False,False,False,True,True,True,1-circle,1.000000,5602.658771,-20383.012243,-0.347745,-0.071929,100.000000,100.000000,0.000000,0.000000,2,4,4,0.0000,0.0000,0.0000,0.5000,"PursuitChaseOptimal",-0.003391
4463,B0100,aggressive,UNKNOWN,16285.418223,29079.152131,3320.847869,2144.924140,32213.212844,19434.485445,507.203507,30823.248400,89.682290,6471.137425,-20.445930,0.010246,False,False,False,False,True,True,True,1-circle,1.000000,5602.658771,-20383.012243,-0.347745,-0.071929,100.000000,100.000000,0.000000,0.000000,2,4,4,0.0000,0.0000,0.0000,0.5000,"Accelerate",-0.000829
4464,A0100,pursuit_chase_v1,UNKNOWN,16289.955726,29080.291788,3319.708212,2142.750426,32229.848550,19435.588003,507.237780,30825.890162,52.835249,6459.966805,-20.465249,0.041945,False,False,False,False,True,True,True,1-circle,1.000000,5605.229637,-20573.757987,-1.423481,0.098717,100.000000,100.000000,0.000000,0.000000,2,4,4,0.0000,0.0000,0.0000,0.5000,"PursuitChaseOptimal",0.008621
4464,B0100,aggressive,UNKNOWN,16289.955726,29080.291788,3319.708212,2142.750426,32229.848550,19435.588003,507.237780,30825.890162,52.835249,6459.966805,-20.465249,0.041945,False,False,False,False,True,True,True,1-circle,1.000000,5605.229637,-20573.757987,-1.423481,0.098717,100.000000,100.000000,0.000000,0.000000,2,4,4,0.0000,0.0000,0.0000,0.5000,"Accelerate",-0.013154
4465,A0100,pursuit_chase_v1,UNKNOWN,16289.955726,29080.291788,3319.708212,2142.750426,32229.848550,19435.588003,507.237780,30825.890162,52.835249,6459.966805,-20.465249,0.041945,False,False,False,False,True,True,True,1-circle,1.000000,5605.229637,-20573.757987,-1.423481,0.098717,100.000000,100.000000,0.000000,0.000000,2,4,4,0.0000,0.0000,0.0000,0.5000,"PursuitChaseOptimal",0.013037
4465,B0100,aggressive,UNKNOWN,16289.955726,29080.291788,3319.708212,2142.750426,32229.848550,19435.588003,507.237780,30825.890162,52.835249,6459.966805,-20.465249,0.041945,False,False,False,False,True,True,True,1-circle,1.000000,5605.229637,-20573.757987,-1.423481,0.098717,100.000000,100.000000,0.000000,0.000000,2,4,4,0.0000,0.0000,0.0000,0.5000,"Accelerate",-0.017124
4466,A0100,pursuit_chase_v1,UNKNOWN,16294.475532,29078.849816,3321.150184,2137.174525,32245.538104,19436.639958,507.302116,30829.831675,78.830259,6443.170286,-20.582392,0.019295,False,False,False,False,True,True,True,1-circle,1.000000,5607.727753,-20432.513641,-0.655016,-0.033122,100.000000,100.000000,0.000000,0.000000,2,4,4,0.0000,0.0000,0.0000,0.5000,"PursuitChaseOptimal",-0.002119
4466,B0100,aggressive,UNKNOWN,16294.475532,29078.849816,3321.150184,2137.174525,32245.538104,19436.639958,507.302116,30829.831675,78.830259,6443.170286,-20.582392,0.019295,False,False,False,False,True,True,True,1-circle,1.000000,5607.727753,-20432.513641,-0.655016,-0.033122,100.000000,100.000000,0.000000,0.000000,2,4,4,0.0000,0.0000,0.0000,0.5000,"Accelerate",-0.001564
4467,A0100,pursuit_chase_v1,UNKNOWN,16294.475532,29078.849816,3321.150184,2137.174525,32245.538104,19436.639958,507.302116,30829.831675,78.830259,6443.170286,-20.582392,0.019295,False,False,False,False,True,True,True,1-circle,1.000000,5607.727753,-20432.513641,-0.655016,-0.033122,100.000000,100.000000,0.000000,0.000000,2,4,4,0.0000,0.0000,0.0000,0.5000,"PursuitChaseOptimal",-0.011045
4467,B0100,aggressive,UNKNOWN,16294.475532,29078.849816,3321.150184,2137.174525,32245.538104,19436.639958,507.302116,30829.831675,78.830259,6443.170286,-20.582392,0.019295,False,False,False,False,True,True,True,1-circle,1.000000,5607.727753,-20432.513641,-0.655016,-0.033122,100.000000,100.000000,0.000000,0.000000,2,4,4,0.0000,0.0000,0.0000,0.5000,"Accelerate",0.006953
4468,A0100,pursuit_chase_v1,UNKNOWN,16298.963630,29078.703913,3321.296087,2132.912827,32262.362857,19437.730114,507.337125,30832.494372,53.253941,6434.900359,-20.611209,0.050690,False,False,False,False,True,True,True,1-circle,1.000000,5610.063926,-20621.294553,-1.720447,0.042616,100.000000,100.000000,0.000000,0.000000,2,4,4,0.0000,0.0000,0.0000,0.5000,"PursuitChaseOptimal",-0.021355
4468,B0100,aggressive,UNKNOWN,16298.963630,29078.703913,3321.296087,2132.912827,32262.362857,19437.730114,507.337125,30832.494372,53.253941,6434.900359,-20.611209,0.050690,False,False,False,False,True,True,True,1-circle,1.000000,5610.063926,-20621.294553,-1.720447,0.042616,100.000000,100.000000,0.000000,0.000000,2,4,4,0.0000,0.0000,0.0000,0.5000,"Accelerate",0.017372
4469,A0100,pursuit_chase_v1,UNKNOWN,16298.963630,29078.703913,3321.296087,2132.912827,32262.362857,19437.730114,507.337125,30832.494372,53.253941,6434.900359,-20.611209,0.050690,False,False,False,False,True,True,True,1-circle,1.000000,5610.063926,-20621.294553,-1.720447,0.042616,100.000000,100.000000,0.000000,0.000000,2,4,4,0.0000,0.0000,0.0000,0.5000,"PursuitChaseOptimal",-0.024097
4469,B0100,aggressive,UNKNOWN,16298.963630,29078.703913,3321.296087,2132.912827,32262.362857,19437.730114,507.337125,30832.494372,53.253941,6434.900359,-20.611209,0.050690,False,False,False,False,True,True,True,1-circle,1.000000,5610.063926,-20621.294553,-1.720447,0.042616,100.000000,100.000000,0.000000,0.000000,2,4,4,0.0000,0.0000,0.0000,0.5000,"Accelerate",0.020625
4470,A0100,pursuit_chase_v1,UNKNOWN,16303.472363,29075.778068,3324.221932,2129.688796,32278.167297,19438.753920,507.407764,30836.691497,83.942493,6435.225438,-20.431597,0.027696,False,False,False,False,True,True,True,1-circle,1.000000,5612.521725,-20477.969202,-0.940339,-0.125597,100.000000,100.000000,0.000000,0.000000,2,4,4,0.0000,0.0000,0.0000,0.5000,"PursuitChaseOptimal",-0.023656
4470,B0100,aggressive,UNKNOWN,16303.472363,29075.778068,3324.221932,2129.688796,32278.167297,19438.753920,507.407764,30836.691497,83.942493,6435.225438,-20.431597,0.027696,False,False,False,False,True,True,True,1-circle,1.000000,5612.521725,-20477.969202,-0.940339,-0.125597,100.000000,100.000000,0.000000,0.000000,2,4,4,0.0000,0.0000,0.0000,0.5000,"Accelerate",0.020347
4471,A0100,pursuit_chase_v1,UNKNOWN,16303.472363,29075.778068,3324.221932,2129.688796,32278.167297,19438.753920,507.407764,30836.691497,83.942493,6435.225438,-20.431597,0.027696,False,False,False,False,True,True,True,1-circle,1.000000,5612.521725,-20477.969202,-0.940339,-0.125597,100.000000,100.000000,0.000000,0.000000,2,4,4,0.0000,0.0000,0.0000,0.5000,"PursuitChaseOptimal",-0.025740
4471,B0100,aggressive,UNKNOWN,16303.472363,29075.778068,3324.221932,2129.688796,32278.167297,19438.753920,507.407764,30836.691497,83.942493,6435.225438,-20.431597,0.027696,False,False,False,False,True,True,True,1-circle,1.000000,5612.521725,-20477.969202,-0.940339,-0.125597,100.000000,100.000000,0.000000,0.000000,2,4,4,0.0000,0.0000,0.0000,0.5000,"Accelerate",0.021970
4472,A0100,pursuit_chase_v1,UNKNOWN,16307.986479,29075.666377,3324.333623,2126.025772,32295.131488,19439.807389,507.440081,30839.196888,50.107833,6432.290158,-20.238309,0.058829,False,False,False,False,True,True,True,1-circle,1.000000,5615.082930,-20665.337401,-1.996906,0.037859,100.000000,100.000000,0.000000,0.000000,2,4,4,0.0000,0.0000,0.0000,0.5000,"PursuitChaseOptimal",-0.023132
4472,B0100,aggressive,UNKNOWN,16307.986479,29075.666377,3324.333623,2126.025772,32295.131488,19439.807389,507.440081,30839.196888,50.107833,6432.290158,-20.238309,0.058829,False,False,False,False,True,True,True,1-circle,1.000000,5615.082930,-20665.337401,-1.996906,0.037859,100.000000,100.000000,0.000000,0.000000,2,4,4,0.0000,0.0000,0.0000,0.5000,"Accelerate",0.018949
4473,A0100,pursuit_chase_v1,UNKNOWN,16307.986479,29075.666377,3324.333623,2126.025772,32295.131488,19439.807389,507.440081,30839.196888,50.107833,6432.290158,-20.238309,0.058829,False,False,False,False,True,True,True,1-circle,1.000000,5615.082930,-20665.337401,-1.996906,0.037859,100.000000,100.000000,0.000000,0.000000,2,4,4,0.0000,0.0000,0.0000,0.5000,"PursuitChaseOptimal",-0.008678
4473,B0100,aggressive,UNKNOWN,16307.986479,29075.666377,3324.333623,2126.025772,32295.131488,19439.807389,507.440081,30839.196888,50.107833,6432.290158,-20.238309,0.058829,False,False,False,False,True,True,True,1-circle,1.000000,5615.082930,-20665.337401,-1.996906,0.037859,100.000000,100.000000,0.000000,0.000000,2,4,4,0.0000,0.0000,0.0000,0.5000,"Accelerate",0.004481
4474,A0100,pursuit_chase_v1,UNKNOWN,16312.535340,29065.560691,3334.439309,2128.207349,32309.404649,19440.768088,507.603045,30847.480609,165.674419,6433.113712,-20.113548,0.023217,False,False,False,False,True,True,True,1-circle,1.000000,5617.848183,-20161.270741,0.788604,-0.093754,100.000000,100.000000,0.000000,0.000000,2,4,4,0.0000,0.0000,0.0000,0.5000,"PursuitChaseOptimal",0.001203
4474,B0100,aggressive,UNKNOWN,16312.535340,29065.560691,3334.439309,2128.207349,32309.404649,19440.768088,507.603045,30847.480609,165.674419,6433.113712,-20.113548,0.023217,False,False,False,False,True,True,True,1-circle,1.000000,5617.848183,-20161.270741,0.788604,-0.093754,100.000000,100.000000,0.000000,0.000000,2,4,4,0.0000,0.0000,0.0000,0.5000,"Accelerate",-0.005057
4475,A0100,pursuit_chase_v1,UNKNOWN,16312.535340,29065.560691,3334.439309,2128.207349,32309.404649,19440.768088,507.603045,30847.480609,165.674419,6433.113712,-20.113548,0.023217,False,False,False,False,True,True,True,1-circle,1.000000,5617.848183,-20161.270741,0.788604,-0.093754,100.000000,100.000000,0.000000,0.000000,2,4,4,0.0000,0.0000,0.0000,0.5000,"PursuitChaseOptimal",0.012310
4475,B0100,aggressive,UNKNOWN,16312.535340,29065.560691,3334.439309,2128.207349,32309.404649,19440.768088,507.603045,30847.480609,165.674419,6433.113712,-20.113548,0.023217,False,False,False,False,True,True,True,1-circle,1.000000,5617.848183,-20161.270741,0.788604,-0.093754,100.000000,100.000000,0.000000,0.000000,2,4,4,0.0000,0.0000,0.0000,0.5000,"Accelerate",-0.016300
4476,A0100,pursuit_chase_v1,UNKNOWN,16317.060256,29074.376277,3325.623723,2118.850256,32328.770774,19441.739588,507.584598,30847.623022,2.848253,6408.354320,-20.271588,0.035390,False,False,False,False,True,True,True,1-circle,1.000000,5620.540179,-20516.865658,-1.201931,0.099021,100.000000,100.000000,0.000000,0.000000,2,4,4,0.0000,0.0000,0.0000,0.5000,"PursuitChaseOptimal",0.016348
4476,B0100,aggressive,UNKNOWN,16317.060256,29074.376277,3325.623723,2118.850256,32328.770774,19441.739588,507.584598,30847.623022,2.848253,6408.354320,-20.271588,0.035390,False,False,False,False,True,True,True,1-circle,1.000000,5620.540179,-20516.865658,-1.201931,0.099021,100.000000,100.000000,0.000000,0.000000,2,4,4,0.0000,0.0000,0.0000,0.5000,"Accelerate",-0.020761
4477,A0100,pursuit_chase_v1,UNKNOWN,16317.060256,29074.376277,3325.623723,2118.850256,32328.770774,19441.739588,507.584598,30847.623022,2.848253,6408.354320,-20.271588,0.035390,False,False,False,False,True,True,True,1-circle,1.000000,5620.540179,-20516.865658,-1.201931,0.099021,100.000000,100.000000,0.000000,0.000000,2,4,4,0.0000,0.0000,0.0000,0.5000,"PursuitChaseOptimal",0.001158
4477,B0100,aggressive,UNKNOWN,16317.060256,29074.376277,3325.623723,2118.850256,32328.770774,19441.739588,507.584598,30847.623022,2.848253,6408.354320,-20.271588,0.035390,False,False,False,False,True,True,True,1-circle,1.000000,5620.540179,-20516.865658,-1.201931,0.099021,100.000000,100.000000,0.000000,0.000000,2,4,4,0.0000,0.0000,0.0000,0.5000,"Accelerate",-0.005348
4478,A0100,pursuit_chase_v1,UNKNOWN,16321.539021,29072.648382,3327.351618,2115.853289,32340.177998,19442.756428,507.714968,30854.499698,137.533523,6397.735439,-20.428482,0.012642,False,False,False,False,True,True,True,1-circle,1.000000,5622.988325,-20220.368176,0.429531,0.227964,100.000000,100.000000,0.000000,0.000000,2,4,4,0.0000,0.0000,0.0000,0.5000,"PursuitChaseOptimal",-0.007387
4478,B0100,aggressive,UNKNOWN,16321.539021,29072.648382,3327.351618,2115.853289,32340.177998,19442.756428,507.714968,30854.499698,137.533523,6397.735439,-20.428482,0.012642,False,False,False,False,True,True,True,1-circle,1.000000,5622.988325,-20220.368176,0.429531,0.227964,100.000000,100.000000,0.000000,0.000000,2,4,4,0.0000,0.0000,0.0000,0.5000,"Accelerate",0.003876
4479,A0100,pursuit_chase_v1,UNKNOWN,16321.539021,29072.648382,3327.351618,2115.853289,32340.177998,19442.756428,507.714968,30854.499698,137.533523,6397.735439,-20.428482,0.012642,False,False,False,False,True,True,True,1-circle,1.000000,5622.988325,-20220.368176,0.429531,0.227964,100.000000,100.000000,0.000000,0.000000,2,4,4,0.0000,0.0000,0.0000,0.5000,"PursuitChaseOptimal",-0.017088
4479,B0100,aggressive,UNKNOWN,16321.539021,29072.648382,3327.351618,2115.853289,32340.177998,19442.756428,507.714968,30854.499698,137.533523,6397.735439,-20.428482,0.012642,False,False,False,False,True,True,True,1-circle,1.000000,5622.988325,-20220.368176,0.429531,0.227964,100.000000,100.000000,0.000000,0.000000,2,4,4,0.0000,0.0000,0.0000,0.5000,"Accelerate",0.013879
4480,A0100,pursuit_chase_v1,UNKNOWN,16325.999703,29081.159760,3318.840240,2105.574504,32360.116669,19443.809105,507.699088,30854.838504,6.776111,6385.549586,-20.426399,0.045048,False,False,False,False,True,True,True,1-circle,1.000000,5625.339727,-20570.239621,-1.530164,0.073596,100.000000,100.000000,0.000000,0.000000,2,4,4,0.0000,0.0000,0.0000,0.5000,"PursuitChaseOptimal",-0.023300
4480,B0100,aggressive,UNKNOWN,16325.999703,29081.159760,3318.840240,2105.574504,32360.116669,19443.809105,507.699088,30854.838504,6.776111,6385.549586,-20.426399,0.045048,False,False,False,False,True,True,True,1-circle,1.000000,5625.339727,-20570.239621,-1.530164,0.073596,100.000000,100.000000,0.000000,0.000000,2,4,4,0.0000,0.0000,0.0000,0.5000,"Accelerate",0.019616
4481,A0100,pursuit_chase_v1,UNKNOWN,16325.999703,29081.159760,3318.840240,2105.574504,32360.116669,19443.809105,507.699088,30854.838504,6.776111,6385.549586,-20.426399,0.045048,False,False,False,False,True,True,True,1-circle,1.000000,5625.339727,-20570.239621,-1.530164,0.073596,100.000000,100.000000,0.000000,0.000000,2,4,4,0.0000,0.0000,0.0000,0.5000,"PursuitChaseOptimal",-0.022843
4481,B0100,aggressive,UNKNOWN,16325.999703,29081.159760,3318.840240,2105.574504,32360.116669,19443.809105,507.699088,30854.838504,6.776111,6385.549586,-20.426399,0.045048,False,False,False,False,True,True,True,1-circle,1.000000,5625.339727,-20570.239621,-1.530164,0.073596,100.000000,100.000000,0.000000,0.000000,2,4,4,0.0000,0.0000,0.0000,0.5000,"Accelerate",0.019056
4482,A0100,pursuit_chase_v1,UNKNOWN,16330.466747,29074.325986,3325.674014,2104.973600,32371.428350,19444.874535,507.842479,30862.350572,150.241370,6390.455800,-20.188478,0.002446,False,False,False,False,True,True,True,1-circle,1.000000,5627.783658,-20277.056908,0.083114,0.018730,100.000000,100.000000,0.000000,0.000000,2,5,4,0.0000,0.0000,0.0000,0.5000,"PursuitChaseOptimal",-0.020881
4482,B0100,aggressive,UNKNOWN,16330.466747,29074.325986,3325.674014,2104.973600,32371.428350,19444.874535,507.842479,30862.350572,150.241370,6390.455800,-20.188478,0.002446,False,False,False,False,True,True,True,1-circle,1.000000,5627.783658,-20277.056908,0.083114,0.018730,100.000000,100.000000,0.000000,0.000000,2,4,4,0.0000,0.0000,0.0000,0.5000,"Accelerate",0.017501
4483,A0100,pursuit_chase_v1,UNKNOWN,16330.466747,29074.325986,3325.674014,2104.973600,32371.428350,19444.874535,507.842479,30862.350572,150.241370,6390.455800,-20.188478,0.002446,False,False,False,False,True,True,True,1-circle,1.000000,5627.783658,-20277.056908,0.083114,0.018730,100.000000,100.000000,0.000000,0.000000,2,5,4,0.0000,0.0000,0.0000,0.5000,"PursuitChaseOptimal",-0.003001
4483,B0100,aggressive,UNKNOWN,16330.466747,29074.325986,3325.674014,2104.973600,32371.428350,19444.874535,507.842479,30862.350572,150.241370,6390.455800,-20.188478,0.002446,False,False,False,False,True,True,True,1-circle,1.000000,5627.783658,-20277.056908,0.083114,0.018730,100.000000,100.000000,0.000000,0.000000,2,4,4,0.0000,0.0000,0.0000,0.5000,"Accelerate",-0.000699
4484,A0100,pursuit_chase_v1,UNKNOWN,16334.944759,29079.261004,3320.738996,2096.689492,32391.613625,19445.929523,507.799587,30861.477008,-17.471282,6380.641533,-20.205736,0.053185,False,False,False,False,True,True,True,1-circle,1.000000,5630.343120,-20614.536720,-1.806777,-0.042767,100.000000,100.000000,0.000000,0.000000,2,5,4,0.0000,0.0000,0.0000,0.5000,"PursuitChaseOptimal",0.018410
4484,B0100,aggressive,UNKNOWN,16334.944759,29079.261004,3320.738996,2096.689492,32391.613625,19445.929523,507.799587,30861.477008,-17.471282,6380.641533,-20.205736,0.053185,False,False,False,False,True,True,True,1-circle,1.000000,5630.343120,-20614.536720,-1.806777,-0.042767,100.000000,100.000000,0.000000,0.000000,2,4,4,0.0000,0.0000,0.0000,0.5000,"Accelerate",-0.023192
4485,A0100,pursuit_chase_v1,UNKNOWN,16334.944759,29079.261004,3320.738996,2096.689492,32391.613625,19445.929523,507.799587,30861.477008,-17.471282,6380.641533,-20.205736,0.053185,False,False,False,False,True,True,True,1-circle,1.000000,5630.343120,-20614.536720,-1.806777,-0.042767,100.000000,100.000000,0.000000,0.000000,2,5,4,0.0000,0.0000,0.0000,0.5000,"PursuitChaseOptimal",0.039113
4485,B0100,aggressive,UNKNOWN,16334.944759,29079.261004,3320.738996,2096.689492,32391.613625,19445.929523,507.799587,30861.477008,-17.471282,6380.641533,-20.205736,0.053185,False,False,False,False,True,True,True,1-circle,1.000000,5630.343120,-20614.536720,-1.806777,-0.042767,100.000000,100.000000,0.000000,0.000000,2,4,4,0.0000,0.0000,0.0000,0.5000,"Accelerate",-0.044424
4486,A0100,pursuit_chase_v1,UNKNOWN,16339.411147,29072.495797,3327.504203,2094.645296,-32397.016042,19446.984710,507.919828,30867.938947,129.238788,6370.087536,-20.656494,0.006887,False,False,False,False,True,True,True,1-circle,-1.000000,5632.734981,-20328.665818,-0.234102,0.061712,100.000000,100.000000,0.000000,0.000000,2,5,4,0.0000,0.0000,0.0000,0.5000,"PursuitChaseOptimal",0.059266
4486,B0100,aggressive,UNKNOWN,16339.411147,29072.495797,3327.504203,2094.645296,-32397.016042,19446.984710,507.919828,30867.938947,129.238788,6370.087536,-20.656494,0.006887,False,False,False,False,True,True,True,1-circle,-1.000000,5632.734981,-20328.665818,-0.234102,0.061712,100.000000,100.000000,0.000000,0.000000,2,4,4,0.0000,0.0000,0.0000,0.5000,"Accelerate",-0.064287
4487,A0100,pursuit_chase_v1,UNKNOWN,16339.411147,29072.495797,3327.504203,2094.645296,-32397.016042,19446.984710,507.919828,30867.938947,129.238788,6370.087536,-20.656494,0.006887,False,False,False,False,True,True,True,1-circle,-1.000000,5632.734981,-20328.665818,-0.234102,0.061712,100.000000,100.000000,0.000000,0.000000,2,5,4,0.0000,0.0000,0.0000,0.5000,"PursuitChaseOptimal",0.071319
4487,B0100,aggressive,UNKNOWN,16339.411147,29072.495797,3327.504203,2094.645296,-32397.016042,19446.984710,507.919828,30867.938947,129.238788,6370.087536,-20.656494,0.006887,False,False,False,False,True,True,True,1-circle,-1.000000,5632.734981,-20328.665818,-0.234102,0.061712,100.000000,100.000000,0.000000,0.000000,2,4,4,0.0000,0.0000,0.0000,0.5000,"Accelerate",-0.076047
4488,A0100,pursuit_chase_v1,UNKNOWN,16343.822852,29077.718494,3322.281506,2085.429589,-32376.496116,19448.033160,507.893968,30867.824471,-2.289525,6343.294834,-21.805871,0.062115,False,False,False,False,True,True,True,1-circle,-1.000000,5634.568103,-20663.252787,-2.110307,-0.037164,100.000000,100.000000,0.000000,0.000000,2,5,4,0.0000,0.0000,0.0000,0.5000,"PursuitChaseOptimal",0.061965
4488,B0100,aggressive,UNKNOWN,16343.822852,29077.718494,3322.281506,2085.429589,-32376.496116,19448.033160,507.893968,30867.824471,-2.289525,6343.294834,-21.805871,0.062115,False,False,False,False,True,True,True,1-circle,-1.000000,5634.568103,-20663.252787,-2.110307,-0.037164,100.000000,100.000000,0.000000,0.000000,2,4,4,0.0000,0.0000,0.0000,0.5000,"Accelerate",-0.066737
4489,A0100,pursuit_chase_v1,UNKNOWN,16343.822852,29077.718494,3322.281506,2085.429589,-32376.496116,19448.033160,507.893968,30867.824471,-2.289525,6343.294834,-21.805871,0.062115,False,False,False,False,True,True,True,1-circle,-1.000000,5634.568103,-20663.252787,-2.110307,-0.037164,100.000000,100.000000,0.000000,0.000000,2,5,4,0.0000,0.0000,0.0000,0.5000,"PursuitChaseOptimal",0.046845
4489,B0100,aggressive,UNKNOWN,16343.822852,29077.718494,3322.281506,2085.429589,-32376.496116,19448.033160,507.893968,30867.824471,-2.289525,6343.294834,-21.805871,0.062115,False,False,False,False,True,True,True,1-circle,-1.000000,5634.568103,-20663.252787,-2.110307,-0.037164,100.000000,100.000000,0.000000,0.000000,2,4,4,0.0000,0.0000,0.0000,0.5000,"Accelerate",-0.051247
4490,A0100,pursuit_chase_v1,UNKNOWN,16348.205258,29069.979580,3330.020420,2091.116670,-32364.951391,19449.071025,508.021426,30874.594749,135.405560,6337.248434,-22.928621,0.015488,False,False,False,False,True,True,True,1-circle,-1.000000,5635.682334,-20374.588319,-0.526534,-0.037173,100.000000,100.000000,0.000000,0.000000,2,5,4,0.0000,0.0000,0.0000,0.5000,"PursuitChaseOptimal",0.025420
4490,B0100,aggressive,UNKNOWN,16348.205258,29069.979580,3330.020420,2091.116670,-32364.951391,19449.071025,508.021426,30874.594749,135.405560,6337.248434,-22.928621,0.015488,False,False,False,False,True,True,True,1-circle,-1.000000,5635.682334,-20374.588319,-0.526534,-0.037173,100.000000,100.000000,0.000000,0.000000,2,4,4,0.0000,0.0000,0.0000,0.5000,"Accelerate",-0.029034
4491,A0100,pursuit_chase_v1,UNKNOWN,16348.205258,29069.979580,3330.020420,2091.116670,-32364.951391,19449.071025,508.021426,30874.594749,135.405560,6337.248434,-22.928621,0.015488,False,False,False,False,True,True,True,1-circle,-1.000000,5635.682334,-20374.588319,-0.526534,-0.037173,100.000000,100.000000,0.000000,0.000000,2,5,4,0.0000,0.0000,0.0000,0.5000,"PursuitChaseOptimal",0.004417
4491,B0100,aggressive,UNKNOWN,16348.205258,29069.979580,3330.020420,2091.116670,-32364.951391,19449.071025,508.021426,30874.594749,135.405560,6337.248434,-22.928621,0.015488,False,False,False,False,True,True,True,1-circle,-1.000000,5635.682334,-20374.588319,-0.526534,-0.037173,100.000000,100.000000,0.000000,0.000000,2,4,4,0.0000,0.0000,0.0000,0.5000,"Accelerate",-0.007688
4492,A0100,pursuit_chase_v1,UNKNOWN,16352.585327,29074.644091,3325.355909,2072.942138,-32344.189595,19450.086843,507.981228,30873.802501,-15.844973,6322.935752,-23.121328,0.070457,False,False,False,False,True,True,True,1-circle,-1.000000,5636.391421,-20706.872653,-2.393849,-0.094830,100.000000,100.000000,0.000000,0.000000,2,5,4,0.0000,0.0000,0.0000,0.5000,"PursuitChaseOptimal",-0.010805
4492,B0100,aggressive,UNKNOWN,16352.585327,29074.644091,3325.355909,2072.942138,-32344.189595,19450.086843,507.981228,30873.802501,-15.844973,6322.935752,-23.121328,0.070457,False,False,False,False,True,True,True,1-circle,-1.000000,5636.391421,-20706.872653,-2.393849,-0.094830,100.000000,100.000000,0.000000,0.000000,2,4,4,0.0000,0.0000,0.0000,0.5000,"Accelerate",0.007109
4493,A0100,pursuit_chase_v1,UNKNOWN,16352.585327,29074.644091,3325.355909,2072.942138,-32344.189595,19450.086843,507.981228,30873.802501,-15.844973,6322.935752,-23.121328,0.070457,False,False,False,False,True,True,True,1-circle,-1.000000,5636.391421,-20706.872653,-2.393849,-0.094830,100.000000,100.000000,0.000000,0.000000,2,5,4,0.0000,0.0000,0.0000,0.5000,"PursuitChaseOptimal",-0.032584
4493,B0100,aggressive,UNKNOWN,16352.585327,29074.644091,3325.355909,2072.942138,-32344.189595,19450.086843,507.981228,30873.802501,-15.844973,6322.935752,-23.121328,0.070457,False,False,False,False,True,True,True,1-circle,-1.000000,5636.391421,-20706.872653,-2.393849,-0.094830,100.000000,100.000000,0.000000,0.000000,2,4,4,0.0000,0.0000,0.0000,0.5000,"Accelerate",0.028689
4494,A0100,pursuit_chase_v1,UNKNOWN,16356.885399,29064.686271,3335.313729,2019.481122,-32331.195716,19451.087756,508.137360,30881.826864,160.487278,6319.057012,-21.541462,0.016273,False,False,False,False,True,True,True,1-circle,-1.000000,5637.239614,-20371.925330,-0.553351,-0.001988,100.000000,100.000000,0.000000,0.000000,2,5,4,0.0000,0.0000,0.0000,0.5000,"PursuitChaseOptimal",-0.039384
4494,B0100,aggressive,UNKNOWN,16356.885399,29064.686271,3335.313729,2019.481122,-32331.195716,19451.087756,508.137360,30881.826864,160.487278,6319.057012,-21.541462,0.016273,False,False,False,False,True,True,True,1-circle,-1.000000,5637.239614,-20371.925330,-0.553351,-0.001988,100.000000,100.000000,0.000000,0.000000,2,4,4,0.0000,0.0000,0.0000,0.5000,"Accelerate",0.035918
4495,A0100,pursuit_chase_v1,UNKNOWN,16356.885399,29064.686271,3335.313729,2019.481122,-32331.195716,19451.087756,508.137360,30881.826864,160.487278,6319.057012,-21.541462,0.016273,False,False,False,False,True,True,True,1-circle,-1.000000,5637.239614,-20371.925330,-0.553351,-0.001988,100.000000,100.000000,0.000000,0.000000,2,5,4,0.0000,0.0000,0.0000,0.5000,"PursuitChaseOptimal",-0.037890
4495,B0100,aggressive,UNKNOWN,16356.885399,29064.686271,3335.313729,2019.481122,-32331.195716,19451.087756,508.137360,30881.826864,160.487278,6319.057012,-21.541462,0.016273,False,False,False,False,True,True,True,1-circle,-1.000000,5637.239614,-20371.925330,-0.553351,-0.001988,100.000000,100.000000,0.000000,0.000000,2,4,4,0.0000,0.0000,0.0000,0.5000,"Accelerate",0.035041
4496,A0100,pursuit_chase_v1,UNKNOWN,16361.066861,29065.627714,3334.372286,1924.760070,-32315.049484,19452.008177,508.160618,30883.793679,39.336296,6323.752898,-19.193183,0.006744,False,False,False,False,True,True,True,1-circle,-1.000000,5638.835123,-20228.030751,0.229346,-0.074913,100.000000,100.000000,0.000000,0.000000,2,4,4,0.0000,0.0000,0.0000,0.5000,"PursuitChaseOptimal",-0.033620
4496,B0100,aggressive,UNKNOWN,16361.066861,29065.627714,3334.372286,1924.760070,-32315.049484,19452.008177,508.160618,30883.793679,39.336296,6323.752898,-19.193183,0.006744,False,False,False,False,True,True,True,1-circle,-1.000000,5638.835123,-20228.030751,0.229346,-0.074913,100.000000,100.000000,0.000000,0.000000,2,4,4,0.0000,0.0000,0.0000,0.5000,"Accelerate",0.030833
4497,A0100,pursuit_chase_v1,UNKNOWN,16361.066861,29065.627714,3334.372286,1924.760070,-32315.049484,19452.008177,508.160618,30883.793679,39.336296,6323.752898,-19.193183,0.006744,False,False,False,False,True,True,True,1-circle,-1.000000,5638.835123,-20228.030751,0.229346,-0.074913,100.000000,100.000000,0.000000,0.000000,2,4,4,0.0000,0.0000,0.0000,0.5000,"PursuitChaseOptimal",-0.035270
4497,B0100,aggressive,UNKNOWN,16361.066861,29065.627714,3334.372286,1924.760070,-32315.049484,19452.008177,508.160618,30883.793679,39.336296,6323.752898,-19.193183,0.006744,False,False,False,False,True,True,True,1-circle,-1.000000,5638.835123,-20228.030751,0.229346,-0.074913,100.000000,100.000000,0.000000,0.000000,2,4,4,0.0000,0.0000,0.0000,0.5000,"Accelerate",0.032114
4498,A0100,pursuit_chase_v1,UNKNOWN,16365.111357,29069.999524,3330.000476,1827.506867,-32301.816280,19453.005923,508.233952,30888.091178,85.949983,6345.168711,-17.223573,0.025251,False,False,False,False,True,True,True,1-circle,-1.000000,5641.155172,-20421.563202,-0.858772,0.236786,100.000000,100.000000,0.000000,0.000000,2,4,4,0.0000,0.0000,0.0000,0.5000,"PursuitChaseOptimal",-0.034054
4498,B0100,aggressive,UNKNOWN,16365.111357,29069.999524,3330.000476,1827.506867,-32301.816280,19453.005923,508.233952,30888.091178,85.949983,6345.168711,-17.223573,0.025251,False,False,False,False,True,True,True,1-circle,-1.000000,5641.155172,-20421.563202,-0.858772,0.236786,100.000000,100.000000,0.000000,0.000000,2,4,4,0.0000,0.0000,0.0000,0.5000,"Accelerate",0.030727
4499,A0100,pursuit_chase_v1,UNKNOWN,16365.111357,29069.999524,3330.000476,1827.506867,-32301.816280,19453.005923,508.233952,30888.091178,85.949983,6345.168711,-17.223573,0.025251,False,False,False,False,True,True,True,1-circle,-1.000000,5641.155172,-20421.563202,-0.858772,0.236786,100.000000,100.000000,0.000000,0.000000,2,4,4,0.0000,0.0000,0.0000,0.5000,"PursuitChaseOptimal",-0.028426
4499,B0100,aggressive,UNKNOWN,16365.111357,29069.999524,3330.000476,1827.506867,-32301.816280,19453.005923,508.233952,30888.091178,85.949983,6345.168711,-17.223573,0.025251,False,False,False,False,True,True,True,1-circle,-1.000000,5641.155172,-20421.563202,-0.858772,0.236786,100.000000,100.000000,0.000000,0.000000,2,4,4,0.0000,0.0000,0.0000,0.5000,"Accelerate",0.025493
4500,A0100,pursuit_chase_v1,UNKNOWN,16369.078704,29071.177673,3328.822327,1755.650397,-32287.534081,19454.004239,508.296420,30891.900694,76.190319,6363.528933,-15.805227,0.002701,False,False,False,False,True,True,True,1-circle,-1.000000,5644.170379,-20281.815909,-0.091877,0.082475,100.000000,100.000000,0.000000,0.000000,2,4,4,0.0000,0.0000,0.0000,0.5000,"PursuitChaseOptimal",-0.017048
4500,B0100,aggressive,UNKNOWN,16369.078704,29071.177673,3328.822327,1755.650397,-32287.534081,19454.004239,508.296420,30891.900694,76.190319,6363.528933,-15.805227,0.002701,False,False,False,False,True,True,True,1-circle,-1.000000,5644.170379,-20281.815909,-0.091877,0.082475,100.000000,100.000000,0.000000,0.000000,2,4,4,0.0000,0.0000,0.0000,0.5000,"Accelerate",0.013944
4501,A0100,pursuit_chase_v1,UNKNOWN,16369.078704,29071.177673,3328.822327,1755.650397,-32287.534081,19454.004239,508.296420,30891.900694,76.190319,6363.528933,-15.805227,0.002701,False,False,False,False,True,True,True,1-circle,-1.000000,5644.170379,-20281.815909,-0.091877,0.082475,100.000000,100.000000,0.000000,0.000000,2,4,4,0.0000,0.0000,0.0000,0.5000,"PursuitChaseOptimal",-0.004828
4501,B0100,aggressive,UNKNOWN,16369.078704,29071.177673,3328.822327,1755.650397,-32287.534081,19454.004239,508.296420,30891.900694,76.190319,6363.528933,-15.805227,0.002701,False,False,False,False,True,True,True,1-circle,-1.000000,5644.170379,-20281.815909,-0.091877,0.082475,100.000000,100.000000,0.000000,0.000000,2,4,4,0.0000,0.0000,0.0000,0.5000,"Accelerate",0.000810
4502,A0100,pursuit_chase_v1,UNKNOWN,16373.003450,29071.616346,3328.383654,1721.134465,-32275.173111,19455.076385,508.331738,30894.562354,53.233189,6378.497997,-15.441416,0.035344,False,False,False,False,True,True,True,1-circle,-1.000000,5647.505189,-20480.287737,-1.202195,0.093585,100.000000,100.000000,0.000000,0.000000,2,4,4,0.0000,0.0000,0.0000,0.5000,"PursuitChaseOptimal",0.006701
4502,B0100,aggressive,UNKNOWN,16373.003450,29071.616346,3328.383654,1721.134465,-32275.173111,19455.076385,508.331738,30894.562354,53.233189,6378.497997,-15.441416,0.035344,False,False,False,False,True,True,True,1-circle,-1.000000,5647.505189,-20480.287737,-1.202195,0.093585,100.000000,100.000000,0.000000,0.000000,2,4,4,0.0000,0.0000,0.0000,0.5000,"Accelerate",-0.011062
4503,A0100,pursuit_chase_v1,UNKNOWN,16373.003450,29071.616346,3328.383654,1721.134465,-32275.173111,19455.076385,508.331738,30894.562354,53.233189,6378.497997,-15.441416,0.035344,False,False,False,False,True,True,True,1-circle,-1.000000,5647.505189,-20480.287737,-1.202195,0.093585,100.000000,100.000000,0.000000,0.000000,2,4,4,0.0000,0.0000,0.0000,0.5000,"PursuitChaseOptimal",0.010069
4503,B0100,aggressive,UNKNOWN,16373.003450,29071.616346,3328.383654,1721.134465,-32275.173111,19455.076385,508.331738,30894.562354,53.233189,6378.497997,-15.441416,0.035344,False,False,False,False,True,True,True,1-circle,-1.000000,5647.505189,-20480.287737,-1.202195,0.093585,100.000000,100.000000,0.000000,0.000000,2,4,4,0.0000,0.0000,0.0000,0.5000,"Accelerate",-0.014021
4504,A0100,pursuit_chase_v1,UNKNOWN,16376.949410,29068.262428,3331.737572,1706.174881,-32262.509762,19456.100603,508.396375,30898.495945,78.671830,6395.156733,-15.785645,0.012703,False,False,False,False,True,True,True,1-circle,-1.000000,5650.901494,-20340.377319,-0.432196,-0.097348,100.000000,100.000000,0.000000,0.000000,2,4,4,0.0000,0.0000,0.0000,0.5000,"PursuitChaseOptimal",0.009690
4504,B0100,aggressive,UNKNOWN,16376.949410,29068.262428,3331.737572,1706.174881,-32262.509762,19456.100603,508.396375,30898.495945,78.671830,6395.156733,-15.785645,0.012703,False,False,False,False,True,True,True,1-circle,-1.000000,5650.901494,-20340.377319,-0.432196,-0.097348,100.000000,100.000000,0.000000,0.000000,2,4,4,0.0000,0.0000,0.0000,0.5000,"Accelerate",-0.013454
4505,A0100,pursuit_chase_v1,UNKNOWN,16376.949410,29068.262428,3331.737572,1706.174881,-32262.509762,19456.100603,508.396375,30898.495945,78.671830,6395.156733,-15.785645,0.012703,False,False,False,False,True,True,True,1-circle,-1.000000,5650.901494,-20340.377319,-0.432196,-0.097348,100.000000,100.000000,0.000000,0.000000,2,4,4,0.0000,0.0000,0.0000,0.5000,"PursuitChaseOptimal",0.003911
4505,B0100,aggressive,UNKNOWN,16376.949410,29068.262428,3331.737572,1706.174881,-32262.509762,19456.100603,508.396375,30898.495945,78.671830,6395.156733,-15.785645,0.012703,False,False,False,False,True,True,True,1-circle,-1.000000,5650.901494,-20340.377319,-0.432196,-0.097348,100.000000,100.000000,0.000000,0.000000,2,4,4,0.0000,0.0000,0.0000,0.5000,"Accelerate",-0.008095
4506,A0100,pursuit_chase_v1,UNKNOWN,16380.917462,29067.742587,3332.257413,1691.335246,-32248.895782,19457.166956,508.419164,30900.588126,41.843614,6406.674059,-16.101671,0.044543,False,False,False,False,True,True,True,1-circle,-1.000000,5654.135172,-20533.937154,-1.515253,0.075183,100.000000,100.000000,0.000000,0.000000,2,4,4,0.0000,0.0000,0.0000,0.5000,"PursuitChaseOptimal",-0.005216
4506,B0100,aggressive,UNKNOWN,16380.917462,29067.742587,3332.257413,1691.335246,-32248.895782,19457.166956,508.419164,30900.588126,41.843614,6406.674059,-16.101671,0.044543,False,False,False,False,True,True,True,1-circle,-1.000000,5654.135172,-20533.937154,-1.515253,0.075183,100.000000,100.000000,0.000000,0.000000,2,4,4,0.0000,0.0000,0.0000,0.5000,"Accelerate",0.001094
4507,A0100,pursuit_chase_v1,UNKNOWN,16380.917462,29067.742587,3332.257413,1691.335246,-32248.895782,19457.166956,508.419164,30900.588126,41.843614,6406.674059,-16.101671,0.044543,False,False,False,False,True,True,True,1-circle,-1.000000,5654.135172,-20533.937154,-1.515253,0.075183,100.000000,100.000000,0.000000,0.000000,2,4,4,0.0000,0.0000,0.0000,0.5000,"PursuitChaseOptimal",-0.012777
4507,B0100,aggressive,UNKNOWN,16380.917462,29067.742587,3332.257413,1691.335246,-32248.895782,19457.166956,508.419164,30900.588126,41.843614,6406.674059,-16.101671,0.044543,False,False,False,False,True,True,True,1-circle,-1.000000,5654.135172,-20533.937154,-1.515253,0.075183,100.000000,100.000000,0.000000,0.000000,2,4,4,0.0000,0.0000,0.0000,0.5000,"Accelerate",0.009300
4508,A0100,pursuit_chase_v1,UNKNOWN,16384.899246,29064.681887,3335.318113,1675.928761,-32236.238789,19458.184980,508.471992,30903.984388,67.925245,6411.495260,-15.918656,0.021797,False,False,False,False,True,True,True,1-circle,-1.000000,5657.403036,-20393.350734,-0.741691,-0.056626,100.000000,100.000000,0.000000,0.000000,2,4,4,0.0000,0.0000,0.0000,0.5000,"PursuitChaseOptimal",-0.019880
4508,B0100,aggressive,UNKNOWN,16384.899246,29064.681887,3335.318113,1675.928761,-32236.238789,19458.184980,508.471992,30903.984388,67.925245,6411.495260,-15.918656,0.021797,False,False,False,False,True,True,True,1-circle,-1.000000,5657.403036,-20393.350734,-0.741691,-0.056626,100.000000,100.000000,0.000000,0.000000,2,4,4,0.0000,0.0000,0.0000,0.5000,"Accelerate",0.016659
4509,A0100,pursuit_chase_v1,UNKNOWN,16384.899246,29064.681887,3335.318113,1675.928761,-32236.238789,19458.184980,508.471992,30903.984388,67.925245,6411.495260,-15.918656,0.021797,False,False,False,False,True,True,True,1-circle,-1.000000,5657.403036,-20393.350734,-0.741691,-0.056626,100.000000,100.000000,0.000000,0.000000,2,4,4,0.0000,0.0000,0.0000,0.5000,"PursuitChaseOptimal",-0.025280
4509,B0100,aggressive,UNKNOWN,16384.899246,29064.681887,3335.318113,1675.928761,-32236.238789,19458.184980,508.471992,30903.984388,67.925245,6411.495260,-15.918656,0.021797,False,False,False,False,True,True,True,1-circle,-1.000000,5657.403036,-20393.350734,-0.741691,-0.056626,100.000000,100.000000,0.000000,0.000000,2,4,4,0.0000,0.0000,0.0000,0.5000,"Accelerate",0.021567
4510,A0100,pursuit_chase_v1,UNKNOWN,16388.868965,29062.716990,3337.283010,1662.243393,-32222.619438,19459.243798,508.495355,30906.095040,42.213042,6414.840187,-15.534380,0.053336,False,False,False,False,True,True,True,1-circle,-1.000000,5660.764819,-20585.207681,-1.814476,0.021544,100.000000,100.000000,0.000000,0.000000,2,4,4,0.0000,0.0000,0.0000,0.5000,"PursuitChaseOptimal",-0.025393
4510,B0100,aggressive,UNKNOWN,16388.868965,29062.716990,3337.283010,1662.243393,-32222.619438,19459.243798,508.495355,30906.095040,42.213042,6414.840187,-15.534380,0.053336,False,False,False,False,True,True,True,1-circle,-1.000000,5660.764819,-20585.207681,-1.814476,0.021544,100.000000,100.000000,0.000000,0.000000,2,4,4,0.0000,0.0000,0.0000,0.5000,"Accelerate",0.021606
4511,A0100,pursuit_chase_v1,UNKNOWN,16388.868965,29062.716990,3337.283010,1662.243393,-32222.619438,19459.243798,508.495355,30906.095040,42.213042,6414.840187,-15.534380,0.053336,False,False,False,False,True,True,True,1-circle,-1.000000,5660.764819,-20585.207681,-1.814476,0.021544,100.000000,100.000000,0.000000,0.000000,2,4,4,0.0000,0.0000,0.0000,0.5000,"PursuitChaseOptimal",-0.018305
4511,B0100,aggressive,UNKNOWN,16388.868965,29062.716990,3337.283010,1662.243393,-32222.619438,19459.243798,508.495355,30906.095040,42.213042,6414.840187,-15.534380,0.053336,False,False,False,False,True,True,True,1-circle,-1.000000,5660.764819,-20585.207681,-1.814476,0.021544,100.000000,100.000000,0.000000,0.000000,2,4,4,0.0000,0.0000,0.0000,0.5000,"Accelerate",0.014833
4512,A0100,pursuit_chase_v1,UNKNOWN,16392.858582,29058.006471,3341.993529,1655.003758,-32210.005791,19460.238395,508.554598,30909.757032,73.239824,6423.674250,-15.297650,0.030251,False,False,False,False,True,True,True,1-circle,-1.000000,5664.385076,-20442.851245,-1.029482,-0.146424,100.000000,100.000000,0.000000,0.000000,2,4,4,0.0000,0.0000,0.0000,0.5000,"PursuitChaseOptimal",-0.004731
4512,B0100,aggressive,UNKNOWN,16392.858582,29058.006471,3341.993529,1655.003758,-32210.005791,19460.238395,508.554598,30909.757032,73.239824,6423.674250,-15.297650,0.030251,False,False,False,False,True,True,True,1-circle,-1.000000,5664.385076,-20442.851245,-1.029482,-0.146424,100.000000,100.000000,0.000000,0.000000,2,4,4,0.0000,0.0000,0.0000,0.5000,"Accelerate",0.001081
4513,A0100,pursuit_chase_v1,UNKNOWN,16392.858582,29058.006471,3341.993529,1655.003758,-32210.005791,19460.238395,508.554598,30909.757032,73.239824,6423.674250,-15.297650,0.030251,False,False,False,False,True,True,True,1-circle,-1.000000,5664.385076,-20442.851245,-1.029482,-0.146424,100.000000,100.000000,0.000000,0.000000,2,4,4,0.0000,0.0000,0.0000,0.5000,"PursuitChaseOptimal",0.011289
4513,B0100,aggressive,UNKNOWN,16392.858582,29058.006471,3341.993529,1655.003758,-32210.005791,19460.238395,508.554598,30909.757032,73.239824,6423.674250,-15.297650,0.030251,False,False,False,False,True,True,True,1-circle,-1.000000,5664.385076,-20442.851245,-1.029482,-0.146424,100.000000,100.000000,0.000000,0.000000,2,4,4,0.0000,0.0000,0.0000,0.5000,"Accelerate",-0.015887
4514,A0100,pursuit_chase_v1,UNKNOWN,16396.867924,29056.119789,3343.880211,1649.169894,-32196.328815,19461.265209,508.575524,30911.726139,39.382143,6434.336351,-15.693865,0.061533,False,False,False,False,True,True,True,1-circle,-1.000000,5668.010211,-20633.328014,-2.093446,0.019590,100.000000,100.000000,0.000000,0.000000,2,4,4,0.0000,0.0000,0.0000,0.5000,"PursuitChaseOptimal",0.036837
4514,B0100,aggressive,UNKNOWN,16396.867924,29056.119789,3343.880211,1649.169894,-32196.328815,19461.265209,508.575524,30911.726139,39.382143,6434.336351,-15.693865,0.061533,False,False,False,False,True,True,True,1-circle,-1.000000,5668.010211,-20633.328014,-2.093446,0.019590,100.000000,100.000000,0.000000,0.000000,2,4,4,0.0000,0.0000,0.0000,0.5000,"Accelerate",-0.042310
4515,A0100,pursuit_chase_v1,UNKNOWN,16396.867924,29056.119789,3343.880211,1649.169894,-32196.328815,19461.265209,508.575524,30911.726139,39.382143,6434.336351,-15.693865,0.061533,False,False,False,False,True,True,True,1-circle,-1.000000,5668.010211,-20633.328014,-2.093446,0.019590,100.000000,100.000000,0.000000,0.000000,2,4,4,0.0000,0.0000,0.0000,0.5000,"PursuitChaseOptimal",0.051230
4515,B0100,aggressive,UNKNOWN,16396.867924,29056.119789,3343.880211,1649.169894,-32196.328815,19461.265209,508.575524,30911.726139,39.382143,6434.336351,-15.693865,0.061533,False,False,False,False,True,True,True,1-circle,-1.000000,5668.010211,-20633.328014,-2.093446,0.019590,100.000000,100.000000,0.000000,0.000000,2,4,4,0.0000,0.0000,0.0000,0.5000,"Accelerate",-0.056471
4516,A0100,pursuit_chase_v1,UNKNOWN,16400.907239,29044.718983,3355.281017,1639.808517,-32185.307648,19462.201378,508.727565,30919.509674,155.670705,6445.206311,-16.510944,0.020645,False,False,False,False,True,True,True,1-circle,-1.000000,5671.416179,-20128.812144,0.702869,-0.111464,100.000000,100.000000,0.000000,0.000000,2,4,4,0.0000,0.0000,0.0000,0.5000,"PursuitChaseOptimal",0.038895
4516,B0100,aggressive,UNKNOWN,16400.907239,29044.718983,3355.281017,1639.808517,-32185.307648,19462.201378,508.727565,30919.509674,155.670705,6445.206311,-16.510944,0.020645,False,False,False,False,True,True,True,1-circle,-1.000000,5671.416179,-20128.812144,0.702869,-0.111464,100.000000,100.000000,0.000000,0.000000,2,4,4,0.0000,0.0000,0.0000,0.5000,"Accelerate",-0.043115
4517,A0100,pursuit_chase_v1,UNKNOWN,16400.907239,29044.718983,3355.281017,1639.808517,-32185.307648,19462.201378,508.727565,30919.509674,155.670705,6445.206311,-16.510944,0.020645,False,False,False,False,True,True,True,1-circle,-1.000000,5671.416179,-20128.812144,0.702869,-0.111464,100.000000,100.000000,0.000000,0.000000,2,4,4,0.0000,0.0000,0.0000,0.5000,"PursuitChaseOptimal",0.027378
4517,B0100,aggressive,UNKNOWN,16400.907239,29044.718983,3355.281017,1639.808517,-32185.307648,19462.201378,508.727565,30919.509674,155.670705,6445.206311,-16.510944,0.020645,False,False,False,False,True,True,True,1-circle,-1.000000,5671.416179,-20128.812144,0.702869,-0.111464,100.000000,100.000000,0.000000,0.000000,2,4,4,0.0000,0.0000,0.0000,0.5000,"Accelerate",-0.031226
4518,A0100,pursuit_chase_v1,UNKNOWN,16404.968594,29052.038892,3347.961108,1627.063923,-32169.155844,19463.150649,508.698079,30919.130840,-7.576672,6460.841587,-17.667608,0.038518,False,False,False,False,True,True,True,1-circle,-1.000000,5674.347588,-20489.854290,-1.311122,0.082546,100.000000,100.000000,0.000000,0.000000,2,4,4,0.0000,0.0000,0.0000,0.5000,"PursuitChaseOptimal",0.023328
4518,B0100,aggressive,UNKNOWN,16404.968594,29052.038892,3347.961108,1627.063923,-32169.155844,19463.150649,508.698079,30919.130840,-7.576672,6460.841587,-17.667608,0.038518,False,False,False,False,True,True,True,1-circle,-1.000000,5674.347588,-20489.854290,-1.311122,0.082546,100.000000,100.000000,0.000000,0.000000,3,0,0,0.0000,0.0000,0.0000,0.5000,"Pursue",-0.026997
4519,A0100,pursuit_chase_v1,UNKNOWN,16404.968594,29052.038892,3347.961108,1627.063923,-32169.155844,19463.150649,508.698079,30919.130840,-7.576672,6460.841587,-17.667608,0.038518,False,False,False,False,True,True,True,1-circle,-1.000000,5674.347588,-20489.854290,-1.311122,0.082546,100.000000,100.000000,0.000000,0.000000,2,4,4,0.0000,0.0000,0.0000,0.5000,"PursuitChaseOptimal",0.014160
4519,B0100,aggressive,UNKNOWN,16404.968594,29052.038892,3347.961108,1627.063923,-32169.155844,19463.150649,508.698079,30919.130840,-7.576672,6460.841587,-17.667608,0.038518,False,False,False,False,True,True,True,1-circle,-1.000000,5674.347588,-20489.854290,-1.311122,0.082546,100.000000,100.000000,0.000000,0.000000,3,0,0,0.0000,0.0000,0.0000,0.5000,"Pursue",-0.017056
4520,A0100,pursuit_chase_v1,UNKNOWN,16409.063413,29069.053440,3330.946560,1622.800998,-32158.823367,19464.223619,508.681336,30919.449690,6.376984,6461.725128,-18.568115,0.071464,False,False,False,False,True,True,True,1-circle,-1.000000,5676.839961,-20689.767522,-2.431522,0.375967,100.000000,100.000000,0.000000,0.000000,2,4,4,0.0000,0.0000,0.0000,0.5000,"PursuitChaseOptimal",0.017184
4520,B0100,aggressive,UNKNOWN,16409.063413,29069.053440,3330.946560,1622.800998,-32158.823367,19464.223619,508.681336,30919.449690,6.376984,6461.725128,-18.568115,0.071464,False,False,False,False,True,True,True,1-circle,-1.000000,5676.839961,-20689.767522,-2.431522,0.375967,100.000000,100.000000,0.000000,0.000000,3,0,0,0.0000,0.0000,0.0000,0.5000,"Pursue",-0.019441
4521,A0100,pursuit_chase_v1,UNKNOWN,16409.063413,29069.053440,3330.946560,1622.800998,-32158.823367,19464.223619,508.681336,30919.449690,6.376984,6461.725128,-18.568115,0.071464,False,False,False,False,True,True,True,1-circle,-1.000000,5676.839961,-20689.767522,-2.431522,0.375967,100.000000,100.000000,0.000000,0.000000,2,4,4,0.0000,0.0000,0.0000,0.5000,"PursuitChaseOptimal",0.022245
4521,B0100,aggressive,UNKNOWN,16409.063413,29069.053440,3330.946560,1622.800998,-32158.823367,19464.223619,508.681336,30919.449690,6.376984,6461.725128,-18.568115,0.071464,False,False,False,False,True,True,True,1-circle,-1.000000,5676.839961,-20689.767522,-2.431522,0.375967,100.000000,100.000000,0.000000,0.000000,3,0,0,0.0000,0.0000,0.0000,0.5000,"Pursue",-0.023523
4522,A0100,pursuit_chase_v1,UNKNOWN,16413.119572,29115.601363,3284.398637,1604.968951,-32139.278147,19465.638661,508.342352,30905.602338,-276.947028,6432.258374,-19.512052,0.279255,False,False,False,False,True,True,True,1-circle,-1.000000,5678.757833,-21944.837623,-9.415834,0.766673,100.000000,100.000000,0.000000,0.000000,2,4,4,0.0000,0.0000,0.0000,0.5000,"PursuitChaseOptimal",0.014231
4522,B0100,aggressive,UNKNOWN,16413.119572,29115.601363,3284.398637,1604.968951,-32139.278147,19465.638661,508.342352,30905.602338,-276.947028,6432.258374,-19.512052,0.279255,False,False,False,False,True,True,True,1-circle,-1.000000,5678.757833,-21944.837623,-9.415834,0.766673,100.000000,100.000000,0.000000,0.000000,3,0,0,0.0000,0.0000,0.0000,0.5000,"Pursue",-0.013990
4523,A0100,pursuit_chase_v1,UNKNOWN,16413.119572,29115.601363,3284.398637,1604.968951,-32139.278147,19465.638661,508.342352,30905.602338,-276.947028,6432.258374,-19.512052,0.279255,False,False,False,False,True,True,True,1-circle,-1.000000,5678.757833,-21944.837623,-9.415834,0.766673,100.000000,100.000000,0.000000,0.000000,2,4,4,0.0000,0.0000,0.0000,0.5000,"PursuitChaseOptimal",0.010814
4523,B0100,aggressive,UNKNOWN,16413.119572,29115.601363,3284.398637,1604.968951,-32139.278147,19465.638661,508.342352,30905.602338,-276.947028,6432.258374,-19.512052,0.279255,False,False,False,False,True,True,True,1-circle,-1.000000,5678.757833,-21944.837623,-9.415834,0.766673,100.000000,100.000000,0.000000,0.000000,3,0,0,0.0000,0.0000,0.0000,0.5000,"Pursue",-0.009369
4524,A0100,pursuit_chase_v1,UNKNOWN,16417.012704,29208.481520,3191.518480,1566.762690,-32095.980490,19467.820062,507.592522,30874.059632,-630.854126,6367.340000,-20.659058,0.618961,False,False,False,False,True,True,True,1-circle,-1.000000,5679.677837,-23875.590503,-20.157105,2.501814,100.000000,100.000000,0.000000,0.000000,2,4,4,0.0000,0.0000,0.0000,0.5000,"PursuitChaseOptimal",-0.002954
4524,B0100,aggressive,UNKNOWN,16417.012704,29208.481520,3191.518480,1566.762690,-32095.980490,19467.820062,507.592522,30874.059632,-630.854126,6367.340000,-20.659058,0.618961,False,False,False,False,True,True,True,1-circle,-1.000000,5679.677837,-23875.590503,-20.157105,2.501814,100.000000,100.000000,0.000000,0.000000,3,0,0,0.0000,0.0000,0.0000,0.5000,"Pursue",0.005781
4525,A0100,pursuit_chase_v1,UNKNOWN,16417.012704,29208.481520,3191.518480,1566.762690,-32095.980490,19467.820062,507.592522,30874.059632,-630.854126,6367.340000,-20.659058,0.618961,False,False,False,False,True,True,True,1-circle,-1.000000,5679.677837,-23875.590503,-20.157105,2.501814,100.000000,100.000000,0.000000,0.000000,2,4,4,0.0000,0.0000,0.0000,0.5000,"PursuitChaseOptimal",-0.006210
4525,B0100,aggressive,UNKNOWN,16417.012704,29208.481520,3191.518480,1566.762690,-32095.980490,19467.820062,507.592522,30874.059632,-630.854126,6367.340000,-20.659058,0.618961,False,False,False,False,True,True,True,1-circle,-1.000000,5679.677837,-23875.590503,-20.157105,2.501814,100.000000,100.000000,0.000000,0.000000,3,0,0,0.0000,0.0000,0.0000,0.5000,"Pursue",0.010223
4526,A0100,pursuit_chase_v1,UNKNOWN,16420.696729,29337.151148,3062.848852,1499.028617,-32010.971131,19471.245686,506.832561,30843.356265,-614.067332,6310.424832,-22.309285,1.034216,False,False,False,False,True,True,True,1-circle,-1.000000,5679.257015,-25911.917614,-31.488943,5.390688,100.000000,100.000000,0.000000,0.000000,2,4,4,0.0000,0.0000,0.0000,0.5000,"PursuitChaseOptimal",0.006689
4526,B0100,aggressive,UNKNOWN,16420.696729,29337.151148,3062.848852,1499.028617,-32010.971131,19471.245686,506.832561,30843.356265,-614.067332,6310.424832,-22.309285,1.034216,False,False,False,False,True,True,True,1-circle,-1.000000,5679.257015,-25911.917614,-31.488943,5.390688,100.000000,100.000000,0.000000,0.000000,3,0,0,0.0000,0.0000,0.0000,0.5000,"Pursue",-0.002198
4527,A0100,pursuit_chase_v1,UNKNOWN,16420.696729,29337.151148,3062.848852,1499.028617,-32010.971131,19471.245686,506.832561,30843.356265,-614.067332,6310.424832,-22.309285,1.034216,False,False,False,False,True,True,True,1-circle,-1.000000,5679.257015,-25911.917614,-31.488943,5.390688,100.000000,100.000000,0.000000,0.000000,2,4,4,0.0000,0.0000,0.0000,0.5000,"PursuitChaseOptimal",0.017741
4527,B0100,aggressive,UNKNOWN,16420.696729,29337.151148,3062.848852,1499.028617,-32010.971131,19471.245686,506.832561,30843.356265,-614.067332,6310.424832,-22.309285,1.034216,False,False,False,False,True,True,True,1-circle,-1.000000,5679.257015,-25911.917614,-31.488943,5.390688,100.000000,100.000000,0.000000,0.000000,3,0,0,0.0000,0.0000,0.0000,0.5000,"Pursue",-0.013103
4528,A0100,pursuit_chase_v1,UNKNOWN,16424.101674,29462.174662,2937.825338,1398.131180,-31879.921202,19476.198103,505.912662,30807.065487,-725.815568,6230.627574,-23.563762,1.570636,False,False,False,False,True,True,True,1-circle,-1.000000,5677.238512,-27958.930732,-42.884628,7.007518,100.000000,100.000000,0.000000,0.000000,2,4,4,0.0000,0.0000,0.0000,0.5000,"PursuitChaseOptimal",0.011492
4528,B0100,aggressive,UNKNOWN,16424.101674,29462.174662,2937.825338,1398.131180,-31879.921202,19476.198103,505.912662,30807.065487,-725.815568,6230.627574,-23.563762,1.570636,False,False,False,False,True,True,True,1-circle,-1.000000,5677.238512,-27958.930732,-42.884628,7.007518,100.000000,100.000000,0.000000,0.000000,3,0,0,0.0000,0.0000,0.0000,0.5000,"Pursue",-0.006861
4529,A0100,pursuit_chase_v1,UNKNOWN,16424.101674,29462.174662,2937.825338,1398.131180,-31879.921202,19476.198103,505.912662,30807.065487,-725.815568,6230.627574,-23.563762,1.570636,False,False,False,False,True,True,True,1-circle,-1.000000,5677.238512,-27958.930732,-42.884628,7.007518,100.000000,100.000000,0.000000,0.000000,2,4,4,0.0000,0.0000,0.0000,0.5000,"PursuitChaseOptimal",-0.002161
4529,B0100,aggressive,UNKNOWN,16424.101674,29462.174662,2937.825338,1398.131180,-31879.921202,19476.198103,505.912662,30807.065487,-725.815568,6230.627574,-23.563762,1.570636,False,False,False,False,True,True,True,1-circle,-1.000000,5677.238512,-27958.930732,-42.884628,7.007518,100.000000,100.000000,0.000000,0.000000,3,0,0,0.0000,0.0000,0.0000,0.5000,"Pursue",0.006782
4530,A0100,pursuit_chase_v1,UNKNOWN,16427.112716,29548.425192,2851.574808,1278.415187,-31716.733304,19482.535842,504.765880,30762.092764,-899.454469,6139.751525,-23.729907,2.401949,False,False,False,False,True,True,True,1-circle,-1.000000,5673.701716,-30098.541335,-54.798445,7.680008,100.000000,100.000000,0.000000,0.000000,2,4,4,0.0000,0.0000,0.0000,0.5000,"PursuitChaseOptimal",-0.010749
4530,B0100,aggressive,UNKNOWN,16427.112716,29548.425192,2851.574808,1278.415187,-31716.733304,19482.535842,504.765880,30762.092764,-899.454469,6139.751525,-23.729907,2.401949,False,False,False,False,True,True,True,1-circle,-1.000000,5673.701716,-30098.541335,-54.798445,7.680008,100.000000,100.000000,0.000000,0.000000,3,0,0,0.0000,0.0000,0.0000,0.5000,"Pursue",0.015213
4531,A0100,pursuit_chase_v1,UNKNOWN,16427.112716,29548.425192,2851.574808,1278.415187,-31716.733304,19482.535842,504.765880,30762.092764,-899.454469,6139.751525,-23.729907,2.401949,False,False,False,False,True,True,True,1-circle,-1.000000,5673.701716,-30098.541335,-54.798445,7.680008,100.000000,100.000000,0.000000,0.000000,2,4,4,0.0000,0.0000,0.0000,0.5000,"PursuitChaseOptimal",-0.010285
4531,B0100,aggressive,UNKNOWN,16427.112716,29548.425192,2851.574808,1278.415187,-31716.733304,19482.535842,504.765880,30762.092764,-899.454469,6139.751525,-23.729907,2.401949,False,False,False,False,True,True,True,1-circle,-1.000000,5673.701716,-30098.541335,-54.798445,7.680008,100.000000,100.000000,0.000000,0.000000,3,0,0,0.0000,0.0000,0.0000,0.5000,"Pursue",0.014521
4532,A0100,pursuit_chase_v1,UNKNOWN,16429.714778,29586.046887,2813.953113,1142.387034,-31530.277767,19489.944506,503.729547,30723.232942,-777.196434,6062.767106,-23.062226,4.029226,False,False,False,False,True,True,True,1-circle,-1.000000,5669.121826,-32317.409435,-67.154366,8.298551,100.000000,100.000000,0.000000,0.000000,2,4,4,0.0000,0.0000,0.0000,0.5000,"PursuitChaseOptimal",0.006548
4532,B0100,aggressive,UNKNOWN,16429.714778,29586.046887,2813.953113,1142.387034,-31530.277767,19489.944506,503.729547,30723.232942,-777.196434,6062.767106,-23.062226,4.029226,False,False,False,False,True,True,True,1-circle,-1.000000,5669.121826,-32317.409435,-67.154366,8.298551,100.000000,100.000000,0.000000,0.000000,3,0,0,0.0000,0.0000,0.0000,0.5000,"Pursue",-0.002697
4533,A0100,pursuit_chase_v1,UNKNOWN,16429.714778,29586.046887,2813.953113,1142.387034,-31530.277767,19489.944506,503.729547,30723.232942,-777.196434,6062.767106,-23.062226,4.029226,False,False,False,False,True,True,True,1-circle,-1.000000,5669.121826,-32317.409435,-67.154366,8.298551,100.000000,100.000000,0.000000,0.000000,2,4,4,0.0000,0.0000,0.0000,0.5000,"PursuitChaseOptimal",0.014790
4533,B0100,aggressive,UNKNOWN,16429.714778,29586.046887,2813.953113,1142.387034,-31530.277767,19489.944506,503.729547,30723.232942,-777.196434,6062.767106,-23.062226,4.029226,False,False,False,False,True,True,True,1-circle,-1.000000,5669.121826,-32317.409435,-67.154366,8.298551,100.000000,100.000000,0.000000,0.000000,3,0,0,0.0000,0.0000,0.0000,0.5000,"Pursue",-0.011589
4534,A0100,pursuit_chase_v1,UNKNOWN,16431.885993,29567.014788,2832.985212,994.429269,-31327.903135,19498.053540,502.738995,30687.206327,-720.532300,5978.446378,-21.546521,9.091832,False,False,False,False,True,True,True,1-circle,-1.000000,5663.846817,30282.425852,-79.406731,8.534238,100.000000,100.000000,0.000000,0.000000,2,4,4,0.0000,0.0000,0.0000,0.5000,"PursuitChaseOptimal",0.018771
4534,B0100,aggressive,UNKNOWN,16431.885993,29567.014788,2832.985212,994.429269,-31327.903135,19498.053540,502.738995,30687.206327,-720.532300,5978.446378,-21.546521,9.091832,False,False,False,False,True,True,True,1-circle,-1.000000,5663.846817,30282.425852,-79.406731,8.534238,100.000000,100.000000,0.000000,0.000000,3,0,0,0.0000,0.0000,0.0000,0.5000,"Pursue",-0.015723
4535,A0100,pursuit_chase_v1,UNKNOWN,16431.885993,29567.014788,2832.985212,994.429269,-31327.903135,19498.053540,502.738995,30687.206327,-720.532300,5978.446378,-21.546521,9.091832,False,False,False,False,True,True,True,1-circle,-1.000000,5663.846817,30282.425852,-79.406731,8.534238,100.000000,100.000000,0.000000,0.000000,2,4,4,0.0000,0.0000,0.0000,0.5000,"PursuitChaseOptimal",0.007746
4535,B0100,aggressive,UNKNOWN,16431.885993,29567.014788,2832.985212,994.429269,-31327.903135,19498.053540,502.738995,30687.206327,-720.532300,5978.446378,-21.546521,9.091832,False,False,False,False,True,True,True,1-circle,-1.000000,5663.846817,30282.425852,-79.406731,8.534238,100.000000,100.000000,0.000000,0.000000,3,0,0,0.0000,0.0000,0.0000,0.5000,"Pursue",-0.004802
4536,A0100,pursuit_chase_v1,UNKNOWN,16433.600449,29509.578660,2890.421340,856.211347,-31132.315860,19506.458789,501.953441,30660.671699,-530.692556,5909.061538,-19.655509,19.052936,False,False,False,False,True,True,True,1-circle,-1.000000,5658.154024,29299.954587,-84.893434,8.545651,100.000000,100.000000,0.000000,0.000000,2,4,4,0.0000,0.0000,0.0000,0.5000,"PursuitChaseOptimal",0.003402
4536,B0100,aggressive,UNKNOWN,16433.600449,29509.578660,2890.421340,856.211347,-31132.315860,19506.458789,501.953441,30660.671699,-530.692556,5909.061538,-19.655509,19.052936,False,False,False,False,True,True,True,1-circle,-1.000000,5658.154024,29299.954587,-84.893434,8.545651,100.000000,100.000000,0.000000,0.000000,3,0,0,0.0000,0.0000,0.0000,0.5000,"Pursue",-0.000378
4537,A0100,pursuit_chase_v1,UNKNOWN,16433.600449,29509.578660,2890.421340,856.211347,-31132.315860,19506.458789,501.953441,30660.671699,-530.692556,5909.061538,-19.655509,19.052936,False,False,False,False,True,True,True,1-circle,-1.000000,5658.154024,29299.954587,-84.893434,8.545651,100.000000,100.000000,0.000000,0.000000,2,4,4,0.0000,0.0000,0.0000,0.5000,"PursuitChaseOptimal",0.016948
4537,B0100,aggressive,UNKNOWN,16433.600449,29509.578660,2890.421340,856.211347,-31132.315860,19506.458789,501.953441,30660.671699,-530.692556,5909.061538,-19.655509,19.052936,False,False,False,False,True,True,True,1-circle,-1.000000,5658.154024,29299.954587,-84.893434,8.545651,100.000000,100.000000,0.000000,0.000000,3,0,0,0.0000,0.0000,0.0000,0.5000,"Pursue",-0.013596
4538,A0100,pursuit_chase_v1,UNKNOWN,16434.914522,29434.706904,2965.293096,736.633853,-30943.107173,19514.956868,501.326938,30641.343345,-386.567088,5852.097306,-17.600041,15.531437,False,False,False,False,True,True,True,1-circle,-1.000000,5652.314202,29512.878323,-83.737541,8.375529,100.000000,100.000000,0.000000,0.000000,2,4,4,0.0000,0.0000,0.0000,0.5000,"PursuitChaseOptimal",0.021573
4538,B0100,aggressive,UNKNOWN,16434.914522,29434.706904,2965.293096,736.633853,-30943.107173,19514.956868,501.326938,30641.343345,-386.567088,5852.097306,-17.600041,15.531437,False,False,False,False,True,True,True,1-circle,-1.000000,5652.314202,29512.878323,-83.737541,8.375529,100.000000,100.000000,0.000000,0.000000,3,0,0,0.0000,0.0000,0.0000,0.5000,"Pursue",-0.017844
4539,A0100,pursuit_chase_v1,UNKNOWN,16434.914522,29434.706904,2965.293096,736.633853,-30943.107173,19514.956868,501.326938,30641.343345,-386.567088,5852.097306,-17.600041,15.531437,False,False,False,False,True,True,True,1-circle,-1.000000,5652.314202,29512.878323,-83.737541,8.375529,100.000000,100.000000,0.000000,0.000000,2,4,4,0.0000,0.0000,0.0000,0.5000,"PursuitChaseOptimal",0.005891
4539,B0100,aggressive,UNKNOWN,16434.914522,29434.706904,2965.293096,736.633853,-30943.107173,19514.956868,501.326938,30641.343345,-386.567088,5852.097306,-17.600041,15.531437,False,False,False,False,True,True,True,1-circle,-1.000000,5652.314202,29512.878323,-83.737541,8.375529,100.000000,100.000000,0.000000,0.000000,3,0,0,0.0000,0.0000,0.0000,0.5000,"Pursue",-0.001661
4540,A0100,pursuit_chase_v1,UNKNOWN,16435.790594,29355.962106,3044.037894,654.691981,-30758.923975,19523.528400,500.722556,30623.103879,-364.789322,5794.283688,-15.443856,10.269635,False,False,False,False,True,True,True,1-circle,-1.000000,5646.285960,30088.066966,-80.567693,8.205254,100.000000,100.000000,0.000000,0.000000,2,4,4,0.0000,0.0000,0.0000,0.5000,"PursuitChaseOptimal",0.006375
4540,B0100,aggressive,UNKNOWN,16435.790594,29355.962106,3044.037894,654.691981,-30758.923975,19523.528400,500.722556,30623.103879,-364.789322,5794.283688,-15.443856,10.269635,False,False,False,False,True,True,True,1-circle,-1.000000,5646.285960,30088.066966,-80.567693,8.205254,100.000000,100.000000,0.000000,0.000000,3,0,0,0.0000,0.0000,0.0000,0.5000,"Pursue",-0.001534
4541,A0100,pursuit_chase_v1,UNKNOWN,16435.790594,29355.962106,3044.037894,654.691981,-30758.923975,19523.528400,500.722556,30623.103879,-364.789322,5794.283688,-15.443856,10.269635,False,False,False,False,True,True,True,1-circle,-1.000000,5646.285960,30088.066966,-80.567693,8.205254,100.000000,100.000000,0.000000,0.000000,2,4,4,0.0000,0.0000,0.0000,0.5000,"PursuitChaseOptimal",0.023472
4541,B0100,aggressive,UNKNOWN,16435.790594,29355.962106,3044.037894,654.691981,-30758.923975,19523.528400,500.722556,30623.103879,-364.789322,5794.283688,-15.443856,10.269635,False,False,False,False,True,True,True,1-circle,-1.000000,5646.285960,30088.066966,-80.567693,8.205254,100.000000,100.000000,0.000000,0.000000,3,0,0,0.0000,0.0000,0.0000,0.5000,"Pursue",-0.017970
4542,A0100,pursuit_chase_v1,UNKNOWN,16436.195807,29274.109586,3125.890414,626.995335,-30570.577234,19532.239523,499.975903,30598.737405,-487.329466,5726.604901,-13.053670,7.503063,False,False,False,False,True,True,True,1-circle,-1.000000,5640.062384,30703.273578,-77.174173,8.128255,100.000000,100.000000,0.000000,0.000000,2,4,4,0.0000,0.0000,0.0000,0.5000,"PursuitChaseOptimal",0.032203
4542,B0100,aggressive,UNKNOWN,16436.195807,29274.109586,3125.890414,626.995335,-30570.577234,19532.239523,499.975903,30598.737405,-487.329466,5726.604901,-13.053670,7.503063,False,False,False,False,True,True,True,1-circle,-1.000000,5640.062384,30703.273578,-77.174173,8.128255,100.000000,100.000000,0.000000,0.000000,3,0,0,0.0000,0.0000,0.0000,0.5000,"Pursue",-0.025988
4543,A0100,pursuit_chase_v1,UNKNOWN,16436.195807,29274.109586,3125.890414,626.995335,-30570.577234,19532.239523,499.975903,30598.737405,-487.329466,5726.604901,-13.053670,7.503063,False,False,False,False,True,True,True,1-circle,-1.000000,5640.062384,30703.273578,-77.174173,8.128255,100.000000,100.000000,0.000000,0.000000,2,4,4,0.0000,0.0000,0.0000,0.5000,"PursuitChaseOptimal",0.025131
4543,B0100,aggressive,UNKNOWN,16436.195807,29274.109586,3125.890414,626.995335,-30570.577234,19532.239523,499.975903,30598.737405,-487.329466,5726.604901,-13.053670,7.503063,False,False,False,False,True,True,True,1-circle,-1.000000,5640.062384,30703.273578,-77.174173,8.128255,100.000000,100.000000,0.000000,0.000000,3,0,0,0.0000,0.0000,0.0000,0.5000,"Pursue",-0.018253
4544,A0100,pursuit_chase_v1,UNKNOWN,16436.020135,29191.354581,3208.645419,674.112313,-30381.348187,19541.190240,499.114688,30569.596600,-582.816106,5646.322877,-10.529991,5.799357,False,False,False,False,True,True,True,1-circle,-1.000000,5633.420251,31357.182996,-73.564913,8.142618,100.000000,100.000000,0.000000,0.000000,2,4,4,0.0000,0.0000,0.0000,0.5000,"PursuitChaseOptimal",0.009364
4544,B0100,aggressive,UNKNOWN,16436.020135,29191.354581,3208.645419,674.112313,-30381.348187,19541.190240,499.114688,30569.596600,-582.816106,5646.322877,-10.529991,5.799357,False,False,False,False,True,True,True,1-circle,-1.000000,5633.420251,31357.182996,-73.564913,8.142618,100.000000,100.000000,0.000000,0.000000,3,0,0,0.0000,0.0000,0.0000,0.5000,"Pursue",-0.001940
4545,A0100,pursuit_chase_v1,UNKNOWN,16436.020135,29191.354581,3208.645419,674.112313,-30381.348187,19541.190240,499.114688,30569.596600,-582.816106,5646.322877,-10.529991,5.799357,False,False,False,False,True,True,True,1-circle,-1.000000,5633.420251,31357.182996,-73.564913,8.142618,100.000000,100.000000,0.000000,0.000000,2,4,4,0.0000,0.0000,0.0000,0.5000,"PursuitChaseOptimal",0.007634
4545,B0100,aggressive,UNKNOWN,16436.020135,29191.354581,3208.645419,674.112313,-30381.348187,19541.190240,499.114688,30569.596600,-582.816106,5646.322877,-10.529991,5.799357,False,False,False,False,True,True,True,1-circle,-1.000000,5633.420251,31357.182996,-73.564913,8.142618,100.000000,100.000000,0.000000,0.000000,3,0,0,0.0000,0.0000,0.0000,0.5000,"Pursue",0.000621
4546,A0100,pursuit_chase_v1,UNKNOWN,16435.232471,29110.834163,3289.165837,765.495826,-30193.613190,19550.488831,498.178814,30537.575908,-640.413830,5571.571585,-7.866731,4.712900,False,False,False,False,True,True,False,1-circle,-1.000000,5626.327781,31999.277052,-70.020673,8.243960,100.000000,100.000000,0.000000,0.000000,2,4,4,0.0000,0.0000,0.0000,0.5000,"PursuitChaseOptimal",0.020376
4546,B0100,aggressive,UNKNOWN,16435.232471,29110.834163,3289.165837,765.495826,-30193.613190,19550.488831,498.178814,30537.575908,-640.413830,5571.571585,-7.866731,4.712900,False,False,False,False,True,True,False,1-circle,-1.000000,5626.327781,31999.277052,-70.020673,8.243960,100.000000,100.000000,0.000000,0.000000,3,0,0,0.0000,0.0000,0.0000,0.5000,"Pursue",-0.011373
4547,A0100,pursuit_chase_v1,UNKNOWN,16435.232471,29110.834163,3289.165837,765.495826,-30193.613190,19550.488831,498.178814,30537.575908,-640.413830,5571.571585,-7.866731,4.712900,False,False,False,False,True,True,False,1-circle,-1.000000,5626.327781,31999.277052,-70.020673,8.243960,100.000000,100.000000,0.000000,0.000000,2,4,4,0.0000,0.0000,0.0000,0.5000,"PursuitChaseOptimal",0.023859
4547,B0100,aggressive,UNKNOWN,16435.232471,29110.834163,3289.165837,765.495826,-30193.613190,19550.488831,498.178814,30537.575908,-640.413830,5571.571585,-7.866731,4.712900,False,False,False,False,True,True,False,1-circle,-1.000000,5626.327781,31999.277052,-70.020673,8.243960,100.000000,100.000000,0.000000,0.000000,3,0,0,0.0000,0.0000,0.0000,0.5000,"Pursue",-0.014156
4548,A0100,pursuit_chase_v1,UNKNOWN,16433.744755,29017.444850,3382.555150,909.410230,-29993.776205,19560.248658,497.055609,30497.848147,-794.555221,5475.045179,-4.605862,5.321481,False,False,False,False,True,True,False,1-circle,-1.000000,5618.705431,31625.453840,-72.119954,8.287349,100.000000,100.000000,0.000000,0.000000,2,4,4,0.0000,0.0000,0.0000,0.5000,"PursuitChaseOptimal",0.006721
4548,B0100,aggressive,UNKNOWN,16433.744755,29017.444850,3382.555150,909.410230,-29993.776205,19560.248658,497.055609,30497.848147,-794.555221,5475.045179,-4.605862,5.321481,False,False,False,False,True,True,False,1-circle,-1.000000,5618.705431,31625.453840,-72.119954,8.287349,100.000000,100.000000,0.000000,0.000000,3,0,0,0.0000,0.0000,0.0000,0.5000,"Pursue",0.003303
4549,A0100,pursuit_chase_v1,UNKNOWN,16433.744755,29017.444850,3382.555150,909.410230,-29993.776205,19560.248658,497.055609,30497.848147,-794.555221,5475.045179,-4.605862,5.321481,False,False,False,False,True,True,False,1-circle,-1.000000,5618.705431,31625.453840,-72.119954,8.287349,100.000000,100.000000,0.000000,0.000000,2,4,4,0.0000,0.0000,0.0000,0.5000,"PursuitChaseOptimal",0.002739
4549,B0100,aggressive,UNKNOWN,16433.744755,29017.444850,3382.555150,909.410230,-29993.776205,19560.248658,497.055609,30497.848147,-794.555221,5475.045179,-4.605862,5.321481,False,False,False,False,True,True,False,1-circle,-1.000000,5618.705431,31625.453840,-72.119954,8.287349,100.000000,100.000000,0.000000,0.000000,3,0,0,0.0000,0.0000,0.0000,0.5000,"Pursue",0.007019
4550,A0100,pursuit_chase_v1,UNKNOWN,16431.453768,28895.891698,3504.108302,1059.388728,-29781.947324,19570.424169,495.835698,30454.401769,-868.927564,5380.752824,-0.596056,9.548456,False,False,False,False,True,True,False,1-circle,-1.000000,5610.623406,30249.361860,-79.786447,8.304410,100.000000,100.000000,0.000000,0.000000,2,4,4,0.0000,0.0000,0.0000,0.5000,"PursuitChaseOptimal",0.017862
4550,B0100,aggressive,UNKNOWN,16431.453768,28895.891698,3504.108302,1059.388728,-29781.947324,19570.424169,495.835698,30454.401769,-868.927564,5380.752824,-0.596056,9.548456,False,False,False,False,True,True,False,1-circle,-1.000000,5610.623406,30249.361860,-79.786447,8.304410,100.000000,100.000000,0.000000,0.000000,3,0,0,0.0000,0.0000,0.0000,0.5000,"Pursue",-0.008032
4551,A0100,pursuit_chase_v1,UNKNOWN,16431.453768,28895.891698,3504.108302,1059.388728,-29781.947324,19570.424169,495.835698,30454.401769,-868.927564,5380.752824,-0.596056,9.548456,False,False,False,False,True,True,False,1-circle,-1.000000,5610.623406,30249.361860,-79.786447,8.304410,100.000000,100.000000,0.000000,0.000000,2,4,4,0.0000,0.0000,0.0000,0.5000,"PursuitChaseOptimal",0.028783
4551,B0100,aggressive,UNKNOWN,16431.453768,28895.891698,3504.108302,1059.388728,-29781.947324,19570.424169,495.835698,30454.401769,-868.927564,5380.752824,-0.596056,9.548456,False,False,False,False,True,True,False,1-circle,-1.000000,5610.623406,30249.361860,-79.786447,8.304410,100.000000,100.000000,0.000000,0.000000,3,0,0,0.0000,0.0000,0.0000,0.5000,"Pursue",-0.018856
4552,A0100,pursuit_chase_v1,UNKNOWN,16428.367586,28765.968415,3634.031585,1215.614324,-29586.836134,19580.785620,494.894903,30423.500075,-618.033880,5293.478925,3.378789,13.459309,False,False,False,False,True,True,False,1-circle,-1.000000,5602.328460,29727.683150,-82.704419,8.367656,100.000000,100.000000,0.000000,0.000000,2,4,4,0.0000,0.0000,0.0000,0.5000,"PursuitChaseOptimal",0.021298
4552,B0100,aggressive,UNKNOWN,16428.367586,28765.968415,3634.031585,1215.614324,-29586.836134,19580.785620,494.894903,30423.500075,-618.033880,5293.478925,3.378789,13.459309,False,False,False,False,True,True,False,1-circle,-1.000000,5602.328460,29727.683150,-82.704419,8.367656,100.000000,100.000000,0.000000,0.000000,3,0,0,0.0000,0.0000,0.0000,0.5000,"Pursue",-0.011246
4553,A0100,pursuit_chase_v1,UNKNOWN,16428.367586,28765.968415,3634.031585,1215.614324,-29586.836134,19580.785620,494.894903,30423.500075,-618.033880,5293.478925,3.378789,13.459309,False,False,False,False,True,True,False,1-circle,-1.000000,5602.328460,29727.683150,-82.704419,8.367656,100.000000,100.000000,0.000000,0.000000,2,4,4,0.0000,0.0000,0.0000,0.5000,"PursuitChaseOptimal",0.006326
4553,B0100,aggressive,UNKNOWN,16428.367586,28765.968415,3634.031585,1215.614324,-29586.836134,19580.785620,494.894903,30423.500075,-618.033880,5293.478925,3.378789,13.459309,False,False,False,False,True,True,False,1-circle,-1.000000,5602.328460,29727.683150,-82.704419,8.367656,100.000000,100.000000,0.000000,0.000000,3,0,0,0.0000,0.0000,0.0000,0.5000,"Pursue",0.003859
4554,A0100,pursuit_chase_v1,UNKNOWN,16424.540991,28640.281833,3759.718167,1363.788937,-29407.348473,19591.226180,494.182014,30402.725561,-415.490294,5229.022028,7.113478,9.767763,False,False,False,False,True,True,False,1-circle,-1.000000,5593.861846,30220.624927,-79.983863,8.342550,100.000000,100.000000,0.000000,0.000000,2,4,4,0.0000,0.0000,0.0000,0.5000,"PursuitChaseOptimal",0.005960
4554,B0100,aggressive,UNKNOWN,16424.540991,28640.281833,3759.718167,1363.788937,-29407.348473,19591.226180,494.182014,30402.725561,-415.490294,5229.022028,7.113478,9.767763,False,False,False,False,True,True,False,1-circle,-1.000000,5593.861846,30220.624927,-79.983863,8.342550,100.000000,100.000000,0.000000,0.000000,3,0,0,0.0000,0.0000,0.0000,0.5000,"Pursue",0.004868
4555,A0100,pursuit_chase_v1,UNKNOWN,16424.540991,28640.281833,3759.718167,1363.788937,-29407.348473,19591.226180,494.182014,30402.725561,-415.490294,5229.022028,7.113478,9.767763,False,False,False,False,True,True,False,1-circle,-1.000000,5593.861846,30220.624927,-79.983863,8.342550,100.000000,100.000000,0.000000,0.000000,2,4,4,0.0000,0.0000,0.0000,0.5000,"PursuitChaseOptimal",0.018076
4555,B0100,aggressive,UNKNOWN,16424.540991,28640.281833,3759.718167,1363.788937,-29407.348473,19591.226180,494.182014,30402.725561,-415.490294,5229.022028,7.113478,9.767763,False,False,False,False,True,True,False,1-circle,-1.000000,5593.861846,30220.624927,-79.983863,8.342550,100.000000,100.000000,0.000000,0.000000,3,0,0,0.0000,0.0000,0.0000,0.5000,"Pursue",-0.006454
4556,A0100,pursuit_chase_v1,UNKNOWN,16420.011097,28515.233686,3884.766314,1524.378920,-29227.121927,19601.779120,493.408012,30379.438492,-465.741366,5158.995581,11.047980,7.076232,False,False,False,False,True,True,False,1-circle,-1.000000,5585.301823,30889.907344,-76.281736,8.356801,100.000000,100.000000,0.000000,0.000000,2,4,4,0.0000,0.0000,0.0000,0.5000,"PursuitChaseOptimal",0.018140
4556,B0100,aggressive,UNKNOWN,16420.011097,28515.233686,3884.766314,1524.378920,-29227.121927,19601.779120,493.408012,30379.438492,-465.741366,5158.995581,11.047980,7.076232,False,False,False,False,True,True,False,1-circle,-1.000000,5585.301823,30889.907344,-76.281736,8.356801,100.000000,100.000000,0.000000,0.000000,3,0,0,0.0000,0.0000,0.0000,0.5000,"Pursue",-0.005861
4557,A0100,pursuit_chase_v1,UNKNOWN,16420.011097,28515.233686,3884.766314,1524.378920,-29227.121927,19601.779120,493.408012,30379.438492,-465.741366,5158.995581,11.047980,7.076232,False,False,False,False,True,True,False,1-circle,-1.000000,5585.301823,30889.907344,-76.281736,8.356801,100.000000,100.000000,0.000000,0.000000,2,4,4,0.0000,0.0000,0.0000,0.5000,"PursuitChaseOptimal",0.002373
4557,B0100,aggressive,UNKNOWN,16420.011097,28515.233686,3884.766314,1524.378920,-29227.121927,19601.779120,493.408012,30379.438492,-465.741366,5158.995581,11.047980,7.076232,False,False,False,False,True,True,False,1-circle,-1.000000,5585.301823,30889.907344,-76.281736,8.356801,100.000000,100.000000,0.000000,0.000000,3,0,0,0.0000,0.0000,0.0000,0.5000,"Pursue",0.010548
4558,A0100,pursuit_chase_v1,UNKNOWN,16414.685392,28394.083616,4005.916384,1698.147936,-29046.624176,19612.550029,492.536204,30352.156722,-545.635414,5081.154533,15.195706,5.543883,False,False,False,False,True,True,False,1-circle,-1.000000,5576.510156,31542.681168,-72.669776,8.456814,100.000000,100.000000,0.000000,0.000000,2,4,4,0.0000,0.0000,0.0000,0.5000,"PursuitChaseOptimal",-0.001732
4558,B0100,aggressive,UNKNOWN,16414.685392,28394.083616,4005.916384,1698.147936,-29046.624176,19612.550029,492.536204,30352.156722,-545.635414,5081.154533,15.195706,5.543883,False,False,False,False,True,True,False,1-circle,-1.000000,5576.510156,31542.681168,-72.669776,8.456814,100.000000,100.000000,0.000000,0.000000,3,0,0,0.0000,0.0000,0.0000,0.5000,"Pursue",0.015315
4559,A0100,pursuit_chase_v1,UNKNOWN,16414.685392,28394.083616,4005.916384,1698.147936,-29046.624176,19612.550029,492.536204,30352.156722,-545.635414,5081.154533,15.195706,5.543883,False,False,False,False,True,True,False,1-circle,-1.000000,5576.510156,31542.681168,-72.669776,8.456814,100.000000,100.000000,0.000000,0.000000,2,4,4,0.0000,0.0000,0.0000,0.5000,"PursuitChaseOptimal",0.014271
4559,B0100,aggressive,UNKNOWN,16414.685392,28394.083616,4005.916384,1698.147936,-29046.624176,19612.550029,492.536204,30352.156722,-545.635414,5081.154533,15.195706,5.543883,False,False,False,False,True,True,False,1-circle,-1.000000,5576.510156,31542.681168,-72.669776,8.456814,100.000000,100.000000,0.000000,0.000000,3,0,0,0.0000,0.0000,0.0000,0.5000,"Pursue",0.000246
4560,A0100,pursuit_chase_v1,UNKNOWN,16408.497278,28261.419179,4138.580821,1885.970025,-28853.071494,19623.655904,491.459708,30316.368546,-715.763520,4991.359538,19.903689,6.272699,False,False,False,False,True,True,False,1-circle,-1.000000,5567.468678,31205.755659,-74.554576,8.496864,100.000000,100.000000,0.000000,0.000000,2,4,4,0.0000,0.0000,0.0000,0.5000,"PursuitChaseOptimal",0.026773
4560,B0100,aggressive,UNKNOWN,16408.497278,28261.419179,4138.580821,1885.970025,-28853.071494,19623.655904,491.459708,30316.368546,-715.763520,4991.359538,19.903689,6.272699,False,False,False,False,True,True,False,1-circle,-1.000000,5567.468678,31205.755659,-74.554576,8.496864,100.000000,100.000000,0.000000,0.000000,3,0,0,0.0000,0.0000,0.0000,0.5000,"Pursue",-0.011967
4561,A0100,pursuit_chase_v1,UNKNOWN,16408.497278,28261.419179,4138.580821,1885.970025,-28853.071494,19623.655904,491.459708,30316.368546,-715.763520,4991.359538,19.903689,6.272699,False,False,False,False,True,True,False,1-circle,-1.000000,5567.468678,31205.755659,-74.554576,8.496864,100.000000,100.000000,0.000000,0.000000,2,4,4,0.0000,0.0000,0.0000,0.5000,"PursuitChaseOptimal",0.019282
4561,B0100,aggressive,UNKNOWN,16408.497278,28261.419179,4138.580821,1885.970025,-28853.071494,19623.655904,491.459708,30316.368546,-715.763520,4991.359538,19.903689,6.272699,False,False,False,False,True,True,False,1-circle,-1.000000,5567.468678,31205.755659,-74.554576,8.496864,100.000000,100.000000,0.000000,0.000000,3,0,0,0.0000,0.0000,0.0000,0.5000,"Pursue",-0.004551
4562,A0100,pursuit_chase_v1,UNKNOWN,16401.335282,28117.972877,4282.027123,2078.147269,-28660.870547,19635.041494,490.427227,30282.873815,-669.894621,4899.592986,24.829401,8.754060,False,False,False,False,True,True,False,1-circle,-1.000000,5558.121616,30446.872545,-78.781989,8.620657,100.000000,100.000000,0.000000,0.000000,2,4,4,0.0000,0.0000,0.0000,0.5000,"PursuitChaseOptimal",0.007193
4562,B0100,aggressive,UNKNOWN,16401.335282,28117.972877,4282.027123,2078.147269,-28660.870547,19635.041494,490.427227,30282.873815,-669.894621,4899.592986,24.829401,8.754060,False,False,False,False,True,True,False,1-circle,-1.000000,5558.121616,30446.872545,-78.781989,8.620657,100.000000,100.000000,0.000000,0.000000,2,4,4,0.0000,0.0000,0.0000,0.5000,"Accelerate",0.007246
4563,A0100,pursuit_chase_v1,UNKNOWN,16401.335282,28117.972877,4282.027123,2078.147269,-28660.870547,19635.041494,490.427227,30282.873815,-669.894621,4899.592986,24.829401,8.754060,False,False,False,False,True,True,False,1-circle,-1.000000,5558.121616,30446.872545,-78.781989,8.620657,100.000000,100.000000,0.000000,0.000000,2,4,4,0.0000,0.0000,0.0000,0.5000,"PursuitChaseOptimal",0.000704
4563,B0100,aggressive,UNKNOWN,16401.335282,28117.972877,4282.027123,2078.147269,-28660.870547,19635.041494,490.427227,30282.873815,-669.894621,4899.592986,24.829401,8.754060,False,False,False,False,True,True,False,1-circle,-1.000000,5558.121616,30446.872545,-78.781989,8.620657,100.000000,100.000000,0.000000,0.000000,2,4,4,0.0000,0.0000,0.0000,0.5000,"Accelerate",0.013728
4564,A0100,pursuit_chase_v1,UNKNOWN,16393.289351,27984.622489,4415.377511,2243.712904,-28489.207739,19646.586643,489.693294,30262.573470,-406.006886,4841.349949,29.332181,7.388673,False,False,False,False,True,True,False,1-circle,-1.000000,5548.640937,30812.365644,-76.760862,8.811306,100.000000,100.000000,0.000000,0.000000,2,4,4,0.0000,0.0000,0.0000,0.5000,"PursuitChaseOptimal",0.000497
4564,B0100,aggressive,UNKNOWN,16393.289351,27984.622489,4415.377511,2243.712904,-28489.207739,19646.586643,489.693294,30262.573470,-406.006886,4841.349949,29.332181,7.388673,False,False,False,False,True,True,False,1-circle,-1.000000,5548.640937,30812.365644,-76.760862,8.811306,100.000000,100.000000,0.000000,0.000000,2,4,4,0.0000,0.0000,0.0000,0.5000,"Accelerate",0.013759
4565,A0100,pursuit_chase_v1,UNKNOWN,16393.289351,27984.622489,4415.377511,2243.712904,-28489.207739,19646.586643,489.693294,30262.573470,-406.006886,4841.349949,29.332181,7.388673,False,False,False,False,True,True,False,1-circle,-1.000000,5548.640937,30812.365644,-76.760862,8.811306,100.000000,100.000000,0.000000,0.000000,2,4,4,0.0000,0.0000,0.0000,0.5000,"PursuitChaseOptimal",0.017957
4565,B0100,aggressive,UNKNOWN,16393.289351,27984.622489,4415.377511,2243.712904,-28489.207739,19646.586643,489.693294,30262.573470,-406.006886,4841.349949,29.332181,7.388673,False,False,False,False,True,True,False,1-circle,-1.000000,5548.640937,30812.365644,-76.760862,8.811306,100.000000,100.000000,0.000000,0.000000,2,4,4,0.0000,0.0000,0.0000,0.5000,"Accelerate",-0.004026
4566,A0100,pursuit_chase_v1,UNKNOWN,16384.532246,27881.998427,4518.001573,2380.263319,-28354.777207,19658.288944,489.513238,30266.470413,77.938847,4815.574703,32.520072,4.863209,False,False,False,False,True,True,False,1-circle,-1.000000,5539.122145,31971.701754,-70.327530,8.947634,100.000000,100.000000,0.000000,0.000000,2,4,4,0.0000,0.0000,0.0000,0.5000,"PursuitChaseOptimal",0.029202
4566,B0100,aggressive,UNKNOWN,16384.532246,27881.998427,4518.001573,2380.263319,-28354.777207,19658.288944,489.513238,30266.470413,77.938847,4815.574703,32.520072,4.863209,False,False,False,False,True,True,False,1-circle,-1.000000,5539.122145,31971.701754,-70.327530,8.947634,100.000000,100.000000,0.000000,0.000000,2,4,4,0.0000,0.0000,0.0000,0.5000,"Accelerate",-0.015964
4567,A0100,pursuit_chase_v1,UNKNOWN,16384.532246,27881.998427,4518.001573,2380.263319,-28354.777207,19658.288944,489.513238,30266.470413,77.938847,4815.574703,32.520072,4.863209,False,False,False,False,True,True,False,1-circle,-1.000000,5539.122145,31971.701754,-70.327530,8.947634,100.000000,100.000000,0.000000,0.000000,2,4,4,0.0000,0.0000,0.0000,0.5000,"PursuitChaseOptimal",0.033565
4567,B0100,aggressive,UNKNOWN,16384.532246,27881.998427,4518.001573,2380.263319,-28354.777207,19658.288944,489.513238,30266.470413,77.938847,4815.574703,32.520072,4.863209,False,False,False,False,True,True,False,1-circle,-1.000000,5539.122145,31971.701754,-70.327530,8.947634,100.000000,100.000000,0.000000,0.000000,2,4,4,0.0000,0.0000,0.0000,0.5000,"Accelerate",-0.021310
4568,A0100,pursuit_chase_v1,UNKNOWN,16375.305929,27827.242934,4572.757066,2469.610220,-28281.160638,19670.153901,489.751730,30288.674548,444.082701,4806.298005,33.981242,3.107339,False,False,False,False,True,True,False,1-circle,-1.000000,5529.405309,-31109.671107,-60.786267,8.347201,100.000000,100.000000,0.000000,0.000000,2,4,4,0.0000,0.0000,0.0000,0.5000,"PursuitChaseOptimal",0.021684
4568,B0100,aggressive,UNKNOWN,16375.305929,27827.242934,4572.757066,2469.610220,-28281.160638,19670.153901,489.751730,30288.674548,444.082701,4806.298005,33.981242,3.107339,False,False,False,False,True,True,False,1-circle,-1.000000,5529.405309,-31109.671107,-60.786267,8.347201,100.000000,100.000000,0.000000,0.000000,2,4,4,0.0000,0.0000,0.0000,0.5000,"Accelerate",-0.011150
4569,A0100,pursuit_chase_v1,UNKNOWN,16375.305929,27827.242934,4572.757066,2469.610220,-28281.160638,19670.153901,489.751730,30288.674548,444.082701,4806.298005,33.981242,3.107339,False,False,False,False,True,True,False,1-circle,-1.000000,5529.405309,-31109.671107,-60.786267,8.347201,100.000000,100.000000,0.000000,0.000000,2,4,4,0.0000,0.0000,0.0000,0.5000,"PursuitChaseOptimal",0.015826
4569,B0100,aggressive,UNKNOWN,16375.305929,27827.242934,4572.757066,2469.610220,-28281.160638,19670.153901,489.751730,30288.674548,444.082701,4806.298005,33.981242,3.107339,False,False,False,False,True,True,False,1-circle,-1.000000,5529.405309,-31109.671107,-60.786267,8.347201,100.000000,100.000000,0.000000,0.000000,2,4,4,0.0000,0.0000,0.0000,0.5000,"Accelerate",-0.007109
4570,A0100,pursuit_chase_v1,UNKNOWN,16365.907562,27815.118928,4584.881072,2482.947930,-28272.045130,19682.049193,489.987879,30310.812414,442.757322,4809.445615,34.224122,2.083831,False,False,False,False,True,True,False,1-circle,-1.000000,5519.592168,-29201.823579,-50.193479,6.778283,100.000000,100.000000,0.000000,0.000000,2,4,4,0.0000,0.0000,0.0000,0.5000,"PursuitChaseOptimal",0.031096
4570,B0100,aggressive,UNKNOWN,16365.907562,27815.118928,4584.881072,2482.947930,-28272.045130,19682.049193,489.987879,30310.812414,442.757322,4809.445615,34.224122,2.083831,False,False,False,False,True,True,False,1-circle,-1.000000,5519.592168,-29201.823579,-50.193479,6.778283,100.000000,100.000000,0.000000,0.000000,2,4,4,0.0000,0.0000,0.0000,0.5000,"Accelerate",-0.023246
4571,A0100,pursuit_chase_v1,UNKNOWN,16365.907562,27815.118928,4584.881072,2482.947930,-28272.045130,19682.049193,489.987879,30310.812414,442.757322,4809.445615,34.224122,2.083831,False,False,False,False,True,True,False,1-circle,-1.000000,5519.592168,-29201.823579,-50.193479,6.778283,100.000000,100.000000,0.000000,0.000000,2,4,4,0.0000,0.0000,0.0000,0.5000,"PursuitChaseOptimal",0.032593
4571,B0100,aggressive,UNKNOWN,16365.907562,27815.118928,4584.881072,2482.947930,-28272.045130,19682.049193,489.987879,30310.812414,442.757322,4809.445615,34.224122,2.083831,False,False,False,False,True,True,False,1-circle,-1.000000,5519.592168,-29201.823579,-50.193479,6.778283,100.000000,100.000000,0.000000,0.000000,2,4,4,0.0000,0.0000,0.0000,0.5000,"Accelerate",-0.025776
4572,A0100,pursuit_chase_v1,UNKNOWN,16356.594076,27819.073556,4580.926444,2458.086409,-28301.149981,19693.668793,490.337903,30337.622795,536.207620,4808.677440,34.038661,1.393316,False,False,False,False,True,True,False,1-circle,-1.000000,5509.996638,-27143.411186,-38.763508,5.565730,100.000000,100.000000,0.000000,0.000000,2,4,4,0.0000,0.0000,0.0000,0.5000,"PursuitChaseOptimal",0.012514
4572,B0100,aggressive,UNKNOWN,16356.594076,27819.073556,4580.926444,2458.086409,-28301.149981,19693.668793,490.337903,30337.622795,536.207620,4808.677440,34.038661,1.393316,False,False,False,False,True,True,False,1-circle,-1.000000,5509.996638,-27143.411186,-38.763508,5.565730,100.000000,100.000000,0.000000,0.000000,2,4,4,0.0000,0.0000,0.0000,0.5000,"Accelerate",-0.007415
4573,A0100,pursuit_chase_v1,UNKNOWN,16356.594076,27819.073556,4580.926444,2458.086409,-28301.149981,19693.668793,490.337903,30337.622795,536.207620,4808.677440,34.038661,1.393316,False,False,False,False,True,True,False,1-circle,-1.000000,5509.996638,-27143.411186,-38.763508,5.565730,100.000000,100.000000,0.000000,0.000000,2,4,4,0.0000,0.0000,0.0000,0.5000,"PursuitChaseOptimal",0.007672
4573,B0100,aggressive,UNKNOWN,16356.594076,27819.073556,4580.926444,2458.086409,-28301.149981,19693.668793,490.337903,30337.622795,536.207620,4808.677440,34.038661,1.393316,False,False,False,False,True,True,False,1-circle,-1.000000,5509.996638,-27143.411186,-38.763508,5.565730,100.000000,100.000000,0.000000,0.000000,2,4,4,0.0000,0.0000,0.0000,0.5000,"Accelerate",-0.003079
4574,A0100,pursuit_chase_v1,UNKNOWN,16347.527106,27819.925590,4580.074410,2396.702932,-28346.202543,19704.683147,490.876984,30372.054073,688.625560,4828.805627,33.781948,0.828773,False,False,False,False,True,True,False,1-circle,-1.000000,5500.981720,-24765.294867,-25.555734,4.763602,100.000000,100.000000,0.000000,0.000000,2,4,4,0.0000,0.0000,0.0000,0.5000,"PursuitChaseOptimal",0.022011
4574,B0100,aggressive,UNKNOWN,16347.527106,27819.925590,4580.074410,2396.702932,-28346.202543,19704.683147,490.876984,30372.054073,688.625560,4828.805627,33.781948,0.828773,False,False,False,False,True,True,False,1-circle,-1.000000,5500.981720,-24765.294867,-25.555734,4.763602,100.000000,100.000000,0.000000,0.000000,2,4,4,0.0000,0.0000,0.0000,0.5000,"Accelerate",-0.016889
4575,A0100,pursuit_chase_v1,UNKNOWN,16347.527106,27819.925590,4580.074410,2396.702932,-28346.202543,19704.683147,490.876984,30372.054073,688.625560,4828.805627,33.781948,0.828773,False,False,False,False,True,True,False,1-circle,-1.000000,5500.981720,-24765.294867,-25.555734,4.763602,100.000000,100.000000,0.000000,0.000000,2,4,4,0.0000,0.0000,0.0000,0.5000,"PursuitChaseOptimal",0.032713
4575,B0100,aggressive,UNKNOWN,16347.527106,27819.925590,4580.074410,2396.702932,-28346.202543,19704.683147,490.876984,30372.054073,688.625560,4828.805627,33.781948,0.828773,False,False,False,False,True,True,False,1-circle,-1.000000,5500.981720,-24765.294867,-25.555734,4.763602,100.000000,100.000000,0.000000,0.000000,2,4,4,0.0000,0.0000,0.0000,0.5000,"Accelerate",-0.027081
4576,A0100,pursuit_chase_v1,UNKNOWN,16338.724948,27809.856060,4590.143940,2357.300784,-28379.084778,19714.945925,491.362736,30403.439314,627.704826,4835.932121,33.858454,0.369484,False,False,False,False,True,True,False,1-circle,-1.000000,5492.715917,-22333.247972,-12.046101,4.316704,100.000000,100.000000,0.000000,0.000000,2,4,4,0.0000,0.0000,0.0000,0.5000,"PursuitChaseOptimal",0.024049
4576,B0100,aggressive,UNKNOWN,16338.724948,27809.856060,4590.143940,2357.300784,-28379.084778,19714.945925,491.362736,30403.439314,627.704826,4835.932121,33.858454,0.369484,False,False,False,False,True,True,False,1-circle,-1.000000,5492.715917,-22333.247972,-12.046101,4.316704,100.000000,100.000000,0.000000,0.000000,2,4,4,0.0000,0.0000,0.0000,0.5000,"Accelerate",-0.018445
4577,A0100,pursuit_chase_v1,UNKNOWN,16338.724948,27809.856060,4590.143940,2357.300784,-28379.084778,19714.945925,491.362736,30403.439314,627.704826,4835.932121,33.858454,0.369484,False,False,False,False,True,True,False,1-circle,-1.000000,5492.715917,-22333.247972,-12.046101,4.316704,100.000000,100.000000,0.000000,0.000000,2,4,4,0.0000,0.0000,0.0000,0.5000,"PursuitChaseOptimal",0.009118
4577,B0100,aggressive,UNKNOWN,16338.724948,27809.856060,4590.143940,2357.300784,-28379.084778,19714.945925,491.362736,30403.439314,627.704826,4835.932121,33.858454,0.369484,False,False,False,False,True,True,False,1-circle,-1.000000,5492.715917,-22333.247972,-12.046101,4.316704,100.000000,100.000000,0.000000,0.000000,2,4,4,0.0000,0.0000,0.0000,0.5000,"Accelerate",-0.003844
4578,A0100,pursuit_chase_v1,UNKNOWN,16330.119369,27792.209165,4607.790835,2329.180193,-28400.107552,19724.514800,491.965272,30439.237877,715.971268,4859.756286,34.006991,0.030397,False,False,False,False,True,True,False,1-circle,-1.000000,5485.076028,-19983.733394,1.007034,4.380832,100.000000,100.000000,0.000000,0.000000,2,4,4,0.0000,0.0000,0.0000,0.5000,"PursuitChaseOptimal",-0.000610
4578,B0100,aggressive,UNKNOWN,16330.119369,27792.209165,4607.790835,2329.180193,-28400.107552,19724.514800,491.965272,30439.237877,715.971268,4859.756286,34.006991,0.030397,False,False,False,False,True,True,False,1-circle,-1.000000,5485.076028,-19983.733394,1.007034,4.380832,100.000000,100.000000,0.000000,0.000000,2,4,4,0.0000,0.0000,0.0000,0.5000,"Accelerate",0.005310
4579,A0100,pursuit_chase_v1,UNKNOWN,16330.119369,27792.209165,4607.790835,2329.180193,-28400.107552,19724.514800,491.965272,30439.237877,715.971268,4859.756286,34.006991,0.030397,False,False,False,False,True,True,False,1-circle,-1.000000,5485.076028,-19983.733394,1.007034,4.380832,100.000000,100.000000,0.000000,0.000000,2,4,4,0.0000,0.0000,0.0000,0.5000,"PursuitChaseOptimal",-0.000347
4579,B0100,aggressive,UNKNOWN,16330.119369,27792.209165,4607.790835,2329.180193,-28400.107552,19724.514800,491.965272,30439.237877,715.971268,4859.756286,34.006991,0.030397,False,False,False,False,True,True,False,1-circle,-1.000000,5485.076028,-19983.733394,1.007034,4.380832,100.000000,100.000000,0.000000,0.000000,2,4,4,0.0000,0.0000,0.0000,0.5000,"Accelerate",0.005174
4580,A0100,pursuit_chase_v1,UNKNOWN,16321.710008,27769.049863,4630.950137,2300.214228,-28416.241029,19733.413505,492.393193,30466.784452,550.931483,4879.192035,34.545710,0.309616,False,False,False,False,True,True,False,1-circle,-1.000000,5478.186168,-18336.735211,10.159813,3.450156,100.000000,100.000000,0.000000,0.000000,2,4,4,0.0000,0.0000,0.0000,0.5000,"PursuitChaseOptimal",0.016673
4580,B0100,aggressive,UNKNOWN,16321.710008,27769.049863,4630.950137,2300.214228,-28416.241029,19733.413505,492.393193,30466.784452,550.931483,4879.192035,34.545710,0.309616,False,False,False,False,True,True,False,1-circle,-1.000000,5478.186168,-18336.735211,10.159813,3.450156,100.000000,100.000000,0.000000,0.000000,2,4,4,0.0000,0.0000,0.0000,0.5000,"Accelerate",-0.011650
4581,A0100,pursuit_chase_v1,UNKNOWN,16321.710008,27769.049863,4630.950137,2300.214228,-28416.241029,19733.413505,492.393193,30466.784452,550.931483,4879.192035,34.545710,0.309616,False,False,False,False,True,True,False,1-circle,-1.000000,5478.186168,-18336.735211,10.159813,3.450156,100.000000,100.000000,0.000000,0.000000,2,4,4,0.0000,0.0000,0.0000,0.5000,"PursuitChaseOptimal",0.027429
4581,B0100,aggressive,UNKNOWN,16321.710008,27769.049863,4630.950137,2300.214228,-28416.241029,19733.413505,492.393193,30466.784452,550.931483,4879.192035,34.545710,0.309616,False,False,False,False,True,True,False,1-circle,-1.000000,5478.186168,-18336.735211,10.159813,3.450156,100.000000,100.000000,0.000000,0.000000,2,4,4,0.0000,0.0000,0.0000,0.5000,"Accelerate",-0.022248
4582,A0100,pursuit_chase_v1,UNKNOWN,16313.434900,27738.646358,4661.353642,2284.522296,-28428.183592,19741.611066,492.678403,30487.419841,412.707794,4879.298485,35.337501,0.261157,False,False,False,False,True,True,False,1-circle,-1.000000,5472.040265,-18618.307697,8.600918,1.808547,100.000000,100.000000,0.000000,0.000000,2,4,4,0.0000,0.0000,0.0000,0.5000,"PursuitChaseOptimal",0.030274
4582,B0100,aggressive,UNKNOWN,16313.434900,27738.646358,4661.353642,2284.522296,-28428.183592,19741.611066,492.678403,30487.419841,412.707794,4879.298485,35.337501,0.261157,False,False,False,False,True,True,False,1-circle,-1.000000,5472.040265,-18618.307697,8.600918,1.808547,100.000000,100.000000,0.000000,0.000000,2,4,4,0.0000,0.0000,0.0000,0.5000,"Accelerate",-0.025367
4583,A0100,pursuit_chase_v1,UNKNOWN,16313.434900,27738.646358,4661.353642,2284.522296,-28428.183592,19741.611066,492.678403,30487.419841,412.707794,4879.298485,35.337501,0.261157,False,False,False,False,True,True,False,1-circle,-1.000000,5472.040265,-18618.307697,8.600918,1.808547,100.000000,100.000000,0.000000,0.000000,2,4,4,0.0000,0.0000,0.0000,0.5000,"PursuitChaseOptimal",0.017389
4583,B0100,aggressive,UNKNOWN,16313.434900,27738.646358,4661.353642,2284.522296,-28428.183592,19741.611066,492.678403,30487.419841,412.707794,4879.298485,35.337501,0.261157,False,False,False,False,True,True,False,1-circle,-1.000000,5472.040265,-18618.307697,8.600918,1.808547,100.000000,100.000000,0.000000,0.000000,2,4,4,0.0000,0.0000,0.0000,0.5000,"Accelerate",-0.013919
4584,A0100,pursuit_chase_v1,UNKNOWN,16305.221900,27693.151118,4706.848882,2266.182817,-28439.488468,19748.981346,492.840533,30501.863709,288.877364,4874.353735,36.578074,0.137824,False,False,False,False,True,True,False,1-circle,-1.000000,5466.626557,-19346.124074,4.565585,0.720611,100.000000,100.000000,0.000000,0.000000,2,4,4,0.0000,0.0000,0.0000,0.5000,"PursuitChaseOptimal",0.010702
4584,B0100,aggressive,UNKNOWN,16305.221900,27693.151118,4706.848882,2266.182817,-28439.488468,19748.981346,492.840533,30501.863709,288.877364,4874.353735,36.578074,0.137824,False,False,False,False,True,True,False,1-circle,-1.000000,5466.626557,-19346.124074,4.565585,0.720611,100.000000,100.000000,0.000000,0.000000,2,4,4,0.0000,0.0000,0.0000,0.5000,"Accelerate",-0.007991
4585,A0100,pursuit_chase_v1,UNKNOWN,16305.221900,27693.151118,4706.848882,2266.182817,-28439.488468,19748.981346,492.840533,30501.863709,288.877364,4874.353735,36.578074,0.137824,False,False,False,False,True,True,False,1-circle,-1.000000,5466.626557,-19346.124074,4.565585,0.720611,100.000000,100.000000,0.000000,0.000000,2,4,4,0.0000,0.0000,0.0000,0.5000,"PursuitChaseOptimal",0.025924
4585,B0100,aggressive,UNKNOWN,16305.221900,27693.151118,4706.848882,2266.182817,-28439.488468,19748.981346,492.840533,30501.863709,288.877364,4874.353735,36.578074,0.137824,False,False,False,False,True,True,False,1-circle,-1.000000,5466.626557,-19346.124074,4.565585,0.720611,100.000000,100.000000,0.000000,0.000000,2,4,4,0.0000,0.0000,0.0000,0.5000,"Accelerate",-0.022928
4586,A0100,pursuit_chase_v1,UNKNOWN,16297.129575,27633.989315,4766.010685,2242.017214,-28453.153167,19755.221845,493.086985,30518.861162,339.949047,4877.355442,38.102389,0.219341,False,False,False,False,True,True,False,1-circle,-1.000000,5462.310555,-18865.745379,7.246372,-0.130549,100.000000,100.000000,0.000000,0.000000,2,4,4,0.0000,0.0000,0.0000,0.5000,"PursuitChaseOptimal",0.027041
4586,B0100,aggressive,UNKNOWN,16297.129575,27633.989315,4766.010685,2242.017214,-28453.153167,19755.221845,493.086985,30518.861162,339.949047,4877.355442,38.102389,0.219341,False,False,False,False,True,True,False,1-circle,-1.000000,5462.310555,-18865.745379,7.246372,-0.130549,100.000000,100.000000,0.000000,0.000000,2,4,4,0.0000,0.0000,0.0000,0.5000,"Accelerate",-0.023147
4587,A0100,pursuit_chase_v1,UNKNOWN,16297.129575,27633.989315,4766.010685,2242.017214,-28453.153167,19755.221845,493.086985,30518.861162,339.949047,4877.355442,38.102389,0.219341,False,False,False,False,True,True,False,1-circle,-1.000000,5462.310555,-18865.745379,7.246372,-0.130549,100.000000,100.000000,0.000000,0.000000,2,4,4,0.0000,0.0000,0.0000,0.5000,"PursuitChaseOptimal",0.006236
4587,B0100,aggressive,UNKNOWN,16297.129575,27633.989315,4766.010685,2242.017214,-28453.153167,19755.221845,493.086985,30518.861162,339.949047,4877.355442,38.102389,0.219341,False,False,False,False,True,True,False,1-circle,-1.000000,5462.310555,-18865.745379,7.246372,-0.130549,100.000000,100.000000,0.000000,0.000000,2,4,4,0.0000,0.0000,0.0000,0.5000,"Accelerate",-0.002554
4588,A0100,pursuit_chase_v1,UNKNOWN,16289.110631,27589.826866,4810.173134,2233.146758,-28463.586105,19760.375393,493.238985,30530.651788,235.812526,4872.458305,39.436079,0.227071,False,False,False,False,True,True,False,1-circle,-1.000000,5459.000893,-18822.655829,7.501475,-0.176730,100.000000,100.000000,0.000000,0.000000,2,4,4,0.0000,0.0000,0.0000,0.5000,"PursuitChaseOptimal",0.001371
4588,B0100,aggressive,UNKNOWN,16289.110631,27589.826866,4810.173134,2233.146758,-28463.586105,19760.375393,493.238985,30530.651788,235.812526,4872.458305,39.436079,0.227071,False,False,False,False,True,True,False,1-circle,-1.000000,5459.000893,-18822.655829,7.501475,-0.176730,100.000000,100.000000,0.000000,0.000000,2,4,4,0.0000,0.0000,0.0000,0.5000,"Accelerate",0.002768
4589,A0100,pursuit_chase_v1,UNKNOWN,16289.110631,27589.826866,4810.173134,2233.146758,-28463.586105,19760.375393,493.238985,30530.651788,235.812526,4872.458305,39.436079,0.227071,False,False,False,False,True,True,False,1-circle,-1.000000,5459.000893,-18822.655829,7.501475,-0.176730,100.000000,100.000000,0.000000,0.000000,2,4,4,0.0000,0.0000,0.0000,0.5000,"PursuitChaseOptimal",0.016259
4589,B0100,aggressive,UNKNOWN,16289.110631,27589.826866,4810.173134,2233.146758,-28463.586105,19760.375393,493.238985,30530.651788,235.812526,4872.458305,39.436079,0.227071,False,False,False,False,True,True,False,1-circle,-1.000000,5459.000893,-18822.655829,7.501475,-0.176730,100.000000,100.000000,0.000000,0.000000,2,4,4,0.0000,0.0000,0.0000,0.5000,"Accelerate",-0.011256
4590,A0100,pursuit_chase_v1,UNKNOWN,16281.145573,27574.142518,4825.857482,2222.487077,-28479.090719,19764.874809,493.307389,30538.138712,149.738478,4861.523137,40.130410,0.116591,False,False,False,False,True,True,False,1-circle,-1.000000,5456.376281,-19479.844183,3.868642,0.849984,100.000000,100.000000,0.000000,0.000000,2,4,4,0.0000,0.0000,0.0000,0.5000,"PursuitChaseOptimal",0.022268
4590,B0100,aggressive,UNKNOWN,16281.145573,27574.142518,4825.857482,2222.487077,-28479.090719,19764.874809,493.307389,30538.138712,149.738478,4861.523137,40.130410,0.116591,False,False,False,False,True,True,False,1-circle,-1.000000,5456.376281,-19479.844183,3.868642,0.849984,100.000000,100.000000,0.000000,0.000000,2,4,4,0.0000,0.0000,0.0000,0.5000,"Accelerate",-0.017152
4591,A0100,pursuit_chase_v1,UNKNOWN,16281.145573,27574.142518,4825.857482,2222.487077,-28479.090719,19764.874809,493.307389,30538.138712,149.738478,4861.523137,40.130410,0.116591,False,False,False,False,True,True,False,1-circle,-1.000000,5456.376281,-19479.844183,3.868642,0.849984,100.000000,100.000000,0.000000,0.000000,2,4,4,0.0000,0.0000,0.0000,0.5000,"PursuitChaseOptimal",0.006715
4591,B0100,aggressive,UNKNOWN,16281.145573,27574.142518,4825.857482,2222.487077,-28479.090719,19764.874809,493.307389,30538.138712,149.738478,4861.523137,40.130410,0.116591,False,False,False,False,True,True,False,1-circle,-1.000000,5456.376281,-19479.844183,3.868642,0.849984,100.000000,100.000000,0.000000,0.000000,2,4,4,0.0000,0.0000,0.0000,0.5000,"Accelerate",-0.001559
4592,A0100,pursuit_chase_v1,UNKNOWN,16273.222038,27573.068643,4826.931357,2213.349638,-28499.090642,19768.999447,493.543416,30552.574944,288.724631,4862.176601,40.208146,0.086580,False,False,False,False,True,True,False,1-circle,-1.000000,5454.089064,-19661.980820,2.876222,1.462882,100.000000,100.000000,0.000000,0.000000,2,4,4,0.0000,0.0000,0.0000,0.5000,"PursuitChaseOptimal",0.004992
4592,B0100,aggressive,UNKNOWN,16273.222038,27573.068643,4826.931357,2213.349638,-28499.090642,19768.999447,493.543416,30552.574944,288.724631,4862.176601,40.208146,0.086580,False,False,False,False,True,True,False,1-circle,-1.000000,5454.089064,-19661.980820,2.876222,1.462882,100.000000,100.000000,0.000000,0.000000,2,4,4,0.0000,0.0000,0.0000,0.5000,"Accelerate",0.000355
4593,A0100,pursuit_chase_v1,UNKNOWN,16273.222038,27573.068643,4826.931357,2213.349638,-28499.090642,19768.999447,493.543416,30552.574944,288.724631,4862.176601,40.208146,0.086580,False,False,False,False,True,True,False,1-circle,-1.000000,5454.089064,-19661.980820,2.876222,1.462882,100.000000,100.000000,0.000000,0.000000,2,4,4,0.0000,0.0000,0.0000,0.5000,"PursuitChaseOptimal",0.025800
4593,B0100,aggressive,UNKNOWN,16273.222038,27573.068643,4826.931357,2213.349638,-28499.090642,19768.999447,493.543416,30552.574944,288.724631,4862.176601,40.208146,0.086580,False,False,False,False,True,True,False,1-circle,-1.000000,5454.089064,-19661.980820,2.876222,1.462882,100.000000,100.000000,0.000000,0.000000,2,4,4,0.0000,0.0000,0.0000,0.5000,"Accelerate",-0.019775
4594,A0100,pursuit_chase_v1,UNKNOWN,16265.367333,27580.570525,4819.429475,2204.496667,-28517.325703,19772.969217,493.702933,30563.516502,218.831178,4858.508196,40.038247,0.075817,False,False,False,False,True,True,False,1-circle,-1.000000,5451.962768,-19729.694390,2.520010,1.671638,100.000000,100.000000,0.000000,0.000000,2,4,4,0.0000,0.0000,0.0000,0.5000,"PursuitChaseOptimal",0.035428
4594,B0100,aggressive,UNKNOWN,16265.367333,27580.570525,4819.429475,2204.496667,-28517.325703,19772.969217,493.702933,30563.516502,218.831178,4858.508196,40.038247,0.075817,False,False,False,False,True,True,False,1-circle,-1.000000,5451.962768,-19729.694390,2.520010,1.671638,100.000000,100.000000,0.000000,0.000000,2,4,4,0.0000,0.0000,0.0000,0.5000,"Accelerate",-0.028988
4595,A0100,pursuit_chase_v1,UNKNOWN,16265.367333,27580.570525,4819.429475,2204.496667,-28517.325703,19772.969217,493.702933,30563.516502,218.831178,4858.508196,40.038247,0.075817,False,False,False,False,True,True,False,1-circle,-1.000000,5451.962768,-19729.694390,2.520010,1.671638,100.000000,100.000000,0.000000,0.000000,2,4,4,0.0000,0.0000,0.0000,0.5000,"PursuitChaseOptimal",0.027105
4595,B0100,aggressive,UNKNOWN,16265.367333,27580.570525,4819.429475,2204.496667,-28517.325703,19772.969217,493.702933,30563.516502,218.831178,4858.508196,40.038247,0.075817,False,False,False,False,True,True,False,1-circle,-1.000000,5451.962768,-19729.694390,2.520010,1.671638,100.000000,100.000000,0.000000,0.000000,2,4,4,0.0000,0.0000,0.0000,0.5000,"Accelerate",-0.021026
4596,A0100,pursuit_chase_v1,UNKNOWN,16257.545419,27586.944307,4813.055693,2201.087473,-28535.349962,19776.827117,493.930051,30577.304657,275.763088,4854.028509,39.766879,0.064778,False,False,False,False,True,True,False,1-circle,-1.000000,5449.814379,-19799.072871,2.154475,1.439621,100.000000,100.000000,0.000000,0.000000,2,4,4,0.0000,0.0000,0.0000,0.5000,"PursuitChaseOptimal",0.010894
4596,B0100,aggressive,UNKNOWN,16257.545419,27586.944307,4813.055693,2201.087473,-28535.349962,19776.827117,493.930051,30577.304657,275.763088,4854.028509,39.766879,0.064778,False,False,False,False,True,True,False,1-circle,-1.000000,5449.814379,-19799.072871,2.154475,1.439621,100.000000,100.000000,0.000000,0.000000,2,4,4,0.0000,0.0000,0.0000,0.5000,"Accelerate",-0.005608
4597,A0100,pursuit_chase_v1,UNKNOWN,16257.545419,27586.944307,4813.055693,2201.087473,-28535.349962,19776.827117,493.930051,30577.304657,275.763088,4854.028509,39.766879,0.064778,False,False,False,False,True,True,False,1-circle,-1.000000,5449.814379,-19799.072871,2.154475,1.439621,100.000000,100.000000,0.000000,0.000000,2,4,4,0.0000,0.0000,0.0000,0.5000,"PursuitChaseOptimal",-0.000714
4597,B0100,aggressive,UNKNOWN,16257.545419,27586.944307,4813.055693,2201.087473,-28535.349962,19776.827117,493.930051,30577.304657,275.763088,4854.028509,39.766879,0.064778,False,False,False,False,True,True,False,1-circle,-1.000000,5449.814379,-19799.072871,2.154475,1.439621,100.000000,100.000000,0.000000,0.000000,2,4,4,0.0000,0.0000,0.0000,0.5000,"Accelerate",0.005117
4598,A0100,pursuit_chase_v1,UNKNOWN,16249.791915,27588.451980,4811.548020,2190.629152,-28553.970698,19780.523549,494.209747,30593.236415,318.635155,4867.332950,39.641785,0.101725,False,False,False,False,True,True,False,1-circle,-1.000000,5447.767347,-19581.602975,3.382889,1.239516,100.000000,100.000000,0.000000,0.000000,2,4,4,0.0000,0.0000,0.0000,0.5000,"PursuitChaseOptimal",-0.003188
4598,B0100,aggressive,UNKNOWN,16249.791915,27588.451980,4811.548020,2190.629152,-28553.970698,19780.523549,494.209747,30593.236415,318.635155,4867.332950,39.641785,0.101725,False,False,False,False,True,True,False,1-circle,-1.000000,5447.767347,-19581.602975,3.382889,1.239516,100.000000,100.000000,0.000000,0.000000,2,4,4,0.0000,0.0000,0.0000,0.5000,"Accelerate",0.007937
4599,A0100,pursuit_chase_v1,UNKNOWN,16249.791915,27588.451980,4811.548020,2190.629152,-28553.970698,19780.523549,494.209747,30593.236415,318.635155,4867.332950,39.641785,0.101725,False,False,False,False,True,True,False,1-circle,-1.000000,5447.767347,-19581.602975,3.382889,1.239516,100.000000,100.000000,0.000000,0.000000,2,4,4,0.0000,0.0000,0.0000,0.5000,"PursuitChaseOptimal",0.009942
4599,B0100,aggressive,UNKNOWN,16249.791915,27588.451980,4811.548020,2190.629152,-28553.970698,19780.523549,494.209747,30593.236415,318.635155,4867.332950,39.641785,0.101725,False,False,False,False,True,True,False,1-circle,-1.000000,5447.767347,-19581.602975,3.382889,1.239516,100.000000,100.000000,0.000000,0.000000,2,4,4,0.0000,0.0000,0.0000,0.5000,"Accelerate",-0.004670
4600,A0100,pursuit_chase_v1,UNKNOWN,16242.127149,27594.055884,4805.944116,2183.082636,-28570.702468,19784.058513,494.345582,30602.716042,189.592546,4866.800614,39.651192,0.115958,False,False,False,False,True,True,False,1-circle,-1.000000,5445.954450,-19500.225373,3.856010,1.078392,100.000000,100.000000,0.000000,0.000000,2,4,4,0.0000,0.0000,0.0000,0.5000,"PursuitChaseOptimal",0.023395
4600,B0100,aggressive,UNKNOWN,16242.127149,27594.055884,4805.944116,2183.082636,-28570.702468,19784.058513,494.345582,30602.716042,189.592546,4866.800614,39.651192,0.115958,False,False,False,False,True,True,False,1-circle,-1.000000,5445.954450,-19500.225373,3.856010,1.078392,100.000000,100.000000,0.000000,0.000000,2,4,4,0.0000,0.0000,0.0000,0.5000,"Accelerate",-0.017673
4601,A0100,pursuit_chase_v1,UNKNOWN,16242.127149,27594.055884,4805.944116,2183.082636,-28570.702468,19784.058513,494.345582,30602.716042,189.592546,4866.800614,39.651192,0.115958,False,False,False,False,True,True,False,1-circle,-1.000000,5445.954450,-19500.225373,3.856010,1.078392,100.000000,100.000000,0.000000,0.000000,2,4,4,0.0000,0.0000,0.0000,0.5000,"PursuitChaseOptimal",0.021397
4601,B0100,aggressive,UNKNOWN,16242.127149,27594.055884,4805.944116,2183.082636,-28570.702468,19784.058513,494.345582,30602.716042,189.592546,4866.800614,39.651192,0.115958,False,False,False,False,True,True,False,1-circle,-1.000000,5445.954450,-19500.225373,3.856010,1.078392,100.000000,100.000000,0.000000,0.000000,2,4,4,0.0000,0.0000,0.0000,0.5000,"Accelerate",-0.015619
4602,A0100,pursuit_chase_v1,UNKNOWN,16234.498150,27601.860603,4798.139397,2178.464423,-28589.105390,19787.483849,494.536368,30614.493593,235.551026,4861.735215,39.462742,0.104348,False,False,False,False,True,True,False,1-circle,-1.000000,5444.213048,-19573.126359,3.472297,1.328636,100.000000,100.000000,0.000000,0.000000,2,4,4,0.0000,0.0000,0.0000,0.5000,"PursuitChaseOptimal",0.004856
4602,B0100,aggressive,UNKNOWN,16234.498150,27601.860603,4798.139397,2178.464423,-28589.105390,19787.483849,494.536368,30614.493593,235.551026,4861.735215,39.462742,0.104348,False,False,False,False,True,True,False,1-circle,-1.000000,5444.213048,-19573.126359,3.472297,1.328636,100.000000,100.000000,0.000000,0.000000,2,4,4,0.0000,0.0000,0.0000,0.5000,"Accelerate",0.000355
4603,A0100,pursuit_chase_v1,UNKNOWN,16234.498150,27601.860603,4798.139397,2178.464423,-28589.105390,19787.483849,494.536368,30614.493593,235.551026,4861.735215,39.462742,0.104348,False,False,False,False,True,True,False,1-circle,-1.000000,5444.213048,-19573.126359,3.472297,1.328636,100.000000,100.000000,0.000000,0.000000,2,4,4,0.0000,0.0000,0.0000,0.5000,"PursuitChaseOptimal",0.001818
4603,B0100,aggressive,UNKNOWN,16234.498150,27601.860603,4798.139397,2178.464423,-28589.105390,19787.483849,494.536368,30614.493593,235.551026,4861.735215,39.462742,0.104348,False,False,False,False,True,True,False,1-circle,-1.000000,5444.213048,-19573.126359,3.472297,1.328636,100.000000,100.000000,0.000000,0.000000,2,4,4,0.0000,0.0000,0.0000,0.5000,"Accelerate",0.003266
4604,A0100,pursuit_chase_v1,UNKNOWN,16226.932398,27614.629963,4785.370037,2168.001912,-28607.479633,19790.860790,494.761222,30627.718338,264.494892,4869.322538,39.102414,0.095185,False,False,False,False,True,True,False,1-circle,-1.000000,5442.500672,-19631.478504,3.169482,1.634016,100.000000,100.000000,0.000000,0.000000,2,4,4,0.0000,0.0000,0.0000,0.5000,"PursuitChaseOptimal",0.017195
4604,B0100,aggressive,UNKNOWN,16226.932398,27614.629963,4785.370037,2168.001912,-28607.479633,19790.860790,494.761222,30627.718338,264.494892,4869.322538,39.102414,0.095185,False,False,False,False,True,True,False,1-circle,-1.000000,5442.500672,-19631.478504,3.169482,1.634016,100.000000,100.000000,0.000000,0.000000,2,4,4,0.0000,0.0000,0.0000,0.5000,"Accelerate",-0.011556
4605,A0100,pursuit_chase_v1,UNKNOWN,16226.932398,27614.629963,4785.370037,2168.001912,-28607.479633,19790.860790,494.761222,30627.718338,264.494892,4869.322538,39.102414,0.095185,False,False,False,False,True,True,False,1-circle,-1.000000,5442.500672,-19631.478504,3.169482,1.634016,100.000000,100.000000,0.000000,0.000000,2,4,4,0.0000,0.0000,0.0000,0.5000,"PursuitChaseOptimal",0.021227
4605,B0100,aggressive,UNKNOWN,16226.932398,27614.629963,4785.370037,2168.001912,-28607.479633,19790.860790,494.761222,30627.718338,264.494892,4869.322538,39.102414,0.095185,False,False,False,False,True,True,False,1-circle,-1.000000,5442.500672,-19631.478504,3.169482,1.634016,100.000000,100.000000,0.000000,0.000000,2,4,4,0.0000,0.0000,0.0000,0.5000,"Accelerate",-0.015440
4606,A0100,pursuit_chase_v1,UNKNOWN,16219.421594,27625.360730,4774.639270,2165.106234,-28625.416211,19794.213399,494.976917,30640.521856,256.070368,4865.227631,38.881377,0.086464,False,False,False,False,True,True,False,1-circle,-1.000000,5440.803522,-19687.276047,2.880877,1.451539,100.000000,100.000000,0.000000,0.000000,2,4,4,0.0000,0.0000,0.0000,0.5000,"PursuitChaseOptimal",0.001707
4606,B0100,aggressive,UNKNOWN,16219.421594,27625.360730,4774.639270,2165.106234,-28625.416211,19794.213399,494.976917,30640.521856,256.070368,4865.227631,38.881377,0.086464,False,False,False,False,True,True,False,1-circle,-1.000000,5440.803522,-19687.276047,2.880877,1.451539,100.000000,100.000000,0.000000,0.000000,2,4,4,0.0000,0.0000,0.0000,0.5000,"Accelerate",0.003086
4607,A0100,pursuit_chase_v1,UNKNOWN,16219.421594,27625.360730,4774.639270,2165.106234,-28625.416211,19794.213399,494.976917,30640.521856,256.070368,4865.227631,38.881377,0.086464,False,False,False,False,True,True,False,1-circle,-1.000000,5440.803522,-19687.276047,2.880877,1.451539,100.000000,100.000000,0.000000,0.000000,2,4,4,0.0000,0.0000,0.0000,0.5000,"PursuitChaseOptimal",-0.002256
4607,B0100,aggressive,UNKNOWN,16219.421594,27625.360730,4774.639270,2165.106234,-28625.416211,19794.213399,494.976917,30640.521856,256.070368,4865.227631,38.881377,0.086464,False,False,False,False,True,True,False,1-circle,-1.000000,5440.803522,-19687.276047,2.880877,1.451539,100.000000,100.000000,0.000000,0.000000,2,4,4,0.0000,0.0000,0.0000,0.5000,"Accelerate",0.006729
4608,A0100,pursuit_chase_v1,UNKNOWN,16211.964928,27632.281538,4767.718462,2154.521101,-28642.835364,19797.502090,495.190567,30653.175901,253.080896,4871.287307,38.750445,0.077967,False,False,False,False,True,True,False,1-circle,-1.000000,5439.171902,-19741.849626,2.599301,1.175863,100.000000,100.000000,0.000000,0.000000,2,4,4,0.0000,0.0000,0.0000,0.5000,"PursuitChaseOptimal",0.014051
4608,B0100,aggressive,UNKNOWN,16211.964928,27632.281538,4767.718462,2154.521101,-28642.835364,19797.502090,495.190567,30653.175901,253.080896,4871.287307,38.750445,0.077967,False,False,False,False,True,True,False,1-circle,-1.000000,5439.171902,-19741.849626,2.599301,1.175863,100.000000,100.000000,0.000000,0.000000,2,4,4,0.0000,0.0000,0.0000,0.5000,"Accelerate",-0.008961
4609,A0100,pursuit_chase_v1,UNKNOWN,16211.964928,27632.281538,4767.718462,2154.521101,-28642.835364,19797.502090,495.190567,30653.175901,253.080896,4871.287307,38.750445,0.077967,False,False,False,False,True,True,False,1-circle,-1.000000,5439.171902,-19741.849626,2.599301,1.175863,100.000000,100.000000,0.000000,0.000000,2,4,4,0.0000,0.0000,0.0000,0.5000,"PursuitChaseOptimal",0.020511
4609,B0100,aggressive,UNKNOWN,16211.964928,27632.281538,4767.718462,2154.521101,-28642.835364,19797.502090,495.190567,30653.175901,253.080896,4871.287307,38.750445,0.077967,False,False,False,False,True,True,False,1-circle,-1.000000,5439.171902,-19741.849626,2.599301,1.175863,100.000000,100.000000,0.000000,0.000000,2,4,4,0.0000,0.0000,0.0000,0.5000,"Accelerate",-0.015199
4610,A0100,pursuit_chase_v1,UNKNOWN,16204.564498,27635.865616,4764.134384,2151.568992,-28659.843008,19800.671441,495.403232,30665.671417,249.910329,4867.886605,38.734092,0.069676,False,False,False,False,True,True,False,1-circle,-1.000000,5437.673815,-19795.340833,2.324199,0.964494,100.000000,100.000000,0.000000,0.000000,2,4,4,0.0000,0.0000,0.0000,0.5000,"PursuitChaseOptimal",0.004725
4610,B0100,aggressive,UNKNOWN,16204.564498,27635.865616,4764.134384,2151.568992,-28659.843008,19800.671441,495.403232,30665.671417,249.910329,4867.886605,38.734092,0.069676,False,False,False,False,True,True,False,1-circle,-1.000000,5437.673815,-19795.340833,2.324199,0.964494,100.000000,100.000000,0.000000,0.000000,2,4,4,0.0000,0.0000,0.0000,0.5000,"Accelerate",-0.000205
4611,A0100,pursuit_chase_v1,UNKNOWN,16204.564498,27635.865616,4764.134384,2151.568992,-28659.843008,19800.671441,495.403232,30665.671417,249.910329,4867.886605,38.734092,0.069676,False,False,False,False,True,True,False,1-circle,-1.000000,5437.673815,-19795.340833,2.324199,0.964494,100.000000,100.000000,0.000000,0.000000,2,4,4,0.0000,0.0000,0.0000,0.5000,"PursuitChaseOptimal",-0.000952
4611,B0100,aggressive,UNKNOWN,16204.564498,27635.865616,4764.134384,2151.568992,-28659.843008,19800.671441,495.403232,30665.671417,249.910329,4867.886605,38.734092,0.069676,False,False,False,False,True,True,False,1-circle,-1.000000,5437.673815,-19795.340833,2.324199,0.964494,100.000000,100.000000,0.000000,0.000000,2,4,4,0.0000,0.0000,0.0000,0.5000,"Accelerate",0.005122
4612,A0100,pursuit_chase_v1,UNKNOWN,16197.215233,27637.351401,4762.648599,2141.219774,-28676.575238,19803.685153,495.611280,30677.812701,242.825678,4874.176739,38.708226,0.061623,False,False,False,False,True,True,False,1-circle,-1.000000,5436.323781,-19847.559895,2.056707,0.792219,100.000000,100.000000,0.000000,0.000000,2,4,4,0.0000,0.0000,0.0000,0.5000,"PursuitChaseOptimal",0.016048
4612,B0100,aggressive,UNKNOWN,16197.215233,27637.351401,4762.648599,2141.219774,-28676.575238,19803.685153,495.611280,30677.812701,242.825678,4874.176739,38.708226,0.061623,False,False,False,False,True,True,False,1-circle,-1.000000,5436.323781,-19847.559895,2.056707,0.792219,100.000000,100.000000,0.000000,0.000000,2,4,4,0.0000,0.0000,0.0000,0.5000,"Accelerate",-0.011168
4613,A0100,pursuit_chase_v1,UNKNOWN,16197.215233,27637.351401,4762.648599,2141.219774,-28676.575238,19803.685153,495.611280,30677.812701,242.825678,4874.176739,38.708226,0.061623,False,False,False,False,True,True,False,1-circle,-1.000000,5436.323781,-19847.559895,2.056707,0.792219,100.000000,100.000000,0.000000,0.000000,2,4,4,0.0000,0.0000,0.0000,0.5000,"PursuitChaseOptimal",0.027938
4613,B0100,aggressive,UNKNOWN,16197.215233,27637.351401,4762.648599,2141.219774,-28676.575238,19803.685153,495.611280,30677.812701,242.825678,4874.176739,38.708226,0.061623,False,False,False,False,True,True,False,1-circle,-1.000000,5436.323781,-19847.559895,2.056707,0.792219,100.000000,100.000000,0.000000,0.000000,2,4,4,0.0000,0.0000,0.0000,0.5000,"Accelerate",-0.022529
4614,A0100,pursuit_chase_v1,UNKNOWN,16189.923270,27637.463494,4762.536506,2137.349558,-28693.090448,19806.521414,495.811178,30689.422593,232.197824,4868.641008,38.723436,0.053802,False,False,False,False,True,True,False,1-circle,-1.000000,5435.142013,-19898.561502,1.796570,0.644034,100.000000,100.000000,0.000000,0.000000,2,4,4,0.0000,0.0000,0.0000,0.5000,"PursuitChaseOptimal",0.019070
4614,B0100,aggressive,UNKNOWN,16189.923270,27637.463494,4762.536506,2137.349558,-28693.090448,19806.521414,495.811178,30689.422593,232.197824,4868.641008,38.723436,0.053802,False,False,False,False,True,True,False,1-circle,-1.000000,5435.142013,-19898.561502,1.796570,0.644034,100.000000,100.000000,0.000000,0.000000,2,4,4,0.0000,0.0000,0.0000,0.5000,"Accelerate",-0.014098
4615,A0100,pursuit_chase_v1,UNKNOWN,16189.923270,27637.463494,4762.536506,2137.349558,-28693.090448,19806.521414,495.811178,30689.422593,232.197824,4868.641008,38.723436,0.053802,False,False,False,False,True,True,False,1-circle,-1.000000,5435.142013,-19898.561502,1.796570,0.644034,100.000000,100.000000,0.000000,0.000000,2,4,4,0.0000,0.0000,0.0000,0.5000,"PursuitChaseOptimal",0.003035
4615,B0100,aggressive,UNKNOWN,16189.923270,27637.463494,4762.536506,2137.349558,-28693.090448,19806.521414,495.811178,30689.422593,232.197824,4868.641008,38.723436,0.053802,False,False,False,False,True,True,False,1-circle,-1.000000,5435.142013,-19898.561502,1.796570,0.644034,100.000000,100.000000,0.000000,0.000000,2,4,4,0.0000,0.0000,0.0000,0.5000,"Accelerate",0.001179
4616,A0100,pursuit_chase_v1,UNKNOWN,16182.662089,27638.872868,4761.127132,2131.347610,-28710.577351,19809.169746,495.981899,30699.566776,202.883664,4868.717415,38.747214,0.041494,False,False,False,False,True,True,False,1-circle,-1.000000,5434.065522,-19976.675609,1.386229,0.510555,100.000000,100.000000,0.000000,0.000000,2,4,4,0.0000,0.0000,0.0000,0.5000,"PursuitChaseOptimal",-0.007988
4616,B0100,aggressive,UNKNOWN,16182.662089,27638.872868,4761.127132,2131.347610,-28710.577351,19809.169746,495.981899,30699.566776,202.883664,4868.717415,38.747214,0.041494,False,False,False,False,True,True,False,1-circle,-1.000000,5434.065522,-19976.675609,1.386229,0.510555,100.000000,100.000000,0.000000,0.000000,2,4,4,0.0000,0.0000,0.0000,0.5000,"Accelerate",0.011988
4617,A0100,pursuit_chase_v1,UNKNOWN,16182.662089,27638.872868,4761.127132,2131.347610,-28710.577351,19809.169746,495.981899,30699.566776,202.883664,4868.717415,38.747214,0.041494,False,False,False,False,True,True,False,1-circle,-1.000000,5434.065522,-19976.675609,1.386229,0.510555,100.000000,100.000000,0.000000,0.000000,2,4,4,0.0000,0.0000,0.0000,0.5000,"PursuitChaseOptimal",-0.008311
4617,B0100,aggressive,UNKNOWN,16182.662089,27638.872868,4761.127132,2131.347610,-28710.577351,19809.169746,495.981899,30699.566776,202.883664,4868.717415,38.747214,0.041494,False,False,False,False,True,True,False,1-circle,-1.000000,5434.065522,-19976.675609,1.386229,0.510555,100.000000,100.000000,0.000000,0.000000,2,4,4,0.0000,0.0000,0.0000,0.5000,"Accelerate",0.012333
4618,A0100,pursuit_chase_v1,UNKNOWN,16175.455325,27643.867659,4756.132341,2124.813848,-28724.716747,19811.705293,496.008468,30703.269094,74.046368,4867.329747,38.892563,0.047617,False,False,False,False,True,True,False,1-circle,-1.000000,5433.174926,-20516.918748,-1.590837,0.383819,100.000000,100.000000,0.000000,0.000000,2,4,4,0.0000,0.0000,0.0000,0.5000,"PursuitChaseOptimal",0.005675
4618,B0100,aggressive,UNKNOWN,16175.455325,27643.867659,4756.132341,2124.813848,-28724.716747,19811.705293,496.008468,30703.269094,74.046368,4867.329747,38.892563,0.047617,False,False,False,False,True,True,False,1-circle,-1.000000,5433.174926,-20516.918748,-1.590837,0.383819,100.000000,100.000000,0.000000,0.000000,2,4,4,0.0000,0.0000,0.0000,0.5000,"Accelerate",-0.001591
4619,A0100,pursuit_chase_v1,UNKNOWN,16175.455325,27643.867659,4756.132341,2124.813848,-28724.716747,19811.705293,496.008468,30703.269094,74.046368,4867.329747,38.892563,0.047617,False,False,False,False,True,True,False,1-circle,-1.000000,5433.174926,-20516.918748,-1.590837,0.383819,100.000000,100.000000,0.000000,0.000000,2,4,4,0.0000,0.0000,0.0000,0.5000,"PursuitChaseOptimal",0.020003
4619,B0100,aggressive,UNKNOWN,16175.455325,27643.867659,4756.132341,2124.813848,-28724.716747,19811.705293,496.008468,30703.269094,74.046368,4867.329747,38.892563,0.047617,False,False,False,False,True,True,False,1-circle,-1.000000,5433.174926,-20516.918748,-1.590837,0.383819,100.000000,100.000000,0.000000,0.000000,2,4,4,0.0000,0.0000,0.0000,0.5000,"Accelerate",-0.015539
4620,A0100,pursuit_chase_v1,UNKNOWN,16168.287825,27639.990275,4760.009725,2119.723668,-28741.902892,19814.088033,496.217926,30714.852527,231.668651,4866.820376,39.050811,0.008639,False,False,False,False,True,True,False,1-circle,-1.000000,5432.499469,-20287.069839,-0.288809,0.280886,100.000000,100.000000,0.000000,0.000000,2,4,4,0.0000,0.0000,0.0000,0.5000,"PursuitChaseOptimal",0.017875
4620,B0100,aggressive,UNKNOWN,16168.287825,27639.990275,4760.009725,2119.723668,-28741.902892,19814.088033,496.217926,30714.852527,231.668651,4866.820376,39.050811,0.008639,False,False,False,False,True,True,False,1-circle,-1.000000,5432.499469,-20287.069839,-0.288809,0.280886,100.000000,100.000000,0.000000,0.000000,2,4,4,0.0000,0.0000,0.0000,0.5000,"Accelerate",-0.013363
4621,A0100,pursuit_chase_v1,UNKNOWN,16168.287825,27639.990275,4760.009725,2119.723668,-28741.902892,19814.088033,496.217926,30714.852527,231.668651,4866.820376,39.050811,0.008639,False,False,False,False,True,True,False,1-circle,-1.000000,5432.499469,-20287.069839,-0.288809,0.280886,100.000000,100.000000,0.000000,0.000000,2,4,4,0.0000,0.0000,0.0000,0.5000,"PursuitChaseOptimal",0.001267
4621,B0100,aggressive,UNKNOWN,16168.287825,27639.990275,4760.009725,2119.723668,-28741.902892,19814.088033,496.217926,30714.852527,231.668651,4866.820376,39.050811,0.008639,False,False,False,False,True,True,False,1-circle,-1.000000,5432.499469,-20287.069839,-0.288809,0.280886,100.000000,100.000000,0.000000,0.000000,2,4,4,0.0000,0.0000,0.0000,0.5000,"Accelerate",0.002891
4622,A0100,pursuit_chase_v1,UNKNOWN,16161.161430,27638.248153,4761.751847,2116.583951,-28756.596354,19816.222827,496.371983,30723.756902,178.087497,4866.989527,39.166081,0.003996,False,False,False,False,True,True,False,1-circle,-1.000000,5432.019041,-20215.683335,0.133620,0.184406,100.000000,100.000000,0.000000,0.000000,2,4,4,0.0000,0.0000,0.0000,0.5000,"PursuitChaseOptimal",-0.001498
4622,B0100,aggressive,UNKNOWN,16161.161430,27638.248153,4761.751847,2116.583951,-28756.596354,19816.222827,496.371983,30723.756902,178.087497,4866.989527,39.166081,0.003996,False,False,False,False,True,True,False,1-circle,-1.000000,5432.019041,-20215.683335,0.133620,0.184406,100.000000,100.000000,0.000000,0.000000,2,4,4,0.0000,0.0000,0.0000,0.5000,"Accelerate",0.005575
4623,A0100,pursuit_chase_v1,UNKNOWN,16161.161430,27638.248153,4761.751847,2116.583951,-28756.596354,19816.222827,496.371983,30723.756902,178.087497,4866.989527,39.166081,0.003996,False,False,False,False,True,True,False,1-circle,-1.000000,5432.019041,-20215.683335,0.133620,0.184406,100.000000,100.000000,0.000000,0.000000,2,4,4,0.0000,0.0000,0.0000,0.5000,"PursuitChaseOptimal",0.014203
4623,B0100,aggressive,UNKNOWN,16161.161430,27638.248153,4761.751847,2116.583951,-28756.596354,19816.222827,496.371983,30723.756902,178.087497,4866.989527,39.166081,0.003996,False,False,False,False,True,True,False,1-circle,-1.000000,5432.019041,-20215.683335,0.133620,0.184406,100.000000,100.000000,0.000000,0.000000,2,4,4,0.0000,0.0000,0.0000,0.5000,"Accelerate",-0.010012
4624,A0100,pursuit_chase_v1,UNKNOWN,16154.067803,27635.462966,4764.537034,2112.241788,-28770.289172,19818.210086,496.520309,30732.263941,170.140788,4864.668559,39.354282,0.039274,False,False,False,False,True,True,False,1-circle,-1.000000,5431.720669,-20480.950084,-1.313539,0.077005,100.000000,100.000000,0.000000,0.000000,2,4,4,0.0000,0.0000,0.0000,0.5000,"PursuitChaseOptimal",0.018253
4624,B0100,aggressive,UNKNOWN,16154.067803,27635.462966,4764.537034,2112.241788,-28770.289172,19818.210086,496.520309,30732.263941,170.140788,4864.668559,39.354282,0.039274,False,False,False,False,True,True,False,1-circle,-1.000000,5431.720669,-20480.950084,-1.313539,0.077005,100.000000,100.000000,0.000000,0.000000,2,4,4,0.0000,0.0000,0.0000,0.5000,"Accelerate",-0.014031
4625,A0100,pursuit_chase_v1,UNKNOWN,16154.067803,27635.462966,4764.537034,2112.241788,-28770.289172,19818.210086,496.520309,30732.263941,170.140788,4864.668559,39.354282,0.039274,False,False,False,False,True,True,False,1-circle,-1.000000,5431.720669,-20480.950084,-1.313539,0.077005,100.000000,100.000000,0.000000,0.000000,2,4,4,0.0000,0.0000,0.0000,0.5000,"PursuitChaseOptimal",-0.001554
4625,B0100,aggressive,UNKNOWN,16154.067803,27635.462966,4764.537034,2112.241788,-28770.289172,19818.210086,496.520309,30732.263941,170.140788,4864.668559,39.354282,0.039274,False,False,False,False,True,True,False,1-circle,-1.000000,5431.720669,-20480.950084,-1.313539,0.077005,100.000000,100.000000,0.000000,0.000000,2,4,4,0.0000,0.0000,0.0000,0.5000,"Accelerate",0.004997
4626,A0100,pursuit_chase_v1,UNKNOWN,16147.015545,27629.385024,4770.614976,2108.841199,-28786.373197,19819.941613,496.772920,30745.103618,256.793534,4869.841897,39.536701,0.033437,False,False,False,False,True,True,False,1-circle,-1.000000,5431.644265,-20048.041551,1.118912,-0.020518,100.000000,100.000000,0.000000,0.000000,2,4,4,0.0000,0.0000,0.0000,0.5000,"PursuitChaseOptimal",-0.005377
4626,B0100,aggressive,UNKNOWN,16147.015545,27629.385024,4770.614976,2108.841199,-28786.373197,19819.941613,496.772920,30745.103618,256.793534,4869.841897,39.536701,0.033437,False,False,False,False,True,True,False,1-circle,-1.000000,5431.644265,-20048.041551,1.118912,-0.020518,100.000000,100.000000,0.000000,0.000000,2,4,4,0.0000,0.0000,0.0000,0.5000,"Accelerate",0.009138
4627,A0100,pursuit_chase_v1,UNKNOWN,16147.015545,27629.385024,4770.614976,2108.841199,-28786.373197,19819.941613,496.772920,30745.103618,256.793534,4869.841897,39.536701,0.033437,False,False,False,False,True,True,False,1-circle,-1.000000,5431.644265,-20048.041551,1.118912,-0.020518,100.000000,100.000000,0.000000,0.000000,2,4,4,0.0000,0.0000,0.0000,0.5000,"PursuitChaseOptimal",0.011282
4627,B0100,aggressive,UNKNOWN,16147.015545,27629.385024,4770.614976,2108.841199,-28786.373197,19819.941613,496.772920,30745.103618,256.793534,4869.841897,39.536701,0.033437,False,False,False,False,True,True,False,1-circle,-1.000000,5431.644265,-20048.041551,1.118912,-0.020518,100.000000,100.000000,0.000000,0.000000,2,4,4,0.0000,0.0000,0.0000,0.5000,"Accelerate",-0.006447
4628,A0100,pursuit_chase_v1,UNKNOWN,16140.002806,27631.619628,4768.380372,2108.062670,-28796.635336,19821.518895,496.827743,30749.092399,79.775635,4861.928363,39.713538,0.030648,False,False,False,False,True,True,False,1-circle,-1.000000,5431.777216,-20439.155830,-1.025746,0.020901,100.000000,100.000000,0.000000,0.000000,2,4,4,0.0000,0.0000,0.0000,0.5000,"PursuitChaseOptimal",0.017862
4628,B0100,aggressive,UNKNOWN,16140.002806,27631.619628,4768.380372,2108.062670,-28796.635336,19821.518895,496.827743,30749.092399,79.775635,4861.928363,39.713538,0.030648,False,False,False,False,True,True,False,1-circle,-1.000000,5431.777216,-20439.155830,-1.025746,0.020901,100.000000,100.000000,0.000000,0.000000,2,4,4,0.0000,0.0000,0.0000,0.5000,"Accelerate",-0.013350
4629,A0100,pursuit_chase_v1,UNKNOWN,16140.002806,27631.619628,4768.380372,2108.062670,-28796.635336,19821.518895,496.827743,30749.092399,79.775635,4861.928363,39.713538,0.030648,False,False,False,False,True,True,False,1-circle,-1.000000,5431.777216,-20439.155830,-1.025746,0.020901,100.000000,100.000000,0.000000,0.000000,2,4,4,0.0000,0.0000,0.0000,0.5000,"PursuitChaseOptimal",0.001902
4629,B0100,aggressive,UNKNOWN,16140.002806,27631.619628,4768.380372,2108.062670,-28796.635336,19821.518895,496.827743,30749.092399,79.775635,4861.928363,39.713538,0.030648,False,False,False,False,True,True,False,1-circle,-1.000000,5431.777216,-20439.155830,-1.025746,0.020901,100.000000,100.000000,0.000000,0.000000,2,4,4,0.0000,0.0000,0.0000,0.5000,"Accelerate",0.001649
4630,A0100,pursuit_chase_v1,UNKNOWN,16132.998690,27630.040272,4769.959728,2104.760401,-28812.728678,19822.984489,497.053551,30760.493413,228.020276,4864.904008,39.777351,0.013583,False,False,False,False,True,True,False,1-circle,-1.000000,5431.994805,-20177.799908,0.454837,0.156376,100.000000,100.000000,0.000000,0.000000,2,4,4,0.0000,0.0000,0.0000,0.5000,"PursuitChaseOptimal",-0.003716
4630,B0100,aggressive,UNKNOWN,16132.998690,27630.040272,4769.959728,2104.760401,-28812.728678,19822.984489,497.053551,30760.493413,228.020276,4864.904008,39.777351,0.013583,False,False,False,False,True,True,False,1-circle,-1.000000,5431.994805,-20177.799908,0.454837,0.156376,100.000000,100.000000,0.000000,0.000000,2,4,4,0.0000,0.0000,0.0000,0.5000,"Accelerate",0.007225
4631,A0100,pursuit_chase_v1,UNKNOWN,16132.998690,27630.040272,4769.959728,2104.760401,-28812.728678,19822.984489,497.053551,30760.493413,228.020276,4864.904008,39.777351,0.013583,False,False,False,False,True,True,False,1-circle,-1.000000,5431.994805,-20177.799908,0.454837,0.156376,100.000000,100.000000,0.000000,0.000000,2,4,4,0.0000,0.0000,0.0000,0.5000,"PursuitChaseOptimal",0.013603
4631,B0100,aggressive,UNKNOWN,16132.998690,27630.040272,4769.959728,2104.760401,-28812.728678,19822.984489,497.053551,30760.493413,228.020276,4864.904008,39.777351,0.013583,False,False,False,False,True,True,False,1-circle,-1.000000,5431.994805,-20177.799908,0.454837,0.156376,100.000000,100.000000,0.000000,0.000000,2,4,4,0.0000,0.0000,0.0000,0.5000,"Accelerate",-0.008630
4632,A0100,pursuit_chase_v1,UNKNOWN,16126.054835,27636.306678,4763.693322,2100.276809,-28826.507108,19824.305432,497.169417,30766.914140,128.414532,4863.952576,39.694811,0.031749,False,False,False,False,True,True,False,1-circle,-1.000000,5432.389304,-20073.545473,1.063275,0.107517,100.000000,100.000000,0.000000,0.000000,2,4,4,0.0000,0.0000,0.0000,0.5000,"PursuitChaseOptimal",0.025905
4632,B0100,aggressive,UNKNOWN,16126.054835,27636.306678,4763.693322,2100.276809,-28826.507108,19824.305432,497.169417,30766.914140,128.414532,4863.952576,39.694811,0.031749,False,False,False,False,True,True,False,1-circle,-1.000000,5432.389304,-20073.545473,1.063275,0.107517,100.000000,100.000000,0.000000,0.000000,2,4,4,0.0000,0.0000,0.0000,0.5000,"Accelerate",-0.020104
4633,A0100,pursuit_chase_v1,UNKNOWN,16126.054835,27636.306678,4763.693322,2100.276809,-28826.507108,19824.305432,497.169417,30766.914140,128.414532,4863.952576,39.694811,0.031749,False,False,False,False,True,True,False,1-circle,-1.000000,5432.389304,-20073.545473,1.063275,0.107517,100.000000,100.000000,0.000000,0.000000,2,4,4,0.0000,0.0000,0.0000,0.5000,"PursuitChaseOptimal",0.016891
4633,B0100,aggressive,UNKNOWN,16126.054835,27636.306678,4763.693322,2100.276809,-28826.507108,19824.305432,497.169417,30766.914140,128.414532,4863.952576,39.694811,0.031749,False,False,False,False,True,True,False,1-circle,-1.000000,5432.389304,-20073.545473,1.063275,0.107517,100.000000,100.000000,0.000000,0.000000,2,4,4,0.0000,0.0000,0.0000,0.5000,"Accelerate",-0.012106
4634,A0100,pursuit_chase_v1,UNKNOWN,16119.102569,27645.106366,4754.893634,2101.019575,-28839.329926,19825.651600,497.331420,30775.392753,169.572273,4857.183865,39.482846,0.005467,False,False,False,False,True,True,False,1-circle,-1.000000,5432.685144,-20303.124983,-0.183172,0.423432,100.000000,100.000000,0.000000,0.000000,2,4,4,0.0000,0.0000,0.0000,0.5000,"PursuitChaseOptimal",0.000673
4634,B0100,aggressive,UNKNOWN,16119.102569,27645.106366,4754.893634,2101.019575,-28839.329926,19825.651600,497.331420,30775.392753,169.572273,4857.183865,39.482846,0.005467,False,False,False,False,True,True,False,1-circle,-1.000000,5432.685144,-20303.124983,-0.183172,0.423432,100.000000,100.000000,0.000000,0.000000,2,4,4,0.0000,0.0000,0.0000,0.5000,"Accelerate",0.003106
4635,A0100,pursuit_chase_v1,UNKNOWN,16119.102569,27645.106366,4754.893634,2101.019575,-28839.329926,19825.651600,497.331420,30775.392753,169.572273,4857.183865,39.482846,0.005467,False,False,False,False,True,True,False,1-circle,-1.000000,5432.685144,-20303.124983,-0.183172,0.423432,100.000000,100.000000,0.000000,0.000000,2,4,4,0.0000,0.0000,0.0000,0.5000,"PursuitChaseOptimal",-0.010497
4635,B0100,aggressive,UNKNOWN,16119.102569,27645.106366,4754.893634,2101.019575,-28839.329926,19825.651600,497.331420,30775.392753,169.572273,4857.183865,39.482846,0.005467,False,False,False,False,True,True,False,1-circle,-1.000000,5432.685144,-20303.124983,-0.183172,0.423432,100.000000,100.000000,0.000000,0.000000,2,4,4,0.0000,0.0000,0.0000,0.5000,"Accelerate",0.014296
4636,A0100,pursuit_chase_v1,UNKNOWN,16112.195499,27653.387539,4746.612461,2096.954180,-28853.217454,19826.957207,497.486995,30783.550030,163.145532,4865.997621,39.329012,0.010800,False,False,False,False,True,True,False,1-circle,-1.000000,5433.012565,-20210.249285,0.361938,0.285430,100.000000,100.000000,0.000000,0.000000,2,4,4,0.0000,0.0000,0.0000,0.5000,"PursuitChaseOptimal",-0.010134
4636,B0100,aggressive,UNKNOWN,16112.195499,27653.387539,4746.612461,2096.954180,-28853.217454,19826.957207,497.486995,30783.550030,163.145532,4865.997621,39.329012,0.010800,False,False,False,False,True,True,False,1-circle,-1.000000,5433.012565,-20210.249285,0.361938,0.285430,100.000000,100.000000,0.000000,0.000000,2,4,4,0.0000,0.0000,0.0000,0.5000,"Accelerate",0.014050
4637,A0100,pursuit_chase_v1,UNKNOWN,16112.195499,27653.387539,4746.612461,2096.954180,-28853.217454,19826.957207,497.486995,30783.550030,163.145532,4865.997621,39.329012,0.010800,False,False,False,False,True,True,False,1-circle,-1.000000,5433.012565,-20210.249285,0.361938,0.285430,100.000000,100.000000,0.000000,0.000000,2,4,4,0.0000,0.0000,0.0000,0.5000,"PursuitChaseOptimal",0.003975
4637,B0100,aggressive,UNKNOWN,16112.195499,27653.387539,4746.612461,2096.954180,-28853.217454,19826.957207,497.486995,30783.550030,163.145532,4865.997621,39.329012,0.010800,False,False,False,False,True,True,False,1-circle,-1.000000,5433.012565,-20210.249285,0.361938,0.285430,100.000000,100.000000,0.000000,0.000000,2,4,4,0.0000,0.0000,0.0000,0.5000,"Accelerate",-0.000130
4638,A0100,pursuit_chase_v1,UNKNOWN,16105.323318,27659.777082,4740.222918,2095.179024,-28865.175938,19828.297331,497.620658,30790.778519,144.569786,4867.629509,39.322375,0.025198,False,False,False,False,True,True,False,1-circle,-1.000000,5433.414079,-20432.741319,-0.844672,0.259147,100.000000,100.000000,0.000000,0.000000,2,4,4,0.0000,0.0000,0.0000,0.5000,"PursuitChaseOptimal",0.018652
4638,B0100,aggressive,UNKNOWN,16105.323318,27659.777082,4740.222918,2095.179024,-28865.175938,19828.297331,497.620658,30790.778519,144.569786,4867.629509,39.322375,0.025198,False,False,False,False,True,True,False,1-circle,-1.000000,5433.414079,-20432.741319,-0.844672,0.259147,100.000000,100.000000,0.000000,0.000000,2,4,4,0.0000,0.0000,0.0000,0.5000,"Accelerate",-0.014164
4639,A0100,pursuit_chase_v1,UNKNOWN,16105.323318,27659.777082,4740.222918,2095.179024,-28865.175938,19828.297331,497.620658,30790.778519,144.569786,4867.629509,39.322375,0.025198,False,False,False,False,True,True,False,1-circle,-1.000000,5433.414079,-20432.741319,-0.844672,0.259147,100.000000,100.000000,0.000000,0.000000,2,4,4,0.0000,0.0000,0.0000,0.5000,"PursuitChaseOptimal",0.016011
4639,B0100,aggressive,UNKNOWN,16105.323318,27659.777082,4740.222918,2095.179024,-28865.175938,19828.297331,497.620658,30790.778519,144.569786,4867.629509,39.322375,0.025198,False,False,False,False,True,True,False,1-circle,-1.000000,5433.414079,-20432.741319,-0.844672,0.259147,100.000000,100.000000,0.000000,0.000000,2,4,4,0.0000,0.0000,0.0000,0.5000,"Accelerate",-0.011115
4640,A0100,pursuit_chase_v1,UNKNOWN,16098.487097,27663.873903,4736.126097,2095.384871,-28878.444515,19829.553665,497.807657,30800.275502,189.939646,4864.746537,39.224865,0.007512,False,False,False,False,True,True,False,1-circle,-1.000000,5433.879718,-20331.398457,-0.251916,0.051372,100.000000,100.000000,0.000000,0.000000,2,4,4,0.0000,0.0000,0.0000,0.5000,"PursuitChaseOptimal",-0.000638
4640,B0100,aggressive,UNKNOWN,16098.487097,27663.873903,4736.126097,2095.384871,-28878.444515,19829.553665,497.807657,30800.275502,189.939646,4864.746537,39.224865,0.007512,False,False,False,False,True,True,False,1-circle,-1.000000,5433.879718,-20331.398457,-0.251916,0.051372,100.000000,100.000000,0.000000,0.000000,2,4,4,0.0000,0.0000,0.0000,0.5000,"Accelerate",0.004667
4641,A0100,pursuit_chase_v1,UNKNOWN,16098.487097,27663.873903,4736.126097,2095.384871,-28878.444515,19829.553665,497.807657,30800.275502,189.939646,4864.746537,39.224865,0.007512,False,False,False,False,True,True,False,1-circle,-1.000000,5433.879718,-20331.398457,-0.251916,0.051372,100.000000,100.000000,0.000000,0.000000,2,4,4,0.0000,0.0000,0.0000,0.5000,"PursuitChaseOptimal",-0.003295
4641,B0100,aggressive,UNKNOWN,16098.487097,27663.873903,4736.126097,2095.384871,-28878.444515,19829.553665,497.807657,30800.275502,189.939646,4864.746537,39.224865,0.007512,False,False,False,False,True,True,False,1-circle,-1.000000,5433.879718,-20331.398457,-0.251916,0.051372,100.000000,100.000000,0.000000,0.000000,2,4,4,0.0000,0.0000,0.0000,0.5000,"Accelerate",0.006458
4642,A0100,pursuit_chase_v1,UNKNOWN,16091.667096,27664.155034,4735.844966,2092.106814,-28889.949051,19830.764033,497.971821,30808.722745,168.944858,4871.360284,39.252923,0.042237,False,False,False,False,True,True,False,1-circle,-1.000000,5434.388164,-20546.440791,-1.416596,-0.146609,100.000000,100.000000,0.000000,0.000000,2,4,4,0.0000,0.0000,0.0000,0.5000,"PursuitChaseOptimal",0.009813
4642,B0100,aggressive,UNKNOWN,16091.667096,27664.155034,4735.844966,2092.106814,-28889.949051,19830.764033,497.971821,30808.722745,168.944858,4871.360284,39.252923,0.042237,False,False,False,False,True,True,False,1-circle,-1.000000,5434.388164,-20546.440791,-1.416596,-0.146609,100.000000,100.000000,0.000000,0.000000,2,4,4,0.0000,0.0000,0.0000,0.5000,"Accelerate",-0.006191
4643,A0100,pursuit_chase_v1,UNKNOWN,16091.667096,27664.155034,4735.844966,2092.106814,-28889.949051,19830.764033,497.971821,30808.722745,168.944858,4871.360284,39.252923,0.042237,False,False,False,False,True,True,False,1-circle,-1.000000,5434.388164,-20546.440791,-1.416596,-0.146609,100.000000,100.000000,0.000000,0.000000,2,4,4,0.0000,0.0000,0.0000,0.5000,"PursuitChaseOptimal",0.008903
4643,B0100,aggressive,UNKNOWN,16091.667096,27664.155034,4735.844966,2092.106814,-28889.949051,19830.764033,497.971821,30808.722745,168.944858,4871.360284,39.252923,0.042237,False,False,False,False,True,True,False,1-circle,-1.000000,5434.388164,-20546.440791,-1.416596,-0.146609,100.000000,100.000000,0.000000,0.000000,2,4,4,0.0000,0.0000,0.0000,0.5000,"Accelerate",-0.005064
4644,A0100,pursuit_chase_v1,UNKNOWN,16084.895853,27660.318846,4739.681154,2093.070947,-28904.230900,19831.787634,498.204884,30820.024659,226.038294,4871.301739,39.453809,0.036639,False,False,False,False,True,True,False,1-circle,-1.000000,5435.101193,-20075.695539,1.229443,-0.287883,100.000000,100.000000,0.000000,0.000000,2,4,4,0.0000,0.0000,0.0000,0.5000,"PursuitChaseOptimal",-0.009338
4644,B0100,aggressive,UNKNOWN,16084.895853,27660.318846,4739.681154,2093.070947,-28904.230900,19831.787634,498.204884,30820.024659,226.038294,4871.301739,39.453809,0.036639,False,False,False,False,True,True,False,1-circle,-1.000000,5435.101193,-20075.695539,1.229443,-0.287883,100.000000,100.000000,0.000000,0.000000,2,4,4,0.0000,0.0000,0.0000,0.5000,"Accelerate",0.012834
4645,A0100,pursuit_chase_v1,UNKNOWN,16084.895853,27660.318846,4739.681154,2093.070947,-28904.230900,19831.787634,498.204884,30820.024659,226.038294,4871.301739,39.453809,0.036639,False,False,False,False,True,True,False,1-circle,-1.000000,5435.101193,-20075.695539,1.229443,-0.287883,100.000000,100.000000,0.000000,0.000000,2,4,4,0.0000,0.0000,0.0000,0.5000,"PursuitChaseOptimal",-0.014106
4645,B0100,aggressive,UNKNOWN,16084.895853,27660.318846,4739.681154,2093.070947,-28904.230900,19831.787634,498.204884,30820.024659,226.038294,4871.301739,39.453809,0.036639,False,False,False,False,True,True,False,1-circle,-1.000000,5435.101193,-20075.695539,1.229443,-0.287883,100.000000,100.000000,0.000000,0.000000,2,4,4,0.0000,0.0000,0.0000,0.5000,"Accelerate",0.017541
4646,A0100,pursuit_chase_v1,UNKNOWN,16078.134707,27667.324609,4732.675391,2092.086829,-28913.153265,19832.744135,498.264720,30823.620777,71.922355,4867.979984,39.580856,0.020395,False,False,False,False,True,True,False,1-circle,-1.000000,5435.942093,-20425.853077,-0.684512,-0.016218,100.000000,100.000000,0.000000,0.000000,2,4,4,0.0000,0.0000,0.0000,0.5000,"PursuitChaseOptimal",0.003029
4646,B0100,aggressive,UNKNOWN,16078.134707,27667.324609,4732.675391,2092.086829,-28913.153265,19832.744135,498.264720,30823.620777,71.922355,4867.979984,39.580856,0.020395,False,False,False,False,True,True,False,1-circle,-1.000000,5435.942093,-20425.853077,-0.684512,-0.016218,100.000000,100.000000,0.000000,0.000000,2,4,4,0.0000,0.0000,0.0000,0.5000,"Accelerate",0.000706
4647,A0100,pursuit_chase_v1,UNKNOWN,16078.134707,27667.324609,4732.675391,2092.086829,-28913.153265,19832.744135,498.264720,30823.620777,71.922355,4867.979984,39.580856,0.020395,False,False,False,False,True,True,False,1-circle,-1.000000,5435.942093,-20425.853077,-0.684512,-0.016218,100.000000,100.000000,0.000000,0.000000,2,4,4,0.0000,0.0000,0.0000,0.5000,"PursuitChaseOptimal",0.010634
4647,B0100,aggressive,UNKNOWN,16078.134707,27667.324609,4732.675391,2092.086829,-28913.153265,19832.744135,498.264720,30823.620777,71.922355,4867.979984,39.580856,0.020395,False,False,False,False,True,True,False,1-circle,-1.000000,5435.942093,-20425.853077,-0.684512,-0.016218,100.000000,100.000000,0.000000,0.000000,2,4,4,0.0000,0.0000,0.0000,0.5000,"Accelerate",-0.006641
4648,A0100,pursuit_chase_v1,UNKNOWN,16071.395674,27673.738341,4726.261659,2090.492614,-28929.617367,19833.690327,498.453062,30832.877551,185.135481,4866.664431,39.546022,0.022427,False,False,False,False,True,True,False,1-circle,-1.000000,5436.866562,-20172.817042,0.752986,0.145194,100.000000,100.000000,0.000000,0.000000,2,4,4,0.0000,0.0000,0.0000,0.5000,"PursuitChaseOptimal",-0.004358
4648,B0100,aggressive,UNKNOWN,16071.395674,27673.738341,4726.261659,2090.492614,-28929.617367,19833.690327,498.453062,30832.877551,185.135481,4866.664431,39.546022,0.022427,False,False,False,False,True,True,False,1-circle,-1.000000,5436.866562,-20172.817042,0.752986,0.145194,100.000000,100.000000,0.000000,0.000000,2,4,4,0.0000,0.0000,0.0000,0.5000,"Accelerate",0.008200
4649,A0100,pursuit_chase_v1,UNKNOWN,16071.395674,27673.738341,4726.261659,2090.492614,-28929.617367,19833.690327,498.453062,30832.877551,185.135481,4866.664431,39.546022,0.022427,False,False,False,False,True,True,False,1-circle,-1.000000,5436.866562,-20172.817042,0.752986,0.145194,100.000000,100.000000,0.000000,0.000000,2,4,4,0.0000,0.0000,0.0000,0.5000,"PursuitChaseOptimal",-0.005344
4649,B0100,aggressive,UNKNOWN,16071.395674,27673.738341,4726.261659,2090.492614,-28929.617367,19833.690327,498.453062,30832.877551,185.135481,4866.664431,39.546022,0.022427,False,False,False,False,True,True,False,1-circle,-1.000000,5436.866562,-20172.817042,0.752986,0.145194,100.000000,100.000000,0.000000,0.000000,2,4,4,0.0000,0.0000,0.0000,0.5000,"Accelerate",0.009245
4650,A0100,pursuit_chase_v1,UNKNOWN,16064.676666,27681.834089,4718.165911,2090.025873,-28937.607780,19834.632940,498.515435,30836.573058,73.910144,4865.370824,39.509976,0.033352,False,False,False,False,True,True,False,1-circle,-1.000000,5437.831386,-20515.685931,-1.119867,0.001559,100.000000,100.000000,0.000000,0.000000,2,4,4,0.0000,0.0000,0.0000,0.5000,"PursuitChaseOptimal",0.017370
4650,B0100,aggressive,UNKNOWN,16064.676666,27681.834089,4718.165911,2090.025873,-28937.607780,19834.632940,498.515435,30836.573058,73.910144,4865.370824,39.509976,0.033352,False,False,False,False,True,True,False,1-circle,-1.000000,5437.831386,-20515.685931,-1.119867,0.001559,100.000000,100.000000,0.000000,0.000000,2,4,4,0.0000,0.0000,0.0000,0.5000,"Accelerate",-0.013087
4651,A0100,pursuit_chase_v1,UNKNOWN,16064.676666,27681.834089,4718.165911,2090.025873,-28937.607780,19834.632940,498.515435,30836.573058,73.910144,4865.370824,39.509976,0.033352,False,False,False,False,True,True,False,1-circle,-1.000000,5437.831386,-20515.685931,-1.119867,0.001559,100.000000,100.000000,0.000000,0.000000,2,4,4,0.0000,0.0000,0.0000,0.5000,"PursuitChaseOptimal",0.022098
4651,B0100,aggressive,UNKNOWN,16064.676666,27681.834089,4718.165911,2090.025873,-28937.607780,19834.632940,498.515435,30836.573058,73.910144,4865.370824,39.509976,0.033352,False,False,False,False,True,True,False,1-circle,-1.000000,5437.831386,-20515.685931,-1.119867,0.001559,100.000000,100.000000,0.000000,0.000000,2,4,4,0.0000,0.0000,0.0000,0.5000,"Accelerate",-0.017644
4652,A0100,pursuit_chase_v1,UNKNOWN,16057.974446,27685.336977,4714.663023,2088.568101,-28953.733947,19835.554254,498.727073,30846.837812,205.295068,4863.931989,39.376950,0.009915,False,False,False,False,True,True,False,1-circle,-1.000000,5438.805267,-20259.929485,0.333085,-0.071521,100.000000,100.000000,0.000000,0.000000,2,4,4,0.0000,0.0000,0.0000,0.5000,"PursuitChaseOptimal",0.007169
4652,B0100,aggressive,UNKNOWN,16057.974446,27685.336977,4714.663023,2088.568101,-28953.733947,19835.554254,498.727073,30846.837812,205.295068,4863.931989,39.376950,0.009915,False,False,False,False,True,True,False,1-circle,-1.000000,5438.805267,-20259.929485,0.333085,-0.071521,100.000000,100.000000,0.000000,0.000000,2,4,4,0.0000,0.0000,0.0000,0.5000,"Accelerate",-0.002883
4653,A0100,pursuit_chase_v1,UNKNOWN,16057.974446,27685.336977,4714.663023,2088.568101,-28953.733947,19835.554254,498.727073,30846.837812,205.295068,4863.931989,39.376950,0.009915,False,False,False,False,True,True,False,1-circle,-1.000000,5438.805267,-20259.929485,0.333085,-0.071521,100.000000,100.000000,0.000000,0.000000,2,4,4,0.0000,0.0000,0.0000,0.5000,"PursuitChaseOptimal",0.002484
4653,B0100,aggressive,UNKNOWN,16057.974446,27685.336977,4714.663023,2088.568101,-28953.733947,19835.554254,498.727073,30846.837812,205.295068,4863.931989,39.376950,0.009915,False,False,False,False,True,True,False,1-circle,-1.000000,5438.805267,-20259.929485,0.333085,-0.071521,100.000000,100.000000,0.000000,0.000000,2,4,4,0.0000,0.0000,0.0000,0.5000,"Accelerate",0.001745
4654,A0100,pursuit_chase_v1,UNKNOWN,16051.291143,27691.332496,4708.667504,2088.240402,-28961.301657,19836.436573,498.760365,30849.190274,47.049251,4862.978319,39.255466,0.045236,False,False,False,False,True,True,False,1-circle,-1.000000,5439.765968,-20599.162410,-1.519425,-0.131144,100.000000,100.000000,0.000000,0.000000,2,4,4,0.0000,0.0000,0.0000,0.5000,"PursuitChaseOptimal",0.021966
4654,B0100,aggressive,UNKNOWN,16051.291143,27691.332496,4708.667504,2088.240402,-28961.301657,19836.436573,498.760365,30849.190274,47.049251,4862.978319,39.255466,0.045236,False,False,False,False,True,True,False,1-circle,-1.000000,5439.765968,-20599.162410,-1.519425,-0.131144,100.000000,100.000000,0.000000,0.000000,2,4,4,0.0000,0.0000,0.0000,0.5000,"Accelerate",-0.017404
4655,A0100,pursuit_chase_v1,UNKNOWN,16051.291143,27691.332496,4708.667504,2088.240402,-28961.301657,19836.436573,498.760365,30849.190274,47.049251,4862.978319,39.255466,0.045236,False,False,False,False,True,True,False,1-circle,-1.000000,5439.765968,-20599.162410,-1.519425,-0.131144,100.000000,100.000000,0.000000,0.000000,2,4,4,0.0000,0.0000,0.0000,0.5000,"PursuitChaseOptimal",0.031852
4655,B0100,aggressive,UNKNOWN,16051.291143,27691.332496,4708.667504,2088.240402,-28961.301657,19836.436573,498.760365,30849.190274,47.049251,4862.978319,39.255466,0.045236,False,False,False,False,True,True,False,1-circle,-1.000000,5439.765968,-20599.162410,-1.519425,-0.131144,100.000000,100.000000,0.000000,0.000000,2,4,4,0.0000,0.0000,0.0000,0.5000,"Accelerate",-0.026818
4656,A0100,pursuit_chase_v1,UNKNOWN,16044.625233,27695.071300,4704.928700,2085.519717,-28977.140086,19837.292507,498.951449,30858.486204,185.918599,4860.117108,39.018409,0.001077,False,False,False,False,True,True,False,1-circle,-1.000000,5440.687247,-20337.951487,-0.036210,-0.035415,100.000000,100.000000,0.000000,0.000000,2,4,4,0.0000,0.0000,0.0000,0.5000,"PursuitChaseOptimal",0.021344
4656,B0100,aggressive,UNKNOWN,16044.625233,27695.071300,4704.928700,2085.519717,-28977.140086,19837.292507,498.951449,30858.486204,185.918599,4860.117108,39.018409,0.001077,False,False,False,False,True,True,False,1-circle,-1.000000,5440.687247,-20337.951487,-0.036210,-0.035415,100.000000,100.000000,0.000000,0.000000,2,4,4,0.0000,0.0000,0.0000,0.5000,"Accelerate",-0.016213
4657,A0100,pursuit_chase_v1,UNKNOWN,16044.625233,27695.071300,4704.928700,2085.519717,-28977.140086,19837.292507,498.951449,30858.486204,185.918599,4860.117108,39.018409,0.001077,False,False,False,False,True,True,False,1-circle,-1.000000,5440.687247,-20337.951487,-0.036210,-0.035415,100.000000,100.000000,0.000000,0.000000,2,4,4,0.0000,0.0000,0.0000,0.5000,"PursuitChaseOptimal",0.004105
4657,B0100,aggressive,UNKNOWN,16044.625233,27695.071300,4704.928700,2085.519717,-28977.140086,19837.292507,498.951449,30858.486204,185.918599,4860.117108,39.018409,0.001077,False,False,False,False,True,True,False,1-circle,-1.000000,5440.687247,-20337.951487,-0.036210,-0.035415,100.000000,100.000000,0.000000,0.000000,2,4,4,0.0000,0.0000,0.0000,0.5000,"Accelerate",0.000223
4658,A0100,pursuit_chase_v1,UNKNOWN,16037.961164,27701.215741,4698.784259,2090.156043,-28984.348538,19838.118245,499.002493,30861.567023,61.616369,4856.825071,38.893165,0.055517,False,False,False,False,True,True,False,1-circle,-1.000000,5441.511888,-20672.929248,-1.865399,-0.136127,100.000000,100.000000,0.000000,0.000000,2,4,4,0.0000,0.0000,0.0000,0.5000,"PursuitChaseOptimal",-0.007979
4658,B0100,aggressive,UNKNOWN,16037.961164,27701.215741,4698.784259,2090.156043,-28984.348538,19838.118245,499.002493,30861.567023,61.616369,4856.825071,38.893165,0.055517,False,False,False,False,True,True,False,1-circle,-1.000000,5441.511888,-20672.929248,-1.865399,-0.136127,100.000000,100.000000,0.000000,0.000000,2,4,4,0.0000,0.0000,0.0000,0.5000,"Accelerate",0.010847
4659,A0100,pursuit_chase_v1,UNKNOWN,16037.961164,27701.215741,4698.784259,2090.156043,-28984.348538,19838.118245,499.002493,30861.567023,61.616369,4856.825071,38.893165,0.055517,False,False,False,False,True,True,False,1-circle,-1.000000,5441.511888,-20672.929248,-1.865399,-0.136127,100.000000,100.000000,0.000000,0.000000,2,4,4,0.0000,0.0000,0.0000,0.5000,"PursuitChaseOptimal",-0.008168
4659,B0100,aggressive,UNKNOWN,16037.961164,27701.215741,4698.784259,2090.156043,-28984.348538,19838.118245,499.002493,30861.567023,61.616369,4856.825071,38.893165,0.055517,False,False,False,False,True,True,False,1-circle,-1.000000,5441.511888,-20672.929248,-1.865399,-0.136127,100.000000,100.000000,0.000000,0.000000,2,4,4,0.0000,0.0000,0.0000,0.5000,"Accelerate",0.010818
4660,A0100,pursuit_chase_v1,UNKNOWN,16031.336800,27700.795798,4699.204202,2085.202848,-28998.492786,19838.905685,499.237225,30872.727833,223.216217,4871.065851,38.894248,0.003613,False,False,False,False,True,True,False,1-circle,-1.000000,5442.417182,-20364.812810,-0.121481,-0.148367,100.000000,100.000000,0.000000,0.000000,2,4,4,0.0000,0.0000,0.0000,0.5000,"PursuitChaseOptimal",0.005193
4660,B0100,aggressive,UNKNOWN,16031.336800,27700.795798,4699.204202,2085.202848,-28998.492786,19838.905685,499.237225,30872.727833,223.216217,4871.065851,38.894248,0.003613,False,False,False,False,True,True,False,1-circle,-1.000000,5442.417182,-20364.812810,-0.121481,-0.148367,100.000000,100.000000,0.000000,0.000000,2,4,4,0.0000,0.0000,0.0000,0.5000,"Accelerate",-0.001591
4661,A0100,pursuit_chase_v1,UNKNOWN,16031.336800,27700.795798,4699.204202,2085.202848,-28998.492786,19838.905685,499.237225,30872.727833,223.216217,4871.065851,38.894248,0.003613,False,False,False,False,True,True,False,1-circle,-1.000000,5442.417182,-20364.812810,-0.121481,-0.148367,100.000000,100.000000,0.000000,0.000000,2,4,4,0.0000,0.0000,0.0000,0.5000,"PursuitChaseOptimal",0.019777
4661,B0100,aggressive,UNKNOWN,16031.336800,27700.795798,4699.204202,2085.202848,-28998.492786,19838.905685,499.237225,30872.727833,223.216217,4871.065851,38.894248,0.003613,False,False,False,False,True,True,False,1-circle,-1.000000,5442.417182,-20364.812810,-0.121481,-0.148367,100.000000,100.000000,0.000000,0.000000,2,4,4,0.0000,0.0000,0.0000,0.5000,"Accelerate",-0.014767
4662,A0100,pursuit_chase_v1,UNKNOWN,16024.760817,27707.289048,4692.710952,2086.008830,-29010.496821,19839.589911,499.322980,30877.202967,89.502672,4864.816267,38.820126,0.020970,False,False,False,False,True,True,False,1-circle,-1.000000,5443.467218,-20221.894576,0.705246,-0.202334,100.000000,100.000000,0.000000,0.000000,2,4,4,0.0000,0.0000,0.0000,0.5000,"PursuitChaseOptimal",0.015850
4662,B0100,aggressive,UNKNOWN,16024.760817,27707.289048,4692.710952,2086.008830,-29010.496821,19839.589911,499.322980,30877.202967,89.502672,4864.816267,38.820126,0.020970,False,False,False,False,True,True,False,1-circle,-1.000000,5443.467218,-20221.894576,0.705246,-0.202334,100.000000,100.000000,0.000000,0.000000,2,4,4,0.0000,0.0000,0.0000,0.5000,"Accelerate",-0.010856
4663,A0100,pursuit_chase_v1,UNKNOWN,16024.760817,27707.289048,4692.710952,2086.008830,-29010.496821,19839.589911,499.322980,30877.202967,89.502672,4864.816267,38.820126,0.020970,False,False,False,False,True,True,False,1-circle,-1.000000,5443.467218,-20221.894576,0.705246,-0.202334,100.000000,100.000000,0.000000,0.000000,2,4,4,0.0000,0.0000,0.0000,0.5000,"PursuitChaseOptimal",-0.001155
4663,B0100,aggressive,UNKNOWN,16024.760817,27707.289048,4692.710952,2086.008830,-29010.496821,19839.589911,499.322980,30877.202967,89.502672,4864.816267,38.820126,0.020970,False,False,False,False,True,True,False,1-circle,-1.000000,5443.467218,-20221.894576,0.705246,-0.202334,100.000000,100.000000,0.000000,0.000000,2,4,4,0.0000,0.0000,0.0000,0.5000,"Accelerate",0.004580
4664,A0100,pursuit_chase_v1,UNKNOWN,16018.173108,27716.356670,4683.643330,2086.438298,-29021.794505,19840.328802,499.460640,30884.028687,136.514401,4866.578365,38.600700,0.009811,False,False,False,False,True,True,False,1-circle,-1.000000,5444.399933,-20414.090814,-0.330064,0.110988,100.000000,100.000000,0.000000,0.000000,2,4,4,0.0000,0.0000,0.0000,0.5000,"PursuitChaseOptimal",-0.003842
4664,B0100,aggressive,UNKNOWN,16018.173108,27716.356670,4683.643330,2086.438298,-29021.794505,19840.328802,499.460640,30884.028687,136.514401,4866.578365,38.600700,0.009811,False,False,False,False,True,True,False,1-circle,-1.000000,5444.399933,-20414.090814,-0.330064,0.110988,100.000000,100.000000,0.000000,0.000000,2,4,4,0.0000,0.0000,0.0000,0.5000,"Accelerate",0.006959
4665,A0100,pursuit_chase_v1,UNKNOWN,16018.173108,27716.356670,4683.643330,2086.438298,-29021.794505,19840.328802,499.460640,30884.028687,136.514401,4866.578365,38.600700,0.009811,False,False,False,False,True,True,False,1-circle,-1.000000,5444.399933,-20414.090814,-0.330064,0.110988,100.000000,100.000000,0.000000,0.000000,2,4,4,0.0000,0.0000,0.0000,0.5000,"PursuitChaseOptimal",0.012005
4665,B0100,aggressive,UNKNOWN,16018.173108,27716.356670,4683.643330,2086.438298,-29021.794505,19840.328802,499.460640,30884.028687,136.514401,4866.578365,38.600700,0.009811,False,False,False,False,True,True,False,1-circle,-1.000000,5444.399933,-20414.090814,-0.330064,0.110988,100.000000,100.000000,0.000000,0.000000,2,4,4,0.0000,0.0000,0.0000,0.5000,"Accelerate",-0.007333
4666,A0100,pursuit_chase_v1,UNKNOWN,16011.635839,27725.419912,4674.580088,2083.504014,-29034.378234,19841.055407,499.582975,30890.165952,122.745295,4865.028594,38.446726,0.012407,False,False,False,False,True,True,False,1-circle,-1.000000,5445.378361,-20285.407481,0.417468,-0.004390,100.000000,100.000000,0.000000,0.000000,2,4,4,0.0000,0.0000,0.0000,0.5000,"PursuitChaseOptimal",0.016103
4666,B0100,aggressive,UNKNOWN,16011.635839,27725.419912,4674.580088,2083.504014,-29034.378234,19841.055407,499.582975,30890.165952,122.745295,4865.028594,38.446726,0.012407,False,False,False,False,True,True,False,1-circle,-1.000000,5445.378361,-20285.407481,0.417468,-0.004390,100.000000,100.000000,0.000000,0.000000,2,4,4,0.0000,0.0000,0.0000,0.5000,"Accelerate",-0.010981
4667,A0100,pursuit_chase_v1,UNKNOWN,16011.635839,27725.419912,4674.580088,2083.504014,-29034.378234,19841.055407,499.582975,30890.165952,122.745295,4865.028594,38.446726,0.012407,False,False,False,False,True,True,False,1-circle,-1.000000,5445.378361,-20285.407481,0.417468,-0.004390,100.000000,100.000000,0.000000,0.000000,2,4,4,0.0000,0.0000,0.0000,0.5000,"PursuitChaseOptimal",-0.003948
4667,B0100,aggressive,UNKNOWN,16011.635839,27725.419912,4674.580088,2083.504014,-29034.378234,19841.055407,499.582975,30890.165952,122.745295,4865.028594,38.446726,0.012407,False,False,False,False,True,True,False,1-circle,-1.000000,5445.378361,-20285.407481,0.417468,-0.004390,100.000000,100.000000,0.000000,0.000000,2,4,4,0.0000,0.0000,0.0000,0.5000,"Accelerate",0.007250
4668,A0100,pursuit_chase_v1,UNKNOWN,16005.083182,27736.052424,4663.947576,2085.216809,-29045.309191,19841.870532,499.689336,30895.686255,110.406073,4862.825532,38.277562,0.018464,False,False,False,False,True,True,False,1-circle,-1.000000,5446.234607,-20478.223053,-0.621404,0.168909,100.000000,100.000000,0.000000,0.000000,2,4,4,0.0000,0.0000,0.0000,0.5000,"PursuitChaseOptimal",-0.007686
4668,B0100,aggressive,UNKNOWN,16005.083182,27736.052424,4663.947576,2085.216809,-29045.309191,19841.870532,499.689336,30895.686255,110.406073,4862.825532,38.277562,0.018464,False,False,False,False,True,True,False,1-circle,-1.000000,5446.234607,-20478.223053,-0.621404,0.168909,100.000000,100.000000,0.000000,0.000000,2,4,4,0.0000,0.0000,0.0000,0.5000,"Accelerate",0.010581
4669,A0100,pursuit_chase_v1,UNKNOWN,16005.083182,27736.052424,4663.947576,2085.216809,-29045.309191,19841.870532,499.689336,30895.686255,110.406073,4862.825532,38.277562,0.018464,False,False,False,False,True,True,False,1-circle,-1.000000,5446.234607,-20478.223053,-0.621404,0.168909,100.000000,100.000000,0.000000,0.000000,2,4,4,0.0000,0.0000,0.0000,0.5000,"PursuitChaseOptimal",0.009216
4669,B0100,aggressive,UNKNOWN,16005.083182,27736.052424,4663.947576,2085.216809,-29045.309191,19841.870532,499.689336,30895.686255,110.406073,4862.825532,38.277562,0.018464,False,False,False,False,True,True,False,1-circle,-1.000000,5446.234607,-20478.223053,-0.621404,0.168909,100.000000,100.000000,0.000000,0.000000,2,4,4,0.0000,0.0000,0.0000,0.5000,"Accelerate",-0.004757
4670,A0100,pursuit_chase_v1,UNKNOWN,15998.578074,27744.712898,4655.287102,2082.493479,-29057.629911,19842.684745,499.817391,30902.166728,129.609450,4862.001727,38.164384,0.004035,False,False,False,False,True,True,False,1-circle,-1.000000,5447.148648,-20347.782909,0.135819,0.059569,100.000000,100.000000,0.000000,0.000000,2,4,4,0.0000,0.0000,0.0000,0.5000,"PursuitChaseOptimal",0.015755
4670,B0100,aggressive,UNKNOWN,15998.578074,27744.712898,4655.287102,2082.493479,-29057.629911,19842.684745,499.817391,30902.166728,129.609450,4862.001727,38.164384,0.004035,False,False,False,False,True,True,False,1-circle,-1.000000,5447.148648,-20347.782909,0.135819,0.059569,100.000000,100.000000,0.000000,0.000000,2,4,4,0.0000,0.0000,0.0000,0.5000,"Accelerate",-0.010820
4671,A0100,pursuit_chase_v1,UNKNOWN,15998.578074,27744.712898,4655.287102,2082.493479,-29057.629911,19842.684745,499.817391,30902.166728,129.609450,4862.001727,38.164384,0.004035,False,False,False,False,True,True,False,1-circle,-1.000000,5447.148648,-20347.782909,0.135819,0.059569,100.000000,100.000000,0.000000,0.000000,2,4,4,0.0000,0.0000,0.0000,0.5000,"PursuitChaseOptimal",-0.000337
4671,B0100,aggressive,UNKNOWN,15998.578074,27744.712898,4655.287102,2082.493479,-29057.629911,19842.684745,499.817391,30902.166728,129.609450,4862.001727,38.164384,0.004035,False,False,False,False,True,True,False,1-circle,-1.000000,5447.148648,-20347.782909,0.135819,0.059569,100.000000,100.000000,0.000000,0.000000,2,4,4,0.0000,0.0000,0.0000,0.5000,"Accelerate",0.003540
4672,A0100,pursuit_chase_v1,UNKNOWN,15992.060424,27750.799815,4649.200185,2084.425830,-29068.373944,19843.555889,499.929696,30908.008375,116.832938,4859.438118,38.097985,0.026474,False,False,False,False,True,True,False,1-circle,-1.000000,5447.980819,-20538.509223,-0.891363,-0.038779,100.000000,100.000000,0.000000,0.000000,2,4,4,0.0000,0.0000,0.0000,0.5000,"PursuitChaseOptimal",-0.005843
4672,B0100,aggressive,UNKNOWN,15992.060424,27750.799815,4649.200185,2084.425830,-29068.373944,19843.555889,499.929696,30908.008375,116.832938,4859.438118,38.097985,0.026474,False,False,False,False,True,True,False,1-circle,-1.000000,5447.980819,-20538.509223,-0.891363,-0.038779,100.000000,100.000000,0.000000,0.000000,2,4,4,0.0000,0.0000,0.0000,0.5000,"Accelerate",0.008593
4673,A0100,pursuit_chase_v1,UNKNOWN,15992.060424,27750.799815,4649.200185,2084.425830,-29068.373944,19843.555889,499.929696,30908.008375,116.832938,4859.438118,38.097985,0.026474,False,False,False,False,True,True,False,1-circle,-1.000000,5447.980819,-20538.509223,-0.891363,-0.038779,100.000000,100.000000,0.000000,0.000000,2,4,4,0.0000,0.0000,0.0000,0.5000,"PursuitChaseOptimal",0.011648
4673,B0100,aggressive,UNKNOWN,15992.060424,27750.799815,4649.200185,2084.425830,-29068.373944,19843.555889,499.929696,30908.008375,116.832938,4859.438118,38.097985,0.026474,False,False,False,False,True,True,False,1-circle,-1.000000,5447.980819,-20538.509223,-0.891363,-0.038779,100.000000,100.000000,0.000000,0.000000,2,4,4,0.0000,0.0000,0.0000,0.5000,"Accelerate",-0.007304
4674,A0100,pursuit_chase_v1,UNKNOWN,15985.595633,27754.927824,4645.072176,2081.780797,-29080.585751,19844.356479,500.055949,30914.398120,127.794895,4861.188239,38.031349,0.003561,False,False,False,False,True,True,False,1-circle,-1.000000,5448.919356,-20405.559849,-0.119937,-0.244375,100.000000,100.000000,0.000000,0.000000,2,4,4,0.0000,0.0000,0.0000,0.5000,"PursuitChaseOptimal",0.017922
4674,B0100,aggressive,UNKNOWN,15985.595633,27754.927824,4645.072176,2081.780797,-29080.585751,19844.356479,500.055949,30914.398120,127.794895,4861.188239,38.031349,0.003561,False,False,False,False,True,True,False,1-circle,-1.000000,5448.919356,-20405.559849,-0.119937,-0.244375,100.000000,100.000000,0.000000,0.000000,2,4,4,0.0000,0.0000,0.0000,0.5000,"Accelerate",-0.012974
4675,A0100,pursuit_chase_v1,UNKNOWN,15985.595633,27754.927824,4645.072176,2081.780797,-29080.585751,19844.356479,500.055949,30914.398120,127.794895,4861.188239,38.031349,0.003561,False,False,False,False,True,True,False,1-circle,-1.000000,5448.919356,-20405.559849,-0.119937,-0.244375,100.000000,100.000000,0.000000,0.000000,2,4,4,0.0000,0.0000,0.0000,0.5000,"PursuitChaseOptimal",0.002047
4675,B0100,aggressive,UNKNOWN,15985.595633,27754.927824,4645.072176,2081.780797,-29080.585751,19844.356479,500.055949,30914.398120,127.794895,4861.188239,38.031349,0.003561,False,False,False,False,True,True,False,1-circle,-1.000000,5448.919356,-20405.559849,-0.119937,-0.244375,100.000000,100.000000,0.000000,0.000000,2,4,4,0.0000,0.0000,0.0000,0.5000,"Accelerate",0.001280
4676,A0100,pursuit_chase_v1,UNKNOWN,15979.114409,27760.461855,4639.538145,2083.619369,-29091.219101,19845.174385,500.139191,30918.901903,90.075665,4856.690410,37.974196,0.033920,False,False,False,False,True,True,False,1-circle,-1.000000,5449.798537,-20595.507060,-1.142438,-0.053151,100.000000,100.000000,0.000000,0.000000,2,4,4,0.0000,0.0000,0.0000,0.5000,"PursuitChaseOptimal",0.001739
4676,B0100,aggressive,UNKNOWN,15979.114409,27760.461855,4639.538145,2083.619369,-29091.219101,19845.174385,500.139191,30918.901903,90.075665,4856.690410,37.974196,0.033920,False,False,False,False,True,True,False,1-circle,-1.000000,5449.798537,-20595.507060,-1.142438,-0.053151,100.000000,100.000000,0.000000,0.000000,2,4,4,0.0000,0.0000,0.0000,0.5000,"Accelerate",0.001441
4677,A0100,pursuit_chase_v1,UNKNOWN,15979.114409,27760.461855,4639.538145,2083.619369,-29091.219101,19845.174385,500.139191,30918.901903,90.075665,4856.690410,37.974196,0.033920,False,False,False,False,True,True,False,1-circle,-1.000000,5449.798537,-20595.507060,-1.142438,-0.053151,100.000000,100.000000,0.000000,0.000000,2,4,4,0.0000,0.0000,0.0000,0.5000,"PursuitChaseOptimal",0.022149
4677,B0100,aggressive,UNKNOWN,15979.114409,27760.461855,4639.538145,2083.619369,-29091.219101,19845.174385,500.139191,30918.901903,90.075665,4856.690410,37.974196,0.033920,False,False,False,False,True,True,False,1-circle,-1.000000,5449.798537,-20595.507060,-1.142438,-0.053151,100.000000,100.000000,0.000000,0.000000,2,4,4,0.0000,0.0000,0.0000,0.5000,"Accelerate",-0.017128
4678,A0100,pursuit_chase_v1,UNKNOWN,15972.671494,27765.317822,4634.682178,2080.989217,-29103.181036,19845.928319,500.251796,30924.642851,114.818968,4854.305858,37.830931,0.010480,False,False,False,False,True,True,False,1-circle,-1.000000,5450.738138,-20459.369798,-0.353107,-0.168675,100.000000,100.000000,0.000000,0.000000,2,4,4,0.0000,0.0000,0.0000,0.5000,"PursuitChaseOptimal",0.033901
4678,B0100,aggressive,UNKNOWN,15972.671494,27765.317822,4634.682178,2080.989217,-29103.181036,19845.928319,500.251796,30924.642851,114.818968,4854.305858,37.830931,0.010480,False,False,False,False,True,True,False,1-circle,-1.000000,5450.738138,-20459.369798,-0.353107,-0.168675,100.000000,100.000000,0.000000,0.000000,2,4,4,0.0000,0.0000,0.0000,0.5000,"Accelerate",-0.027973
4679,A0100,pursuit_chase_v1,UNKNOWN,15972.671494,27765.317822,4634.682178,2080.989217,-29103.181036,19845.928319,500.251796,30924.642851,114.818968,4854.305858,37.830931,0.010480,False,False,False,False,True,True,False,1-circle,-1.000000,5450.738138,-20459.369798,-0.353107,-0.168675,100.000000,100.000000,0.000000,0.000000,2,4,4,0.0000,0.0000,0.0000,0.5000,"PursuitChaseOptimal",0.024230
4679,B0100,aggressive,UNKNOWN,15972.671494,27765.317822,4634.682178,2080.989217,-29103.181036,19845.928319,500.251796,30924.642851,114.818968,4854.305858,37.830931,0.010480,False,False,False,False,True,True,False,1-circle,-1.000000,5450.738138,-20459.369798,-0.353107,-0.168675,100.000000,100.000000,0.000000,0.000000,2,4,4,0.0000,0.0000,0.0000,0.5000,"Accelerate",-0.019610
4680,A0100,pursuit_chase_v1,UNKNOWN,15966.203582,27769.885396,4630.114604,2083.998278,-29113.678277,19846.705522,500.340867,30929.365562,94.454217,4846.099574,37.620126,0.040612,False,False,False,False,True,True,False,1-circle,-1.000000,5451.511096,-20647.962508,-1.368289,-0.128781,100.000000,100.000000,0.000000,0.000000,2,4,4,0.0000,0.0000,0.0000,0.5000,"PursuitChaseOptimal",0.006382
4680,B0100,aggressive,UNKNOWN,15966.203582,27769.885396,4630.114604,2083.998278,-29113.678277,19846.705522,500.340867,30929.365562,94.454217,4846.099574,37.620126,0.040612,False,False,False,False,True,True,False,1-circle,-1.000000,5451.511096,-20647.962508,-1.368289,-0.128781,100.000000,100.000000,0.000000,0.000000,2,4,4,0.0000,0.0000,0.0000,0.5000,"Accelerate",-0.002949
4681,A0100,pursuit_chase_v1,UNKNOWN,15966.203582,27769.885396,4630.114604,2083.998278,-29113.678277,19846.705522,500.340867,30929.365562,94.454217,4846.099574,37.620126,0.040612,False,False,False,False,True,True,False,1-circle,-1.000000,5451.511096,-20647.962508,-1.368289,-0.128781,100.000000,100.000000,0.000000,0.000000,2,4,4,0.0000,0.0000,0.0000,0.5000,"PursuitChaseOptimal",-0.006779
4681,B0100,aggressive,UNKNOWN,15966.203582,27769.885396,4630.114604,2083.998278,-29113.678277,19846.705522,500.340867,30929.365562,94.454217,4846.099574,37.620126,0.040612,False,False,False,False,True,True,False,1-circle,-1.000000,5451.511096,-20647.962508,-1.368289,-0.128781,100.000000,100.000000,0.000000,0.000000,2,4,4,0.0000,0.0000,0.0000,0.5000,"Accelerate",0.009993
4682,A0100,pursuit_chase_v1,UNKNOWN,15959.776159,27773.508277,4626.491723,2081.946433,-29125.591255,19847.401503,500.462810,30935.464352,121.975802,4854.025391,37.507621,0.017048,False,False,False,False,True,True,False,1-circle,-1.000000,5452.298229,-20510.979924,-0.574613,-0.300678,100.000000,100.000000,0.000000,0.000000,2,4,4,0.0000,0.0000,0.0000,0.5000,"PursuitChaseOptimal",-0.006810
4682,B0100,aggressive,UNKNOWN,15959.776159,27773.508277,4626.491723,2081.946433,-29125.591255,19847.401503,500.462810,30935.464352,121.975802,4854.025391,37.507621,0.017048,False,False,False,False,True,True,False,1-circle,-1.000000,5452.298229,-20510.979924,-0.574613,-0.300678,100.000000,100.000000,0.000000,0.000000,2,4,4,0.0000,0.0000,0.0000,0.5000,"Accelerate",0.010212
4683,A0100,pursuit_chase_v1,UNKNOWN,15959.776159,27773.508277,4626.491723,2081.946433,-29125.591255,19847.401503,500.462810,30935.464352,121.975802,4854.025391,37.507621,0.017048,False,False,False,False,True,True,False,1-circle,-1.000000,5452.298229,-20510.979924,-0.574613,-0.300678,100.000000,100.000000,0.000000,0.000000,2,4,4,0.0000,0.0000,0.0000,0.5000,"PursuitChaseOptimal",0.006287
4683,B0100,aggressive,UNKNOWN,15959.776159,27773.508277,4626.491723,2081.946433,-29125.591255,19847.401503,500.462810,30935.464352,121.975802,4854.025391,37.507621,0.017048,False,False,False,False,True,True,False,1-circle,-1.000000,5452.298229,-20510.979924,-0.574613,-0.300678,100.000000,100.000000,0.000000,0.000000,2,4,4,0.0000,0.0000,0.0000,0.5000,"Accelerate",-0.002810
4684,A0100,pursuit_chase_v1,UNKNOWN,15953.367303,27778.230719,4621.769281,2082.060054,-29135.977344,19848.110755,500.545432,30939.834995,87.412856,4853.508422,37.510676,0.047089,False,False,False,False,True,True,False,1-circle,-1.000000,5453.138201,-20699.149314,-1.587043,-0.141647,100.000000,100.000000,0.000000,0.000000,2,4,4,0.0000,0.0000,0.0000,0.5000,"PursuitChaseOptimal",0.020928
4684,B0100,aggressive,UNKNOWN,15953.367303,27778.230719,4621.769281,2082.060054,-29135.977344,19848.110755,500.545432,30939.834995,87.412856,4853.508422,37.510676,0.047089,False,False,False,False,True,True,False,1-circle,-1.000000,5453.138201,-20699.149314,-1.587043,-0.141647,100.000000,100.000000,0.000000,0.000000,2,4,4,0.0000,0.0000,0.0000,0.5000,"Accelerate",-0.016744
4685,A0100,pursuit_chase_v1,UNKNOWN,15953.367303,27778.230719,4621.769281,2082.060054,-29135.977344,19848.110755,500.545432,30939.834995,87.412856,4853.508422,37.510676,0.047089,False,False,False,False,True,True,False,1-circle,-1.000000,5453.138201,-20699.149314,-1.587043,-0.141647,100.000000,100.000000,0.000000,0.000000,2,4,4,0.0000,0.0000,0.0000,0.5000,"PursuitChaseOptimal",0.015732
4685,B0100,aggressive,UNKNOWN,15953.367303,27778.230719,4621.769281,2082.060054,-29135.977344,19848.110755,500.545432,30939.834995,87.412856,4853.508422,37.510676,0.047089,False,False,False,False,True,True,False,1-circle,-1.000000,5453.138201,-20699.149314,-1.587043,-0.141647,100.000000,100.000000,0.000000,0.000000,2,4,4,0.0000,0.0000,0.0000,0.5000,"Accelerate",-0.011603
4686,A0100,pursuit_chase_v1,UNKNOWN,15946.986177,27778.144403,4621.855597,2082.515778,-29149.242479,19848.715892,500.752366,30949.613030,195.560689,4853.638925,37.428399,0.035136,False,False,False,False,True,True,False,1-circle,-1.000000,5454.036046,-20206.210395,1.184766,-0.269527,100.000000,100.000000,0.000000,0.000000,2,4,4,0.0000,0.0000,0.0000,0.5000,"PursuitChaseOptimal",-0.001623
4686,B0100,aggressive,UNKNOWN,15946.986177,27778.144403,4621.855597,2082.515778,-29149.242479,19848.715892,500.752366,30949.613030,195.560689,4853.638925,37.428399,0.035136,False,False,False,False,True,True,False,1-circle,-1.000000,5454.036046,-20206.210395,1.184766,-0.269527,100.000000,100.000000,0.000000,0.000000,2,4,4,0.0000,0.0000,0.0000,0.5000,"Accelerate",0.005242
4687,A0100,pursuit_chase_v1,UNKNOWN,15946.986177,27778.144403,4621.855597,2082.515778,-29149.242479,19848.715892,500.752366,30949.613030,195.560689,4853.638925,37.428399,0.035136,False,False,False,False,True,True,False,1-circle,-1.000000,5454.036046,-20206.210395,1.184766,-0.269527,100.000000,100.000000,0.000000,0.000000,2,4,4,0.0000,0.0000,0.0000,0.5000,"PursuitChaseOptimal",-0.004181
4687,B0100,aggressive,UNKNOWN,15946.986177,27778.144403,4621.855597,2082.515778,-29149.242479,19848.715892,500.752366,30949.613030,195.560689,4853.638925,37.428399,0.035136,False,False,False,False,True,True,False,1-circle,-1.000000,5454.036046,-20206.210395,1.184766,-0.269527,100.000000,100.000000,0.000000,0.000000,2,4,4,0.0000,0.0000,0.0000,0.5000,"Accelerate",0.007794
4688,A0100,pursuit_chase_v1,UNKNOWN,15940.620550,27788.388641,4611.611359,2082.063672,-29157.400414,19849.322854,500.777757,30951.345776,34.654924,4852.702512,37.287417,0.018542,False,False,False,False,True,True,False,1-circle,-1.000000,5454.919212,-20538.020807,-0.625325,-0.086288,100.000000,100.000000,0.000000,0.000000,2,4,4,0.0000,0.0000,0.0000,0.5000,"PursuitChaseOptimal",0.011701
4688,B0100,aggressive,UNKNOWN,15940.620550,27788.388641,4611.611359,2082.063672,-29157.400414,19849.322854,500.777757,30951.345776,34.654924,4852.702512,37.287417,0.018542,False,False,False,False,True,True,False,1-circle,-1.000000,5454.919212,-20538.020807,-0.625325,-0.086288,100.000000,100.000000,0.000000,0.000000,2,4,4,0.0000,0.0000,0.0000,0.5000,"Accelerate",-0.007699
4689,A0100,pursuit_chase_v1,UNKNOWN,15940.620550,27788.388641,4611.611359,2082.063672,-29157.400414,19849.322854,500.777757,30951.345776,34.654924,4852.702512,37.287417,0.018542,False,False,False,False,True,True,False,1-circle,-1.000000,5454.919212,-20538.020807,-0.625325,-0.086288,100.000000,100.000000,0.000000,0.000000,2,4,4,0.0000,0.0000,0.0000,0.5000,"PursuitChaseOptimal",0.015603
4689,B0100,aggressive,UNKNOWN,15940.620550,27788.388641,4611.611359,2082.063672,-29157.400414,19849.322854,500.777757,30951.345776,34.654924,4852.702512,37.287417,0.018542,False,False,False,False,True,True,False,1-circle,-1.000000,5454.919212,-20538.020807,-0.625325,-0.086288,100.000000,100.000000,0.000000,0.000000,2,4,4,0.0000,0.0000,0.0000,0.5000,"Accelerate",-0.011479
4690,A0100,pursuit_chase_v1,UNKNOWN,15934.273194,27796.505049,4603.494951,2081.038595,-29173.356980,19849.966387,500.954843,30959.842508,169.934647,4850.645991,37.096884,0.027986,False,False,False,False,True,True,False,1-circle,-1.000000,5455.765486,-20261.509010,0.944092,0.048976,100.000000,100.000000,0.000000,0.000000,2,4,4,0.0000,0.0000,0.0000,0.5000,"PursuitChaseOptimal",-0.004726
4690,B0100,aggressive,UNKNOWN,15934.273194,27796.505049,4603.494951,2081.038595,-29173.356980,19849.966387,500.954843,30959.842508,169.934647,4850.645991,37.096884,0.027986,False,False,False,False,True,True,False,1-circle,-1.000000,5455.765486,-20261.509010,0.944092,0.048976,100.000000,100.000000,0.000000,0.000000,2,4,4,0.0000,0.0000,0.0000,0.5000,"Accelerate",0.008220
4691,A0100,pursuit_chase_v1,UNKNOWN,15934.273194,27796.505049,4603.494951,2081.038595,-29173.356980,19849.966387,500.954843,30959.842508,169.934647,4850.645991,37.096884,0.027986,False,False,False,False,True,True,False,1-circle,-1.000000,5455.765486,-20261.509010,0.944092,0.048976,100.000000,100.000000,0.000000,0.000000,2,4,4,0.0000,0.0000,0.0000,0.5000,"PursuitChaseOptimal",-0.008342
4691,B0100,aggressive,UNKNOWN,15934.273194,27796.505049,4603.494951,2081.038595,-29173.356980,19849.966387,500.954843,30959.842508,169.934647,4850.645991,37.096884,0.027986,False,False,False,False,True,True,False,1-circle,-1.000000,5455.765486,-20261.509010,0.944092,0.048976,100.000000,100.000000,0.000000,0.000000,2,4,4,0.0000,0.0000,0.0000,0.5000,"Accelerate",0.011786
4692,A0100,pursuit_chase_v1,UNKNOWN,15927.941315,27808.233118,4591.766882,2080.984433,-29180.857458,19850.650735,500.964899,30960.972935,22.608544,4847.896230,36.989608,0.024857,False,False,False,False,True,True,False,1-circle,-1.000000,5456.580698,-20588.368541,-0.838575,-0.017277,100.000000,100.000000,0.000000,0.000000,2,4,4,0.0000,0.0000,0.0000,0.5000,"PursuitChaseOptimal",0.008717
4692,B0100,aggressive,UNKNOWN,15927.941315,27808.233118,4591.766882,2080.984433,-29180.857458,19850.650735,500.964899,30960.972935,22.608544,4847.896230,36.989608,0.024857,False,False,False,False,True,True,False,1-circle,-1.000000,5456.580698,-20588.368541,-0.838575,-0.017277,100.000000,100.000000,0.000000,0.000000,2,4,4,0.0000,0.0000,0.0000,0.5000,"Accelerate",-0.004873
4693,A0100,pursuit_chase_v1,UNKNOWN,15927.941315,27808.233118,4591.766882,2080.984433,-29180.857458,19850.650735,500.964899,30960.972935,22.608544,4847.896230,36.989608,0.024857,False,False,False,False,True,True,False,1-circle,-1.000000,5456.580698,-20588.368541,-0.838575,-0.017277,100.000000,100.000000,0.000000,0.000000,2,4,4,0.0000,0.0000,0.0000,0.5000,"PursuitChaseOptimal",0.015109
4693,B0100,aggressive,UNKNOWN,15927.941315,27808.233118,4591.766882,2080.984433,-29180.857458,19850.650735,500.964899,30960.972935,22.608544,4847.896230,36.989608,0.024857,False,False,False,False,True,True,False,1-circle,-1.000000,5456.580698,-20588.368541,-0.838575,-0.017277,100.000000,100.000000,0.000000,0.000000,2,4,4,0.0000,0.0000,0.0000,0.5000,"Accelerate",-0.010946
4694,A0100,pursuit_chase_v1,UNKNOWN,15921.624589,27817.646022,4582.353978,2079.960932,-29196.656586,19851.393731,501.164098,30970.553273,191.606760,4847.815955,36.751671,0.021515,False,False,False,False,True,True,False,1-circle,-1.000000,5457.359717,-20312.696562,0.726103,0.147534,100.000000,100.000000,0.000000,0.000000,2,4,4,0.0000,0.0000,0.0000,0.5000,"PursuitChaseOptimal",-0.001096
4694,B0100,aggressive,UNKNOWN,15921.624589,27817.646022,4582.353978,2079.960932,-29196.656586,19851.393731,501.164098,30970.553273,191.606760,4847.815955,36.751671,0.021515,False,False,False,False,True,True,False,1-circle,-1.000000,5457.359717,-20312.696562,0.726103,0.147534,100.000000,100.000000,0.000000,0.000000,2,4,4,0.0000,0.0000,0.0000,0.5000,"Accelerate",0.004961
4695,A0100,pursuit_chase_v1,UNKNOWN,15921.624589,27817.646022,4582.353978,2079.960932,-29196.656586,19851.393731,501.164098,30970.553273,191.606760,4847.815955,36.751671,0.021515,False,False,False,False,True,True,False,1-circle,-1.000000,5457.359717,-20312.696562,0.726103,0.147534,100.000000,100.000000,0.000000,0.000000,2,4,4,0.0000,0.0000,0.0000,0.5000,"PursuitChaseOptimal",-0.006408
4695,B0100,aggressive,UNKNOWN,15921.624589,27817.646022,4582.353978,2079.960932,-29196.656586,19851.393731,501.164098,30970.553273,191.606760,4847.815955,36.751671,0.021515,False,False,False,False,True,True,False,1-circle,-1.000000,5457.359717,-20312.696562,0.726103,0.147534,100.000000,100.000000,0.000000,0.000000,2,4,4,0.0000,0.0000,0.0000,0.5000,"Accelerate",0.010064
4696,A0100,pursuit_chase_v1,UNKNOWN,15915.324392,27831.999511,4568.000489,2079.715096,-29203.994145,19852.210774,501.190788,30972.554652,40.027570,4846.516992,36.510845,0.031167,False,False,False,False,True,True,False,1-circle,-1.000000,5458.065579,-20638.668681,-1.051871,0.224080,100.000000,100.000000,0.000000,0.000000,2,4,4,0.0000,0.0000,0.0000,0.5000,"PursuitChaseOptimal",0.011273
4696,B0100,aggressive,UNKNOWN,15915.324392,27831.999511,4568.000489,2079.715096,-29203.994145,19852.210774,501.190788,30972.554652,40.027570,4846.516992,36.510845,0.031167,False,False,False,False,True,True,False,1-circle,-1.000000,5458.065579,-20638.668681,-1.051871,0.224080,100.000000,100.000000,0.000000,0.000000,2,4,4,0.0000,0.0000,0.0000,0.5000,"Accelerate",-0.007157
4697,A0100,pursuit_chase_v1,UNKNOWN,15915.324392,27831.999511,4568.000489,2079.715096,-29203.994145,19852.210774,501.190788,30972.554652,40.027570,4846.516992,36.510845,0.031167,False,False,False,False,True,True,False,1-circle,-1.000000,5458.065579,-20638.668681,-1.051871,0.224080,100.000000,100.000000,0.000000,0.000000,2,4,4,0.0000,0.0000,0.0000,0.5000,"PursuitChaseOptimal",0.017463
4697,B0100,aggressive,UNKNOWN,15915.324392,27831.999511,4568.000489,2079.715096,-29203.994145,19852.210774,501.190788,30972.554652,40.027570,4846.516992,36.510845,0.031167,False,False,False,False,True,True,False,1-circle,-1.000000,5458.065579,-20638.668681,-1.051871,0.224080,100.000000,100.000000,0.000000,0.000000,2,4,4,0.0000,0.0000,0.0000,0.5000,"Accelerate",-0.013127
4698,A0100,pursuit_chase_v1,UNKNOWN,15909.046268,27842.784202,4557.215798,2078.630473,-29219.659811,19853.119515,501.375211,30981.648797,181.882910,4846.246850,36.203056,0.015244,False,False,False,False,True,True,False,1-circle,-1.000000,5458.683887,-20362.580114,0.514678,0.316829,100.000000,100.000000,0.000000,0.000000,2,4,4,0.0000,0.0000,0.0000,0.5000,"PursuitChaseOptimal",0.001477
4698,B0100,aggressive,UNKNOWN,15909.046268,27842.784202,4557.215798,2078.630473,-29219.659811,19853.119515,501.375211,30981.648797,181.882910,4846.246850,36.203056,0.015244,False,False,False,False,True,True,False,1-circle,-1.000000,5458.683887,-20362.580114,0.514678,0.316829,100.000000,100.000000,0.000000,0.000000,2,4,4,0.0000,0.0000,0.0000,0.5000,"Accelerate",0.002428
4699,A0100,pursuit_chase_v1,UNKNOWN,15909.046268,27842.784202,4557.215798,2078.630473,-29219.659811,19853.119515,501.375211,30981.648797,181.882910,4846.246850,36.203056,0.015244,False,False,False,False,True,True,False,1-circle,-1.000000,5458.683887,-20362.580114,0.514678,0.316829,100.000000,100.000000,0.000000,0.000000,2,4,4,0.0000,0.0000,0.0000,0.5000,"PursuitChaseOptimal",0.001517
4699,B0100,aggressive,UNKNOWN,15909.046268,27842.784202,4557.215798,2078.630473,-29219.659811,19853.119515,501.375211,30981.648797,181.882910,4846.246850,36.203056,0.015244,False,False,False,False,True,True,False,1-circle,-1.000000,5458.683887,-20362.580114,0.514678,0.316829,100.000000,100.000000,0.000000,0.000000,2,4,4,0.0000,0.0000,0.0000,0.5000,"Accelerate",0.002480
4700,A0100,pursuit_chase_v1,UNKNOWN,15902.783444,27854.064360,4545.935640,2078.538347,-29226.801325,19854.089536,501.402727,30983.840357,43.831186,4841.816770,36.024381,0.037329,False,False,False,False,True,True,False,1-circle,-1.000000,5459.220433,-20687.924010,-1.260281,0.122513,100.000000,100.000000,0.000000,0.000000,2,4,4,0.0000,0.0000,0.0000,0.5000,"PursuitChaseOptimal",0.022151
4700,B0100,aggressive,UNKNOWN,15902.783444,27854.064360,4545.935640,2078.538347,-29226.801325,19854.089536,501.402727,30983.840357,43.831186,4841.816770,36.024381,0.037329,False,False,False,False,True,True,False,1-circle,-1.000000,5459.220433,-20687.924010,-1.260281,0.122513,100.000000,100.000000,0.000000,0.000000,2,4,4,0.0000,0.0000,0.0000,0.5000,"Accelerate",-0.017632
4701,A0100,pursuit_chase_v1,UNKNOWN,15902.783444,27854.064360,4545.935640,2078.538347,-29226.801325,19854.089536,501.402727,30983.840357,43.831186,4841.816770,36.024381,0.037329,False,False,False,False,True,True,False,1-circle,-1.000000,5459.220433,-20687.924010,-1.260281,0.122513,100.000000,100.000000,0.000000,0.000000,2,4,4,0.0000,0.0000,0.0000,0.5000,"PursuitChaseOptimal",0.034137
4701,B0100,aggressive,UNKNOWN,15902.783444,27854.064360,4545.935640,2078.538347,-29226.801325,19854.089536,501.402727,30983.840357,43.831186,4841.816770,36.024381,0.037329,False,False,False,False,True,True,False,1-circle,-1.000000,5459.220433,-20687.924010,-1.260281,0.122513,100.000000,100.000000,0.000000,0.000000,2,4,4,0.0000,0.0000,0.0000,0.5000,"Accelerate",-0.028900
4702,A0100,pursuit_chase_v1,UNKNOWN,15896.530379,27859.087708,4540.912292,2076.329473,-29242.461222,19855.082071,501.588894,30993.099217,185.177203,4838.088121,35.727281,0.009370,False,False,False,False,True,True,False,1-circle,-1.000000,5459.670754,-20409.913737,0.316485,0.018186,100.000000,100.000000,0.000000,0.000000,2,4,4,0.0000,0.0000,0.0000,0.5000,"PursuitChaseOptimal",0.024130
4702,B0100,aggressive,UNKNOWN,15896.530379,27859.087708,4540.912292,2076.329473,-29242.461222,19855.082071,501.588894,30993.099217,185.177203,4838.088121,35.727281,0.009370,False,False,False,False,True,True,False,1-circle,-1.000000,5459.670754,-20409.913737,0.316485,0.018186,100.000000,100.000000,0.000000,0.000000,2,4,4,0.0000,0.0000,0.0000,0.5000,"Accelerate",-0.018912
4703,A0100,pursuit_chase_v1,UNKNOWN,15896.530379,27859.087708,4540.912292,2076.329473,-29242.461222,19855.082071,501.588894,30993.099217,185.177203,4838.088121,35.727281,0.009370,False,False,False,False,True,True,False,1-circle,-1.000000,5459.670754,-20409.913737,0.316485,0.018186,100.000000,100.000000,0.000000,0.000000,2,4,4,0.0000,0.0000,0.0000,0.5000,"PursuitChaseOptimal",0.006082
4703,B0100,aggressive,UNKNOWN,15896.530379,27859.087708,4540.912292,2076.329473,-29242.461222,19855.082071,501.588894,30993.099217,185.177203,4838.088121,35.727281,0.009370,False,False,False,False,True,True,False,1-circle,-1.000000,5459.670754,-20409.913737,0.316485,0.018186,100.000000,100.000000,0.000000,0.000000,2,4,4,0.0000,0.0000,0.0000,0.5000,"Accelerate",-0.001873
4704,A0100,pursuit_chase_v1,UNKNOWN,15890.277523,27866.673811,4533.326189,2081.371035,-29249.480039,19856.065715,501.579640,30993.671865,11.452958,4832.426468,35.544964,0.043317,False,False,False,False,True,True,False,1-circle,-1.000000,5459.986432,-20735.931725,-1.462848,-0.052728,100.000000,100.000000,0.000000,0.000000,2,4,4,0.0000,0.0000,0.0000,0.5000,"PursuitChaseOptimal",-0.007401
4704,B0100,aggressive,UNKNOWN,15890.277523,27866.673811,4533.326189,2081.371035,-29249.480039,19856.065715,501.579640,30993.671865,11.452958,4832.426468,35.544964,0.043317,False,False,False,False,True,True,False,1-circle,-1.000000,5459.986432,-20735.931725,-1.462848,-0.052728,100.000000,100.000000,0.000000,0.000000,2,4,4,0.0000,0.0000,0.0000,0.5000,"Accelerate",0.009962
4705,A0100,pursuit_chase_v1,UNKNOWN,15890.277523,27866.673811,4533.326189,2081.371035,-29249.480039,19856.065715,501.579640,30993.671865,11.452958,4832.426468,35.544964,0.043317,False,False,False,False,True,True,False,1-circle,-1.000000,5459.986432,-20735.931725,-1.462848,-0.052728,100.000000,100.000000,0.000000,0.000000,2,4,4,0.0000,0.0000,0.0000,0.5000,"PursuitChaseOptimal",-0.006833
4705,B0100,aggressive,UNKNOWN,15890.277523,27866.673811,4533.326189,2081.371035,-29249.480039,19856.065715,501.579640,30993.671865,11.452958,4832.426468,35.544964,0.043317,False,False,False,False,True,True,False,1-circle,-1.000000,5459.986432,-20735.931725,-1.462848,-0.052728,100.000000,100.000000,0.000000,0.000000,2,4,4,0.0000,0.0000,0.0000,0.5000,"Accelerate",0.009298
4706,A0100,pursuit_chase_v1,UNKNOWN,15884.057797,27871.245685,4528.754315,2074.360097,-29265.092689,19857.047992,501.733376,31001.482654,156.215788,4841.539699,35.456114,0.003786,False,False,False,False,True,True,False,1-circle,-1.000000,5460.329015,-20455.363127,0.127912,0.050535,100.000000,100.000000,0.000000,0.000000,2,4,4,0.0000,0.0000,0.0000,0.5000,"PursuitChaseOptimal",0.006237
4706,B0100,aggressive,UNKNOWN,15884.057797,27871.245685,4528.754315,2074.360097,-29265.092689,19857.047992,501.733376,31001.482654,156.215788,4841.539699,35.456114,0.003786,False,False,False,False,True,True,False,1-circle,-1.000000,5460.329015,-20455.363127,0.127912,0.050535,100.000000,100.000000,0.000000,0.000000,2,4,4,0.0000,0.0000,0.0000,0.5000,"Accelerate",-0.002270
4707,A0100,pursuit_chase_v1,UNKNOWN,15884.057797,27871.245685,4528.754315,2074.360097,-29265.092689,19857.047992,501.733376,31001.482654,156.215788,4841.539699,35.456114,0.003786,False,False,False,False,True,True,False,1-circle,-1.000000,5460.329015,-20455.363127,0.127912,0.050535,100.000000,100.000000,0.000000,0.000000,2,4,4,0.0000,0.0000,0.0000,0.5000,"PursuitChaseOptimal",0.021390
4707,B0100,aggressive,UNKNOWN,15884.057797,27871.245685,4528.754315,2074.360097,-29265.092689,19857.047992,501.733376,31001.482654,156.215788,4841.539699,35.456114,0.003786,False,False,False,False,True,True,False,1-circle,-1.000000,5460.329015,-20455.363127,0.127912,0.050535,100.000000,100.000000,0.000000,0.000000,2,4,4,0.0000,0.0000,0.0000,0.5000,"Accelerate",-0.016235
4708,A0100,pursuit_chase_v1,UNKNOWN,15877.860804,27878.500717,4521.499283,2080.579689,-29271.964666,19858.020258,501.744962,31002.969609,29.739092,4830.588761,35.395810,0.048797,False,False,False,False,True,True,False,1-circle,-1.000000,5460.709723,-20780.900456,-1.648361,-0.057661,100.000000,100.000000,0.000000,0.000000,2,4,4,0.0000,0.0000,0.0000,0.5000,"PursuitChaseOptimal",0.015402
4708,B0100,aggressive,UNKNOWN,15877.860804,27878.500717,4521.499283,2080.579689,-29271.964666,19858.020258,501.744962,31002.969609,29.739092,4830.588761,35.395810,0.048797,False,False,False,False,True,True,False,1-circle,-1.000000,5460.709723,-20780.900456,-1.648361,-0.057661,100.000000,100.000000,0.000000,0.000000,2,4,4,0.0000,0.0000,0.0000,0.5000,"Accelerate",-0.011407
4709,A0100,pursuit_chase_v1,UNKNOWN,15877.860804,27878.500717,4521.499283,2080.579689,-29271.964666,19858.020258,501.744962,31002.969609,29.739092,4830.588761,35.395810,0.048797,False,False,False,False,True,True,False,1-circle,-1.000000,5460.709723,-20780.900456,-1.648361,-0.057661,100.000000,100.000000,0.000000,0.000000,2,4,4,0.0000,0.0000,0.0000,0.5000,"PursuitChaseOptimal",-0.002194
4709,B0100,aggressive,UNKNOWN,15877.860804,27878.500717,4521.499283,2080.579689,-29271.964666,19858.020258,501.744962,31002.969609,29.739092,4830.588761,35.395810,0.048797,False,False,False,False,True,True,False,1-circle,-1.000000,5460.709723,-20780.900456,-1.648361,-0.057661,100.000000,100.000000,0.000000,0.000000,2,4,4,0.0000,0.0000,0.0000,0.5000,"Accelerate",0.004888
4710,A0100,pursuit_chase_v1,UNKNOWN,15871.661847,27881.455027,4518.544973,2076.978084,-29287.578312,19858.975434,501.906562,31011.104972,162.707266,4834.777078,35.286384,0.001624,False,False,False,False,True,True,False,1-circle,-1.000000,5461.039339,-20499.871782,-0.054877,-0.077348,100.000000,100.000000,0.000000,0.000000,2,4,4,0.0000,0.0000,0.0000,0.5000,"PursuitChaseOptimal",-0.004658
4710,B0100,aggressive,UNKNOWN,15871.661847,27881.455027,4518.544973,2076.978084,-29287.578312,19858.975434,501.906562,31011.104972,162.707266,4834.777078,35.286384,0.001624,False,False,False,False,True,True,False,1-circle,-1.000000,5461.039339,-20499.871782,-0.054877,-0.077348,100.000000,100.000000,0.000000,0.000000,2,4,4,0.0000,0.0000,0.0000,0.5000,"Accelerate",0.007783
4711,A0100,pursuit_chase_v1,UNKNOWN,15871.661847,27881.455027,4518.544973,2076.978084,-29287.578312,19858.975434,501.906562,31011.104972,162.707266,4834.777078,35.286384,0.001624,False,False,False,False,True,True,False,1-circle,-1.000000,5461.039339,-20499.871782,-0.054877,-0.077348,100.000000,100.000000,0.000000,0.000000,2,4,4,0.0000,0.0000,0.0000,0.5000,"PursuitChaseOptimal",0.008322
4711,B0100,aggressive,UNKNOWN,15871.661847,27881.455027,4518.544973,2076.978084,-29287.578312,19858.975434,501.906562,31011.104972,162.707266,4834.777078,35.286384,0.001624,False,False,False,False,True,True,False,1-circle,-1.000000,5461.039339,-20499.871782,-0.054877,-0.077348,100.000000,100.000000,0.000000,0.000000,2,4,4,0.0000,0.0000,0.0000,0.5000,"Accelerate",-0.004110
4712,A0100,pursuit_chase_v1,UNKNOWN,15865.492237,27887.640774,4512.359226,2079.990836,-29294.368118,19859.900767,501.901187,31011.791436,13.729289,4825.356361,35.345499,0.054266,False,False,False,False,True,True,False,1-circle,-1.000000,5461.434498,-20825.885009,-1.833540,-0.136845,100.000000,100.000000,0.000000,0.000000,2,4,4,0.0000,0.0000,0.0000,0.5000,"PursuitChaseOptimal",0.006571
4712,B0100,aggressive,UNKNOWN,15865.492237,27887.640774,4512.359226,2079.990836,-29294.368118,19859.900767,501.901187,31011.791436,13.729289,4825.356361,35.345499,0.054266,False,False,False,False,True,True,False,1-circle,-1.000000,5461.434498,-20825.885009,-1.833540,-0.136845,100.000000,100.000000,0.000000,0.000000,2,4,4,0.0000,0.0000,0.0000,0.5000,"Accelerate",-0.003200
4713,A0100,pursuit_chase_v1,UNKNOWN,15865.492237,27887.640774,4512.359226,2079.990836,-29294.368118,19859.900767,501.901187,31011.791436,13.729289,4825.356361,35.345499,0.054266,False,False,False,False,True,True,False,1-circle,-1.000000,5461.434498,-20825.885009,-1.833540,-0.136845,100.000000,100.000000,0.000000,0.000000,2,4,4,0.0000,0.0000,0.0000,0.5000,"PursuitChaseOptimal",-0.012497
4713,B0100,aggressive,UNKNOWN,15865.492237,27887.640774,4512.359226,2079.990836,-29294.368118,19859.900767,501.901187,31011.791436,13.729289,4825.356361,35.345499,0.054266,False,False,False,False,True,True,False,1-circle,-1.000000,5461.434498,-20825.885009,-1.833540,-0.136845,100.000000,100.000000,0.000000,0.000000,2,4,4,0.0000,0.0000,0.0000,0.5000,"Accelerate",0.014457
4714,A0100,pursuit_chase_v1,UNKNOWN,15859.317431,27890.906571,4509.093429,2077.458855,-29309.924094,19860.807982,502.051828,31019.393954,152.050361,4824.710068,35.439419,0.006943,False,False,False,False,True,True,False,1-circle,-1.000000,5461.855021,-20543.997952,-0.234728,-0.051910,100.000000,100.000000,0.000000,0.000000,2,4,4,0.0000,0.0000,0.0000,0.5000,"PursuitChaseOptimal",-0.017136
4714,B0100,aggressive,UNKNOWN,15859.317431,27890.906571,4509.093429,2077.458855,-29309.924094,19860.807982,502.051828,31019.393954,152.050361,4824.710068,35.439419,0.006943,False,False,False,False,True,True,False,1-circle,-1.000000,5461.855021,-20543.997952,-0.234728,-0.051910,100.000000,100.000000,0.000000,0.000000,2,4,4,0.0000,0.0000,0.0000,0.5000,"Accelerate",0.019405
4715,A0100,pursuit_chase_v1,UNKNOWN,15859.317431,27890.906571,4509.093429,2077.458855,-29309.924094,19860.807982,502.051828,31019.393954,152.050361,4824.710068,35.439419,0.006943,False,False,False,False,True,True,False,1-circle,-1.000000,5461.855021,-20543.997952,-0.234728,-0.051910,100.000000,100.000000,0.000000,0.000000,2,4,4,0.0000,0.0000,0.0000,0.5000,"PursuitChaseOptimal",0.000320
4715,B0100,aggressive,UNKNOWN,15859.317431,27890.906571,4509.093429,2077.458855,-29309.924094,19860.807982,502.051828,31019.393954,152.050361,4824.710068,35.439419,0.006943,False,False,False,False,True,True,False,1-circle,-1.000000,5461.855021,-20543.997952,-0.234728,-0.051910,100.000000,100.000000,0.000000,0.000000,2,4,4,0.0000,0.0000,0.0000,0.5000,"Accelerate",0.003289
4716,A0100,pursuit_chase_v1,UNKNOWN,15853.162977,27897.247703,4502.752297,2080.447178,-29316.607231,19861.692370,502.057722,31020.540325,22.927416,4816.095164,35.610663,0.059575,False,False,False,False,True,True,False,1-circle,-1.000000,5462.411286,-20870.164404,-2.013398,-0.140017,100.000000,100.000000,0.000000,0.000000,2,4,4,0.0000,0.0000,0.0000,0.5000,"PursuitChaseOptimal",0.007983
4716,B0100,aggressive,UNKNOWN,15853.162977,27897.247703,4502.752297,2080.447178,-29316.607231,19861.692370,502.057722,31020.540325,22.927416,4816.095164,35.610663,0.059575,False,False,False,False,True,True,False,1-circle,-1.000000,5462.411286,-20870.164404,-2.013398,-0.140017,100.000000,100.000000,0.000000,0.000000,2,4,4,0.0000,0.0000,0.0000,0.5000,"Accelerate",-0.004625
4717,A0100,pursuit_chase_v1,UNKNOWN,15853.162977,27897.247703,4502.752297,2080.447178,-29316.607231,19861.692370,502.057722,31020.540325,22.927416,4816.095164,35.610663,0.059575,False,False,False,False,True,True,False,1-circle,-1.000000,5462.411286,-20870.164404,-2.013398,-0.140017,100.000000,100.000000,0.000000,0.000000,2,4,4,0.0000,0.0000,0.0000,0.5000,"PursuitChaseOptimal",-0.007401
4717,B0100,aggressive,UNKNOWN,15853.162977,27897.247703,4502.752297,2080.447178,-29316.607231,19861.692370,502.057722,31020.540325,22.927416,4816.095164,35.610663,0.059575,False,False,False,False,True,True,False,1-circle,-1.000000,5462.411286,-20870.164404,-2.013398,-0.140017,100.000000,100.000000,0.000000,0.000000,2,4,4,0.0000,0.0000,0.0000,0.5000,"Accelerate",0.009522
4718,A0100,pursuit_chase_v1,UNKNOWN,15847.009056,27896.540550,4503.459450,2079.524001,-29330.652370,19862.549025,502.249827,31029.938155,187.956589,4820.494034,35.679504,0.005095,False,False,False,False,True,True,False,1-circle,-1.000000,5463.022033,-20544.843729,-0.172333,-0.129453,100.000000,100.000000,0.000000,0.000000,2,4,4,0.0000,0.0000,0.0000,0.5000,"PursuitChaseOptimal",-0.007906
4718,B0100,aggressive,UNKNOWN,15847.009056,27896.540550,4503.459450,2079.524001,-29330.652370,19862.549025,502.249827,31029.938155,187.956589,4820.494034,35.679504,0.005095,False,False,False,False,True,True,False,1-circle,-1.000000,5463.022033,-20544.843729,-0.172333,-0.129453,100.000000,100.000000,0.000000,0.000000,2,4,4,0.0000,0.0000,0.0000,0.5000,"Accelerate",0.010212
4719,A0100,pursuit_chase_v1,UNKNOWN,15847.009056,27896.540550,4503.459450,2079.524001,-29330.652370,19862.549025,502.249827,31029.938155,187.956589,4820.494034,35.679504,0.005095,False,False,False,False,True,True,False,1-circle,-1.000000,5463.022033,-20544.843729,-0.172333,-0.129453,100.000000,100.000000,0.000000,0.000000,2,4,4,0.0000,0.0000,0.0000,0.5000,"PursuitChaseOptimal",0.015546
4719,B0100,aggressive,UNKNOWN,15847.009056,27896.540550,4503.459450,2079.524001,-29330.652370,19862.549025,502.249827,31029.938155,187.956589,4820.494034,35.679504,0.005095,False,False,False,False,True,True,False,1-circle,-1.000000,5463.022033,-20544.843729,-0.172333,-0.129453,100.000000,100.000000,0.000000,0.000000,2,4,4,0.0000,0.0000,0.0000,0.5000,"Accelerate",-0.011077
4720,A0100,pursuit_chase_v1,UNKNOWN,15840.901110,27902.960611,4497.039389,2077.328526,-29342.401060,19863.310216,502.300035,31032.932170,59.880300,4815.829125,35.618621,0.020444,False,False,False,False,True,True,False,1-circle,-1.000000,5463.786223,-20395.534822,0.691508,-0.180508,100.000000,100.000000,0.000000,0.000000,2,4,4,0.0000,0.0000,0.0000,0.5000,"PursuitChaseOptimal",0.027432
4720,B0100,aggressive,UNKNOWN,15840.901110,27902.960611,4497.039389,2077.328526,-29342.401060,19863.310216,502.300035,31032.932170,59.880300,4815.829125,35.618621,0.020444,False,False,False,False,True,True,False,1-circle,-1.000000,5463.786223,-20395.534822,0.691508,-0.180508,100.000000,100.000000,0.000000,0.000000,2,4,4,0.0000,0.0000,0.0000,0.5000,"Accelerate",-0.021957
4721,A0100,pursuit_chase_v1,UNKNOWN,15840.901110,27902.960611,4497.039389,2077.328526,-29342.401060,19863.310216,502.300035,31032.932170,59.880300,4815.829125,35.618621,0.020444,False,False,False,False,True,True,False,1-circle,-1.000000,5463.786223,-20395.534822,0.691508,-0.180508,100.000000,100.000000,0.000000,0.000000,2,4,4,0.0000,0.0000,0.0000,0.5000,"PursuitChaseOptimal",0.018143
4721,B0100,aggressive,UNKNOWN,15840.901110,27902.960611,4497.039389,2077.328526,-29342.401060,19863.310216,502.300035,31032.932170,59.880300,4815.829125,35.618621,0.020444,False,False,False,False,True,True,False,1-circle,-1.000000,5463.786223,-20395.534822,0.691508,-0.180508,100.000000,100.000000,0.000000,0.000000,2,4,4,0.0000,0.0000,0.0000,0.5000,"Accelerate",-0.013864
4722,A0100,pursuit_chase_v1,UNKNOWN,15834.770625,27912.351734,4487.648266,2079.817658,-29353.679948,19864.134445,502.402071,31038.294826,107.253132,4808.536235,35.322974,0.009082,False,False,False,False,True,True,False,1-circle,-1.000000,5464.389898,-20581.417557,-0.307271,0.136970,100.000000,100.000000,0.000000,0.000000,2,4,4,0.0000,0.0000,0.0000,0.5000,"PursuitChaseOptimal",0.000823
4722,B0100,aggressive,UNKNOWN,15834.770625,27912.351734,4487.648266,2079.817658,-29353.679948,19864.134445,502.402071,31038.294826,107.253132,4808.536235,35.322974,0.009082,False,False,False,False,True,True,False,1-circle,-1.000000,5464.389898,-20581.417557,-0.307271,0.136970,100.000000,100.000000,0.000000,0.000000,2,4,4,0.0000,0.0000,0.0000,0.5000,"Accelerate",0.002128
4723,A0100,pursuit_chase_v1,UNKNOWN,15834.770625,27912.351734,4487.648266,2079.817658,-29353.679948,19864.134445,502.402071,31038.294826,107.253132,4808.536235,35.322974,0.009082,False,False,False,False,True,True,False,1-circle,-1.000000,5464.389898,-20581.417557,-0.307271,0.136970,100.000000,100.000000,0.000000,0.000000,2,4,4,0.0000,0.0000,0.0000,0.5000,"PursuitChaseOptimal",-0.011918
4723,B0100,aggressive,UNKNOWN,15834.770625,27912.351734,4487.648266,2079.817658,-29353.679948,19864.134445,502.402071,31038.294826,107.253132,4808.536235,35.322974,0.009082,False,False,False,False,True,True,False,1-circle,-1.000000,5464.389898,-20581.417557,-0.307271,0.136970,100.000000,100.000000,0.000000,0.000000,2,4,4,0.0000,0.0000,0.0000,0.5000,"Accelerate",0.014646
4724,A0100,pursuit_chase_v1,UNKNOWN,15828.679945,27921.544924,4478.455076,2077.177606,-29366.151867,19864.953711,502.488123,31042.942252,92.948514,4815.192892,35.131360,0.014833,False,False,False,False,True,True,False,1-circle,-1.000000,5464.967409,-20441.860418,0.501900,0.021614,100.000000,100.000000,0.000000,0.000000,2,4,4,0.0000,0.0000,0.0000,0.5000,"PursuitChaseOptimal",-0.010295
4724,B0100,aggressive,UNKNOWN,15828.679945,27921.544924,4478.455076,2077.177606,-29366.151867,19864.953711,502.488123,31042.942252,92.948514,4815.192892,35.131360,0.014833,False,False,False,False,True,True,False,1-circle,-1.000000,5464.967409,-20441.860418,0.501900,0.021614,100.000000,100.000000,0.000000,0.000000,2,4,4,0.0000,0.0000,0.0000,0.5000,"Accelerate",0.013317
4725,A0100,pursuit_chase_v1,UNKNOWN,15828.679945,27921.544924,4478.455076,2077.177606,-29366.151867,19864.953711,502.488123,31042.942252,92.948514,4815.192892,35.131360,0.014833,False,False,False,False,True,True,False,1-circle,-1.000000,5464.967409,-20441.860418,0.501900,0.021614,100.000000,100.000000,0.000000,0.000000,2,4,4,0.0000,0.0000,0.0000,0.5000,"PursuitChaseOptimal",0.003221
4725,B0100,aggressive,UNKNOWN,15828.679945,27921.544924,4478.455076,2077.177606,-29366.151867,19864.953711,502.488123,31042.942252,92.948514,4815.192892,35.131360,0.014833,False,False,False,False,True,True,False,1-circle,-1.000000,5464.967409,-20441.860418,0.501900,0.021614,100.000000,100.000000,0.000000,0.000000,2,4,4,0.0000,0.0000,0.0000,0.5000,"Accelerate",0.000034
4726,A0100,pursuit_chase_v1,UNKNOWN,15822.607964,27932.624599,4467.375401,2076.649997,-29377.182923,19865.869399,502.558086,31046.970874,80.572436,4814.218493,34.994876,0.014995,False,False,False,False,True,True,False,1-circle,-1.000000,5465.538022,-20629.650305,-0.507459,0.200700,100.000000,100.000000,0.000000,0.000000,2,4,4,0.0000,0.0000,0.0000,0.5000,"PursuitChaseOptimal",0.018897
4726,B0100,aggressive,UNKNOWN,15822.607964,27932.624599,4467.375401,2076.649997,-29377.182923,19865.869399,502.558086,31046.970874,80.572436,4814.218493,34.994876,0.014995,False,False,False,False,True,True,False,1-circle,-1.000000,5465.538022,-20629.650305,-0.507459,0.200700,100.000000,100.000000,0.000000,0.000000,2,4,4,0.0000,0.0000,0.0000,0.5000,"Accelerate",-0.014739
4727,A0100,pursuit_chase_v1,UNKNOWN,15822.607964,27932.624599,4467.375401,2076.649997,-29377.182923,19865.869399,502.558086,31046.970874,80.572436,4814.218493,34.994876,0.014995,False,False,False,False,True,True,False,1-circle,-1.000000,5465.538022,-20629.650305,-0.507459,0.200700,100.000000,100.000000,0.000000,0.000000,2,4,4,0.0000,0.0000,0.0000,0.5000,"PursuitChaseOptimal",0.012870
4727,B0100,aggressive,UNKNOWN,15822.607964,27932.624599,4467.375401,2076.649997,-29377.182923,19865.869399,502.558086,31046.970874,80.572436,4814.218493,34.994876,0.014995,False,False,False,False,True,True,False,1-circle,-1.000000,5465.538022,-20629.650305,-0.507459,0.200700,100.000000,100.000000,0.000000,0.000000,2,4,4,0.0000,0.0000,0.0000,0.5000,"Accelerate",-0.008490
4728,A0100,pursuit_chase_v1,UNKNOWN,15816.558107,27941.467584,4458.532416,2077.985767,-29389.497070,19866.790976,502.649638,31051.966581,99.914146,4807.206602,34.793367,0.008939,False,False,False,False,True,True,False,1-circle,-1.000000,5466.070178,-20489.938761,0.302567,0.093142,100.000000,100.000000,0.000000,0.000000,2,4,4,0.0000,0.0000,0.0000,0.5000,"PursuitChaseOptimal",-0.004275
4728,B0100,aggressive,UNKNOWN,15816.558107,27941.467584,4458.532416,2077.985767,-29389.497070,19866.790976,502.649638,31051.966581,99.914146,4807.206602,34.793367,0.008939,False,False,False,False,True,True,False,1-circle,-1.000000,5466.070178,-20489.938761,0.302567,0.093142,100.000000,100.000000,0.000000,0.000000,2,4,4,0.0000,0.0000,0.0000,0.5000,"Accelerate",0.007550
4729,A0100,pursuit_chase_v1,UNKNOWN,15816.558107,27941.467584,4458.532416,2077.985767,-29389.497070,19866.790976,502.649638,31051.966581,99.914146,4807.206602,34.793367,0.008939,False,False,False,False,True,True,False,1-circle,-1.000000,5466.070178,-20489.938761,0.302567,0.093142,100.000000,100.000000,0.000000,0.000000,2,4,4,0.0000,0.0000,0.0000,0.5000,"PursuitChaseOptimal",-0.006337
4729,B0100,aggressive,UNKNOWN,15816.558107,27941.467584,4458.532416,2077.985767,-29389.497070,19866.790976,502.649638,31051.966581,99.914146,4807.206602,34.793367,0.008939,False,False,False,False,True,True,False,1-circle,-1.000000,5466.070178,-20489.938761,0.302567,0.093142,100.000000,100.000000,0.000000,0.000000,2,4,4,0.0000,0.0000,0.0000,0.5000,"Accelerate",0.008640
4730,A0100,pursuit_chase_v1,UNKNOWN,15810.512071,27947.909330,4452.090670,2075.087493,-29400.436207,19867.777530,502.724709,31056.294397,86.556313,4810.661204,34.701527,0.020769,False,False,False,False,True,True,False,1-circle,-1.000000,5466.537654,-20677.024123,-0.703058,0.004061,100.000000,100.000000,0.000000,0.000000,2,4,4,0.0000,0.0000,0.0000,0.5000,"PursuitChaseOptimal",0.009521
4730,B0100,aggressive,UNKNOWN,15810.512071,27947.909330,4452.090670,2075.087493,-29400.436207,19867.777530,502.724709,31056.294397,86.556313,4810.661204,34.701527,0.020769,False,False,False,False,True,True,False,1-circle,-1.000000,5466.537654,-20677.024123,-0.703058,0.004061,100.000000,100.000000,0.000000,0.000000,2,4,4,0.0000,0.0000,0.0000,0.5000,"Accelerate",-0.006244
4731,A0100,pursuit_chase_v1,UNKNOWN,15810.512071,27947.909330,4452.090670,2075.087493,-29400.436207,19867.777530,502.724709,31056.294397,86.556313,4810.661204,34.701527,0.020769,False,False,False,False,True,True,False,1-circle,-1.000000,5466.537654,-20677.024123,-0.703058,0.004061,100.000000,100.000000,0.000000,0.000000,2,4,4,0.0000,0.0000,0.0000,0.5000,"PursuitChaseOptimal",0.013462
4731,B0100,aggressive,UNKNOWN,15810.512071,27947.909330,4452.090670,2075.087493,-29400.436207,19867.777530,502.724709,31056.294397,86.556313,4810.661204,34.701527,0.020769,False,False,False,False,True,True,False,1-circle,-1.000000,5466.537654,-20677.024123,-0.703058,0.004061,100.000000,100.000000,0.000000,0.000000,2,4,4,0.0000,0.0000,0.0000,0.5000,"Accelerate",-0.009300
4732,A0100,pursuit_chase_v1,UNKNOWN,15804.502086,27952.090642,4447.909358,2078.125001,-29412.706917,19868.700512,502.815474,31061.257853,99.269118,4803.765316,34.690269,0.003380,False,False,False,False,True,True,False,1-circle,-1.000000,5467.078602,-20536.003241,0.114458,-0.197295,100.000000,100.000000,0.000000,0.000000,2,4,4,0.0000,0.0000,0.0000,0.5000,"PursuitChaseOptimal",-0.006785
4732,B0100,aggressive,UNKNOWN,15804.502086,27952.090642,4447.909358,2078.125001,-29412.706917,19868.700512,502.815474,31061.257853,99.269118,4803.765316,34.690269,0.003380,False,False,False,False,True,True,False,1-circle,-1.000000,5467.078602,-20536.003241,0.114458,-0.197295,100.000000,100.000000,0.000000,0.000000,2,4,4,0.0000,0.0000,0.0000,0.5000,"Accelerate",0.009788
4733,A0100,pursuit_chase_v1,UNKNOWN,15804.502086,27952.090642,4447.909358,2078.125001,-29412.706917,19868.700512,502.815474,31061.257853,99.269118,4803.765316,34.690269,0.003380,False,False,False,False,True,True,False,1-circle,-1.000000,5467.078602,-20536.003241,0.114458,-0.197295,100.000000,100.000000,0.000000,0.000000,2,4,4,0.0000,0.0000,0.0000,0.5000,"PursuitChaseOptimal",-0.010115
4733,B0100,aggressive,UNKNOWN,15804.502086,27952.090642,4447.909358,2078.125001,-29412.706917,19868.700512,502.815474,31061.257853,99.269118,4803.765316,34.690269,0.003380,False,False,False,False,True,True,False,1-circle,-1.000000,5467.078602,-20536.003241,0.114458,-0.197295,100.000000,100.000000,0.000000,0.000000,2,4,4,0.0000,0.0000,0.0000,0.5000,"Accelerate",0.012226
4734,A0100,pursuit_chase_v1,UNKNOWN,15798.484488,27958.969503,4441.030497,2075.031941,-29423.586707,19869.653159,502.865135,31064.421453,63.272015,4804.870230,34.660437,0.026348,False,False,False,False,True,True,False,1-circle,-1.000000,5467.607329,-20723.348419,-0.892162,0.033132,100.000000,100.000000,0.000000,0.000000,2,4,4,0.0000,0.0000,0.0000,0.5000,"PursuitChaseOptimal",0.006869
4734,B0100,aggressive,UNKNOWN,15798.484488,27958.969503,4441.030497,2075.031941,-29423.586707,19869.653159,502.865135,31064.421453,63.272015,4804.870230,34.660437,0.026348,False,False,False,False,True,True,False,1-circle,-1.000000,5467.607329,-20723.348419,-0.892162,0.033132,100.000000,100.000000,0.000000,0.000000,2,4,4,0.0000,0.0000,0.0000,0.5000,"Accelerate",-0.003733
4735,A0100,pursuit_chase_v1,UNKNOWN,15798.484488,27958.969503,4441.030497,2075.031941,-29423.586707,19869.653159,502.865135,31064.421453,63.272015,4804.870230,34.660437,0.026348,False,False,False,False,True,True,False,1-circle,-1.000000,5467.607329,-20723.348419,-0.892162,0.033132,100.000000,100.000000,0.000000,0.000000,2,4,4,0.0000,0.0000,0.0000,0.5000,"PursuitChaseOptimal",0.013251
4735,B0100,aggressive,UNKNOWN,15798.484488,27958.969503,4441.030497,2075.031941,-29423.586707,19869.653159,502.865135,31064.421453,63.272015,4804.870230,34.660437,0.026348,False,False,False,False,True,True,False,1-circle,-1.000000,5467.607329,-20723.348419,-0.892162,0.033132,100.000000,100.000000,0.000000,0.000000,2,4,4,0.0000,0.0000,0.0000,0.5000,"Accelerate",-0.009030
4736,A0100,pursuit_chase_v1,UNKNOWN,15792.497315,27964.923945,4435.076055,2078.100446,-29435.642925,19870.565829,502.941926,31068.753442,86.639770,4797.716191,34.619730,0.001878,False,False,False,False,True,True,False,1-circle,-1.000000,5468.204563,-20580.421067,-0.063620,-0.026624,100.000000,100.000000,0.000000,0.000000,2,4,4,0.0000,0.0000,0.0000,0.5000,"PursuitChaseOptimal",-0.002826
4736,B0100,aggressive,UNKNOWN,15792.497315,27964.923945,4435.076055,2078.100446,-29435.642925,19870.565829,502.941926,31068.753442,86.639770,4797.716191,34.619730,0.001878,False,False,False,False,True,True,False,1-circle,-1.000000,5468.204563,-20580.421067,-0.063620,-0.026624,100.000000,100.000000,0.000000,0.000000,2,4,4,0.0000,0.0000,0.0000,0.5000,"Accelerate",0.006034
4737,A0100,pursuit_chase_v1,UNKNOWN,15792.497315,27964.923945,4435.076055,2078.100446,-29435.642925,19870.565829,502.941926,31068.753442,86.639770,4797.716191,34.619730,0.001878,False,False,False,False,True,True,False,1-circle,-1.000000,5468.204563,-20580.421067,-0.063620,-0.026624,100.000000,100.000000,0.000000,0.000000,2,4,4,0.0000,0.0000,0.0000,0.5000,"PursuitChaseOptimal",-0.003208
4737,B0100,aggressive,UNKNOWN,15792.497315,27964.923945,4435.076055,2078.100446,-29435.642925,19870.565829,502.941926,31068.753442,86.639770,4797.716191,34.619730,0.001878,False,False,False,False,True,True,False,1-circle,-1.000000,5468.204563,-20580.421067,-0.063620,-0.026624,100.000000,100.000000,0.000000,0.000000,2,4,4,0.0000,0.0000,0.0000,0.5000,"Accelerate",0.005575
4738,A0100,pursuit_chase_v1,UNKNOWN,15786.505868,27969.401908,4430.598092,2074.894373,-29446.458323,19871.513459,503.011152,31072.783960,80.610366,4798.194798,34.587602,0.031525,False,False,False,False,True,True,False,1-circle,-1.000000,5468.770252,-20767.378566,-1.067730,-0.098689,100.000000,100.000000,0.000000,0.000000,2,4,4,0.0000,0.0000,0.0000,0.5000,"PursuitChaseOptimal",0.019137
4738,B0100,aggressive,UNKNOWN,15786.505868,27969.401908,4430.598092,2074.894373,-29446.458323,19871.513459,503.011152,31072.783960,80.610366,4798.194798,34.587602,0.031525,False,False,False,False,True,True,False,1-circle,-1.000000,5468.770252,-20767.378566,-1.067730,-0.098689,100.000000,100.000000,0.000000,0.000000,2,4,4,0.0000,0.0000,0.0000,0.5000,"Accelerate",-0.015328
4739,A0100,pursuit_chase_v1,UNKNOWN,15786.505868,27969.401908,4430.598092,2074.894373,-29446.458323,19871.513459,503.011152,31072.783960,80.610366,4798.194798,34.587602,0.031525,False,False,False,False,True,True,False,1-circle,-1.000000,5468.770252,-20767.378566,-1.067730,-0.098689,100.000000,100.000000,0.000000,0.000000,2,4,4,0.0000,0.0000,0.0000,0.5000,"PursuitChaseOptimal",0.030632
4739,B0100,aggressive,UNKNOWN,15786.505868,27969.401908,4430.598092,2074.894373,-29446.458323,19871.513459,503.011152,31072.783960,80.610366,4798.194798,34.587602,0.031525,False,False,False,False,True,True,False,1-circle,-1.000000,5468.770252,-20767.378566,-1.067730,-0.098689,100.000000,100.000000,0.000000,0.000000,2,4,4,0.0000,0.0000,0.0000,0.5000,"Accelerate",-0.025370
4740,A0100,pursuit_chase_v1,UNKNOWN,15780.546252,27972.172723,4427.827277,2076.526653,-29458.560955,19872.377847,503.098316,31077.530710,94.935005,4788.820949,34.455034,0.007096,False,False,False,False,True,True,False,1-circle,-1.000000,5469.376832,-20624.714332,-0.240405,-0.282483,100.000000,100.000000,0.000000,0.000000,2,4,4,0.0000,0.0000,0.0000,0.5000,"PursuitChaseOptimal",0.020564
4740,B0100,aggressive,UNKNOWN,15780.546252,27972.172723,4427.827277,2076.526653,-29458.560955,19872.377847,503.098316,31077.530710,94.935005,4788.820949,34.455034,0.007096,False,False,False,False,True,True,False,1-circle,-1.000000,5469.376832,-20624.714332,-0.240405,-0.282483,100.000000,100.000000,0.000000,0.000000,2,4,4,0.0000,0.0000,0.0000,0.5000,"Accelerate",-0.015740
4741,A0100,pursuit_chase_v1,UNKNOWN,15780.546252,27972.172723,4427.827277,2076.526653,-29458.560955,19872.377847,503.098316,31077.530710,94.935005,4788.820949,34.455034,0.007096,False,False,False,False,True,True,False,1-circle,-1.000000,5469.376832,-20624.714332,-0.240405,-0.282483,100.000000,100.000000,0.000000,0.000000,2,4,4,0.0000,0.0000,0.0000,0.5000,"PursuitChaseOptimal",0.002633
4741,B0100,aggressive,UNKNOWN,15780.546252,27972.172723,4427.827277,2076.526653,-29458.560955,19872.377847,503.098316,31077.530710,94.935005,4788.820949,34.455034,0.007096,False,False,False,False,True,True,False,1-circle,-1.000000,5469.376832,-20624.714332,-0.240405,-0.282483,100.000000,100.000000,0.000000,0.000000,2,4,4,0.0000,0.0000,0.0000,0.5000,"Accelerate",0.000217
4742,A0100,pursuit_chase_v1,UNKNOWN,15774.564517,27977.208148,4422.791852,2078.132670,-29469.345227,19873.254679,503.142822,31080.390113,57.188060,4787.967491,34.284239,0.036797,False,False,False,False,True,True,False,1-circle,-1.000000,5469.845108,-20812.011406,-1.246537,-0.073220,100.000000,100.000000,0.000000,0.000000,2,4,4,0.0000,0.0000,0.0000,0.5000,"PursuitChaseOptimal",-0.010860
4742,B0100,aggressive,UNKNOWN,15774.564517,27977.208148,4422.791852,2078.132670,-29469.345227,19873.254679,503.142822,31080.390113,57.188060,4787.967491,34.284239,0.036797,False,False,False,False,True,True,False,1-circle,-1.000000,5469.845108,-20812.011406,-1.246537,-0.073220,100.000000,100.000000,0.000000,0.000000,2,4,4,0.0000,0.0000,0.0000,0.5000,"Accelerate",0.012635
4743,A0100,pursuit_chase_v1,UNKNOWN,15774.564517,27977.208148,4422.791852,2078.132670,-29469.345227,19873.254679,503.142822,31080.390113,57.188060,4787.967491,34.284239,0.036797,False,False,False,False,True,True,False,1-circle,-1.000000,5469.845108,-20812.011406,-1.246537,-0.073220,100.000000,100.000000,0.000000,0.000000,2,4,4,0.0000,0.0000,0.0000,0.5000,"PursuitChaseOptimal",-0.008976
4743,B0100,aggressive,UNKNOWN,15774.564517,27977.208148,4422.791852,2078.132670,-29469.345227,19873.254679,503.142822,31080.390113,57.188060,4787.967491,34.284239,0.036797,False,False,False,False,True,True,False,1-circle,-1.000000,5469.845108,-20812.011406,-1.246537,-0.073220,100.000000,100.000000,0.000000,0.000000,2,4,4,0.0000,0.0000,0.0000,0.5000,"Accelerate",0.011517
4744,A0100,pursuit_chase_v1,UNKNOWN,15768.634980,27981.549560,4418.450440,2075.181741,-29481.292858,19874.066492,503.217122,31084.512134,82.440406,4792.975870,34.281898,0.012162,False,False,False,False,True,True,False,1-circle,-1.000000,5470.418446,-20668.089800,-0.412132,-0.180852,100.000000,100.000000,0.000000,0.000000,2,4,4,0.0000,0.0000,0.0000,0.5000,"PursuitChaseOptimal",0.004114
4744,B0100,aggressive,UNKNOWN,15768.634980,27981.549560,4418.450440,2075.181741,-29481.292858,19874.066492,503.217122,31084.512134,82.440406,4792.975870,34.281898,0.012162,False,False,False,False,True,True,False,1-circle,-1.000000,5470.418446,-20668.089800,-0.412132,-0.180852,100.000000,100.000000,0.000000,0.000000,2,4,4,0.0000,0.0000,0.0000,0.5000,"Accelerate",-0.000508
4745,A0100,pursuit_chase_v1,UNKNOWN,15768.634980,27981.549560,4418.450440,2075.181741,-29481.292858,19874.066492,503.217122,31084.512134,82.440406,4792.975870,34.281898,0.012162,False,False,False,False,True,True,False,1-circle,-1.000000,5470.418446,-20668.089800,-0.412132,-0.180852,100.000000,100.000000,0.000000,0.000000,2,4,4,0.0000,0.0000,0.0000,0.5000,"PursuitChaseOptimal",0.019755
4745,B0100,aggressive,UNKNOWN,15768.634980,27981.549560,4418.450440,2075.181741,-29481.292858,19874.066492,503.217122,31084.512134,82.440406,4792.975870,34.281898,0.012162,False,False,False,False,True,True,False,1-circle,-1.000000,5470.418446,-20668.089800,-0.412132,-0.180852,100.000000,100.000000,0.000000,0.000000,2,4,4,0.0000,0.0000,0.0000,0.5000,"Accelerate",-0.015813
4746,A0100,pursuit_chase_v1,UNKNOWN,15762.708937,27986.022246,4413.977754,2078.001492,-29491.995589,19874.904862,503.268115,31087.622633,62.209978,4785.373003,34.237824,0.041826,False,False,False,False,True,True,False,1-circle,-1.000000,5471.000239,-20855.302409,-1.417187,-0.125741,100.000000,100.000000,0.000000,0.000000,2,4,4,0.0000,0.0000,0.0000,0.5000,"PursuitChaseOptimal",0.012697
4746,B0100,aggressive,UNKNOWN,15762.708937,27986.022246,4413.977754,2078.001492,-29491.995589,19874.904862,503.268115,31087.622633,62.209978,4785.373003,34.237824,0.041826,False,False,False,False,True,True,False,1-circle,-1.000000,5471.000239,-20855.302409,-1.417187,-0.125741,100.000000,100.000000,0.000000,0.000000,2,4,4,0.0000,0.0000,0.0000,0.5000,"Accelerate",-0.009311
4747,A0100,pursuit_chase_v1,UNKNOWN,15762.708937,27986.022246,4413.977754,2078.001492,-29491.995589,19874.904862,503.268115,31087.622633,62.209978,4785.373003,34.237824,0.041826,False,False,False,False,True,True,False,1-circle,-1.000000,5471.000239,-20855.302409,-1.417187,-0.125741,100.000000,100.000000,0.000000,0.000000,2,4,4,0.0000,0.0000,0.0000,0.5000,"PursuitChaseOptimal",-0.004691
4747,B0100,aggressive,UNKNOWN,15762.708937,27986.022246,4413.977754,2078.001492,-29491.995589,19874.904862,503.268115,31087.622633,62.209978,4785.373003,34.237824,0.041826,False,False,False,False,True,True,False,1-circle,-1.000000,5471.000239,-20855.302409,-1.417187,-0.125741,100.000000,100.000000,0.000000,0.000000,2,4,4,0.0000,0.0000,0.0000,0.5000,"Accelerate",0.007446
4748,A0100,pursuit_chase_v1,UNKNOWN,15756.801100,27989.361917,4410.638083,2078.305121,-29503.956826,19875.666507,503.353457,31092.187410,91.295553,4785.936062,34.180198,0.017281,False,False,False,False,True,True,False,1-circle,-1.000000,5471.596837,-20711.969795,-0.585717,-0.291124,100.000000,100.000000,0.000000,0.000000,2,4,4,0.0000,0.0000,0.0000,0.5000,"PursuitChaseOptimal",-0.006698
4748,B0100,aggressive,UNKNOWN,15756.801100,27989.361917,4410.638083,2078.305121,-29503.956826,19875.666507,503.353457,31092.187410,91.295553,4785.936062,34.180198,0.017281,False,False,False,False,True,True,False,1-circle,-1.000000,5471.596837,-20711.969795,-0.585717,-0.291124,100.000000,100.000000,0.000000,0.000000,2,4,4,0.0000,0.0000,0.0000,0.5000,"Accelerate",0.009500
4749,A0100,pursuit_chase_v1,UNKNOWN,15756.801100,27989.361917,4410.638083,2078.305121,-29503.956826,19875.666507,503.353457,31092.187410,91.295553,4785.936062,34.180198,0.017281,False,False,False,False,True,True,False,1-circle,-1.000000,5471.596837,-20711.969795,-0.585717,-0.291124,100.000000,100.000000,0.000000,0.000000,2,4,4,0.0000,0.0000,0.0000,0.5000,"PursuitChaseOptimal",0.005997
4749,B0100,aggressive,UNKNOWN,15756.801100,27989.361917,4410.638083,2078.305121,-29503.956826,19875.666507,503.353457,31092.187410,91.295553,4785.936062,34.180198,0.017281,False,False,False,False,True,True,False,1-circle,-1.000000,5471.596837,-20711.969795,-0.585717,-0.291124,100.000000,100.000000,0.000000,0.000000,2,4,4,0.0000,0.0000,0.0000,0.5000,"Accelerate",-0.003018
4750,A0100,pursuit_chase_v1,UNKNOWN,15750.903021,27994.245033,4405.754967,2077.934136,-29514.602677,19876.448252,503.399959,31095.041679,57.085384,4781.319116,34.202814,0.046995,False,False,False,False,True,True,False,1-circle,-1.000000,5472.216687,-20899.588558,-1.592655,-0.124343,100.000000,100.000000,0.000000,0.000000,2,4,4,0.0000,0.0000,0.0000,0.5000,"PursuitChaseOptimal",0.003956
4750,B0100,aggressive,UNKNOWN,15750.903021,27994.245033,4405.754967,2077.934136,-29514.602677,19876.448252,503.399959,31095.041679,57.085384,4781.319116,34.202814,0.046995,False,False,False,False,True,True,False,1-circle,-1.000000,5472.216687,-20899.588558,-1.592655,-0.124343,100.000000,100.000000,0.000000,0.000000,2,4,4,0.0000,0.0000,0.0000,0.5000,"Accelerate",-0.001210
4751,A0100,pursuit_chase_v1,UNKNOWN,15750.903021,27994.245033,4405.754967,2077.934136,-29514.602677,19876.448252,503.399959,31095.041679,57.085384,4781.319116,34.202814,0.046995,False,False,False,False,True,True,False,1-circle,-1.000000,5472.216687,-20899.588558,-1.592655,-0.124343,100.000000,100.000000,0.000000,0.000000,2,4,4,0.0000,0.0000,0.0000,0.5000,"PursuitChaseOptimal",-0.014899
4751,B0100,aggressive,UNKNOWN,15750.903021,27994.245033,4405.754967,2077.934136,-29514.602677,19876.448252,503.399959,31095.041679,57.085384,4781.319116,34.202814,0.046995,False,False,False,False,True,True,False,1-circle,-1.000000,5472.216687,-20899.588558,-1.592655,-0.124343,100.000000,100.000000,0.000000,0.000000,2,4,4,0.0000,0.0000,0.0000,0.5000,"Accelerate",0.016938
4752,A0100,pursuit_chase_v1,UNKNOWN,15745.020333,27998.258237,4401.741763,2079.432955,-29526.459672,19877.163995,503.478134,31099.242063,84.007671,4777.234880,34.331414,0.022397,False,False,False,False,True,True,False,1-circle,-1.000000,5472.915815,-20756.034006,-0.759316,-0.252008,100.000000,100.000000,0.000000,0.000000,2,4,4,0.0000,0.0000,0.0000,0.5000,"PursuitChaseOptimal",-0.019202
4752,B0100,aggressive,UNKNOWN,15745.020333,27998.258237,4401.741763,2079.432955,-29526.459672,19877.163995,503.478134,31099.242063,84.007671,4777.234880,34.331414,0.022397,False,False,False,False,True,True,False,1-circle,-1.000000,5472.915815,-20756.034006,-0.759316,-0.252008,100.000000,100.000000,0.000000,0.000000,2,4,4,0.0000,0.0000,0.0000,0.5000,"Accelerate",0.021100
4753,A0100,pursuit_chase_v1,UNKNOWN,15745.020333,27998.258237,4401.741763,2079.432955,-29526.459672,19877.163995,503.478134,31099.242063,84.007671,4777.234880,34.331414,0.022397,False,False,False,False,True,True,False,1-circle,-1.000000,5472.915815,-20756.034006,-0.759316,-0.252008,100.000000,100.000000,0.000000,0.000000,2,4,4,0.0000,0.0000,0.0000,0.5000,"PursuitChaseOptimal",-0.001960
4753,B0100,aggressive,UNKNOWN,15745.020333,27998.258237,4401.741763,2079.432955,-29526.459672,19877.163995,503.478134,31099.242063,84.007671,4777.234880,34.331414,0.022397,False,False,False,False,True,True,False,1-circle,-1.000000,5472.915815,-20756.034006,-0.759316,-0.252008,100.000000,100.000000,0.000000,0.000000,2,4,4,0.0000,0.0000,0.0000,0.5000,"Accelerate",0.004287
4754,A0100,pursuit_chase_v1,UNKNOWN,15739.140307,28002.691223,4397.308777,2079.135462,-29537.054613,19877.906386,503.526114,31102.123417,57.627080,4772.803283,34.490644,0.052138,False,False,False,False,True,True,False,1-circle,-1.000000,5473.707385,-20944.005623,-1.767293,-0.163902,100.000000,100.000000,0.000000,0.000000,2,4,4,0.0000,0.0000,0.0000,0.5000,"PursuitChaseOptimal",0.005588
4754,B0100,aggressive,UNKNOWN,15739.140307,28002.691223,4397.308777,2079.135462,-29537.054613,19877.906386,503.526114,31102.123417,57.627080,4772.803283,34.490644,0.052138,False,False,False,False,True,True,False,1-circle,-1.000000,5473.707385,-20944.005623,-1.767293,-0.163902,100.000000,100.000000,0.000000,0.000000,2,4,4,0.0000,0.0000,0.0000,0.5000,"Accelerate",-0.002942
4755,A0100,pursuit_chase_v1,UNKNOWN,15739.140307,28002.691223,4397.308777,2079.135462,-29537.054613,19877.906386,503.526114,31102.123417,57.627080,4772.803283,34.490644,0.052138,False,False,False,False,True,True,False,1-circle,-1.000000,5473.707385,-20944.005623,-1.767293,-0.163902,100.000000,100.000000,0.000000,0.000000,2,4,4,0.0000,0.0000,0.0000,0.5000,"PursuitChaseOptimal",-0.009545
4755,B0100,aggressive,UNKNOWN,15739.140307,28002.691223,4397.308777,2079.135462,-29537.054613,19877.906386,503.526114,31102.123417,57.627080,4772.803283,34.490644,0.052138,False,False,False,False,True,True,False,1-circle,-1.000000,5473.707385,-20944.005623,-1.767293,-0.163902,100.000000,100.000000,0.000000,0.000000,2,4,4,0.0000,0.0000,0.0000,0.5000,"Accelerate",0.011381
4756,A0100,pursuit_chase_v1,UNKNOWN,15733.287981,28001.253408,4398.746592,2079.265950,-29550.521233,19878.542929,503.707179,31110.833752,174.206699,4777.910822,34.561550,0.030891,False,False,False,False,True,True,False,1-circle,-1.000000,5474.636227,-20443.964640,1.047671,-0.320771,100.000000,100.000000,0.000000,0.000000,2,4,4,0.0000,0.0000,0.0000,0.5000,"PursuitChaseOptimal",-0.009654
4756,B0100,aggressive,UNKNOWN,15733.287981,28001.253408,4398.746592,2079.265950,-29550.521233,19878.542929,503.707179,31110.833752,174.206699,4777.910822,34.561550,0.030891,False,False,False,False,True,True,False,1-circle,-1.000000,5474.636227,-20443.964640,1.047671,-0.320771,100.000000,100.000000,0.000000,0.000000,2,4,4,0.0000,0.0000,0.0000,0.5000,"Accelerate",0.012081
4757,A0100,pursuit_chase_v1,UNKNOWN,15733.287981,28001.253408,4398.746592,2079.265950,-29550.521233,19878.542929,503.707179,31110.833752,174.206699,4777.910822,34.561550,0.030891,False,False,False,False,True,True,False,1-circle,-1.000000,5474.636227,-20443.964640,1.047671,-0.320771,100.000000,100.000000,0.000000,0.000000,2,4,4,0.0000,0.0000,0.0000,0.5000,"PursuitChaseOptimal",0.013758
4757,B0100,aggressive,UNKNOWN,15733.287981,28001.253408,4398.746592,2079.265950,-29550.521233,19878.542929,503.707179,31110.833752,174.206699,4777.910822,34.561550,0.030891,False,False,False,False,True,True,False,1-circle,-1.000000,5474.636227,-20443.964640,1.047671,-0.320771,100.000000,100.000000,0.000000,0.000000,2,4,4,0.0000,0.0000,0.0000,0.5000,"Accelerate",-0.009557
4758,A0100,pursuit_chase_v1,UNKNOWN,15727.458884,28011.243186,4388.756814,2080.648845,-29558.726275,19879.177853,503.706092,31111.420185,11.728666,4771.266176,34.440744,0.023544,False,False,False,False,True,True,False,1-circle,-1.000000,5475.629437,-20782.994859,-0.798542,-0.103511,100.000000,100.000000,0.000000,0.000000,2,4,4,0.0000,0.0000,0.0000,0.5000,"PursuitChaseOptimal",0.018124
4758,B0100,aggressive,UNKNOWN,15727.458884,28011.243186,4388.756814,2080.648845,-29558.726275,19879.177853,503.706092,31111.420185,11.728666,4771.266176,34.440744,0.023544,False,False,False,False,True,True,False,1-circle,-1.000000,5475.629437,-20782.994859,-0.798542,-0.103511,100.000000,100.000000,0.000000,0.000000,2,4,4,0.0000,0.0000,0.0000,0.5000,"Accelerate",-0.014198
4759,A0100,pursuit_chase_v1,UNKNOWN,15727.458884,28011.243186,4388.756814,2080.648845,-29558.726275,19879.177853,503.706092,31111.420185,11.728666,4771.266176,34.440744,0.023544,False,False,False,False,True,True,False,1-circle,-1.000000,5475.629437,-20782.994859,-0.798542,-0.103511,100.000000,100.000000,0.000000,0.000000,2,4,4,0.0000,0.0000,0.0000,0.5000,"PursuitChaseOptimal",0.003215
4759,B0100,aggressive,UNKNOWN,15727.458884,28011.243186,4388.756814,2080.648845,-29558.726275,19879.177853,503.706092,31111.420185,11.728666,4771.266176,34.440744,0.023544,False,False,False,False,True,True,False,1-circle,-1.000000,5475.629437,-20782.994859,-0.798542,-0.103511,100.000000,100.000000,0.000000,0.000000,2,4,4,0.0000,0.0000,0.0000,0.5000,"Accelerate",-0.000451
4760,A0100,pursuit_chase_v1,UNKNOWN,15721.634240,28018.670551,4381.329449,2077.262601,-29575.016285,19879.849810,503.851322,31118.570094,142.998172,4773.990079,34.150675,0.023965,False,False,False,False,True,True,False,1-circle,-1.000000,5476.520787,-20499.580296,0.813018,0.035352,100.000000,100.000000,0.000000,0.000000,2,4,4,0.0000,0.0000,0.0000,0.5000,"PursuitChaseOptimal",-0.001003
4760,B0100,aggressive,UNKNOWN,15721.634240,28018.670551,4381.329449,2077.262601,-29575.016285,19879.849810,503.851322,31118.570094,142.998172,4773.990079,34.150675,0.023965,False,False,False,False,True,True,False,1-circle,-1.000000,5476.520787,-20499.580296,0.813018,0.035352,100.000000,100.000000,0.000000,0.000000,2,4,4,0.0000,0.0000,0.0000,0.5000,"Accelerate",0.004128
4761,A0100,pursuit_chase_v1,UNKNOWN,15721.634240,28018.670551,4381.329449,2077.262601,-29575.016285,19879.849810,503.851322,31118.570094,142.998172,4773.990079,34.150675,0.023965,False,False,False,False,True,True,False,1-circle,-1.000000,5476.520787,-20499.580296,0.813018,0.035352,100.000000,100.000000,0.000000,0.000000,2,4,4,0.0000,0.0000,0.0000,0.5000,"PursuitChaseOptimal",0.018614
4761,B0100,aggressive,UNKNOWN,15721.634240,28018.670551,4381.329449,2077.262601,-29575.016285,19879.849810,503.851322,31118.570094,142.998172,4773.990079,34.150675,0.023965,False,False,False,False,True,True,False,1-circle,-1.000000,5476.520787,-20499.580296,0.813018,0.035352,100.000000,100.000000,0.000000,0.000000,2,4,4,0.0000,0.0000,0.0000,0.5000,"Accelerate",-0.013925
4762,A0100,pursuit_chase_v1,UNKNOWN,15715.842461,28030.675439,4369.324561,2079.137248,-29582.556166,19880.565062,503.829931,31118.331120,-4.779472,4768.092284,33.876539,0.029223,False,False,False,False,True,True,False,1-circle,-1.000000,5477.359454,-20831.002966,-0.991342,-0.027347,100.000000,100.000000,0.000000,0.000000,2,4,4,0.0000,0.0000,0.0000,0.5000,"PursuitChaseOptimal",0.029664
4762,B0100,aggressive,UNKNOWN,15715.842461,28030.675439,4369.324561,2079.137248,-29582.556166,19880.565062,503.829931,31118.331120,-4.779472,4768.092284,33.876539,0.029223,False,False,False,False,True,True,False,1-circle,-1.000000,5477.359454,-20831.002966,-0.991342,-0.027347,100.000000,100.000000,0.000000,0.000000,2,4,4,0.0000,0.0000,0.0000,0.5000,"Accelerate",-0.024830
4763,A0100,pursuit_chase_v1,UNKNOWN,15715.842461,28030.675439,4369.324561,2079.137248,-29582.556166,19880.565062,503.829931,31118.331120,-4.779472,4768.092284,33.876539,0.029223,False,False,False,False,True,True,False,1-circle,-1.000000,5477.359454,-20831.002966,-0.991342,-0.027347,100.000000,100.000000,0.000000,0.000000,2,4,4,0.0000,0.0000,0.0000,0.5000,"PursuitChaseOptimal",0.017813
4763,B0100,aggressive,UNKNOWN,15715.842461,28030.675439,4369.324561,2079.137248,-29582.556166,19880.565062,503.829931,31118.331120,-4.779472,4768.092284,33.876539,0.029223,False,False,False,False,True,True,False,1-circle,-1.000000,5477.359454,-20831.002966,-0.991342,-0.027347,100.000000,100.000000,0.000000,0.000000,2,4,4,0.0000,0.0000,0.0000,0.5000,"Accelerate",-0.013877
4764,A0100,pursuit_chase_v1,UNKNOWN,15710.049351,28039.669147,4360.330853,2076.957634,-29598.702765,19881.342276,503.997963,31126.605372,165.485042,4767.042520,33.446843,0.018052,False,False,False,False,True,True,False,1-circle,-1.000000,5478.010536,-20548.821970,0.612617,0.142139,100.000000,100.000000,0.000000,0.000000,2,4,4,0.0000,0.0000,0.0000,0.5000,"PursuitChaseOptimal",-0.000194
4764,B0100,aggressive,UNKNOWN,15710.049351,28039.669147,4360.330853,2076.957634,-29598.702765,19881.342276,503.997963,31126.605372,165.485042,4767.042520,33.446843,0.018052,False,False,False,False,True,True,False,1-circle,-1.000000,5478.010536,-20548.821970,0.612617,0.142139,100.000000,100.000000,0.000000,0.000000,2,4,4,0.0000,0.0000,0.0000,0.5000,"Accelerate",0.003570
4765,A0100,pursuit_chase_v1,UNKNOWN,15710.049351,28039.669147,4360.330853,2076.957634,-29598.702765,19881.342276,503.997963,31126.605372,165.485042,4767.042520,33.446843,0.018052,False,False,False,False,True,True,False,1-circle,-1.000000,5478.010536,-20548.821970,0.612617,0.142139,100.000000,100.000000,0.000000,0.000000,2,4,4,0.0000,0.0000,0.0000,0.5000,"PursuitChaseOptimal",-0.013165
4765,B0100,aggressive,UNKNOWN,15710.049351,28039.669147,4360.330853,2076.957634,-29598.702765,19881.342276,503.997963,31126.605372,165.485042,4767.042520,33.446843,0.018052,False,False,False,False,True,True,False,1-circle,-1.000000,5478.010536,-20548.821970,0.612617,0.142139,100.000000,100.000000,0.000000,0.000000,2,4,4,0.0000,0.0000,0.0000,0.5000,"Accelerate",0.015691
4766,A0100,pursuit_chase_v1,UNKNOWN,15704.282062,28054.260689,4345.739311,2079.187447,-29606.125084,19882.196705,504.005114,31127.778917,23.470892,4770.171652,33.163830,0.035038,False,False,False,False,True,True,False,1-circle,-1.000000,5478.547428,-20879.577043,-1.188980,0.216243,100.000000,100.000000,0.000000,0.000000,2,4,4,0.0000,0.0000,0.0000,0.5000,"PursuitChaseOptimal",-0.010026
4766,B0100,aggressive,UNKNOWN,15704.282062,28054.260689,4345.739311,2079.187447,-29606.125084,19882.196705,504.005114,31127.778917,23.470892,4770.171652,33.163830,0.035038,False,False,False,False,True,True,False,1-circle,-1.000000,5478.547428,-20879.577043,-1.188980,0.216243,100.000000,100.000000,0.000000,0.000000,2,4,4,0.0000,0.0000,0.0000,0.5000,"Accelerate",0.011983
4767,A0100,pursuit_chase_v1,UNKNOWN,15704.282062,28054.260689,4345.739311,2079.187447,-29606.125084,19882.196705,504.005114,31127.778917,23.470892,4770.171652,33.163830,0.035038,False,False,False,False,True,True,False,1-circle,-1.000000,5478.547428,-20879.577043,-1.188980,0.216243,100.000000,100.000000,0.000000,0.000000,2,4,4,0.0000,0.0000,0.0000,0.5000,"PursuitChaseOptimal",0.002860
4767,B0100,aggressive,UNKNOWN,15704.282062,28054.260689,4345.739311,2079.187447,-29606.125084,19882.196705,504.005114,31127.778917,23.470892,4770.171652,33.163830,0.035038,False,False,False,False,True,True,False,1-circle,-1.000000,5478.547428,-20879.577043,-1.188980,0.216243,100.000000,100.000000,0.000000,0.000000,2,4,4,0.0000,0.0000,0.0000,0.5000,"Accelerate",-0.000092
4768,A0100,pursuit_chase_v1,UNKNOWN,15698.555249,28062.324175,4337.675825,2073.971068,-29622.226254,19883.122512,504.158906,31135.568696,155.795578,4775.653468,32.979482,0.012219,False,False,False,False,True,True,False,1-circle,-1.000000,5479.097602,-20597.383232,0.414802,0.151028,100.000000,100.000000,0.000000,0.000000,2,4,4,0.0000,0.0000,0.0000,0.5000,"PursuitChaseOptimal",0.018811
4768,B0100,aggressive,UNKNOWN,15698.555249,28062.324175,4337.675825,2073.971068,-29622.226254,19883.122512,504.158906,31135.568696,155.795578,4775.653468,32.979482,0.012219,False,False,False,False,True,True,False,1-circle,-1.000000,5479.097602,-20597.383232,0.414802,0.151028,100.000000,100.000000,0.000000,0.000000,2,4,4,0.0000,0.0000,0.0000,0.5000,"Accelerate",-0.014329
4769,A0100,pursuit_chase_v1,UNKNOWN,15698.555249,28062.324175,4337.675825,2073.971068,-29622.226254,19883.122512,504.158906,31135.568696,155.795578,4775.653468,32.979482,0.012219,False,False,False,False,True,True,False,1-circle,-1.000000,5479.097602,-20597.383232,0.414802,0.151028,100.000000,100.000000,0.000000,0.000000,2,4,4,0.0000,0.0000,0.0000,0.5000,"PursuitChaseOptimal",0.011356
4769,B0100,aggressive,UNKNOWN,15698.555249,28062.324175,4337.675825,2073.971068,-29622.226254,19883.122512,504.158906,31135.568696,155.795578,4775.653468,32.979482,0.012219,False,False,False,False,True,True,False,1-circle,-1.000000,5479.097602,-20597.383232,0.414802,0.151028,100.000000,100.000000,0.000000,0.000000,2,4,4,0.0000,0.0000,0.0000,0.5000,"Accelerate",-0.007210
4770,A0100,pursuit_chase_v1,UNKNOWN,15692.834941,28073.016210,4326.983790,2080.434578,-29629.499582,19884.088528,504.122591,31134.913742,-13.099069,4761.094659,32.830069,0.040856,False,False,False,False,True,True,False,1-circle,-1.000000,5479.568528,-20928.099156,-1.386651,0.036897,100.000000,100.000000,0.000000,0.000000,2,4,4,0.0000,0.0000,0.0000,0.5000,"PursuitChaseOptimal",-0.005792
4770,B0100,aggressive,UNKNOWN,15692.834941,28073.016210,4326.983790,2080.434578,-29629.499582,19884.088528,504.122591,31134.913742,-13.099069,4761.094659,32.830069,0.040856,False,False,False,False,True,True,False,1-circle,-1.000000,5479.568528,-20928.099156,-1.386651,0.036897,100.000000,100.000000,0.000000,0.000000,2,4,4,0.0000,0.0000,0.0000,0.5000,"Accelerate",0.007963
4771,A0100,pursuit_chase_v1,UNKNOWN,15692.834941,28073.016210,4326.983790,2080.434578,-29629.499582,19884.088528,504.122591,31134.913742,-13.099069,4761.094659,32.830069,0.040856,False,False,False,False,True,True,False,1-circle,-1.000000,5479.568528,-20928.099156,-1.386651,0.036897,100.000000,100.000000,0.000000,0.000000,2,4,4,0.0000,0.0000,0.0000,0.5000,"PursuitChaseOptimal",-0.007595
4771,B0100,aggressive,UNKNOWN,15692.834941,28073.016210,4326.983790,2080.434578,-29629.499582,19884.088528,504.122591,31134.913742,-13.099069,4761.094659,32.830069,0.040856,False,False,False,False,True,True,False,1-circle,-1.000000,5479.568528,-20928.099156,-1.386651,0.036897,100.000000,100.000000,0.000000,0.000000,2,4,4,0.0000,0.0000,0.0000,0.5000,"Accelerate",0.009485
4772,A0100,pursuit_chase_v1,UNKNOWN,15687.131442,28078.852171,4321.147829,2072.577883,-29645.524869,19885.088915,504.259475,31142.024799,142.221139,4769.955499,32.665420,0.006722,False,False,False,False,True,True,False,1-circle,-1.000000,5480.005891,-20643.870195,0.228237,0.124201,100.000000,100.000000,0.000000,0.000000,2,4,4,0.0000,0.0000,0.0000,0.5000,"PursuitChaseOptimal",0.007910
4772,B0100,aggressive,UNKNOWN,15687.131442,28078.852171,4321.147829,2072.577883,-29645.524869,19885.088915,504.259475,31142.024799,142.221139,4769.955499,32.665420,0.006722,False,False,False,False,True,True,False,1-circle,-1.000000,5480.005891,-20643.870195,0.228237,0.124201,100.000000,100.000000,0.000000,0.000000,2,4,4,0.0000,0.0000,0.0000,0.5000,"Accelerate",-0.004288
4773,A0100,pursuit_chase_v1,UNKNOWN,15687.131442,28078.852171,4321.147829,2072.577883,-29645.524869,19885.088915,504.259475,31142.024799,142.221139,4769.955499,32.665420,0.006722,False,False,False,False,True,True,False,1-circle,-1.000000,5480.005891,-20643.870195,0.228237,0.124201,100.000000,100.000000,0.000000,0.000000,2,4,4,0.0000,0.0000,0.0000,0.5000,"PursuitChaseOptimal",0.011748
4773,B0100,aggressive,UNKNOWN,15687.131442,28078.852171,4321.147829,2072.577883,-29645.524869,19885.088915,504.259475,31142.024799,142.221139,4769.955499,32.665420,0.006722,False,False,False,False,True,True,False,1-circle,-1.000000,5480.005891,-20643.870195,0.228237,0.124201,100.000000,100.000000,0.000000,0.000000,2,4,4,0.0000,0.0000,0.0000,0.5000,"Accelerate",-0.007704
4774,A0100,pursuit_chase_v1,UNKNOWN,15681.444577,28087.653244,4312.346756,2080.867594,-29652.651323,19886.104035,504.244310,31142.362855,6.761120,4757.156361,32.614135,0.046383,False,False,False,False,True,True,False,1-circle,-1.000000,5480.440391,-20974.836915,-1.574545,-0.001543,100.000000,100.000000,0.000000,0.000000,2,4,4,0.0000,0.0000,0.0000,0.5000,"PursuitChaseOptimal",-0.008311
4774,B0100,aggressive,UNKNOWN,15681.444577,28087.653244,4312.346756,2080.867594,-29652.651323,19886.104035,504.244310,31142.362855,6.761120,4757.156361,32.614135,0.046383,False,False,False,False,True,True,False,1-circle,-1.000000,5480.440391,-20974.836915,-1.574545,-0.001543,100.000000,100.000000,0.000000,0.000000,2,4,4,0.0000,0.0000,0.0000,0.5000,"Accelerate",0.010118
4775,A0100,pursuit_chase_v1,UNKNOWN,15681.444577,28087.653244,4312.346756,2080.867594,-29652.651323,19886.104035,504.244310,31142.362855,6.761120,4757.156361,32.614135,0.046383,False,False,False,False,True,True,False,1-circle,-1.000000,5480.440391,-20974.836915,-1.574545,-0.001543,100.000000,100.000000,0.000000,0.000000,2,4,4,0.0000,0.0000,0.0000,0.5000,"PursuitChaseOptimal",-0.011474
4775,B0100,aggressive,UNKNOWN,15681.444577,28087.653244,4312.346756,2080.867594,-29652.651323,19886.104035,504.244310,31142.362855,6.761120,4757.156361,32.614135,0.046383,False,False,False,False,True,True,False,1-circle,-1.000000,5480.440391,-20974.836915,-1.574545,-0.001543,100.000000,100.000000,0.000000,0.000000,2,4,4,0.0000,0.0000,0.0000,0.5000,"Accelerate",0.012952
4776,A0100,pursuit_chase_v1,UNKNOWN,15675.771337,28090.659402,4309.340598,2072.789525,-29668.692584,19887.119533,504.383809,31149.607279,144.888481,4765.549290,32.566613,0.001344,False,False,False,False,True,True,False,1-circle,-1.000000,5480.894033,-20689.706603,0.045643,-0.030635,100.000000,100.000000,0.000000,0.000000,2,4,4,0.0000,0.0000,0.0000,0.5000,"PursuitChaseOptimal",0.005213
4776,B0100,aggressive,UNKNOWN,15675.771337,28090.659402,4309.340598,2072.789525,-29668.692584,19887.119533,504.383809,31149.607279,144.888481,4765.549290,32.566613,0.001344,False,False,False,False,True,True,False,1-circle,-1.000000,5480.894033,-20689.706603,0.045643,-0.030635,100.000000,100.000000,0.000000,0.000000,2,4,4,0.0000,0.0000,0.0000,0.5000,"Accelerate",-0.001936
4777,A0100,pursuit_chase_v1,UNKNOWN,15675.771337,28090.659402,4309.340598,2072.789525,-29668.692584,19887.119533,504.383809,31149.607279,144.888481,4765.549290,32.566613,0.001344,False,False,False,False,True,True,False,1-circle,-1.000000,5480.894033,-20689.706603,0.045643,-0.030635,100.000000,100.000000,0.000000,0.000000,2,4,4,0.0000,0.0000,0.0000,0.5000,"PursuitChaseOptimal",0.011440
4777,B0100,aggressive,UNKNOWN,15675.771337,28090.659402,4309.340598,2072.789525,-29668.692584,19887.119533,504.383809,31149.607279,144.888481,4765.549290,32.566613,0.001344,False,False,False,False,True,True,False,1-circle,-1.000000,5480.894033,-20689.706603,0.045643,-0.030635,100.000000,100.000000,0.000000,0.000000,2,4,4,0.0000,0.0000,0.0000,0.5000,"Accelerate",-0.007514
4778,A0100,pursuit_chase_v1,UNKNOWN,15670.115497,28097.622484,4302.377516,2081.049026,-29675.736092,19888.117807,504.348885,31149.045998,-11.225631,4752.005431,32.587991,0.051822,False,False,False,False,True,True,False,1-circle,-1.000000,5481.395722,-21021.174535,-1.759429,-0.093013,100.000000,100.000000,0.000000,0.000000,2,4,4,0.0000,0.0000,0.0000,0.5000,"PursuitChaseOptimal",-0.004374
4778,B0100,aggressive,UNKNOWN,15670.115497,28097.622484,4302.377516,2081.049026,-29675.736092,19888.117807,504.348885,31149.045998,-11.225631,4752.005431,32.587991,0.051822,False,False,False,False,True,True,False,1-circle,-1.000000,5481.395722,-21021.174535,-1.759429,-0.093013,100.000000,100.000000,0.000000,0.000000,2,4,4,0.0000,0.0000,0.0000,0.5000,"Accelerate",0.006440
4779,A0100,pursuit_chase_v1,UNKNOWN,15670.115497,28097.622484,4302.377516,2081.049026,-29675.736092,19888.117807,504.348885,31149.045998,-11.225631,4752.005431,32.587991,0.051822,False,False,False,False,True,True,False,1-circle,-1.000000,5481.395722,-21021.174535,-1.759429,-0.093013,100.000000,100.000000,0.000000,0.000000,2,4,4,0.0000,0.0000,0.0000,0.5000,"PursuitChaseOptimal",-0.004448
4779,B0100,aggressive,UNKNOWN,15670.115497,28097.622484,4302.377516,2081.049026,-29675.736092,19888.117807,504.348885,31149.045998,-11.225631,4752.005431,32.587991,0.051822,False,False,False,False,True,True,False,1-circle,-1.000000,5481.395722,-21021.174535,-1.759429,-0.093013,100.000000,100.000000,0.000000,0.000000,2,4,4,0.0000,0.0000,0.0000,0.5000,"Accelerate",0.006397
4780,A0100,pursuit_chase_v1,UNKNOWN,15664.468908,28100.656455,4299.343545,2072.824391,-29691.723322,19889.108957,504.472867,31155.574265,130.565344,4757.411716,32.512380,0.003906,False,False,False,False,True,True,False,1-circle,-1.000000,5481.910471,-20734.952181,-0.132698,-0.003278,100.000000,100.000000,0.000000,0.000000,2,4,4,0.0000,0.0000,0.0000,0.5000,"PursuitChaseOptimal",0.017677
4780,B0100,aggressive,UNKNOWN,15664.468908,28100.656455,4299.343545,2072.824391,-29691.723322,19889.108957,504.472867,31155.574265,130.565344,4757.411716,32.512380,0.003906,False,False,False,False,True,True,False,1-circle,-1.000000,5481.910471,-20734.952181,-0.132698,-0.003278,100.000000,100.000000,0.000000,0.000000,2,4,4,0.0000,0.0000,0.0000,0.5000,"Accelerate",-0.013511
4781,A0100,pursuit_chase_v1,UNKNOWN,15664.468908,28100.656455,4299.343545,2072.824391,-29691.723322,19889.108957,504.472867,31155.574265,130.565344,4757.411716,32.512380,0.003906,False,False,False,False,True,True,False,1-circle,-1.000000,5481.910471,-20734.952181,-0.132698,-0.003278,100.000000,100.000000,0.000000,0.000000,2,4,4,0.0000,0.0000,0.0000,0.5000,"PursuitChaseOptimal",0.029503
4781,B0100,aggressive,UNKNOWN,15664.468908,28100.656455,4299.343545,2072.824391,-29691.723322,19889.108957,504.472867,31155.574265,130.565344,4757.411716,32.512380,0.003906,False,False,False,False,True,True,False,1-circle,-1.000000,5481.910471,-20734.952181,-0.132698,-0.003278,100.000000,100.000000,0.000000,0.000000,2,4,4,0.0000,0.0000,0.0000,0.5000,"Accelerate",-0.024286
4782,A0100,pursuit_chase_v1,UNKNOWN,15658.834095,28107.653542,4292.346458,2079.774521,-29698.658086,19890.086598,504.450741,31155.563634,-0.212620,4741.794285,32.354820,0.057052,False,False,False,False,True,True,False,1-circle,-1.000000,5482.398825,-21066.363218,-1.937272,-0.093765,100.000000,100.000000,0.000000,0.000000,2,4,4,0.0000,0.0000,0.0000,0.5000,"PursuitChaseOptimal",0.019054
4782,B0100,aggressive,UNKNOWN,15658.834095,28107.653542,4292.346458,2079.774521,-29698.658086,19890.086598,504.450741,31155.563634,-0.212620,4741.794285,32.354820,0.057052,False,False,False,False,True,True,False,1-circle,-1.000000,5482.398825,-21066.363218,-1.937272,-0.093765,100.000000,100.000000,0.000000,0.000000,2,4,4,0.0000,0.0000,0.0000,0.5000,"Accelerate",-0.015331
4783,A0100,pursuit_chase_v1,UNKNOWN,15658.834095,28107.653542,4292.346458,2079.774521,-29698.658086,19890.086598,504.450741,31155.563634,-0.212620,4741.794285,32.354820,0.057052,False,False,False,False,True,True,False,1-circle,-1.000000,5482.398825,-21066.363218,-1.937272,-0.093765,100.000000,100.000000,0.000000,0.000000,2,4,4,0.0000,0.0000,0.0000,0.5000,"PursuitChaseOptimal",0.001048
4783,B0100,aggressive,UNKNOWN,15658.834095,28107.653542,4292.346458,2079.774521,-29698.658086,19890.086598,504.450741,31155.563634,-0.212620,4741.794285,32.354820,0.057052,False,False,False,False,True,True,False,1-circle,-1.000000,5482.398825,-21066.363218,-1.937272,-0.093765,100.000000,100.000000,0.000000,0.000000,2,4,4,0.0000,0.0000,0.0000,0.5000,"Accelerate",0.001270
4784,A0100,pursuit_chase_v1,UNKNOWN,15653.196788,28109.745822,4290.254178,2076.431031,-29714.643051,19891.049573,504.579931,31162.297516,134.677635,4747.772034,32.139311,0.009133,False,False,False,False,True,True,False,1-circle,-1.000000,5482.777817,-20780.050497,-0.310310,-0.085167,100.000000,100.000000,0.000000,0.000000,2,4,4,0.0000,0.0000,0.0000,0.5000,"PursuitChaseOptimal",-0.012666
4784,B0100,aggressive,UNKNOWN,15653.196788,28109.745822,4290.254178,2076.431031,-29714.643051,19891.049573,504.579931,31162.297516,134.677635,4747.772034,32.139311,0.009133,False,False,False,False,True,True,False,1-circle,-1.000000,5482.777817,-20780.050497,-0.310310,-0.085167,100.000000,100.000000,0.000000,0.000000,2,4,4,0.0000,0.0000,0.0000,0.5000,"Accelerate",0.014583
4785,A0100,pursuit_chase_v1,UNKNOWN,15653.196788,28109.745822,4290.254178,2076.431031,-29714.643051,19891.049573,504.579931,31162.297516,134.677635,4747.772034,32.139311,0.009133,False,False,False,False,True,True,False,1-circle,-1.000000,5482.777817,-20780.050497,-0.310310,-0.085167,100.000000,100.000000,0.000000,0.000000,2,4,4,0.0000,0.0000,0.0000,0.5000,"PursuitChaseOptimal",-0.009595
4785,B0100,aggressive,UNKNOWN,15653.196788,28109.745822,4290.254178,2076.431031,-29714.643051,19891.049573,504.579931,31162.297516,134.677635,4747.772034,32.139311,0.009133,False,False,False,False,True,True,False,1-circle,-1.000000,5482.777817,-20780.050497,-0.310310,-0.085167,100.000000,100.000000,0.000000,0.000000,2,4,4,0.0000,0.0000,0.0000,0.5000,"Accelerate",0.011920
4786,A0100,pursuit_chase_v1,UNKNOWN,15647.598062,28116.136584,4283.863416,2078.550818,-29721.516641,19891.987835,504.546844,31161.757668,-10.796943,4746.470647,32.179200,0.062358,False,False,False,False,True,True,False,1-circle,-1.000000,5483.223985,-21111.982654,-2.117707,-0.145086,100.000000,100.000000,0.000000,0.000000,2,4,4,0.0000,0.0000,0.0000,0.5000,"PursuitChaseOptimal",0.002993
4786,B0100,aggressive,UNKNOWN,15647.598062,28116.136584,4283.863416,2078.550818,-29721.516641,19891.987835,504.546844,31161.757668,-10.796943,4746.470647,32.179200,0.062358,False,False,False,False,True,True,False,1-circle,-1.000000,5483.223985,-21111.982654,-2.117707,-0.145086,100.000000,100.000000,0.000000,0.000000,2,4,4,0.0000,0.0000,0.0000,0.5000,"Accelerate",-0.000488
4787,A0100,pursuit_chase_v1,UNKNOWN,15647.598062,28116.136584,4283.863416,2078.550818,-29721.516641,19891.987835,504.546844,31161.757668,-10.796943,4746.470647,32.179200,0.062358,False,False,False,False,True,True,False,1-circle,-1.000000,5483.223985,-21111.982654,-2.117707,-0.145086,100.000000,100.000000,0.000000,0.000000,2,4,4,0.0000,0.0000,0.0000,0.5000,"PursuitChaseOptimal",0.018898
4787,B0100,aggressive,UNKNOWN,15647.598062,28116.136584,4283.863416,2078.550818,-29721.516641,19891.987835,504.546844,31161.757668,-10.796943,4746.470647,32.179200,0.062358,False,False,False,False,True,True,False,1-circle,-1.000000,5483.223985,-21111.982654,-2.117707,-0.145086,100.000000,100.000000,0.000000,0.000000,2,4,4,0.0000,0.0000,0.0000,0.5000,"Accelerate",-0.015456
4788,A0100,pursuit_chase_v1,UNKNOWN,15642.017656,28115.288444,4284.711556,2078.088757,-29735.946516,19892.907198,504.706616,31169.815617,161.158978,4746.799778,32.122669,0.007218,False,False,False,False,True,True,False,1-circle,-1.000000,5483.722807,-20781.613077,-0.245322,-0.063971,100.000000,100.000000,0.000000,0.000000,2,4,4,0.0000,0.0000,0.0000,0.5000,"PursuitChaseOptimal",0.010627
4788,B0100,aggressive,UNKNOWN,15642.017656,28115.288444,4284.711556,2078.088757,-29735.946516,19892.907198,504.706616,31169.815617,161.158978,4746.799778,32.122669,0.007218,False,False,False,False,True,True,False,1-circle,-1.000000,5483.722807,-20781.613077,-0.245322,-0.063971,100.000000,100.000000,0.000000,0.000000,2,4,4,0.0000,0.0000,0.0000,0.5000,"Accelerate",-0.007510
4789,A0100,pursuit_chase_v1,UNKNOWN,15642.017656,28115.288444,4284.711556,2078.088757,-29735.946516,19892.907198,504.706616,31169.815617,161.158978,4746.799778,32.122669,0.007218,False,False,False,False,True,True,False,1-circle,-1.000000,5483.722807,-20781.613077,-0.245322,-0.063971,100.000000,100.000000,0.000000,0.000000,2,4,4,0.0000,0.0000,0.0000,0.5000,"PursuitChaseOptimal",-0.006513
4789,B0100,aggressive,UNKNOWN,15642.017656,28115.288444,4284.711556,2078.088757,-29735.946516,19892.907198,504.706616,31169.815617,161.158978,4746.799778,32.122669,0.007218,False,False,False,False,True,True,False,1-circle,-1.000000,5483.722807,-20781.613077,-0.245322,-0.063971,100.000000,100.000000,0.000000,0.000000,2,4,4,0.0000,0.0000,0.0000,0.5000,"Accelerate",0.009033
4790,A0100,pursuit_chase_v1,UNKNOWN,15636.458137,28121.491216,4278.508784,2079.482470,-29746.843533,19893.742523,504.733509,31171.852763,40.742922,4744.614658,32.029504,0.017175,False,False,False,False,True,True,False,1-circle,-1.000000,5484.244890,-20639.082365,0.583729,-0.132097,100.000000,100.000000,0.000000,0.000000,2,4,4,0.0000,0.0000,0.0000,0.5000,"PursuitChaseOptimal",-0.008111
4790,B0100,aggressive,UNKNOWN,15636.458137,28121.491216,4278.508784,2079.482470,-29746.843533,19893.742523,504.733509,31171.852763,40.742922,4744.614658,32.029504,0.017175,False,False,False,False,True,True,False,1-circle,-1.000000,5484.244890,-20639.082365,0.583729,-0.132097,100.000000,100.000000,0.000000,0.000000,2,4,4,0.0000,0.0000,0.0000,0.5000,"Accelerate",0.010535
4791,A0100,pursuit_chase_v1,UNKNOWN,15636.458137,28121.491216,4278.508784,2079.482470,-29746.843533,19893.742523,504.733509,31171.852763,40.742922,4744.614658,32.029504,0.017175,False,False,False,False,True,True,False,1-circle,-1.000000,5484.244890,-20639.082365,0.583729,-0.132097,100.000000,100.000000,0.000000,0.000000,2,4,4,0.0000,0.0000,0.0000,0.5000,"PursuitChaseOptimal",0.004072
4791,B0100,aggressive,UNKNOWN,15636.458137,28121.491216,4278.508784,2079.482470,-29746.843533,19893.742523,504.733509,31171.852763,40.742922,4744.614658,32.029504,0.017175,False,False,False,False,True,True,False,1-circle,-1.000000,5484.244890,-20639.082365,0.583729,-0.132097,100.000000,100.000000,0.000000,0.000000,2,4,4,0.0000,0.0000,0.0000,0.5000,"Accelerate",-0.001302
4792,A0100,pursuit_chase_v1,UNKNOWN,15630.915075,28132.137164,4267.862836,2076.776609,-29759.912422,19894.651500,504.809834,31176.172905,86.402821,4743.036403,31.854638,0.013883,False,False,False,False,True,True,False,1-circle,-1.000000,5484.740823,-20835.798716,-0.471925,0.179283,100.000000,100.000000,0.000000,0.000000,2,4,4,0.0000,0.0000,0.0000,0.5000,"PursuitChaseOptimal",0.001729
4792,B0100,aggressive,UNKNOWN,15630.915075,28132.137164,4267.862836,2076.776609,-29759.912422,19894.651500,504.809834,31176.172905,86.402821,4743.036403,31.854638,0.013883,False,False,False,False,True,True,False,1-circle,-1.000000,5484.740823,-20835.798716,-0.471925,0.179283,100.000000,100.000000,0.000000,0.000000,2,4,4,0.0000,0.0000,0.0000,0.5000,"Accelerate",0.000753
4793,A0100,pursuit_chase_v1,UNKNOWN,15630.915075,28132.137164,4267.862836,2076.776609,-29759.912422,19894.651500,504.809834,31176.172905,86.402821,4743.036403,31.854638,0.013883,False,False,False,False,True,True,False,1-circle,-1.000000,5484.740823,-20835.798716,-0.471925,0.179283,100.000000,100.000000,0.000000,0.000000,2,4,4,0.0000,0.0000,0.0000,0.5000,"PursuitChaseOptimal",-0.016753
4793,B0100,aggressive,UNKNOWN,15630.915075,28132.137164,4267.862836,2076.776609,-29759.912422,19894.651500,504.809834,31176.172905,86.402821,4743.036403,31.854638,0.013883,False,False,False,False,True,True,False,1-circle,-1.000000,5484.740823,-20835.798716,-0.471925,0.179283,100.000000,100.000000,0.000000,0.000000,2,4,4,0.0000,0.0000,0.0000,0.5000,"Accelerate",0.018600
4794,A0100,pursuit_chase_v1,UNKNOWN,15625.392712,28140.703375,4259.296625,2078.473198,-29771.514137,19895.562346,504.870313,31179.787104,72.283993,4738.739039,31.864490,0.009725,False,False,False,False,True,True,False,1-circle,-1.000000,5485.252046,-20698.068584,0.330622,0.061173,100.000000,100.000000,0.000000,0.000000,2,4,4,0.0000,0.0000,0.0000,0.5000,"PursuitChaseOptimal",-0.020703
4794,B0100,aggressive,UNKNOWN,15625.392712,28140.703375,4259.296625,2078.473198,-29771.514137,19895.562346,504.870313,31179.787104,72.283993,4738.739039,31.864490,0.009725,False,False,False,False,True,True,False,1-circle,-1.000000,5485.252046,-20698.068584,0.330622,0.061173,100.000000,100.000000,0.000000,0.000000,2,4,4,0.0000,0.0000,0.0000,0.5000,"Accelerate",0.022309
4795,A0100,pursuit_chase_v1,UNKNOWN,15625.392712,28140.703375,4259.296625,2078.473198,-29771.514137,19895.562346,504.870313,31179.787104,72.283993,4738.739039,31.864490,0.009725,False,False,False,False,True,True,False,1-circle,-1.000000,5485.252046,-20698.068584,0.330622,0.061173,100.000000,100.000000,0.000000,0.000000,2,4,4,0.0000,0.0000,0.0000,0.5000,"PursuitChaseOptimal",-0.003859
4795,B0100,aggressive,UNKNOWN,15625.392712,28140.703375,4259.296625,2078.473198,-29771.514137,19895.562346,504.870313,31179.787104,72.283993,4738.739039,31.864490,0.009725,False,False,False,False,True,True,False,1-circle,-1.000000,5485.252046,-20698.068584,0.330622,0.061173,100.000000,100.000000,0.000000,0.000000,2,4,4,0.0000,0.0000,0.0000,0.5000,"Accelerate",0.005977
4796,A0100,pursuit_chase_v1,UNKNOWN,15619.875825,28151.717025,4248.282975,2075.742358,-29784.479476,19896.570992,504.911353,31182.630343,56.864777,4734.782822,31.848585,0.022136,False,False,False,False,True,True,False,1-circle,-1.000000,5485.789144,-20899.816256,-0.752591,0.201133,100.000000,100.000000,0.000000,0.000000,2,4,4,0.0000,0.0000,0.0000,0.5000,"PursuitChaseOptimal",0.003598
4796,B0100,aggressive,UNKNOWN,15619.875825,28151.717025,4248.282975,2075.742358,-29784.479476,19896.570992,504.911353,31182.630343,56.864777,4734.782822,31.848585,0.022136,False,False,False,False,True,True,False,1-circle,-1.000000,5485.789144,-20899.816256,-0.752591,0.201133,100.000000,100.000000,0.000000,0.000000,2,4,4,0.0000,0.0000,0.0000,0.5000,"Accelerate",-0.001067
4797,A0100,pursuit_chase_v1,UNKNOWN,15619.875825,28151.717025,4248.282975,2075.742358,-29784.479476,19896.570992,504.911353,31182.630343,56.864777,4734.782822,31.848585,0.022136,False,False,False,False,True,True,False,1-circle,-1.000000,5485.789144,-20899.816256,-0.752591,0.201133,100.000000,100.000000,0.000000,0.000000,2,4,4,0.0000,0.0000,0.0000,0.5000,"PursuitChaseOptimal",-0.011022
4797,B0100,aggressive,UNKNOWN,15619.875825,28151.717025,4248.282975,2075.742358,-29784.479476,19896.570992,504.911353,31182.630343,56.864777,4734.782822,31.848585,0.022136,False,False,False,False,True,True,False,1-circle,-1.000000,5485.789144,-20899.816256,-0.752591,0.201133,100.000000,100.000000,0.000000,0.000000,2,4,4,0.0000,0.0000,0.0000,0.5000,"Accelerate",0.013115
4798,A0100,pursuit_chase_v1,UNKNOWN,15614.384872,28159.269554,4240.730446,2076.289903,-29797.147363,19897.570097,504.979202,31186.662872,80.650585,4733.216462,31.786379,0.001346,False,False,False,False,True,True,False,1-circle,-1.000000,5486.371003,-20762.930149,0.045769,0.029612,100.000000,100.000000,0.000000,0.000000,2,4,4,0.0000,0.0000,0.0000,0.5000,"PursuitChaseOptimal",-0.010673
4798,B0100,aggressive,UNKNOWN,15614.384872,28159.269554,4240.730446,2076.289903,-29797.147363,19897.570097,504.979202,31186.662872,80.650585,4733.216462,31.786379,0.001346,False,False,False,False,True,True,False,1-circle,-1.000000,5486.371003,-20762.930149,0.045769,0.029612,100.000000,100.000000,0.000000,0.000000,2,4,4,0.0000,0.0000,0.0000,0.5000,"Accelerate",0.012920
4799,A0100,pursuit_chase_v1,UNKNOWN,15614.384872,28159.269554,4240.730446,2076.289903,-29797.147363,19897.570097,504.979202,31186.662872,80.650585,4733.216462,31.786379,0.001346,False,False,False,False,True,True,False,1-circle,-1.000000,5486.371003,-20762.930149,0.045769,0.029612,100.000000,100.000000,0.000000,0.000000,2,4,4,0.0000,0.0000,0.0000,0.5000,"PursuitChaseOptimal",0.012322
4799,B0100,aggressive,UNKNOWN,15614.384872,28159.269554,4240.730446,2076.289903,-29797.147363,19897.570097,504.979202,31186.662872,80.650585,4733.216462,31.786379,0.001346,False,False,False,False,True,True,False,1-circle,-1.000000,5486.371003,-20762.930149,0.045769,0.029612,100.000000,100.000000,0.000000,0.000000,2,4,4,0.0000,0.0000,0.0000,0.5000,"Accelerate",-0.009248
4800,A0100,pursuit_chase_v1,UNKNOWN,15608.904971,28166.324765,4233.675235,2074.836040,-29808.662130,19898.635404,505.010832,31189.142425,49.591045,4729.734191,31.688217,0.029716,False,False,False,False,True,True,False,1-circle,-1.000000,5486.953324,-20959.889752,-1.010452,0.088895,100.000000,100.000000,0.000000,0.000000,2,4,4,0.0000,0.0000,0.0000,0.5000,"PursuitChaseOptimal",0.016362
4800,B0100,aggressive,UNKNOWN,15608.904971,28166.324765,4233.675235,2074.836040,-29808.662130,19898.635404,505.010832,31189.142425,49.591045,4729.734191,31.688217,0.029716,False,False,False,False,True,True,False,1-circle,-1.000000,5486.953324,-20959.889752,-1.010452,0.088895,100.000000,100.000000,0.000000,0.000000,2,4,4,0.0000,0.0000,0.0000,0.5000,"Accelerate",-0.013079
4801,A0100,pursuit_chase_v1,UNKNOWN,15608.904971,28166.324765,4233.675235,2074.836040,-29808.662130,19898.635404,505.010832,31189.142425,49.591045,4729.734191,31.688217,0.029716,False,False,False,False,True,True,False,1-circle,-1.000000,5486.953324,-20959.889752,-1.010452,0.088895,100.000000,100.000000,0.000000,0.000000,2,4,4,0.0000,0.0000,0.0000,0.5000,"PursuitChaseOptimal",0.001944
4801,B0100,aggressive,UNKNOWN,15608.904971,28166.324765,4233.675235,2074.836040,-29808.662130,19898.635404,505.010832,31189.142425,49.591045,4729.734191,31.688217,0.029716,False,False,False,False,True,True,False,1-circle,-1.000000,5486.953324,-20959.889752,-1.010452,0.088895,100.000000,100.000000,0.000000,0.000000,2,4,4,0.0000,0.0000,0.0000,0.5000,"Accelerate",0.000938
4802,A0100,pursuit_chase_v1,UNKNOWN,15603.445093,28171.338871,4228.661129,2075.286352,-29821.283732,19899.653159,505.075373,31193.046241,78.076328,4727.971681,31.521482,0.006376,False,False,False,False,True,True,False,1-circle,-1.000000,5487.521434,-20823.893249,-0.216865,-0.088818,100.000000,100.000000,0.000000,0.000000,2,4,4,0.0000,0.0000,0.0000,0.5000,"PursuitChaseOptimal",-0.001941
4802,B0100,aggressive,UNKNOWN,15603.445093,28171.338871,4228.661129,2075.286352,-29821.283732,19899.653159,505.075373,31193.046241,78.076328,4727.971681,31.521482,0.006376,False,False,False,False,True,True,False,1-circle,-1.000000,5487.521434,-20823.893249,-0.216865,-0.088818,100.000000,100.000000,0.000000,0.000000,2,4,4,0.0000,0.0000,0.0000,0.5000,"Accelerate",0.004717
4803,A0100,pursuit_chase_v1,UNKNOWN,15603.445093,28171.338871,4228.661129,2075.286352,-29821.283732,19899.653159,505.075373,31193.046241,78.076328,4727.971681,31.521482,0.006376,False,False,False,False,True,True,False,1-circle,-1.000000,5487.521434,-20823.893249,-0.216865,-0.088818,100.000000,100.000000,0.000000,0.000000,2,4,4,0.0000,0.0000,0.0000,0.5000,"PursuitChaseOptimal",0.017071
4803,B0100,aggressive,UNKNOWN,15603.445093,28171.338871,4228.661129,2075.286352,-29821.283732,19899.653159,505.075373,31193.046241,78.076328,4727.971681,31.521482,0.006376,False,False,False,False,True,True,False,1-circle,-1.000000,5487.521434,-20823.893249,-0.216865,-0.088818,100.000000,100.000000,0.000000,0.000000,2,4,4,0.0000,0.0000,0.0000,0.5000,"Accelerate",-0.013674
4804,A0100,pursuit_chase_v1,UNKNOWN,15597.998519,28177.453740,4222.546260,2073.951231,-29832.641018,19900.713155,505.100456,31195.227977,43.634718,4726.137229,31.330391,0.037321,False,False,False,False,True,True,False,1-circle,-1.000000,5488.041438,-21020.149397,-1.269206,0.054433,100.000000,100.000000,0.000000,0.000000,2,4,4,0.0000,0.0000,0.0000,0.5000,"PursuitChaseOptimal",0.028256
4804,B0100,aggressive,UNKNOWN,15597.998519,28177.453740,4222.546260,2073.951231,-29832.641018,19900.713155,505.100456,31195.227977,43.634718,4726.137229,31.330391,0.037321,False,False,False,False,True,True,False,1-circle,-1.000000,5488.041438,-21020.149397,-1.269206,0.054433,100.000000,100.000000,0.000000,0.000000,2,4,4,0.0000,0.0000,0.0000,0.5000,"Accelerate",-0.024121
4805,A0100,pursuit_chase_v1,UNKNOWN,15597.998519,28177.453740,4222.546260,2073.951231,-29832.641018,19900.713155,505.100456,31195.227977,43.634718,4726.137229,31.330391,0.037321,False,False,False,False,True,True,False,1-circle,-1.000000,5488.041438,-21020.149397,-1.269206,0.054433,100.000000,100.000000,0.000000,0.000000,2,4,4,0.0000,0.0000,0.0000,0.5000,"PursuitChaseOptimal",0.016137
4805,B0100,aggressive,UNKNOWN,15597.998519,28177.453740,4222.546260,2073.951231,-29832.641018,19900.713155,505.100456,31195.227977,43.634718,4726.137229,31.330391,0.037321,False,False,False,False,True,True,False,1-circle,-1.000000,5488.041438,-21020.149397,-1.269206,0.054433,100.000000,100.000000,0.000000,0.000000,2,4,4,0.0000,0.0000,0.0000,0.5000,"Accelerate",-0.012214
4806,A0100,pursuit_chase_v1,UNKNOWN,15592.568174,28182.119674,4217.880326,2075.853988,-29845.054184,19901.720396,505.156982,31198.763301,70.706478,4718.505818,31.102070,0.013580,False,False,False,False,True,True,False,1-circle,-1.000000,5488.491375,-20881.647395,-0.461955,-0.085108,100.000000,100.000000,0.000000,0.000000,2,4,4,0.0000,0.0000,0.0000,0.5000,"PursuitChaseOptimal",-0.001721
4806,B0100,aggressive,UNKNOWN,15592.568174,28182.119674,4217.880326,2075.853988,-29845.054184,19901.720396,505.156982,31198.763301,70.706478,4718.505818,31.102070,0.013580,False,False,False,False,True,True,False,1-circle,-1.000000,5488.491375,-20881.647395,-0.461955,-0.085108,100.000000,100.000000,0.000000,0.000000,2,4,4,0.0000,0.0000,0.0000,0.5000,"Accelerate",0.004493
4807,A0100,pursuit_chase_v1,UNKNOWN,15592.568174,28182.119674,4217.880326,2075.853988,-29845.054184,19901.720396,505.156982,31198.763301,70.706478,4718.505818,31.102070,0.013580,False,False,False,False,True,True,False,1-circle,-1.000000,5488.491375,-20881.647395,-0.461955,-0.085108,100.000000,100.000000,0.000000,0.000000,2,4,4,0.0000,0.0000,0.0000,0.5000,"PursuitChaseOptimal",-0.014932
4807,B0100,aggressive,UNKNOWN,15592.568174,28182.119674,4217.880326,2075.853988,-29845.054184,19901.720396,505.156982,31198.763301,70.706478,4718.505818,31.102070,0.013580,False,False,False,False,True,True,False,1-circle,-1.000000,5488.491375,-20881.647395,-0.461955,-0.085108,100.000000,100.000000,0.000000,0.000000,2,4,4,0.0000,0.0000,0.0000,0.5000,"Accelerate",0.015961
4808,A0100,pursuit_chase_v1,UNKNOWN,15587.142724,28187.328018,4212.671982,2074.648116,-29856.288567,19902.765077,505.180352,31200.853286,41.799708,4723.738116,31.024610,0.044314,False,False,False,False,True,True,False,1-circle,-1.000000,5488.870004,-21076.574091,-1.507203,0.008429,100.000000,100.000000,0.000000,0.000000,2,4,4,0.0000,0.0000,0.0000,0.5000,"PursuitChaseOptimal",-0.010811
4808,B0100,aggressive,UNKNOWN,15587.142724,28187.328018,4212.671982,2074.648116,-29856.288567,19902.765077,505.180352,31200.853286,41.799708,4723.738116,31.024610,0.044314,False,False,False,False,True,True,False,1-circle,-1.000000,5488.870004,-21076.574091,-1.507203,0.008429,100.000000,100.000000,0.000000,0.000000,2,4,4,0.0000,0.0000,0.0000,0.5000,"Accelerate",0.012054
4809,A0100,pursuit_chase_v1,UNKNOWN,15587.142724,28187.328018,4212.671982,2074.648116,-29856.288567,19902.765077,505.180352,31200.853286,41.799708,4723.738116,31.024610,0.044314,False,False,False,False,True,True,False,1-circle,-1.000000,5488.870004,-21076.574091,-1.507203,0.008429,100.000000,100.000000,0.000000,0.000000,2,4,4,0.0000,0.0000,0.0000,0.5000,"PursuitChaseOptimal",0.001551
4809,B0100,aggressive,UNKNOWN,15587.142724,28187.328018,4212.671982,2074.648116,-29856.288567,19902.765077,505.180352,31200.853286,41.799708,4723.738116,31.024610,0.044314,False,False,False,False,True,True,False,1-circle,-1.000000,5488.870004,-21076.574091,-1.507203,0.008429,100.000000,100.000000,0.000000,0.000000,2,4,4,0.0000,0.0000,0.0000,0.5000,"Accelerate",0.001201
4810,A0100,pursuit_chase_v1,UNKNOWN,15581.771120,28191.046588,4208.953412,2073.475629,-29868.578534,19903.745138,505.240394,31204.519124,73.316754,4723.509975,31.027945,0.020371,False,False,False,False,True,True,False,1-circle,-1.000000,5489.398989,-20936.923328,-0.693070,-0.152563,100.000000,100.000000,0.000000,0.000000,2,4,4,0.0000,0.0000,0.0000,0.5000,"PursuitChaseOptimal",0.017767
4810,B0100,aggressive,UNKNOWN,15581.771120,28191.046588,4208.953412,2073.475629,-29868.578534,19903.745138,505.240394,31204.519124,73.316754,4723.509975,31.027945,0.020371,False,False,False,False,True,True,False,1-circle,-1.000000,5489.398989,-20936.923328,-0.693070,-0.152563,100.000000,100.000000,0.000000,0.000000,2,4,4,0.0000,0.0000,0.0000,0.5000,"Accelerate",-0.013652
4811,A0100,pursuit_chase_v1,UNKNOWN,15581.771120,28191.046588,4208.953412,2073.475629,-29868.578534,19903.745138,505.240394,31204.519124,73.316754,4723.509975,31.027945,0.020371,False,False,False,False,True,True,False,1-circle,-1.000000,5489.398989,-20936.923328,-0.693070,-0.152563,100.000000,100.000000,0.000000,0.000000,2,4,4,0.0000,0.0000,0.0000,0.5000,"PursuitChaseOptimal",0.011227
4811,B0100,aggressive,UNKNOWN,15581.771120,28191.046588,4208.953412,2073.475629,-29868.578534,19903.745138,505.240394,31204.519124,73.316754,4723.509975,31.027945,0.020371,False,False,False,False,True,True,False,1-circle,-1.000000,5489.398989,-20936.923328,-0.693070,-0.152563,100.000000,100.000000,0.000000,0.000000,2,4,4,0.0000,0.0000,0.0000,0.5000,"Accelerate",-0.008296
4812,A0100,pursuit_chase_v1,UNKNOWN,15576.384630,28196.220298,4203.779702,2076.465573,-29879.680513,19904.756291,505.262998,31206.541434,40.446205,4712.582688,30.933155,0.050979,False,False,False,False,True,True,False,1-circle,-1.000000,5489.856322,-21131.179604,-1.734052,-0.003275,100.000000,100.000000,0.000000,0.000000,2,4,4,0.0000,0.0000,0.0000,0.5000,"PursuitChaseOptimal",-0.000919
4812,B0100,aggressive,UNKNOWN,15576.384630,28196.220298,4203.779702,2076.465573,-29879.680513,19904.756291,505.262998,31206.541434,40.446205,4712.582688,30.933155,0.050979,False,False,False,False,True,True,False,1-circle,-1.000000,5489.856322,-21131.179604,-1.734052,-0.003275,100.000000,100.000000,0.000000,0.000000,2,4,4,0.0000,0.0000,0.0000,0.5000,"Accelerate",0.002724
4813,A0100,pursuit_chase_v1,UNKNOWN,15576.384630,28196.220298,4203.779702,2076.465573,-29879.680513,19904.756291,505.262998,31206.541434,40.446205,4712.582688,30.933155,0.050979,False,False,False,False,True,True,False,1-circle,-1.000000,5489.856322,-21131.179604,-1.734052,-0.003275,100.000000,100.000000,0.000000,0.000000,2,4,4,0.0000,0.0000,0.0000,0.5000,"PursuitChaseOptimal",-0.005847
4813,B0100,aggressive,UNKNOWN,15576.384630,28196.220298,4203.779702,2076.465573,-29879.680513,19904.756291,505.262998,31206.541434,40.446205,4712.582688,30.933155,0.050979,False,False,False,False,True,True,False,1-circle,-1.000000,5489.856322,-21131.179604,-1.734052,-0.003275,100.000000,100.000000,0.000000,0.000000,2,4,4,0.0000,0.0000,0.0000,0.5000,"Accelerate",0.007546
4814,A0100,pursuit_chase_v1,UNKNOWN,15571.035857,28194.870544,4205.129456,2070.972672,-29893.518372,19905.673349,505.417831,31214.386205,156.895419,4724.662904,30.831392,0.031780,False,False,False,False,True,True,False,1-circle,-1.000000,5490.385192,-20631.324753,1.081501,-0.136894,100.000000,100.000000,0.000000,0.000000,2,4,4,0.0000,0.0000,0.0000,0.5000,"PursuitChaseOptimal",0.010565
4814,B0100,aggressive,UNKNOWN,15571.035857,28194.870544,4205.129456,2070.972672,-29893.518372,19905.673349,505.417831,31214.386205,156.895419,4724.662904,30.831392,0.031780,False,False,False,False,True,True,False,1-circle,-1.000000,5490.385192,-20631.324753,1.081501,-0.136894,100.000000,100.000000,0.000000,0.000000,2,4,4,0.0000,0.0000,0.0000,0.5000,"Accelerate",-0.006998
4815,A0100,pursuit_chase_v1,UNKNOWN,15571.035857,28194.870544,4205.129456,2070.972672,-29893.518372,19905.673349,505.417831,31214.386205,156.895419,4724.662904,30.831392,0.031780,False,False,False,False,True,True,False,1-circle,-1.000000,5490.385192,-20631.324753,1.081501,-0.136894,100.000000,100.000000,0.000000,0.000000,2,4,4,0.0000,0.0000,0.0000,0.5000,"PursuitChaseOptimal",0.011291
4815,B0100,aggressive,UNKNOWN,15571.035857,28194.870544,4205.129456,2070.972672,-29893.518372,19905.673349,505.417831,31214.386205,156.895419,4724.662904,30.831392,0.031780,False,False,False,False,True,True,False,1-circle,-1.000000,5490.385192,-20631.324753,1.081501,-0.136894,100.000000,100.000000,0.000000,0.000000,2,4,4,0.0000,0.0000,0.0000,0.5000,"Accelerate",-0.007623
4816,A0100,pursuit_chase_v1,UNKNOWN,15565.703343,28205.980143,4194.019857,2077.801152,-29902.264084,19906.599073,505.391924,31214.152652,-4.671070,4712.215652,30.663054,0.026585,False,False,False,False,True,True,False,1-circle,-1.000000,5490.891511,-20995.794759,-0.904726,0.059052,100.000000,100.000000,0.000000,0.000000,2,4,4,0.0000,0.0000,0.0000,0.5000,"PursuitChaseOptimal",-0.010196
4816,B0100,aggressive,UNKNOWN,15565.703343,28205.980143,4194.019857,2077.801152,-29902.264084,19906.599073,505.391924,31214.152652,-4.671070,4712.215652,30.663054,0.026585,False,False,False,False,True,True,False,1-circle,-1.000000,5490.891511,-20995.794759,-0.904726,0.059052,100.000000,100.000000,0.000000,0.000000,2,4,4,0.0000,0.0000,0.0000,0.5000,"Accelerate",0.011745
4817,A0100,pursuit_chase_v1,UNKNOWN,15565.703343,28205.980143,4194.019857,2077.801152,-29902.264084,19906.599073,505.391924,31214.152652,-4.671070,4712.215652,30.663054,0.026585,False,False,False,False,True,True,False,1-circle,-1.000000,5490.891511,-20995.794759,-0.904726,0.059052,100.000000,100.000000,0.000000,0.000000,2,4,4,0.0000,0.0000,0.0000,0.5000,"PursuitChaseOptimal",-0.013278
4817,B0100,aggressive,UNKNOWN,15565.703343,28205.980143,4194.019857,2077.801152,-29902.264084,19906.599073,505.391924,31214.152652,-4.671070,4712.215652,30.663054,0.026585,False,False,False,False,True,True,False,1-circle,-1.000000,5490.891511,-20995.794759,-0.904726,0.059052,100.000000,100.000000,0.000000,0.000000,2,4,4,0.0000,0.0000,0.0000,0.5000,"Accelerate",0.014457
4818,A0100,pursuit_chase_v1,UNKNOWN,15560.392502,28213.192261,4186.807739,2068.961507,-29919.037177,19907.568621,505.513176,31220.548583,127.918635,4718.763549,30.542934,0.022069,False,False,False,False,True,True,False,1-circle,-1.000000,5491.369708,-20704.669142,0.751241,0.191914,100.000000,100.000000,0.000000,0.000000,2,4,4,0.0000,0.0000,0.0000,0.5000,"PursuitChaseOptimal",0.001864
4818,B0100,aggressive,UNKNOWN,15560.392502,28213.192261,4186.807739,2068.961507,-29919.037177,19907.568621,505.513176,31220.548583,127.918635,4718.763549,30.542934,0.022069,False,False,False,False,True,True,False,1-circle,-1.000000,5491.369708,-20704.669142,0.751241,0.191914,100.000000,100.000000,0.000000,0.000000,2,4,4,0.0000,0.0000,0.0000,0.5000,"Accelerate",0.001075
4819,A0100,pursuit_chase_v1,UNKNOWN,15560.392502,28213.192261,4186.807739,2068.961507,-29919.037177,19907.568621,505.513176,31220.548583,127.918635,4718.763549,30.542934,0.022069,False,False,False,False,True,True,False,1-circle,-1.000000,5491.369708,-20704.669142,0.751241,0.191914,100.000000,100.000000,0.000000,0.000000,2,4,4,0.0000,0.0000,0.0000,0.5000,"PursuitChaseOptimal",0.008038
4819,B0100,aggressive,UNKNOWN,15560.392502,28213.192261,4186.807739,2068.961507,-29919.037177,19907.568621,505.513176,31220.548583,127.918635,4718.763549,30.542934,0.022069,False,False,False,False,True,True,False,1-circle,-1.000000,5491.369708,-20704.669142,0.751241,0.191914,100.000000,100.000000,0.000000,0.000000,2,4,4,0.0000,0.0000,0.0000,0.5000,"Accelerate",-0.004656
4820,A0100,pursuit_chase_v1,UNKNOWN,15555.097393,28223.822313,4176.177687,2076.295582,-29927.196864,19908.573551,505.491407,31220.579180,0.611938,4706.848219,30.452119,0.035224,False,False,False,False,True,True,False,1-circle,-1.000000,5491.852283,-21062.666685,-1.198910,0.038254,100.000000,100.000000,0.000000,0.000000,2,4,4,0.0000,0.0000,0.0000,0.5000,"PursuitChaseOptimal",-0.007169
4820,B0100,aggressive,UNKNOWN,15555.097393,28223.822313,4176.177687,2076.295582,-29927.196864,19908.573551,505.491407,31220.579180,0.611938,4706.848219,30.452119,0.035224,False,False,False,False,True,True,False,1-circle,-1.000000,5491.852283,-21062.666685,-1.198910,0.038254,100.000000,100.000000,0.000000,0.000000,2,4,4,0.0000,0.0000,0.0000,0.5000,"Accelerate",0.008701
4821,A0100,pursuit_chase_v1,UNKNOWN,15555.097393,28223.822313,4176.177687,2076.295582,-29927.196864,19908.573551,505.491407,31220.579180,0.611938,4706.848219,30.452119,0.035224,False,False,False,False,True,True,False,1-circle,-1.000000,5491.852283,-21062.666685,-1.198910,0.038254,100.000000,100.000000,0.000000,0.000000,2,4,4,0.0000,0.0000,0.0000,0.5000,"PursuitChaseOptimal",-0.007081
4821,B0100,aggressive,UNKNOWN,15555.097393,28223.822313,4176.177687,2076.295582,-29927.196864,19908.573551,505.491407,31220.579180,0.611938,4706.848219,30.452119,0.035224,False,False,False,False,True,True,False,1-circle,-1.000000,5491.852283,-21062.666685,-1.198910,0.038254,100.000000,100.000000,0.000000,0.000000,2,4,4,0.0000,0.0000,0.0000,0.5000,"Accelerate",0.008525
4822,A0100,pursuit_chase_v1,UNKNOWN,15549.820256,28226.834524,4173.165476,2067.295008,-29944.001474,19909.590050,505.626815,31227.656866,141.553707,4714.292070,30.359206,0.012816,False,False,False,False,True,True,False,1-circle,-1.000000,5492.340715,-20775.308680,0.436390,-0.023232,100.000000,100.000000,0.000000,0.000000,2,4,4,0.0000,0.0000,0.0000,0.5000,"PursuitChaseOptimal",0.014803
4822,B0100,aggressive,UNKNOWN,15549.820256,28226.834524,4173.165476,2067.295008,-29944.001474,19909.590050,505.626815,31227.656866,141.553707,4714.292070,30.359206,0.012816,False,False,False,False,True,True,False,1-circle,-1.000000,5492.340715,-20775.308680,0.436390,-0.023232,100.000000,100.000000,0.000000,0.000000,2,4,4,0.0000,0.0000,0.0000,0.5000,"Accelerate",-0.011186
4823,A0100,pursuit_chase_v1,UNKNOWN,15549.820256,28226.834524,4173.165476,2067.295008,-29944.001474,19909.590050,505.626815,31227.656866,141.553707,4714.292070,30.359206,0.012816,False,False,False,False,True,True,False,1-circle,-1.000000,5492.340715,-20775.308680,0.436390,-0.023232,100.000000,100.000000,0.000000,0.000000,2,4,4,0.0000,0.0000,0.0000,0.5000,"PursuitChaseOptimal",0.026684
4823,B0100,aggressive,UNKNOWN,15549.820256,28226.834524,4173.165476,2067.295008,-29944.001474,19909.590050,505.626815,31227.656866,141.553707,4714.292070,30.359206,0.012816,False,False,False,False,True,True,False,1-circle,-1.000000,5492.340715,-20775.308680,0.436390,-0.023232,100.000000,100.000000,0.000000,0.000000,2,4,4,0.0000,0.0000,0.0000,0.5000,"Accelerate",-0.021978
4824,A0100,pursuit_chase_v1,UNKNOWN,15544.558802,28234.535453,4165.464547,2073.541535,-29951.868934,19910.594896,505.577173,31226.439452,-24.348264,4697.399582,30.205539,0.042453,False,False,False,False,True,True,False,1-circle,-1.000000,5492.812237,-21120.976006,-1.445096,-0.082963,100.000000,100.000000,0.000000,0.000000,2,4,4,0.0000,0.0000,0.0000,0.5000,"PursuitChaseOptimal",0.016126
4824,B0100,aggressive,UNKNOWN,15544.558802,28234.535453,4165.464547,2073.541535,-29951.868934,19910.594896,505.577173,31226.439452,-24.348264,4697.399582,30.205539,0.042453,False,False,False,False,True,True,False,1-circle,-1.000000,5492.812237,-21120.976006,-1.445096,-0.082963,100.000000,100.000000,0.000000,0.000000,2,4,4,0.0000,0.0000,0.0000,0.5000,"Accelerate",-0.012874
4825,A0100,pursuit_chase_v1,UNKNOWN,15544.558802,28234.535453,4165.464547,2073.541535,-29951.868934,19910.594896,505.577173,31226.439452,-24.348264,4697.399582,30.205539,0.042453,False,False,False,False,True,True,False,1-circle,-1.000000,5492.812237,-21120.976006,-1.445096,-0.082963,100.000000,100.000000,0.000000,0.000000,2,4,4,0.0000,0.0000,0.0000,0.5000,"PursuitChaseOptimal",-0.001484
4825,B0100,aggressive,UNKNOWN,15544.558802,28234.535453,4165.464547,2073.541535,-29951.868934,19910.594896,505.577173,31226.439452,-24.348264,4697.399582,30.205539,0.042453,False,False,False,False,True,True,False,1-circle,-1.000000,5492.812237,-21120.976006,-1.445096,-0.082963,100.000000,100.000000,0.000000,0.000000,2,4,4,0.0000,0.0000,0.0000,0.5000,"Accelerate",0.003328
4826,A0100,pursuit_chase_v1,UNKNOWN,15539.296226,28237.570555,4162.429445,2069.543131,-29968.583339,19911.598462,505.689150,31232.456127,120.333491,4702.937365,29.974120,0.004330,False,False,False,False,True,True,False,1-circle,-1.000000,5493.170342,-20841.265598,0.147453,0.019830,100.000000,100.000000,0.000000,0.000000,2,4,4,0.0000,0.0000,0.0000,0.5000,"PursuitChaseOptimal",-0.015109
4826,B0100,aggressive,UNKNOWN,15539.296226,28237.570555,4162.429445,2069.543131,-29968.583339,19911.598462,505.689150,31232.456127,120.333491,4702.937365,29.974120,0.004330,False,False,False,False,True,True,False,1-circle,-1.000000,5493.170342,-20841.265598,0.147453,0.019830,100.000000,100.000000,0.000000,0.000000,2,4,4,0.0000,0.0000,0.0000,0.5000,"Accelerate",0.016577
4827,A0100,pursuit_chase_v1,UNKNOWN,15539.296226,28237.570555,4162.429445,2069.543131,-29968.583339,19911.598462,505.689150,31232.456127,120.333491,4702.937365,29.974120,0.004330,False,False,False,False,True,True,False,1-circle,-1.000000,5493.170342,-20841.265598,0.147453,0.019830,100.000000,100.000000,0.000000,0.000000,2,4,4,0.0000,0.0000,0.0000,0.5000,"PursuitChaseOptimal",-0.010917
4827,B0100,aggressive,UNKNOWN,15539.296226,28237.570555,4162.429445,2069.543131,-29968.583339,19911.598462,505.689150,31232.456127,120.333491,4702.937365,29.974120,0.004330,False,False,False,False,True,True,False,1-circle,-1.000000,5493.170342,-20841.265598,0.147453,0.019830,100.000000,100.000000,0.000000,0.000000,2,4,4,0.0000,0.0000,0.0000,0.5000,"Accelerate",0.012831
4828,A0100,pursuit_chase_v1,UNKNOWN,15534.073522,28245.195337,4154.804663,2071.062671,-29976.137659,19912.594206,505.656919,31232.008809,-8.946351,4702.263654,29.977174,0.050597,False,False,False,False,True,True,False,1-circle,-1.000000,5493.586631,-21184.855088,-1.722475,-0.076870,100.000000,100.000000,0.000000,0.000000,2,4,4,0.0000,0.0000,0.0000,0.5000,"PursuitChaseOptimal",0.001183
4828,B0100,aggressive,UNKNOWN,15534.073522,28245.195337,4154.804663,2071.062671,-29976.137659,19912.594206,505.656919,31232.008809,-8.946351,4702.263654,29.977174,0.050597,False,False,False,False,True,True,False,1-circle,-1.000000,5493.586631,-21184.855088,-1.722475,-0.076870,100.000000,100.000000,0.000000,0.000000,2,4,4,0.0000,0.0000,0.0000,0.5000,"Accelerate",0.000835
4829,A0100,pursuit_chase_v1,UNKNOWN,15534.073522,28245.195337,4154.804663,2071.062671,-29976.137659,19912.594206,505.656919,31232.008809,-8.946351,4702.263654,29.977174,0.050597,False,False,False,False,True,True,False,1-circle,-1.000000,5493.586631,-21184.855088,-1.722475,-0.076870,100.000000,100.000000,0.000000,0.000000,2,4,4,0.0000,0.0000,0.0000,0.5000,"PursuitChaseOptimal",0.017358
4829,B0100,aggressive,UNKNOWN,15534.073522,28245.195337,4154.804663,2071.062671,-29976.137659,19912.594206,505.656919,31232.008809,-8.946351,4702.263654,29.977174,0.050597,False,False,False,False,True,True,False,1-circle,-1.000000,5493.586631,-21184.855088,-1.722475,-0.076870,100.000000,100.000000,0.000000,0.000000,2,4,4,0.0000,0.0000,0.0000,0.5000,"Accelerate",-0.014230
4830,A0100,pursuit_chase_v1,UNKNOWN,15528.870796,28246.741555,4153.258445,2068.594066,-29992.709848,19913.578241,505.776293,31238.337946,126.582738,4700.116657,29.882150,0.003538,False,False,False,False,True,True,False,1-circle,-1.000000,5494.051060,-20903.561041,-0.120519,-0.079129,100.000000,100.000000,0.000000,0.000000,2,4,4,0.0000,0.0000,0.0000,0.5000,"PursuitChaseOptimal",0.008207
4830,B0100,aggressive,UNKNOWN,15528.870796,28246.741555,4153.258445,2068.594066,-29992.709848,19913.578241,505.776293,31238.337946,126.582738,4700.116657,29.882150,0.003538,False,False,False,False,True,True,False,1-circle,-1.000000,5494.051060,-20903.561041,-0.120519,-0.079129,100.000000,100.000000,0.000000,0.000000,2,4,4,0.0000,0.0000,0.0000,0.5000,"Accelerate",-0.005110
4831,A0100,pursuit_chase_v1,UNKNOWN,15528.870796,28246.741555,4153.258445,2068.594066,-29992.709848,19913.578241,505.776293,31238.337946,126.582738,4700.116657,29.882150,0.003538,False,False,False,False,True,True,False,1-circle,-1.000000,5494.051060,-20903.561041,-0.120519,-0.079129,100.000000,100.000000,0.000000,0.000000,2,4,4,0.0000,0.0000,0.0000,0.5000,"PursuitChaseOptimal",-0.008422
4831,B0100,aggressive,UNKNOWN,15528.870796,28246.741555,4153.258445,2068.594066,-29992.709848,19913.578241,505.776293,31238.337946,126.582738,4700.116657,29.882150,0.003538,False,False,False,False,True,True,False,1-circle,-1.000000,5494.051060,-20903.561041,-0.120519,-0.079129,100.000000,100.000000,0.000000,0.000000,2,4,4,0.0000,0.0000,0.0000,0.5000,"Accelerate",0.010482
4832,A0100,pursuit_chase_v1,UNKNOWN,15523.671044,28253.411793,4146.588207,2073.547269,-30000.074429,19914.539349,505.730175,31237.233932,-22.080290,4693.731878,29.842244,0.058239,False,False,False,False,True,True,False,1-circle,-1.000000,5494.481024,-21245.823583,-1.982741,-0.135879,100.000000,100.000000,0.000000,0.000000,2,4,4,0.0000,0.0000,0.0000,0.5000,"PursuitChaseOptimal",-0.009627
4832,B0100,aggressive,UNKNOWN,15523.671044,28253.411793,4146.588207,2073.547269,-30000.074429,19914.539349,505.730175,31237.233932,-22.080290,4693.731878,29.842244,0.058239,False,False,False,False,True,True,False,1-circle,-1.000000,5494.481024,-21245.823583,-1.982741,-0.135879,100.000000,100.000000,0.000000,0.000000,2,4,4,0.0000,0.0000,0.0000,0.5000,"Accelerate",0.010869
4833,A0100,pursuit_chase_v1,UNKNOWN,15523.671044,28253.411793,4146.588207,2073.547269,-30000.074429,19914.539349,505.730175,31237.233932,-22.080290,4693.731878,29.842244,0.058239,False,False,False,False,True,True,False,1-circle,-1.000000,5494.481024,-21245.823583,-1.982741,-0.135879,100.000000,100.000000,0.000000,0.000000,2,4,4,0.0000,0.0000,0.0000,0.5000,"PursuitChaseOptimal",0.004945
4833,B0100,aggressive,UNKNOWN,15523.671044,28253.411793,4146.588207,2073.547269,-30000.074429,19914.539349,505.730175,31237.233932,-22.080290,4693.731878,29.842244,0.058239,False,False,False,False,True,True,False,1-circle,-1.000000,5494.481024,-21245.823583,-1.982741,-0.135879,100.000000,100.000000,0.000000,0.000000,2,4,4,0.0000,0.0000,0.0000,0.5000,"Accelerate",-0.002735
4834,A0100,pursuit_chase_v1,UNKNOWN,15518.498644,28255.342267,4144.657733,2067.865209,-30016.493148,19915.489563,505.841328,31243.161837,118.558098,4695.297451,29.812663,0.010850,False,False,False,False,True,True,False,1-circle,-1.000000,5494.973344,-20962.582918,-0.369608,-0.048029,100.000000,100.000000,0.000000,0.000000,2,4,4,0.0000,0.0000,0.0000,0.5000,"PursuitChaseOptimal",0.008467
4834,B0100,aggressive,UNKNOWN,15518.498644,28255.342267,4144.657733,2067.865209,-30016.493148,19915.489563,505.841328,31243.161837,118.558098,4695.297451,29.812663,0.010850,False,False,False,False,True,True,False,1-circle,-1.000000,5494.973344,-20962.582918,-0.369608,-0.048029,100.000000,100.000000,0.000000,0.000000,2,4,4,0.0000,0.0000,0.0000,0.5000,"Accelerate",-0.005356
4835,A0100,pursuit_chase_v1,UNKNOWN,15518.498644,28255.342267,4144.657733,2067.865209,-30016.493148,19915.489563,505.841328,31243.161837,118.558098,4695.297451,29.812663,0.010850,False,False,False,False,True,True,False,1-circle,-1.000000,5494.973344,-20962.582918,-0.369608,-0.048029,100.000000,100.000000,0.000000,0.000000,2,4,4,0.0000,0.0000,0.0000,0.5000,"PursuitChaseOptimal",-0.010759
4835,B0100,aggressive,UNKNOWN,15518.498644,28255.342267,4144.657733,2067.865209,-30016.493148,19915.489563,505.841328,31243.161837,118.558098,4695.297451,29.812663,0.010850,False,False,False,False,True,True,False,1-circle,-1.000000,5494.973344,-20962.582918,-0.369608,-0.048029,100.000000,100.000000,0.000000,0.000000,2,4,4,0.0000,0.0000,0.0000,0.5000,"Accelerate",0.012624
4836,A0100,pursuit_chase_v1,UNKNOWN,15513.331507,28262.199303,4137.800697,2074.052996,-30023.663801,19916.424122,505.805591,31242.495878,-13.319180,4687.501751,29.804604,0.065324,False,False,False,False,True,True,False,1-circle,-1.000000,5495.461588,-21303.536285,-2.224063,-0.132352,100.000000,100.000000,0.000000,0.000000,2,4,4,0.0000,0.0000,0.0000,0.5000,"PursuitChaseOptimal",-0.013426
4836,B0100,aggressive,UNKNOWN,15513.331507,28262.199303,4137.800697,2074.052996,-30023.663801,19916.424122,505.805591,31242.495878,-13.319180,4687.501751,29.804604,0.065324,False,False,False,False,True,True,False,1-circle,-1.000000,5495.461588,-21303.536285,-2.224063,-0.132352,100.000000,100.000000,0.000000,0.000000,2,4,4,0.0000,0.0000,0.0000,0.5000,"Accelerate",0.014328
4837,A0100,pursuit_chase_v1,UNKNOWN,15513.331507,28262.199303,4137.800697,2074.052996,-30023.663801,19916.424122,505.805591,31242.495878,-13.319180,4687.501751,29.804604,0.065324,False,False,False,False,True,True,False,1-circle,-1.000000,5495.461588,-21303.536285,-2.224063,-0.132352,100.000000,100.000000,0.000000,0.000000,2,4,4,0.0000,0.0000,0.0000,0.5000,"PursuitChaseOptimal",0.002369
4837,B0100,aggressive,UNKNOWN,15513.331507,28262.199303,4137.800697,2074.052996,-30023.663801,19916.424122,505.805591,31242.495878,-13.319180,4687.501751,29.804604,0.065324,False,False,False,False,True,True,False,1-circle,-1.000000,5495.461588,-21303.536285,-2.224063,-0.132352,100.000000,100.000000,0.000000,0.000000,2,4,4,0.0000,0.0000,0.0000,0.5000,"Accelerate",-0.000561
4838,A0100,pursuit_chase_v1,UNKNOWN,15508.191176,28260.010804,4139.989196,2069.923202,-30038.512303,19917.338536,505.958894,31250.276915,155.620753,4692.564027,29.857742,0.010591,False,False,False,False,True,True,False,1-circle,-1.000000,5496.040981,-20975.396490,-0.360868,-0.113758,100.000000,100.000000,0.000000,0.000000,2,4,4,0.0000,0.0000,0.0000,0.5000,"PursuitChaseOptimal",0.008181
4838,B0100,aggressive,UNKNOWN,15508.191176,28260.010804,4139.989196,2069.923202,-30038.512303,19917.338536,505.958894,31250.276915,155.620753,4692.564027,29.857742,0.010591,False,False,False,False,True,True,False,1-circle,-1.000000,5496.040981,-20975.396490,-0.360868,-0.113758,100.000000,100.000000,0.000000,0.000000,2,4,4,0.0000,0.0000,0.0000,0.5000,"Accelerate",-0.005683
4839,A0100,pursuit_chase_v1,UNKNOWN,15508.191176,28260.010804,4139.989196,2069.923202,-30038.512303,19917.338536,505.958894,31250.276915,155.620753,4692.564027,29.857742,0.010591,False,False,False,False,True,True,False,1-circle,-1.000000,5496.040981,-20975.396490,-0.360868,-0.113758,100.000000,100.000000,0.000000,0.000000,2,4,4,0.0000,0.0000,0.0000,0.5000,"PursuitChaseOptimal",-0.006835
4839,B0100,aggressive,UNKNOWN,15508.191176,28260.010804,4139.989196,2069.923202,-30038.512303,19917.338536,505.958894,31250.276915,155.620753,4692.564027,29.857742,0.010591,False,False,False,False,True,True,False,1-circle,-1.000000,5496.040981,-20975.396490,-0.360868,-0.113758,100.000000,100.000000,0.000000,0.000000,2,4,4,0.0000,0.0000,0.0000,0.5000,"Accelerate",0.008933
4840,A0100,pursuit_chase_v1,UNKNOWN,15503.075948,28265.303235,4134.696765,2072.028824,-30049.659169,19918.162606,505.973063,31251.735750,29.176695,4687.383836,29.816854,0.012846,False,False,False,False,True,True,False,1-circle,-1.000000,5496.696959,-20838.965279,0.437726,-0.162159,100.000000,100.000000,0.000000,0.000000,2,4,4,0.0000,0.0000,0.0000,0.5000,"PursuitChaseOptimal",-0.006275
4840,B0100,aggressive,UNKNOWN,15503.075948,28265.303235,4134.696765,2072.028824,-30049.659169,19918.162606,505.973063,31251.735750,29.176695,4687.383836,29.816854,0.012846,False,False,False,False,True,True,False,1-circle,-1.000000,5496.696959,-20838.965279,0.437726,-0.162159,100.000000,100.000000,0.000000,0.000000,2,4,4,0.0000,0.0000,0.0000,0.5000,"Accelerate",0.008447
4841,A0100,pursuit_chase_v1,UNKNOWN,15503.075948,28265.303235,4134.696765,2072.028824,-30049.659169,19918.162606,505.973063,31251.735750,29.176695,4687.383836,29.816854,0.012846,False,False,False,False,True,True,False,1-circle,-1.000000,5496.696959,-20838.965279,0.437726,-0.162159,100.000000,100.000000,0.000000,0.000000,2,4,4,0.0000,0.0000,0.0000,0.5000,"PursuitChaseOptimal",0.015031
4841,B0100,aggressive,UNKNOWN,15503.075948,28265.303235,4134.696765,2072.028824,-30049.659169,19918.162606,505.973063,31251.735750,29.176695,4687.383836,29.816854,0.012846,False,False,False,False,True,True,False,1-circle,-1.000000,5496.696959,-20838.965279,0.437726,-0.162159,100.000000,100.000000,0.000000,0.000000,2,4,4,0.0000,0.0000,0.0000,0.5000,"Accelerate",-0.011866
4842,A0100,pursuit_chase_v1,UNKNOWN,15497.973121,28275.397519,4124.602481,2068.805800,-30063.052887,19919.056388,506.039796,31255.619297,77.670932,4686.608107,29.528541,0.019047,False,False,False,False,True,True,False,1-circle,-1.000000,5497.312547,-21041.900539,-0.649098,0.157803,100.000000,100.000000,0.000000,0.000000,0,0,0,0.0000,0.0000,0.0000,0.5000,"PursuitChaseOptimal",0.015792
4842,B0100,aggressive,UNKNOWN,15497.973121,28275.397519,4124.602481,2068.805800,-30063.052887,19919.056388,506.039796,31255.619297,77.670932,4686.608107,29.528541,0.019047,False,False,False,False,True,True,False,1-circle,-1.000000,5497.312547,-21041.900539,-0.649098,0.157803,100.000000,100.000000,0.000000,0.000000,2,4,4,0.0000,0.0000,0.0000,0.5000,"Accelerate",-0.012687
4843,A0100,pursuit_chase_v1,UNKNOWN,15497.973121,28275.397519,4124.602481,2068.805800,-30063.052887,19919.056388,506.039796,31255.619297,77.670932,4686.608107,29.528541,0.019047,False,False,False,False,True,True,False,1-circle,-1.000000,5497.312547,-21041.900539,-0.649098,0.157803,100.000000,100.000000,0.000000,0.000000,0,0,0,0.0000,0.0000,0.0000,0.5000,"PursuitChaseOptimal",-0.000484
4843,B0100,aggressive,UNKNOWN,15497.973121,28275.397519,4124.602481,2068.805800,-30063.052887,19919.056388,506.039796,31255.619297,77.670932,4686.608107,29.528541,0.019047,False,False,False,False,True,True,False,1-circle,-1.000000,5497.312547,-21041.900539,-0.649098,0.157803,100.000000,100.000000,0.000000,0.000000,2,4,4,0.0000,0.0000,0.0000,0.5000,"Accelerate",0.003072
4844,A0100,pursuit_chase_v1,UNKNOWN,15492.895521,28282.590547,4117.409453,2070.798733,-30074.825512,19919.946960,506.095440,31259.003124,67.676546,4686.398297,29.269465,0.004083,False,False,False,False,True,True,False,1-circle,-1.000000,5497.853485,-20907.285091,0.139163,0.011235,100.000000,100.000000,0.000000,0.000000,0,0,0,0.0000,0.0000,0.0000,0.5000,"PursuitChaseOptimal",-0.013575
4844,B0100,aggressive,UNKNOWN,15492.895521,28282.590547,4117.409453,2070.798733,-30074.825512,19919.946960,506.095440,31259.003124,67.676546,4686.398297,29.269465,0.004083,False,False,False,False,True,True,False,1-circle,-1.000000,5497.853485,-20907.285091,0.139163,0.011235,100.000000,100.000000,0.000000,0.000000,2,4,4,0.0000,0.0000,0.0000,0.5000,"Accelerate",0.015197
4845,A0100,pursuit_chase_v1,UNKNOWN,15492.895521,28282.590547,4117.409453,2070.798733,-30074.825512,19919.946960,506.095440,31259.003124,67.676546,4686.398297,29.269465,0.004083,False,False,False,False,True,True,False,1-circle,-1.000000,5497.853485,-20907.285091,0.139163,0.011235,100.000000,100.000000,0.000000,0.000000,0,0,0,0.0000,0.0000,0.0000,0.5000,"PursuitChaseOptimal",-0.034457
4845,B0100,aggressive,UNKNOWN,15492.895521,28282.590547,4117.409453,2070.798733,-30074.825512,19919.946960,506.095440,31259.003124,67.676546,4686.398297,29.269465,0.004083,False,False,False,False,True,True,False,1-circle,-1.000000,5497.853485,-20907.285091,0.139163,0.011235,100.000000,100.000000,0.000000,0.000000,2,4,4,0.0000,0.0000,0.0000,0.5000,"Accelerate",0.033822
4846,A0100,pursuit_chase_v1,UNKNOWN,15487.877713,28290.092344,4109.907656,2066.033672,-30088.078450,19920.908866,506.125213,31261.299215,45.921811,4725.233686,28.771893,0.028450,False,False,False,False,True,True,False,1-circle,-1.000000,5498.375703,-21114.141361,-0.969654,0.016299,100.000000,100.000000,0.000000,0.000000,0,0,0,0.0000,0.0000,0.0000,0.5000,"PursuitChaseOptimal",-0.065355
4846,B0100,aggressive,UNKNOWN,15487.877713,28290.092344,4109.907656,2066.033672,-30088.078450,19920.908866,506.125213,31261.299215,45.921811,4725.233686,28.771893,0.028450,False,False,False,False,True,True,False,1-circle,-1.000000,5498.375703,-21114.141361,-0.969654,0.016299,100.000000,100.000000,0.000000,0.000000,2,4,4,0.0000,0.0000,0.0000,0.5000,"Accelerate",0.062544
4847,A0100,pursuit_chase_v1,UNKNOWN,15487.877713,28290.092344,4109.907656,2066.033672,-30088.078450,19920.908866,506.125213,31261.299215,45.921811,4725.233686,28.771893,0.028450,False,False,False,False,True,True,False,1-circle,-1.000000,5498.375703,-21114.141361,-0.969654,0.016299,100.000000,100.000000,0.000000,0.000000,0,0,0,0.0000,0.0000,0.0000,0.5000,"PursuitChaseOptimal",-0.106548
4847,B0100,aggressive,UNKNOWN,15487.877713,28290.092344,4109.907656,2066.033672,-30088.078450,19920.908866,506.125213,31261.299215,45.921811,4725.233686,28.771893,0.028450,False,False,False,False,True,True,False,1-circle,-1.000000,5498.375703,-21114.141361,-0.969654,0.016299,100.000000,100.000000,0.000000,0.000000,2,4,4,0.0000,0.0000,0.0000,0.5000,"Accelerate",0.101880
4848,A0100,pursuit_chase_v1,UNKNOWN,15483.069911,28294.085687,4105.914313,2051.369608,-30100.867335,19921.820524,506.184041,31264.847244,70.960596,4796.050524,28.622410,0.005286,False,False,False,False,True,True,False,1-circle,-1.000000,5499.301694,-20979.551927,-0.180198,-0.172261,100.000000,100.000000,0.000000,0.000000,0,0,0,0.0000,0.0000,0.0000,0.5000,"PursuitChaseOptimal",-0.139226
4848,B0100,aggressive,UNKNOWN,15483.069911,28294.085687,4105.914313,2051.369608,-30100.867335,19921.820524,506.184041,31264.847244,70.960596,4796.050524,28.622410,0.005286,False,False,False,False,True,True,False,1-circle,-1.000000,5499.301694,-20979.551927,-0.180198,-0.172261,100.000000,100.000000,0.000000,0.000000,2,4,4,0.0000,0.0000,0.0000,0.5000,"Accelerate",0.133405
4849,A0100,pursuit_chase_v1,UNKNOWN,15483.069911,28294.085687,4105.914313,2051.369608,-30100.867335,19921.820524,506.184041,31264.847244,70.960596,4796.050524,28.622410,0.005286,False,False,False,False,True,True,False,1-circle,-1.000000,5499.301694,-20979.551927,-0.180198,-0.172261,100.000000,100.000000,0.000000,0.000000,0,0,0,0.0000,0.0000,0.0000,0.5000,"PursuitChaseOptimal",-0.164607
4849,B0100,aggressive,UNKNOWN,15483.069911,28294.085687,4105.914313,2051.369608,-30100.867335,19921.820524,506.184041,31264.847244,70.960596,4796.050524,28.622410,0.005286,False,False,False,False,True,True,False,1-circle,-1.000000,5499.301694,-20979.551927,-0.180198,-0.172261,100.000000,100.000000,0.000000,0.000000,2,4,4,0.0000,0.0000,0.0000,0.5000,"Accelerate",0.157789
4850,A0100,pursuit_chase_v1,UNKNOWN,15478.485627,28299.368205,4100.631795,2013.578264,-30112.386050,19922.772157,506.200843,31266.551907,34.093257,4850.457871,29.495987,0.037025,False,False,False,False,True,True,False,1-circle,-1.000000,5501.022744,-21182.275269,-1.262005,-0.002558,100.000000,100.000000,0.000000,0.000000,2,4,4,0.0000,0.0000,0.0000,0.5000,"PursuitChaseOptimal",-0.176532
4850,B0100,aggressive,UNKNOWN,15478.485627,28299.368205,4100.631795,2013.578264,-30112.386050,19922.772157,506.200843,31266.551907,34.093257,4850.457871,29.495987,0.037025,False,False,False,False,True,True,False,1-circle,-1.000000,5501.022744,-21182.275269,-1.262005,-0.002558,100.000000,100.000000,0.000000,0.000000,2,4,4,0.0000,0.0000,0.0000,0.5000,"Accelerate",0.170486
4851,A0100,pursuit_chase_v1,UNKNOWN,15478.485627,28299.368205,4100.631795,2013.578264,-30112.386050,19922.772157,506.200843,31266.551907,34.093257,4850.457871,29.495987,0.037025,False,False,False,False,True,True,False,1-circle,-1.000000,5501.022744,-21182.275269,-1.262005,-0.002558,100.000000,100.000000,0.000000,0.000000,2,4,4,0.0000,0.0000,0.0000,0.5000,"PursuitChaseOptimal",-0.173704
4851,B0100,aggressive,UNKNOWN,15478.485627,28299.368205,4100.631795,2013.578264,-30112.386050,19922.772157,506.200843,31266.551907,34.093257,4850.457871,29.495987,0.037025,False,False,False,False,True,True,False,1-circle,-1.000000,5501.022744,-21182.275269,-1.262005,-0.002558,100.000000,100.000000,0.000000,0.000000,2,4,4,0.0000,0.0000,0.0000,0.5000,"Accelerate",0.169946
4852,A0100,pursuit_chase_v1,UNKNOWN,15474.129375,28302.250606,4097.749394,1947.814459,-30124.348549,19923.673378,506.248051,31269.569067,60.343198,4896.121914,30.759495,0.013827,False,False,False,False,True,True,False,1-circle,-1.000000,5503.964893,-21048.657974,-0.471407,-0.131084,100.000000,100.000000,0.000000,0.000000,2,4,4,0.0000,0.0000,0.0000,0.5000,"PursuitChaseOptimal",-0.151059
4852,B0100,aggressive,UNKNOWN,15474.129375,28302.250606,4097.749394,1947.814459,-30124.348549,19923.673378,506.248051,31269.569067,60.343198,4896.121914,30.759495,0.013827,False,False,False,False,True,True,False,1-circle,-1.000000,5503.964893,-21048.657974,-0.471407,-0.131084,100.000000,100.000000,0.000000,0.000000,2,4,4,0.0000,0.0000,0.0000,0.5000,"Accelerate",0.149414
4853,A0100,pursuit_chase_v1,UNKNOWN,15474.129375,28302.250606,4097.749394,1947.814459,-30124.348549,19923.673378,506.248051,31269.569067,60.343198,4896.121914,30.759495,0.013827,False,False,False,False,True,True,False,1-circle,-1.000000,5503.964893,-21048.657974,-0.471407,-0.131084,100.000000,100.000000,0.000000,0.000000,2,4,4,0.0000,0.0000,0.0000,0.5000,"PursuitChaseOptimal",-0.118327
4853,B0100,aggressive,UNKNOWN,15474.129375,28302.250606,4097.749394,1947.814459,-30124.348549,19923.673378,506.248051,31269.569067,60.343198,4896.121914,30.759495,0.013827,False,False,False,False,True,True,False,1-circle,-1.000000,5503.964893,-21048.657974,-0.471407,-0.131084,100.000000,100.000000,0.000000,0.000000,2,4,4,0.0000,0.0000,0.0000,0.5000,"Accelerate",0.117453
4854,A0100,pursuit_chase_v1,UNKNOWN,15469.963046,28304.739283,4095.260717,1889.552229,-30134.607415,19924.613863,506.266083,31271.317816,34.974979,4934.184511,31.599065,0.045299,False,False,False,False,True,True,False,1-circle,-1.000000,5507.991041,-21250.999758,-1.544122,-0.056004,100.000000,100.000000,0.000000,0.000000,2,4,4,0.0000,0.0000,0.0000,0.5000,"PursuitChaseOptimal",-0.081292
4854,B0100,aggressive,UNKNOWN,15469.963046,28304.739283,4095.260717,1889.552229,-30134.607415,19924.613863,506.266083,31271.317816,34.974979,4934.184511,31.599065,0.045299,False,False,False,False,True,True,False,1-circle,-1.000000,5507.991041,-21250.999758,-1.544122,-0.056004,100.000000,100.000000,0.000000,0.000000,2,4,4,0.0000,0.0000,0.0000,0.5000,"Accelerate",0.081277
4855,A0100,pursuit_chase_v1,UNKNOWN,15469.963046,28304.739283,4095.260717,1889.552229,-30134.607415,19924.613863,506.266083,31271.317816,34.974979,4934.184511,31.599065,0.045299,False,False,False,False,True,True,False,1-circle,-1.000000,5507.991041,-21250.999758,-1.544122,-0.056004,100.000000,100.000000,0.000000,0.000000,2,4,4,0.0000,0.0000,0.0000,0.5000,"PursuitChaseOptimal",-0.041962
4855,B0100,aggressive,UNKNOWN,15469.963046,28304.739283,4095.260717,1889.552229,-30134.607415,19924.613863,506.266083,31271.317816,34.974979,4934.184511,31.599065,0.045299,False,False,False,False,True,True,False,1-circle,-1.000000,5507.991041,-21250.999758,-1.544122,-0.056004,100.000000,100.000000,0.000000,0.000000,2,4,4,0.0000,0.0000,0.0000,0.5000,"Accelerate",0.043010
4856,A0100,pursuit_chase_v1,UNKNOWN,15465.954114,28304.969962,4095.030038,1862.684100,-30145.412157,19925.488781,506.319894,31274.604976,65.743191,4947.867186,32.050301,0.021796,False,False,False,False,True,True,False,1-circle,-1.000000,5512.782873,-21116.474029,-0.743196,-0.220871,100.000000,100.000000,0.000000,0.000000,2,4,4,0.0000,0.0000,0.0000,0.5000,"PursuitChaseOptimal",-0.005793
4856,B0100,aggressive,UNKNOWN,15465.954114,28304.969962,4095.030038,1862.684100,-30145.412157,19925.488781,506.319894,31274.604976,65.743191,4947.867186,32.050301,0.021796,False,False,False,False,True,True,False,1-circle,-1.000000,5512.782873,-21116.474029,-0.743196,-0.220871,100.000000,100.000000,0.000000,0.000000,2,4,4,0.0000,0.0000,0.0000,0.5000,"Accelerate",0.007195
4857,A0100,pursuit_chase_v1,UNKNOWN,15465.954114,28304.969962,4095.030038,1862.684100,-30145.412157,19925.488781,506.319894,31274.604976,65.743191,4947.867186,32.050301,0.021796,False,False,False,False,True,True,False,1-circle,-1.000000,5512.782873,-21116.474029,-0.743196,-0.220871,100.000000,100.000000,0.000000,0.000000,2,4,4,0.0000,0.0000,0.0000,0.5000,"PursuitChaseOptimal",0.020401
4857,B0100,aggressive,UNKNOWN,15465.954114,28304.969962,4095.030038,1862.684100,-30145.412157,19925.488781,506.319894,31274.604976,65.743191,4947.867186,32.050301,0.021796,False,False,False,False,True,True,False,1-circle,-1.000000,5512.782873,-21116.474029,-0.743196,-0.220871,100.000000,100.000000,0.000000,0.000000,2,4,4,0.0000,0.0000,0.0000,0.5000,"Accelerate",-0.019612
4858,A0100,pursuit_chase_v1,UNKNOWN,15461.966933,28306.844755,4093.155245,1859.936765,-30154.947182,19926.394514,506.335305,31276.201586,31.932207,4948.880697,31.879474,0.053031,False,False,False,False,True,True,False,1-circle,-1.000000,5517.701639,-21317.816848,-1.807806,-0.060327,100.000000,100.000000,0.000000,0.000000,2,4,4,0.0000,0.0000,0.0000,0.5000,"PursuitChaseOptimal",0.037578
4858,B0100,aggressive,UNKNOWN,15461.966933,28306.844755,4093.155245,1859.936765,-30154.947182,19926.394514,506.335305,31276.201586,31.932207,4948.880697,31.879474,0.053031,False,False,False,False,True,True,False,1-circle,-1.000000,5517.701639,-21317.816848,-1.807806,-0.060327,100.000000,100.000000,0.000000,0.000000,2,4,4,0.0000,0.0000,0.0000,0.5000,"Accelerate",-0.036890
4859,A0100,pursuit_chase_v1,UNKNOWN,15461.966933,28306.844755,4093.155245,1859.936765,-30154.947182,19926.394514,506.335305,31276.201586,31.932207,4948.880697,31.879474,0.053031,False,False,False,False,True,True,False,1-circle,-1.000000,5517.701639,-21317.816848,-1.807806,-0.060327,100.000000,100.000000,0.000000,0.000000,2,4,4,0.0000,0.0000,0.0000,0.5000,"PursuitChaseOptimal",0.042617
4859,B0100,aggressive,UNKNOWN,15461.966933,28306.844755,4093.155245,1859.936765,-30154.947182,19926.394514,506.335305,31276.201586,31.932207,4948.880697,31.879474,0.053031,False,False,False,False,True,True,False,1-circle,-1.000000,5517.701639,-21317.816848,-1.807806,-0.060327,100.000000,100.000000,0.000000,0.000000,2,4,4,0.0000,0.0000,0.0000,0.5000,"Accelerate",-0.041472
4860,A0100,pursuit_chase_v1,UNKNOWN,15457.977119,28301.886514,4098.113486,1860.555139,-30167.187976,19927.207547,506.482243,31283.602976,148.027798,4940.832381,31.614102,0.029542,False,False,False,False,True,True,False,1-circle,-1.000000,5522.477354,-20820.691398,1.007567,-0.189692,100.000000,100.000000,0.000000,0.000000,2,4,4,0.0000,0.0000,0.0000,0.5000,"PursuitChaseOptimal",0.033136
4860,B0100,aggressive,UNKNOWN,15457.977119,28301.886514,4098.113486,1860.555139,-30167.187976,19927.207547,506.482243,31283.602976,148.027798,4940.832381,31.614102,0.029542,False,False,False,False,True,True,False,1-circle,-1.000000,5522.477354,-20820.691398,1.007567,-0.189692,100.000000,100.000000,0.000000,0.000000,2,4,4,0.0000,0.0000,0.0000,0.5000,"Accelerate",-0.031267
4861,A0100,pursuit_chase_v1,UNKNOWN,15457.977119,28301.886514,4098.113486,1860.555139,-30167.187976,19927.207547,506.482243,31283.602976,148.027798,4940.832381,31.614102,0.029542,False,False,False,False,True,True,False,1-circle,-1.000000,5522.477354,-20820.691398,1.007567,-0.189692,100.000000,100.000000,0.000000,0.000000,2,4,4,0.0000,0.0000,0.0000,0.5000,"PursuitChaseOptimal",0.026242
4861,B0100,aggressive,UNKNOWN,15457.977119,28301.886514,4098.113486,1860.555139,-30167.187976,19927.207547,506.482243,31283.602976,148.027798,4940.832381,31.614102,0.029542,False,False,False,False,True,True,False,1-circle,-1.000000,5522.477354,-20820.691398,1.007567,-0.189692,100.000000,100.000000,0.000000,0.000000,2,4,4,0.0000,0.0000,0.0000,0.5000,"Accelerate",-0.024314
4862,A0100,pursuit_chase_v1,UNKNOWN,15453.904571,28310.403154,4089.596846,1862.430288,-30174.321517,19928.031664,506.448284,31282.904253,-13.974454,4910.881403,31.507680,0.029765,False,False,False,False,True,True,False,1-circle,-1.000000,5526.938864,-21194.251744,-1.015140,0.004016,100.000000,100.000000,0.000000,0.000000,2,4,4,0.0000,0.0000,0.0000,0.5000,"PursuitChaseOptimal",0.021756
4862,B0100,aggressive,UNKNOWN,15453.904571,28310.403154,4089.596846,1862.430288,-30174.321517,19928.031664,506.448284,31282.904253,-13.974454,4910.881403,31.507680,0.029765,False,False,False,False,True,True,False,1-circle,-1.000000,5526.938864,-21194.251744,-1.015140,0.004016,100.000000,100.000000,0.000000,0.000000,2,4,4,0.0000,0.0000,0.0000,0.5000,"Accelerate",-0.020358
4863,A0100,pursuit_chase_v1,UNKNOWN,15453.904571,28310.403154,4089.596846,1862.430288,-30174.321517,19928.031664,506.448284,31282.904253,-13.974454,4910.881403,31.507680,0.029765,False,False,False,False,True,True,False,1-circle,-1.000000,5526.938864,-21194.251744,-1.015140,0.004016,100.000000,100.000000,0.000000,0.000000,2,4,4,0.0000,0.0000,0.0000,0.5000,"PursuitChaseOptimal",0.029742
4863,B0100,aggressive,UNKNOWN,15453.904571,28310.403154,4089.596846,1862.430288,-30174.321517,19928.031664,506.448284,31282.904253,-13.974454,4910.881403,31.507680,0.029765,False,False,False,False,True,True,False,1-circle,-1.000000,5526.938864,-21194.251744,-1.015140,0.004016,100.000000,100.000000,0.000000,0.000000,2,4,4,0.0000,0.0000,0.0000,0.5000,"Accelerate",-0.028267
4864,A0100,pursuit_chase_v1,UNKNOWN,15449.791472,28313.813441,4086.186559,1856.731664,-30188.476174,19928.901688,506.562547,31288.898558,119.886089,4912.713568,31.045879,0.018406,False,False,False,False,True,True,False,1-circle,-1.000000,5531.141032,-20907.826183,0.627912,0.136272,100.000000,100.000000,0.000000,0.000000,2,4,4,0.0000,0.0000,0.0000,0.5000,"PursuitChaseOptimal",0.039850
4864,B0100,aggressive,UNKNOWN,15449.791472,28313.813441,4086.186559,1856.731664,-30188.476174,19928.901688,506.562547,31288.898558,119.886089,4912.713568,31.045879,0.018406,False,False,False,False,True,True,False,1-circle,-1.000000,5531.141032,-20907.826183,0.627912,0.136272,100.000000,100.000000,0.000000,0.000000,2,4,4,0.0000,0.0000,0.0000,0.5000,"Accelerate",-0.037570
4865,A0100,pursuit_chase_v1,UNKNOWN,15449.791472,28313.813441,4086.186559,1856.731664,-30188.476174,19928.901688,506.562547,31288.898558,119.886089,4912.713568,31.045879,0.018406,False,False,False,False,True,True,False,1-circle,-1.000000,5531.141032,-20907.826183,0.627912,0.136272,100.000000,100.000000,0.000000,0.000000,2,4,4,0.0000,0.0000,0.0000,0.5000,"PursuitChaseOptimal",0.054417
4865,B0100,aggressive,UNKNOWN,15449.791472,28313.813441,4086.186559,1856.731664,-30188.476174,19928.901688,506.562547,31288.898558,119.886089,4912.713568,31.045879,0.018406,False,False,False,False,True,True,False,1-circle,-1.000000,5531.141032,-20907.826183,0.627912,0.136272,100.000000,100.000000,0.000000,0.000000,2,4,4,0.0000,0.0000,0.0000,0.5000,"Accelerate",-0.051680
4866,A0100,pursuit_chase_v1,UNKNOWN,15445.671978,28322.807692,4077.192308,1853.885896,-30196.450363,19929.808806,506.532695,31288.466825,-8.634645,4910.398122,30.222753,0.039991,False,False,False,False,True,True,False,1-circle,-1.000000,5535.015275,-21275.486910,-1.364028,-0.017590,100.000000,100.000000,0.000000,0.000000,2,4,4,0.0000,0.0000,0.0000,0.5000,"PursuitChaseOptimal",0.065197
4866,B0100,aggressive,UNKNOWN,15445.671978,28322.807692,4077.192308,1853.885896,-30196.450363,19929.808806,506.532695,31288.466825,-8.634645,4910.398122,30.222753,0.039991,False,False,False,False,True,True,False,1-circle,-1.000000,5535.015275,-21275.486910,-1.364028,-0.017590,100.000000,100.000000,0.000000,0.000000,2,4,4,0.0000,0.0000,0.0000,0.5000,"Accelerate",-0.062737
4867,A0100,pursuit_chase_v1,UNKNOWN,15445.671978,28322.807692,4077.192308,1853.885896,-30196.450363,19929.808806,506.532695,31288.466825,-8.634645,4910.398122,30.222753,0.039991,False,False,False,False,True,True,False,1-circle,-1.000000,5535.015275,-21275.486910,-1.364028,-0.017590,100.000000,100.000000,0.000000,0.000000,2,4,4,0.0000,0.0000,0.0000,0.5000,"PursuitChaseOptimal",0.052489
4867,B0100,aggressive,UNKNOWN,15445.671978,28322.807692,4077.192308,1853.885896,-30196.450363,19929.808806,506.532695,31288.466825,-8.634645,4910.398122,30.222753,0.039991,False,False,False,False,True,True,False,1-circle,-1.000000,5535.015275,-21275.486910,-1.364028,-0.017590,100.000000,100.000000,0.000000,0.000000,2,4,4,0.0000,0.0000,0.0000,0.5000,"Accelerate",-0.050209
4868,A0100,pursuit_chase_v1,UNKNOWN,15441.580138,28322.801520,4077.198480,1844.770348,-30211.757913,19930.728891,506.660752,31295.130802,133.279528,4940.872112,28.922675,0.008680,False,False,False,False,True,True,False,1-circle,-1.000000,5538.414340,-20985.425765,0.296185,-0.076617,100.000000,100.000000,0.000000,0.000000,2,4,4,0.0000,0.0000,0.0000,0.5000,"PursuitChaseOptimal",0.046314
4868,B0100,aggressive,UNKNOWN,15441.580138,28322.801520,4077.198480,1844.770348,-30211.757913,19930.728891,506.660752,31295.130802,133.279528,4940.872112,28.922675,0.008680,False,False,False,False,True,True,False,1-circle,-1.000000,5538.414340,-20985.425765,0.296185,-0.076617,100.000000,100.000000,0.000000,0.000000,2,4,4,0.0000,0.0000,0.0000,0.5000,"Accelerate",-0.044261
4869,A0100,pursuit_chase_v1,UNKNOWN,15441.580138,28322.801520,4077.198480,1844.770348,-30211.757913,19930.728891,506.660752,31295.130802,133.279528,4940.872112,28.922675,0.008680,False,False,False,False,True,True,False,1-circle,-1.000000,5538.414340,-20985.425765,0.296185,-0.076617,100.000000,100.000000,0.000000,0.000000,2,4,4,0.0000,0.0000,0.0000,0.5000,"PursuitChaseOptimal",0.037805
4869,B0100,aggressive,UNKNOWN,15441.580138,28322.801520,4077.198480,1844.770348,-30211.757913,19930.728891,506.660752,31295.130802,133.279528,4940.872112,28.922675,0.008680,False,False,False,False,True,True,False,1-circle,-1.000000,5538.414340,-20985.425765,0.296185,-0.076617,100.000000,100.000000,0.000000,0.000000,2,4,4,0.0000,0.0000,0.0000,0.5000,"Accelerate",-0.036442
4870,A0100,pursuit_chase_v1,UNKNOWN,15437.560768,28328.669061,4071.330939,1846.355615,-30218.375122,19931.638875,506.603361,31293.466398,-33.288079,4953.493739,27.996138,0.050649,False,False,False,False,True,True,False,1-circle,-1.000000,5541.428989,-21358.208583,-1.727613,-0.136103,100.000000,100.000000,0.000000,0.000000,2,4,4,0.0000,0.0000,0.0000,0.5000,"PursuitChaseOptimal",0.020348
4870,B0100,aggressive,UNKNOWN,15437.560768,28328.669061,4071.330939,1846.355615,-30218.375122,19931.638875,506.603361,31293.466398,-33.288079,4953.493739,27.996138,0.050649,False,False,False,False,True,True,False,1-circle,-1.000000,5541.428989,-21358.208583,-1.727613,-0.136103,100.000000,100.000000,0.000000,0.000000,2,4,4,0.0000,0.0000,0.0000,0.5000,"Accelerate",-0.020145
4871,A0100,pursuit_chase_v1,UNKNOWN,15437.560768,28328.669061,4071.330939,1846.355615,-30218.375122,19931.638875,506.603361,31293.466398,-33.288079,4953.493739,27.996138,0.050649,False,False,False,False,True,True,False,1-circle,-1.000000,5541.428989,-21358.208583,-1.727613,-0.136103,100.000000,100.000000,0.000000,0.000000,2,4,4,0.0000,0.0000,0.0000,0.5000,"PursuitChaseOptimal",0.005096
4871,B0100,aggressive,UNKNOWN,15437.560768,28328.669061,4071.330939,1846.355615,-30218.375122,19931.638875,506.603361,31293.466398,-33.288079,4953.493739,27.996138,0.050649,False,False,False,False,True,True,False,1-circle,-1.000000,5541.428989,-21358.208583,-1.727613,-0.136103,100.000000,100.000000,0.000000,0.000000,2,4,4,0.0000,0.0000,0.0000,0.5000,"Accelerate",-0.005457
4872,A0100,pursuit_chase_v1,UNKNOWN,15433.580971,28329.038982,4070.961018,1847.686592,-30233.790322,19932.549010,506.708304,31299.084217,112.356377,4971.893519,27.525469,0.003219,False,False,False,False,True,True,False,1-circle,-1.000000,5544.213506,-21075.367811,-0.109865,-0.033984,100.000000,100.000000,0.000000,0.000000,2,4,4,0.0000,0.0000,0.0000,0.5000,"PursuitChaseOptimal",-0.007382
4872,B0100,aggressive,UNKNOWN,15433.580971,28329.038982,4070.961018,1847.686592,-30233.790322,19932.549010,506.708304,31299.084217,112.356377,4971.893519,27.525469,0.003219,False,False,False,False,True,True,False,1-circle,-1.000000,5544.213506,-21075.367811,-0.109865,-0.033984,100.000000,100.000000,0.000000,0.000000,2,4,4,0.0000,0.0000,0.0000,0.5000,"Accelerate",0.007244
4873,A0100,pursuit_chase_v1,UNKNOWN,15433.580971,28329.038982,4070.961018,1847.686592,-30233.790322,19932.549010,506.708304,31299.084217,112.356377,4971.893519,27.525469,0.003219,False,False,False,False,True,True,False,1-circle,-1.000000,5544.213506,-21075.367811,-0.109865,-0.033984,100.000000,100.000000,0.000000,0.000000,2,4,4,0.0000,0.0000,0.0000,0.5000,"PursuitChaseOptimal",-0.005132
4873,B0100,aggressive,UNKNOWN,15433.580971,28329.038982,4070.961018,1847.686592,-30233.790322,19932.549010,506.708304,31299.084217,112.356377,4971.893519,27.525469,0.003219,False,False,False,False,True,True,False,1-circle,-1.000000,5544.213506,-21075.367811,-0.109865,-0.033984,100.000000,100.000000,0.000000,0.000000,2,4,4,0.0000,0.0000,0.0000,0.5000,"Accelerate",0.005200
4874,A0100,pursuit_chase_v1,UNKNOWN,15429.643825,28334.880965,4065.119035,1853.800803,-30240.053788,19933.452480,506.668046,31298.181614,-18.052048,4973.238729,27.439975,0.059941,False,False,False,False,True,True,False,1-circle,-1.000000,5546.990710,-21431.992248,-2.044585,-0.130254,100.000000,100.000000,0.000000,0.000000,2,4,4,0.0000,0.0000,0.0000,0.5000,"PursuitChaseOptimal",0.009270
4874,B0100,aggressive,UNKNOWN,15429.643825,28334.880965,4065.119035,1853.800803,-30240.053788,19933.452480,506.668046,31298.181614,-18.052048,4973.238729,27.439975,0.059941,False,False,False,False,True,True,False,1-circle,-1.000000,5546.990710,-21431.992248,-2.044585,-0.130254,100.000000,100.000000,0.000000,0.000000,2,4,4,0.0000,0.0000,0.0000,0.5000,"Accelerate",-0.009487
4875,A0100,pursuit_chase_v1,UNKNOWN,15429.643825,28334.880965,4065.119035,1853.800803,-30240.053788,19933.452480,506.668046,31298.181614,-18.052048,4973.238729,27.439975,0.059941,False,False,False,False,True,True,False,1-circle,-1.000000,5546.990710,-21431.992248,-2.044585,-0.130254,100.000000,100.000000,0.000000,0.000000,2,4,4,0.0000,0.0000,0.0000,0.5000,"PursuitChaseOptimal",0.020505
4875,B0100,aggressive,UNKNOWN,15429.643825,28334.880965,4065.119035,1853.800803,-30240.053788,19933.452480,506.668046,31298.181614,-18.052048,4973.238729,27.439975,0.059941,False,False,False,False,True,True,False,1-circle,-1.000000,5546.990710,-21431.992248,-2.044585,-0.130254,100.000000,100.000000,0.000000,0.000000,2,4,4,0.0000,0.0000,0.0000,0.5000,"Accelerate",-0.020562
4876,A0100,pursuit_chase_v1,UNKNOWN,15425.718903,28330.459907,4069.540093,1854.329612,-30253.898361,19934.339955,506.818420,31305.815971,152.687130,4974.091214,27.327179,0.006563,False,False,False,False,True,True,False,1-circle,-1.000000,5549.745745,-21112.677391,-0.224009,-0.129140,100.000000,100.000000,0.000000,0.000000,2,4,4,0.0000,0.0000,0.0000,0.5000,"PursuitChaseOptimal",0.024553
4876,B0100,aggressive,UNKNOWN,15425.718903,28330.459907,4069.540093,1854.329612,-30253.898361,19934.339955,506.818420,31305.815971,152.687130,4974.091214,27.327179,0.006563,False,False,False,False,True,True,False,1-circle,-1.000000,5549.745745,-21112.677391,-0.224009,-0.129140,100.000000,100.000000,0.000000,0.000000,2,4,4,0.0000,0.0000,0.0000,0.5000,"Accelerate",-0.024154
4877,A0100,pursuit_chase_v1,UNKNOWN,15425.718903,28330.459907,4069.540093,1854.329612,-30253.898361,19934.339955,506.818420,31305.815971,152.687130,4974.091214,27.327179,0.006563,False,False,False,False,True,True,False,1-circle,-1.000000,5549.745745,-21112.677391,-0.224009,-0.129140,100.000000,100.000000,0.000000,0.000000,2,4,4,0.0000,0.0000,0.0000,0.5000,"PursuitChaseOptimal",0.010868
4877,B0100,aggressive,UNKNOWN,15425.718903,28330.459907,4069.540093,1854.329612,-30253.898361,19934.339955,506.818420,31305.815971,152.687130,4974.091214,27.327179,0.006563,False,False,False,False,True,True,False,1-circle,-1.000000,5549.745745,-21112.677391,-0.224009,-0.129140,100.000000,100.000000,0.000000,0.000000,2,4,4,0.0000,0.0000,0.0000,0.5000,"Accelerate",-0.010250
4878,A0100,pursuit_chase_v1,UNKNOWN,15421.791056,28333.790190,4066.209810,1857.012981,-30263.949746,19935.136330,506.829193,31307.095774,25.596065,4966.255872,27.124745,0.015179,False,False,False,False,True,True,False,1-circle,-1.000000,5552.424160,-20987.458071,0.518126,-0.175237,100.000000,100.000000,0.000000,0.000000,2,4,4,0.0000,0.0000,0.0000,0.5000,"PursuitChaseOptimal",-0.004479
4878,B0100,aggressive,UNKNOWN,15421.791056,28333.790190,4066.209810,1857.012981,-30263.949746,19935.136330,506.829193,31307.095774,25.596065,4966.255872,27.124745,0.015179,False,False,False,False,True,True,False,1-circle,-1.000000,5552.424160,-20987.458071,0.518126,-0.175237,100.000000,100.000000,0.000000,0.000000,2,4,4,0.0000,0.0000,0.0000,0.5000,"Accelerate",0.004581
4879,A0100,pursuit_chase_v1,UNKNOWN,15421.791056,28333.790190,4066.209810,1857.012981,-30263.949746,19935.136330,506.829193,31307.095774,25.596065,4966.255872,27.124745,0.015179,False,False,False,False,True,True,False,1-circle,-1.000000,5552.424160,-20987.458071,0.518126,-0.175237,100.000000,100.000000,0.000000,0.000000,2,4,4,0.0000,0.0000,0.0000,0.5000,"PursuitChaseOptimal",-0.012682
4879,B0100,aggressive,UNKNOWN,15421.791056,28333.790190,4066.209810,1857.012981,-30263.949746,19935.136330,506.829193,31307.095774,25.596065,4966.255872,27.124745,0.015179,False,False,False,False,True,True,False,1-circle,-1.000000,5552.424160,-20987.458071,0.518126,-0.175237,100.000000,100.000000,0.000000,0.000000,2,4,4,0.0000,0.0000,0.0000,0.5000,"Accelerate",0.011972
4880,A0100,pursuit_chase_v1,UNKNOWN,15417.872092,28342.009568,4057.990432,1857.045866,-30276.305773,19936.001599,506.893341,31310.839882,74.882160,4976.349162,26.867440,0.018214,False,False,False,False,True,True,False,1-circle,-1.000000,5554.994401,-21200.956788,-0.621780,0.144926,100.000000,100.000000,0.000000,0.000000,2,4,4,0.0000,0.0000,0.0000,0.5000,"PursuitChaseOptimal",-0.004948
4880,B0100,aggressive,UNKNOWN,15417.872092,28342.009568,4057.990432,1857.045866,-30276.305773,19936.001599,506.893341,31310.839882,74.882160,4976.349162,26.867440,0.018214,False,False,False,False,True,True,False,1-circle,-1.000000,5554.994401,-21200.956788,-0.621780,0.144926,100.000000,100.000000,0.000000,0.000000,2,4,4,0.0000,0.0000,0.0000,0.5000,"Accelerate",0.004439
4881,A0100,pursuit_chase_v1,UNKNOWN,15417.872092,28342.009568,4057.990432,1857.045866,-30276.305773,19936.001599,506.893341,31310.839882,74.882160,4976.349162,26.867440,0.018214,False,False,False,False,True,True,False,1-circle,-1.000000,5554.994401,-21200.956788,-0.621780,0.144926,100.000000,100.000000,0.000000,0.000000,2,4,4,0.0000,0.0000,0.0000,0.5000,"PursuitChaseOptimal",0.009916
4881,B0100,aggressive,UNKNOWN,15417.872092,28342.009568,4057.990432,1857.045866,-30276.305773,19936.001599,506.893341,31310.839882,74.882160,4976.349162,26.867440,0.018214,False,False,False,False,True,True,False,1-circle,-1.000000,5554.994401,-21200.956788,-0.621780,0.144926,100.000000,100.000000,0.000000,0.000000,2,4,4,0.0000,0.0000,0.0000,0.5000,"Accelerate",-0.009341
4882,A0100,pursuit_chase_v1,UNKNOWN,15413.998147,28347.295653,4052.704347,1859.779697,-30287.030964,19936.862568,506.946314,31314.078405,64.770467,4977.909989,26.670658,0.001147,False,False,False,False,True,True,False,1-circle,-1.000000,5557.601859,-21090.346005,0.039154,-0.003502,100.000000,100.000000,0.000000,0.000000,0,0,0,0.0000,0.0000,0.0000,0.5000,"PursuitChaseOptimal",0.015560
4882,B0100,aggressive,UNKNOWN,15413.998147,28347.295653,4052.704347,1859.779697,-30287.030964,19936.862568,506.946314,31314.078405,64.770467,4977.909989,26.670658,0.001147,False,False,False,False,True,True,False,1-circle,-1.000000,5557.601859,-21090.346005,0.039154,-0.003502,100.000000,100.000000,0.000000,0.000000,2,4,4,0.0000,0.0000,0.0000,0.5000,"Accelerate",-0.014750
4883,A0100,pursuit_chase_v1,UNKNOWN,15413.998147,28347.295653,4052.704347,1859.779697,-30287.030964,19936.862568,506.946314,31314.078405,64.770467,4977.909989,26.670658,0.001147,False,False,False,False,True,True,False,1-circle,-1.000000,5557.601859,-21090.346005,0.039154,-0.003502,100.000000,100.000000,0.000000,0.000000,0,0,0,0.0000,0.0000,0.0000,0.5000,"PursuitChaseOptimal",0.019754
4883,B0100,aggressive,UNKNOWN,15413.998147,28347.295653,4052.704347,1859.779697,-30287.030964,19936.862568,506.946314,31314.078405,64.770467,4977.909989,26.670658,0.001147,False,False,False,False,True,True,False,1-circle,-1.000000,5557.601859,-21090.346005,0.039154,-0.003502,100.000000,100.000000,0.000000,0.000000,2,4,4,0.0000,0.0000,0.0000,0.5000,"Accelerate",-0.019507
4884,A0100,pursuit_chase_v1,UNKNOWN,15410.117493,28352.884735,4047.115265,1860.492729,-30299.296650,19937.794105,506.973004,31316.207992,42.591733,4982.313630,26.211365,0.029867,False,False,False,False,True,True,False,1-circle,-1.000000,5560.037725,-21289.211158,-1.019695,0.002538,100.000000,100.000000,0.000000,0.000000,0,0,0,0.0000,0.0000,0.0000,0.5000,"PursuitChaseOptimal",0.026921
4884,B0100,aggressive,UNKNOWN,15410.117493,28352.884735,4047.115265,1860.492729,-30299.296650,19937.794105,506.973004,31316.207992,42.591733,4982.313630,26.211365,0.029867,False,False,False,False,True,True,False,1-circle,-1.000000,5560.037725,-21289.211158,-1.019695,0.002538,100.000000,100.000000,0.000000,0.000000,2,4,4,0.0000,0.0000,0.0000,0.5000,"Accelerate",-0.026444
4885,A0100,pursuit_chase_v1,UNKNOWN,15410.117493,28352.884735,4047.115265,1860.492729,-30299.296650,19937.794105,506.973004,31316.207992,42.591733,4982.313630,26.211365,0.029867,False,False,False,False,True,True,False,1-circle,-1.000000,5560.037725,-21289.211158,-1.019695,0.002538,100.000000,100.000000,0.000000,0.000000,0,0,0,0.0000,0.0000,0.0000,0.5000,"PursuitChaseOptimal",0.033066
4885,B0100,aggressive,UNKNOWN,15410.117493,28352.884735,4047.115265,1860.492729,-30299.296650,19937.794105,506.973004,31316.207992,42.591733,4982.313630,26.211365,0.029867,False,False,False,False,True,True,False,1-circle,-1.000000,5560.037725,-21289.211158,-1.019695,0.002538,100.000000,100.000000,0.000000,0.000000,2,4,4,0.0000,0.0000,0.0000,0.5000,"Accelerate",-0.031652
4886,A0100,pursuit_chase_v1,UNKNOWN,15406.342039,28354.625417,4045.374583,1857.690406,-30309.981111,19938.674181,507.029119,31319.607071,67.981583,5030.091689,24.958571,0.008923,False,False,False,False,True,True,False,1-circle,-1.000000,5562.331514,-21168.671781,-0.304720,-0.186572,100.000000,100.000000,0.000000,0.000000,0,0,0,0.0000,0.0000,0.0000,0.5000,"PursuitChaseOptimal",0.033274
4886,B0100,aggressive,UNKNOWN,15406.342039,28354.625417,4045.374583,1857.690406,-30309.981111,19938.674181,507.029119,31319.607071,67.981583,5030.091689,24.958571,0.008923,False,False,False,False,True,True,False,1-circle,-1.000000,5562.331514,-21168.671781,-0.304720,-0.186572,100.000000,100.000000,0.000000,0.000000,2,4,4,0.0000,0.0000,0.0000,0.5000,"Accelerate",-0.031721
4887,A0100,pursuit_chase_v1,UNKNOWN,15406.342039,28354.625417,4045.374583,1857.690406,-30309.981111,19938.674181,507.029119,31319.607071,67.981583,5030.091689,24.958571,0.008923,False,False,False,False,True,True,False,1-circle,-1.000000,5562.331514,-21168.671781,-0.304720,-0.186572,100.000000,100.000000,0.000000,0.000000,0,0,0,0.0000,0.0000,0.0000,0.5000,"PursuitChaseOptimal",0.023101
4887,B0100,aggressive,UNKNOWN,15406.342039,28354.625417,4045.374583,1857.690406,-30309.981111,19938.674181,507.029119,31319.607071,67.981583,5030.091689,24.958571,0.008923,False,False,False,False,True,True,False,1-circle,-1.000000,5562.331514,-21168.671781,-0.304720,-0.186572,100.000000,100.000000,0.000000,0.000000,2,4,4,0.0000,0.0000,0.0000,0.5000,"Accelerate",-0.022588
4888,A0100,pursuit_chase_v1,UNKNOWN,15402.724918,28359.631327,4040.368673,1849.461380,-30322.121439,19939.593645,507.043045,31321.151683,30.892242,5098.229317,23.312827,0.043575,False,False,False,False,True,True,False,1-circle,-1.000000,5564.331444,-21389.533740,-1.487760,-0.017669,100.000000,100.000000,0.000000,0.000000,0,0,0,0.0000,0.0000,0.0000,0.5000,"PursuitChaseOptimal",0.012134
4888,B0100,aggressive,UNKNOWN,15402.724918,28359.631327,4040.368673,1849.461380,-30322.121439,19939.593645,507.043045,31321.151683,30.892242,5098.229317,23.312827,0.043575,False,False,False,False,True,True,False,1-circle,-1.000000,5564.331444,-21389.533740,-1.487760,-0.017669,100.000000,100.000000,0.000000,0.000000,2,4,4,0.0000,0.0000,0.0000,0.5000,"Accelerate",-0.012155
4889,A0100,pursuit_chase_v1,UNKNOWN,15402.724918,28359.631327,4040.368673,1849.461380,-30322.121439,19939.593645,507.043045,31321.151683,30.892242,5098.229317,23.312827,0.043575,False,False,False,False,True,True,False,1-circle,-1.000000,5564.331444,-21389.533740,-1.487760,-0.017669,100.000000,100.000000,0.000000,0.000000,0,0,0,0.0000,0.0000,0.0000,0.5000,"PursuitChaseOptimal",-0.026333
4889,B0100,aggressive,UNKNOWN,15402.724918,28359.631327,4040.368673,1849.461380,-30322.121439,19939.593645,507.043045,31321.151683,30.892242,5098.229317,23.312827,0.043575,False,False,False,False,True,True,False,1-circle,-1.000000,5564.331444,-21389.533740,-1.487760,-0.017669,100.000000,100.000000,0.000000,0.000000,2,4,4,0.0000,0.0000,0.0000,0.5000,"Accelerate",0.025268
4890,A0100,pursuit_chase_v1,UNKNOWN,15399.348356,28362.217139,4037.782861,1832.850676,-30333.534428,19940.461415,507.087774,31324.027625,57.518837,5165.167026,22.201351,0.021837,False,False,False,False,True,True,False,1-circle,-1.000000,5566.246265,-21263.749423,-0.745770,-0.148371,100.000000,100.000000,0.000000,0.000000,0,0,0,0.0000,0.0000,0.0000,0.5000,"PursuitChaseOptimal",-0.073277
4890,B0100,aggressive,UNKNOWN,15399.348356,28362.217139,4037.782861,1832.850676,-30333.534428,19940.461415,507.087774,31324.027625,57.518837,5165.167026,22.201351,0.021837,False,False,False,False,True,True,False,1-circle,-1.000000,5566.246265,-21263.749423,-0.745770,-0.148371,100.000000,100.000000,0.000000,0.000000,2,4,4,0.0000,0.0000,0.0000,0.5000,"Accelerate",0.070497
4891,A0100,pursuit_chase_v1,UNKNOWN,15399.348356,28362.217139,4037.782861,1832.850676,-30333.534428,19940.461415,507.087774,31324.027625,57.518837,5165.167026,22.201351,0.021837,False,False,False,False,True,True,False,1-circle,-1.000000,5566.246265,-21263.749423,-0.745770,-0.148371,100.000000,100.000000,0.000000,0.000000,0,0,0,0.0000,0.0000,0.0000,0.5000,"PursuitChaseOptimal",-0.117271
4891,B0100,aggressive,UNKNOWN,15399.348356,28362.217139,4037.782861,1832.850676,-30333.534428,19940.461415,507.087774,31324.027625,57.518837,5165.167026,22.201351,0.021837,False,False,False,False,True,True,False,1-circle,-1.000000,5566.246265,-21263.749423,-0.745770,-0.148371,100.000000,100.000000,0.000000,0.000000,2,4,4,0.0000,0.0000,0.0000,0.5000,"Accelerate",0.112555
4892,A0100,pursuit_chase_v1,UNKNOWN,15396.134063,28365.123232,4034.876768,1781.234285,-30343.719565,19941.367475,507.102845,31325.610347,31.654439,5204.725203,22.616784,0.055231,False,False,False,False,True,True,False,1-circle,-1.000000,5568.453159,-21476.811636,-1.885693,-0.071230,100.000000,100.000000,0.000000,0.000000,2,4,4,0.0000,0.0000,0.0000,0.5000,"PursuitChaseOptimal",-0.135268
4892,B0100,aggressive,UNKNOWN,15396.134063,28365.123232,4034.876768,1781.234285,-30343.719565,19941.367475,507.102845,31325.610347,31.654439,5204.725203,22.616784,0.055231,False,False,False,False,True,True,False,1-circle,-1.000000,5568.453159,-21476.811636,-1.885693,-0.071230,100.000000,100.000000,0.000000,0.000000,2,4,4,0.0000,0.0000,0.0000,0.5000,"Accelerate",0.130642
4893,A0100,pursuit_chase_v1,UNKNOWN,15396.134063,28365.123232,4034.876768,1781.234285,-30343.719565,19941.367475,507.102845,31325.610347,31.654439,5204.725203,22.616784,0.055231,False,False,False,False,True,True,False,1-circle,-1.000000,5568.453159,-21476.811636,-1.885693,-0.071230,100.000000,100.000000,0.000000,0.000000,2,4,4,0.0000,0.0000,0.0000,0.5000,"PursuitChaseOptimal",-0.139340
4893,B0100,aggressive,UNKNOWN,15396.134063,28365.123232,4034.876768,1781.234285,-30343.719565,19941.367475,507.102845,31325.610347,31.654439,5204.725203,22.616784,0.055231,False,False,False,False,True,True,False,1-circle,-1.000000,5568.453159,-21476.811636,-1.885693,-0.071230,100.000000,100.000000,0.000000,0.000000,2,4,4,0.0000,0.0000,0.0000,0.5000,"Accelerate",0.135996
4894,A0100,pursuit_chase_v1,UNKNOWN,15393.130454,28359.682655,4040.317345,1685.955105,-30355.889131,19942.172987,507.254870,31333.242679,152.646633,5255.226854,23.429165,0.025966,False,False,False,False,True,True,False,1-circle,-1.000000,5571.599389,-20986.000350,0.887050,-0.233826,100.000000,100.000000,0.000000,0.000000,2,4,4,0.0000,0.0000,0.0000,0.5000,"PursuitChaseOptimal",-0.126901
4894,B0100,aggressive,UNKNOWN,15393.130454,28359.682655,4040.317345,1685.955105,-30355.889131,19942.172987,507.254870,31333.242679,152.646633,5255.226854,23.429165,0.025966,False,False,False,False,True,True,False,1-circle,-1.000000,5571.599389,-20986.000350,0.887050,-0.233826,100.000000,100.000000,0.000000,0.000000,2,4,4,0.0000,0.0000,0.0000,0.5000,"Accelerate",0.125500
4895,A0100,pursuit_chase_v1,UNKNOWN,15393.130454,28359.682655,4040.317345,1685.955105,-30355.889131,19942.172987,507.254870,31333.242679,152.646633,5255.226854,23.429165,0.025966,False,False,False,False,True,True,False,1-circle,-1.000000,5571.599389,-20986.000350,0.887050,-0.233826,100.000000,100.000000,0.000000,0.000000,2,4,4,0.0000,0.0000,0.0000,0.5000,"PursuitChaseOptimal",-0.100448
4895,B0100,aggressive,UNKNOWN,15393.130454,28359.682655,4040.317345,1685.955105,-30355.889131,19942.172987,507.254870,31333.242679,152.646633,5255.226854,23.429165,0.025966,False,False,False,False,True,True,False,1-circle,-1.000000,5571.599389,-20986.000350,0.887050,-0.233826,100.000000,100.000000,0.000000,0.000000,2,4,4,0.0000,0.0000,0.0000,0.5000,"Accelerate",0.100126
4896,A0100,pursuit_chase_v1,UNKNOWN,15390.335404,28367.343316,4032.656684,1600.881567,-30361.916481,19942.981010,507.223525,31332.642968,-11.994217,5295.011170,23.713166,0.035562,False,False,False,False,True,True,False,1-circle,-1.000000,5575.617929,-21372.888958,-1.214723,-0.013976,100.000000,100.000000,0.000000,0.000000,2,4,4,0.0000,0.0000,0.0000,0.5000,"PursuitChaseOptimal",-0.068156
4896,B0100,aggressive,UNKNOWN,15390.335404,28367.343316,4032.656684,1600.881567,-30361.916481,19942.981010,507.223525,31332.642968,-11.994217,5295.011170,23.713166,0.035562,False,False,False,False,True,True,False,1-circle,-1.000000,5575.617929,-21372.888958,-1.214723,-0.013976,100.000000,100.000000,0.000000,0.000000,2,4,4,0.0000,0.0000,0.0000,0.5000,"Accelerate",0.067883
4897,A0100,pursuit_chase_v1,UNKNOWN,15390.335404,28367.343316,4032.656684,1600.881567,-30361.916481,19942.981010,507.223525,31332.642968,-11.994217,5295.011170,23.713166,0.035562,False,False,False,False,True,True,False,1-circle,-1.000000,5575.617929,-21372.888958,-1.214723,-0.013976,100.000000,100.000000,0.000000,0.000000,2,4,4,0.0000,0.0000,0.0000,0.5000,"PursuitChaseOptimal",-0.030723
4897,B0100,aggressive,UNKNOWN,15390.335404,28367.343316,4032.656684,1600.881567,-30361.916481,19942.981010,507.223525,31332.642968,-11.994217,5295.011170,23.713166,0.035562,False,False,False,False,True,True,False,1-circle,-1.000000,5575.617929,-21372.888958,-1.214723,-0.013976,100.000000,100.000000,0.000000,0.000000,2,4,4,0.0000,0.0000,0.0000,0.5000,"Accelerate",0.030528
4898,A0100,pursuit_chase_v1,UNKNOWN,15387.696375,28369.033280,4030.966720,1554.309551,-30374.358124,19943.829281,507.335979,31338.542068,117.981996,5309.305119,23.867744,0.011346,False,False,False,False,True,True,False,1-circle,-1.000000,5580.141287,-21093.135082,0.387696,0.119073,100.000000,100.000000,0.000000,0.000000,2,4,4,0.0000,0.0000,0.0000,0.5000,"PursuitChaseOptimal",0.007954
4898,B0100,aggressive,UNKNOWN,15387.696375,28369.033280,4030.966720,1554.309551,-30374.358124,19943.829281,507.335979,31338.542068,117.981996,5309.305119,23.867744,0.011346,False,False,False,False,True,True,False,1-circle,-1.000000,5580.141287,-21093.135082,0.387696,0.119073,100.000000,100.000000,0.000000,0.000000,2,4,4,0.0000,0.0000,0.0000,0.5000,"Accelerate",-0.007645
4899,A0100,pursuit_chase_v1,UNKNOWN,15387.696375,28369.033280,4030.966720,1554.309551,-30374.358124,19943.829281,507.335979,31338.542068,117.981996,5309.305119,23.867744,0.011346,False,False,False,False,True,True,False,1-circle,-1.000000,5580.141287,-21093.135082,0.387696,0.119073,100.000000,100.000000,0.000000,0.000000,2,4,4,0.0000,0.0000,0.0000,0.5000,"PursuitChaseOptimal",0.041847
4899,B0100,aggressive,UNKNOWN,15387.696375,28369.033280,4030.966720,1554.309551,-30374.358124,19943.829281,507.335979,31338.542068,117.981996,5309.305119,23.867744,0.011346,False,False,False,False,True,True,False,1-circle,-1.000000,5580.141287,-21093.135082,0.387696,0.119073,100.000000,100.000000,0.000000,0.000000,2,4,4,0.0000,0.0000,0.0000,0.5000,"Accelerate",-0.041523
4900,A0100,pursuit_chase_v1,UNKNOWN,15385.068640,28376.524105,4023.475895,1549.532305,-30380.267554,19944.711172,507.304266,31337.999455,-10.852255,5299.196165,23.498119,0.048814,False,False,False,False,True,True,False,1-circle,-1.000000,5584.671105,-21471.683558,-1.667414,-0.033473,100.000000,100.000000,0.000000,0.000000,2,4,4,0.0000,0.0000,0.0000,0.5000,"PursuitChaseOptimal",0.064052
4900,B0100,aggressive,UNKNOWN,15385.068640,28376.524105,4023.475895,1549.532305,-30380.267554,19944.711172,507.304266,31337.999455,-10.852255,5299.196165,23.498119,0.048814,False,False,False,False,True,True,False,1-circle,-1.000000,5584.671105,-21471.683558,-1.667414,-0.033473,100.000000,100.000000,0.000000,0.000000,2,4,4,0.0000,0.0000,0.0000,0.5000,"Accelerate",-0.064272
4901,A0100,pursuit_chase_v1,UNKNOWN,15385.068640,28376.524105,4023.475895,1549.532305,-30380.267554,19944.711172,507.304266,31337.999455,-10.852255,5299.196165,23.498119,0.048814,False,False,False,False,True,True,False,1-circle,-1.000000,5584.671105,-21471.683558,-1.667414,-0.033473,100.000000,100.000000,0.000000,0.000000,2,4,4,0.0000,0.0000,0.0000,0.5000,"PursuitChaseOptimal",0.069366
4901,B0100,aggressive,UNKNOWN,15385.068640,28376.524105,4023.475895,1549.532305,-30380.267554,19944.711172,507.304266,31337.999455,-10.852255,5299.196165,23.498119,0.048814,False,False,False,False,True,True,False,1-circle,-1.000000,5584.671105,-21471.683558,-1.667414,-0.033473,100.000000,100.000000,0.000000,0.000000,2,4,4,0.0000,0.0000,0.0000,0.5000,"Accelerate",-0.069368
4902,A0100,pursuit_chase_v1,UNKNOWN,15382.409435,28374.523616,4025.476384,1551.048399,-30393.642670,19945.603347,507.431191,31344.593451,131.879919,5301.863422,22.640915,0.001157,False,False,False,False,True,True,False,1-circle,-1.000000,5588.774487,-21187.031865,-0.039539,-0.089939,100.000000,100.000000,0.000000,0.000000,2,4,4,0.0000,0.0000,0.0000,0.5000,"PursuitChaseOptimal",0.057585
4902,B0100,aggressive,UNKNOWN,15382.409435,28374.523616,4025.476384,1551.048399,-30393.642670,19945.603347,507.431191,31344.593451,131.879919,5301.863422,22.640915,0.001157,False,False,False,False,True,True,False,1-circle,-1.000000,5588.774487,-21187.031865,-0.039539,-0.089939,100.000000,100.000000,0.000000,0.000000,2,4,4,0.0000,0.0000,0.0000,0.5000,"Accelerate",-0.056806
4903,A0100,pursuit_chase_v1,UNKNOWN,15382.409435,28374.523616,4025.476384,1551.048399,-30393.642670,19945.603347,507.431191,31344.593451,131.879919,5301.863422,22.640915,0.001157,False,False,False,False,True,True,False,1-circle,-1.000000,5588.774487,-21187.031865,-0.039539,-0.089939,100.000000,100.000000,0.000000,0.000000,2,4,4,0.0000,0.0000,0.0000,0.5000,"PursuitChaseOptimal",0.044887
4903,B0100,aggressive,UNKNOWN,15382.409435,28374.523616,4025.476384,1551.048399,-30393.642670,19945.603347,507.431191,31344.593451,131.879919,5301.863422,22.640915,0.001157,False,False,False,False,True,True,False,1-circle,-1.000000,5588.774487,-21187.031865,-0.039539,-0.089939,100.000000,100.000000,0.000000,0.000000,2,4,4,0.0000,0.0000,0.0000,0.5000,"Accelerate",-0.044030
4904,A0100,pursuit_chase_v1,UNKNOWN,15379.693130,28378.971299,4021.028701,1551.029360,-30398.216622,19946.483335,507.372550,31342.838955,-35.089926,5273.637228,22.290671,0.062017,False,False,False,False,True,True,False,1-circle,-1.000000,5592.395829,-21569.289913,-2.118371,-0.150489,100.000000,100.000000,0.000000,0.000000,2,4,4,0.0000,0.0000,0.0000,0.5000,"PursuitChaseOptimal",0.035262
4904,B0100,aggressive,UNKNOWN,15379.693130,28378.971299,4021.028701,1551.029360,-30398.216622,19946.483335,507.372550,31342.838955,-35.089926,5273.637228,22.290671,0.062017,False,False,False,False,True,True,False,1-circle,-1.000000,5592.395829,-21569.289913,-2.118371,-0.150489,100.000000,100.000000,0.000000,0.000000,2,4,4,0.0000,0.0000,0.0000,0.5000,"Accelerate",-0.035103
4905,A0100,pursuit_chase_v1,UNKNOWN,15379.693130,28378.971299,4021.028701,1551.029360,-30398.216622,19946.483335,507.372550,31342.838955,-35.089926,5273.637228,22.290671,0.062017,False,False,False,False,True,True,False,1-circle,-1.000000,5592.395829,-21569.289913,-2.118371,-0.150489,100.000000,100.000000,0.000000,0.000000,2,4,4,0.0000,0.0000,0.0000,0.5000,"PursuitChaseOptimal",0.031429
4905,B0100,aggressive,UNKNOWN,15379.693130,28378.971299,4021.028701,1551.029360,-30398.216622,19946.483335,507.372550,31342.838955,-35.089926,5273.637228,22.290671,0.062017,False,False,False,False,True,True,False,1-circle,-1.000000,5592.395829,-21569.289913,-2.118371,-0.150489,100.000000,100.000000,0.000000,0.000000,2,4,4,0.0000,0.0000,0.0000,0.5000,"Accelerate",-0.031519
4906,A0100,pursuit_chase_v1,UNKNOWN,15376.884227,28374.114090,4025.885910,1549.610183,-30410.152505,19947.355934,507.514346,31350.082361,144.868125,5255.307168,22.256812,0.008168,False,False,False,False,True,True,False,1-circle,-1.000000,5595.694029,-21246.114826,-0.279204,-0.048533,100.000000,100.000000,0.000000,0.000000,2,4,4,0.0000,0.0000,0.0000,0.5000,"PursuitChaseOptimal",0.031117
4906,B0100,aggressive,UNKNOWN,15376.884227,28374.114090,4025.885910,1549.610183,-30410.152505,19947.355934,507.514346,31350.082361,144.868125,5255.307168,22.256812,0.008168,False,False,False,False,True,True,False,1-circle,-1.000000,5595.694029,-21246.114826,-0.279204,-0.048533,100.000000,100.000000,0.000000,0.000000,2,4,4,0.0000,0.0000,0.0000,0.5000,"Accelerate",-0.030815
4907,A0100,pursuit_chase_v1,UNKNOWN,15376.884227,28374.114090,4025.885910,1549.610183,-30410.152505,19947.355934,507.514346,31350.082361,144.868125,5255.307168,22.256812,0.008168,False,False,False,False,True,True,False,1-circle,-1.000000,5595.694029,-21246.114826,-0.279204,-0.048533,100.000000,100.000000,0.000000,0.000000,2,4,4,0.0000,0.0000,0.0000,0.5000,"PursuitChaseOptimal",0.041041
4907,B0100,aggressive,UNKNOWN,15376.884227,28374.114090,4025.885910,1549.610183,-30410.152505,19947.355934,507.514346,31350.082361,144.868125,5255.307168,22.256812,0.008168,False,False,False,False,True,True,False,1-circle,-1.000000,5595.694029,-21246.114826,-0.279204,-0.048533,100.000000,100.000000,0.000000,0.000000,2,4,4,0.0000,0.0000,0.0000,0.5000,"Accelerate",-0.039879
4908,A0100,pursuit_chase_v1,UNKNOWN,15374.045396,28377.342457,4022.657543,1547.285507,-30418.491382,19948.151924,507.528348,31351.507510,28.502974,5245.926817,21.828024,0.008752,False,False,False,False,True,True,False,1-circle,-1.000000,5598.808071,-21149.781186,0.299161,-0.131415,100.000000,100.000000,0.000000,0.000000,2,4,4,0.0000,0.0000,0.0000,0.5000,"PursuitChaseOptimal",0.055415
4908,B0100,aggressive,UNKNOWN,15374.045396,28377.342457,4022.657543,1547.285507,-30418.491382,19948.151924,507.528348,31351.507510,28.502974,5245.926817,21.828024,0.008752,False,False,False,False,True,True,False,1-circle,-1.000000,5598.808071,-21149.781186,0.299161,-0.131415,100.000000,100.000000,0.000000,0.000000,2,4,4,0.0000,0.0000,0.0000,0.5000,"Accelerate",-0.053733
4909,A0100,pursuit_chase_v1,UNKNOWN,15374.045396,28377.342457,4022.657543,1547.285507,-30418.491382,19948.151924,507.528348,31351.507510,28.502974,5245.926817,21.828024,0.008752,False,False,False,False,True,True,False,1-circle,-1.000000,5598.808071,-21149.781186,0.299161,-0.131415,100.000000,100.000000,0.000000,0.000000,2,4,4,0.0000,0.0000,0.0000,0.5000,"PursuitChaseOptimal",0.067496
4909,B0100,aggressive,UNKNOWN,15374.045396,28377.342457,4022.657543,1547.285507,-30418.491382,19948.151924,507.528348,31351.507510,28.502974,5245.926817,21.828024,0.008752,False,False,False,False,True,True,False,1-circle,-1.000000,5598.808071,-21149.781186,0.299161,-0.131415,100.000000,100.000000,0.000000,0.000000,2,4,4,0.0000,0.0000,0.0000,0.5000,"Accelerate",-0.065812
4910,A0100,pursuit_chase_v1,UNKNOWN,15371.166566,28384.999602,4015.000398,1536.911434,-30429.039560,19949.026617,507.591052,31355.200128,73.852377,5245.489270,20.773323,0.023320,False,False,False,False,True,True,False,1-circle,-1.000000,5601.458298,-21354.583778,-0.797222,0.173795,100.000000,100.000000,0.000000,0.000000,2,4,4,0.0000,0.0000,0.0000,0.5000,"PursuitChaseOptimal",0.069604
4910,B0100,aggressive,UNKNOWN,15371.166566,28384.999602,4015.000398,1536.911434,-30429.039560,19949.026617,507.591052,31355.200128,73.852377,5245.489270,20.773323,0.023320,False,False,False,False,True,True,False,1-circle,-1.000000,5601.458298,-21354.583778,-0.797222,0.173795,100.000000,100.000000,0.000000,0.000000,2,4,4,0.0000,0.0000,0.0000,0.5000,"Accelerate",-0.067696
4911,A0100,pursuit_chase_v1,UNKNOWN,15371.166566,28384.999602,4015.000398,1536.911434,-30429.039560,19949.026617,507.591052,31355.200128,73.852377,5245.489270,20.773323,0.023320,False,False,False,False,True,True,False,1-circle,-1.000000,5601.458298,-21354.583778,-0.797222,0.173795,100.000000,100.000000,0.000000,0.000000,2,4,4,0.0000,0.0000,0.0000,0.5000,"PursuitChaseOptimal",0.066118
4911,B0100,aggressive,UNKNOWN,15371.166566,28384.999602,4015.000398,1536.911434,-30429.039560,19949.026617,507.591052,31355.200128,73.852377,5245.489270,20.773323,0.023320,False,False,False,False,True,True,False,1-circle,-1.000000,5601.458298,-21354.583778,-0.797222,0.173795,100.000000,100.000000,0.000000,0.000000,2,4,4,0.0000,0.0000,0.0000,0.5000,"Accelerate",-0.063518
4912,A0100,pursuit_chase_v1,UNKNOWN,15368.333768,28389.723029,4010.276971,1526.335668,-30437.867489,19949.901118,507.643874,31358.448698,64.971396,5270.116366,19.279885,0.005994,False,False,False,False,True,True,False,1-circle,-1.000000,5603.585265,-21255.017114,-0.204935,0.019560,100.000000,100.000000,0.000000,0.000000,2,4,4,0.0000,0.0000,0.0000,0.5000,"PursuitChaseOptimal",0.071736
4912,B0100,aggressive,UNKNOWN,15368.333768,28389.723029,4010.276971,1526.335668,-30437.867489,19949.901118,507.643874,31358.448698,64.971396,5270.116366,19.279885,0.005994,False,False,False,False,True,True,False,1-circle,-1.000000,5603.585265,-21255.017114,-0.204935,0.019560,100.000000,100.000000,0.000000,0.000000,2,4,4,0.0000,0.0000,0.0000,0.5000,"Accelerate",-0.068653
4913,A0100,pursuit_chase_v1,UNKNOWN,15368.333768,28389.723029,4010.276971,1526.335668,-30437.867489,19949.901118,507.643874,31358.448698,64.971396,5270.116366,19.279885,0.005994,False,False,False,False,True,True,False,1-circle,-1.000000,5603.585265,-21255.017114,-0.204935,0.019560,100.000000,100.000000,0.000000,0.000000,2,4,4,0.0000,0.0000,0.0000,0.5000,"PursuitChaseOptimal",0.047409
4913,B0100,aggressive,UNKNOWN,15368.333768,28389.723029,4010.276971,1526.335668,-30437.867489,19949.901118,507.643874,31358.448698,64.971396,5270.116366,19.279885,0.005994,False,False,False,False,True,True,False,1-circle,-1.000000,5603.585265,-21255.017114,-0.204935,0.019560,100.000000,100.000000,0.000000,0.000000,2,4,4,0.0000,0.0000,0.0000,0.5000,"Accelerate",-0.045859
4914,A0100,pursuit_chase_v1,UNKNOWN,15365.532936,28394.729222,4005.270778,1525.768697,-30448.173147,19950.848226,507.669801,31360.561183,42.249699,5275.280104,18.264541,0.038774,False,False,False,False,True,True,False,1-circle,-1.000000,5605.128632,-21463.348187,-1.325594,0.021692,100.000000,100.000000,0.000000,0.000000,2,4,4,0.0000,0.0000,0.0000,0.5000,"PursuitChaseOptimal",0.025860
4914,B0100,aggressive,UNKNOWN,15365.532936,28394.729222,4005.270778,1525.768697,-30448.173147,19950.848226,507.669801,31360.561183,42.249699,5275.280104,18.264541,0.038774,False,False,False,False,True,True,False,1-circle,-1.000000,5605.128632,-21463.348187,-1.325594,0.021692,100.000000,100.000000,0.000000,0.000000,2,4,4,0.0000,0.0000,0.0000,0.5000,"Accelerate",-0.025239
4915,A0100,pursuit_chase_v1,UNKNOWN,15365.532936,28394.729222,4005.270778,1525.768697,-30448.173147,19950.848226,507.669801,31360.561183,42.249699,5275.280104,18.264541,0.038774,False,False,False,False,True,True,False,1-circle,-1.000000,5605.128632,-21463.348187,-1.325594,0.021692,100.000000,100.000000,0.000000,0.000000,2,4,4,0.0000,0.0000,0.0000,0.5000,"PursuitChaseOptimal",0.028609
4915,B0100,aggressive,UNKNOWN,15365.532936,28394.729222,4005.270778,1525.768697,-30448.173147,19950.848226,507.669801,31360.561183,42.249699,5275.280104,18.264541,0.038774,False,False,False,False,True,True,False,1-circle,-1.000000,5605.128632,-21463.348187,-1.325594,0.021692,100.000000,100.000000,0.000000,0.000000,2,4,4,0.0000,0.0000,0.0000,0.5000,"Accelerate",-0.027181
4916,A0100,pursuit_chase_v1,UNKNOWN,15362.762677,28395.801423,4004.198577,1525.818687,-30456.793163,19951.744271,507.724898,31363.933904,67.454410,5278.074436,17.822124,0.019341,False,False,False,False,True,True,False,1-circle,-1.000000,5606.435897,-21350.228753,-0.661375,-0.171056,100.000000,100.000000,0.000000,0.000000,2,4,4,0.0000,0.0000,0.0000,0.5000,"PursuitChaseOptimal",0.030710
4916,B0100,aggressive,UNKNOWN,15362.762677,28395.801423,4004.198577,1525.818687,-30456.793163,19951.744271,507.724898,31363.933904,67.454410,5278.074436,17.822124,0.019341,False,False,False,False,True,True,False,1-circle,-1.000000,5606.435897,-21350.228753,-0.661375,-0.171056,100.000000,100.000000,0.000000,0.000000,2,4,4,0.0000,0.0000,0.0000,0.5000,"Accelerate",-0.029063
4917,A0100,pursuit_chase_v1,UNKNOWN,15362.762677,28395.801423,4004.198577,1525.818687,-30456.793163,19951.744271,507.724898,31363.933904,67.454410,5278.074436,17.822124,0.019341,False,False,False,False,True,True,False,1-circle,-1.000000,5606.435897,-21350.228753,-0.661375,-0.171056,100.000000,100.000000,0.000000,0.000000,2,4,4,0.0000,0.0000,0.0000,0.5000,"PursuitChaseOptimal",0.020496
4917,B0100,aggressive,UNKNOWN,15362.762677,28395.801423,4004.198577,1525.818687,-30456.793163,19951.744271,507.724898,31363.933904,67.454410,5278.074436,17.822124,0.019341,False,False,False,False,True,True,False,1-circle,-1.000000,5606.435897,-21350.228753,-0.661375,-0.171056,100.000000,100.000000,0.000000,0.000000,2,4,4,0.0000,0.0000,0.0000,0.5000,"Accelerate",-0.019951
4918,A0100,pursuit_chase_v1,UNKNOWN,15359.971009,28400.063584,3999.936416,1525.022179,-30466.888127,19952.679475,507.737429,31365.432432,29.970573,5268.221111,17.534556,0.055481,False,False,False,False,True,True,False,1-circle,-1.000000,5607.494341,-21578.869896,-1.896683,-0.002344,100.000000,100.000000,0.000000,0.000000,2,4,4,0.0000,0.0000,0.0000,0.5000,"PursuitChaseOptimal",0.016486
4918,B0100,aggressive,UNKNOWN,15359.971009,28400.063584,3999.936416,1525.022179,-30466.888127,19952.679475,507.737429,31365.432432,29.970573,5268.221111,17.534556,0.055481,False,False,False,False,True,True,False,1-circle,-1.000000,5607.494341,-21578.869896,-1.896683,-0.002344,100.000000,100.000000,0.000000,0.000000,2,4,4,0.0000,0.0000,0.0000,0.5000,"Accelerate",-0.016371
4919,A0100,pursuit_chase_v1,UNKNOWN,15359.971009,28400.063584,3999.936416,1525.022179,-30466.888127,19952.679475,507.737429,31365.432432,29.970573,5268.221111,17.534556,0.055481,False,False,False,False,True,True,False,1-circle,-1.000000,5607.494341,-21578.869896,-1.896683,-0.002344,100.000000,100.000000,0.000000,0.000000,2,4,4,0.0000,0.0000,0.0000,0.5000,"PursuitChaseOptimal",0.000181
4919,B0100,aggressive,UNKNOWN,15359.971009,28400.063584,3999.936416,1525.022179,-30466.888127,19952.679475,507.737429,31365.432432,29.970573,5268.221111,17.534556,0.055481,False,False,False,False,True,True,False,1-circle,-1.000000,5607.494341,-21578.869896,-1.896683,-0.002344,100.000000,100.000000,0.000000,0.000000,2,4,4,0.0000,0.0000,0.0000,0.5000,"Accelerate",-0.000523
4920,A0100,pursuit_chase_v1,UNKNOWN,15357.192709,28395.376879,4004.623121,1525.570453,-30476.961436,19953.528455,507.882408,31372.799927,147.349888,5277.436343,17.395291,0.023928,False,False,False,False,True,True,False,1-circle,-1.000000,5608.507716,-21096.405407,0.818470,-0.131899,100.000000,100.000000,0.000000,0.000000,2,4,4,0.0000,0.0000,0.0000,0.5000,"PursuitChaseOptimal",-0.010771
4920,B0100,aggressive,UNKNOWN,15357.192709,28395.376879,4004.623121,1525.570453,-30476.961436,19953.528455,507.882408,31372.799927,147.349888,5277.436343,17.395291,0.023928,False,False,False,False,True,True,False,1-circle,-1.000000,5608.507716,-21096.405407,0.818470,-0.131899,100.000000,100.000000,0.000000,0.000000,2,4,4,0.0000,0.0000,0.0000,0.5000,"Accelerate",0.010475
4921,A0100,pursuit_chase_v1,UNKNOWN,15357.192709,28395.376879,4004.623121,1525.570453,-30476.961436,19953.528455,507.882408,31372.799927,147.349888,5277.436343,17.395291,0.023928,False,False,False,False,True,True,False,1-circle,-1.000000,5608.507716,-21096.405407,0.818470,-0.131899,100.000000,100.000000,0.000000,0.000000,2,4,4,0.0000,0.0000,0.0000,0.5000,"PursuitChaseOptimal",-0.006092
4921,B0100,aggressive,UNKNOWN,15357.192709,28395.376879,4004.623121,1525.570453,-30476.961436,19953.528455,507.882408,31372.799927,147.349888,5277.436343,17.395291,0.023928,False,False,False,False,True,True,False,1-circle,-1.000000,5608.507716,-21096.405407,0.818470,-0.131899,100.000000,100.000000,0.000000,0.000000,2,4,4,0.0000,0.0000,0.0000,0.5000,"Accelerate",0.006093
4922,A0100,pursuit_chase_v1,UNKNOWN,15354.441092,28405.901513,3994.098487,1524.892282,-30484.315307,19954.392250,507.845237,31371.992294,-16.152661,5277.015799,17.265310,0.040315,False,False,False,False,True,True,False,1-circle,-1.000000,5609.526021,-21498.178609,-1.378738,0.047387,100.000000,100.000000,0.000000,0.000000,2,4,4,0.0000,0.0000,0.0000,0.5000,"PursuitChaseOptimal",0.004496
4922,B0100,aggressive,UNKNOWN,15354.441092,28405.901513,3994.098487,1524.892282,-30484.315307,19954.392250,507.845237,31371.992294,-16.152661,5277.015799,17.265310,0.040315,False,False,False,False,True,True,False,1-circle,-1.000000,5609.526021,-21498.178609,-1.378738,0.047387,100.000000,100.000000,0.000000,0.000000,2,4,4,0.0000,0.0000,0.0000,0.5000,"Accelerate",-0.004491
4923,A0100,pursuit_chase_v1,UNKNOWN,15354.441092,28405.901513,3994.098487,1524.892282,-30484.315307,19954.392250,507.845237,31371.992294,-16.152661,5277.015799,17.265310,0.040315,False,False,False,False,True,True,False,1-circle,-1.000000,5609.526021,-21498.178609,-1.378738,0.047387,100.000000,100.000000,0.000000,0.000000,2,4,4,0.0000,0.0000,0.0000,0.5000,"PursuitChaseOptimal",0.018677
4923,B0100,aggressive,UNKNOWN,15354.441092,28405.901513,3994.098487,1524.892282,-30484.315307,19954.392250,507.845237,31371.992294,-16.152661,5277.015799,17.265310,0.040315,False,False,False,False,True,True,False,1-circle,-1.000000,5609.526021,-21498.178609,-1.378738,0.047387,100.000000,100.000000,0.000000,0.000000,2,4,4,0.0000,0.0000,0.0000,0.5000,"Accelerate",-0.018062
4924,A0100,pursuit_chase_v1,UNKNOWN,15351.702884,28409.481768,3990.518232,1523.113616,-30497.164411,19955.302254,507.960296,31378.076486,121.683846,5275.031098,17.066780,0.005874,False,False,False,False,True,True,False,1-circle,-1.000000,5610.496343,-21220.081306,0.200957,0.174221,100.000000,100.000000,0.000000,0.000000,2,4,4,0.0000,0.0000,0.0000,0.5000,"PursuitChaseOptimal",0.012832
4924,B0100,aggressive,UNKNOWN,15351.702884,28409.481768,3990.518232,1523.113616,-30497.164411,19955.302254,507.960296,31378.076486,121.683846,5275.031098,17.066780,0.005874,False,False,False,False,True,True,False,1-circle,-1.000000,5610.496343,-21220.081306,0.200957,0.174221,100.000000,100.000000,0.000000,0.000000,2,4,4,0.0000,0.0000,0.0000,0.5000,"Accelerate",-0.011936
4925,A0100,pursuit_chase_v1,UNKNOWN,15351.702884,28409.481768,3990.518232,1523.113616,-30497.164411,19955.302254,507.960296,31378.076486,121.683846,5275.031098,17.066780,0.005874,False,False,False,False,True,True,False,1-circle,-1.000000,5610.496343,-21220.081306,0.200957,0.174221,100.000000,100.000000,0.000000,0.000000,2,4,4,0.0000,0.0000,0.0000,0.5000,"PursuitChaseOptimal",0.000795
4925,B0100,aggressive,UNKNOWN,15351.702884,28409.481768,3990.518232,1523.113616,-30497.164411,19955.302254,507.960296,31378.076486,121.683846,5275.031098,17.066780,0.005874,False,False,False,False,True,True,False,1-circle,-1.000000,5610.496343,-21220.081306,0.200957,0.174221,100.000000,100.000000,0.000000,0.000000,2,4,4,0.0000,0.0000,0.0000,0.5000,"Accelerate",-0.000485
4926,A0100,pursuit_chase_v1,UNKNOWN,15348.948809,28419.169266,3980.830734,1525.779031,-30503.708749,19956.248289,507.928088,31377.574007,-10.049583,5265.513659,16.903239,0.056748,False,False,False,False,True,True,False,1-circle,-1.000000,5611.332237,-21611.754685,-1.940714,0.015195,100.000000,100.000000,0.000000,0.000000,2,4,4,0.0000,0.0000,0.0000,0.5000,"PursuitChaseOptimal",-0.004156
4926,B0100,aggressive,UNKNOWN,15348.948809,28419.169266,3980.830734,1525.779031,-30503.708749,19956.248289,507.928088,31377.574007,-10.049583,5265.513659,16.903239,0.056748,False,False,False,False,True,True,False,1-circle,-1.000000,5611.332237,-21611.754685,-1.940714,0.015195,100.000000,100.000000,0.000000,0.000000,2,4,4,0.0000,0.0000,0.0000,0.5000,"Accelerate",0.003484
4927,A0100,pursuit_chase_v1,UNKNOWN,15348.948809,28419.169266,3980.830734,1525.779031,-30503.708749,19956.248289,507.928088,31377.574007,-10.049583,5265.513659,16.903239,0.056748,False,False,False,False,True,True,False,1-circle,-1.000000,5611.332237,-21611.754685,-1.940714,0.015195,100.000000,100.000000,0.000000,0.000000,2,4,4,0.0000,0.0000,0.0000,0.5000,"PursuitChaseOptimal",0.010765
4927,B0100,aggressive,UNKNOWN,15348.948809,28419.169266,3980.830734,1525.779031,-30503.708749,19956.248289,507.928088,31377.574007,-10.049583,5265.513659,16.903239,0.056748,False,False,False,False,True,True,False,1-circle,-1.000000,5611.332237,-21611.754685,-1.940714,0.015195,100.000000,100.000000,0.000000,0.000000,2,4,4,0.0000,0.0000,0.0000,0.5000,"Accelerate",-0.010926
4928,A0100,pursuit_chase_v1,UNKNOWN,15346.213629,28415.245578,3984.754422,1521.540707,-30516.087116,19957.199388,508.094052,31385.990102,168.321896,5272.082635,16.845755,0.003388,False,False,False,False,True,True,False,1-circle,-1.000000,5612.157232,-21289.461459,-0.115935,-0.044515,100.000000,100.000000,0.000000,0.000000,2,4,4,0.0000,0.0000,0.0000,0.5000,"PursuitChaseOptimal",0.010948
4928,B0100,aggressive,UNKNOWN,15346.213629,28415.245578,3984.754422,1521.540707,-30516.087116,19957.199388,508.094052,31385.990102,168.321896,5272.082635,16.845755,0.003388,False,False,False,False,True,True,False,1-circle,-1.000000,5612.157232,-21289.461459,-0.115935,-0.044515,100.000000,100.000000,0.000000,0.000000,2,4,4,0.0000,0.0000,0.0000,0.5000,"Accelerate",-0.010778
4929,A0100,pursuit_chase_v1,UNKNOWN,15346.213629,28415.245578,3984.754422,1521.540707,-30516.087116,19957.199388,508.094052,31385.990102,168.321896,5272.082635,16.845755,0.003388,False,False,False,False,True,True,False,1-circle,-1.000000,5612.157232,-21289.461459,-0.115935,-0.044515,100.000000,100.000000,0.000000,0.000000,2,4,4,0.0000,0.0000,0.0000,0.5000,"PursuitChaseOptimal",-0.009407
4929,B0100,aggressive,UNKNOWN,15346.213629,28415.245578,3984.754422,1521.540707,-30516.087116,19957.199388,508.094052,31385.990102,168.321896,5272.082635,16.845755,0.003388,False,False,False,False,True,True,False,1-circle,-1.000000,5612.157232,-21289.461459,-0.115935,-0.044515,100.000000,100.000000,0.000000,0.000000,2,4,4,0.0000,0.0000,0.0000,0.5000,"Accelerate",0.009124
4930,A0100,pursuit_chase_v1,UNKNOWN,15343.488492,28419.044644,3980.955356,1523.281143,-30524.987217,19958.068047,508.102625,31387.244431,25.086586,5265.595728,16.860244,0.011771,False,False,False,False,True,True,False,1-circle,-1.000000,5613.005892,-21202.284808,0.402840,-0.099603,100.000000,100.000000,0.000000,0.000000,2,4,4,0.0000,0.0000,0.0000,0.5000,"PursuitChaseOptimal",-0.012436
4930,B0100,aggressive,UNKNOWN,15343.488492,28419.044644,3980.955356,1523.281143,-30524.987217,19958.068047,508.102625,31387.244431,25.086586,5265.595728,16.860244,0.011771,False,False,False,False,True,True,False,1-circle,-1.000000,5613.005892,-21202.284808,0.402840,-0.099603,100.000000,100.000000,0.000000,0.000000,2,4,4,0.0000,0.0000,0.0000,0.5000,"Accelerate",0.012076
4931,A0100,pursuit_chase_v1,UNKNOWN,15343.488492,28419.044644,3980.955356,1523.281143,-30524.987217,19958.068047,508.102625,31387.244431,25.086586,5265.595728,16.860244,0.011771,False,False,False,False,True,True,False,1-circle,-1.000000,5613.005892,-21202.284808,0.402840,-0.099603,100.000000,100.000000,0.000000,0.000000,2,4,4,0.0000,0.0000,0.0000,0.5000,"PursuitChaseOptimal",0.001562
4931,B0100,aggressive,UNKNOWN,15343.488492,28419.044644,3980.955356,1523.281143,-30524.987217,19958.068047,508.102625,31387.244431,25.086586,5265.595728,16.860244,0.011771,False,False,False,False,True,True,False,1-circle,-1.000000,5613.005892,-21202.284808,0.402840,-0.099603,100.000000,100.000000,0.000000,0.000000,2,4,4,0.0000,0.0000,0.0000,0.5000,"Accelerate",-0.001717
4932,A0100,pursuit_chase_v1,UNKNOWN,15340.760822,28427.332669,3972.667331,1519.713440,-30536.052555,19959.009161,508.168368,31391.143360,77.978574,5261.952589,16.796456,0.021938,False,False,False,False,True,True,False,1-circle,-1.000000,5613.837438,-21416.148091,-0.750838,0.213268,100.000000,100.000000,0.000000,0.000000,2,4,4,0.0000,0.0000,0.0000,0.5000,"PursuitChaseOptimal",0.007127
4932,B0100,aggressive,UNKNOWN,15340.760822,28427.332669,3972.667331,1519.713440,-30536.052555,19959.009161,508.168368,31391.143360,77.978574,5261.952589,16.796456,0.021938,False,False,False,False,True,True,False,1-circle,-1.000000,5613.837438,-21416.148091,-0.750838,0.213268,100.000000,100.000000,0.000000,0.000000,2,4,4,0.0000,0.0000,0.0000,0.5000,"Accelerate",-0.007092
4933,A0100,pursuit_chase_v1,UNKNOWN,15340.760822,28427.332669,3972.667331,1519.713440,-30536.052555,19959.009161,508.168368,31391.143360,77.978574,5261.952589,16.796456,0.021938,False,False,False,False,True,True,False,1-circle,-1.000000,5613.837438,-21416.148091,-0.750838,0.213268,100.000000,100.000000,0.000000,0.000000,2,4,4,0.0000,0.0000,0.0000,0.5000,"PursuitChaseOptimal",-0.007191
4933,B0100,aggressive,UNKNOWN,15340.760822,28427.332669,3972.667331,1519.713440,-30536.052555,19959.009161,508.168368,31391.143360,77.978574,5261.952589,16.796456,0.021938,False,False,False,False,True,True,False,1-circle,-1.000000,5613.837438,-21416.148091,-0.750838,0.213268,100.000000,100.000000,0.000000,0.000000,2,4,4,0.0000,0.0000,0.0000,0.5000,"Accelerate",0.007060
4934,A0100,pursuit_chase_v1,UNKNOWN,15338.038423,28432.500712,3967.499288,1520.793216,-30545.282401,19959.946445,508.222515,31394.517047,67.473738,5257.945680,16.747140,0.005962,False,False,False,False,True,True,False,1-circle,-1.000000,5614.655181,-21323.936187,-0.204081,0.056332,100.000000,100.000000,0.000000,0.000000,2,4,4,0.0000,0.0000,0.0000,0.5000,"PursuitChaseOptimal",-0.006946
4934,B0100,aggressive,UNKNOWN,15338.038423,28432.500712,3967.499288,1520.793216,-30545.282401,19959.946445,508.222515,31394.517047,67.473738,5257.945680,16.747140,0.005962,False,False,False,False,True,True,False,1-circle,-1.000000,5614.655181,-21323.936187,-0.204081,0.056332,100.000000,100.000000,0.000000,0.000000,2,4,4,0.0000,0.0000,0.0000,0.5000,"Accelerate",0.006854
4935,A0100,pursuit_chase_v1,UNKNOWN,15338.038423,28432.500712,3967.499288,1520.793216,-30545.282401,19959.946445,508.222515,31394.517047,67.473738,5257.945680,16.747140,0.005962,False,False,False,False,True,True,False,1-circle,-1.000000,5614.655181,-21323.936187,-0.204081,0.056332,100.000000,100.000000,0.000000,0.000000,2,4,4,0.0000,0.0000,0.0000,0.5000,"PursuitChaseOptimal",0.013497
4935,B0100,aggressive,UNKNOWN,15338.038423,28432.500712,3967.499288,1520.793216,-30545.282401,19959.946445,508.222515,31394.517047,67.473738,5257.945680,16.747140,0.005962,False,False,False,False,True,True,False,1-circle,-1.000000,5614.655181,-21323.936187,-0.204081,0.056332,100.000000,100.000000,0.000000,0.000000,2,4,4,0.0000,0.0000,0.0000,0.5000,"Accelerate",-0.013281
4936,A0100,pursuit_chase_v1,UNKNOWN,15335.312754,28437.636650,3962.363350,1517.180581,-30555.966573,19960.953588,508.249096,31396.720332,44.065717,5253.007251,16.654542,0.040041,False,False,False,False,True,True,False,1-circle,-1.000000,5615.430005,-21540.075147,-1.370497,0.060681,100.000000,100.000000,0.000000,0.000000,2,4,4,0.0000,0.0000,0.0000,0.5000,"PursuitChaseOptimal",0.016750
4936,B0100,aggressive,UNKNOWN,15335.312754,28437.636650,3962.363350,1517.180581,-30555.966573,19960.953588,508.249096,31396.720332,44.065717,5253.007251,16.654542,0.040041,False,False,False,False,True,True,False,1-circle,-1.000000,5615.430005,-21540.075147,-1.370497,0.060681,100.000000,100.000000,0.000000,0.000000,2,4,4,0.0000,0.0000,0.0000,0.5000,"Accelerate",-0.016424
4937,A0100,pursuit_chase_v1,UNKNOWN,15335.312754,28437.636650,3962.363350,1517.180581,-30555.966573,19960.953588,508.249096,31396.720332,44.065717,5253.007251,16.654542,0.040041,False,False,False,False,True,True,False,1-circle,-1.000000,5615.430005,-21540.075147,-1.370497,0.060681,100.000000,100.000000,0.000000,0.000000,2,4,4,0.0000,0.0000,0.0000,0.5000,"PursuitChaseOptimal",0.003070
4937,B0100,aggressive,UNKNOWN,15335.312754,28437.636650,3962.363350,1517.180581,-30555.966573,19960.953588,508.249096,31396.720332,44.065717,5253.007251,16.654542,0.040041,False,False,False,False,True,True,False,1-circle,-1.000000,5615.430005,-21540.075147,-1.370497,0.060681,100.000000,100.000000,0.000000,0.000000,2,4,4,0.0000,0.0000,0.0000,0.5000,"Accelerate",-0.002805
4938,A0100,pursuit_chase_v1,UNKNOWN,15332.592011,28438.707722,3961.292278,1518.329810,-30564.848176,19961.906954,508.305225,31400.199651,69.586372,5249.694719,16.549451,0.021708,False,False,False,False,True,True,False,1-circle,-1.000000,5616.167277,-21433.324572,-0.743177,-0.133182,100.000000,100.000000,0.000000,0.000000,2,4,4,0.0000,0.0000,0.0000,0.5000,"PursuitChaseOptimal",-0.000810
4938,B0100,aggressive,UNKNOWN,15332.592011,28438.707722,3961.292278,1518.329810,-30564.848176,19961.906954,508.305225,31400.199651,69.586372,5249.694719,16.549451,0.021708,False,False,False,False,True,True,False,1-circle,-1.000000,5616.167277,-21433.324572,-0.743177,-0.133182,100.000000,100.000000,0.000000,0.000000,2,4,4,0.0000,0.0000,0.0000,0.5000,"Accelerate",0.000953
4939,A0100,pursuit_chase_v1,UNKNOWN,15332.592011,28438.707722,3961.292278,1518.329810,-30564.848176,19961.906954,508.305225,31400.199651,69.586372,5249.694719,16.549451,0.021708,False,False,False,False,True,True,False,1-circle,-1.000000,5616.167277,-21433.324572,-0.743177,-0.133182,100.000000,100.000000,0.000000,0.000000,2,4,4,0.0000,0.0000,0.0000,0.5000,"PursuitChaseOptimal",0.016461
4939,B0100,aggressive,UNKNOWN,15332.592011,28438.707722,3961.292278,1518.329810,-30564.848176,19961.906954,508.305225,31400.199651,69.586372,5249.694719,16.549451,0.021708,False,False,False,False,True,True,False,1-circle,-1.000000,5616.167277,-21433.324572,-0.743177,-0.133182,100.000000,100.000000,0.000000,0.000000,2,4,4,0.0000,0.0000,0.0000,0.5000,"Accelerate",-0.016057
4940,A0100,pursuit_chase_v1,UNKNOWN,15329.868533,28442.835264,3957.164736,1514.866688,-30575.183288,19962.897065,508.318832,31401.802188,32.050730,5245.978312,16.395905,0.058928,False,False,False,False,True,True,False,1-circle,-1.000000,5616.838961,-21668.705787,-2.016784,0.033568,100.000000,100.000000,0.000000,0.000000,2,4,4,0.0000,0.0000,0.0000,0.5000,"PursuitChaseOptimal",0.018878
4940,B0100,aggressive,UNKNOWN,15329.868533,28442.835264,3957.164736,1514.866688,-30575.183288,19962.897065,508.318832,31401.802188,32.050730,5245.978312,16.395905,0.058928,False,False,False,False,True,True,False,1-circle,-1.000000,5616.838961,-21668.705787,-2.016784,0.033568,100.000000,100.000000,0.000000,0.000000,2,4,4,0.0000,0.0000,0.0000,0.5000,"Accelerate",-0.018579
4941,A0100,pursuit_chase_v1,UNKNOWN,15329.868533,28442.835264,3957.164736,1514.866688,-30575.183288,19962.897065,508.318832,31401.802188,32.050730,5245.978312,16.395905,0.058928,False,False,False,False,True,True,False,1-circle,-1.000000,5616.838961,-21668.705787,-2.016784,0.033568,100.000000,100.000000,0.000000,0.000000,2,4,4,0.0000,0.0000,0.0000,0.5000,"PursuitChaseOptimal",0.003470
4941,B0100,aggressive,UNKNOWN,15329.868533,28442.835264,3957.164736,1514.866688,-30575.183288,19962.897065,508.318832,31401.802188,32.050730,5245.978312,16.395905,0.058928,False,False,False,False,True,True,False,1-circle,-1.000000,5616.838961,-21668.705787,-2.016784,0.033568,100.000000,100.000000,0.000000,0.000000,2,4,4,0.0000,0.0000,0.0000,0.5000,"Accelerate",-0.003712
4942,A0100,pursuit_chase_v1,UNKNOWN,15327.159099,28437.219576,3962.780424,1514.671234,-30585.434746,19963.798051,508.483937,31410.135227,166.660784,5250.342298,16.306381,0.019837,False,False,False,False,True,True,False,1-circle,-1.000000,5617.488733,-21189.524918,0.679367,-0.104939,100.000000,100.000000,0.000000,0.000000,2,4,4,0.0000,0.0000,0.0000,0.5000,"PursuitChaseOptimal",0.000879
4942,B0100,aggressive,UNKNOWN,15327.159099,28437.219576,3962.780424,1514.671234,-30585.434746,19963.798051,508.483937,31410.135227,166.660784,5250.342298,16.306381,0.019837,False,False,False,False,True,True,False,1-circle,-1.000000,5617.488733,-21189.524918,0.679367,-0.104939,100.000000,100.000000,0.000000,0.000000,2,4,4,0.0000,0.0000,0.0000,0.5000,"Accelerate",-0.000812
4943,A0100,pursuit_chase_v1,UNKNOWN,15327.159099,28437.219576,3962.780424,1514.671234,-30585.434746,19963.798051,508.483937,31410.135227,166.660784,5250.342298,16.306381,0.019837,False,False,False,False,True,True,False,1-circle,-1.000000,5617.488733,-21189.524918,0.679367,-0.104939,100.000000,100.000000,0.000000,0.000000,2,4,4,0.0000,0.0000,0.0000,0.5000,"PursuitChaseOptimal",0.019582
4943,B0100,aggressive,UNKNOWN,15327.159099,28437.219576,3962.780424,1514.671234,-30585.434746,19963.798051,508.483937,31410.135227,166.660784,5250.342298,16.306381,0.019837,False,False,False,False,True,True,False,1-circle,-1.000000,5617.488733,-21189.524918,0.679367,-0.104939,100.000000,100.000000,0.000000,0.000000,2,4,4,0.0000,0.0000,0.0000,0.5000,"Accelerate",-0.018342
4944,A0100,pursuit_chase_v1,UNKNOWN,15324.461866,28443.937650,3956.062350,1513.844270,-30592.783703,19964.678382,508.418946,31408.089747,-40.909585,5240.659996,16.151926,0.045573,False,False,False,False,True,True,False,1-circle,-1.000000,5618.120664,-21598.783428,-1.560301,-0.149899,100.000000,100.000000,0.000000,0.000000,2,4,4,0.0000,0.0000,0.0000,0.5000,"PursuitChaseOptimal",0.028877
4944,B0100,aggressive,UNKNOWN,15324.461866,28443.937650,3956.062350,1513.844270,-30592.783703,19964.678382,508.418946,31408.089747,-40.909585,5240.659996,16.151926,0.045573,False,False,False,False,True,True,False,1-circle,-1.000000,5618.120664,-21598.783428,-1.560301,-0.149899,100.000000,100.000000,0.000000,0.000000,2,4,4,0.0000,0.0000,0.0000,0.5000,"Accelerate",-0.027706
4945,A0100,pursuit_chase_v1,UNKNOWN,15324.461866,28443.937650,3956.062350,1513.844270,-30592.783703,19964.678382,508.418946,31408.089747,-40.909585,5240.659996,16.151926,0.045573,False,False,False,False,True,True,False,1-circle,-1.000000,5618.120664,-21598.783428,-1.560301,-0.149899,100.000000,100.000000,0.000000,0.000000,2,4,4,0.0000,0.0000,0.0000,0.5000,"PursuitChaseOptimal",0.017249
4945,B0100,aggressive,UNKNOWN,15324.461866,28443.937650,3956.062350,1513.844270,-30592.783703,19964.678382,508.418946,31408.089747,-40.909585,5240.659996,16.151926,0.045573,False,False,False,False,True,True,False,1-circle,-1.000000,5618.120664,-21598.783428,-1.560301,-0.149899,100.000000,100.000000,0.000000,0.000000,2,4,4,0.0000,0.0000,0.0000,0.5000,"Accelerate",-0.016798
4946,A0100,pursuit_chase_v1,UNKNOWN,15321.746800,28443.523788,3956.476212,1510.766953,-30606.885121,19965.555670,508.519751,31413.505284,108.310734,5234.799324,15.940628,0.000614,False,False,False,False,True,True,False,1-circle,-1.000000,5618.599156,-21320.166209,0.021017,-0.016476,100.000000,100.000000,0.000000,0.000000,2,4,4,0.0000,0.0000,0.0000,0.5000,"PursuitChaseOptimal",0.000037
4946,B0100,aggressive,UNKNOWN,15321.746800,28443.523788,3956.476212,1510.766953,-30606.885121,19965.555670,508.519751,31413.505284,108.310734,5234.799324,15.940628,0.000614,False,False,False,False,True,True,False,1-circle,-1.000000,5618.599156,-21320.166209,0.021017,-0.016476,100.000000,100.000000,0.000000,0.000000,2,4,4,0.0000,0.0000,0.0000,0.5000,"Accelerate",0.000111
4947,A0100,pursuit_chase_v1,UNKNOWN,15321.746800,28443.523788,3956.476212,1510.766953,-30606.885121,19965.555670,508.519751,31413.505284,108.310734,5234.799324,15.940628,0.000614,False,False,False,False,True,True,False,1-circle,-1.000000,5618.599156,-21320.166209,0.021017,-0.016476,100.000000,100.000000,0.000000,0.000000,2,4,4,0.0000,0.0000,0.0000,0.5000,"PursuitChaseOptimal",-0.013253
4947,B0100,aggressive,UNKNOWN,15321.746800,28443.523788,3956.476212,1510.766953,-30606.885121,19965.555670,508.519751,31413.505284,108.310734,5234.799324,15.940628,0.000614,False,False,False,False,True,True,False,1-circle,-1.000000,5618.599156,-21320.166209,0.021017,-0.016476,100.000000,100.000000,0.000000,0.000000,2,4,4,0.0000,0.0000,0.0000,0.5000,"Accelerate",0.012662
4948,A0100,pursuit_chase_v1,UNKNOWN,15319.038498,28449.838326,3950.161674,1512.326048,-30611.974378,19966.425849,508.481348,31412.646478,-17.176133,5234.424020,15.881637,0.062581,False,False,False,False,True,True,False,1-circle,-1.000000,5619.022474,-21715.577921,-2.142424,-0.126526,100.000000,100.000000,0.000000,0.000000,2,4,4,0.0000,0.0000,0.0000,0.5000,"PursuitChaseOptimal",-0.007119
4948,B0100,aggressive,UNKNOWN,15319.038498,28449.838326,3950.161674,1512.326048,-30611.974378,19966.425849,508.481348,31412.646478,-17.176133,5234.424020,15.881637,0.062581,False,False,False,False,True,True,False,1-circle,-1.000000,5619.022474,-21715.577921,-2.142424,-0.126526,100.000000,100.000000,0.000000,0.000000,2,4,4,0.0000,0.0000,0.0000,0.5000,"Accelerate",0.006170
4949,A0100,pursuit_chase_v1,UNKNOWN,15319.038498,28449.838326,3950.161674,1512.326048,-30611.974378,19966.425849,508.481348,31412.646478,-17.176133,5234.424020,15.881637,0.062581,False,False,False,False,True,True,False,1-circle,-1.000000,5619.022474,-21715.577921,-2.142424,-0.126526,100.000000,100.000000,0.000000,0.000000,2,4,4,0.0000,0.0000,0.0000,0.5000,"PursuitChaseOptimal",0.008107
4949,B0100,aggressive,UNKNOWN,15319.038498,28449.838326,3950.161674,1512.326048,-30611.974378,19966.425849,508.481348,31412.646478,-17.176133,5234.424020,15.881637,0.062581,False,False,False,False,True,True,False,1-circle,-1.000000,5619.022474,-21715.577921,-2.142424,-0.126526,100.000000,100.000000,0.000000,0.000000,2,4,4,0.0000,0.0000,0.0000,0.5000,"Accelerate",-0.008411
4950,A0100,pursuit_chase_v1,UNKNOWN,15316.355571,28444.186093,3955.813907,1507.941267,-30624.441088,19967.275027,508.632503,31420.301846,153.107369,5241.501367,15.889863,0.010041,False,False,False,False,True,True,False,1-circle,-1.000000,5619.517961,-21397.910106,-0.344010,-0.151489,100.000000,100.000000,0.000000,0.000000,0,0,0,0.0000,0.0000,0.0000,0.5000,"PursuitChaseOptimal",0.007754
4950,B0100,aggressive,UNKNOWN,15316.355571,28444.186093,3955.813907,1507.941267,-30624.441088,19967.275027,508.632503,31420.301846,153.107369,5241.501367,15.889863,0.010041,False,False,False,False,True,True,False,1-circle,-1.000000,5619.517961,-21397.910106,-0.344010,-0.151489,100.000000,100.000000,0.000000,0.000000,2,4,4,0.0000,0.0000,0.0000,0.5000,"Accelerate",-0.007734
4951,A0100,pursuit_chase_v1,UNKNOWN,15316.355571,28444.186093,3955.813907,1507.941267,-30624.441088,19967.275027,508.632503,31420.301846,153.107369,5241.501367,15.889863,0.010041,False,False,False,False,True,True,False,1-circle,-1.000000,5619.517961,-21397.910106,-0.344010,-0.151489,100.000000,100.000000,0.000000,0.000000,0,0,0,0.0000,0.0000,0.0000,0.5000,"PursuitChaseOptimal",-0.005521
4951,B0100,aggressive,UNKNOWN,15316.355571,28444.186093,3955.813907,1507.941267,-30624.441088,19967.275027,508.632503,31420.301846,153.107369,5241.501367,15.889863,0.010041,False,False,False,False,True,True,False,1-circle,-1.000000,5619.517961,-21397.910106,-0.344010,-0.151489,100.000000,100.000000,0.000000,0.000000,2,4,4,0.0000,0.0000,0.0000,0.5000,"Accelerate",0.005390
4952,A0100,pursuit_chase_v1,UNKNOWN,15313.692443,28447.180282,3952.819718,1509.294376,-30633.091821,19968.029755,508.636185,31421.222389,18.410853,5237.778080,15.863403,0.005207,False,False,False,False,True,True,False,1-circle,-1.000000,5620.066878,-21309.979336,0.178391,-0.195170,100.000000,100.000000,0.000000,0.000000,0,0,0,0.0000,0.0000,0.0000,0.5000,"PursuitChaseOptimal",-0.015166
4952,B0100,aggressive,UNKNOWN,15313.692443,28447.180282,3952.819718,1509.294376,-30633.091821,19968.029755,508.636185,31421.222389,18.410853,5237.778080,15.863403,0.005207,False,False,False,False,True,True,False,1-circle,-1.000000,5620.066878,-21309.979336,0.178391,-0.195170,100.000000,100.000000,0.000000,0.000000,2,4,4,0.0000,0.0000,0.0000,0.5000,"Accelerate",0.014571
4953,A0100,pursuit_chase_v1,UNKNOWN,15313.692443,28447.180282,3952.819718,1509.294376,-30633.091821,19968.029755,508.636185,31421.222389,18.410853,5237.778080,15.863403,0.005207,False,False,False,False,True,True,False,1-circle,-1.000000,5620.066878,-21309.979336,0.178391,-0.195170,100.000000,100.000000,0.000000,0.000000,0,0,0,0.0000,0.0000,0.0000,0.5000,"PursuitChaseOptimal",-0.035773
4953,B0100,aggressive,UNKNOWN,15313.692443,28447.180282,3952.819718,1509.294376,-30633.091821,19968.029755,508.636185,31421.222389,18.410853,5237.778080,15.863403,0.005207,False,False,False,False,True,True,False,1-circle,-1.000000,5620.066878,-21309.979336,0.178391,-0.195170,100.000000,100.000000,0.000000,0.000000,2,4,4,0.0000,0.0000,0.0000,0.5000,"Accelerate",0.033559
4954,A0100,pursuit_chase_v1,UNKNOWN,15311.084189,28455.000094,3944.999906,1502.770893,-30643.974077,19968.851150,508.694494,31424.669845,68.949127,5281.000415,15.320830,0.028432,False,False,False,False,True,True,False,1-circle,-1.000000,5620.620433,-21523.529253,-0.974114,0.125359,100.000000,100.000000,0.000000,0.000000,0,0,0,0.0000,0.0000,0.0000,0.5000,"PursuitChaseOptimal",-0.064952
4954,B0100,aggressive,UNKNOWN,15311.084189,28455.000094,3944.999906,1502.770893,-30643.974077,19968.851150,508.694494,31424.669845,68.949127,5281.000415,15.320830,0.028432,False,False,False,False,True,True,False,1-circle,-1.000000,5620.620433,-21523.529253,-0.974114,0.125359,100.000000,100.000000,0.000000,0.000000,2,4,4,0.0000,0.0000,0.0000,0.5000,"Accelerate",0.061205
4955,A0100,pursuit_chase_v1,UNKNOWN,15311.084189,28455.000094,3944.999906,1502.770893,-30643.974077,19968.851150,508.694494,31424.669845,68.949127,5281.000415,15.320830,0.028432,False,False,False,False,True,True,False,1-circle,-1.000000,5620.620433,-21523.529253,-0.974114,0.125359,100.000000,100.000000,0.000000,0.000000,0,0,0,0.0000,0.0000,0.0000,0.5000,"PursuitChaseOptimal",-0.106378
4955,B0100,aggressive,UNKNOWN,15311.084189,28455.000094,3944.999906,1502.770893,-30643.974077,19968.851150,508.694494,31424.669845,68.949127,5281.000415,15.320830,0.028432,False,False,False,False,True,True,False,1-circle,-1.000000,5620.620433,-21523.529253,-0.974114,0.125359,100.000000,100.000000,0.000000,0.000000,2,4,4,0.0000,0.0000,0.0000,0.5000,"Accelerate",0.101495
4956,A0100,pursuit_chase_v1,UNKNOWN,15308.678650,28459.685377,3940.314623,1487.717362,-30652.904347,19969.665806,508.741507,31427.602075,58.644609,5354.260725,15.175540,0.012277,False,False,False,False,True,True,False,1-circle,-1.000000,5621.540593,-21430.217612,-0.420708,-0.026437,100.000000,100.000000,0.000000,0.000000,2,0,4,0.0000,0.0000,0.0000,0.5000,"PursuitChaseOptimal",-0.132335
4956,B0100,aggressive,UNKNOWN,15308.678650,28459.685377,3940.314623,1487.717362,-30652.904347,19969.665806,508.741507,31427.602075,58.644609,5354.260725,15.175540,0.012277,False,False,False,False,True,True,False,1-circle,-1.000000,5621.540593,-21430.217612,-0.420708,-0.026437,100.000000,100.000000,0.000000,0.000000,2,4,4,0.0000,0.0000,0.0000,0.5000,"Accelerate",0.127072
4957,A0100,pursuit_chase_v1,UNKNOWN,15308.678650,28459.685377,3940.314623,1487.717362,-30652.904347,19969.665806,508.741507,31427.602075,58.644609,5354.260725,15.175540,0.012277,False,False,False,False,True,True,False,1-circle,-1.000000,5621.540593,-21430.217612,-0.420708,-0.026437,100.000000,100.000000,0.000000,0.000000,2,0,4,0.0000,0.0000,0.0000,0.5000,"PursuitChaseOptimal",-0.158439
4957,B0100,aggressive,UNKNOWN,15308.678650,28459.685377,3940.314623,1487.717362,-30652.904347,19969.665806,508.741507,31427.602075,58.644609,5354.260725,15.175540,0.012277,False,False,False,False,True,True,False,1-circle,-1.000000,5621.540593,-21430.217612,-0.420708,-0.026437,100.000000,100.000000,0.000000,0.000000,2,4,4,0.0000,0.0000,0.0000,0.5000,"Accelerate",0.152617
4958,A0100,pursuit_chase_v1,UNKNOWN,15306.487883,28463.976565,3936.023435,1449.281132,-30663.137245,19970.549317,508.761574,31429.389501,35.748517,5404.583364,16.170754,0.046313,False,False,False,False,True,True,False,1-circle,-1.000000,5623.222885,-21646.842444,-1.586709,-0.017467,100.000000,100.000000,0.000000,0.000000,2,4,4,0.0000,0.0000,0.0000,0.5000,"PursuitChaseOptimal",-0.168314
4958,B0100,aggressive,UNKNOWN,15306.487883,28463.976565,3936.023435,1449.281132,-30663.137245,19970.549317,508.761574,31429.389501,35.748517,5404.583364,16.170754,0.046313,False,False,False,False,True,True,False,1-circle,-1.000000,5623.222885,-21646.842444,-1.586709,-0.017467,100.000000,100.000000,0.000000,0.000000,2,4,4,0.0000,0.0000,0.0000,0.5000,"Accelerate",0.163451
4959,A0100,pursuit_chase_v1,UNKNOWN,15306.487883,28463.976565,3936.023435,1449.281132,-30663.137245,19970.549317,508.761574,31429.389501,35.748517,5404.583364,16.170754,0.046313,False,False,False,False,True,True,False,1-circle,-1.000000,5623.222885,-21646.842444,-1.586709,-0.017467,100.000000,100.000000,0.000000,0.000000,2,4,4,0.0000,0.0000,0.0000,0.5000,"PursuitChaseOptimal",-0.165670
4959,B0100,aggressive,UNKNOWN,15306.487883,28463.976565,3936.023435,1449.281132,-30663.137245,19970.549317,508.761574,31429.389501,35.748517,5404.583364,16.170754,0.046313,False,False,False,False,True,True,False,1-circle,-1.000000,5623.222885,-21646.842444,-1.586709,-0.017467,100.000000,100.000000,0.000000,0.000000,2,4,4,0.0000,0.0000,0.0000,0.5000,"Accelerate",0.162798
4960,A0100,pursuit_chase_v1,UNKNOWN,15304.514917,28457.218607,3942.781393,1388.127254,-30672.894848,19971.344785,508.914462,31437.073018,153.670335,5454.954155,17.603175,0.031968,False,False,False,False,True,True,False,1-circle,-1.000000,5626.142616,-21171.432074,1.095694,-0.205800,100.000000,100.000000,0.000000,0.000000,2,4,4,0.0000,0.0000,0.0000,0.5000,"PursuitChaseOptimal",-0.144548
4960,B0100,aggressive,UNKNOWN,15304.514917,28457.218607,3942.781393,1388.127254,-30672.894848,19971.344785,508.914462,31437.073018,153.670335,5454.954155,17.603175,0.031968,False,False,False,False,True,True,False,1-circle,-1.000000,5626.142616,-21171.432074,1.095694,-0.205800,100.000000,100.000000,0.000000,0.000000,2,4,4,0.0000,0.0000,0.0000,0.5000,"Accelerate",0.143942
4961,A0100,pursuit_chase_v1,UNKNOWN,15304.514917,28457.218607,3942.781393,1388.127254,-30672.894848,19971.344785,508.914462,31437.073018,153.670335,5454.954155,17.603175,0.031968,False,False,False,False,True,True,False,1-circle,-1.000000,5626.142616,-21171.432074,1.095694,-0.205800,100.000000,100.000000,0.000000,0.000000,2,4,4,0.0000,0.0000,0.0000,0.5000,"PursuitChaseOptimal",-0.112409
4961,B0100,aggressive,UNKNOWN,15304.514917,28457.218607,3942.781393,1388.127254,-30672.894848,19971.344785,508.914462,31437.073018,153.670335,5454.954155,17.603175,0.031968,False,False,False,False,True,True,False,1-circle,-1.000000,5626.142616,-21171.432074,1.095694,-0.205800,100.000000,100.000000,0.000000,0.000000,2,4,4,0.0000,0.0000,0.0000,0.5000,"Accelerate",0.112964
4962,A0100,pursuit_chase_v1,UNKNOWN,15302.728658,28465.249194,3934.750806,1336.276563,-30679.275470,19972.147684,508.880900,31436.363658,-14.187191,5487.075922,18.421952,0.034017,False,False,False,False,True,True,False,1-circle,-1.000000,5630.152110,-21586.458012,-1.165850,0.011727,100.000000,100.000000,0.000000,0.000000,2,4,4,0.0000,0.0000,0.0000,0.5000,"PursuitChaseOptimal",-0.077707
4962,B0100,aggressive,UNKNOWN,15302.728658,28465.249194,3934.750806,1336.276563,-30679.275470,19972.147684,508.880900,31436.363658,-14.187191,5487.075922,18.421952,0.034017,False,False,False,False,True,True,False,1-circle,-1.000000,5630.152110,-21586.458012,-1.165850,0.011727,100.000000,100.000000,0.000000,0.000000,2,4,4,0.0000,0.0000,0.0000,0.5000,"Accelerate",0.078173
4963,A0100,pursuit_chase_v1,UNKNOWN,15302.728658,28465.249194,3934.750806,1336.276563,-30679.275470,19972.147684,508.880900,31436.363658,-14.187191,5487.075922,18.421952,0.034017,False,False,False,False,True,True,False,1-circle,-1.000000,5630.152110,-21586.458012,-1.165850,0.011727,100.000000,100.000000,0.000000,0.000000,2,4,4,0.0000,0.0000,0.0000,0.5000,"PursuitChaseOptimal",-0.042190
4963,B0100,aggressive,UNKNOWN,15302.728658,28465.249194,3934.750806,1336.276563,-30679.275470,19972.147684,508.880900,31436.363658,-14.187191,5487.075922,18.421952,0.034017,False,False,False,False,True,True,False,1-circle,-1.000000,5630.152110,-21586.458012,-1.165850,0.011727,100.000000,100.000000,0.000000,0.000000,2,4,4,0.0000,0.0000,0.0000,0.5000,"Accelerate",0.042464
4964,A0100,pursuit_chase_v1,UNKNOWN,15301.072527,28465.640689,3934.359311,1308.675872,-30690.681909,19972.992314,508.993152,31442.266557,118.057967,5503.610020,18.833148,0.011440,False,False,False,False,True,True,False,1-circle,-1.000000,5634.802350,-21314.221112,0.392224,0.137091,100.000000,100.000000,0.000000,0.000000,2,4,4,0.0000,0.0000,0.0000,0.5000,"PursuitChaseOptimal",-0.010536
4964,B0100,aggressive,UNKNOWN,15301.072527,28465.640689,3934.359311,1308.675872,-30690.681909,19972.992314,508.993152,31442.266557,118.057967,5503.610020,18.833148,0.011440,False,False,False,False,True,True,False,1-circle,-1.000000,5634.802350,-21314.221112,0.392224,0.137091,100.000000,100.000000,0.000000,0.000000,2,4,4,0.0000,0.0000,0.0000,0.5000,"Accelerate",0.011044
4965,A0100,pursuit_chase_v1,UNKNOWN,15301.072527,28465.640689,3934.359311,1308.675872,-30690.681909,19972.992314,508.993152,31442.266557,118.057967,5503.610020,18.833148,0.011440,False,False,False,False,True,True,False,1-circle,-1.000000,5634.802350,-21314.221112,0.392224,0.137091,100.000000,100.000000,0.000000,0.000000,2,4,4,0.0000,0.0000,0.0000,0.5000,"PursuitChaseOptimal",0.011258
4965,B0100,aggressive,UNKNOWN,15301.072527,28465.640689,3934.359311,1308.675872,-30690.681909,19972.992314,508.993152,31442.266557,118.057967,5503.610020,18.833148,0.011440,False,False,False,False,True,True,False,1-circle,-1.000000,5634.802350,-21314.221112,0.392224,0.137091,100.000000,100.000000,0.000000,0.000000,2,4,4,0.0000,0.0000,0.0000,0.5000,"Accelerate",-0.011004
4966,A0100,pursuit_chase_v1,UNKNOWN,15299.451422,28472.470031,3927.529969,1302.249927,-30695.534413,19973.870720,508.957204,31441.524943,-14.832271,5501.908499,18.662111,0.052481,False,False,False,False,True,True,False,1-circle,-1.000000,5639.597555,-21716.830156,-1.798585,-0.020204,100.000000,100.000000,0.000000,0.000000,2,4,4,0.0000,0.0000,0.0000,0.5000,"PursuitChaseOptimal",0.027644
4966,B0100,aggressive,UNKNOWN,15299.451422,28472.470031,3927.529969,1302.249927,-30695.534413,19973.870720,508.957204,31441.524943,-14.832271,5501.908499,18.662111,0.052481,False,False,False,False,True,True,False,1-circle,-1.000000,5639.597555,-21716.830156,-1.798585,-0.020204,100.000000,100.000000,0.000000,0.000000,2,4,4,0.0000,0.0000,0.0000,0.5000,"Accelerate",-0.028295
4967,A0100,pursuit_chase_v1,UNKNOWN,15299.451422,28472.470031,3927.529969,1302.249927,-30695.534413,19973.870720,508.957204,31441.524943,-14.832271,5501.908499,18.662111,0.052481,False,False,False,False,True,True,False,1-circle,-1.000000,5639.597555,-21716.830156,-1.798585,-0.020204,100.000000,100.000000,0.000000,0.000000,2,4,4,0.0000,0.0000,0.0000,0.5000,"PursuitChaseOptimal",0.034714
4967,B0100,aggressive,UNKNOWN,15299.451422,28472.470031,3927.529969,1302.249927,-30695.534413,19973.870720,508.957204,31441.524943,-14.832271,5501.908499,18.662111,0.052481,False,False,False,False,True,True,False,1-circle,-1.000000,5639.597555,-21716.830156,-1.798585,-0.020204,100.000000,100.000000,0.000000,0.000000,2,4,4,0.0000,0.0000,0.0000,0.5000,"Accelerate",-0.035448
4968,A0100,pursuit_chase_v1,UNKNOWN,15297.799903,28468.551351,3931.448649,1296.145691,-30707.750384,19974.758195,509.082859,31448.075582,131.012772,5488.463193,18.534269,0.006934,False,False,False,False,True,True,False,1-circle,-1.000000,5644.209988,-21444.027646,-0.237768,-0.076707,100.000000,100.000000,0.000000,0.000000,2,4,4,0.0000,0.0000,0.0000,0.5000,"PursuitChaseOptimal",0.028358
4968,B0100,aggressive,UNKNOWN,15297.799903,28468.551351,3931.448649,1296.145691,-30707.750384,19974.758195,509.082859,31448.075582,131.012772,5488.463193,18.534269,0.006934,False,False,False,False,True,True,False,1-circle,-1.000000,5644.209988,-21444.027646,-0.237768,-0.076707,100.000000,100.000000,0.000000,0.000000,2,4,4,0.0000,0.0000,0.0000,0.5000,"Accelerate",-0.028342
4969,A0100,pursuit_chase_v1,UNKNOWN,15297.799903,28468.551351,3931.448649,1296.145691,-30707.750384,19974.758195,509.082859,31448.075582,131.012772,5488.463193,18.534269,0.006934,False,False,False,False,True,True,False,1-circle,-1.000000,5644.209988,-21444.027646,-0.237768,-0.076707,100.000000,100.000000,0.000000,0.000000,2,4,4,0.0000,0.0000,0.0000,0.5000,"PursuitChaseOptimal",0.029549
4969,B0100,aggressive,UNKNOWN,15297.799903,28468.551351,3931.448649,1296.145691,-30707.750384,19974.758195,509.082859,31448.075582,131.012772,5488.463193,18.534269,0.006934,False,False,False,False,True,True,False,1-circle,-1.000000,5644.209988,-21444.027646,-0.237768,-0.076707,100.000000,100.000000,0.000000,0.000000,2,4,4,0.0000,0.0000,0.0000,0.5000,"Accelerate",-0.029407
4970,A0100,pursuit_chase_v1,UNKNOWN,15296.053042,28471.790119,3928.209881,1293.909943,-30710.847806,19975.631806,509.020214,31446.125671,-38.998211,5453.409257,18.607846,0.070900,False,False,False,False,True,True,False,1-circle,-1.000000,5648.565898,-21846.540289,-2.429513,-0.141155,100.000000,100.000000,0.000000,0.000000,2,4,4,0.0000,0.0000,0.0000,0.5000,"PursuitChaseOptimal",0.030156
4970,B0100,aggressive,UNKNOWN,15296.053042,28471.790119,3928.209881,1293.909943,-30710.847806,19975.631806,509.020214,31446.125671,-38.998211,5453.409257,18.607846,0.070900,False,False,False,False,True,True,False,1-circle,-1.000000,5648.565898,-21846.540289,-2.429513,-0.141155,100.000000,100.000000,0.000000,0.000000,2,4,4,0.0000,0.0000,0.0000,0.5000,"Accelerate",-0.030606
4971,A0100,pursuit_chase_v1,UNKNOWN,15296.053042,28471.790119,3928.209881,1293.909943,-30710.847806,19975.631806,509.020214,31446.125671,-38.998211,5453.409257,18.607846,0.070900,False,False,False,False,True,True,False,1-circle,-1.000000,5648.565898,-21846.540289,-2.429513,-0.141155,100.000000,100.000000,0.000000,0.000000,2,4,4,0.0000,0.0000,0.0000,0.5000,"PursuitChaseOptimal",0.034590
4971,B0100,aggressive,UNKNOWN,15296.053042,28471.790119,3928.209881,1293.909943,-30710.847806,19975.631806,509.020214,31446.125671,-38.998211,5453.409257,18.607846,0.070900,False,False,False,False,True,True,False,1-circle,-1.000000,5648.565898,-21846.540289,-2.429513,-0.141155,100.000000,100.000000,0.000000,0.000000,2,4,4,0.0000,0.0000,0.0000,0.5000,"Accelerate",-0.035248
4972,A0100,pursuit_chase_v1,UNKNOWN,15294.217440,28464.815785,3935.184215,1290.462057,-30721.384043,19976.495604,509.158915,31453.241410,142.314766,5443.260815,18.474851,0.018600,False,False,False,False,True,True,False,1-circle,-1.000000,5652.671248,-21531.904472,-0.637893,-0.040900,100.000000,100.000000,0.000000,0.000000,2,4,4,0.0000,0.0000,0.0000,0.5000,"PursuitChaseOptimal",0.041363
4972,B0100,aggressive,UNKNOWN,15294.217440,28464.815785,3935.184215,1290.462057,-30721.384043,19976.495604,509.158915,31453.241410,142.314766,5443.260815,18.474851,0.018600,False,False,False,False,True,True,False,1-circle,-1.000000,5652.671248,-21531.904472,-0.637893,-0.040900,100.000000,100.000000,0.000000,0.000000,2,4,4,0.0000,0.0000,0.0000,0.5000,"Accelerate",-0.041658
4973,A0100,pursuit_chase_v1,UNKNOWN,15294.217440,28464.815785,3935.184215,1290.462057,-30721.384043,19976.495604,509.158915,31453.241410,142.314766,5443.260815,18.474851,0.018600,False,False,False,False,True,True,False,1-circle,-1.000000,5652.671248,-21531.904472,-0.637893,-0.040900,100.000000,100.000000,0.000000,0.000000,2,4,4,0.0000,0.0000,0.0000,0.5000,"PursuitChaseOptimal",0.050290
4973,B0100,aggressive,UNKNOWN,15294.217440,28464.815785,3935.184215,1290.462057,-30721.384043,19976.495604,509.158915,31453.241410,142.314766,5443.260815,18.474851,0.018600,False,False,False,False,True,True,False,1-circle,-1.000000,5652.671248,-21531.904472,-0.637893,-0.040900,100.000000,100.000000,0.000000,0.000000,2,4,4,0.0000,0.0000,0.0000,0.5000,"Accelerate",-0.049995
4974,A0100,pursuit_chase_v1,UNKNOWN,15292.351693,28463.293126,3936.706874,1282.616749,-30728.006978,19977.268515,509.204241,31456.057757,56.326944,5435.215946,17.959946,0.004041,False,False,False,False,True,True,False,1-circle,-1.000000,5656.538090,-21449.727312,-0.138588,-0.258450,100.000000,100.000000,0.000000,0.000000,2,4,4,0.0000,0.0000,0.0000,0.5000,"PursuitChaseOptimal",0.055361
4974,B0100,aggressive,UNKNOWN,15292.351693,28463.293126,3936.706874,1282.616749,-30728.006978,19977.268515,509.204241,31456.057757,56.326944,5435.215946,17.959946,0.004041,False,False,False,False,True,True,False,1-circle,-1.000000,5656.538090,-21449.727312,-0.138588,-0.258450,100.000000,100.000000,0.000000,0.000000,2,4,4,0.0000,0.0000,0.0000,0.5000,"Accelerate",-0.054726
4975,A0100,pursuit_chase_v1,UNKNOWN,15292.351693,28463.293126,3936.706874,1282.616749,-30728.006978,19977.268515,509.204241,31456.057757,56.326944,5435.215946,17.959946,0.004041,False,False,False,False,True,True,False,1-circle,-1.000000,5656.538090,-21449.727312,-0.138588,-0.258450,100.000000,100.000000,0.000000,0.000000,2,4,4,0.0000,0.0000,0.0000,0.5000,"PursuitChaseOptimal",0.048179
4975,B0100,aggressive,UNKNOWN,15292.351693,28463.293126,3936.706874,1282.616749,-30728.006978,19977.268515,509.204241,31456.057757,56.326944,5435.215946,17.959946,0.004041,False,False,False,False,True,True,False,1-circle,-1.000000,5656.538090,-21449.727312,-0.138588,-0.258450,100.000000,100.000000,0.000000,0.000000,2,4,4,0.0000,0.0000,0.0000,0.5000,"Accelerate",-0.048055
4976,A0100,pursuit_chase_v1,UNKNOWN,15290.458422,28465.465341,3934.534659,1269.606327,-30736.869556,19978.077320,509.210077,31457.129699,21.438846,5449.211368,16.901442,0.038106,False,False,False,False,True,True,False,1-circle,-1.000000,5659.935031,-21667.362292,-1.306809,-0.057455,100.000000,100.000000,0.000000,0.000000,2,4,4,0.0000,0.0000,0.0000,0.5000,"PursuitChaseOptimal",0.040341
4976,B0100,aggressive,UNKNOWN,15290.458422,28465.465341,3934.534659,1269.606327,-30736.869556,19978.077320,509.210077,31457.129699,21.438846,5449.211368,16.901442,0.038106,False,False,False,False,True,True,False,1-circle,-1.000000,5659.935031,-21667.362292,-1.306809,-0.057455,100.000000,100.000000,0.000000,0.000000,2,4,4,0.0000,0.0000,0.0000,0.5000,"Accelerate",-0.040280
4977,A0100,pursuit_chase_v1,UNKNOWN,15290.458422,28465.465341,3934.534659,1269.606327,-30736.869556,19978.077320,509.210077,31457.129699,21.438846,5449.211368,16.901442,0.038106,False,False,False,False,True,True,False,1-circle,-1.000000,5659.935031,-21667.362292,-1.306809,-0.057455,100.000000,100.000000,0.000000,0.000000,2,4,4,0.0000,0.0000,0.0000,0.5000,"PursuitChaseOptimal",0.043306
4977,B0100,aggressive,UNKNOWN,15290.458422,28465.465341,3934.534659,1269.606327,-30736.869556,19978.077320,509.210077,31457.129699,21.438846,5449.211368,16.901442,0.038106,False,False,False,False,True,True,False,1-circle,-1.000000,5659.935031,-21667.362292,-1.306809,-0.057455,100.000000,100.000000,0.000000,0.000000,2,4,4,0.0000,0.0000,0.0000,0.5000,"Accelerate",-0.042434
4978,A0100,pursuit_chase_v1,UNKNOWN,15288.625536,28464.878629,3935.121371,1265.046416,-30743.701774,19978.835976,509.245348,31459.478640,46.978813,5463.776189,16.063383,0.019491,False,False,False,False,True,True,False,1-circle,-1.000000,5663.005801,-21559.564676,-0.668567,-0.178008,100.000000,100.000000,0.000000,0.000000,2,4,4,0.0000,0.0000,0.0000,0.5000,"PursuitChaseOptimal",0.023539
4978,B0100,aggressive,UNKNOWN,15288.625536,28464.878629,3935.121371,1265.046416,-30743.701774,19978.835976,509.245348,31459.478640,46.978813,5463.776189,16.063383,0.019491,False,False,False,False,True,True,False,1-circle,-1.000000,5663.005801,-21559.564676,-0.668567,-0.178008,100.000000,100.000000,0.000000,0.000000,2,4,4,0.0000,0.0000,0.0000,0.5000,"Accelerate",-0.022888
4979,A0100,pursuit_chase_v1,UNKNOWN,15288.625536,28464.878629,3935.121371,1265.046416,-30743.701774,19978.835976,509.245348,31459.478640,46.978813,5463.776189,16.063383,0.019491,False,False,False,False,True,True,False,1-circle,-1.000000,5663.005801,-21559.564676,-0.668567,-0.178008,100.000000,100.000000,0.000000,0.000000,2,4,4,0.0000,0.0000,0.0000,0.5000,"PursuitChaseOptimal",0.000939
4979,B0100,aggressive,UNKNOWN,15288.625536,28464.878629,3935.121371,1265.046416,-30743.701774,19978.835976,509.245348,31459.478640,46.978813,5463.776189,16.063383,0.019491,False,False,False,False,True,True,False,1-circle,-1.000000,5663.005801,-21559.564676,-0.668567,-0.178008,100.000000,100.000000,0.000000,0.000000,2,4,4,0.0000,0.0000,0.0000,0.5000,"Accelerate",-0.001370
4980,A0100,pursuit_chase_v1,UNKNOWN,15286.785334,28465.846329,3934.153671,1265.517646,-30752.218373,19979.633791,509.255743,31460.745116,25.329526,5469.769456,15.773329,0.056702,False,False,False,False,True,True,False,1-circle,-1.000000,5665.780516,-21796.094135,-1.944319,-0.127523,100.000000,100.000000,0.000000,0.000000,2,4,4,0.0000,0.0000,0.0000,0.5000,"PursuitChaseOptimal",-0.002672
4980,B0100,aggressive,UNKNOWN,15286.785334,28465.846329,3934.153671,1265.517646,-30752.218373,19979.633791,509.255743,31460.745116,25.329526,5469.769456,15.773329,0.056702,False,False,False,False,True,True,False,1-circle,-1.000000,5665.780516,-21796.094135,-1.944319,-0.127523,100.000000,100.000000,0.000000,0.000000,2,4,4,0.0000,0.0000,0.0000,0.5000,"Accelerate",0.001955
4981,A0100,pursuit_chase_v1,UNKNOWN,15286.785334,28465.846329,3934.153671,1265.517646,-30752.218373,19979.633791,509.255743,31460.745116,25.329526,5469.769456,15.773329,0.056702,False,False,False,False,True,True,False,1-circle,-1.000000,5665.780516,-21796.094135,-1.944319,-0.127523,100.000000,100.000000,0.000000,0.000000,2,4,4,0.0000,0.0000,0.0000,0.5000,"PursuitChaseOptimal",0.008142
4981,B0100,aggressive,UNKNOWN,15286.785334,28465.846329,3934.153671,1265.517646,-30752.218373,19979.633791,509.255743,31460.745116,25.329526,5469.769456,15.773329,0.056702,False,False,False,False,True,True,False,1-circle,-1.000000,5665.780516,-21796.094135,-1.944319,-0.127523,100.000000,100.000000,0.000000,0.000000,2,4,4,0.0000,0.0000,0.0000,0.5000,"Accelerate",-0.008329
4982,A0100,pursuit_chase_v1,UNKNOWN,15284.996076,28457.458206,3942.541794,1266.261886,-30760.636532,19980.327623,509.399937,31467.941549,143.928651,5481.585162,15.736321,0.022315,False,False,False,False,True,True,False,1-circle,-1.000000,5668.633031,-21315.251381,0.765635,-0.297979,100.000000,100.000000,0.000000,0.000000,2,4,4,0.0000,0.0000,0.0000,0.5000,"PursuitChaseOptimal",0.018941
4982,B0100,aggressive,UNKNOWN,15284.996076,28457.458206,3942.541794,1266.261886,-30760.636532,19980.327623,509.399937,31467.941549,143.928651,5481.585162,15.736321,0.022315,False,False,False,False,True,True,False,1-circle,-1.000000,5668.633031,-21315.251381,0.765635,-0.297979,100.000000,100.000000,0.000000,0.000000,2,4,4,0.0000,0.0000,0.0000,0.5000,"Accelerate",-0.018317
4983,A0100,pursuit_chase_v1,UNKNOWN,15284.996076,28457.458206,3942.541794,1266.261886,-30760.636532,19980.327623,509.399937,31467.941549,143.928651,5481.585162,15.736321,0.022315,False,False,False,False,True,True,False,1-circle,-1.000000,5668.633031,-21315.251381,0.765635,-0.297979,100.000000,100.000000,0.000000,0.000000,2,4,4,0.0000,0.0000,0.0000,0.5000,"PursuitChaseOptimal",0.032803
4983,B0100,aggressive,UNKNOWN,15284.996076,28457.458206,3942.541794,1266.261886,-30760.636532,19980.327623,509.399937,31467.941549,143.928651,5481.585162,15.736321,0.022315,False,False,False,False,True,True,False,1-circle,-1.000000,5668.633031,-21315.251381,0.765635,-0.297979,100.000000,100.000000,0.000000,0.000000,2,4,4,0.0000,0.0000,0.0000,0.5000,"Accelerate",-0.031804
4984,A0100,pursuit_chase_v1,UNKNOWN,15283.181499,28465.379465,3934.620535,1263.793821,-30766.209236,19981.022430,509.359412,31466.808668,-22.657605,5462.285931,15.480173,0.043505,False,False,False,False,True,True,False,1-circle,-1.000000,5671.362913,-21728.567476,-1.492342,-0.073224,100.000000,100.000000,0.000000,0.000000,2,4,4,0.0000,0.0000,0.0000,0.5000,"PursuitChaseOptimal",0.033625
4984,B0100,aggressive,UNKNOWN,15283.181499,28465.379465,3934.620535,1263.793821,-30766.209236,19981.022430,509.359412,31466.808668,-22.657605,5462.285931,15.480173,0.043505,False,False,False,False,True,True,False,1-circle,-1.000000,5671.362913,-21728.567476,-1.492342,-0.073224,100.000000,100.000000,0.000000,0.000000,2,4,4,0.0000,0.0000,0.0000,0.5000,"Accelerate",-0.033048
4985,A0100,pursuit_chase_v1,UNKNOWN,15283.181499,28465.379465,3934.620535,1263.793821,-30766.209236,19981.022430,509.359412,31466.808668,-22.657605,5462.285931,15.480173,0.043505,False,False,False,False,True,True,False,1-circle,-1.000000,5671.362913,-21728.567476,-1.492342,-0.073224,100.000000,100.000000,0.000000,0.000000,2,4,4,0.0000,0.0000,0.0000,0.5000,"PursuitChaseOptimal",0.015389
4985,B0100,aggressive,UNKNOWN,15283.181499,28465.379465,3934.620535,1263.793821,-30766.209236,19981.022430,509.359412,31466.808668,-22.657605,5462.285931,15.480173,0.043505,False,False,False,False,True,True,False,1-circle,-1.000000,5671.362913,-21728.567476,-1.492342,-0.073224,100.000000,100.000000,0.000000,0.000000,2,4,4,0.0000,0.0000,0.0000,0.5000,"Accelerate",-0.015280
4986,A0100,pursuit_chase_v1,UNKNOWN,15281.323139,28466.369681,3933.630319,1259.869345,-30777.363703,19981.756000,509.463039,31472.216180,108.150230,5456.630917,15.195355,0.002466,False,False,False,False,True,True,False,1-circle,-1.000000,5673.808536,-21451.401770,0.084629,0.058389,100.000000,100.000000,0.000000,0.000000,2,4,4,0.0000,0.0000,0.0000,0.5000,"PursuitChaseOptimal",0.002765
4986,B0100,aggressive,UNKNOWN,15281.323139,28466.369681,3933.630319,1259.869345,-30777.363703,19981.756000,509.463039,31472.216180,108.150230,5456.630917,15.195355,0.002466,False,False,False,False,True,True,False,1-circle,-1.000000,5673.808536,-21451.401770,0.084629,0.058389,100.000000,100.000000,0.000000,0.000000,2,4,4,0.0000,0.0000,0.0000,0.5000,"Accelerate",-0.002377
4987,A0100,pursuit_chase_v1,UNKNOWN,15281.323139,28466.369681,3933.630319,1259.869345,-30777.363703,19981.756000,509.463039,31472.216180,108.150230,5456.630917,15.195355,0.002466,False,False,False,False,True,True,False,1-circle,-1.000000,5673.808536,-21451.401770,0.084629,0.058389,100.000000,100.000000,0.000000,0.000000,2,4,4,0.0000,0.0000,0.0000,0.5000,"PursuitChaseOptimal",-0.011701
4987,B0100,aggressive,UNKNOWN,15281.323139,28466.369681,3933.630319,1259.869345,-30777.363703,19981.756000,509.463039,31472.216180,108.150230,5456.630917,15.195355,0.002466,False,False,False,False,True,True,False,1-circle,-1.000000,5673.808536,-21451.401770,0.084629,0.058389,100.000000,100.000000,0.000000,0.000000,2,4,4,0.0000,0.0000,0.0000,0.5000,"Accelerate",0.011782
4988,A0100,pursuit_chase_v1,UNKNOWN,15279.448339,28474.315368,3925.684632,1264.096661,-30782.046903,19982.522282,509.420483,31471.062903,-23.065541,5449.870467,15.187575,0.061296,False,False,False,False,True,True,False,1-circle,-1.000000,5676.139570,-21851.696622,-2.102427,-0.094446,100.000000,100.000000,0.000000,0.000000,2,4,4,0.0000,0.0000,0.0000,0.5000,"PursuitChaseOptimal",-0.019057
4988,B0100,aggressive,UNKNOWN,15279.448339,28474.315368,3925.684632,1264.096661,-30782.046903,19982.522282,509.420483,31471.062903,-23.065541,5449.870467,15.187575,0.061296,False,False,False,False,True,True,False,1-circle,-1.000000,5676.139570,-21851.696622,-2.102427,-0.094446,100.000000,100.000000,0.000000,0.000000,2,4,4,0.0000,0.0000,0.0000,0.5000,"Accelerate",0.018262
4989,A0100,pursuit_chase_v1,UNKNOWN,15279.448339,28474.315368,3925.684632,1264.096661,-30782.046903,19982.522282,509.420483,31471.062903,-23.065541,5449.870467,15.187575,0.061296,False,False,False,False,True,True,False,1-circle,-1.000000,5676.139570,-21851.696622,-2.102427,-0.094446,100.000000,100.000000,0.000000,0.000000,2,4,4,0.0000,0.0000,0.0000,0.5000,"PursuitChaseOptimal",-0.020152
4989,B0100,aggressive,UNKNOWN,15279.448339,28474.315368,3925.684632,1264.096661,-30782.046903,19982.522282,509.420483,31471.062903,-23.065541,5449.870467,15.187575,0.061296,False,False,False,False,True,True,False,1-circle,-1.000000,5676.139570,-21851.696622,-2.102427,-0.094446,100.000000,100.000000,0.000000,0.000000,2,4,4,0.0000,0.0000,0.0000,0.5000,"Accelerate",0.019098
4990,A0100,pursuit_chase_v1,UNKNOWN,15277.586394,28467.912930,3932.087070,1269.306618,-30792.728162,19983.292348,509.576199,31478.857518,155.892303,5462.026054,15.442806,0.008025,False,False,False,False,True,True,False,1-circle,-1.000000,5678.569297,-21529.562362,-0.275449,-0.146915,100.000000,100.000000,0.000000,0.000000,2,4,4,0.0000,0.0000,0.0000,0.5000,"PursuitChaseOptimal",-0.022577
4990,B0100,aggressive,UNKNOWN,15277.586394,28467.912930,3932.087070,1269.306618,-30792.728162,19983.292348,509.576199,31478.857518,155.892303,5462.026054,15.442806,0.008025,False,False,False,False,True,True,False,1-circle,-1.000000,5678.569297,-21529.562362,-0.275449,-0.146915,100.000000,100.000000,0.000000,0.000000,2,4,4,0.0000,0.0000,0.0000,0.5000,"Accelerate",0.021825
4991,A0100,pursuit_chase_v1,UNKNOWN,15277.586394,28467.912930,3932.087070,1269.306618,-30792.728162,19983.292348,509.576199,31478.857518,155.892303,5462.026054,15.442806,0.008025,False,False,False,False,True,True,False,1-circle,-1.000000,5678.569297,-21529.562362,-0.275449,-0.146915,100.000000,100.000000,0.000000,0.000000,2,4,4,0.0000,0.0000,0.0000,0.5000,"PursuitChaseOptimal",-0.017902
4991,B0100,aggressive,UNKNOWN,15277.586394,28467.912930,3932.087070,1269.306618,-30792.728162,19983.292348,509.576199,31478.857518,155.892303,5462.026054,15.442806,0.008025,False,False,False,False,True,True,False,1-circle,-1.000000,5678.569297,-21529.562362,-0.275449,-0.146915,100.000000,100.000000,0.000000,0.000000,2,4,4,0.0000,0.0000,0.0000,0.5000,"Accelerate",0.017873
4992,A0100,pursuit_chase_v1,UNKNOWN,15275.759357,28469.725217,3930.274783,1273.679967,-30799.776777,19983.980197,509.575456,31479.511868,13.086993,5462.940948,15.680995,0.006137,False,False,False,False,True,True,False,1-circle,-1.000000,5681.234300,-21448.979742,0.210664,-0.200437,100.000000,100.000000,0.000000,0.000000,2,4,4,0.0000,0.0000,0.0000,0.5000,"PursuitChaseOptimal",-0.000882
4992,B0100,aggressive,UNKNOWN,15275.759357,28469.725217,3930.274783,1273.679967,-30799.776777,19983.980197,509.575456,31479.511868,13.086993,5462.940948,15.680995,0.006137,False,False,False,False,True,True,False,1-circle,-1.000000,5681.234300,-21448.979742,0.210664,-0.200437,100.000000,100.000000,0.000000,0.000000,2,4,4,0.0000,0.0000,0.0000,0.5000,"Accelerate",0.001243
4993,A0100,pursuit_chase_v1,UNKNOWN,15275.759357,28469.725217,3930.274783,1273.679967,-30799.776777,19983.980197,509.575456,31479.511868,13.086993,5462.940948,15.680995,0.006137,False,False,False,False,True,True,False,1-circle,-1.000000,5681.234300,-21448.979742,0.210664,-0.200437,100.000000,100.000000,0.000000,0.000000,2,4,4,0.0000,0.0000,0.0000,0.5000,"PursuitChaseOptimal",0.011629
4993,B0100,aggressive,UNKNOWN,15275.759357,28469.725217,3930.274783,1273.679967,-30799.776777,19983.980197,509.575456,31479.511868,13.086993,5462.940948,15.680995,0.006137,False,False,False,False,True,True,False,1-circle,-1.000000,5681.234300,-21448.979742,0.210664,-0.200437,100.000000,100.000000,0.000000,0.000000,2,4,4,0.0000,0.0000,0.0000,0.5000,"Accelerate",-0.011540
4994,A0100,pursuit_chase_v1,UNKNOWN,15273.920985,28476.072580,3923.927420,1272.396407,-30809.092884,19984.742198,509.631909,31482.821056,66.183763,5456.285524,15.559785,0.028189,False,False,False,False,True,True,False,1-circle,-1.000000,5683.877803,-21667.991388,-0.967607,0.114092,100.000000,100.000000,0.000000,0.000000,2,4,4,0.0000,0.0000,0.0000,0.5000,"PursuitChaseOptimal",0.017068
4994,B0100,aggressive,UNKNOWN,15273.920985,28476.072580,3923.927420,1272.396407,-30809.092884,19984.742198,509.631909,31482.821056,66.183763,5456.285524,15.559785,0.028189,False,False,False,False,True,True,False,1-circle,-1.000000,5683.877803,-21667.991388,-0.967607,0.114092,100.000000,100.000000,0.000000,0.000000,2,4,4,0.0000,0.0000,0.0000,0.5000,"Accelerate",-0.016968
4995,A0100,pursuit_chase_v1,UNKNOWN,15273.920985,28476.072580,3923.927420,1272.396407,-30809.092884,19984.742198,509.631909,31482.821056,66.183763,5456.285524,15.559785,0.028189,False,False,False,False,True,True,False,1-circle,-1.000000,5683.877803,-21667.991388,-0.967607,0.114092,100.000000,100.000000,0.000000,0.000000,2,4,4,0.0000,0.0000,0.0000,0.5000,"PursuitChaseOptimal",0.005159
4995,B0100,aggressive,UNKNOWN,15273.920985,28476.072580,3923.927420,1272.396407,-30809.092884,19984.742198,509.631909,31482.821056,66.183763,5456.285524,15.559785,0.028189,False,False,False,False,True,True,False,1-circle,-1.000000,5683.877803,-21667.991388,-0.967607,0.114092,100.000000,100.000000,0.000000,0.000000,2,4,4,0.0000,0.0000,0.0000,0.5000,"Accelerate",-0.004723
4996,A0100,pursuit_chase_v1,UNKNOWN,15272.063635,28479.340936,3920.659064,1273.603808,-30816.449887,19985.501708,509.676534,31485.594250,55.463884,5450.248481,15.418089,0.012552,False,False,False,False,True,True,False,1-circle,-1.000000,5686.416962,-21578.255224,-0.430939,-0.043642,100.000000,100.000000,0.000000,0.000000,2,4,4,0.0000,0.0000,0.0000,0.5000,"PursuitChaseOptimal",-0.008367
4996,B0100,aggressive,UNKNOWN,15272.063635,28479.340936,3920.659064,1273.603808,-30816.449887,19985.501708,509.676534,31485.594250,55.463884,5450.248481,15.418089,0.012552,False,False,False,False,True,True,False,1-circle,-1.000000,5686.416962,-21578.255224,-0.430939,-0.043642,100.000000,100.000000,0.000000,0.000000,2,4,4,0.0000,0.0000,0.0000,0.5000,"Accelerate",0.008559
4997,A0100,pursuit_chase_v1,UNKNOWN,15272.063635,28479.340936,3920.659064,1273.603808,-30816.449887,19985.501708,509.676534,31485.594250,55.463884,5450.248481,15.418089,0.012552,False,False,False,False,True,True,False,1-circle,-1.000000,5686.416962,-21578.255224,-0.430939,-0.043642,100.000000,100.000000,0.000000,0.000000,2,4,4,0.0000,0.0000,0.0000,0.5000,"PursuitChaseOptimal",-0.016434
4997,B0100,aggressive,UNKNOWN,15272.063635,28479.340936,3920.659064,1273.603808,-30816.449887,19985.501708,509.676534,31485.594250,55.463884,5450.248481,15.418089,0.012552,False,False,False,False,True,True,False,1-circle,-1.000000,5686.416962,-21578.255224,-0.430939,-0.043642,100.000000,100.000000,0.000000,0.000000,2,4,4,0.0000,0.0000,0.0000,0.5000,"Accelerate",0.015752
4998,A0100,pursuit_chase_v1,UNKNOWN,15270.202854,28482.570891,3917.429109,1274.945412,-30825.389815,19986.333075,509.693159,31487.175889,31.632771,5456.926994,15.412760,0.047131,False,False,False,False,True,True,False,1-circle,-1.000000,5688.885106,-21798.714366,-1.617748,-0.034649,100.000000,100.000000,0.000000,0.000000,2,4,4,0.0000,0.0000,0.0000,0.5000,"PursuitChaseOptimal",-0.011146
4998,B0100,aggressive,UNKNOWN,15270.202854,28482.570891,3917.429109,1274.945412,-30825.389815,19986.333075,509.693159,31487.175889,31.632771,5456.926994,15.412760,0.047131,False,False,False,False,True,True,False,1-circle,-1.000000,5688.885106,-21798.714366,-1.617748,-0.034649,100.000000,100.000000,0.000000,0.000000,2,4,4,0.0000,0.0000,0.0000,0.5000,"Accelerate",0.010318
4999,A0100,pursuit_chase_v1,UNKNOWN,15270.202854,28482.570891,3917.429109,1274.945412,-30825.389815,19986.333075,509.693159,31487.175889,31.632771,5456.926994,15.412760,0.047131,False,False,False,False,True,True,False,1-circle,-1.000000,5688.885106,-21798.714366,-1.617748,-0.034649,100.000000,100.000000,0.000000,0.000000,2,4,4,0.0000,0.0000,0.0000,0.5000,"PursuitChaseOptimal",-0.004203
4999,B0100,aggressive,UNKNOWN,15270.202854,28482.570891,3917.429109,1274.945412,-30825.389815,19986.333075,509.693159,31487.175889,31.632771,5456.926994,15.412760,0.047131,False,False,False,False,True,True,False,1-circle,-1.000000,5688.885106,-21798.714366,-1.617748,-0.034649,100.000000,100.000000,0.000000,0.000000,2,4,4,0.0000,0.0000,0.0000,0.5000,"Accelerate",0.003833
5000,A0100,pursuit_chase_v1,UNKNOWN,15268.388429,28475.364166,3924.635834,1277.903915,-30834.303881,19987.078503,509.840739,31494.582314,148.128513,5468.963813,15.496867,0.030901,False,False,False,False,True,True,False,1-circle,-1.000000,5691.523390,-21323.485996,1.061119,-0.224978,100.000000,100.000000,0.000000,0.000000,2,4,4,0.0000,0.0000,0.0000,0.5000,"PursuitChaseOptimal",0.008532
5000,B0100,aggressive,UNKNOWN,15268.388429,28475.364166,3924.635834,1277.903915,-30834.303881,19987.078503,509.840739,31494.582314,148.128513,5468.963813,15.496867,0.030901,False,False,False,False,True,True,False,1-circle,-1.000000,5691.523390,-21323.485996,1.061119,-0.224978,100.000000,100.000000,0.000000,0.000000,2,4,4,0.0000,0.0000,0.0000,0.5000,"Accelerate",-0.008067
5001,A0100,pursuit_chase_v1,UNKNOWN,15268.388429,28475.364166,3924.635834,1277.903915,-30834.303881,19987.078503,509.840739,31494.582314,148.128513,5468.963813,15.496867,0.030901,False,False,False,False,True,True,False,1-circle,-1.000000,5691.523390,-21323.485996,1.061119,-0.224978,100.000000,100.000000,0.000000,0.000000,2,4,4,0.0000,0.0000,0.0000,0.5000,"PursuitChaseOptimal",0.022543
5001,B0100,aggressive,UNKNOWN,15268.388429,28475.364166,3924.635834,1277.903915,-30834.303881,19987.078503,509.840739,31494.582314,148.128513,5468.963813,15.496867,0.030901,False,False,False,False,True,True,False,1-circle,-1.000000,5691.523390,-21323.485996,1.061119,-0.224978,100.000000,100.000000,0.000000,0.000000,2,4,4,0.0000,0.0000,0.0000,0.5000,"Accelerate",-0.021737
5002,A0100,pursuit_chase_v1,UNKNOWN,15266.564622,28484.164459,3915.835541,1277.993349,-30840.404052,19987.834830,509.800242,31493.510622,-21.433837,5454.758542,15.284743,0.035932,False,False,False,False,True,True,False,1-circle,-1.000000,5694.115224,-21743.513081,-1.233736,-0.008760,100.000000,100.000000,0.000000,0.000000,2,4,4,0.0000,0.0000,0.0000,0.5000,"PursuitChaseOptimal",0.026710
5002,B0100,aggressive,UNKNOWN,15266.564622,28484.164459,3915.835541,1277.993349,-30840.404052,19987.834830,509.800242,31493.510622,-21.433837,5454.758542,15.284743,0.035932,False,False,False,False,True,True,False,1-circle,-1.000000,5694.115224,-21743.513081,-1.233736,-0.008760,100.000000,100.000000,0.000000,0.000000,2,4,4,0.0000,0.0000,0.0000,0.5000,"Accelerate",-0.026293
5003,A0100,pursuit_chase_v1,UNKNOWN,15266.564622,28484.164459,3915.835541,1277.993349,-30840.404052,19987.834830,509.800242,31493.510622,-21.433837,5454.758542,15.284743,0.035932,False,False,False,False,True,True,False,1-circle,-1.000000,5694.115224,-21743.513081,-1.233736,-0.008760,100.000000,100.000000,0.000000,0.000000,2,4,4,0.0000,0.0000,0.0000,0.5000,"PursuitChaseOptimal",0.013112
5003,B0100,aggressive,UNKNOWN,15266.564622,28484.164459,3915.835541,1277.993349,-30840.404052,19987.834830,509.800242,31493.510622,-21.433837,5454.758542,15.284743,0.035932,False,False,False,False,True,True,False,1-circle,-1.000000,5694.115224,-21743.513081,-1.233736,-0.008760,100.000000,100.000000,0.000000,0.000000,2,4,4,0.0000,0.0000,0.0000,0.5000,"Accelerate",-0.013062
5004,A0100,pursuit_chase_v1,UNKNOWN,15264.710933,28485.493743,3914.506257,1274.571237,-30852.013714,19988.635504,509.906446,31499.105650,111.900552,5452.348918,14.995619,0.009458,False,False,False,False,True,True,False,1-circle,-1.000000,5696.477847,-21469.768692,0.324862,0.114898,100.000000,100.000000,0.000000,0.000000,2,4,4,0.0000,0.0000,0.0000,0.5000,"PursuitChaseOptimal",-0.001847
5004,B0100,aggressive,UNKNOWN,15264.710933,28485.493743,3914.506257,1274.571237,-30852.013714,19988.635504,509.906446,31499.105650,111.900552,5452.348918,14.995619,0.009458,False,False,False,False,True,True,False,1-circle,-1.000000,5696.477847,-21469.768692,0.324862,0.114898,100.000000,100.000000,0.000000,0.000000,2,4,4,0.0000,0.0000,0.0000,0.5000,"Accelerate",0.002138
5005,A0100,pursuit_chase_v1,UNKNOWN,15264.710933,28485.493743,3914.506257,1274.571237,-30852.013714,19988.635504,509.906446,31499.105650,111.900552,5452.348918,14.995619,0.009458,False,False,False,False,True,True,False,1-circle,-1.000000,5696.477847,-21469.768692,0.324862,0.114898,100.000000,100.000000,0.000000,0.000000,2,4,4,0.0000,0.0000,0.0000,0.5000,"PursuitChaseOptimal",-0.011424
5005,B0100,aggressive,UNKNOWN,15264.710933,28485.493743,3914.506257,1274.571237,-30852.013714,19988.635504,509.906446,31499.105650,111.900552,5452.348918,14.995619,0.009458,False,False,False,False,True,True,False,1-circle,-1.000000,5696.477847,-21469.768692,0.324862,0.114898,100.000000,100.000000,0.000000,0.000000,2,4,4,0.0000,0.0000,0.0000,0.5000,"Accelerate",0.011537
5006,A0100,pursuit_chase_v1,UNKNOWN,15262.864397,28493.804864,3906.195136,1277.748518,-30857.137242,19989.471930,509.863016,31497.981403,-22.484931,5454.233107,14.860180,0.055065,False,False,False,False,True,True,False,1-circle,-1.000000,5698.749286,-21875.288023,-1.890530,-0.042674,100.000000,100.000000,0.000000,0.000000,2,4,4,0.0000,0.0000,0.0000,0.5000,"PursuitChaseOptimal",-0.010245
5006,B0100,aggressive,UNKNOWN,15262.864397,28493.804864,3906.195136,1277.748518,-30857.137242,19989.471930,509.863016,31497.981403,-22.484931,5454.233107,14.860180,0.055065,False,False,False,False,True,True,False,1-circle,-1.000000,5698.749286,-21875.288023,-1.890530,-0.042674,100.000000,100.000000,0.000000,0.000000,2,4,4,0.0000,0.0000,0.0000,0.5000,"Accelerate",0.009662
5007,A0100,pursuit_chase_v1,UNKNOWN,15262.864397,28493.804864,3906.195136,1277.748518,-30857.137242,19989.471930,509.863016,31497.981403,-22.484931,5454.233107,14.860180,0.055065,False,False,False,False,True,True,False,1-circle,-1.000000,5698.749286,-21875.288023,-1.890530,-0.042674,100.000000,100.000000,0.000000,0.000000,2,4,4,0.0000,0.0000,0.0000,0.5000,"PursuitChaseOptimal",-0.013383
5007,B0100,aggressive,UNKNOWN,15262.864397,28493.804864,3906.195136,1277.748518,-30857.137242,19989.471930,509.863016,31497.981403,-22.484931,5454.233107,14.860180,0.055065,False,False,False,False,True,True,False,1-circle,-1.000000,5698.749286,-21875.288023,-1.890530,-0.042674,100.000000,100.000000,0.000000,0.000000,2,4,4,0.0000,0.0000,0.0000,0.5000,"Accelerate",0.012487
5008,A0100,pursuit_chase_v1,UNKNOWN,15261.040223,28487.454546,3912.545454,1280.469021,-30868.171356,19990.313561,510.018929,31505.862580,157.623524,5467.182233,14.973510,0.002190,False,False,False,False,True,True,False,1-circle,-1.000000,5701.083470,-21555.345314,-0.075228,-0.096929,100.000000,100.000000,0.000000,0.000000,0,0,0,0.0000,0.0000,0.0000,0.5000,"PursuitChaseOptimal",-0.010067
5008,B0100,aggressive,UNKNOWN,15261.040223,28487.454546,3912.545454,1280.469021,-30868.171356,19990.313561,510.018929,31505.862580,157.623524,5467.182233,14.973510,0.002190,False,False,False,False,True,True,False,1-circle,-1.000000,5701.083470,-21555.345314,-0.075228,-0.096929,100.000000,100.000000,0.000000,0.000000,2,4,4,0.0000,0.0000,0.0000,0.5000,"Accelerate",0.009576
5009,A0100,pursuit_chase_v1,UNKNOWN,15261.040223,28487.454546,3912.545454,1280.469021,-30868.171356,19990.313561,510.018929,31505.862580,157.623524,5467.182233,14.973510,0.002190,False,False,False,False,True,True,False,1-circle,-1.000000,5701.083470,-21555.345314,-0.075228,-0.096929,100.000000,100.000000,0.000000,0.000000,0,0,0,0.0000,0.0000,0.0000,0.5000,"PursuitChaseOptimal",-0.003475
5009,B0100,aggressive,UNKNOWN,15261.040223,28487.454546,3912.545454,1280.469021,-30868.171356,19990.313561,510.018929,31505.862580,157.623524,5467.182233,14.973510,0.002190,False,False,False,False,True,True,False,1-circle,-1.000000,5701.083470,-21555.345314,-0.075228,-0.096929,100.000000,100.000000,0.000000,0.000000,2,4,4,0.0000,0.0000,0.0000,0.5000,"Accelerate",0.003721
5010,A0100,pursuit_chase_v1,UNKNOWN,15259.273323,28489.616522,3910.383478,1281.397850,-30875.548693,19991.075428,510.013914,31506.397998,10.708373,5487.275382,14.683503,0.011381,False,False,False,False,True,True,False,1-circle,-1.000000,5703.566914,-21478.355187,0.390989,-0.153323,100.000000,100.000000,0.000000,0.000000,0,0,0,0.0000,0.0000,0.0000,0.5000,"PursuitChaseOptimal",0.004957
5010,B0100,aggressive,UNKNOWN,15259.273323,28489.616522,3910.383478,1281.397850,-30875.548693,19991.075428,510.013914,31506.397998,10.708373,5487.275382,14.683503,0.011381,False,False,False,False,True,True,False,1-circle,-1.000000,5703.566914,-21478.355187,0.390989,-0.153323,100.000000,100.000000,0.000000,0.000000,2,4,4,0.0000,0.0000,0.0000,0.5000,"Accelerate",-0.004483
5011,A0100,pursuit_chase_v1,UNKNOWN,15259.273323,28489.616522,3910.383478,1281.397850,-30875.548693,19991.075428,510.013914,31506.397998,10.708373,5487.275382,14.683503,0.011381,False,False,False,False,True,True,False,1-circle,-1.000000,5703.566914,-21478.355187,0.390989,-0.153323,100.000000,100.000000,0.000000,0.000000,0,0,0,0.0000,0.0000,0.0000,0.5000,"PursuitChaseOptimal",0.014378
5011,B0100,aggressive,UNKNOWN,15259.273323,28489.616522,3910.383478,1281.397850,-30875.548693,19991.075428,510.013914,31506.397998,10.708373,5487.275382,14.683503,0.011381,False,False,False,False,True,True,False,1-circle,-1.000000,5703.566914,-21478.355187,0.390989,-0.153323,100.000000,100.000000,0.000000,0.000000,2,4,4,0.0000,0.0000,0.0000,0.5000,"Accelerate",-0.014219
5012,A0100,pursuit_chase_v1,UNKNOWN,15257.618652,28496.265567,3903.734433,1271.451946,-30885.184070,19991.913749,510.066523,31509.612076,64.281549,5548.822602,13.355867,0.023381,False,False,False,False,True,True,False,1-circle,-1.000000,5705.947341,-21700.147705,-0.803299,0.159093,100.000000,100.000000,0.000000,0.000000,0,0,0,0.0000,0.0000,0.0000,0.5000,"PursuitChaseOptimal",0.034057
5012,B0100,aggressive,UNKNOWN,15257.618652,28496.265567,3903.734433,1271.451946,-30885.184070,19991.913749,510.066523,31509.612076,64.281549,5548.822602,13.355867,0.023381,False,False,False,False,True,True,False,1-circle,-1.000000,5705.947341,-21700.147705,-0.803299,0.159093,100.000000,100.000000,0.000000,0.000000,2,4,4,0.0000,0.0000,0.0000,0.5000,"Accelerate",-0.033573
5013,A0100,pursuit_chase_v1,UNKNOWN,15257.618652,28496.265567,3903.734433,1271.451946,-30885.184070,19991.913749,510.066523,31509.612076,64.281549,5548.822602,13.355867,0.023381,False,False,False,False,True,True,False,1-circle,-1.000000,5705.947341,-21700.147705,-0.803299,0.159093,100.000000,100.000000,0.000000,0.000000,0,0,0,0.0000,0.0000,0.0000,0.5000,"PursuitChaseOptimal",0.041634
5013,B0100,aggressive,UNKNOWN,15257.618652,28496.265567,3903.734433,1271.451946,-30885.184070,19991.913749,510.066523,31509.612076,64.281549,5548.822602,13.355867,0.023381,False,False,False,False,True,True,False,1-circle,-1.000000,5705.947341,-21700.147705,-0.803299,0.159093,100.000000,100.000000,0.000000,0.000000,2,4,4,0.0000,0.0000,0.0000,0.5000,"Accelerate",-0.040344
5014,A0100,pursuit_chase_v1,UNKNOWN,15256.169453,28499.854570,3900.145430,1260.998317,-30892.728049,19992.750807,510.107208,31512.286593,53.490339,5617.539279,11.567893,0.008083,False,False,False,False,True,True,False,1-circle,-1.000000,5708.120266,-21612.128579,-0.277738,-0.000216,100.000000,100.000000,0.000000,0.000000,2,0,4,0.0000,0.0000,0.0000,0.5000,"PursuitChaseOptimal",0.023507
5014,B0100,aggressive,UNKNOWN,15256.169453,28499.854570,3900.145430,1260.998317,-30892.728049,19992.750807,510.107208,31512.286593,53.490339,5617.539279,11.567893,0.008083,False,False,False,False,True,True,False,1-circle,-1.000000,5708.120266,-21612.128579,-0.277738,-0.000216,100.000000,100.000000,0.000000,0.000000,2,4,4,0.0000,0.0000,0.0000,0.5000,"Accelerate",-0.022572
5015,A0100,pursuit_chase_v1,UNKNOWN,15256.169453,28499.854570,3900.145430,1260.998317,-30892.728049,19992.750807,510.107208,31512.286593,53.490339,5617.539279,11.567893,0.008083,False,False,False,False,True,True,False,1-circle,-1.000000,5708.120266,-21612.128579,-0.277738,-0.000216,100.000000,100.000000,0.000000,0.000000,2,0,4,0.0000,0.0000,0.0000,0.5000,"PursuitChaseOptimal",-0.013338
5015,B0100,aggressive,UNKNOWN,15256.169453,28499.854570,3900.145430,1260.998317,-30892.728049,19992.750807,510.107208,31512.286593,53.490339,5617.539279,11.567893,0.008083,False,False,False,False,True,True,False,1-circle,-1.000000,5708.120266,-21612.128579,-0.277738,-0.000216,100.000000,100.000000,0.000000,0.000000,2,4,4,0.0000,0.0000,0.0000,0.5000,"Accelerate",0.012622
5016,A0100,pursuit_chase_v1,UNKNOWN,15254.882639,28503.480594,3896.519406,1237.503786,-30901.782097,19993.660754,510.119561,31513.754504,29.358236,5667.846294,10.523275,0.042994,False,False,False,False,True,True,False,1-circle,-1.000000,5709.978370,-21834.276538,-1.477061,0.008888,100.000000,100.000000,0.000000,0.000000,2,4,4,0.0000,0.0000,0.0000,0.5000,"PursuitChaseOptimal",-0.042318
5016,B0100,aggressive,UNKNOWN,15254.882639,28503.480594,3896.519406,1237.503786,-30901.782097,19993.660754,510.119561,31513.754504,29.358236,5667.846294,10.523275,0.042994,False,False,False,False,True,True,False,1-circle,-1.000000,5709.978370,-21834.276538,-1.477061,0.008888,100.000000,100.000000,0.000000,0.000000,2,4,4,0.0000,0.0000,0.0000,0.5000,"Accelerate",0.040872
5017,A0100,pursuit_chase_v1,UNKNOWN,15254.882639,28503.480594,3896.519406,1237.503786,-30901.782097,19993.660754,510.119561,31513.754504,29.358236,5667.846294,10.523275,0.042994,False,False,False,False,True,True,False,1-circle,-1.000000,5709.978370,-21834.276538,-1.477061,0.008888,100.000000,100.000000,0.000000,0.000000,2,4,4,0.0000,0.0000,0.0000,0.5000,"PursuitChaseOptimal",-0.076393
5017,B0100,aggressive,UNKNOWN,15254.882639,28503.480594,3896.519406,1237.503786,-30901.782097,19993.660754,510.119561,31513.754504,29.358236,5667.846294,10.523275,0.042994,False,False,False,False,True,True,False,1-circle,-1.000000,5709.978370,-21834.276538,-1.477061,0.008888,100.000000,100.000000,0.000000,0.000000,2,4,4,0.0000,0.0000,0.0000,0.5000,"Accelerate",0.075031
5018,A0100,pursuit_chase_v1,UNKNOWN,15253.757080,28502.753543,3897.246457,1177.586919,-30908.516977,19994.518993,510.162020,31516.530522,55.520348,5699.430091,10.685424,0.025166,False,False,False,False,True,True,False,1-circle,-1.000000,5712.058466,-21730.303278,-0.864769,-0.184857,100.000000,100.000000,0.000000,0.000000,2,4,4,0.0000,0.0000,0.0000,0.5000,"PursuitChaseOptimal",-0.097029
5018,B0100,aggressive,UNKNOWN,15253.757080,28502.753543,3897.246457,1177.586919,-30908.516977,19994.518993,510.162020,31516.530522,55.520348,5699.430091,10.685424,0.025166,False,False,False,False,True,True,False,1-circle,-1.000000,5712.058466,-21730.303278,-0.864769,-0.184857,100.000000,100.000000,0.000000,0.000000,2,4,4,0.0000,0.0000,0.0000,0.5000,"Accelerate",0.095836
5019,A0100,pursuit_chase_v1,UNKNOWN,15253.757080,28502.753543,3897.246457,1177.586919,-30908.516977,19994.518993,510.162020,31516.530522,55.520348,5699.430091,10.685424,0.025166,False,False,False,False,True,True,False,1-circle,-1.000000,5712.058466,-21730.303278,-0.864769,-0.184857,100.000000,100.000000,0.000000,0.000000,2,4,4,0.0000,0.0000,0.0000,0.5000,"PursuitChaseOptimal",-0.107613
5019,B0100,aggressive,UNKNOWN,15253.757080,28502.753543,3897.246457,1177.586919,-30908.516977,19994.518993,510.162020,31516.530522,55.520348,5699.430091,10.685424,0.025166,False,False,False,False,True,True,False,1-circle,-1.000000,5712.058466,-21730.303278,-0.864769,-0.184857,100.000000,100.000000,0.000000,0.000000,2,4,4,0.0000,0.0000,0.0000,0.5000,"Accelerate",0.106281
5020,A0100,pursuit_chase_v1,UNKNOWN,15252.732043,28504.595328,3895.404672,1091.428209,-30916.237050,19995.416754,510.161939,31517.424603,17.881623,5718.731513,11.450646,0.063195,False,False,False,False,True,True,True,1-circle,-1.000000,5714.666451,-21971.709306,-2.170746,-0.016165,100.000000,100.000000,0.000000,0.000000,2,4,4,0.0000,0.0000,0.0000,0.5000,"PursuitChaseOptimal",-0.106985
5020,B0100,aggressive,UNKNOWN,15252.732043,28504.595328,3895.404672,1091.428209,-30916.237050,19995.416754,510.161939,31517.424603,17.881623,5718.731513,11.450646,0.063195,False,False,False,False,True,True,True,1-circle,-1.000000,5714.666451,-21971.709306,-2.170746,-0.016165,100.000000,100.000000,0.000000,0.000000,2,4,4,0.0000,0.0000,0.0000,0.5000,"Accelerate",0.106093
5021,A0100,pursuit_chase_v1,UNKNOWN,15252.732043,28504.595328,3895.404672,1091.428209,-30916.237050,19995.416754,510.161939,31517.424603,17.881623,5718.731513,11.450646,0.063195,False,False,False,False,True,True,True,1-circle,-1.000000,5714.666451,-21971.709306,-2.170746,-0.016165,100.000000,100.000000,0.000000,0.000000,2,4,4,0.0000,0.0000,0.0000,0.5000,"PursuitChaseOptimal",-0.089647
5021,B0100,aggressive,UNKNOWN,15252.732043,28504.595328,3895.404672,1091.428209,-30916.237050,19995.416754,510.161939,31517.424603,17.881623,5718.731513,11.450646,0.063195,False,False,False,False,True,True,True,1-circle,-1.000000,5714.666451,-21971.709306,-2.170746,-0.016165,100.000000,100.000000,0.000000,0.000000,2,4,4,0.0000,0.0000,0.0000,0.5000,"Accelerate",0.089642
5022,A0100,pursuit_chase_v1,UNKNOWN,15251.861818,28495.653623,3904.346377,1024.412405,-30923.036477,19996.227422,510.313190,31525.068330,152.874547,5752.546966,12.148772,0.015350,False,False,False,False,True,True,True,1-circle,-1.000000,5718.073162,-21492.541511,0.527650,-0.155408,100.000000,100.000000,0.000000,0.000000,2,4,4,0.0000,0.0000,0.0000,0.5000,"PursuitChaseOptimal",-0.061569
5022,B0100,aggressive,UNKNOWN,15251.861818,28495.653623,3904.346377,1024.412405,-30923.036477,19996.227422,510.313190,31525.068330,152.874547,5752.546966,12.148772,0.015350,False,False,False,False,True,True,True,1-circle,-1.000000,5718.073162,-21492.541511,0.527650,-0.155408,100.000000,100.000000,0.000000,0.000000,2,4,4,0.0000,0.0000,0.0000,0.5000,"Accelerate",0.062231
5023,A0100,pursuit_chase_v1,UNKNOWN,15251.861818,28495.653623,3904.346377,1024.412405,-30923.036477,19996.227422,510.313190,31525.068330,152.874547,5752.546966,12.148772,0.015350,False,False,False,False,True,True,True,1-circle,-1.000000,5718.073162,-21492.541511,0.527650,-0.155408,100.000000,100.000000,0.000000,0.000000,2,4,4,0.0000,0.0000,0.0000,0.5000,"PursuitChaseOptimal",-0.022655
5023,B0100,aggressive,UNKNOWN,15251.861818,28495.653623,3904.346377,1024.412405,-30923.036477,19996.227422,510.313190,31525.068330,152.874547,5752.546966,12.148772,0.015350,False,False,False,False,True,True,True,1-circle,-1.000000,5718.073162,-21492.541511,0.527650,-0.155408,100.000000,100.000000,0.000000,0.000000,2,4,4,0.0000,0.0000,0.0000,0.5000,"Accelerate",0.023235
5024,A0100,pursuit_chase_v1,UNKNOWN,15251.069970,28499.348904,3900.651096,995.137068,-30926.373581,19997.020583,510.232502,31522.215981,-57.046988,5735.270231,12.756914,0.051444,False,False,False,False,True,True,True,1-circle,-1.000000,5721.998572,-21912.384622,-1.767640,-0.199349,100.000000,100.000000,0.000000,0.000000,2,4,4,0.0000,0.0000,0.0000,0.5000,"PursuitChaseOptimal",0.019412
5024,B0100,aggressive,UNKNOWN,15251.069970,28499.348904,3900.651096,995.137068,-30926.373581,19997.020583,510.232502,31522.215981,-57.046988,5735.270231,12.756914,0.051444,False,False,False,False,True,True,True,1-circle,-1.000000,5721.998572,-21912.384622,-1.767640,-0.199349,100.000000,100.000000,0.000000,0.000000,2,4,4,0.0000,0.0000,0.0000,0.5000,"Accelerate",-0.019876
5025,A0100,pursuit_chase_v1,UNKNOWN,15251.069970,28499.348904,3900.651096,995.137068,-30926.373581,19997.020583,510.232502,31522.215981,-57.046988,5735.270231,12.756914,0.051444,False,False,False,False,True,True,True,1-circle,-1.000000,5721.998572,-21912.384622,-1.767640,-0.199349,100.000000,100.000000,0.000000,0.000000,2,4,4,0.0000,0.0000,0.0000,0.5000,"PursuitChaseOptimal",0.039954
5025,B0100,aggressive,UNKNOWN,15251.069970,28499.348904,3900.651096,995.137068,-30926.373581,19997.020583,510.232502,31522.215981,-57.046988,5735.270231,12.756914,0.051444,False,False,False,False,True,True,True,1-circle,-1.000000,5721.998572,-21912.384622,-1.767640,-0.199349,100.000000,100.000000,0.000000,0.000000,2,4,4,0.0000,0.0000,0.0000,0.5000,"Accelerate",-0.040621
5026,A0100,pursuit_chase_v1,UNKNOWN,15250.228123,28494.505289,3905.494711,983.837630,-30935.345631,19997.813684,510.318786,31526.907428,93.828948,5723.147348,12.603159,0.005565,False,False,False,False,True,True,False,1-circle,-1.000000,5725.909670,-21635.274224,-0.191292,-0.064512,100.000000,100.000000,0.000000,0.000000,2,4,4,0.0000,0.0000,0.0000,0.5000,"PursuitChaseOptimal",0.047443
5026,B0100,aggressive,UNKNOWN,15250.228123,28494.505289,3905.494711,983.837630,-30935.345631,19997.813684,510.318786,31526.907428,93.828948,5723.147348,12.603159,0.005565,False,False,False,False,True,True,False,1-circle,-1.000000,5725.909670,-21635.274224,-0.191292,-0.064512,100.000000,100.000000,0.000000,0.000000,2,4,4,0.0000,0.0000,0.0000,0.5000,"Accelerate",-0.047457
5027,A0100,pursuit_chase_v1,UNKNOWN,15250.228123,28494.505289,3905.494711,983.837630,-30935.345631,19997.813684,510.318786,31526.907428,93.828948,5723.147348,12.603159,0.005565,False,False,False,False,True,True,False,1-circle,-1.000000,5725.909670,-21635.274224,-0.191292,-0.064512,100.000000,100.000000,0.000000,0.000000,2,4,4,0.0000,0.0000,0.0000,0.5000,"PursuitChaseOptimal",0.053915
5027,B0100,aggressive,UNKNOWN,15250.228123,28494.505289,3905.494711,983.837630,-30935.345631,19997.813684,510.318786,31526.907428,93.828948,5723.147348,12.603159,0.005565,False,False,False,False,True,True,False,1-circle,-1.000000,5725.909670,-21635.274224,-0.191292,-0.064512,100.000000,100.000000,0.000000,0.000000,2,4,4,0.0000,0.0000,0.0000,0.5000,"Accelerate",-0.053744
5028,A0100,pursuit_chase_v1,UNKNOWN,15249.339667,28498.498209,3901.501791,972.359665,-30937.672453,19998.602478,510.264557,31525.246081,-33.226944,5714.093172,11.879867,0.070115,False,False,False,False,True,True,False,1-circle,-1.000000,5729.457435,-22040.783009,-2.408701,-0.174357,100.000000,100.000000,0.000000,0.000000,2,4,4,0.0000,0.0000,0.0000,0.5000,"PursuitChaseOptimal",0.046799
5028,B0100,aggressive,UNKNOWN,15249.339667,28498.498209,3901.501791,972.359665,-30937.672453,19998.602478,510.264557,31525.246081,-33.226944,5714.093172,11.879867,0.070115,False,False,False,False,True,True,False,1-circle,-1.000000,5729.457435,-22040.783009,-2.408701,-0.174357,100.000000,100.000000,0.000000,0.000000,2,4,4,0.0000,0.0000,0.0000,0.5000,"Accelerate",-0.047170
5029,A0100,pursuit_chase_v1,UNKNOWN,15249.339667,28498.498209,3901.501791,972.359665,-30937.672453,19998.602478,510.264557,31525.246081,-33.226944,5714.093172,11.879867,0.070115,False,False,False,False,True,True,False,1-circle,-1.000000,5729.457435,-22040.783009,-2.408701,-0.174357,100.000000,100.000000,0.000000,0.000000,2,4,4,0.0000,0.0000,0.0000,0.5000,"PursuitChaseOptimal",0.026324
5029,B0100,aggressive,UNKNOWN,15249.339667,28498.498209,3901.501791,972.359665,-30937.672453,19998.602478,510.264557,31525.246081,-33.226944,5714.093172,11.879867,0.070115,False,False,False,False,True,True,False,1-circle,-1.000000,5729.457435,-22040.783009,-2.408701,-0.174357,100.000000,100.000000,0.000000,0.000000,2,4,4,0.0000,0.0000,0.0000,0.5000,"Accelerate",-0.026890
5030,A0100,pursuit_chase_v1,UNKNOWN,15248.407226,28489.131852,3910.868148,962.129797,-30946.126693,19999.372670,510.401737,31532.214757,139.373525,5709.428628,11.605243,0.016723,False,False,False,False,True,True,False,1-circle,-1.000000,5732.617548,-21716.797626,-0.574959,-0.196454,100.000000,100.000000,0.000000,0.000000,2,4,4,0.0000,0.0000,0.0000,0.5000,"PursuitChaseOptimal",0.010391
5030,B0100,aggressive,UNKNOWN,15248.407226,28489.131852,3910.868148,962.129797,-30946.126693,19999.372670,510.401737,31532.214757,139.373525,5709.428628,11.605243,0.016723,False,False,False,False,True,True,False,1-circle,-1.000000,5732.617548,-21716.797626,-0.574959,-0.196454,100.000000,100.000000,0.000000,0.000000,2,4,4,0.0000,0.0000,0.0000,0.5000,"Accelerate",-0.010643
5031,A0100,pursuit_chase_v1,UNKNOWN,15248.407226,28489.131852,3910.868148,962.129797,-30946.126693,19999.372670,510.401737,31532.214757,139.373525,5709.428628,11.605243,0.016723,False,False,False,False,True,True,False,1-circle,-1.000000,5732.617548,-21716.797626,-0.574959,-0.196454,100.000000,100.000000,0.000000,0.000000,2,4,4,0.0000,0.0000,0.0000,0.5000,"PursuitChaseOptimal",-0.005327
5031,B0100,aggressive,UNKNOWN,15248.407226,28489.131852,3910.868148,962.129797,-30946.126693,19999.372670,510.401737,31532.214757,139.373525,5709.428628,11.605243,0.016723,False,False,False,False,True,True,False,1-circle,-1.000000,5732.617548,-21716.797626,-0.574959,-0.196454,100.000000,100.000000,0.000000,0.000000,2,4,4,0.0000,0.0000,0.0000,0.5000,"Accelerate",0.005638
5032,A0100,pursuit_chase_v1,UNKNOWN,15247.459605,28489.027456,3910.972544,964.280677,-30950.712677,20000.048955,510.393585,31532.522646,6.157772,5703.474680,11.676726,0.003125,False,False,False,False,True,True,False,1-circle,-1.000000,5735.704950,-21638.682162,-0.107453,-0.239431,100.000000,100.000000,0.000000,0.000000,2,4,4,0.0000,0.0000,0.0000,0.5000,"PursuitChaseOptimal",-0.018718
5032,B0100,aggressive,UNKNOWN,15247.459605,28489.027456,3910.972544,964.280677,-30950.712677,20000.048955,510.393585,31532.522646,6.157772,5703.474680,11.676726,0.003125,False,False,False,False,True,True,False,1-circle,-1.000000,5735.704950,-21638.682162,-0.107453,-0.239431,100.000000,100.000000,0.000000,0.000000,2,4,4,0.0000,0.0000,0.0000,0.5000,"Accelerate",0.019071
5033,A0100,pursuit_chase_v1,UNKNOWN,15247.459605,28489.027456,3910.972544,964.280677,-30950.712677,20000.048955,510.393585,31532.522646,6.157772,5703.474680,11.676726,0.003125,False,False,False,False,True,True,False,1-circle,-1.000000,5735.704950,-21638.682162,-0.107453,-0.239431,100.000000,100.000000,0.000000,0.000000,2,4,4,0.0000,0.0000,0.0000,0.5000,"PursuitChaseOptimal",-0.030381
5033,B0100,aggressive,UNKNOWN,15247.459605,28489.027456,3910.972544,964.280677,-30950.712677,20000.048955,510.393585,31532.522646,6.157772,5703.474680,11.676726,0.003125,False,False,False,False,True,True,False,1-circle,-1.000000,5735.704950,-21638.682162,-0.107453,-0.239431,100.000000,100.000000,0.000000,0.000000,2,4,4,0.0000,0.0000,0.0000,0.5000,"Accelerate",0.030253
5034,A0100,pursuit_chase_v1,UNKNOWN,15246.500582,28493.765434,3906.234566,975.028163,-30957.666737,20000.793149,510.440538,31535.388784,57.322763,5712.864575,11.833738,0.037821,False,False,False,False,True,True,False,1-circle,-1.000000,5738.813223,-21859.479663,-1.300278,0.082324,100.000000,100.000000,0.000000,0.000000,2,4,4,0.0000,0.0000,0.0000,0.5000,"PursuitChaseOptimal",-0.028112
5034,B0100,aggressive,UNKNOWN,15246.500582,28493.765434,3906.234566,975.028163,-30957.666737,20000.793149,510.440538,31535.388784,57.322763,5712.864575,11.833738,0.037821,False,False,False,False,True,True,False,1-circle,-1.000000,5738.813223,-21859.479663,-1.300278,0.082324,100.000000,100.000000,0.000000,0.000000,2,4,4,0.0000,0.0000,0.0000,0.5000,"Accelerate",0.027937
5035,A0100,pursuit_chase_v1,UNKNOWN,15246.500582,28493.765434,3906.234566,975.028163,-30957.666737,20000.793149,510.440538,31535.388784,57.322763,5712.864575,11.833738,0.037821,False,False,False,False,True,True,False,1-circle,-1.000000,5738.813223,-21859.479663,-1.300278,0.082324,100.000000,100.000000,0.000000,0.000000,2,4,4,0.0000,0.0000,0.0000,0.5000,"PursuitChaseOptimal",-0.023022
5035,B0100,aggressive,UNKNOWN,15246.500582,28493.765434,3906.234566,975.028163,-30957.666737,20000.793149,510.440538,31535.388784,57.322763,5712.864575,11.833738,0.037821,False,False,False,False,True,True,False,1-circle,-1.000000,5738.813223,-21859.479663,-1.300278,0.082324,100.000000,100.000000,0.000000,0.000000,2,4,4,0.0000,0.0000,0.0000,0.5000,"Accelerate",0.023450
5036,A0100,pursuit_chase_v1,UNKNOWN,15245.583030,28495.461709,3904.538291,985.723778,-30962.617700,20001.531272,510.475961,31537.727894,46.782188,5721.462254,12.071704,0.022353,False,False,False,False,True,True,False,1-circle,-1.000000,5742.149067,-21770.065108,-0.768617,-0.071462,100.000000,100.000000,0.000000,0.000000,2,4,4,0.0000,0.0000,0.0000,0.5000,"PursuitChaseOptimal",-0.002026
5036,B0100,aggressive,UNKNOWN,15245.583030,28495.461709,3904.538291,985.723778,-30962.617700,20001.531272,510.475961,31537.727894,46.782188,5721.462254,12.071704,0.022353,False,False,False,False,True,True,False,1-circle,-1.000000,5742.149067,-21770.065108,-0.768617,-0.071462,100.000000,100.000000,0.000000,0.000000,2,4,4,0.0000,0.0000,0.0000,0.5000,"Accelerate",0.002447
5037,A0100,pursuit_chase_v1,UNKNOWN,15245.583030,28495.461709,3904.538291,985.723778,-30962.617700,20001.531272,510.475961,31537.727894,46.782188,5721.462254,12.071704,0.022353,False,False,False,False,True,True,False,1-circle,-1.000000,5742.149067,-21770.065108,-0.768617,-0.071462,100.000000,100.000000,0.000000,0.000000,2,4,4,0.0000,0.0000,0.0000,0.5000,"PursuitChaseOptimal",0.021794
5037,B0100,aggressive,UNKNOWN,15245.583030,28495.461709,3904.538291,985.723778,-30962.617700,20001.531272,510.475961,31537.727894,46.782188,5721.462254,12.071704,0.022353,False,False,False,False,True,True,False,1-circle,-1.000000,5742.149067,-21770.065108,-0.768617,-0.071462,100.000000,100.000000,0.000000,0.000000,2,4,4,0.0000,0.0000,0.0000,0.5000,"Accelerate",-0.022146
5038,A0100,pursuit_chase_v1,UNKNOWN,15244.665893,28497.181914,3902.818086,985.348224,-30969.241665,20002.339549,510.483871,31538.893679,23.315703,5726.355063,11.815484,0.057238,False,False,False,False,True,True,False,1-circle,-1.000000,5745.488943,-21992.198755,-1.967600,-0.057632,100.000000,100.000000,0.000000,0.000000,2,4,4,0.0000,0.0000,0.0000,0.5000,"PursuitChaseOptimal",0.033828
5038,B0100,aggressive,UNKNOWN,15244.665893,28497.181914,3902.818086,985.348224,-30969.241665,20002.339549,510.483871,31538.893679,23.315703,5726.355063,11.815484,0.057238,False,False,False,False,True,True,False,1-circle,-1.000000,5745.488943,-21992.198755,-1.967600,-0.057632,100.000000,100.000000,0.000000,0.000000,2,4,4,0.0000,0.0000,0.0000,0.5000,"Accelerate",-0.034413
5039,A0100,pursuit_chase_v1,UNKNOWN,15244.665893,28497.181914,3902.818086,985.348224,-30969.241665,20002.339549,510.483871,31538.893679,23.315703,5726.355063,11.815484,0.057238,False,False,False,False,True,True,False,1-circle,-1.000000,5745.488943,-21992.198755,-1.967600,-0.057632,100.000000,100.000000,0.000000,0.000000,2,4,4,0.0000,0.0000,0.0000,0.5000,"PursuitChaseOptimal",0.048068
5039,B0100,aggressive,UNKNOWN,15244.665893,28497.181914,3902.818086,985.348224,-30969.241665,20002.339549,510.483871,31538.893679,23.315703,5726.355063,11.815484,0.057238,False,False,False,False,True,True,False,1-circle,-1.000000,5745.488943,-21992.198755,-1.967600,-0.057632,100.000000,100.000000,0.000000,0.000000,2,4,4,0.0000,0.0000,0.0000,0.5000,"Accelerate",-0.048208
5040,A0100,pursuit_chase_v1,UNKNOWN,15243.778268,28488.550183,3911.449817,978.360813,-30975.847912,20003.060970,510.623994,31545.949294,141.112298,5741.057129,11.151392,0.020748,False,False,False,False,True,True,False,1-circle,-1.000000,5748.683403,-21515.774705,0.713655,-0.245885,100.000000,100.000000,0.000000,0.000000,2,4,4,0.0000,0.0000,0.0000,0.5000,"PursuitChaseOptimal",0.049079
5040,B0100,aggressive,UNKNOWN,15243.778268,28488.550183,3911.449817,978.360813,-30975.847912,20003.060970,510.623994,31545.949294,141.112298,5741.057129,11.151392,0.020748,False,False,False,False,True,True,False,1-circle,-1.000000,5748.683403,-21515.774705,0.713655,-0.245885,100.000000,100.000000,0.000000,0.000000,2,4,4,0.0000,0.0000,0.0000,0.5000,"Accelerate",-0.048465
5041,A0100,pursuit_chase_v1,UNKNOWN,15243.778268,28488.550183,3911.449817,978.360813,-30975.847912,20003.060970,510.623994,31545.949294,141.112298,5741.057129,11.151392,0.020748,False,False,False,False,True,True,False,1-circle,-1.000000,5748.683403,-21515.774705,0.713655,-0.245885,100.000000,100.000000,0.000000,0.000000,2,4,4,0.0000,0.0000,0.0000,0.5000,"PursuitChaseOptimal",0.050856
5041,B0100,aggressive,UNKNOWN,15243.778268,28488.550183,3911.449817,978.360813,-30975.847912,20003.060970,510.623994,31545.949294,141.112298,5741.057129,11.151392,0.020748,False,False,False,False,True,True,False,1-circle,-1.000000,5748.683403,-21515.774705,0.713655,-0.245885,100.000000,100.000000,0.000000,0.000000,2,4,4,0.0000,0.0000,0.0000,0.5000,"Accelerate",-0.050016
5042,A0100,pursuit_chase_v1,UNKNOWN,15242.913795,28496.484876,3903.515124,966.373029,-30979.499888,20003.793133,510.576370,31544.528443,-28.417013,5761.505878,9.854950,0.046740,False,False,False,False,True,True,True,1-circle,-1.000000,5751.469736,-21939.417215,-1.607224,-0.027634,100.000000,100.000000,0.000000,0.000000,2,4,4,0.0000,0.0000,0.0000,0.5000,"PursuitChaseOptimal",0.049041
5042,B0100,aggressive,UNKNOWN,15242.913795,28496.484876,3903.515124,966.373029,-30979.499888,20003.793133,510.576370,31544.528443,-28.417013,5761.505878,9.854950,0.046740,False,False,False,False,True,True,True,1-circle,-1.000000,5751.469736,-21939.417215,-1.607224,-0.027634,100.000000,100.000000,0.000000,0.000000,2,4,4,0.0000,0.0000,0.0000,0.5000,"Accelerate",-0.048574
5043,A0100,pursuit_chase_v1,UNKNOWN,15242.913795,28496.484876,3903.515124,966.373029,-30979.499888,20003.793133,510.576370,31544.528443,-28.417013,5761.505878,9.854950,0.046740,False,False,False,False,True,True,True,1-circle,-1.000000,5751.469736,-21939.417215,-1.607224,-0.027634,100.000000,100.000000,0.000000,0.000000,2,4,4,0.0000,0.0000,0.0000,0.5000,"PursuitChaseOptimal",0.040001
5043,B0100,aggressive,UNKNOWN,15242.913795,28496.484876,3903.515124,966.373029,-30979.499888,20003.793133,510.576370,31544.528443,-28.417013,5761.505878,9.854950,0.046740,False,False,False,False,True,True,True,1-circle,-1.000000,5751.469736,-21939.417215,-1.607224,-0.027634,100.000000,100.000000,0.000000,0.000000,2,4,4,0.0000,0.0000,0.0000,0.5000,"Accelerate",-0.039643
5044,A0100,pursuit_chase_v1,UNKNOWN,15242.109860,28496.841947,3903.158053,953.552730,-30988.732657,20004.570089,510.675452,31549.785023,105.131594,5781.589150,8.831527,0.001291,False,False,False,False,True,True,True,1-circle,-1.000000,5753.808063,-21663.627085,-0.044410,0.096872,100.000000,100.000000,0.000000,0.000000,2,4,4,0.0000,0.0000,0.0000,0.5000,"PursuitChaseOptimal",0.036511
5044,B0100,aggressive,UNKNOWN,15242.109860,28496.841947,3903.158053,953.552730,-30988.732657,20004.570089,510.675452,31549.785023,105.131594,5781.589150,8.831527,0.001291,False,False,False,False,True,True,True,1-circle,-1.000000,5753.808063,-21663.627085,-0.044410,0.096872,100.000000,100.000000,0.000000,0.000000,2,4,4,0.0000,0.0000,0.0000,0.5000,"Accelerate",-0.035562
5045,A0100,pursuit_chase_v1,UNKNOWN,15242.109860,28496.841947,3903.158053,953.552730,-30988.732657,20004.570089,510.675452,31549.785023,105.131594,5781.589150,8.831527,0.001291,False,False,False,False,True,True,True,1-circle,-1.000000,5753.808063,-21663.627085,-0.044410,0.096872,100.000000,100.000000,0.000000,0.000000,2,4,4,0.0000,0.0000,0.0000,0.5000,"PursuitChaseOptimal",0.026210
5045,B0100,aggressive,UNKNOWN,15242.109860,28496.841947,3903.158053,953.552730,-30988.732657,20004.570089,510.675452,31549.785023,105.131594,5781.589150,8.831527,0.001291,False,False,False,False,True,True,True,1-circle,-1.000000,5753.808063,-21663.627085,-0.044410,0.096872,100.000000,100.000000,0.000000,0.000000,2,4,4,0.0000,0.0000,0.0000,0.5000,"Accelerate",-0.025354
5046,A0100,pursuit_chase_v1,UNKNOWN,15241.312412,28504.627998,3895.372002,953.241632,-30991.341089,20005.383412,510.624515,31548.295292,-29.794608,5776.786085,8.266171,0.066297,False,False,False,False,True,True,True,1-circle,-1.000000,5755.798586,-22071.165054,-2.279343,-0.059793,100.000000,100.000000,0.000000,0.000000,2,4,4,0.0000,0.0000,0.0000,0.5000,"PursuitChaseOptimal",0.000815
5046,B0100,aggressive,UNKNOWN,15241.312412,28504.627998,3895.372002,953.241632,-30991.341089,20005.383412,510.624515,31548.295292,-29.794608,5776.786085,8.266171,0.066297,False,False,False,False,True,True,True,1-circle,-1.000000,5755.798586,-22071.165054,-2.279343,-0.059793,100.000000,100.000000,0.000000,0.000000,2,4,4,0.0000,0.0000,0.0000,0.5000,"Accelerate",-0.001136
5047,A0100,pursuit_chase_v1,UNKNOWN,15241.312412,28504.627998,3895.372002,953.241632,-30991.341089,20005.383412,510.624515,31548.295292,-29.794608,5776.786085,8.266171,0.066297,False,False,False,False,True,True,True,1-circle,-1.000000,5755.798586,-22071.165054,-2.279343,-0.059793,100.000000,100.000000,0.000000,0.000000,2,4,4,0.0000,0.0000,0.0000,0.5000,"PursuitChaseOptimal",-0.003989
5047,B0100,aggressive,UNKNOWN,15241.312412,28504.627998,3895.372002,953.241632,-30991.341089,20005.383412,510.624515,31548.295292,-29.794608,5776.786085,8.266171,0.066297,False,False,False,False,True,True,True,1-circle,-1.000000,5755.798586,-22071.165054,-2.279343,-0.059793,100.000000,100.000000,0.000000,0.000000,2,4,4,0.0000,0.0000,0.0000,0.5000,"Accelerate",0.003314
5048,A0100,pursuit_chase_v1,UNKNOWN,15240.517257,28497.527828,3902.472172,946.534100,-31000.006585,20006.202825,510.773369,31555.845536,151.004872,5786.481189,8.279168,0.013335,False,False,False,False,True,True,True,1-circle,-1.000000,5757.671732,-21748.635351,-0.458842,-0.111466,100.000000,100.000000,0.000000,0.000000,2,4,4,0.0000,0.0000,0.0000,0.5000,"PursuitChaseOptimal",0.010204
5048,B0100,aggressive,UNKNOWN,15240.517257,28497.527828,3902.472172,946.534100,-31000.006585,20006.202825,510.773369,31555.845536,151.004872,5786.481189,8.279168,0.013335,False,False,False,False,True,True,True,1-circle,-1.000000,5757.671732,-21748.635351,-0.458842,-0.111466,100.000000,100.000000,0.000000,0.000000,2,4,4,0.0000,0.0000,0.0000,0.5000,"Accelerate",-0.010283
5049,A0100,pursuit_chase_v1,UNKNOWN,15240.517257,28497.527828,3902.472172,946.534100,-31000.006585,20006.202825,510.773369,31555.845536,151.004872,5786.481189,8.279168,0.013335,False,False,False,False,True,True,True,1-circle,-1.000000,5757.671732,-21748.635351,-0.458842,-0.111466,100.000000,100.000000,0.000000,0.000000,2,4,4,0.0000,0.0000,0.0000,0.5000,"PursuitChaseOptimal",0.020926
5049,B0100,aggressive,UNKNOWN,15240.517257,28497.527828,3902.472172,946.534100,-31000.006585,20006.202825,510.773369,31555.845536,151.004872,5786.481189,8.279168,0.013335,False,False,False,False,True,True,True,1-circle,-1.000000,5757.671732,-21748.635351,-0.458842,-0.111466,100.000000,100.000000,0.000000,0.000000,2,4,4,0.0000,0.0000,0.0000,0.5000,"Accelerate",-0.020174
5050,A0100,pursuit_chase_v1,UNKNOWN,15239.732162,28499.194659,3900.805341,945.015437,-31004.845290,20006.943381,510.761525,31556.050478,4.098839,5773.351800,8.220296,0.000240,False,False,False,False,True,True,True,1-circle,-1.000000,5759.576368,-21672.708238,-0.008271,-0.167781,100.000000,100.000000,0.000000,0.000000,2,4,4,0.0000,0.0000,0.0000,0.5000,"PursuitChaseOptimal",0.025629
5050,B0100,aggressive,UNKNOWN,15239.732162,28499.194659,3900.805341,945.015437,-31004.845290,20006.943381,510.761525,31556.050478,4.098839,5773.351800,8.220296,0.000240,False,False,False,False,True,True,True,1-circle,-1.000000,5759.576368,-21672.708238,-0.008271,-0.167781,100.000000,100.000000,0.000000,0.000000,2,4,4,0.0000,0.0000,0.0000,0.5000,"Accelerate",-0.024685
5051,A0100,pursuit_chase_v1,UNKNOWN,15239.732162,28499.194659,3900.805341,945.015437,-31004.845290,20006.943381,510.761525,31556.050478,4.098839,5773.351800,8.220296,0.000240,False,False,False,False,True,True,True,1-circle,-1.000000,5759.576368,-21672.708238,-0.008271,-0.167781,100.000000,100.000000,0.000000,0.000000,2,4,4,0.0000,0.0000,0.0000,0.5000,"PursuitChaseOptimal",0.012087
5051,B0100,aggressive,UNKNOWN,15239.732162,28499.194659,3900.805341,945.015437,-31004.845290,20006.943381,510.761525,31556.050478,4.098839,5773.351800,8.220296,0.000240,False,False,False,False,True,True,True,1-circle,-1.000000,5759.576368,-21672.708238,-0.008271,-0.167781,100.000000,100.000000,0.000000,0.000000,2,4,4,0.0000,0.0000,0.0000,0.5000,"Accelerate",-0.011912
5052,A0100,pursuit_chase_v1,UNKNOWN,15238.891012,28505.409762,3894.590238,941.055865,-31011.999500,20007.761653,510.807436,31558.945046,57.891363,5764.770451,7.935622,0.035267,False,False,False,False,True,True,True,1-circle,-1.000000,5761.233666,-21894.643826,-1.213402,0.145723,100.000000,100.000000,0.000000,0.000000,2,4,4,0.0000,0.0000,0.0000,0.5000,"PursuitChaseOptimal",-0.002404
5052,B0100,aggressive,UNKNOWN,15238.891012,28505.409762,3894.590238,941.055865,-31011.999500,20007.761653,510.807436,31558.945046,57.891363,5764.770451,7.935622,0.035267,False,False,False,False,True,True,True,1-circle,-1.000000,5761.233666,-21894.643826,-1.213402,0.145723,100.000000,100.000000,0.000000,0.000000,2,4,4,0.0000,0.0000,0.0000,0.5000,"Accelerate",0.002150
5053,A0100,pursuit_chase_v1,UNKNOWN,15238.891012,28505.409762,3894.590238,941.055865,-31011.999500,20007.761653,510.807436,31558.945046,57.891363,5764.770451,7.935622,0.035267,False,False,False,False,True,True,True,1-circle,-1.000000,5761.233666,-21894.643826,-1.213402,0.145723,100.000000,100.000000,0.000000,0.000000,2,4,4,0.0000,0.0000,0.0000,0.5000,"PursuitChaseOptimal",-0.011325
5053,B0100,aggressive,UNKNOWN,15238.891012,28505.409762,3894.590238,941.055865,-31011.999500,20007.761653,510.807436,31558.945046,57.891363,5764.770451,7.935622,0.035267,False,False,False,False,True,True,True,1-circle,-1.000000,5761.233666,-21894.643826,-1.213402,0.145723,100.000000,100.000000,0.000000,0.000000,2,4,4,0.0000,0.0000,0.0000,0.5000,"Accelerate",0.011439
5054,A0100,pursuit_chase_v1,UNKNOWN,15238.062181,28508.453817,3891.546183,941.129424,-31017.044802,20008.579798,510.841284,31561.294100,46.981077,5769.787327,7.890027,0.020112,False,False,False,False,True,True,True,1-circle,-1.000000,5762.846156,-21805.777921,-0.692108,-0.014463,100.000000,100.000000,0.000000,0.000000,2,4,4,0.0000,0.0000,0.0000,0.5000,"PursuitChaseOptimal",-0.006316
5054,B0100,aggressive,UNKNOWN,15238.062181,28508.453817,3891.546183,941.129424,-31017.044802,20008.579798,510.841284,31561.294100,46.981077,5769.787327,7.890027,0.020112,False,False,False,False,True,True,True,1-circle,-1.000000,5762.846156,-21805.777921,-0.692108,-0.014463,100.000000,100.000000,0.000000,0.000000,2,4,4,0.0000,0.0000,0.0000,0.5000,"Accelerate",0.006570
5055,A0100,pursuit_chase_v1,UNKNOWN,15238.062181,28508.453817,3891.546183,941.129424,-31017.044802,20008.579798,510.841284,31561.294100,46.981077,5769.787327,7.890027,0.020112,False,False,False,False,True,True,True,1-circle,-1.000000,5762.846156,-21805.777921,-0.692108,-0.014463,100.000000,100.000000,0.000000,0.000000,2,4,4,0.0000,0.0000,0.0000,0.5000,"PursuitChaseOptimal",0.008298
5055,B0100,aggressive,UNKNOWN,15238.062181,28508.453817,3891.546183,941.129424,-31017.044802,20008.579798,510.841284,31561.294100,46.981077,5769.787327,7.890027,0.020112,False,False,False,False,True,True,True,1-circle,-1.000000,5762.846156,-21805.777921,-0.692108,-0.014463,100.000000,100.000000,0.000000,0.000000,2,4,4,0.0000,0.0000,0.0000,0.5000,"Accelerate",-0.008458
5056,A0100,pursuit_chase_v1,UNKNOWN,15237.227546,28511.364426,3888.635574,938.856299,-31023.732055,20009.472015,510.846558,31562.424862,22.615242,5766.580198,7.860768,0.055274,False,False,False,False,True,True,True,1-circle,-1.000000,5764.429183,-22028.426213,-1.901511,-0.002584,100.000000,100.000000,0.000000,0.000000,2,4,4,0.0000,0.0000,0.0000,0.5000,"PursuitChaseOptimal",0.018973
5056,B0100,aggressive,UNKNOWN,15237.227546,28511.364426,3888.635574,938.856299,-31023.732055,20009.472015,510.846558,31562.424862,22.615242,5766.580198,7.860768,0.055274,False,False,False,False,True,True,True,1-circle,-1.000000,5764.429183,-22028.426213,-1.901511,-0.002584,100.000000,100.000000,0.000000,0.000000,2,4,4,0.0000,0.0000,0.0000,0.5000,"Accelerate",-0.019159
5057,A0100,pursuit_chase_v1,UNKNOWN,15237.227546,28511.364426,3888.635574,938.856299,-31023.732055,20009.472015,510.846558,31562.424862,22.615242,5766.580198,7.860768,0.055274,False,False,False,False,True,True,True,1-circle,-1.000000,5764.429183,-22028.426213,-1.901511,-0.002584,100.000000,100.000000,0.000000,0.000000,2,4,4,0.0000,0.0000,0.0000,0.5000,"PursuitChaseOptimal",0.023750
5057,B0100,aggressive,UNKNOWN,15237.227546,28511.364426,3888.635574,938.856299,-31023.732055,20009.472015,510.846558,31562.424862,22.615242,5766.580198,7.860768,0.055274,False,False,False,False,True,True,True,1-circle,-1.000000,5764.429183,-22028.426213,-1.901511,-0.002584,100.000000,100.000000,0.000000,0.000000,2,4,4,0.0000,0.0000,0.0000,0.5000,"Accelerate",-0.023469
5058,A0100,pursuit_chase_v1,UNKNOWN,15236.386763,28503.748983,3896.251017,939.304913,-31030.356819,20010.279952,510.982919,31569.401324,139.529242,5759.504063,7.846811,0.022552,False,False,False,False,True,True,False,1-circle,-1.000000,5765.992547,-21551.369253,0.776273,-0.193138,100.000000,100.000000,0.000000,0.000000,2,4,4,0.0000,0.0000,0.0000,0.5000,"PursuitChaseOptimal",0.010130
5058,B0100,aggressive,UNKNOWN,15236.386763,28503.748983,3896.251017,939.304913,-31030.356819,20010.279952,510.982919,31569.401324,139.529242,5759.504063,7.846811,0.022552,False,False,False,False,True,True,False,1-circle,-1.000000,5765.992547,-21551.369253,0.776273,-0.193138,100.000000,100.000000,0.000000,0.000000,2,4,4,0.0000,0.0000,0.0000,0.5000,"Accelerate",-0.009546
5059,A0100,pursuit_chase_v1,UNKNOWN,15236.386763,28503.748983,3896.251017,939.304913,-31030.356819,20010.279952,510.982919,31569.401324,139.529242,5759.504063,7.846811,0.022552,False,False,False,False,True,True,False,1-circle,-1.000000,5765.992547,-21551.369253,0.776273,-0.193138,100.000000,100.000000,0.000000,0.000000,2,4,4,0.0000,0.0000,0.0000,0.5000,"PursuitChaseOptimal",-0.004206
5059,B0100,aggressive,UNKNOWN,15236.386763,28503.748983,3896.251017,939.304913,-31030.356819,20010.279952,510.982919,31569.401324,139.529242,5759.504063,7.846811,0.022552,False,False,False,False,True,True,False,1-circle,-1.000000,5765.992547,-21551.369253,0.776273,-0.193138,100.000000,100.000000,0.000000,0.000000,2,4,4,0.0000,0.0000,0.0000,0.5000,"Accelerate",0.004436
5060,A0100,pursuit_chase_v1,UNKNOWN,15235.515187,28511.797308,3888.202692,937.437385,-31034.056073,20011.100334,510.920515,31567.398560,-40.055270,5754.404662,7.689520,0.045327,False,False,False,False,True,True,False,1-circle,-1.000000,5767.423994,-21976.716637,-1.559756,0.018047,100.000000,100.000000,0.000000,0.000000,2,4,4,0.0000,0.0000,0.0000,0.5000,"PursuitChaseOptimal",-0.011735
5060,B0100,aggressive,UNKNOWN,15235.515187,28511.797308,3888.202692,937.437385,-31034.056073,20011.100334,510.920515,31567.398560,-40.055270,5754.404662,7.689520,0.045327,False,False,False,False,True,True,False,1-circle,-1.000000,5767.423994,-21976.716637,-1.559756,0.018047,100.000000,100.000000,0.000000,0.000000,2,4,4,0.0000,0.0000,0.0000,0.5000,"Accelerate",0.011137
5061,A0100,pursuit_chase_v1,UNKNOWN,15235.515187,28511.797308,3888.202692,937.437385,-31034.056073,20011.100334,510.920515,31567.398560,-40.055270,5754.404662,7.689520,0.045327,False,False,False,False,True,True,False,1-circle,-1.000000,5767.423994,-21976.716637,-1.559756,0.018047,100.000000,100.000000,0.000000,0.000000,2,4,4,0.0000,0.0000,0.0000,0.5000,"PursuitChaseOptimal",-0.013048
5061,B0100,aggressive,UNKNOWN,15235.515187,28511.797308,3888.202692,937.437385,-31034.056073,20011.100334,510.920515,31567.398560,-40.055270,5754.404662,7.689520,0.045327,False,False,False,False,True,True,False,1-circle,-1.000000,5767.423994,-21976.716637,-1.559756,0.018047,100.000000,100.000000,0.000000,0.000000,2,4,4,0.0000,0.0000,0.0000,0.5000,"Accelerate",0.012433
5062,A0100,pursuit_chase_v1,UNKNOWN,15234.657826,28508.905415,3891.094585,936.755001,-31043.451426,20011.933200,511.018749,31572.675683,105.542458,5762.935309,7.820270,0.000079,False,False,False,False,True,True,False,1-circle,-1.000000,5768.890285,-21700.355000,0.002731,-0.065284,100.000000,100.000000,0.000000,0.000000,2,4,4,0.0000,0.0000,0.0000,0.5000,"PursuitChaseOptimal",-0.009568
5062,B0100,aggressive,UNKNOWN,15234.657826,28508.905415,3891.094585,936.755001,-31043.451426,20011.933200,511.018749,31572.675683,105.542458,5762.935309,7.820270,0.000079,False,False,False,False,True,True,False,1-circle,-1.000000,5768.890285,-21700.355000,0.002731,-0.065284,100.000000,100.000000,0.000000,0.000000,2,4,4,0.0000,0.0000,0.0000,0.5000,"Accelerate",0.009566
5063,A0100,pursuit_chase_v1,UNKNOWN,15234.657826,28508.905415,3891.094585,936.755001,-31043.451426,20011.933200,511.018749,31572.675683,105.542458,5762.935309,7.820270,0.000079,False,False,False,False,True,True,False,1-circle,-1.000000,5768.890285,-21700.355000,0.002731,-0.065284,100.000000,100.000000,0.000000,0.000000,2,4,4,0.0000,0.0000,0.0000,0.5000,"PursuitChaseOptimal",0.005807
5063,B0100,aggressive,UNKNOWN,15234.657826,28508.905415,3891.094585,936.755001,-31043.451426,20011.933200,511.018749,31572.675683,105.542458,5762.935309,7.820270,0.000079,False,False,False,False,True,True,False,1-circle,-1.000000,5768.890285,-21700.355000,0.002731,-0.065284,100.000000,100.000000,0.000000,0.000000,2,4,4,0.0000,0.0000,0.0000,0.5000,"Accelerate",-0.005330
5064,A0100,pursuit_chase_v1,UNKNOWN,15233.805299,28514.910289,3885.089711,937.526815,-31046.112557,20012.769315,510.933312,31569.646456,-60.584538,5752.763320,7.870095,0.065361,False,False,False,False,True,True,False,1-circle,-1.000000,5770.423227,-22110.546716,-2.248659,-0.130382,100.000000,100.000000,0.000000,0.000000,2,4,4,0.0000,0.0000,0.0000,0.5000,"PursuitChaseOptimal",0.017174
5064,B0100,aggressive,UNKNOWN,15233.805299,28514.910289,3885.089711,937.526815,-31046.112557,20012.769315,510.933312,31569.646456,-60.584538,5752.763320,7.870095,0.065361,False,False,False,False,True,True,False,1-circle,-1.000000,5770.423227,-22110.546716,-2.248659,-0.130382,100.000000,100.000000,0.000000,0.000000,2,4,4,0.0000,0.0000,0.0000,0.5000,"Accelerate",-0.017041
5065,A0100,pursuit_chase_v1,UNKNOWN,15233.805299,28514.910289,3885.089711,937.526815,-31046.112557,20012.769315,510.933312,31569.646456,-60.584538,5752.763320,7.870095,0.065361,False,False,False,False,True,True,False,1-circle,-1.000000,5770.423227,-22110.546716,-2.248659,-0.130382,100.000000,100.000000,0.000000,0.000000,2,4,4,0.0000,0.0000,0.0000,0.5000,"PursuitChaseOptimal",0.022202
5065,B0100,aggressive,UNKNOWN,15233.805299,28514.910289,3885.089711,937.526815,-31046.112557,20012.769315,510.933312,31569.646456,-60.584538,5752.763320,7.870095,0.065361,False,False,False,False,True,True,False,1-circle,-1.000000,5770.423227,-22110.546716,-2.248659,-0.130382,100.000000,100.000000,0.000000,0.000000,2,4,4,0.0000,0.0000,0.0000,0.5000,"Accelerate",-0.022233
5066,A0100,pursuit_chase_v1,UNKNOWN,15232.920060,28509.133771,3890.866229,935.959740,-31054.748047,20013.611981,511.056453,31576.060460,128.280080,5744.445139,7.855956,0.012314,False,False,False,False,True,True,False,1-circle,-1.000000,5771.862241,-21786.985406,-0.423968,0.000199,100.000000,100.000000,0.000000,0.000000,2,4,4,0.0000,0.0000,0.0000,0.5000,"PursuitChaseOptimal",0.009030
5066,B0100,aggressive,UNKNOWN,15232.920060,28509.133771,3890.866229,935.959740,-31054.748047,20013.611981,511.056453,31576.060460,128.280080,5744.445139,7.855956,0.012314,False,False,False,False,True,True,False,1-circle,-1.000000,5771.862241,-21786.985406,-0.423968,0.000199,100.000000,100.000000,0.000000,0.000000,2,4,4,0.0000,0.0000,0.0000,0.5000,"Accelerate",-0.009007
5067,A0100,pursuit_chase_v1,UNKNOWN,15232.920060,28509.133771,3890.866229,935.959740,-31054.748047,20013.611981,511.056453,31576.060460,128.280080,5744.445139,7.855956,0.012314,False,False,False,False,True,True,False,1-circle,-1.000000,5771.862241,-21786.985406,-0.423968,0.000199,100.000000,100.000000,0.000000,0.000000,2,4,4,0.0000,0.0000,0.0000,0.5000,"PursuitChaseOptimal",-0.004840
5067,B0100,aggressive,UNKNOWN,15232.920060,28509.133771,3890.866229,935.959740,-31054.748047,20013.611981,511.056453,31576.060460,128.280080,5744.445139,7.855956,0.012314,False,False,False,False,True,True,False,1-circle,-1.000000,5771.862241,-21786.985406,-0.423968,0.000199,100.000000,100.000000,0.000000,0.000000,2,4,4,0.0000,0.0000,0.0000,0.5000,"Accelerate",0.005115
5068,A0100,pursuit_chase_v1,UNKNOWN,15232.025621,28512.517492,3887.482508,934.346716,-31059.568839,20014.392085,511.048720,31576.490688,8.604551,5742.915277,7.765642,0.000395,False,False,False,False,True,True,False,1-circle,-1.000000,5773.254654,-21713.077033,0.013614,-0.104967,100.000000,100.000000,0.000000,0.000000,2,4,4,0.0000,0.0000,0.0000,0.5000,"PursuitChaseOptimal",-0.013787
5068,B0100,aggressive,UNKNOWN,15232.025621,28512.517492,3887.482508,934.346716,-31059.568839,20014.392085,511.048720,31576.490688,8.604551,5742.915277,7.765642,0.000395,False,False,False,False,True,True,False,1-circle,-1.000000,5773.254654,-21713.077033,0.013614,-0.104967,100.000000,100.000000,0.000000,0.000000,2,4,4,0.0000,0.0000,0.0000,0.5000,"Accelerate",0.013834
5069,A0100,pursuit_chase_v1,UNKNOWN,15232.025621,28512.517492,3887.482508,934.346716,-31059.568839,20014.392085,511.048720,31576.490688,8.604551,5742.915277,7.765642,0.000395,False,False,False,False,True,True,False,1-circle,-1.000000,5773.254654,-21713.077033,0.013614,-0.104967,100.000000,100.000000,0.000000,0.000000,2,4,4,0.0000,0.0000,0.0000,0.5000,"PursuitChaseOptimal",-0.007029
5069,B0100,aggressive,UNKNOWN,15232.025621,28512.517492,3887.482508,934.346716,-31059.568839,20014.392085,511.048720,31576.490688,8.604551,5742.915277,7.765642,0.000395,False,False,False,False,True,True,False,1-circle,-1.000000,5773.254654,-21713.077033,0.013614,-0.104967,100.000000,100.000000,0.000000,0.000000,2,4,4,0.0000,0.0000,0.0000,0.5000,"Accelerate",0.006581
5070,A0100,pursuit_chase_v1,UNKNOWN,15231.129709,28516.513763,3883.486237,931.364334,-31066.770524,20015.250368,511.061989,31577.949353,29.173293,5744.935396,7.794093,0.034668,False,False,False,False,True,True,False,1-circle,-1.000000,5774.621446,-21935.191883,-1.193454,0.089936,100.000000,100.000000,0.000000,0.000000,2,4,4,0.0000,0.0000,0.0000,0.5000,"PursuitChaseOptimal",0.007664
5070,B0100,aggressive,UNKNOWN,15231.129709,28516.513763,3883.486237,931.364334,-31066.770524,20015.250368,511.061989,31577.949353,29.173293,5744.935396,7.794093,0.034668,False,False,False,False,True,True,False,1-circle,-1.000000,5774.621446,-21935.191883,-1.193454,0.089936,100.000000,100.000000,0.000000,0.000000,2,4,4,0.0000,0.0000,0.0000,0.5000,"Accelerate",-0.007755
5071,A0100,pursuit_chase_v1,UNKNOWN,15231.129709,28516.513763,3883.486237,931.364334,-31066.770524,20015.250368,511.061989,31577.949353,29.173293,5744.935396,7.794093,0.034668,False,False,False,False,True,True,False,1-circle,-1.000000,5774.621446,-21935.191883,-1.193454,0.089936,100.000000,100.000000,0.000000,0.000000,2,4,4,0.0000,0.0000,0.0000,0.5000,"PursuitChaseOptimal",0.018622
5071,B0100,aggressive,UNKNOWN,15231.129709,28516.513763,3883.486237,931.364334,-31066.770524,20015.250368,511.061989,31577.949353,29.173293,5744.935396,7.794093,0.034668,False,False,False,False,True,True,False,1-circle,-1.000000,5774.621446,-21935.191883,-1.193454,0.089936,100.000000,100.000000,0.000000,0.000000,2,4,4,0.0000,0.0000,0.0000,0.5000,"Accelerate",-0.017914
5072,A0100,pursuit_chase_v1,UNKNOWN,15230.242629,28517.514493,3882.485507,931.251898,-31071.880680,20016.079636,511.100447,31580.518905,51.391046,5736.068978,7.720565,0.019565,False,False,False,False,True,True,False,1-circle,-1.000000,5776.005825,-21846.476393,-0.673649,-0.145914,100.000000,100.000000,0.000000,0.000000,2,4,4,0.0000,0.0000,0.0000,0.5000,"PursuitChaseOptimal",0.023423
5072,B0100,aggressive,UNKNOWN,15230.242629,28517.514493,3882.485507,931.251898,-31071.880680,20016.079636,511.100447,31580.518905,51.391046,5736.068978,7.720565,0.019565,False,False,False,False,True,True,False,1-circle,-1.000000,5776.005825,-21846.476393,-0.673649,-0.145914,100.000000,100.000000,0.000000,0.000000,2,4,4,0.0000,0.0000,0.0000,0.5000,"Accelerate",-0.022442
5073,A0100,pursuit_chase_v1,UNKNOWN,15230.242629,28517.514493,3882.485507,931.251898,-31071.880680,20016.079636,511.100447,31580.518905,51.391046,5736.068978,7.720565,0.019565,False,False,False,False,True,True,False,1-circle,-1.000000,5776.005825,-21846.476393,-0.673649,-0.145914,100.000000,100.000000,0.000000,0.000000,2,4,4,0.0000,0.0000,0.0000,0.5000,"PursuitChaseOptimal",0.009912
5073,B0100,aggressive,UNKNOWN,15230.242629,28517.514493,3882.485507,931.251898,-31071.880680,20016.079636,511.100447,31580.518905,51.391046,5736.068978,7.720565,0.019565,False,False,False,False,True,True,False,1-circle,-1.000000,5776.005825,-21846.476393,-0.673649,-0.145914,100.000000,100.000000,0.000000,0.000000,2,4,4,0.0000,0.0000,0.0000,0.5000,"Accelerate",-0.009890
5074,A0100,pursuit_chase_v1,UNKNOWN,15229.297343,28521.445345,3878.554655,929.696086,-31078.580285,20016.969797,511.093634,31581.100742,11.636735,5724.775151,7.566669,0.054865,False,False,False,False,True,True,False,1-circle,-1.000000,5777.181186,-22069.868229,-1.888487,0.039035,100.000000,100.000000,0.000000,0.000000,2,4,4,0.0000,0.0000,0.0000,0.5000,"PursuitChaseOptimal",-0.004244
5074,B0100,aggressive,UNKNOWN,15229.297343,28521.445345,3878.554655,929.696086,-31078.580285,20016.969797,511.093634,31581.100742,11.636735,5724.775151,7.566669,0.054865,False,False,False,False,True,True,False,1-circle,-1.000000,5777.181186,-22069.868229,-1.888487,0.039035,100.000000,100.000000,0.000000,0.000000,2,4,4,0.0000,0.0000,0.0000,0.5000,"Accelerate",0.003568
5075,A0100,pursuit_chase_v1,UNKNOWN,15229.297343,28521.445345,3878.554655,929.696086,-31078.580285,20016.969797,511.093634,31581.100742,11.636735,5724.775151,7.566669,0.054865,False,False,False,False,True,True,False,1-circle,-1.000000,5777.181186,-22069.868229,-1.888487,0.039035,100.000000,100.000000,0.000000,0.000000,2,4,4,0.0000,0.0000,0.0000,0.5000,"PursuitChaseOptimal",-0.013157
5075,B0100,aggressive,UNKNOWN,15229.297343,28521.445345,3878.554655,929.696086,-31078.580285,20016.969797,511.093634,31581.100742,11.636735,5724.775151,7.566669,0.054865,False,False,False,False,True,True,False,1-circle,-1.000000,5777.181186,-22069.868229,-1.888487,0.039035,100.000000,100.000000,0.000000,0.000000,2,4,4,0.0000,0.0000,0.0000,0.5000,"Accelerate",0.012612
5076,A0100,pursuit_chase_v1,UNKNOWN,15228.373123,28515.361970,3884.638030,930.192744,-31085.093440,20017.792537,511.216079,31587.465110,127.287360,5736.701097,7.654072,0.022927,False,False,False,False,True,True,False,1-circle,-1.000000,5778.398421,-21592.565253,0.789561,-0.088828,100.000000,100.000000,0.000000,0.000000,2,4,4,0.0000,0.0000,0.0000,0.5000,"PursuitChaseOptimal",-0.012550
5076,B0100,aggressive,UNKNOWN,15228.373123,28515.361970,3884.638030,930.192744,-31085.093440,20017.792537,511.216079,31587.465110,127.287360,5736.701097,7.654072,0.022927,False,False,False,False,True,True,False,1-circle,-1.000000,5778.398421,-21592.565253,0.789561,-0.088828,100.000000,100.000000,0.000000,0.000000,2,4,4,0.0000,0.0000,0.0000,0.5000,"Accelerate",0.012632
5077,A0100,pursuit_chase_v1,UNKNOWN,15228.373123,28515.361970,3884.638030,930.192744,-31085.093440,20017.792537,511.216079,31587.465110,127.287360,5736.701097,7.654072,0.022927,False,False,False,False,True,True,False,1-circle,-1.000000,5778.398421,-21592.565253,0.789561,-0.088828,100.000000,100.000000,0.000000,0.000000,2,4,4,0.0000,0.0000,0.0000,0.5000,"PursuitChaseOptimal",-0.008342
5077,B0100,aggressive,UNKNOWN,15228.373123,28515.361970,3884.638030,930.192744,-31085.093440,20017.792537,511.216079,31587.465110,127.287360,5736.701097,7.654072,0.022927,False,False,False,False,True,True,False,1-circle,-1.000000,5778.398421,-21592.565253,0.789561,-0.088828,100.000000,100.000000,0.000000,0.000000,2,4,4,0.0000,0.0000,0.0000,0.5000,"Accelerate",0.008528
5078,A0100,pursuit_chase_v1,UNKNOWN,15227.455101,28524.967574,3875.032426,929.588630,-31088.746017,20018.646057,511.149927,31585.324546,-42.811278,5730.870231,7.676736,0.045057,False,False,False,False,True,True,False,1-circle,-1.000000,5779.668855,-22018.705297,-1.551253,0.065980,100.000000,100.000000,0.000000,0.000000,2,4,4,0.0000,0.0000,0.0000,0.5000,"PursuitChaseOptimal",0.006917
5078,B0100,aggressive,UNKNOWN,15227.455101,28524.967574,3875.032426,929.588630,-31088.746017,20018.646057,511.149927,31585.324546,-42.811278,5730.870231,7.676736,0.045057,False,False,False,False,True,True,False,1-circle,-1.000000,5779.668855,-22018.705297,-1.551253,0.065980,100.000000,100.000000,0.000000,0.000000,2,4,4,0.0000,0.0000,0.0000,0.5000,"Accelerate",-0.007012
5079,A0100,pursuit_chase_v1,UNKNOWN,15227.455101,28524.967574,3875.032426,929.588630,-31088.746017,20018.646057,511.149927,31585.324546,-42.811278,5730.870231,7.676736,0.045057,False,False,False,False,True,True,False,1-circle,-1.000000,5779.668855,-22018.705297,-1.551253,0.065980,100.000000,100.000000,0.000000,0.000000,2,4,4,0.0000,0.0000,0.0000,0.5000,"PursuitChaseOptimal",0.018371
5079,B0100,aggressive,UNKNOWN,15227.455101,28524.967574,3875.032426,929.588630,-31088.746017,20018.646057,511.149927,31585.324546,-42.811278,5730.870231,7.676736,0.045057,False,False,False,False,True,True,False,1-circle,-1.000000,5779.668855,-22018.705297,-1.551253,0.065980,100.000000,100.000000,0.000000,0.000000,2,4,4,0.0000,0.0000,0.0000,0.5000,"Accelerate",-0.018163
5080,A0100,pursuit_chase_v1,UNKNOWN,15226.527126,28522.963245,3877.036755,925.494692,-31098.074786,20019.526529,511.245071,31590.511420,103.737494,5724.286329,7.641650,0.000424,False,False,False,False,True,True,False,1-circle,-1.000000,5780.906308,-21741.618791,0.014604,-0.004110,100.000000,100.000000,0.000000,0.000000,2,4,4,0.0000,0.0000,0.0000,0.5000,"PursuitChaseOptimal",0.023305
5080,B0100,aggressive,UNKNOWN,15226.527126,28522.963245,3877.036755,925.494692,-31098.074786,20019.526529,511.245071,31590.511420,103.737494,5724.286329,7.641650,0.000424,False,False,False,False,True,True,False,1-circle,-1.000000,5780.906308,-21741.618791,0.014604,-0.004110,100.000000,100.000000,0.000000,0.000000,2,4,4,0.0000,0.0000,0.0000,0.5000,"Accelerate",-0.022423
5081,A0100,pursuit_chase_v1,UNKNOWN,15226.527126,28522.963245,3877.036755,925.494692,-31098.074786,20019.526529,511.245071,31590.511420,103.737494,5724.286329,7.641650,0.000424,False,False,False,False,True,True,False,1-circle,-1.000000,5780.906308,-21741.618791,0.014604,-0.004110,100.000000,100.000000,0.000000,0.000000,2,4,4,0.0000,0.0000,0.0000,0.5000,"PursuitChaseOptimal",0.010257
5081,B0100,aggressive,UNKNOWN,15226.527126,28522.963245,3877.036755,925.494692,-31098.074786,20019.526529,511.245071,31590.511420,103.737494,5724.286329,7.641650,0.000424,False,False,False,False,True,True,False,1-circle,-1.000000,5780.906308,-21741.618791,0.014604,-0.004110,100.000000,100.000000,0.000000,0.000000,2,4,4,0.0000,0.0000,0.0000,0.5000,"Accelerate",-0.009598
5082,A0100,pursuit_chase_v1,UNKNOWN,15225.554110,28529.913777,3870.086223,927.313390,-31100.684348,20020.419675,511.155715,31587.360111,-63.026186,5706.188904,7.521482,0.065024,False,False,False,False,True,True,False,1-circle,-1.000000,5781.984572,-22151.790576,-2.238193,-0.079246,100.000000,100.000000,0.000000,0.000000,2,4,4,0.0000,0.0000,0.0000,0.5000,"PursuitChaseOptimal",-0.003860
5082,B0100,aggressive,UNKNOWN,15225.554110,28529.913777,3870.086223,927.313390,-31100.684348,20020.419675,511.155715,31587.360111,-63.026186,5706.188904,7.521482,0.065024,False,False,False,False,True,True,False,1-circle,-1.000000,5781.984572,-22151.790576,-2.238193,-0.079246,100.000000,100.000000,0.000000,0.000000,2,4,4,0.0000,0.0000,0.0000,0.5000,"Accelerate",0.003506
5083,A0100,pursuit_chase_v1,UNKNOWN,15225.554110,28529.913777,3870.086223,927.313390,-31100.684348,20020.419675,511.155715,31587.360111,-63.026186,5706.188904,7.521482,0.065024,False,False,False,False,True,True,False,1-circle,-1.000000,5781.984572,-22151.790576,-2.238193,-0.079246,100.000000,100.000000,0.000000,0.000000,2,4,4,0.0000,0.0000,0.0000,0.5000,"PursuitChaseOptimal",-0.013608
5083,B0100,aggressive,UNKNOWN,15225.554110,28529.913777,3870.086223,927.313390,-31100.684348,20020.419675,511.155715,31587.360111,-63.026186,5706.188904,7.521482,0.065024,False,False,False,False,True,True,False,1-circle,-1.000000,5781.984572,-22151.790576,-2.238193,-0.079246,100.000000,100.000000,0.000000,0.000000,2,4,4,0.0000,0.0000,0.0000,0.5000,"Accelerate",0.012698
5084,A0100,pursuit_chase_v1,UNKNOWN,15224.577387,28524.312954,3875.687046,925.865091,-31108.169177,20021.326353,511.277030,31593.757909,127.955956,5717.112016,7.610829,0.012316,False,False,False,False,True,True,False,1-circle,-1.000000,5783.021380,-21829.917259,-0.424241,0.048409,100.000000,100.000000,0.000000,0.000000,2,4,4,0.0000,0.0000,0.0000,0.5000,"PursuitChaseOptimal",-0.007278
5084,B0100,aggressive,UNKNOWN,15224.577387,28524.312954,3875.687046,925.865091,-31108.169177,20021.326353,511.277030,31593.757909,127.955956,5717.112016,7.610829,0.012316,False,False,False,False,True,True,False,1-circle,-1.000000,5783.021380,-21829.917259,-0.424241,0.048409,100.000000,100.000000,0.000000,0.000000,2,4,4,0.0000,0.0000,0.0000,0.5000,"Accelerate",0.006814
5085,A0100,pursuit_chase_v1,UNKNOWN,15224.577387,28524.312954,3875.687046,925.865091,-31108.169177,20021.326353,511.277030,31593.757909,127.955956,5717.112016,7.610829,0.012316,False,False,False,False,True,True,False,1-circle,-1.000000,5783.021380,-21829.917259,-0.424241,0.048409,100.000000,100.000000,0.000000,0.000000,2,4,4,0.0000,0.0000,0.0000,0.5000,"PursuitChaseOptimal",0.007526
5085,B0100,aggressive,UNKNOWN,15224.577387,28524.312954,3875.687046,925.865091,-31108.169177,20021.326353,511.277030,31593.757909,127.955956,5717.112016,7.610829,0.012316,False,False,False,False,True,True,False,1-circle,-1.000000,5783.021380,-21829.917259,-0.424241,0.048409,100.000000,100.000000,0.000000,0.000000,2,4,4,0.0000,0.0000,0.0000,0.5000,"Accelerate",-0.006942
5086,A0100,pursuit_chase_v1,UNKNOWN,15223.626701,28527.749783,3872.250217,923.690033,-31114.368492,20022.170006,511.277623,31594.628442,17.410670,5713.121580,7.590638,0.001072,False,False,False,False,True,True,False,1-circle,-1.000000,5784.177713,-21764.919827,-0.036910,-0.059547,100.000000,100.000000,0.000000,0.000000,2,4,4,0.0000,0.0000,0.0000,0.5000,"PursuitChaseOptimal",0.018749
5086,B0100,aggressive,UNKNOWN,15223.626701,28527.749783,3872.250217,923.690033,-31114.368492,20022.170006,511.277623,31594.628442,17.410670,5713.121580,7.590638,0.001072,False,False,False,False,True,True,False,1-circle,-1.000000,5784.177713,-21764.919827,-0.036910,-0.059547,100.000000,100.000000,0.000000,0.000000,2,4,4,0.0000,0.0000,0.0000,0.5000,"Accelerate",-0.017851
5087,A0100,pursuit_chase_v1,UNKNOWN,15223.626701,28527.749783,3872.250217,923.690033,-31114.368492,20022.170006,511.277623,31594.628442,17.410670,5713.121580,7.590638,0.001072,False,False,False,False,True,True,False,1-circle,-1.000000,5784.177713,-21764.919827,-0.036910,-0.059547,100.000000,100.000000,0.000000,0.000000,2,4,4,0.0000,0.0000,0.0000,0.5000,"PursuitChaseOptimal",0.023457
5087,B0100,aggressive,UNKNOWN,15223.626701,28527.749783,3872.250217,923.690033,-31114.368492,20022.170006,511.277623,31594.628442,17.410670,5713.121580,7.590638,0.001072,False,False,False,False,True,True,False,1-circle,-1.000000,5784.177713,-21764.919827,-0.036910,-0.059547,100.000000,100.000000,0.000000,0.000000,2,4,4,0.0000,0.0000,0.0000,0.5000,"Accelerate",-0.023074
5088,A0100,pursuit_chase_v1,UNKNOWN,15222.634175,28531.456270,3868.543730,922.839923,-31121.559933,20023.087423,511.298969,31596.512185,37.674858,5697.760945,7.442355,0.036576,False,False,False,False,True,True,False,1-circle,-1.000000,5785.162716,-21989.648415,-1.259790,0.133026,100.000000,100.000000,0.000000,0.000000,2,4,4,0.0000,0.0000,0.0000,0.5000,"PursuitChaseOptimal",0.010012
5088,B0100,aggressive,UNKNOWN,15222.634175,28531.456270,3868.543730,922.839923,-31121.559933,20023.087423,511.298969,31596.512185,37.674858,5697.760945,7.442355,0.036576,False,False,False,False,True,True,False,1-circle,-1.000000,5785.162716,-21989.648415,-1.259790,0.133026,100.000000,100.000000,0.000000,0.000000,2,4,4,0.0000,0.0000,0.0000,0.5000,"Accelerate",-0.010012
5089,A0100,pursuit_chase_v1,UNKNOWN,15222.634175,28531.456270,3868.543730,922.839923,-31121.559933,20023.087423,511.298969,31596.512185,37.674858,5697.760945,7.442355,0.036576,False,False,False,False,True,True,False,1-circle,-1.000000,5785.162716,-21989.648415,-1.259790,0.133026,100.000000,100.000000,0.000000,0.000000,2,4,4,0.0000,0.0000,0.0000,0.5000,"PursuitChaseOptimal",-0.004296
5089,B0100,aggressive,UNKNOWN,15222.634175,28531.456270,3868.543730,922.839923,-31121.559933,20023.087423,511.298969,31596.512185,37.674858,5697.760945,7.442355,0.036576,False,False,False,False,True,True,False,1-circle,-1.000000,5785.162716,-21989.648415,-1.259790,0.133026,100.000000,100.000000,0.000000,0.000000,2,4,4,0.0000,0.0000,0.0000,0.5000,"Accelerate",0.004383
5090,A0100,pursuit_chase_v1,UNKNOWN,15221.633973,28532.263332,3867.736668,921.236619,-31126.752920,20023.971323,511.345029,31599.481321,59.382707,5699.811276,7.343721,0.021967,False,False,False,False,True,True,False,1-circle,-1.000000,5786.066558,-21903.649543,-0.756744,-0.105783,100.000000,100.000000,0.000000,0.000000,2,4,4,0.0000,0.0000,0.0000,0.5000,"PursuitChaseOptimal",-0.013188
5090,B0100,aggressive,UNKNOWN,15221.633973,28532.263332,3867.736668,921.236619,-31126.752920,20023.971323,511.345029,31599.481321,59.382707,5699.811276,7.343721,0.021967,False,False,False,False,True,True,False,1-circle,-1.000000,5786.066558,-21903.649543,-0.756744,-0.105783,100.000000,100.000000,0.000000,0.000000,2,4,4,0.0000,0.0000,0.0000,0.5000,"Accelerate",0.013138
5091,A0100,pursuit_chase_v1,UNKNOWN,15221.633973,28532.263332,3867.736668,921.236619,-31126.752920,20023.971323,511.345029,31599.481321,59.382707,5699.811276,7.343721,0.021967,False,False,False,False,True,True,False,1-circle,-1.000000,5786.066558,-21903.649543,-0.756744,-0.105783,100.000000,100.000000,0.000000,0.000000,2,4,4,0.0000,0.0000,0.0000,0.5000,"PursuitChaseOptimal",-0.009032
5091,B0100,aggressive,UNKNOWN,15221.633973,28532.263332,3867.736668,921.236619,-31126.752920,20023.971323,511.345029,31599.481321,59.382707,5699.811276,7.343721,0.021967,False,False,False,False,True,True,False,1-circle,-1.000000,5786.066558,-21903.649543,-0.756744,-0.105783,100.000000,100.000000,0.000000,0.000000,2,4,4,0.0000,0.0000,0.0000,0.5000,"Accelerate",0.008502
5092,A0100,pursuit_chase_v1,UNKNOWN,15220.631488,28535.881488,3864.118512,918.518846,-31133.526665,20024.911632,511.345898,31600.460972,19.593026,5700.142755,7.419795,0.057816,False,False,False,False,True,True,False,1-circle,-1.000000,5786.964440,-22130.379728,-1.991059,0.077299,100.000000,100.000000,0.000000,0.000000,2,4,4,0.0000,0.0000,0.0000,0.5000,"PursuitChaseOptimal",0.001852
5092,B0100,aggressive,UNKNOWN,15220.631488,28535.881488,3864.118512,918.518846,-31133.526665,20024.911632,511.345898,31600.460972,19.593026,5700.142755,7.419795,0.057816,False,False,False,False,True,True,False,1-circle,-1.000000,5786.964440,-22130.379728,-1.991059,0.077299,100.000000,100.000000,0.000000,0.000000,2,4,4,0.0000,0.0000,0.0000,0.5000,"Accelerate",-0.002336
5093,A0100,pursuit_chase_v1,UNKNOWN,15220.631488,28535.881488,3864.118512,918.518846,-31133.526665,20024.911632,511.345898,31600.460972,19.593026,5700.142755,7.419795,0.057816,False,False,False,False,True,True,False,1-circle,-1.000000,5786.964440,-22130.379728,-1.991059,0.077299,100.000000,100.000000,0.000000,0.000000,2,4,4,0.0000,0.0000,0.0000,0.5000,"PursuitChaseOptimal",0.006387
5093,B0100,aggressive,UNKNOWN,15220.631488,28535.881488,3864.118512,918.518846,-31133.526665,20024.911632,511.345898,31600.460972,19.593026,5700.142755,7.419795,0.057816,False,False,False,False,True,True,False,1-circle,-1.000000,5786.964440,-22130.379728,-1.991059,0.077299,100.000000,100.000000,0.000000,0.000000,2,4,4,0.0000,0.0000,0.0000,0.5000,"Accelerate",-0.006537
5094,A0100,pursuit_chase_v1,UNKNOWN,15219.641762,28528.619944,3871.380056,920.702715,-31140.307683,20025.779446,511.496513,31608.148861,153.757776,5701.837255,7.513402,0.016972,False,False,False,False,True,True,False,1-circle,-1.000000,5787.955980,-21671.334562,0.584875,-0.058591,100.000000,100.000000,0.000000,0.000000,2,4,4,0.0000,0.0000,0.0000,0.5000,"PursuitChaseOptimal",-0.005524
5094,B0100,aggressive,UNKNOWN,15219.641762,28528.619944,3871.380056,920.702715,-31140.307683,20025.779446,511.496513,31608.148861,153.757776,5701.837255,7.513402,0.016972,False,False,False,False,True,True,False,1-circle,-1.000000,5787.955980,-21671.334562,0.584875,-0.058591,100.000000,100.000000,0.000000,0.000000,2,4,4,0.0000,0.0000,0.0000,0.5000,"Accelerate",0.005512
5095,A0100,pursuit_chase_v1,UNKNOWN,15219.641762,28528.619944,3871.380056,920.702715,-31140.307683,20025.779446,511.496513,31608.148861,153.757776,5701.837255,7.513402,0.016972,False,False,False,False,True,True,False,1-circle,-1.000000,5787.955980,-21671.334562,0.584875,-0.058591,100.000000,100.000000,0.000000,0.000000,2,4,4,0.0000,0.0000,0.0000,0.5000,"PursuitChaseOptimal",-0.002505
5095,B0100,aggressive,UNKNOWN,15219.641762,28528.619944,3871.380056,920.702715,-31140.307683,20025.779446,511.496513,31608.148861,153.757776,5701.837255,7.513402,0.016972,False,False,False,False,True,True,False,1-circle,-1.000000,5787.955980,-21671.334562,0.584875,-0.058591,100.000000,100.000000,0.000000,0.000000,2,4,4,0.0000,0.0000,0.0000,0.5000,"Accelerate",0.002735
5096,A0100,pursuit_chase_v1,UNKNOWN,15218.644526,28534.358754,3865.641246,917.427291,-31143.871772,20026.638013,511.418430,31605.471493,-53.547350,5693.853730,7.552004,0.050869,False,False,False,False,True,True,False,1-circle,-1.000000,5788.955033,-22096.653628,-1.752246,-0.118024,100.000000,100.000000,0.000000,0.000000,2,4,4,0.0000,0.0000,0.0000,0.5000,"PursuitChaseOptimal",0.014476
5096,B0100,aggressive,UNKNOWN,15218.644526,28534.358754,3865.641246,917.427291,-31143.871772,20026.638013,511.418430,31605.471493,-53.547350,5693.853730,7.552004,0.050869,False,False,False,False,True,True,False,1-circle,-1.000000,5788.955033,-22096.653628,-1.752246,-0.118024,100.000000,100.000000,0.000000,0.000000,2,4,4,0.0000,0.0000,0.0000,0.5000,"Accelerate",-0.014359
5097,A0100,pursuit_chase_v1,UNKNOWN,15218.644526,28534.358754,3865.641246,917.427291,-31143.871772,20026.638013,511.418430,31605.471493,-53.547350,5693.853730,7.552004,0.050869,False,False,False,False,True,True,False,1-circle,-1.000000,5788.955033,-22096.653628,-1.752246,-0.118024,100.000000,100.000000,0.000000,0.000000,2,4,4,0.0000,0.0000,0.0000,0.5000,"PursuitChaseOptimal",0.028392
5097,B0100,aggressive,UNKNOWN,15218.644526,28534.358754,3865.641246,917.427291,-31143.871772,20026.638013,511.418430,31605.471493,-53.547350,5693.853730,7.552004,0.050869,False,False,False,False,True,True,False,1-circle,-1.000000,5788.955033,-22096.653628,-1.752246,-0.118024,100.000000,100.000000,0.000000,0.000000,2,4,4,0.0000,0.0000,0.0000,0.5000,"Accelerate",-0.027905
5098,A0100,pursuit_chase_v1,UNKNOWN,15217.636332,28530.826316,3869.173684,913.256647,-31153.350888,20027.500069,511.512239,31610.581731,102.204758,5688.425943,7.398538,0.006307,False,False,False,False,True,True,False,1-circle,-1.000000,5789.890885,-21824.955471,-0.217351,0.010073,100.000000,100.000000,0.000000,0.000000,2,4,4,0.0000,0.0000,0.0000,0.5000,"PursuitChaseOptimal",0.029098
5098,B0100,aggressive,UNKNOWN,15217.636332,28530.826316,3869.173684,913.256647,-31153.350888,20027.500069,511.512239,31610.581731,102.204758,5688.425943,7.398538,0.006307,False,False,False,False,True,True,False,1-circle,-1.000000,5789.890885,-21824.955471,-0.217351,0.010073,100.000000,100.000000,0.000000,0.000000,2,4,4,0.0000,0.0000,0.0000,0.5000,"Accelerate",-0.027958
5099,A0100,pursuit_chase_v1,UNKNOWN,15217.636332,28530.826316,3869.173684,913.256647,-31153.350888,20027.500069,511.512239,31610.581731,102.204758,5688.425943,7.398538,0.006307,False,False,False,False,True,True,False,1-circle,-1.000000,5789.890885,-21824.955471,-0.217351,0.010073,100.000000,100.000000,0.000000,0.000000,2,4,4,0.0000,0.0000,0.0000,0.5000,"PursuitChaseOptimal",0.010730
5099,B0100,aggressive,UNKNOWN,15217.636332,28530.826316,3869.173684,913.256647,-31153.350888,20027.500069,511.512239,31610.581731,102.204758,5688.425943,7.398538,0.006307,False,False,False,False,True,True,False,1-circle,-1.000000,5789.890885,-21824.955471,-0.217351,0.010073,100.000000,100.000000,0.000000,0.000000,2,4,4,0.0000,0.0000,0.0000,0.5000,"Accelerate",-0.010116
5100,A0100,pursuit_chase_v1,UNKNOWN,15216.594994,28536.318927,3863.681073,916.722163,-31155.980111,20028.358309,511.461254,31609.130989,-29.014853,5676.634185,7.165667,0.072816,False,False,False,False,True,True,False,1-circle,-1.000000,5790.632862,-22241.666894,-2.507669,-0.109865,100.000000,100.000000,0.000000,0.000000,2,4,4,0.0000,0.0000,0.0000,0.5000,"PursuitChaseOptimal",-0.002816
5100,B0100,aggressive,UNKNOWN,15216.594994,28536.318927,3863.681073,916.722163,-31155.980111,20028.358309,511.461254,31609.130989,-29.014853,5676.634185,7.165667,0.072816,False,False,False,False,True,True,False,1-circle,-1.000000,5790.632862,-22241.666894,-2.507669,-0.109865,100.000000,100.000000,0.000000,0.000000,2,4,4,0.0000,0.0000,0.0000,0.5000,"Accelerate",0.002278
5101,A0100,pursuit_chase_v1,UNKNOWN,15216.594994,28536.318927,3863.681073,916.722163,-31155.980111,20028.358309,511.461254,31609.130989,-29.014853,5676.634185,7.165667,0.072816,False,False,False,False,True,True,False,1-circle,-1.000000,5790.632862,-22241.666894,-2.507669,-0.109865,100.000000,100.000000,0.000000,0.000000,2,4,4,0.0000,0.0000,0.0000,0.5000,"PursuitChaseOptimal",-0.014777
5101,B0100,aggressive,UNKNOWN,15216.594994,28536.318927,3863.681073,916.722163,-31155.980111,20028.358309,511.461254,31609.130989,-29.014853,5676.634185,7.165667,0.072816,False,False,False,False,True,True,False,1-circle,-1.000000,5790.632862,-22241.666894,-2.507669,-0.109865,100.000000,100.000000,0.000000,0.000000,2,4,4,0.0000,0.0000,0.0000,0.5000,"Accelerate",0.013610
5102,A0100,pursuit_chase_v1,UNKNOWN,15215.554025,28527.656920,3872.343080,913.068809,-31164.774140,20029.195620,511.602112,31616.347938,144.338988,5685.891923,7.351301,0.020286,False,False,False,False,True,True,False,1-circle,-1.000000,5791.361504,-21920.588423,-0.699209,-0.139235,100.000000,100.000000,0.000000,0.000000,2,4,4,0.0000,0.0000,0.0000,0.5000,"PursuitChaseOptimal",-0.010338
5102,B0100,aggressive,UNKNOWN,15215.554025,28527.656920,3872.343080,913.068809,-31164.774140,20029.195620,511.602112,31616.347938,144.338988,5685.891923,7.351301,0.020286,False,False,False,False,True,True,False,1-circle,-1.000000,5791.361504,-21920.588423,-0.699209,-0.139235,100.000000,100.000000,0.000000,0.000000,2,4,4,0.0000,0.0000,0.0000,0.5000,"Accelerate",0.009586
5103,A0100,pursuit_chase_v1,UNKNOWN,15215.554025,28527.656920,3872.343080,913.068809,-31164.774140,20029.195620,511.602112,31616.347938,144.338988,5685.891923,7.351301,0.020286,False,False,False,False,True,True,False,1-circle,-1.000000,5791.361504,-21920.588423,-0.699209,-0.139235,100.000000,100.000000,0.000000,0.000000,2,4,4,0.0000,0.0000,0.0000,0.5000,"PursuitChaseOptimal",0.000852
5103,B0100,aggressive,UNKNOWN,15215.554025,28527.656920,3872.343080,913.068809,-31164.774140,20029.195620,511.602112,31616.347938,144.338988,5685.891923,7.351301,0.020286,False,False,False,False,True,True,False,1-circle,-1.000000,5791.361504,-21920.588423,-0.699209,-0.139235,100.000000,100.000000,0.000000,0.000000,2,4,4,0.0000,0.0000,0.0000,0.5000,"Accelerate",-0.000766
5104,A0100,pursuit_chase_v1,UNKNOWN,15214.538280,28524.964320,3875.035680,913.505647,-31169.498422,20029.924676,511.626368,31618.175754,36.556323,5680.584239,7.570154,0.008313,False,False,False,False,True,True,False,1-circle,-1.000000,5792.272469,-21850.887356,-0.286547,-0.340580,100.000000,100.000000,0.000000,0.000000,2,4,4,0.0000,0.0000,0.0000,0.5000,"PursuitChaseOptimal",0.005787
5104,B0100,aggressive,UNKNOWN,15214.538280,28524.964320,3875.035680,913.505647,-31169.498422,20029.924676,511.626368,31618.175754,36.556323,5680.584239,7.570154,0.008313,False,False,False,False,True,True,False,1-circle,-1.000000,5792.272469,-21850.887356,-0.286547,-0.340580,100.000000,100.000000,0.000000,0.000000,2,4,4,0.0000,0.0000,0.0000,0.5000,"Accelerate",-0.005375
5105,A0100,pursuit_chase_v1,UNKNOWN,15214.538280,28524.964320,3875.035680,913.505647,-31169.498422,20029.924676,511.626368,31618.175754,36.556323,5680.584239,7.570154,0.008313,False,False,False,False,True,True,False,1-circle,-1.000000,5792.272469,-21850.887356,-0.286547,-0.340580,100.000000,100.000000,0.000000,0.000000,2,4,4,0.0000,0.0000,0.0000,0.5000,"PursuitChaseOptimal",-0.007767
5105,B0100,aggressive,UNKNOWN,15214.538280,28524.964320,3875.035680,913.505647,-31169.498422,20029.924676,511.626368,31618.175754,36.556323,5680.584239,7.570154,0.008313,False,False,False,False,True,True,False,1-circle,-1.000000,5792.272469,-21850.887356,-0.286547,-0.340580,100.000000,100.000000,0.000000,0.000000,2,4,4,0.0000,0.0000,0.0000,0.5000,"Accelerate",0.007150
5106,A0100,pursuit_chase_v1,UNKNOWN,15213.486423,28526.171420,3873.828580,912.453647,-31176.616582,20030.675703,511.612677,31618.306568,2.616284,5673.490097,7.673480,0.044316,False,False,False,False,True,True,False,1-circle,-1.000000,5793.148195,-22078.790136,-1.527248,-0.125620,100.000000,100.000000,0.000000,0.000000,2,4,4,0.0000,0.0000,0.0000,0.5000,"PursuitChaseOptimal",-0.007727
5106,B0100,aggressive,UNKNOWN,15213.486423,28526.171420,3873.828580,912.453647,-31176.616582,20030.675703,511.612677,31618.306568,2.616284,5673.490097,7.673480,0.044316,False,False,False,False,True,True,False,1-circle,-1.000000,5793.148195,-22078.790136,-1.527248,-0.125620,100.000000,100.000000,0.000000,0.000000,2,4,4,0.0000,0.0000,0.0000,0.5000,"Accelerate",0.006864
5107,A0100,pursuit_chase_v1,UNKNOWN,15213.486423,28526.171420,3873.828580,912.453647,-31176.616582,20030.675703,511.612677,31618.306568,2.616284,5673.490097,7.673480,0.044316,False,False,False,False,True,True,False,1-circle,-1.000000,5793.148195,-22078.790136,-1.527248,-0.125620,100.000000,100.000000,0.000000,0.000000,2,4,4,0.0000,0.0000,0.0000,0.5000,"PursuitChaseOptimal",0.011442
5107,B0100,aggressive,UNKNOWN,15213.486423,28526.171420,3873.828580,912.453647,-31176.616582,20030.675703,511.612677,31618.306568,2.616284,5673.490097,7.673480,0.044316,False,False,False,False,True,True,False,1-circle,-1.000000,5793.148195,-22078.790136,-1.527248,-0.125620,100.000000,100.000000,0.000000,0.000000,2,4,4,0.0000,0.0000,0.0000,0.5000,"Accelerate",-0.011414
5108,A0100,pursuit_chase_v1,UNKNOWN,15212.453300,28517.890977,3882.109023,909.042490,-31183.533617,20031.331810,511.736288,31624.562755,125.123739,5676.981135,7.773069,0.030587,False,False,False,False,True,True,False,1-circle,-1.000000,5794.152375,-21618.736026,1.054494,-0.238640,100.000000,100.000000,0.000000,0.000000,2,4,4,0.0000,0.0000,0.0000,0.5000,"PursuitChaseOptimal",0.014429
5108,B0100,aggressive,UNKNOWN,15212.453300,28517.890977,3882.109023,909.042490,-31183.533617,20031.331810,511.736288,31624.562755,125.123739,5676.981135,7.773069,0.030587,False,False,False,False,True,True,False,1-circle,-1.000000,5794.152375,-21618.736026,1.054494,-0.238640,100.000000,100.000000,0.000000,0.000000,2,4,4,0.0000,0.0000,0.0000,0.5000,"Accelerate",-0.013640
5109,A0100,pursuit_chase_v1,UNKNOWN,15212.453300,28517.890977,3882.109023,909.042490,-31183.533617,20031.331810,511.736288,31624.562755,125.123739,5676.981135,7.773069,0.030587,False,False,False,False,True,True,False,1-circle,-1.000000,5794.152375,-21618.736026,1.054494,-0.238640,100.000000,100.000000,0.000000,0.000000,2,4,4,0.0000,0.0000,0.0000,0.5000,"PursuitChaseOptimal",0.004497
5109,B0100,aggressive,UNKNOWN,15212.453300,28517.890977,3882.109023,909.042490,-31183.533617,20031.331810,511.736288,31624.562755,125.123739,5676.981135,7.773069,0.030587,False,False,False,False,True,True,False,1-circle,-1.000000,5794.152375,-21618.736026,1.054494,-0.238640,100.000000,100.000000,0.000000,0.000000,2,4,4,0.0000,0.0000,0.0000,0.5000,"Accelerate",-0.003965
5110,A0100,pursuit_chase_v1,UNKNOWN,15211.395998,28526.642001,3873.357999,909.613011,-31187.427002,20031.996268,511.683233,31622.823440,-34.786297,5666.218985,7.596722,0.037494,False,False,False,False,True,True,False,1-circle,-1.000000,5795.064391,-22045.783789,-1.292422,-0.059935,100.000000,100.000000,0.000000,0.000000,2,4,4,0.0000,0.0000,0.0000,0.5000,"PursuitChaseOptimal",0.006506
5110,B0100,aggressive,UNKNOWN,15211.395998,28526.642001,3873.357999,909.613011,-31187.427002,20031.996268,511.683233,31622.823440,-34.786297,5666.218985,7.596722,0.037494,False,False,False,False,True,True,False,1-circle,-1.000000,5795.064391,-22045.783789,-1.292422,-0.059935,100.000000,100.000000,0.000000,0.000000,2,4,4,0.0000,0.0000,0.0000,0.5000,"Accelerate",-0.006409
5111,A0100,pursuit_chase_v1,UNKNOWN,15211.395998,28526.642001,3873.357999,909.613011,-31187.427002,20031.996268,511.683233,31622.823440,-34.786297,5666.218985,7.596722,0.037494,False,False,False,False,True,True,False,1-circle,-1.000000,5795.064391,-22045.783789,-1.292422,-0.059935,100.000000,100.000000,0.000000,0.000000,2,4,4,0.0000,0.0000,0.0000,0.5000,"PursuitChaseOptimal",0.022069
5111,B0100,aggressive,UNKNOWN,15211.395998,28526.642001,3873.357999,909.613011,-31187.427002,20031.996268,511.683233,31622.823440,-34.786297,5666.218985,7.596722,0.037494,False,False,False,False,True,True,False,1-circle,-1.000000,5795.064391,-22045.783789,-1.292422,-0.059935,100.000000,100.000000,0.000000,0.000000,2,4,4,0.0000,0.0000,0.0000,0.5000,"Accelerate",-0.021549
5112,A0100,pursuit_chase_v1,UNKNOWN,15210.341671,28526.885453,3873.114547,902.147956,-31197.022231,20032.701281,511.785634,31628.168157,106.894335,5667.679165,7.340274,0.007096,False,False,False,False,True,True,False,1-circle,-1.000000,5795.874084,-21773.614781,0.244677,0.065185,100.000000,100.000000,0.000000,0.000000,2,4,4,0.0000,0.0000,0.0000,0.5000,"PursuitChaseOptimal",0.033866
5112,B0100,aggressive,UNKNOWN,15210.341671,28526.885453,3873.114547,902.147956,-31197.022231,20032.701281,511.785634,31628.168157,106.894335,5667.679165,7.340274,0.007096,False,False,False,False,True,True,False,1-circle,-1.000000,5795.874084,-21773.614781,0.244677,0.065185,100.000000,100.000000,0.000000,0.000000,2,4,4,0.0000,0.0000,0.0000,0.5000,"Accelerate",-0.032330
5113,A0100,pursuit_chase_v1,UNKNOWN,15210.341671,28526.885453,3873.114547,902.147956,-31197.022231,20032.701281,511.785634,31628.168157,106.894335,5667.679165,7.340274,0.007096,False,False,False,False,True,True,False,1-circle,-1.000000,5795.874084,-21773.614781,0.244677,0.065185,100.000000,100.000000,0.000000,0.000000,2,4,4,0.0000,0.0000,0.0000,0.5000,"PursuitChaseOptimal",0.023492
5113,B0100,aggressive,UNKNOWN,15210.341671,28526.885453,3873.114547,902.147956,-31197.022231,20032.701281,511.785634,31628.168157,106.894335,5667.679165,7.340274,0.007096,False,False,False,False,True,True,False,1-circle,-1.000000,5795.874084,-21773.614781,0.244677,0.065185,100.000000,100.000000,0.000000,0.000000,2,4,4,0.0000,0.0000,0.0000,0.5000,"Accelerate",-0.022267
5114,A0100,pursuit_chase_v1,UNKNOWN,15209.261861,28535.044673,3864.955327,904.968362,-31199.849649,20033.437679,511.737326,31626.715665,-29.049834,5652.928524,6.955488,0.059365,False,False,False,False,True,True,False,1-circle,-1.000000,5796.456940,-22190.286235,-2.046020,-0.093362,100.000000,100.000000,0.000000,0.000000,2,4,4,0.0000,0.0000,0.0000,0.5000,"PursuitChaseOptimal",0.006124
5114,B0100,aggressive,UNKNOWN,15209.261861,28535.044673,3864.955327,904.968362,-31199.849649,20033.437679,511.737326,31626.715665,-29.049834,5652.928524,6.955488,0.059365,False,False,False,False,True,True,False,1-circle,-1.000000,5796.456940,-22190.286235,-2.046020,-0.093362,100.000000,100.000000,0.000000,0.000000,2,4,4,0.0000,0.0000,0.0000,0.5000,"Accelerate",-0.006265
5115,A0100,pursuit_chase_v1,UNKNOWN,15209.261861,28535.044673,3864.955327,904.968362,-31199.849649,20033.437679,511.737326,31626.715665,-29.049834,5652.928524,6.955488,0.059365,False,False,False,False,True,True,False,1-circle,-1.000000,5796.456940,-22190.286235,-2.046020,-0.093362,100.000000,100.000000,0.000000,0.000000,2,4,4,0.0000,0.0000,0.0000,0.5000,"PursuitChaseOptimal",-0.007758
5115,B0100,aggressive,UNKNOWN,15209.261861,28535.044673,3864.955327,904.968362,-31199.849649,20033.437679,511.737326,31626.715665,-29.049834,5652.928524,6.955488,0.059365,False,False,False,False,True,True,False,1-circle,-1.000000,5796.456940,-22190.286235,-2.046020,-0.093362,100.000000,100.000000,0.000000,0.000000,2,4,4,0.0000,0.0000,0.0000,0.5000,"Accelerate",0.006858
5116,A0100,pursuit_chase_v1,UNKNOWN,15208.182239,28527.484923,3872.515077,900.118277,-31207.585039,20034.174945,511.887892,31634.275989,151.206479,5665.280450,6.939465,0.007343,False,False,False,False,True,True,False,1-circle,-1.000000,5796.928730,-21871.846800,-0.253245,-0.147501,100.000000,100.000000,0.000000,0.000000,2,4,4,0.0000,0.0000,0.0000,0.5000,"PursuitChaseOptimal",-0.005621
5116,B0100,aggressive,UNKNOWN,15208.182239,28527.484923,3872.515077,900.118277,-31207.585039,20034.174945,511.887892,31634.275989,151.206479,5665.280450,6.939465,0.007343,False,False,False,False,True,True,False,1-circle,-1.000000,5796.928730,-21871.846800,-0.253245,-0.147501,100.000000,100.000000,0.000000,0.000000,2,4,4,0.0000,0.0000,0.0000,0.5000,"Accelerate",0.005058
5117,A0100,pursuit_chase_v1,UNKNOWN,15208.182239,28527.484923,3872.515077,900.118277,-31207.585039,20034.174945,511.887892,31634.275989,151.206479,5665.280450,6.939465,0.007343,False,False,False,False,True,True,False,1-circle,-1.000000,5796.928730,-21871.846800,-0.253245,-0.147501,100.000000,100.000000,0.000000,0.000000,2,4,4,0.0000,0.0000,0.0000,0.5000,"PursuitChaseOptimal",0.004278
5117,B0100,aggressive,UNKNOWN,15208.182239,28527.484923,3872.515077,900.118277,-31207.585039,20034.174945,511.887892,31634.275989,151.206479,5665.280450,6.939465,0.007343,False,False,False,False,True,True,False,1-circle,-1.000000,5796.928730,-21871.846800,-0.253245,-0.147501,100.000000,100.000000,0.000000,0.000000,2,4,4,0.0000,0.0000,0.0000,0.5000,"Accelerate",-0.003811
5118,A0100,pursuit_chase_v1,UNKNOWN,15207.129949,28529.514441,3870.485559,897.279749,-31213.932580,20034.829298,511.880915,31634.614136,6.762942,5659.803025,6.985330,0.003141,False,False,False,False,True,True,False,1-circle,-1.000000,5797.515331,-21811.094441,0.108333,-0.203479,100.000000,100.000000,0.000000,0.000000,2,4,4,0.0000,0.0000,0.0000,0.5000,"PursuitChaseOptimal",0.018160
5118,B0100,aggressive,UNKNOWN,15207.129949,28529.514441,3870.485559,897.279749,-31213.932580,20034.829298,511.880915,31634.614136,6.762942,5659.803025,6.985330,0.003141,False,False,False,False,True,True,False,1-circle,-1.000000,5797.515331,-21811.094441,0.108333,-0.203479,100.000000,100.000000,0.000000,0.000000,2,4,4,0.0000,0.0000,0.0000,0.5000,"Accelerate",-0.017087
5119,A0100,pursuit_chase_v1,UNKNOWN,15207.129949,28529.514441,3870.485559,897.279749,-31213.932580,20034.829298,511.880915,31634.614136,6.762942,5659.803025,6.985330,0.003141,False,False,False,False,True,True,False,1-circle,-1.000000,5797.515331,-21811.094441,0.108333,-0.203479,100.000000,100.000000,0.000000,0.000000,2,4,4,0.0000,0.0000,0.0000,0.5000,"PursuitChaseOptimal",0.011687
5119,B0100,aggressive,UNKNOWN,15207.129949,28529.514441,3870.485559,897.279749,-31213.932580,20034.829298,511.880915,31634.614136,6.762942,5659.803025,6.985330,0.003141,False,False,False,False,True,True,False,1-circle,-1.000000,5797.515331,-21811.094441,0.108333,-0.203479,100.000000,100.000000,0.000000,0.000000,2,4,4,0.0000,0.0000,0.0000,0.5000,"Accelerate",-0.011350
5120,A0100,pursuit_chase_v1,UNKNOWN,15206.047295,28535.685257,3864.314743,896.039336,-31221.241737,20035.556582,511.931547,31637.636274,60.442758,5650.055448,6.776180,0.033192,False,False,False,False,True,True,False,1-circle,-1.000000,5797.954360,-22040.878693,-1.144730,0.108652,100.000000,100.000000,0.000000,0.000000,2,4,4,0.0000,0.0000,0.0000,0.5000,"PursuitChaseOptimal",0.000370
5120,B0100,aggressive,UNKNOWN,15206.047295,28535.685257,3864.314743,896.039336,-31221.241737,20035.556582,511.931547,31637.636274,60.442758,5650.055448,6.776180,0.033192,False,False,False,False,True,True,False,1-circle,-1.000000,5797.954360,-22040.878693,-1.144730,0.108652,100.000000,100.000000,0.000000,0.000000,2,4,4,0.0000,0.0000,0.0000,0.5000,"Accelerate",-0.000590
5121,A0100,pursuit_chase_v1,UNKNOWN,15206.047295,28535.685257,3864.314743,896.039336,-31221.241737,20035.556582,511.931547,31637.636274,60.442758,5650.055448,6.776180,0.033192,False,False,False,False,True,True,False,1-circle,-1.000000,5797.954360,-22040.878693,-1.144730,0.108652,100.000000,100.000000,0.000000,0.000000,2,4,4,0.0000,0.0000,0.0000,0.5000,"PursuitChaseOptimal",-0.004195
5121,B0100,aggressive,UNKNOWN,15206.047295,28535.685257,3864.314743,896.039336,-31221.241737,20035.556582,511.931547,31637.636274,60.442758,5650.055448,6.776180,0.033192,False,False,False,False,True,True,False,1-circle,-1.000000,5797.954360,-22040.878693,-1.144730,0.108652,100.000000,100.000000,0.000000,0.000000,2,4,4,0.0000,0.0000,0.0000,0.5000,"Accelerate",0.004356
5122,A0100,pursuit_chase_v1,UNKNOWN,15204.968186,28538.757980,3861.242020,891.364516,-31226.392505,20036.278860,511.970193,31640.110331,49.481132,5652.727238,6.677722,0.019136,False,False,False,False,True,True,False,1-circle,-1.000000,5798.351839,-21957.833975,-0.660088,-0.054909,100.000000,100.000000,0.000000,0.000000,2,4,4,0.0000,0.0000,0.0000,0.5000,"PursuitChaseOptimal",0.009999
5122,B0100,aggressive,UNKNOWN,15204.968186,28538.757980,3861.242020,891.364516,-31226.392505,20036.278860,511.970193,31640.110331,49.481132,5652.727238,6.677722,0.019136,False,False,False,False,True,True,False,1-circle,-1.000000,5798.351839,-21957.833975,-0.660088,-0.054909,100.000000,100.000000,0.000000,0.000000,2,4,4,0.0000,0.0000,0.0000,0.5000,"Accelerate",-0.009253
5123,A0100,pursuit_chase_v1,UNKNOWN,15204.968186,28538.757980,3861.242020,891.364516,-31226.392505,20036.278860,511.970193,31640.110331,49.481132,5652.727238,6.677722,0.019136,False,False,False,False,True,True,False,1-circle,-1.000000,5798.351839,-21957.833975,-0.660088,-0.054909,100.000000,100.000000,0.000000,0.000000,2,4,4,0.0000,0.0000,0.0000,0.5000,"PursuitChaseOptimal",0.010117
5123,B0100,aggressive,UNKNOWN,15204.968186,28538.757980,3861.242020,891.364516,-31226.392505,20036.278860,511.970193,31640.110331,49.481132,5652.727238,6.677722,0.019136,False,False,False,False,True,True,False,1-circle,-1.000000,5798.351839,-21957.833975,-0.660088,-0.054909,100.000000,100.000000,0.000000,0.000000,2,4,4,0.0000,0.0000,0.0000,0.5000,"Accelerate",-0.010081
5124,A0100,pursuit_chase_v1,UNKNOWN,15203.869748,28541.652538,3858.347462,892.377802,-31233.231884,20037.071045,511.979827,31641.339215,24.577682,5641.336470,6.650724,0.055497,False,False,False,False,True,True,False,1-circle,-1.000000,5798.647776,-22187.606155,-1.913715,-0.042905,100.000000,100.000000,0.000000,0.000000,2,4,4,0.0000,0.0000,0.0000,0.5000,"PursuitChaseOptimal",-0.009293
5124,B0100,aggressive,UNKNOWN,15203.869748,28541.652538,3858.347462,892.377802,-31233.231884,20037.071045,511.979827,31641.339215,24.577682,5641.336470,6.650724,0.055497,False,False,False,False,True,True,False,1-circle,-1.000000,5798.647776,-22187.606155,-1.913715,-0.042905,100.000000,100.000000,0.000000,0.000000,2,4,4,0.0000,0.0000,0.0000,0.5000,"Accelerate",0.008319
5125,A0100,pursuit_chase_v1,UNKNOWN,15203.869748,28541.652538,3858.347462,892.377802,-31233.231884,20037.071045,511.979827,31641.339215,24.577682,5641.336470,6.650724,0.055497,False,False,False,False,True,True,False,1-circle,-1.000000,5798.647776,-22187.606155,-1.913715,-0.042905,100.000000,100.000000,0.000000,0.000000,2,4,4,0.0000,0.0000,0.0000,0.5000,"PursuitChaseOptimal",-0.012154
5125,B0100,aggressive,UNKNOWN,15203.869748,28541.652538,3858.347462,892.377802,-31233.231884,20037.071045,511.979827,31641.339215,24.577682,5641.336470,6.650724,0.055497,False,False,False,False,True,True,False,1-circle,-1.000000,5798.647776,-22187.606155,-1.913715,-0.042905,100.000000,100.000000,0.000000,0.000000,2,4,4,0.0000,0.0000,0.0000,0.5000,"Accelerate",0.011329
5126,A0100,pursuit_chase_v1,UNKNOWN,15202.782285,28533.914549,3866.085451,886.144924,-31240.112573,20037.774795,512.119876,31648.392412,141.063943,5647.619787,6.880240,0.019022,False,False,False,False,True,True,False,1-circle,-1.000000,5799.034514,-21729.183097,0.656336,-0.235415,100.000000,100.000000,0.000000,0.000000,2,4,4,0.0000,0.0000,0.0000,0.5000,"PursuitChaseOptimal",0.001035
5126,B0100,aggressive,UNKNOWN,15202.782285,28533.914549,3866.085451,886.144924,-31240.112573,20037.774795,512.119876,31648.392412,141.063943,5647.619787,6.880240,0.019022,False,False,False,False,True,True,False,1-circle,-1.000000,5799.034514,-21729.183097,0.656336,-0.235415,100.000000,100.000000,0.000000,0.000000,2,4,4,0.0000,0.0000,0.0000,0.5000,"Accelerate",-0.000683
5127,A0100,pursuit_chase_v1,UNKNOWN,15202.782285,28533.914549,3866.085451,886.144924,-31240.112573,20037.774795,512.119876,31648.392412,141.063943,5647.619787,6.880240,0.019022,False,False,False,False,True,True,False,1-circle,-1.000000,5799.034514,-21729.183097,0.656336,-0.235415,100.000000,100.000000,0.000000,0.000000,2,4,4,0.0000,0.0000,0.0000,0.5000,"PursuitChaseOptimal",0.006380
5127,B0100,aggressive,UNKNOWN,15202.782285,28533.914549,3866.085451,886.144924,-31240.112573,20037.774795,512.119876,31648.392412,141.063943,5647.619787,6.880240,0.019022,False,False,False,False,True,True,False,1-circle,-1.000000,5799.034514,-21729.183097,0.656336,-0.235415,100.000000,100.000000,0.000000,0.000000,2,4,4,0.0000,0.0000,0.0000,0.5000,"Accelerate",-0.005746
5128,A0100,pursuit_chase_v1,UNKNOWN,15201.677365,28542.866955,3857.133045,889.968094,-31243.720455,20038.488033,512.072377,31646.951948,-28.809287,5632.467424,6.866111,0.049620,False,False,False,False,True,True,False,1-circle,-1.000000,5799.440990,-22159.598279,-1.711513,-0.019876,100.000000,100.000000,0.000000,0.000000,0,0,0,0.0000,0.0000,0.0000,0.5000,"PursuitChaseOptimal",-0.000960
5128,B0100,aggressive,UNKNOWN,15201.677365,28542.866955,3857.133045,889.968094,-31243.720455,20038.488033,512.072377,31646.951948,-28.809287,5632.467424,6.866111,0.049620,False,False,False,False,True,True,False,1-circle,-1.000000,5799.440990,-22159.598279,-1.711513,-0.019876,100.000000,100.000000,0.000000,0.000000,2,4,4,0.0000,0.0000,0.0000,0.5000,"Accelerate",0.000809
5129,A0100,pursuit_chase_v1,UNKNOWN,15201.677365,28542.866955,3857.133045,889.968094,-31243.720455,20038.488033,512.072377,31646.951948,-28.809287,5632.467424,6.866111,0.049620,False,False,False,False,True,True,False,1-circle,-1.000000,5799.440990,-22159.598279,-1.711513,-0.019876,100.000000,100.000000,0.000000,0.000000,0,0,0,0.0000,0.0000,0.0000,0.5000,"PursuitChaseOptimal",0.006505
5129,B0100,aggressive,UNKNOWN,15201.677365,28542.866955,3857.133045,889.968094,-31243.720455,20038.488033,512.072377,31646.951948,-28.809287,5632.467424,6.866111,0.049620,False,False,False,False,True,True,False,1-circle,-1.000000,5799.440990,-22159.598279,-1.711513,-0.019876,100.000000,100.000000,0.000000,0.000000,2,4,4,0.0000,0.0000,0.0000,0.5000,"Accelerate",-0.006477
5130,A0100,pursuit_chase_v1,UNKNOWN,15200.567785,28543.407707,3856.592293,882.993153,-31253.145415,20039.243464,512.173720,31652.302660,107.014246,5643.529455,6.626820,0.005310,False,False,False,False,True,True,False,1-circle,-1.000000,5799.786380,-21888.665179,-0.183229,0.099840,100.000000,100.000000,0.000000,0.000000,0,0,0,0.0000,0.0000,0.0000,0.5000,"PursuitChaseOptimal",0.014628
5130,B0100,aggressive,UNKNOWN,15200.567785,28543.407707,3856.592293,882.993153,-31253.145415,20039.243464,512.173720,31652.302660,107.014246,5643.529455,6.626820,0.005310,False,False,False,False,True,True,False,1-circle,-1.000000,5799.786380,-21888.665179,-0.183229,0.099840,100.000000,100.000000,0.000000,0.000000,2,4,4,0.0000,0.0000,0.0000,0.5000,"Accelerate",-0.013713
5131,A0100,pursuit_chase_v1,UNKNOWN,15200.567785,28543.407707,3856.592293,882.993153,-31253.145415,20039.243464,512.173720,31652.302660,107.014246,5643.529455,6.626820,0.005310,False,False,False,False,True,True,False,1-circle,-1.000000,5799.786380,-21888.665179,-0.183229,0.099840,100.000000,100.000000,0.000000,0.000000,0,0,0,0.0000,0.0000,0.0000,0.5000,"PursuitChaseOptimal",0.021334
5131,B0100,aggressive,UNKNOWN,15200.567785,28543.407707,3856.592293,882.993153,-31253.145415,20039.243464,512.173720,31652.302660,107.014246,5643.529455,6.626820,0.005310,False,False,False,False,True,True,False,1-circle,-1.000000,5799.786380,-21888.665179,-0.183229,0.099840,100.000000,100.000000,0.000000,0.000000,2,4,4,0.0000,0.0000,0.0000,0.5000,"Accelerate",-0.020104
5132,A0100,pursuit_chase_v1,UNKNOWN,15199.542502,28551.797855,3848.202145,880.435291,-31255.657112,20040.032100,512.122027,31650.747234,-31.108516,5685.686477,5.469310,0.072335,False,False,False,False,True,True,False,1-circle,-1.000000,5800.015280,-22308.716686,-2.494448,-0.060085,100.000000,100.000000,0.000000,0.000000,0,0,0,0.0000,0.0000,0.0000,0.5000,"PursuitChaseOptimal",0.022122
5132,B0100,aggressive,UNKNOWN,15199.542502,28551.797855,3848.202145,880.435291,-31255.657112,20040.032100,512.122027,31650.747234,-31.108516,5685.686477,5.469310,0.072335,False,False,False,False,True,True,False,1-circle,-1.000000,5800.015280,-22308.716686,-2.494448,-0.060085,100.000000,100.000000,0.000000,0.000000,2,4,4,0.0000,0.0000,0.0000,0.5000,"Accelerate",-0.021556
5133,A0100,pursuit_chase_v1,UNKNOWN,15199.542502,28551.797855,3848.202145,880.435291,-31255.657112,20040.032100,512.122027,31650.747234,-31.108516,5685.686477,5.469310,0.072335,False,False,False,False,True,True,False,1-circle,-1.000000,5800.015280,-22308.716686,-2.494448,-0.060085,100.000000,100.000000,0.000000,0.000000,0,0,0,0.0000,0.0000,0.0000,0.5000,"PursuitChaseOptimal",0.028557
5133,B0100,aggressive,UNKNOWN,15199.542502,28551.797855,3848.202145,880.435291,-31255.657112,20040.032100,512.122027,31650.747234,-31.108516,5685.686477,5.469310,0.072335,False,False,False,False,True,True,False,1-circle,-1.000000,5800.015280,-22308.716686,-2.494448,-0.060085,100.000000,100.000000,0.000000,0.000000,2,4,4,0.0000,0.0000,0.0000,0.5000,"Accelerate",-0.027944
5134,A0100,pursuit_chase_v1,UNKNOWN,15198.693188,28544.801731,3855.198269,867.528021,-31264.279344,20040.823157,512.270238,31658.259694,150.249195,5760.629014,4.022686,0.020092,False,False,False,False,True,True,False,1-circle,-1.000000,5800.074352,-21988.359408,-0.693470,-0.111626,100.000000,100.000000,0.000000,0.000000,2,0,4,0.0000,0.0000,0.0000,0.5000,"PursuitChaseOptimal",0.013785
5134,B0100,aggressive,UNKNOWN,15198.693188,28544.801731,3855.198269,867.528021,-31264.279344,20040.823157,512.270238,31658.259694,150.249195,5760.629014,4.022686,0.020092,False,False,False,False,True,True,False,1-circle,-1.000000,5800.074352,-21988.359408,-0.693470,-0.111626,100.000000,100.000000,0.000000,0.000000,2,4,4,0.0000,0.0000,0.0000,0.5000,"Accelerate",-0.013555
5135,A0100,pursuit_chase_v1,UNKNOWN,15198.693188,28544.801731,3855.198269,867.528021,-31264.279344,20040.823157,512.270238,31658.259694,150.249195,5760.629014,4.022686,0.020092,False,False,False,False,True,True,False,1-circle,-1.000000,5800.074352,-21988.359408,-0.693470,-0.111626,100.000000,100.000000,0.000000,0.000000,2,0,4,0.0000,0.0000,0.0000,0.5000,"PursuitChaseOptimal",-0.025534
5135,B0100,aggressive,UNKNOWN,15198.693188,28544.801731,3855.198269,867.528021,-31264.279344,20040.823157,512.270238,31658.259694,150.249195,5760.629014,4.022686,0.020092,False,False,False,False,True,True,False,1-circle,-1.000000,5800.074352,-21988.359408,-0.693470,-0.111626,100.000000,100.000000,0.000000,0.000000,2,4,4,0.0000,0.0000,0.0000,0.5000,"Accelerate",0.024477
5136,A0100,pursuit_chase_v1,UNKNOWN,15198.042536,28543.464249,3856.535751,845.378891,-31268.748783,20041.519845,512.290159,31659.859944,32.004998,5808.761927,3.307617,0.008717,False,False,False,False,True,True,True,1-circle,-1.000000,5800.093780,-21921.370398,-0.300892,-0.326127,100.000000,100.000000,0.000000,0.000000,2,4,4,0.0000,0.0000,0.0000,0.5000,"PursuitChaseOptimal",-0.058450
5136,B0100,aggressive,UNKNOWN,15198.042536,28543.464249,3856.535751,845.378891,-31268.748783,20041.519845,512.290159,31659.859944,32.004998,5808.761927,3.307617,0.008717,False,False,False,False,True,True,True,1-circle,-1.000000,5800.093780,-21921.370398,-0.300892,-0.326127,100.000000,100.000000,0.000000,0.000000,2,4,4,0.0000,0.0000,0.0000,0.5000,"Accelerate",0.056226
5137,A0100,pursuit_chase_v1,UNKNOWN,15198.042536,28543.464249,3856.535751,845.378891,-31268.748783,20041.519845,512.290159,31659.859944,32.004998,5808.761927,3.307617,0.008717,False,False,False,False,True,True,True,1-circle,-1.000000,5800.093780,-21921.370398,-0.300892,-0.326127,100.000000,100.000000,0.000000,0.000000,2,4,4,0.0000,0.0000,0.0000,0.5000,"PursuitChaseOptimal",-0.094270
5137,B0100,aggressive,UNKNOWN,15198.042536,28543.464249,3856.535751,845.378891,-31268.748783,20041.519845,512.290159,31659.859944,32.004998,5808.761927,3.307617,0.008717,False,False,False,False,True,True,True,1-circle,-1.000000,5800.093780,-21921.370398,-0.300892,-0.326127,100.000000,100.000000,0.000000,0.000000,2,4,4,0.0000,0.0000,0.0000,0.5000,"Accelerate",0.090335
5138,A0100,pursuit_chase_v1,UNKNOWN,15197.508496,28545.457359,3854.542641,780.656241,-31275.294112,20042.247605,512.273688,31659.840625,-0.386384,5834.849274,3.785307,0.045078,False,False,False,False,True,True,True,1-circle,-1.000000,5800.358648,-22150.876344,-1.555556,-0.116592,100.000000,100.000000,0.000000,0.000000,2,4,4,0.0000,0.0000,0.0000,0.5000,"PursuitChaseOptimal",-0.117212
5138,B0100,aggressive,UNKNOWN,15197.508496,28545.457359,3854.542641,780.656241,-31275.294112,20042.247605,512.273688,31659.840625,-0.386384,5834.849274,3.785307,0.045078,False,False,False,False,True,True,True,1-circle,-1.000000,5800.358648,-22150.876344,-1.555556,-0.116592,100.000000,100.000000,0.000000,0.000000,2,4,4,0.0000,0.0000,0.0000,0.5000,"Accelerate",0.112827
5139,A0100,pursuit_chase_v1,UNKNOWN,15197.508496,28545.457359,3854.542641,780.656241,-31275.294112,20042.247605,512.273688,31659.840625,-0.386384,5834.849274,3.785307,0.045078,False,False,False,False,True,True,True,1-circle,-1.000000,5800.358648,-22150.876344,-1.555556,-0.116592,100.000000,100.000000,0.000000,0.000000,2,4,4,0.0000,0.0000,0.0000,0.5000,"PursuitChaseOptimal",-0.128175
5139,B0100,aggressive,UNKNOWN,15197.508496,28545.457359,3854.542641,780.656241,-31275.294112,20042.247605,512.273688,31659.840625,-0.386384,5834.849274,3.785307,0.045078,False,False,False,False,True,True,True,1-circle,-1.000000,5800.358648,-22150.876344,-1.555556,-0.116592,100.000000,100.000000,0.000000,0.000000,2,4,4,0.0000,0.0000,0.0000,0.5000,"Accelerate",0.124609
5140,A0100,pursuit_chase_v1,UNKNOWN,15197.096416,28537.195201,3862.804799,696.616951,-31281.052939,20042.886475,512.393744,31665.925496,121.697424,5861.156258,5.043366,0.029630,False,False,False,False,True,True,True,1-circle,-1.000000,5801.408804,-21690.683213,1.022856,-0.233872,100.000000,100.000000,0.000000,0.000000,2,4,4,0.0000,0.0000,0.0000,0.5000,"PursuitChaseOptimal",-0.125222
5140,B0100,aggressive,UNKNOWN,15197.096416,28537.195201,3862.804799,696.616951,-31281.052939,20042.886475,512.393744,31665.925496,121.697424,5861.156258,5.043366,0.029630,False,False,False,False,True,True,True,1-circle,-1.000000,5801.408804,-21690.683213,1.022856,-0.233872,100.000000,100.000000,0.000000,0.000000,2,4,4,0.0000,0.0000,0.0000,0.5000,"Accelerate",0.123303
5141,A0100,pursuit_chase_v1,UNKNOWN,15197.096416,28537.195201,3862.804799,696.616951,-31281.052939,20042.886475,512.393744,31665.925496,121.697424,5861.156258,5.043366,0.029630,False,False,False,False,True,True,True,1-circle,-1.000000,5801.408804,-21690.683213,1.022856,-0.233872,100.000000,100.000000,0.000000,0.000000,2,4,4,0.0000,0.0000,0.0000,0.5000,"PursuitChaseOptimal",-0.103457
5141,B0100,aggressive,UNKNOWN,15197.096416,28537.195201,3862.804799,696.616951,-31281.052939,20042.886475,512.393744,31665.925496,121.697424,5861.156258,5.043366,0.029630,False,False,False,False,True,True,True,1-circle,-1.000000,5801.408804,-21690.683213,1.022856,-0.233872,100.000000,100.000000,0.000000,0.000000,2,4,4,0.0000,0.0000,0.0000,0.5000,"Accelerate",0.102699
5142,A0100,pursuit_chase_v1,UNKNOWN,15196.798452,28545.354586,3854.645414,633.511727,-31283.061143,20043.538374,512.335353,31663.928467,-39.940571,5879.391482,5.911543,0.039040,False,False,False,False,True,True,True,1-circle,-1.000000,5803.289893,-22121.506031,-1.347457,-0.058543,100.000000,100.000000,0.000000,0.000000,2,4,4,0.0000,0.0000,0.0000,0.5000,"PursuitChaseOptimal",-0.070284
5142,B0100,aggressive,UNKNOWN,15196.798452,28545.354586,3854.645414,633.511727,-31283.061143,20043.538374,512.335353,31663.928467,-39.940571,5879.391482,5.911543,0.039040,False,False,False,False,True,True,True,1-circle,-1.000000,5803.289893,-22121.506031,-1.347457,-0.058543,100.000000,100.000000,0.000000,0.000000,2,4,4,0.0000,0.0000,0.0000,0.5000,"Accelerate",0.069782
5143,A0100,pursuit_chase_v1,UNKNOWN,15196.798452,28545.354586,3854.645414,633.511727,-31283.061143,20043.538374,512.335353,31663.928467,-39.940571,5879.391482,5.911543,0.039040,False,False,False,False,True,True,True,1-circle,-1.000000,5803.289893,-22121.506031,-1.347457,-0.058543,100.000000,100.000000,0.000000,0.000000,2,4,4,0.0000,0.0000,0.0000,0.5000,"PursuitChaseOptimal",-0.026492
5143,B0100,aggressive,UNKNOWN,15196.798452,28545.354586,3854.645414,633.511727,-31283.061143,20043.538374,512.335353,31663.928467,-39.940571,5879.391482,5.911543,0.039040,False,False,False,False,True,True,True,1-circle,-1.000000,5803.289893,-22121.506031,-1.347457,-0.058543,100.000000,100.000000,0.000000,0.000000,2,4,4,0.0000,0.0000,0.0000,0.5000,"Accelerate",0.026240
5144,A0100,pursuit_chase_v1,UNKNOWN,15196.575800,28544.227756,3855.772244,606.882611,-31290.384414,20044.234009,512.433612,31669.081791,103.066475,5876.871749,6.532252,0.005521,False,False,False,False,True,True,True,1-circle,-1.000000,5805.714367,-21848.975145,0.190623,0.064231,100.000000,100.000000,0.000000,0.000000,2,4,4,0.0000,0.0000,0.0000,0.5000,"PursuitChaseOptimal",0.019124
5144,B0100,aggressive,UNKNOWN,15196.575800,28544.227756,3855.772244,606.882611,-31290.384414,20044.234009,512.433612,31669.081791,103.066475,5876.871749,6.532252,0.005521,False,False,False,False,True,True,True,1-circle,-1.000000,5805.714367,-21848.975145,0.190623,0.064231,100.000000,100.000000,0.000000,0.000000,2,4,4,0.0000,0.0000,0.0000,0.5000,"Accelerate",-0.018654
5145,A0100,pursuit_chase_v1,UNKNOWN,15196.575800,28544.227756,3855.772244,606.882611,-31290.384414,20044.234009,512.433612,31669.081791,103.066475,5876.871749,6.532252,0.005521,False,False,False,False,True,True,True,1-circle,-1.000000,5805.714367,-21848.975145,0.190623,0.064231,100.000000,100.000000,0.000000,0.000000,2,4,4,0.0000,0.0000,0.0000,0.5000,"PursuitChaseOptimal",0.040712
5145,B0100,aggressive,UNKNOWN,15196.575800,28544.227756,3855.772244,606.882611,-31290.384414,20044.234009,512.433612,31669.081791,103.066475,5876.871749,6.532252,0.005521,False,False,False,False,True,True,True,1-circle,-1.000000,5805.714367,-21848.975145,0.190623,0.064231,100.000000,100.000000,0.000000,0.000000,2,4,4,0.0000,0.0000,0.0000,0.5000,"Accelerate",-0.040073
5146,A0100,pursuit_chase_v1,UNKNOWN,15196.310172,28551.018459,3848.981541,596.506093,-31290.756320,20044.963223,512.379636,31667.362193,-34.391963,5853.986484,6.255386,0.061367,False,False,False,False,True,True,True,1-circle,-1.000000,5808.118081,-22268.732979,-2.117709,-0.095305,100.000000,100.000000,0.000000,0.000000,2,4,4,0.0000,0.0000,0.0000,0.5000,"PursuitChaseOptimal",0.048724
5146,B0100,aggressive,UNKNOWN,15196.310172,28551.018459,3848.981541,596.506093,-31290.756320,20044.963223,512.379636,31667.362193,-34.391963,5853.986484,6.255386,0.061367,False,False,False,False,True,True,True,1-circle,-1.000000,5808.118081,-22268.732979,-2.117709,-0.095305,100.000000,100.000000,0.000000,0.000000,2,4,4,0.0000,0.0000,0.0000,0.5000,"Accelerate",-0.048637
5147,A0100,pursuit_chase_v1,UNKNOWN,15196.310172,28551.018459,3848.981541,596.506093,-31290.756320,20044.963223,512.379636,31667.362193,-34.391963,5853.986484,6.255386,0.061367,False,False,False,False,True,True,True,1-circle,-1.000000,5808.118081,-22268.732979,-2.117709,-0.095305,100.000000,100.000000,0.000000,0.000000,2,4,4,0.0000,0.0000,0.0000,0.5000,"PursuitChaseOptimal",0.051823
5147,B0100,aggressive,UNKNOWN,15196.310172,28551.018459,3848.981541,596.506093,-31290.756320,20044.963223,512.379636,31667.362193,-34.391963,5853.986484,6.255386,0.061367,False,False,False,False,True,True,True,1-circle,-1.000000,5808.118081,-22268.732979,-2.117709,-0.095305,100.000000,100.000000,0.000000,0.000000,2,4,4,0.0000,0.0000,0.0000,0.5000,"Accelerate",-0.051800
5148,A0100,pursuit_chase_v1,UNKNOWN,15196.003922,28541.994110,3858.005890,587.201598,-31296.094725,20045.695003,512.525272,31674.701909,146.794328,5857.647203,5.620587,0.009314,False,False,False,False,True,True,True,1-circle,-1.000000,5810.161781,-21949.427617,-0.321645,-0.148436,100.000000,100.000000,0.000000,0.000000,2,4,4,0.0000,0.0000,0.0000,0.5000,"PursuitChaseOptimal",0.034338
5148,B0100,aggressive,UNKNOWN,15196.003922,28541.994110,3858.005890,587.201598,-31296.094725,20045.695003,512.525272,31674.701909,146.794328,5857.647203,5.620587,0.009314,False,False,False,False,True,True,True,1-circle,-1.000000,5810.161781,-21949.427617,-0.321645,-0.148436,100.000000,100.000000,0.000000,0.000000,2,4,4,0.0000,0.0000,0.0000,0.5000,"Accelerate",-0.034165
5149,A0100,pursuit_chase_v1,UNKNOWN,15196.003922,28541.994110,3858.005890,587.201598,-31296.094725,20045.695003,512.525272,31674.701909,146.794328,5857.647203,5.620587,0.009314,False,False,False,False,True,True,True,1-circle,-1.000000,5810.161781,-21949.427617,-0.321645,-0.148436,100.000000,100.000000,0.000000,0.000000,2,4,4,0.0000,0.0000,0.0000,0.5000,"PursuitChaseOptimal",0.018231
5149,B0100,aggressive,UNKNOWN,15196.003922,28541.994110,3858.005890,587.201598,-31296.094725,20045.695003,512.525272,31674.701909,146.794328,5857.647203,5.620587,0.009314,False,False,False,False,True,True,True,1-circle,-1.000000,5810.161781,-21949.427617,-0.321645,-0.148436,100.000000,100.000000,0.000000,0.000000,2,4,4,0.0000,0.0000,0.0000,0.5000,"Accelerate",-0.017591
5150,A0100,pursuit_chase_v1,UNKNOWN,15195.687038,28542.860436,3857.139564,575.240664,-31299.991471,20046.345483,512.512484,31674.772084,1.403491,5848.316599,5.302404,0.000770,False,False,False,False,True,True,True,1-circle,-1.000000,5811.948191,-21890.517920,0.026604,-0.204971,100.000000,100.000000,0.000000,0.000000,2,4,4,0.0000,0.0000,0.0000,0.5000,"PursuitChaseOptimal",0.003252
5150,B0100,aggressive,UNKNOWN,15195.687038,28542.860436,3857.139564,575.240664,-31299.991471,20046.345483,512.512484,31674.772084,1.403491,5848.316599,5.302404,0.000770,False,False,False,False,True,True,True,1-circle,-1.000000,5811.948191,-21890.517920,0.026604,-0.204971,100.000000,100.000000,0.000000,0.000000,2,4,4,0.0000,0.0000,0.0000,0.5000,"Accelerate",-0.002761
5151,A0100,pursuit_chase_v1,UNKNOWN,15195.687038,28542.860436,3857.139564,575.240664,-31299.991471,20046.345483,512.512484,31674.772084,1.403491,5848.316599,5.302404,0.000770,False,False,False,False,True,True,True,1-circle,-1.000000,5811.948191,-21890.517920,0.026604,-0.204971,100.000000,100.000000,0.000000,0.000000,2,4,4,0.0000,0.0000,0.0000,0.5000,"PursuitChaseOptimal",-0.013127
5151,B0100,aggressive,UNKNOWN,15195.687038,28542.860436,3857.139564,575.240664,-31299.991471,20046.345483,512.512484,31674.772084,1.403491,5848.316599,5.302404,0.000770,False,False,False,False,True,True,True,1-circle,-1.000000,5811.948191,-21890.517920,0.026604,-0.204971,100.000000,100.000000,0.000000,0.000000,2,4,4,0.0000,0.0000,0.0000,0.5000,"Accelerate",0.012873
5152,A0100,pursuit_chase_v1,UNKNOWN,15195.347344,28547.869632,3852.130368,576.932070,-31304.875005,20047.070614,512.557526,31677.541233,55.382981,5851.646436,5.233340,0.035776,False,False,False,False,True,True,True,1-circle,-1.000000,5813.567433,-22121.321613,-1.235365,0.107140,100.000000,100.000000,0.000000,0.000000,2,4,4,0.0000,0.0000,0.0000,0.5000,"PursuitChaseOptimal",-0.027457
5152,B0100,aggressive,UNKNOWN,15195.347344,28547.869632,3852.130368,576.932070,-31304.875005,20047.070614,512.557526,31677.541233,55.382981,5851.646436,5.233340,0.035776,False,False,False,False,True,True,True,1-circle,-1.000000,5813.567433,-22121.321613,-1.235365,0.107140,100.000000,100.000000,0.000000,0.000000,2,4,4,0.0000,0.0000,0.0000,0.5000,"Accelerate",0.026901
5153,A0100,pursuit_chase_v1,UNKNOWN,15195.347344,28547.869632,3852.130368,576.932070,-31304.875005,20047.070614,512.557526,31677.541233,55.382981,5851.646436,5.233340,0.035776,False,False,False,False,True,True,True,1-circle,-1.000000,5813.567433,-22121.321613,-1.235365,0.107140,100.000000,100.000000,0.000000,0.000000,2,4,4,0.0000,0.0000,0.0000,0.5000,"PursuitChaseOptimal",-0.033126
5153,B0100,aggressive,UNKNOWN,15195.347344,28547.869632,3852.130368,576.932070,-31304.875005,20047.070614,512.557526,31677.541233,55.382981,5851.646436,5.233340,0.035776,False,False,False,False,True,True,True,1-circle,-1.000000,5813.567433,-22121.321613,-1.235365,0.107140,100.000000,100.000000,0.000000,0.000000,2,4,4,0.0000,0.0000,0.0000,0.5000,"Accelerate",0.033110
5154,A0100,pursuit_chase_v1,UNKNOWN,15195.038162,28549.678291,3850.321709,587.703297,-31307.595103,20047.791968,512.590441,31679.756375,44.302837,5863.292540,5.511047,0.021823,False,False,False,False,True,True,True,1-circle,-1.000000,5815.346402,-22038.402182,-0.753677,-0.057263,100.000000,100.000000,0.000000,0.000000,2,4,4,0.0000,0.0000,0.0000,0.5000,"PursuitChaseOptimal",-0.022805
5154,B0100,aggressive,UNKNOWN,15195.038162,28549.678291,3850.321709,587.703297,-31307.595103,20047.791968,512.590441,31679.756375,44.302837,5863.292540,5.511047,0.021823,False,False,False,False,True,True,True,1-circle,-1.000000,5815.346402,-22038.402182,-0.753677,-0.057263,100.000000,100.000000,0.000000,0.000000,2,4,4,0.0000,0.0000,0.0000,0.5000,"Accelerate",0.022983
5155,A0100,pursuit_chase_v1,UNKNOWN,15195.038162,28549.678291,3850.321709,587.703297,-31307.595103,20047.791968,512.590441,31679.756375,44.302837,5863.292540,5.511047,0.021823,False,False,False,False,True,True,True,1-circle,-1.000000,5815.346402,-22038.402182,-0.753677,-0.057263,100.000000,100.000000,0.000000,0.000000,2,4,4,0.0000,0.0000,0.0000,0.5000,"PursuitChaseOptimal",-0.017974
5155,B0100,aggressive,UNKNOWN,15195.038162,28549.678291,3850.321709,587.703297,-31307.595103,20047.791968,512.590441,31679.756375,44.302837,5863.292540,5.511047,0.021823,False,False,False,False,True,True,True,1-circle,-1.000000,5815.346402,-22038.402182,-0.753677,-0.057263,100.000000,100.000000,0.000000,0.000000,2,4,4,0.0000,0.0000,0.0000,0.5000,"Accelerate",0.017508
5156,A0100,pursuit_chase_v1,UNKNOWN,15194.735361,28551.176237,3848.823763,595.108602,-31312.098450,20048.584527,512.594073,31680.713778,19.148053,5864.580623,5.804120,0.058348,False,False,False,False,True,True,True,1-circle,-1.000000,5817.262371,-22269.264464,-2.014481,-0.043427,100.000000,100.000000,0.000000,0.000000,2,4,4,0.0000,0.0000,0.0000,0.5000,"PursuitChaseOptimal",-0.028136
5156,B0100,aggressive,UNKNOWN,15194.735361,28551.176237,3848.823763,595.108602,-31312.098450,20048.584527,512.594073,31680.713778,19.148053,5864.580623,5.804120,0.058348,False,False,False,False,True,True,True,1-circle,-1.000000,5817.262371,-22269.264464,-2.014481,-0.043427,100.000000,100.000000,0.000000,0.000000,2,4,4,0.0000,0.0000,0.0000,0.5000,"Accelerate",0.027376
5157,A0100,pursuit_chase_v1,UNKNOWN,15194.735361,28551.176237,3848.823763,595.108602,-31312.098450,20048.584527,512.594073,31680.713778,19.148053,5864.580623,5.804120,0.058348,False,False,False,False,True,True,True,1-circle,-1.000000,5817.262371,-22269.264464,-2.014481,-0.043427,100.000000,100.000000,0.000000,0.000000,2,4,4,0.0000,0.0000,0.0000,0.5000,"PursuitChaseOptimal",-0.022485
5157,B0100,aggressive,UNKNOWN,15194.735361,28551.176237,3848.823763,595.108602,-31312.098450,20048.584527,512.594073,31680.713778,19.148053,5864.580623,5.804120,0.058348,False,False,False,False,True,True,True,1-circle,-1.000000,5817.262371,-22269.264464,-2.014481,-0.043427,100.000000,100.000000,0.000000,0.000000,2,4,4,0.0000,0.0000,0.0000,0.5000,"Accelerate",0.022067
5158,A0100,pursuit_chase_v1,UNKNOWN,15194.464058,28541.892754,3858.107246,600.866625,-31316.648673,20049.289646,512.728353,31687.514016,136.004770,5876.529535,6.215670,0.016156,False,False,False,False,True,True,True,1-circle,-1.000000,5819.447410,-21810.323164,0.558124,-0.235715,100.000000,100.000000,0.000000,0.000000,2,4,4,0.0000,0.0000,0.0000,0.5000,"PursuitChaseOptimal",-0.005454
5158,B0100,aggressive,UNKNOWN,15194.464058,28541.892754,3858.107246,600.866625,-31316.648673,20049.289646,512.728353,31687.514016,136.004770,5876.529535,6.215670,0.016156,False,False,False,False,True,True,True,1-circle,-1.000000,5819.447410,-21810.323164,0.558124,-0.235715,100.000000,100.000000,0.000000,0.000000,2,4,4,0.0000,0.0000,0.0000,0.5000,"Accelerate",0.005809
5159,A0100,pursuit_chase_v1,UNKNOWN,15194.464058,28541.892754,3858.107246,600.866625,-31316.648673,20049.289646,512.728353,31687.514016,136.004770,5876.529535,6.215670,0.016156,False,False,False,False,True,True,True,1-circle,-1.000000,5819.447410,-21810.323164,0.558124,-0.235715,100.000000,100.000000,0.000000,0.000000,2,4,4,0.0000,0.0000,0.0000,0.5000,"PursuitChaseOptimal",0.007011
5159,B0100,aggressive,UNKNOWN,15194.464058,28541.892754,3858.107246,600.866625,-31316.648673,20049.289646,512.728353,31687.514016,136.004770,5876.529535,6.215670,0.016156,False,False,False,False,True,True,True,1-circle,-1.000000,5819.447410,-21810.323164,0.558124,-0.235715,100.000000,100.000000,0.000000,0.000000,2,4,4,0.0000,0.0000,0.0000,0.5000,"Accelerate",-0.006587
5160,A0100,pursuit_chase_v1,UNKNOWN,15194.185267,28548.577824,3851.422176,598.765715,-31317.898896,20050.004709,512.664707,31685.339917,-43.481984,5863.121570,6.254316,0.052927,False,False,False,False,True,True,True,1-circle,-1.000000,5821.715007,-22243.962578,-1.827711,-0.025128,100.000000,100.000000,0.000000,0.000000,2,4,4,0.0000,0.0000,0.0000,0.5000,"PursuitChaseOptimal",0.014001
5160,B0100,aggressive,UNKNOWN,15194.185267,28548.577824,3851.422176,598.765715,-31317.898896,20050.004709,512.664707,31685.339917,-43.481984,5863.121570,6.254316,0.052927,False,False,False,False,True,True,True,1-circle,-1.000000,5821.715007,-22243.962578,-1.827711,-0.025128,100.000000,100.000000,0.000000,0.000000,2,4,4,0.0000,0.0000,0.0000,0.5000,"Accelerate",-0.014178
5161,A0100,pursuit_chase_v1,UNKNOWN,15194.185267,28548.577824,3851.422176,598.765715,-31317.898896,20050.004709,512.664707,31685.339917,-43.481984,5863.121570,6.254316,0.052927,False,False,False,False,True,True,True,1-circle,-1.000000,5821.715007,-22243.962578,-1.827711,-0.025128,100.000000,100.000000,0.000000,0.000000,2,4,4,0.0000,0.0000,0.0000,0.5000,"PursuitChaseOptimal",0.002523
5161,B0100,aggressive,UNKNOWN,15194.185267,28548.577824,3851.422176,598.765715,-31317.898896,20050.004709,512.664707,31685.339917,-43.481984,5863.121570,6.254316,0.052927,False,False,False,False,True,True,True,1-circle,-1.000000,5821.715007,-22243.962578,-1.827711,-0.025128,100.000000,100.000000,0.000000,0.000000,2,4,4,0.0000,0.0000,0.0000,0.5000,"Accelerate",-0.002967
5162,A0100,pursuit_chase_v1,UNKNOWN,15193.870957,28540.713072,3859.286928,599.195774,-31323.604894,20050.723119,512.797723,31692.096898,135.139620,5864.684820,6.291551,0.001111,False,False,False,False,True,True,True,1-circle,-1.000000,5823.902040,-21926.026140,-0.038404,-0.112517,100.000000,100.000000,0.000000,0.000000,2,4,4,0.0000,0.0000,0.0000,0.5000,"PursuitChaseOptimal",-0.010384
5162,B0100,aggressive,UNKNOWN,15193.870957,28540.713072,3859.286928,599.195774,-31323.604894,20050.723119,512.797723,31692.096898,135.139620,5864.684820,6.291551,0.001111,False,False,False,False,True,True,True,1-circle,-1.000000,5823.902040,-21926.026140,-0.038404,-0.112517,100.000000,100.000000,0.000000,0.000000,2,4,4,0.0000,0.0000,0.0000,0.5000,"Accelerate",0.010081
5163,A0100,pursuit_chase_v1,UNKNOWN,15193.870957,28540.713072,3859.286928,599.195774,-31323.604894,20050.723119,512.797723,31692.096898,135.139620,5864.684820,6.291551,0.001111,False,False,False,False,True,True,True,1-circle,-1.000000,5823.902040,-21926.026140,-0.038404,-0.112517,100.000000,100.000000,0.000000,0.000000,2,4,4,0.0000,0.0000,0.0000,0.5000,"PursuitChaseOptimal",-0.017776
5163,B0100,aggressive,UNKNOWN,15193.870957,28540.713072,3859.286928,599.195774,-31323.604894,20050.723119,512.797723,31692.096898,135.139620,5864.684820,6.291551,0.001111,False,False,False,False,True,True,True,1-circle,-1.000000,5823.902040,-21926.026140,-0.038404,-0.112517,100.000000,100.000000,0.000000,0.000000,2,4,4,0.0000,0.0000,0.0000,0.5000,"Accelerate",0.018086
5164,A0100,pursuit_chase_v1,UNKNOWN,15193.580445,28542.262989,3857.737011,601.253753,-31327.850356,20051.374206,512.782244,31692.045226,-1.033433,5870.599965,6.380389,0.008412,False,False,False,False,True,True,True,1-circle,-1.000000,5826.178515,-21870.998885,0.290655,-0.172120,100.000000,100.000000,0.000000,0.000000,2,4,4,0.0000,0.0000,0.0000,0.5000,"PursuitChaseOptimal",-0.013672
5164,B0100,aggressive,UNKNOWN,15193.580445,28542.262989,3857.737011,601.253753,-31327.850356,20051.374206,512.782244,31692.045226,-1.033433,5870.599965,6.380389,0.008412,False,False,False,False,True,True,True,1-circle,-1.000000,5826.178515,-21870.998885,0.290655,-0.172120,100.000000,100.000000,0.000000,0.000000,2,4,4,0.0000,0.0000,0.0000,0.5000,"Accelerate",0.014089
5165,A0100,pursuit_chase_v1,UNKNOWN,15193.580445,28542.262989,3857.737011,601.253753,-31327.850356,20051.374206,512.782244,31692.045226,-1.033433,5870.599965,6.380389,0.008412,False,False,False,False,True,True,True,1-circle,-1.000000,5826.178515,-21870.998885,0.290655,-0.172120,100.000000,100.000000,0.000000,0.000000,2,4,4,0.0000,0.0000,0.0000,0.5000,"PursuitChaseOptimal",-0.018686
5165,B0100,aggressive,UNKNOWN,15193.580445,28542.262989,3857.737011,601.253753,-31327.850356,20051.374206,512.782244,31692.045226,-1.033433,5870.599965,6.380389,0.008412,False,False,False,False,True,True,True,1-circle,-1.000000,5826.178515,-21870.998885,0.290655,-0.172120,100.000000,100.000000,0.000000,0.000000,2,4,4,0.0000,0.0000,0.0000,0.5000,"Accelerate",0.018600
5166,A0100,pursuit_chase_v1,UNKNOWN,15193.294141,28547.568133,3852.431867,603.497134,-31333.087109,20052.108357,512.828583,31694.883363,56.762726,5876.073379,6.432845,0.028567,False,False,False,False,True,True,True,1-circle,-1.000000,5828.486206,-22105.222091,-0.987043,0.134645,100.000000,100.000000,0.000000,0.000000,2,4,4,0.0000,0.0000,0.0000,0.5000,"PursuitChaseOptimal",-0.014808
5166,B0100,aggressive,UNKNOWN,15193.294141,28547.568133,3852.431867,603.497134,-31333.087109,20052.108357,512.828583,31694.883363,56.762726,5876.073379,6.432845,0.028567,False,False,False,False,True,True,True,1-circle,-1.000000,5828.486206,-22105.222091,-0.987043,0.134645,100.000000,100.000000,0.000000,0.000000,2,4,4,0.0000,0.0000,0.0000,0.5000,"Accelerate",0.014630
5167,A0100,pursuit_chase_v1,UNKNOWN,15193.294141,28547.568133,3852.431867,603.497134,-31333.087109,20052.108357,512.828583,31694.883363,56.762726,5876.073379,6.432845,0.028567,False,False,False,False,True,True,True,1-circle,-1.000000,5828.486206,-22105.222091,-0.987043,0.134645,100.000000,100.000000,0.000000,0.000000,2,4,4,0.0000,0.0000,0.0000,0.5000,"PursuitChaseOptimal",0.000810
5167,B0100,aggressive,UNKNOWN,15193.294141,28547.568133,3852.431867,603.497134,-31333.087109,20052.108357,512.828583,31694.883363,56.762726,5876.073379,6.432845,0.028567,False,False,False,False,True,True,True,1-circle,-1.000000,5828.486206,-22105.222091,-0.987043,0.134645,100.000000,100.000000,0.000000,0.000000,2,4,4,0.0000,0.0000,0.0000,0.5000,"Accelerate",-0.000388
5168,A0100,pursuit_chase_v1,UNKNOWN,15193.027954,28549.480232,3850.519768,602.753712,-31336.063572,20052.844240,512.861702,31697.123060,44.793951,5875.620745,6.492788,0.015021,False,False,False,False,True,True,True,1-circle,-1.000000,5830.901119,-22025.291909,-0.519060,-0.035671,100.000000,100.000000,0.000000,0.000000,2,4,4,0.0000,0.0000,0.0000,0.5000,"PursuitChaseOptimal",0.012584
5168,B0100,aggressive,UNKNOWN,15193.027954,28549.480232,3850.519768,602.753712,-31336.063572,20052.844240,512.861702,31697.123060,44.793951,5875.620745,6.492788,0.015021,False,False,False,False,True,True,True,1-circle,-1.000000,5830.901119,-22025.291909,-0.519060,-0.035671,100.000000,100.000000,0.000000,0.000000,2,4,4,0.0000,0.0000,0.0000,0.5000,"Accelerate",-0.012104
5169,A0100,pursuit_chase_v1,UNKNOWN,15193.027954,28549.480232,3850.519768,602.753712,-31336.063572,20052.844240,512.861702,31697.123060,44.793951,5875.620745,6.492788,0.015021,False,False,False,False,True,True,True,1-circle,-1.000000,5830.901119,-22025.291909,-0.519060,-0.035671,100.000000,100.000000,0.000000,0.000000,2,4,4,0.0000,0.0000,0.0000,0.5000,"PursuitChaseOptimal",0.017856
5169,B0100,aggressive,UNKNOWN,15193.027954,28549.480232,3850.519768,602.753712,-31336.063572,20052.844240,512.861702,31697.123060,44.793951,5875.620745,6.492788,0.015021,False,False,False,False,True,True,True,1-circle,-1.000000,5830.901119,-22025.291909,-0.519060,-0.035671,100.000000,100.000000,0.000000,0.000000,2,4,4,0.0000,0.0000,0.0000,0.5000,"Accelerate",-0.018066
5170,A0100,pursuit_chase_v1,UNKNOWN,15192.717263,28551.062065,3848.937935,598.727337,-31340.779090,20053.655178,512.864369,31698.055127,18.641330,5861.408358,6.449250,0.051888,False,False,False,False,True,True,True,1-circle,-1.000000,5833.182259,-22258.746335,-1.792566,-0.023134,100.000000,100.000000,0.000000,0.000000,2,4,4,0.0000,0.0000,0.0000,0.5000,"PursuitChaseOptimal",0.006000
5170,B0100,aggressive,UNKNOWN,15192.717263,28551.062065,3848.937935,598.727337,-31340.779090,20053.655178,512.864369,31698.055127,18.641330,5861.408358,6.449250,0.051888,False,False,False,False,True,True,True,1-circle,-1.000000,5833.182259,-22258.746335,-1.792566,-0.023134,100.000000,100.000000,0.000000,0.000000,2,4,4,0.0000,0.0000,0.0000,0.5000,"Accelerate",-0.006494
5171,A0100,pursuit_chase_v1,UNKNOWN,15192.717263,28551.062065,3848.937935,598.727337,-31340.779090,20053.655178,512.864369,31698.055127,18.641330,5861.408358,6.449250,0.051888,False,False,False,False,True,True,True,1-circle,-1.000000,5833.182259,-22258.746335,-1.792566,-0.023134,100.000000,100.000000,0.000000,0.000000,2,4,4,0.0000,0.0000,0.0000,0.5000,"PursuitChaseOptimal",-0.007226
5171,B0100,aggressive,UNKNOWN,15192.717263,28551.062065,3848.937935,598.727337,-31340.779090,20053.655178,512.864369,31698.055127,18.641330,5861.408358,6.449250,0.051888,False,False,False,False,True,True,True,1-circle,-1.000000,5833.182259,-22258.746335,-1.792566,-0.023134,100.000000,100.000000,0.000000,0.000000,2,4,4,0.0000,0.0000,0.0000,0.5000,"Accelerate",0.006933
5172,A0100,pursuit_chase_v1,UNKNOWN,15192.403721,28541.899746,3858.100254,599.965078,-31345.468582,20054.381075,512.997223,31704.814607,135.189611,5872.087062,6.493603,0.022391,False,False,False,False,True,True,True,1-circle,-1.000000,5835.457997,-21800.998180,0.773928,-0.217434,100.000000,100.000000,0.000000,0.000000,2,4,4,0.0000,0.0000,0.0000,0.5000,"PursuitChaseOptimal",-0.015351
5172,B0100,aggressive,UNKNOWN,15192.403721,28541.899746,3858.100254,599.965078,-31345.468582,20054.381075,512.997223,31704.814607,135.189611,5872.087062,6.493603,0.022391,False,False,False,False,True,True,True,1-circle,-1.000000,5835.457997,-21800.998180,0.773928,-0.217434,100.000000,100.000000,0.000000,0.000000,2,4,4,0.0000,0.0000,0.0000,0.5000,"Accelerate",0.015688
5173,A0100,pursuit_chase_v1,UNKNOWN,15192.403721,28541.899746,3858.100254,599.965078,-31345.468582,20054.381075,512.997223,31704.814607,135.189611,5872.087062,6.493603,0.022391,False,False,False,False,True,True,True,1-circle,-1.000000,5835.457997,-21800.998180,0.773928,-0.217434,100.000000,100.000000,0.000000,0.000000,2,4,4,0.0000,0.0000,0.0000,0.5000,"PursuitChaseOptimal",-0.012434
5173,B0100,aggressive,UNKNOWN,15192.403721,28541.899746,3858.100254,599.965078,-31345.468582,20054.381075,512.997223,31704.814607,135.189611,5872.087062,6.493603,0.022391,False,False,False,False,True,True,True,1-circle,-1.000000,5835.457997,-21800.998180,0.773928,-0.217434,100.000000,100.000000,0.000000,0.000000,2,4,4,0.0000,0.0000,0.0000,0.5000,"Accelerate",0.012864
5174,A0100,pursuit_chase_v1,UNKNOWN,15192.100461,28549.609786,3850.390214,603.837815,-31346.898883,20055.119885,512.941508,31703.022914,-35.833868,5872.244368,6.536883,0.047076,False,False,False,False,True,True,True,1-circle,-1.000000,5837.788415,-22237.374523,-1.626692,-0.003139,100.000000,100.000000,0.000000,0.000000,2,4,4,0.0000,0.0000,0.0000,0.5000,"PursuitChaseOptimal",-0.014884
5174,B0100,aggressive,UNKNOWN,15192.100461,28549.609786,3850.390214,603.837815,-31346.898883,20055.119885,512.941508,31703.022914,-35.833868,5872.244368,6.536883,0.047076,False,False,False,False,True,True,True,1-circle,-1.000000,5837.788415,-22237.374523,-1.626692,-0.003139,100.000000,100.000000,0.000000,0.000000,2,4,4,0.0000,0.0000,0.0000,0.5000,"Accelerate",0.014825
5175,A0100,pursuit_chase_v1,UNKNOWN,15192.100461,28549.609786,3850.390214,603.837815,-31346.898883,20055.119885,512.941508,31703.022914,-35.833868,5872.244368,6.536883,0.047076,False,False,False,False,True,True,True,1-circle,-1.000000,5837.788415,-22237.374523,-1.626692,-0.003139,100.000000,100.000000,0.000000,0.000000,2,4,4,0.0000,0.0000,0.0000,0.5000,"PursuitChaseOptimal",-0.007457
5175,B0100,aggressive,UNKNOWN,15192.100461,28549.609786,3850.390214,603.837815,-31346.898883,20055.119885,512.941508,31703.022914,-35.833868,5872.244368,6.536883,0.047076,False,False,False,False,True,True,True,1-circle,-1.000000,5837.788415,-22237.374523,-1.626692,-0.003139,100.000000,100.000000,0.000000,0.000000,2,4,4,0.0000,0.0000,0.0000,0.5000,"Accelerate",0.007300
5176,A0100,pursuit_chase_v1,UNKNOWN,15191.811943,28548.525940,3851.474060,601.928316,-31354.168142,20055.903390,513.035542,31708.077497,101.091667,5881.412742,6.579947,0.002791,False,False,False,False,True,True,True,1-circle,-1.000000,5840.173539,-21966.244041,-0.096483,0.114869,100.000000,100.000000,0.000000,0.000000,2,4,4,0.0000,0.0000,0.0000,0.5000,"PursuitChaseOptimal",0.005173
5176,B0100,aggressive,UNKNOWN,15191.811943,28548.525940,3851.474060,601.928316,-31354.168142,20055.903390,513.035542,31708.077497,101.091667,5881.412742,6.579947,0.002791,False,False,False,False,True,True,True,1-circle,-1.000000,5840.173539,-21966.244041,-0.096483,0.114869,100.000000,100.000000,0.000000,0.000000,2,4,4,0.0000,0.0000,0.0000,0.5000,"Accelerate",-0.004755
5177,A0100,pursuit_chase_v1,UNKNOWN,15191.811943,28548.525940,3851.474060,601.928316,-31354.168142,20055.903390,513.035542,31708.077497,101.091667,5881.412742,6.579947,0.002791,False,False,False,False,True,True,True,1-circle,-1.000000,5840.173539,-21966.244041,-0.096483,0.114869,100.000000,100.000000,0.000000,0.000000,2,4,4,0.0000,0.0000,0.0000,0.5000,"PursuitChaseOptimal",0.019053
5177,B0100,aggressive,UNKNOWN,15191.811943,28548.525940,3851.474060,601.928316,-31354.168142,20055.903390,513.035542,31708.077497,101.091667,5881.412742,6.579947,0.002791,False,False,False,False,True,True,True,1-circle,-1.000000,5840.173539,-21966.244041,-0.096483,0.114869,100.000000,100.000000,0.000000,0.000000,2,4,4,0.0000,0.0000,0.0000,0.5000,"Accelerate",-0.018577
5178,A0100,pursuit_chase_v1,UNKNOWN,15191.512650,28555.465769,3844.534231,598.960288,-31354.477569,20056.722012,512.975158,31706.153362,-38.482703,5866.811021,6.456752,0.070382,False,False,False,False,True,True,True,1-circle,-1.000000,5842.515471,-22390.804295,-2.431402,-0.045138,100.000000,100.000000,0.000000,0.000000,2,4,4,0.0000,0.0000,0.0000,0.5000,"PursuitChaseOptimal",0.023627
5178,B0100,aggressive,UNKNOWN,15191.512650,28555.465769,3844.534231,598.960288,-31354.477569,20056.722012,512.975158,31706.153362,-38.482703,5866.811021,6.456752,0.070382,False,False,False,False,True,True,True,1-circle,-1.000000,5842.515471,-22390.804295,-2.431402,-0.045138,100.000000,100.000000,0.000000,0.000000,2,4,4,0.0000,0.0000,0.0000,0.5000,"Accelerate",-0.023831
5179,A0100,pursuit_chase_v1,UNKNOWN,15191.512650,28555.465769,3844.534231,598.960288,-31354.477569,20056.722012,512.975158,31706.153362,-38.482703,5866.811021,6.456752,0.070382,False,False,False,False,True,True,True,1-circle,-1.000000,5842.515471,-22390.804295,-2.431402,-0.045138,100.000000,100.000000,0.000000,0.000000,2,4,4,0.0000,0.0000,0.0000,0.5000,"PursuitChaseOptimal",0.010776
5179,B0100,aggressive,UNKNOWN,15191.512650,28555.465769,3844.534231,598.960288,-31354.477569,20056.722012,512.975158,31706.153362,-38.482703,5866.811021,6.456752,0.070382,False,False,False,False,True,True,True,1-circle,-1.000000,5842.515471,-22390.804295,-2.431402,-0.045138,100.000000,100.000000,0.000000,0.000000,2,4,4,0.0000,0.0000,0.0000,0.5000,"Accelerate",-0.011257
5180,A0100,pursuit_chase_v1,UNKNOWN,15191.173486,28546.378449,3853.621551,596.857896,-31359.879221,20057.544609,513.115550,31713.353286,143.998480,5867.956297,6.377495,0.018524,False,False,False,False,True,True,True,1-circle,-1.000000,5844.689572,-22072.590444,-0.640432,-0.094933,100.000000,100.000000,0.000000,0.000000,2,4,4,0.0000,0.0000,0.0000,0.5000,"PursuitChaseOptimal",-0.003349
5180,B0100,aggressive,UNKNOWN,15191.173486,28546.378449,3853.621551,596.857896,-31359.879221,20057.544609,513.115550,31713.353286,143.998480,5867.956297,6.377495,0.018524,False,False,False,False,True,True,True,1-circle,-1.000000,5844.689572,-22072.590444,-0.640432,-0.094933,100.000000,100.000000,0.000000,0.000000,2,4,4,0.0000,0.0000,0.0000,0.5000,"Accelerate",0.002962
5181,A0100,pursuit_chase_v1,UNKNOWN,15191.173486,28546.378449,3853.621551,596.857896,-31359.879221,20057.544609,513.115550,31713.353286,143.998480,5867.956297,6.377495,0.018524,False,False,False,False,True,True,True,1-circle,-1.000000,5844.689572,-22072.590444,-0.640432,-0.094933,100.000000,100.000000,0.000000,0.000000,2,4,4,0.0000,0.0000,0.0000,0.5000,"PursuitChaseOptimal",-0.011994
5181,B0100,aggressive,UNKNOWN,15191.173486,28546.378449,3853.621551,596.857896,-31359.879221,20057.544609,513.115550,31713.353286,143.998480,5867.956297,6.377495,0.018524,False,False,False,False,True,True,True,1-circle,-1.000000,5844.689572,-22072.590444,-0.640432,-0.094933,100.000000,100.000000,0.000000,0.000000,2,4,4,0.0000,0.0000,0.0000,0.5000,"Accelerate",0.012076
5182,A0100,pursuit_chase_v1,UNKNOWN,15190.858066,28542.933386,3857.066614,598.953856,-31363.719902,20058.269279,513.138979,31715.142388,35.782041,5875.407470,6.454202,0.009052,False,False,False,False,True,True,True,1-circle,-1.000000,5846.921210,-22017.850507,-0.312997,-0.308725,100.000000,100.000000,0.000000,0.000000,2,4,4,0.0000,0.0000,0.0000,0.5000,"PursuitChaseOptimal",-0.009749
5182,B0100,aggressive,UNKNOWN,15190.858066,28542.933386,3857.066614,598.953856,-31363.719902,20058.269279,513.138979,31715.142388,35.782041,5875.407470,6.454202,0.009052,False,False,False,False,True,True,True,1-circle,-1.000000,5846.921210,-22017.850507,-0.312997,-0.308725,100.000000,100.000000,0.000000,0.000000,2,4,4,0.0000,0.0000,0.0000,0.5000,"Accelerate",0.010015
5183,A0100,pursuit_chase_v1,UNKNOWN,15190.858066,28542.933386,3857.066614,598.953856,-31363.719902,20058.269279,513.138979,31715.142388,35.782041,5875.407470,6.454202,0.009052,False,False,False,False,True,True,True,1-circle,-1.000000,5846.921210,-22017.850507,-0.312997,-0.308725,100.000000,100.000000,0.000000,0.000000,2,4,4,0.0000,0.0000,0.0000,0.5000,"PursuitChaseOptimal",-0.007526
5183,B0100,aggressive,UNKNOWN,15190.858066,28542.933386,3857.066614,598.953856,-31363.719902,20058.269279,513.138979,31715.142388,35.782041,5875.407470,6.454202,0.009052,False,False,False,False,True,True,True,1-circle,-1.000000,5846.921210,-22017.850507,-0.312997,-0.308725,100.000000,100.000000,0.000000,0.000000,2,4,4,0.0000,0.0000,0.0000,0.5000,"Accelerate",0.007210
5184,A0100,pursuit_chase_v1,UNKNOWN,15190.536332,28542.750838,3857.249162,599.771242,-31368.602437,20059.019160,513.125070,31715.260359,2.359413,5875.064293,6.597499,0.046163,False,False,False,False,True,True,True,1-circle,-1.000000,5849.198288,-22252.991724,-1.595747,-0.098946,100.000000,100.000000,0.000000,0.000000,2,4,4,0.0000,0.0000,0.0000,0.5000,"PursuitChaseOptimal",0.006947
5184,B0100,aggressive,UNKNOWN,15190.536332,28542.750838,3857.249162,599.771242,-31368.602437,20059.019160,513.125070,31715.260359,2.359413,5875.064293,6.597499,0.046163,False,False,False,False,True,True,True,1-circle,-1.000000,5849.198288,-22252.991724,-1.595747,-0.098946,100.000000,100.000000,0.000000,0.000000,2,4,4,0.0000,0.0000,0.0000,0.5000,"Accelerate",-0.007474
5185,A0100,pursuit_chase_v1,UNKNOWN,15190.536332,28542.750838,3857.249162,599.771242,-31368.602437,20059.019160,513.125070,31715.260359,2.359413,5875.064293,6.597499,0.046163,False,False,False,False,True,True,True,1-circle,-1.000000,5849.198288,-22252.991724,-1.595747,-0.098946,100.000000,100.000000,0.000000,0.000000,2,4,4,0.0000,0.0000,0.0000,0.5000,"PursuitChaseOptimal",0.017738
5185,B0100,aggressive,UNKNOWN,15190.536332,28542.750838,3857.249162,599.771242,-31368.602437,20059.019160,513.125070,31715.260359,2.359413,5875.064293,6.597499,0.046163,False,False,False,False,True,True,True,1-circle,-1.000000,5849.198288,-22252.991724,-1.595747,-0.098946,100.000000,100.000000,0.000000,0.000000,2,4,4,0.0000,0.0000,0.0000,0.5000,"Accelerate",-0.017911
5186,A0100,pursuit_chase_v1,UNKNOWN,15190.219881,28533.372022,3866.627978,599.456013,-31373.337993,20059.676672,513.241542,31721.210051,118.993855,5872.119083,6.666871,0.028109,False,False,False,False,True,True,True,1-circle,-1.000000,5851.551234,-21795.093623,0.972019,-0.218286,100.000000,100.000000,0.000000,0.000000,2,4,4,0.0000,0.0000,0.0000,0.5000,"PursuitChaseOptimal",0.022086
5186,B0100,aggressive,UNKNOWN,15190.219881,28533.372022,3866.627978,599.456013,-31373.337993,20059.676672,513.241542,31721.210051,118.993855,5872.119083,6.666871,0.028109,False,False,False,False,True,True,True,1-circle,-1.000000,5851.551234,-21795.093623,0.972019,-0.218286,100.000000,100.000000,0.000000,0.000000,2,4,4,0.0000,0.0000,0.0000,0.5000,"Accelerate",-0.021566
5187,A0100,pursuit_chase_v1,UNKNOWN,15190.219881,28533.372022,3866.627978,599.456013,-31373.337993,20059.676672,513.241542,31721.210051,118.993855,5872.119083,6.666871,0.028109,False,False,False,False,True,True,True,1-circle,-1.000000,5851.551234,-21795.093623,0.972019,-0.218286,100.000000,100.000000,0.000000,0.000000,2,4,4,0.0000,0.0000,0.0000,0.5000,"PursuitChaseOptimal",0.009623
5187,B0100,aggressive,UNKNOWN,15190.219881,28533.372022,3866.627978,599.456013,-31373.337993,20059.676672,513.241542,31721.210051,118.993855,5872.119083,6.666871,0.028109,False,False,False,False,True,True,True,1-circle,-1.000000,5851.551234,-21795.093623,0.972019,-0.218286,100.000000,100.000000,0.000000,0.000000,2,4,4,0.0000,0.0000,0.0000,0.5000,"Accelerate",-0.009099
5188,A0100,pursuit_chase_v1,UNKNOWN,15189.852544,28541.464006,3858.535994,595.622954,-31374.938912,20060.349823,513.175926,31718.901633,-46.168359,5857.569953,6.459504,0.041718,False,False,False,False,True,True,True,1-circle,-1.000000,5853.734754,-22233.862277,-1.442304,-0.043945,100.000000,100.000000,0.000000,0.000000,2,4,4,0.0000,0.0000,0.0000,0.5000,"PursuitChaseOptimal",-0.004080
5188,B0100,aggressive,UNKNOWN,15189.852544,28541.464006,3858.535994,595.622954,-31374.938912,20060.349823,513.175926,31718.901633,-46.168359,5857.569953,6.459504,0.041718,False,False,False,False,True,True,True,1-circle,-1.000000,5853.734754,-22233.862277,-1.442304,-0.043945,100.000000,100.000000,0.000000,0.000000,2,4,4,0.0000,0.0000,0.0000,0.5000,"Accelerate",0.004022
5189,A0100,pursuit_chase_v1,UNKNOWN,15189.852544,28541.464006,3858.535994,595.622954,-31374.938912,20060.349823,513.175926,31718.901633,-46.168359,5857.569953,6.459504,0.041718,False,False,False,False,True,True,True,1-circle,-1.000000,5853.734754,-22233.862277,-1.442304,-0.043945,100.000000,100.000000,0.000000,0.000000,2,4,4,0.0000,0.0000,0.0000,0.5000,"PursuitChaseOptimal",-0.013049
5189,B0100,aggressive,UNKNOWN,15189.852544,28541.464006,3858.535994,595.622954,-31374.938912,20060.349823,513.175926,31718.901633,-46.168359,5857.569953,6.459504,0.041718,False,False,False,False,True,True,True,1-circle,-1.000000,5853.734754,-22233.862277,-1.442304,-0.043945,100.000000,100.000000,0.000000,0.000000,2,4,4,0.0000,0.0000,0.0000,0.5000,"Accelerate",0.012822
5190,A0100,pursuit_chase_v1,UNKNOWN,15189.485676,28540.447861,3859.552139,594.667910,-31382.332313,20061.068669,513.267770,31723.793981,97.846954,5868.581967,6.440960,0.002526,False,False,False,False,True,True,True,1-circle,-1.000000,5855.840862,-21962.652994,0.087350,0.077352,100.000000,100.000000,0.000000,0.000000,2,4,4,0.0000,0.0000,0.0000,0.5000,"PursuitChaseOptimal",-0.011214
5190,B0100,aggressive,UNKNOWN,15189.485676,28540.447861,3859.552139,594.667910,-31382.332313,20061.068669,513.267770,31723.793981,97.846954,5868.581967,6.440960,0.002526,False,False,False,False,True,True,True,1-circle,-1.000000,5855.840862,-21962.652994,0.087350,0.077352,100.000000,100.000000,0.000000,0.000000,2,4,4,0.0000,0.0000,0.0000,0.5000,"Accelerate",0.011565
5191,A0100,pursuit_chase_v1,UNKNOWN,15189.485676,28540.447861,3859.552139,594.667910,-31382.332313,20061.068669,513.267770,31723.793981,97.846954,5868.581967,6.440960,0.002526,False,False,False,False,True,True,True,1-circle,-1.000000,5855.840862,-21962.652994,0.087350,0.077352,100.000000,100.000000,0.000000,0.000000,2,4,4,0.0000,0.0000,0.0000,0.5000,"PursuitChaseOptimal",-0.016752
5191,B0100,aggressive,UNKNOWN,15189.485676,28540.447861,3859.552139,594.667910,-31382.332313,20061.068669,513.267770,31723.793981,97.846954,5868.581967,6.440960,0.002526,False,False,False,False,True,True,True,1-circle,-1.000000,5855.840862,-21962.652994,0.087350,0.077352,100.000000,100.000000,0.000000,0.000000,2,4,4,0.0000,0.0000,0.0000,0.5000,"Accelerate",0.017117
5192,A0100,pursuit_chase_v1,UNKNOWN,15189.127730,28547.536406,3852.463594,600.089451,-31382.796622,20061.822535,513.206075,31721.744271,-40.994204,5865.991886,6.546176,0.065236,False,False,False,False,True,True,True,1-circle,-1.000000,5857.998234,-22388.430416,-2.254868,-0.082567,100.000000,100.000000,0.000000,0.000000,2,4,4,0.0000,0.0000,0.0000,0.5000,"PursuitChaseOptimal",-0.012792
5192,B0100,aggressive,UNKNOWN,15189.127730,28547.536406,3852.463594,600.089451,-31382.796622,20061.822535,513.206075,31721.744271,-40.994204,5865.991886,6.546176,0.065236,False,False,False,False,True,True,True,1-circle,-1.000000,5857.998234,-22388.430416,-2.254868,-0.082567,100.000000,100.000000,0.000000,0.000000,2,4,4,0.0000,0.0000,0.0000,0.5000,"Accelerate",0.012467
5193,A0100,pursuit_chase_v1,UNKNOWN,15189.127730,28547.536406,3852.463594,600.089451,-31382.796622,20061.822535,513.206075,31721.744271,-40.994204,5865.991886,6.546176,0.065236,False,False,False,False,True,True,True,1-circle,-1.000000,5857.998234,-22388.430416,-2.254868,-0.082567,100.000000,100.000000,0.000000,0.000000,2,4,4,0.0000,0.0000,0.0000,0.5000,"PursuitChaseOptimal",0.002445
5193,B0100,aggressive,UNKNOWN,15189.127730,28547.536406,3852.463594,600.089451,-31382.796622,20061.822535,513.206075,31721.744271,-40.994204,5865.991886,6.546176,0.065236,False,False,False,False,True,True,True,1-circle,-1.000000,5857.998234,-22388.430416,-2.254868,-0.082567,100.000000,100.000000,0.000000,0.000000,2,4,4,0.0000,0.0000,0.0000,0.5000,"Accelerate",-0.002966
5194,A0100,pursuit_chase_v1,UNKNOWN,15188.774418,28538.332364,3861.667636,600.916139,-31388.296202,20062.580100,513.344804,31728.806465,141.243888,5872.366990,6.729190,0.013362,False,False,False,False,True,True,True,1-circle,-1.000000,5860.245550,-22069.997081,-0.462196,-0.134036,100.000000,100.000000,0.000000,0.000000,2,4,4,0.0000,0.0000,0.0000,0.5000,"PursuitChaseOptimal",0.013925
5194,B0100,aggressive,UNKNOWN,15188.774418,28538.332364,3861.667636,600.916139,-31388.296202,20062.580100,513.344804,31728.806465,141.243888,5872.366990,6.729190,0.013362,False,False,False,False,True,True,True,1-circle,-1.000000,5860.245550,-22069.997081,-0.462196,-0.134036,100.000000,100.000000,0.000000,0.000000,2,4,4,0.0000,0.0000,0.0000,0.5000,"Accelerate",-0.014144
5195,A0100,pursuit_chase_v1,UNKNOWN,15188.774418,28538.332364,3861.667636,600.916139,-31388.296202,20062.580100,513.344804,31728.806465,141.243888,5872.366990,6.729190,0.013362,False,False,False,False,True,True,True,1-circle,-1.000000,5860.245550,-22069.997081,-0.462196,-0.134036,100.000000,100.000000,0.000000,0.000000,2,4,4,0.0000,0.0000,0.0000,0.5000,"PursuitChaseOptimal",0.018741
5195,B0100,aggressive,UNKNOWN,15188.774418,28538.332364,3861.667636,600.916139,-31388.296202,20062.580100,513.344804,31728.806465,141.243888,5872.366990,6.729190,0.013362,False,False,False,False,True,True,True,1-circle,-1.000000,5860.245550,-22069.997081,-0.462196,-0.134036,100.000000,100.000000,0.000000,0.000000,2,4,4,0.0000,0.0000,0.0000,0.5000,"Accelerate",-0.018270
5196,A0100,pursuit_chase_v1,UNKNOWN,15188.404826,28538.979744,3861.020256,598.180180,-31392.270083,20063.257550,513.324490,31728.560641,-4.916486,5856.013701,6.719149,0.004024,False,False,False,False,True,True,False,1-circle,-1.000000,5862.502568,-22016.120965,-0.139209,-0.190973,100.000000,100.000000,0.000000,0.000000,2,4,4,0.0000,0.0000,0.0000,0.5000,"PursuitChaseOptimal",0.006855
5196,B0100,aggressive,UNKNOWN,15188.404826,28538.979744,3861.020256,598.180180,-31392.270083,20063.257550,513.324490,31728.560641,-4.916486,5856.013701,6.719149,0.004024,False,False,False,False,True,True,False,1-circle,-1.000000,5862.502568,-22016.120965,-0.139209,-0.190973,100.000000,100.000000,0.000000,0.000000,2,4,4,0.0000,0.0000,0.0000,0.5000,"Accelerate",-0.006360
5197,A0100,pursuit_chase_v1,UNKNOWN,15188.404826,28538.979744,3861.020256,598.180180,-31392.270083,20063.257550,513.324490,31728.560641,-4.916486,5856.013701,6.719149,0.004024,False,False,False,False,True,True,False,1-circle,-1.000000,5862.502568,-22016.120965,-0.139209,-0.190973,100.000000,100.000000,0.000000,0.000000,2,4,4,0.0000,0.0000,0.0000,0.5000,"PursuitChaseOptimal",-0.006525
5197,B0100,aggressive,UNKNOWN,15188.404826,28538.979744,3861.020256,598.180180,-31392.270083,20063.257550,513.324490,31728.560641,-4.916486,5856.013701,6.719149,0.004024,False,False,False,False,True,True,False,1-circle,-1.000000,5862.502568,-22016.120965,-0.139209,-0.190973,100.000000,100.000000,0.000000,0.000000,2,4,4,0.0000,0.0000,0.0000,0.5000,"Accelerate",0.006462
5198,A0100,pursuit_chase_v1,UNKNOWN,15187.996844,28543.759437,3856.240563,594.159208,-31397.287555,20064.011150,513.362243,31731.030190,49.390981,5859.540605,6.538540,0.041060,False,False,False,False,True,True,False,1-circle,-1.000000,5864.585914,-22250.830491,-1.420114,0.121327,100.000000,100.000000,0.000000,0.000000,2,4,4,0.0000,0.0000,0.0000,0.5000,"PursuitChaseOptimal",-0.014401
5198,B0100,aggressive,UNKNOWN,15187.996844,28543.759437,3856.240563,594.159208,-31397.287555,20064.011150,513.362243,31731.030190,49.390981,5859.540605,6.538540,0.041060,False,False,False,False,True,True,False,1-circle,-1.000000,5864.585914,-22250.830491,-1.420114,0.121327,100.000000,100.000000,0.000000,0.000000,2,4,4,0.0000,0.0000,0.0000,0.5000,"Accelerate",0.014187
5199,A0100,pursuit_chase_v1,UNKNOWN,15187.996844,28543.759437,3856.240563,594.159208,-31397.287555,20064.011150,513.362243,31731.030190,49.390981,5859.540605,6.538540,0.041060,False,False,False,False,True,True,False,1-circle,-1.000000,5864.585914,-22250.830491,-1.420114,0.121327,100.000000,100.000000,0.000000,0.000000,2,4,4,0.0000,0.0000,0.0000,0.5000,"PursuitChaseOptimal",-0.011893
5199,B0100,aggressive,UNKNOWN,15187.996844,28543.759437,3856.240563,594.159208,-31397.287555,20064.011150,513.362243,31731.030190,49.390981,5859.540605,6.538540,0.041060,False,False,False,False,True,True,False,1-circle,-1.000000,5864.585914,-22250.830491,-1.420114,0.121327,100.000000,100.000000,0.000000,0.000000,2,4,4,0.0000,0.0000,0.0000,0.5000,"Accelerate",0.012257
5200,A0100,pursuit_chase_v1,UNKNOWN,15187.614932,28545.372185,3854.627815,598.498955,-31400.014648,20064.761976,513.387739,31732.939905,38.194304,5864.591770,6.631895,0.027433,False,False,False,False,True,True,False,1-circle,-1.000000,5866.733666,-22170.207329,-0.948963,-0.044191,100.000000,100.000000,0.000000,0.000000,2,4,4,0.0000,0.0000,0.0000,0.5000,"PursuitChaseOptimal",-0.009093
5200,B0100,aggressive,UNKNOWN,15187.614932,28545.372185,3854.627815,598.498955,-31400.014648,20064.761976,513.387739,31732.939905,38.194304,5864.591770,6.631895,0.027433,False,False,False,False,True,True,False,1-circle,-1.000000,5866.733666,-22170.207329,-0.948963,-0.044191,100.000000,100.000000,0.000000,0.000000,2,4,4,0.0000,0.0000,0.0000,0.5000,"Accelerate",0.009501
5201,A0100,pursuit_chase_v1,UNKNOWN,15187.614932,28545.372185,3854.627815,598.498955,-31400.014648,20064.761976,513.387739,31732.939905,38.194304,5864.591770,6.631895,0.027433,False,False,False,False,True,True,False,1-circle,-1.000000,5866.733666,-22170.207329,-0.948963,-0.044191,100.000000,100.000000,0.000000,0.000000,2,4,4,0.0000,0.0000,0.0000,0.5000,"PursuitChaseOptimal",0.005775
5201,B0100,aggressive,UNKNOWN,15187.614932,28545.372185,3854.627815,598.498955,-31400.014648,20064.761976,513.387739,31732.939905,38.194304,5864.591770,6.631895,0.027433,False,False,False,False,True,True,False,1-circle,-1.000000,5866.733666,-22170.207329,-0.948963,-0.044191,100.000000,100.000000,0.000000,0.000000,2,4,4,0.0000,0.0000,0.0000,0.5000,"Accelerate",-0.006039
5202,A0100,pursuit_chase_v1,UNKNOWN,15187.220718,28546.717990,3853.282010,596.412428,-31404.555751,20065.585130,513.383627,31733.576160,12.725102,5860.656106,6.680098,0.064355,False,False,False,False,True,True,False,1-circle,-1.000000,5868.876480,-22404.139105,-2.225273,-0.028040,100.000000,100.000000,0.000000,0.000000,2,4,4,0.0000,0.0000,0.0000,0.5000,"PursuitChaseOptimal",0.016823
5202,B0100,aggressive,UNKNOWN,15187.220718,28546.717990,3853.282010,596.412428,-31404.555751,20065.585130,513.383627,31733.576160,12.725102,5860.656106,6.680098,0.064355,False,False,False,False,True,True,False,1-circle,-1.000000,5868.876480,-22404.139105,-2.225273,-0.028040,100.000000,100.000000,0.000000,0.000000,2,4,4,0.0000,0.0000,0.0000,0.5000,"Accelerate",-0.017291
5203,A0100,pursuit_chase_v1,UNKNOWN,15187.220718,28546.717990,3853.282010,596.412428,-31404.555751,20065.585130,513.383627,31733.576160,12.725102,5860.656106,6.680098,0.064355,False,False,False,False,True,True,False,1-circle,-1.000000,5868.876480,-22404.139105,-2.225273,-0.028040,100.000000,100.000000,0.000000,0.000000,2,4,4,0.0000,0.0000,0.0000,0.5000,"PursuitChaseOptimal",0.021214
5203,B0100,aggressive,UNKNOWN,15187.220718,28546.717990,3853.282010,596.412428,-31404.555751,20065.585130,513.383627,31733.576160,12.725102,5860.656106,6.680098,0.064355,False,False,False,False,True,True,False,1-circle,-1.000000,5868.876480,-22404.139105,-2.225273,-0.028040,100.000000,100.000000,0.000000,0.000000,2,4,4,0.0000,0.0000,0.0000,0.5000,"Accelerate",-0.021483
5204,A0100,pursuit_chase_v1,UNKNOWN,15186.812519,28536.148827,3863.851173,596.750417,-31409.122152,20066.320203,513.538315,31741.343651,155.349816,5855.231782,6.714851,0.010010,False,False,False,False,True,True,False,1-circle,-1.000000,5871.012903,-21945.438148,0.346377,-0.228875,100.000000,100.000000,0.000000,0.000000,2,4,4,0.0000,0.0000,0.0000,0.5000,"PursuitChaseOptimal",0.008923
5204,B0100,aggressive,UNKNOWN,15186.812519,28536.148827,3863.851173,596.750417,-31409.122152,20066.320203,513.538315,31741.343651,155.349816,5855.231782,6.714851,0.010010,False,False,False,False,True,True,False,1-circle,-1.000000,5871.012903,-21945.438148,0.346377,-0.228875,100.000000,100.000000,0.000000,0.000000,2,4,4,0.0000,0.0000,0.0000,0.5000,"Accelerate",-0.008741
5205,A0100,pursuit_chase_v1,UNKNOWN,15186.812519,28536.148827,3863.851173,596.750417,-31409.122152,20066.320203,513.538315,31741.343651,155.349816,5855.231782,6.714851,0.010010,False,False,False,False,True,True,False,1-circle,-1.000000,5871.012903,-21945.438148,0.346377,-0.228875,100.000000,100.000000,0.000000,0.000000,2,4,4,0.0000,0.0000,0.0000,0.5000,"PursuitChaseOptimal",-0.004686
5205,B0100,aggressive,UNKNOWN,15186.812519,28536.148827,3863.851173,596.750417,-31409.122152,20066.320203,513.538315,31741.343651,155.349816,5855.231782,6.714851,0.010010,False,False,False,False,True,True,False,1-circle,-1.000000,5871.012903,-21945.438148,0.346377,-0.228875,100.000000,100.000000,0.000000,0.000000,2,4,4,0.0000,0.0000,0.0000,0.5000,"Accelerate",0.004959
5206,A0100,pursuit_chase_v1,UNKNOWN,15186.373891,28539.047896,3860.952104,596.604958,-31410.236598,20067.025122,513.445252,31737.817494,-70.523151,5848.659123,6.708223,0.059899,False,False,False,False,True,True,False,1-circle,-1.000000,5873.064071,-22384.819056,-2.071583,-0.261841,100.000000,100.000000,0.000000,0.000000,2,4,4,0.0000,0.0000,0.0000,0.5000,"PursuitChaseOptimal",-0.013386
5206,B0100,aggressive,UNKNOWN,15186.373891,28539.047896,3860.952104,596.604958,-31410.236598,20067.025122,513.445252,31737.817494,-70.523151,5848.659123,6.708223,0.059899,False,False,False,False,True,True,False,1-circle,-1.000000,5873.064071,-22384.819056,-2.071583,-0.261841,100.000000,100.000000,0.000000,0.000000,2,4,4,0.0000,0.0000,0.0000,0.5000,"Accelerate",0.013024
5207,A0100,pursuit_chase_v1,UNKNOWN,15186.373891,28539.047896,3860.952104,596.604958,-31410.236598,20067.025122,513.445252,31737.817494,-70.523151,5848.659123,6.708223,0.059899,False,False,False,False,True,True,False,1-circle,-1.000000,5873.064071,-22384.819056,-2.071583,-0.261841,100.000000,100.000000,0.000000,0.000000,2,4,4,0.0000,0.0000,0.0000,0.5000,"PursuitChaseOptimal",-0.011677
5207,B0100,aggressive,UNKNOWN,15186.373891,28539.047896,3860.952104,596.604958,-31410.236598,20067.025122,513.445252,31737.817494,-70.523151,5848.659123,6.708223,0.059899,False,False,False,False,True,True,False,1-circle,-1.000000,5873.064071,-22384.819056,-2.071583,-0.261841,100.000000,100.000000,0.000000,0.000000,2,4,4,0.0000,0.0000,0.0000,0.5000,"Accelerate",0.011075
5208,A0100,pursuit_chase_v1,UNKNOWN,15185.942251,28529.638196,3870.361804,602.227395,-31415.938168,20067.713070,513.554048,31743.451919,112.688514,5858.998667,6.966590,0.007976,False,False,False,False,True,True,False,1-circle,-1.000000,5875.182809,-22065.818154,-0.276015,-0.124475,100.000000,100.000000,0.000000,0.000000,2,4,4,0.0000,0.0000,0.0000,0.5000,"PursuitChaseOptimal",-0.009013
5208,B0100,aggressive,UNKNOWN,15185.942251,28529.638196,3870.361804,602.227395,-31415.938168,20067.713070,513.554048,31743.451919,112.688514,5858.998667,6.966590,0.007976,False,False,False,False,True,True,False,1-circle,-1.000000,5875.182809,-22065.818154,-0.276015,-0.124475,100.000000,100.000000,0.000000,0.000000,2,4,4,0.0000,0.0000,0.0000,0.5000,"Accelerate",0.008742
5209,A0100,pursuit_chase_v1,UNKNOWN,15185.942251,28529.638196,3870.361804,602.227395,-31415.938168,20067.713070,513.554048,31743.451919,112.688514,5858.998667,6.966590,0.007976,False,False,False,False,True,True,False,1-circle,-1.000000,5875.182809,-22065.818154,-0.276015,-0.124475,100.000000,100.000000,0.000000,0.000000,2,4,4,0.0000,0.0000,0.0000,0.5000,"PursuitChaseOptimal",0.005889
5209,B0100,aggressive,UNKNOWN,15185.942251,28529.638196,3870.361804,602.227395,-31415.938168,20067.713070,513.554048,31743.451919,112.688514,5858.998667,6.966590,0.007976,False,False,False,False,True,True,False,1-circle,-1.000000,5875.182809,-22065.818154,-0.276015,-0.124475,100.000000,100.000000,0.000000,0.000000,2,4,4,0.0000,0.0000,0.0000,0.5000,"Accelerate",-0.005451
5210,A0100,pursuit_chase_v1,UNKNOWN,15185.526566,28530.871097,3869.128903,600.820225,-31420.039482,20068.323525,513.539365,31743.394721,-1.143966,5854.251782,7.028134,0.000950,False,False,False,False,True,True,False,1-circle,-1.000000,5877.444673,-22014.528297,0.032889,-0.216051,100.000000,100.000000,0.000000,0.000000,2,4,4,0.0000,0.0000,0.0000,0.5000,"PursuitChaseOptimal",0.017026
5210,B0100,aggressive,UNKNOWN,15185.526566,28530.871097,3869.128903,600.820225,-31420.039482,20068.323525,513.539365,31743.394721,-1.143966,5854.251782,7.028134,0.000950,False,False,False,False,True,True,False,1-circle,-1.000000,5877.444673,-22014.528297,0.032889,-0.216051,100.000000,100.000000,0.000000,0.000000,2,4,4,0.0000,0.0000,0.0000,0.5000,"Accelerate",-0.016478
5211,A0100,pursuit_chase_v1,UNKNOWN,15185.526566,28530.871097,3869.128903,600.820225,-31420.039482,20068.323525,513.539365,31743.394721,-1.143966,5854.251782,7.028134,0.000950,False,False,False,False,True,True,False,1-circle,-1.000000,5877.444673,-22014.528297,0.032889,-0.216051,100.000000,100.000000,0.000000,0.000000,2,4,4,0.0000,0.0000,0.0000,0.5000,"PursuitChaseOptimal",0.021461
5211,B0100,aggressive,UNKNOWN,15185.526566,28530.871097,3869.128903,600.820225,-31420.039482,20068.323525,513.539365,31743.394721,-1.143966,5854.251782,7.028134,0.000950,False,False,False,False,True,True,False,1-circle,-1.000000,5877.444673,-22014.528297,0.032889,-0.216051,100.000000,100.000000,0.000000,0.000000,2,4,4,0.0000,0.0000,0.0000,0.5000,"Accelerate",-0.021368
5212,A0100,pursuit_chase_v1,UNKNOWN,15185.062166,28535.796213,3864.203787,595.847939,-31425.207666,20069.014433,513.572907,31745.610820,44.321976,5840.271682,6.831834,0.036226,False,False,False,False,True,True,False,1-circle,-1.000000,5879.530087,-22250.284013,-1.253545,0.086781,100.000000,100.000000,0.000000,0.000000,2,4,4,0.0000,0.0000,0.0000,0.5000,"PursuitChaseOptimal",0.009094
5212,B0100,aggressive,UNKNOWN,15185.062166,28535.796213,3864.203787,595.847939,-31425.207666,20069.014433,513.572907,31745.610820,44.321976,5840.271682,6.831834,0.036226,False,False,False,False,True,True,False,1-circle,-1.000000,5879.530087,-22250.284013,-1.253545,0.086781,100.000000,100.000000,0.000000,0.000000,2,4,4,0.0000,0.0000,0.0000,0.5000,"Accelerate",-0.009187
5213,A0100,pursuit_chase_v1,UNKNOWN,15185.062166,28535.796213,3864.203787,595.847939,-31425.207666,20069.014433,513.572907,31745.610820,44.321976,5840.271682,6.831834,0.036226,False,False,False,False,True,True,False,1-circle,-1.000000,5879.530087,-22250.284013,-1.253545,0.086781,100.000000,100.000000,0.000000,0.000000,2,4,4,0.0000,0.0000,0.0000,0.5000,"PursuitChaseOptimal",-0.004566
5213,B0100,aggressive,UNKNOWN,15185.062166,28535.796213,3864.203787,595.847939,-31425.207666,20069.014433,513.572907,31745.610820,44.321976,5840.271682,6.831834,0.036226,False,False,False,False,True,True,False,1-circle,-1.000000,5879.530087,-22250.284013,-1.253545,0.086781,100.000000,100.000000,0.000000,0.000000,2,4,4,0.0000,0.0000,0.0000,0.5000,"Accelerate",0.004940
5214,A0100,pursuit_chase_v1,UNKNOWN,15184.579572,28537.555013,3862.444987,594.838491,-31428.077498,20069.703302,513.596602,31747.377177,35.327145,5841.473752,6.726140,0.022699,False,False,False,False,True,True,False,1-circle,-1.000000,5881.501098,-22170.163516,-0.785580,-0.076971,100.000000,100.000000,0.000000,0.000000,2,4,4,0.0000,0.0000,0.0000,0.5000,"PursuitChaseOptimal",-0.013194
5214,B0100,aggressive,UNKNOWN,15184.579572,28537.555013,3862.444987,594.838491,-31428.077498,20069.703302,513.596602,31747.377177,35.327145,5841.473752,6.726140,0.022699,False,False,False,False,True,True,False,1-circle,-1.000000,5881.501098,-22170.163516,-0.785580,-0.076971,100.000000,100.000000,0.000000,0.000000,2,4,4,0.0000,0.0000,0.0000,0.5000,"Accelerate",0.013546
5215,A0100,pursuit_chase_v1,UNKNOWN,15184.579572,28537.555013,3862.444987,594.838491,-31428.077498,20069.703302,513.596602,31747.377177,35.327145,5841.473752,6.726140,0.022699,False,False,False,False,True,True,False,1-circle,-1.000000,5881.501098,-22170.163516,-0.785580,-0.076971,100.000000,100.000000,0.000000,0.000000,2,4,4,0.0000,0.0000,0.0000,0.5000,"PursuitChaseOptimal",-0.011483
5215,B0100,aggressive,UNKNOWN,15184.579572,28537.555013,3862.444987,594.838491,-31428.077498,20069.703302,513.596602,31747.377177,35.327145,5841.473752,6.726140,0.022699,False,False,False,False,True,True,False,1-circle,-1.000000,5881.501098,-22170.163516,-0.785580,-0.076971,100.000000,100.000000,0.000000,0.000000,2,4,4,0.0000,0.0000,0.0000,0.5000,"Accelerate",0.011137
5216,A0100,pursuit_chase_v1,UNKNOWN,15184.092194,28539.006339,3860.993661,597.971183,-31432.770900,20070.465017,513.591261,31747.896003,10.376528,5843.708902,6.857942,0.059714,False,False,False,False,True,True,False,1-circle,-1.000000,5883.449192,-22404.718795,-2.065833,-0.063265,100.000000,100.000000,0.000000,0.000000,2,4,4,0.0000,0.0000,0.0000,0.5000,"PursuitChaseOptimal",-0.014221
5216,B0100,aggressive,UNKNOWN,15184.092194,28539.006339,3860.993661,597.971183,-31432.770900,20070.465017,513.591261,31747.896003,10.376528,5843.708902,6.857942,0.059714,False,False,False,False,True,True,False,1-circle,-1.000000,5883.449192,-22404.718795,-2.065833,-0.063265,100.000000,100.000000,0.000000,0.000000,2,4,4,0.0000,0.0000,0.0000,0.5000,"Accelerate",0.013626
5217,A0100,pursuit_chase_v1,UNKNOWN,15184.092194,28539.006339,3860.993661,597.971183,-31432.770900,20070.465017,513.591261,31747.896003,10.376528,5843.708902,6.857942,0.059714,False,False,False,False,True,True,False,1-circle,-1.000000,5883.449192,-22404.718795,-2.065833,-0.063265,100.000000,100.000000,0.000000,0.000000,2,4,4,0.0000,0.0000,0.0000,0.5000,"PursuitChaseOptimal",-0.006440
5217,B0100,aggressive,UNKNOWN,15184.092194,28539.006339,3860.993661,597.971183,-31432.770900,20070.465017,513.591261,31747.896003,10.376528,5843.708902,6.857942,0.059714,False,False,False,False,True,True,False,1-circle,-1.000000,5883.449192,-22404.718795,-2.065833,-0.063265,100.000000,100.000000,0.000000,0.000000,2,4,4,0.0000,0.0000,0.0000,0.5000,"Accelerate",0.006153
5218,A0100,pursuit_chase_v1,UNKNOWN,15183.633488,28529.600683,3870.399317,600.684344,-31437.449919,20071.139984,513.717196,31754.298383,128.047589,5854.401348,7.060051,0.014627,False,False,False,False,True,True,False,1-circle,-1.000000,5885.576376,-21945.969435,0.506367,-0.255376,100.000000,100.000000,0.000000,0.000000,2,4,4,0.0000,0.0000,0.0000,0.5000,"PursuitChaseOptimal",0.006109
5218,B0100,aggressive,UNKNOWN,15183.633488,28529.600683,3870.399317,600.684344,-31437.449919,20071.139984,513.717196,31754.298383,128.047589,5854.401348,7.060051,0.014627,False,False,False,False,True,True,False,1-circle,-1.000000,5885.576376,-21945.969435,0.506367,-0.255376,100.000000,100.000000,0.000000,0.000000,2,4,4,0.0000,0.0000,0.0000,0.5000,"Accelerate",-0.005690
5219,A0100,pursuit_chase_v1,UNKNOWN,15183.633488,28529.600683,3870.399317,600.684344,-31437.449919,20071.139984,513.717196,31754.298383,128.047589,5854.401348,7.060051,0.014627,False,False,False,False,True,True,False,1-circle,-1.000000,5885.576376,-21945.969435,0.506367,-0.255376,100.000000,100.000000,0.000000,0.000000,2,4,4,0.0000,0.0000,0.0000,0.5000,"PursuitChaseOptimal",0.019990
5219,B0100,aggressive,UNKNOWN,15183.633488,28529.600683,3870.399317,600.684344,-31437.449919,20071.139984,513.717196,31754.298383,128.047589,5854.401348,7.060051,0.014627,False,False,False,False,True,True,False,1-circle,-1.000000,5885.576376,-21945.969435,0.506367,-0.255376,100.000000,100.000000,0.000000,0.000000,2,4,4,0.0000,0.0000,0.0000,0.5000,"Accelerate",-0.019507
5220,A0100,pursuit_chase_v1,UNKNOWN,15183.156890,28536.493850,3863.506150,598.016496,-31438.776160,20071.826158,513.644453,31751.676118,-52.445297,5838.144047,6.942607,0.055376,False,False,False,False,True,True,False,1-circle,-1.000000,5887.677638,-22386.243139,-1.916095,-0.043136,100.000000,100.000000,0.000000,0.000000,2,4,4,0.0000,0.0000,0.0000,0.5000,"PursuitChaseOptimal",0.024237
5220,B0100,aggressive,UNKNOWN,15183.156890,28536.493850,3863.506150,598.016496,-31438.776160,20071.826158,513.644453,31751.676118,-52.445297,5838.144047,6.942607,0.055376,False,False,False,False,True,True,False,1-circle,-1.000000,5887.677638,-22386.243139,-1.916095,-0.043136,100.000000,100.000000,0.000000,0.000000,2,4,4,0.0000,0.0000,0.0000,0.5000,"Accelerate",-0.024349
5221,A0100,pursuit_chase_v1,UNKNOWN,15183.156890,28536.493850,3863.506150,598.016496,-31438.776160,20071.826158,513.644453,31751.676118,-52.445297,5838.144047,6.942607,0.055376,False,False,False,False,True,True,False,1-circle,-1.000000,5887.677638,-22386.243139,-1.916095,-0.043136,100.000000,100.000000,0.000000,0.000000,2,4,4,0.0000,0.0000,0.0000,0.5000,"PursuitChaseOptimal",0.011335
5221,B0100,aggressive,UNKNOWN,15183.156890,28536.493850,3863.506150,598.016496,-31438.776160,20071.826158,513.644453,31751.676118,-52.445297,5838.144047,6.942607,0.055376,False,False,False,False,True,True,False,1-circle,-1.000000,5887.677638,-22386.243139,-1.916095,-0.043136,100.000000,100.000000,0.000000,0.000000,2,4,4,0.0000,0.0000,0.0000,0.5000,"Accelerate",-0.011718
5222,A0100,pursuit_chase_v1,UNKNOWN,15182.638029,28528.599935,3871.400065,595.635602,-31444.632695,20072.516770,513.769244,31758.042696,127.331561,5837.325748,6.851495,0.003485,False,False,False,False,True,True,False,1-circle,-1.000000,5889.605438,-22067.177025,-0.120653,-0.131196,100.000000,100.000000,0.000000,0.000000,2,4,4,0.0000,0.0000,0.0000,0.5000,"PursuitChaseOptimal",-0.003013
5222,B0100,aggressive,UNKNOWN,15182.638029,28528.599935,3871.400065,595.635602,-31444.632695,20072.516770,513.769244,31758.042696,127.331561,5837.325748,6.851495,0.003485,False,False,False,False,True,True,False,1-circle,-1.000000,5889.605438,-22067.177025,-0.120653,-0.131196,100.000000,100.000000,0.000000,0.000000,2,4,4,0.0000,0.0000,0.0000,0.5000,"Accelerate",0.002763
5223,A0100,pursuit_chase_v1,UNKNOWN,15182.638029,28528.599935,3871.400065,595.635602,-31444.632695,20072.516770,513.769244,31758.042696,127.331561,5837.325748,6.851495,0.003485,False,False,False,False,True,True,False,1-circle,-1.000000,5889.605438,-22067.177025,-0.120653,-0.131196,100.000000,100.000000,0.000000,0.000000,2,4,4,0.0000,0.0000,0.0000,0.5000,"PursuitChaseOptimal",-0.011371
5223,B0100,aggressive,UNKNOWN,15182.638029,28528.599935,3871.400065,595.635602,-31444.632695,20072.516770,513.769244,31758.042696,127.331561,5837.325748,6.851495,0.003485,False,False,False,False,True,True,False,1-circle,-1.000000,5889.605438,-22067.177025,-0.120653,-0.131196,100.000000,100.000000,0.000000,0.000000,2,4,4,0.0000,0.0000,0.0000,0.5000,"Accelerate",0.011711
5224,A0100,pursuit_chase_v1,UNKNOWN,15182.135225,28530.300936,3869.699064,595.223320,-31448.922088,20073.141074,513.744923,31757.560649,-9.640934,5840.620984,6.864303,0.005386,False,False,False,False,True,True,False,1-circle,-1.000000,5891.556367,-22016.020234,0.186466,-0.189542,100.000000,100.000000,0.000000,0.000000,2,4,4,0.0000,0.0000,0.0000,0.5000,"PursuitChaseOptimal",-0.003442
5224,B0100,aggressive,UNKNOWN,15182.135225,28530.300936,3869.699064,595.223320,-31448.922088,20073.141074,513.744923,31757.560649,-9.640934,5840.620984,6.864303,0.005386,False,False,False,False,True,True,False,1-circle,-1.000000,5891.556367,-22016.020234,0.186466,-0.189542,100.000000,100.000000,0.000000,0.000000,2,4,4,0.0000,0.0000,0.0000,0.5000,"Accelerate",0.003908
5225,A0100,pursuit_chase_v1,UNKNOWN,15182.135225,28530.300936,3869.699064,595.223320,-31448.922088,20073.141074,513.744923,31757.560649,-9.640934,5840.620984,6.864303,0.005386,False,False,False,False,True,True,False,1-circle,-1.000000,5891.556367,-22016.020234,0.186466,-0.189542,100.000000,100.000000,0.000000,0.000000,2,4,4,0.0000,0.0000,0.0000,0.5000,"PursuitChaseOptimal",0.010044
5225,B0100,aggressive,UNKNOWN,15182.135225,28530.300936,3869.699064,595.223320,-31448.922088,20073.141074,513.744923,31757.560649,-9.640934,5840.620984,6.864303,0.005386,False,False,False,False,True,True,False,1-circle,-1.000000,5891.556367,-22016.020234,0.186466,-0.189542,100.000000,100.000000,0.000000,0.000000,2,4,4,0.0000,0.0000,0.0000,0.5000,"Accelerate",-0.009983
5226,A0100,pursuit_chase_v1,UNKNOWN,15181.627255,28535.815526,3864.184474,592.114026,-31454.255626,20073.850138,513.782610,31759.984084,48.468686,5840.239724,6.684096,0.031932,False,False,False,False,True,True,False,1-circle,-1.000000,5893.454746,-22252.659065,-1.105470,0.118073,100.000000,100.000000,0.000000,0.000000,2,4,4,0.0000,0.0000,0.0000,0.5000,"PursuitChaseOptimal",0.020325
5226,B0100,aggressive,UNKNOWN,15181.627255,28535.815526,3864.184474,592.114026,-31454.255626,20073.850138,513.782610,31759.984084,48.468686,5840.239724,6.684096,0.031932,False,False,False,False,True,True,False,1-circle,-1.000000,5893.454746,-22252.659065,-1.105470,0.118073,100.000000,100.000000,0.000000,0.000000,2,4,4,0.0000,0.0000,0.0000,0.5000,"Accelerate",-0.020306
5227,A0100,pursuit_chase_v1,UNKNOWN,15181.627255,28535.815526,3864.184474,592.114026,-31454.255626,20073.850138,513.782610,31759.984084,48.468686,5840.239724,6.684096,0.031932,False,False,False,False,True,True,False,1-circle,-1.000000,5893.454746,-22252.659065,-1.105470,0.118073,100.000000,100.000000,0.000000,0.000000,2,4,4,0.0000,0.0000,0.0000,0.5000,"PursuitChaseOptimal",0.021403
5227,B0100,aggressive,UNKNOWN,15181.627255,28535.815526,3864.184474,592.114026,-31454.255626,20073.850138,513.782610,31759.984084,48.468686,5840.239724,6.684096,0.031932,False,False,False,False,True,True,False,1-circle,-1.000000,5893.454746,-22252.659065,-1.105470,0.118073,100.000000,100.000000,0.000000,0.000000,2,4,4,0.0000,0.0000,0.0000,0.5000,"Accelerate",-0.020800
5228,A0100,pursuit_chase_v1,UNKNOWN,15181.098823,28538.079053,3861.920947,590.976103,-31457.249146,20074.562234,513.806891,31761.800756,36.333452,5827.184110,6.508019,0.018543,False,False,False,False,True,True,False,1-circle,-1.000000,5895.228266,-22173.235942,-0.642016,-0.052786,100.000000,100.000000,0.000000,0.000000,2,4,4,0.0000,0.0000,0.0000,0.5000,"PursuitChaseOptimal",0.004808
5228,B0100,aggressive,UNKNOWN,15181.098823,28538.079053,3861.920947,590.976103,-31457.249146,20074.562234,513.806891,31761.800756,36.333452,5827.184110,6.508019,0.018543,False,False,False,False,True,True,False,1-circle,-1.000000,5895.228266,-22173.235942,-0.642016,-0.052786,100.000000,100.000000,0.000000,0.000000,2,4,4,0.0000,0.0000,0.0000,0.5000,"Accelerate",-0.004322
5229,A0100,pursuit_chase_v1,UNKNOWN,15181.098823,28538.079053,3861.920947,590.976103,-31457.249146,20074.562234,513.806891,31761.800756,36.333452,5827.184110,6.508019,0.018543,False,False,False,False,True,True,False,1-circle,-1.000000,5895.228266,-22173.235942,-0.642016,-0.052786,100.000000,100.000000,0.000000,0.000000,2,4,4,0.0000,0.0000,0.0000,0.5000,"PursuitChaseOptimal",-0.006640
5229,B0100,aggressive,UNKNOWN,15181.098823,28538.079053,3861.920947,590.976103,-31457.249146,20074.562234,513.806891,31761.800756,36.333452,5827.184110,6.508019,0.018543,False,False,False,False,True,True,False,1-circle,-1.000000,5895.228266,-22173.235942,-0.642016,-0.052786,100.000000,100.000000,0.000000,0.000000,2,4,4,0.0000,0.0000,0.0000,0.5000,"Accelerate",0.006298
5230,A0100,pursuit_chase_v1,UNKNOWN,15180.531316,28540.018458,3859.981542,589.653590,-31462.075573,20075.351064,513.800397,31762.294149,9.867856,5824.617190,6.513158,0.055667,False,False,False,False,True,True,False,1-circle,-1.000000,5896.824944,-22408.380506,-1.926763,-0.037184,100.000000,100.000000,0.000000,0.000000,2,4,4,0.0000,0.0000,0.0000,0.5000,"PursuitChaseOptimal",-0.017508
5230,B0100,aggressive,UNKNOWN,15180.531316,28540.018458,3859.981542,589.653590,-31462.075573,20075.351064,513.800397,31762.294149,9.867856,5824.617190,6.513158,0.055667,False,False,False,False,True,True,False,1-circle,-1.000000,5896.824944,-22408.380506,-1.926763,-0.037184,100.000000,100.000000,0.000000,0.000000,2,4,4,0.0000,0.0000,0.0000,0.5000,"Accelerate",0.016824
5231,A0100,pursuit_chase_v1,UNKNOWN,15180.531316,28540.018458,3859.981542,589.653590,-31462.075573,20075.351064,513.800397,31762.294149,9.867856,5824.617190,6.513158,0.055667,False,False,False,False,True,True,False,1-circle,-1.000000,5896.824944,-22408.380506,-1.926763,-0.037184,100.000000,100.000000,0.000000,0.000000,2,4,4,0.0000,0.0000,0.0000,0.5000,"PursuitChaseOptimal",-0.015379
5231,B0100,aggressive,UNKNOWN,15180.531316,28540.018458,3859.981542,589.653590,-31462.075573,20075.351064,513.800397,31762.294149,9.867856,5824.617190,6.513158,0.055667,False,False,False,False,True,True,False,1-circle,-1.000000,5896.824944,-22408.380506,-1.926763,-0.037184,100.000000,100.000000,0.000000,0.000000,2,4,4,0.0000,0.0000,0.0000,0.5000,"Accelerate",0.015001
5232,A0100,pursuit_chase_v1,UNKNOWN,15179.987387,28531.028502,3868.971498,596.794159,-31466.847459,20076.056047,513.924711,31768.655146,127.219934,5834.631370,6.834573,0.018602,False,False,False,False,True,True,False,1-circle,-1.000000,5898.584652,-21949.619354,0.644211,-0.230864,100.000000,100.000000,0.000000,0.000000,2,4,4,0.0000,0.0000,0.0000,0.5000,"PursuitChaseOptimal",-0.020319
5232,B0100,aggressive,UNKNOWN,15179.987387,28531.028502,3868.971498,596.794159,-31466.847459,20076.056047,513.924711,31768.655146,127.219934,5834.631370,6.834573,0.018602,False,False,False,False,True,True,False,1-circle,-1.000000,5898.584652,-21949.619354,0.644211,-0.230864,100.000000,100.000000,0.000000,0.000000,2,4,4,0.0000,0.0000,0.0000,0.5000,"Accelerate",0.020580
5233,A0100,pursuit_chase_v1,UNKNOWN,15179.987387,28531.028502,3868.971498,596.794159,-31466.847459,20076.056047,513.924711,31768.655146,127.219934,5834.631370,6.834573,0.018602,False,False,False,False,True,True,False,1-circle,-1.000000,5898.584652,-21949.619354,0.644211,-0.230864,100.000000,100.000000,0.000000,0.000000,2,4,4,0.0000,0.0000,0.0000,0.5000,"PursuitChaseOptimal",-0.015255
5233,B0100,aggressive,UNKNOWN,15179.987387,28531.028502,3868.971498,596.794159,-31466.847459,20076.056047,513.924711,31768.655146,127.219934,5834.631370,6.834573,0.018602,False,False,False,False,True,True,False,1-circle,-1.000000,5898.584652,-21949.619354,0.644211,-0.230864,100.000000,100.000000,0.000000,0.000000,2,4,4,0.0000,0.0000,0.0000,0.5000,"Accelerate",0.015638
5234,A0100,pursuit_chase_v1,UNKNOWN,15179.442302,28539.141918,3860.858082,598.815189,-31468.300992,20076.775868,513.859948,31766.428219,-44.538531,5830.239453,6.990421,0.051590,False,False,False,False,True,True,False,1-circle,-1.000000,5900.465599,-22391.172197,-1.785953,-0.015695,100.000000,100.000000,0.000000,0.000000,2,4,4,0.0000,0.0000,0.0000,0.5000,"PursuitChaseOptimal",0.000737
5234,B0100,aggressive,UNKNOWN,15179.442302,28539.141918,3860.858082,598.815189,-31468.300992,20076.775868,513.859948,31766.428219,-44.538531,5830.239453,6.990421,0.051590,False,False,False,False,True,True,False,1-circle,-1.000000,5900.465599,-22391.172197,-1.785953,-0.015695,100.000000,100.000000,0.000000,0.000000,2,4,4,0.0000,0.0000,0.0000,0.5000,"Accelerate",-0.000752
5235,A0100,pursuit_chase_v1,UNKNOWN,15179.442302,28539.141918,3860.858082,598.815189,-31468.300992,20076.775868,513.859948,31766.428219,-44.538531,5830.239453,6.990421,0.051590,False,False,False,False,True,True,False,1-circle,-1.000000,5900.465599,-22391.172197,-1.785953,-0.015695,100.000000,100.000000,0.000000,0.000000,2,4,4,0.0000,0.0000,0.0000,0.5000,"PursuitChaseOptimal",0.012590
5235,B0100,aggressive,UNKNOWN,15179.442302,28539.141918,3860.858082,598.815189,-31468.300992,20076.775868,513.859948,31766.428219,-44.538531,5830.239453,6.990421,0.051590,False,False,False,False,True,True,False,1-circle,-1.000000,5900.465599,-22391.172197,-1.785953,-0.015695,100.000000,100.000000,0.000000,0.000000,2,4,4,0.0000,0.0000,0.0000,0.5000,"Accelerate",-0.012663
5236,A0100,pursuit_chase_v1,UNKNOWN,15178.888770,28538.208654,3861.791346,595.270542,-31475.656041,20077.542263,513.945352,31771.080619,93.047994,5824.706618,6.988437,0.007106,False,False,False,False,True,True,False,1-circle,-1.000000,5902.342094,-22118.117743,-0.246108,0.102076,100.000000,100.000000,0.000000,0.000000,2,4,4,0.0000,0.0000,0.0000,0.5000,"PursuitChaseOptimal",0.017615
5236,B0100,aggressive,UNKNOWN,15178.888770,28538.208654,3861.791346,595.270542,-31475.656041,20077.542263,513.945352,31771.080619,93.047994,5824.706618,6.988437,0.007106,False,False,False,False,True,True,False,1-circle,-1.000000,5902.342094,-22118.117743,-0.246108,0.102076,100.000000,100.000000,0.000000,0.000000,2,4,4,0.0000,0.0000,0.0000,0.5000,"Accelerate",-0.017091
5237,A0100,pursuit_chase_v1,UNKNOWN,15178.888770,28538.208654,3861.791346,595.270542,-31475.656041,20077.542263,513.945352,31771.080619,93.047994,5824.706618,6.988437,0.007106,False,False,False,False,True,True,False,1-circle,-1.000000,5902.342094,-22118.117743,-0.246108,0.102076,100.000000,100.000000,0.000000,0.000000,2,4,4,0.0000,0.0000,0.0000,0.5000,"PursuitChaseOptimal",0.005979
5237,B0100,aggressive,UNKNOWN,15178.888770,28538.208654,3861.791346,595.270542,-31475.656041,20077.542263,513.945352,31771.080619,93.047994,5824.706618,6.988437,0.007106,False,False,False,False,True,True,False,1-circle,-1.000000,5902.342094,-22118.117743,-0.246108,0.102076,100.000000,100.000000,0.000000,0.000000,2,4,4,0.0000,0.0000,0.0000,0.5000,"Accelerate",-0.005501
5238,A0100,pursuit_chase_v1,UNKNOWN,15178.289448,28545.638328,3854.361672,595.612616,-31475.973614,20078.345461,513.875397,31768.700724,-47.597892,5809.958846,6.856656,0.075188,False,False,False,False,True,True,False,1-circle,-1.000000,5904.067982,-22546.219586,-2.602082,-0.057183,100.000000,100.000000,0.000000,0.000000,2,4,4,0.0000,0.0000,0.0000,0.5000,"PursuitChaseOptimal",-0.007342
5238,B0100,aggressive,UNKNOWN,15178.289448,28545.638328,3854.361672,595.612616,-31475.973614,20078.345461,513.875397,31768.700724,-47.597892,5809.958846,6.856656,0.075188,False,False,False,False,True,True,False,1-circle,-1.000000,5904.067982,-22546.219586,-2.602082,-0.057183,100.000000,100.000000,0.000000,0.000000,2,4,4,0.0000,0.0000,0.0000,0.5000,"Accelerate",0.007009
5239,A0100,pursuit_chase_v1,UNKNOWN,15178.289448,28545.638328,3854.361672,595.612616,-31475.973614,20078.345461,513.875397,31768.700724,-47.597892,5809.958846,6.856656,0.075188,False,False,False,False,True,True,False,1-circle,-1.000000,5904.067982,-22546.219586,-2.602082,-0.057183,100.000000,100.000000,0.000000,0.000000,2,4,4,0.0000,0.0000,0.0000,0.5000,"PursuitChaseOptimal",-0.014877
5239,B0100,aggressive,UNKNOWN,15178.289448,28545.638328,3854.361672,595.612616,-31475.973614,20078.345461,513.875397,31768.700724,-47.597892,5809.958846,6.856656,0.075188,False,False,False,False,True,True,False,1-circle,-1.000000,5904.067982,-22546.219586,-2.602082,-0.057183,100.000000,100.000000,0.000000,0.000000,2,4,4,0.0000,0.0000,0.0000,0.5000,"Accelerate",0.014246
5240,A0100,pursuit_chase_v1,UNKNOWN,15177.689333,28536.668803,3863.331197,598.037618,-31481.488749,20079.154349,514.007088,31775.502136,136.028228,5823.728897,7.018361,0.023092,False,False,False,False,True,True,False,1-circle,-1.000000,5905.785622,-22225.839893,-0.799844,-0.104403,100.000000,100.000000,0.000000,0.000000,2,4,4,0.0000,0.0000,0.0000,0.5000,"PursuitChaseOptimal",-0.009674
5240,B0100,aggressive,UNKNOWN,15177.689333,28536.668803,3863.331197,598.037618,-31481.488749,20079.154349,514.007088,31775.502136,136.028228,5823.728897,7.018361,0.023092,False,False,False,False,True,True,False,1-circle,-1.000000,5905.785622,-22225.839893,-0.799844,-0.104403,100.000000,100.000000,0.000000,0.000000,2,4,4,0.0000,0.0000,0.0000,0.5000,"Accelerate",0.009253
5241,A0100,pursuit_chase_v1,UNKNOWN,15177.689333,28536.668803,3863.331197,598.037618,-31481.488749,20079.154349,514.007088,31775.502136,136.028228,5823.728897,7.018361,0.023092,False,False,False,False,True,True,False,1-circle,-1.000000,5905.785622,-22225.839893,-0.799844,-0.104403,100.000000,100.000000,0.000000,0.000000,2,4,4,0.0000,0.0000,0.0000,0.5000,"PursuitChaseOptimal",-0.002988
5241,B0100,aggressive,UNKNOWN,15177.689333,28536.668803,3863.331197,598.037618,-31481.488749,20079.154349,514.007088,31775.502136,136.028228,5823.728897,7.018361,0.023092,False,False,False,False,True,True,False,1-circle,-1.000000,5905.785622,-22225.839893,-0.799844,-0.104403,100.000000,100.000000,0.000000,0.000000,2,4,4,0.0000,0.0000,0.0000,0.5000,"Accelerate",0.003108
5242,A0100,pursuit_chase_v1,UNKNOWN,15177.120725,28533.383971,3866.616029,599.901167,-31485.363110,20079.866747,514.021574,31776.873817,27.433625,5825.704689,7.157193,0.014122,False,False,False,False,True,True,False,1-circle,-1.000000,5907.678486,-22174.077692,-0.489179,-0.318196,100.000000,100.000000,0.000000,0.000000,2,4,4,0.0000,0.0000,0.0000,0.5000,"PursuitChaseOptimal",0.009279
5242,B0100,aggressive,UNKNOWN,15177.120725,28533.383971,3866.616029,599.901167,-31485.363110,20079.866747,514.021574,31776.873817,27.433625,5825.704689,7.157193,0.014122,False,False,False,False,True,True,False,1-circle,-1.000000,5907.678486,-22174.077692,-0.489179,-0.318196,100.000000,100.000000,0.000000,0.000000,2,4,4,0.0000,0.0000,0.0000,0.5000,"Accelerate",-0.008922
5243,A0100,pursuit_chase_v1,UNKNOWN,15177.120725,28533.383971,3866.616029,599.901167,-31485.363110,20079.866747,514.021574,31776.873817,27.433625,5825.704689,7.157193,0.014122,False,False,False,False,True,True,False,1-circle,-1.000000,5907.678486,-22174.077692,-0.489179,-0.318196,100.000000,100.000000,0.000000,0.000000,2,4,4,0.0000,0.0000,0.0000,0.5000,"PursuitChaseOptimal",0.022785
5243,B0100,aggressive,UNKNOWN,15177.120725,28533.383971,3866.616029,599.901167,-31485.363110,20079.866747,514.021574,31776.873817,27.433625,5825.704689,7.157193,0.014122,False,False,False,False,True,True,False,1-circle,-1.000000,5907.678486,-22174.077692,-0.489179,-0.318196,100.000000,100.000000,0.000000,0.000000,2,4,4,0.0000,0.0000,0.0000,0.5000,"Accelerate",-0.022920
5244,A0100,pursuit_chase_v1,UNKNOWN,15176.518189,28533.419898,3866.580102,596.585685,-31490.333462,20080.606274,513.998584,31776.567048,-6.135380,5811.414355,7.118481,0.051438,False,False,False,False,True,True,False,1-circle,-1.000000,5909.503947,-22410.765825,-1.781219,-0.106962,100.000000,100.000000,0.000000,0.000000,2,4,4,0.0000,0.0000,0.0000,0.5000,"PursuitChaseOptimal",0.026634
5244,B0100,aggressive,UNKNOWN,15176.518189,28533.419898,3866.580102,596.585685,-31490.333462,20080.606274,513.998584,31776.567048,-6.135380,5811.414355,7.118481,0.051438,False,False,False,False,True,True,False,1-circle,-1.000000,5909.503947,-22410.765825,-1.781219,-0.106962,100.000000,100.000000,0.000000,0.000000,2,4,4,0.0000,0.0000,0.0000,0.5000,"Accelerate",-0.026974
5245,A0100,pursuit_chase_v1,UNKNOWN,15176.518189,28533.419898,3866.580102,596.585685,-31490.333462,20080.606274,513.998584,31776.567048,-6.135380,5811.414355,7.118481,0.051438,False,False,False,False,True,True,False,1-circle,-1.000000,5909.503947,-22410.765825,-1.781219,-0.106962,100.000000,100.000000,0.000000,0.000000,2,4,4,0.0000,0.0000,0.0000,0.5000,"PursuitChaseOptimal",0.013400
5245,B0100,aggressive,UNKNOWN,15176.518189,28533.419898,3866.580102,596.585685,-31490.333462,20080.606274,513.998584,31776.567048,-6.135380,5811.414355,7.118481,0.051438,False,False,False,False,True,True,False,1-circle,-1.000000,5909.503947,-22410.765825,-1.781219,-0.106962,100.000000,100.000000,0.000000,0.000000,2,4,4,0.0000,0.0000,0.0000,0.5000,"Accelerate",-0.013515
5246,A0100,pursuit_chase_v1,UNKNOWN,15175.885051,28524.257453,3875.742547,595.619112,-31495.151095,20081.254832,514.106399,31782.122737,111.113779,5807.941870,7.059750,0.022881,False,False,False,False,True,True,False,1-circle,-1.000000,5911.231771,-21951.515696,0.792718,-0.226376,100.000000,100.000000,0.000000,0.000000,2,4,4,0.0000,0.0000,0.0000,0.5000,"PursuitChaseOptimal",-0.001189
5246,B0100,aggressive,UNKNOWN,15175.885051,28524.257453,3875.742547,595.619112,-31495.151095,20081.254832,514.106399,31782.122737,111.113779,5807.941870,7.059750,0.022881,False,False,False,False,True,True,False,1-circle,-1.000000,5911.231771,-21951.515696,0.792718,-0.226376,100.000000,100.000000,0.000000,0.000000,2,4,4,0.0000,0.0000,0.0000,0.5000,"Accelerate",0.001590
5247,A0100,pursuit_chase_v1,UNKNOWN,15175.885051,28524.257453,3875.742547,595.619112,-31495.151095,20081.254832,514.106399,31782.122737,111.113779,5807.941870,7.059750,0.022881,False,False,False,False,True,True,False,1-circle,-1.000000,5911.231771,-21951.515696,0.792718,-0.226376,100.000000,100.000000,0.000000,0.000000,2,4,4,0.0000,0.0000,0.0000,0.5000,"PursuitChaseOptimal",-0.010369
5247,B0100,aggressive,UNKNOWN,15175.885051,28524.257453,3875.742547,595.619112,-31495.151095,20081.254832,514.106399,31782.122737,111.113779,5807.941870,7.059750,0.022881,False,False,False,False,True,True,False,1-circle,-1.000000,5911.231771,-21951.515696,0.792718,-0.226376,100.000000,100.000000,0.000000,0.000000,2,4,4,0.0000,0.0000,0.0000,0.5000,"Accelerate",0.010761
5248,A0100,pursuit_chase_v1,UNKNOWN,15175.240948,28532.499258,3867.500742,597.173190,-31495.629908,20081.920811,514.031748,31779.390938,-54.635978,5806.519865,6.972585,0.048033,False,False,False,False,True,True,False,1-circle,-1.000000,5912.884517,-22397.647181,-1.663531,-0.050790,100.000000,100.000000,0.000000,0.000000,2,4,4,0.0000,0.0000,0.0000,0.5000,"PursuitChaseOptimal",-0.009247
5248,B0100,aggressive,UNKNOWN,15175.240948,28532.499258,3867.500742,597.173190,-31495.629908,20081.920811,514.031748,31779.390938,-54.635978,5806.519865,6.972585,0.048033,False,False,False,False,True,True,False,1-circle,-1.000000,5912.884517,-22397.647181,-1.663531,-0.050790,100.000000,100.000000,0.000000,0.000000,2,4,4,0.0000,0.0000,0.0000,0.5000,"Accelerate",0.009120
5249,A0100,pursuit_chase_v1,UNKNOWN,15175.240948,28532.499258,3867.500742,597.173190,-31495.629908,20081.920811,514.031748,31779.390938,-54.635978,5806.519865,6.972585,0.048033,False,False,False,False,True,True,False,1-circle,-1.000000,5912.884517,-22397.647181,-1.663531,-0.050790,100.000000,100.000000,0.000000,0.000000,2,4,4,0.0000,0.0000,0.0000,0.5000,"PursuitChaseOptimal",-0.006769
5249,B0100,aggressive,UNKNOWN,15175.240948,28532.499258,3867.500742,597.173190,-31495.629908,20081.920811,514.031748,31779.390938,-54.635978,5806.519865,6.972585,0.048033,False,False,False,False,True,True,False,1-circle,-1.000000,5912.884517,-22397.647181,-1.663531,-0.050790,100.000000,100.000000,0.000000,0.000000,2,4,4,0.0000,0.0000,0.0000,0.5000,"Accelerate",0.006561
5250,A0100,pursuit_chase_v1,UNKNOWN,15174.605370,28531.966115,3868.033885,594.027651,-31504.602776,20082.634380,514.114947,31783.891423,90.009691,5811.547616,7.027129,0.003815,False,False,False,False,True,True,False,1-circle,-1.000000,5914.552640,-22126.020739,-0.132169,0.071485,100.000000,100.000000,0.000000,0.000000,2,4,4,0.0000,0.0000,0.0000,0.5000,"PursuitChaseOptimal",0.007927
5250,B0100,aggressive,UNKNOWN,15174.605370,28531.966115,3868.033885,594.027651,-31504.602776,20082.634380,514.114947,31783.891423,90.009691,5811.547616,7.027129,0.003815,False,False,False,False,True,True,False,1-circle,-1.000000,5914.552640,-22126.020739,-0.132169,0.071485,100.000000,100.000000,0.000000,0.000000,2,4,4,0.0000,0.0000,0.0000,0.5000,"Accelerate",-0.007454
5251,A0100,pursuit_chase_v1,UNKNOWN,15174.605370,28531.966115,3868.033885,594.027651,-31504.602776,20082.634380,514.114947,31783.891423,90.009691,5811.547616,7.027129,0.003815,False,False,False,False,True,True,False,1-circle,-1.000000,5914.552640,-22126.020739,-0.132169,0.071485,100.000000,100.000000,0.000000,0.000000,2,4,4,0.0000,0.0000,0.0000,0.5000,"PursuitChaseOptimal",0.018805
5251,B0100,aggressive,UNKNOWN,15174.605370,28531.966115,3868.033885,594.027651,-31504.602776,20082.634380,514.114947,31783.891423,90.009691,5811.547616,7.027129,0.003815,False,False,False,False,True,True,False,1-circle,-1.000000,5914.552640,-22126.020739,-0.132169,0.071485,100.000000,100.000000,0.000000,0.000000,2,4,4,0.0000,0.0000,0.0000,0.5000,"Accelerate",-0.018205
5252,A0100,pursuit_chase_v1,UNKNOWN,15173.953872,28539.499106,3860.500894,593.900563,-31505.067110,20083.384910,514.043754,31781.401433,-49.799783,5794.239306,6.903656,0.070790,False,False,False,False,True,True,False,1-circle,-1.000000,5916.162856,-22547.383554,-2.450952,-0.088028,100.000000,100.000000,0.000000,0.000000,2,4,4,0.0000,0.0000,0.0000,0.5000,"PursuitChaseOptimal",0.023097
5252,B0100,aggressive,UNKNOWN,15173.953872,28539.499106,3860.500894,593.900563,-31505.067110,20083.384910,514.043754,31781.401433,-49.799783,5794.239306,6.903656,0.070790,False,False,False,False,True,True,False,1-circle,-1.000000,5916.162856,-22547.383554,-2.450952,-0.088028,100.000000,100.000000,0.000000,0.000000,2,4,4,0.0000,0.0000,0.0000,0.5000,"Accelerate",-0.023147
5253,A0100,pursuit_chase_v1,UNKNOWN,15173.953872,28539.499106,3860.500894,593.900563,-31505.067110,20083.384910,514.043754,31781.401433,-49.799783,5794.239306,6.903656,0.070790,False,False,False,False,True,True,False,1-circle,-1.000000,5916.162856,-22547.383554,-2.450952,-0.088028,100.000000,100.000000,0.000000,0.000000,2,4,4,0.0000,0.0000,0.0000,0.5000,"PursuitChaseOptimal",0.010185
5253,B0100,aggressive,UNKNOWN,15173.953872,28539.499106,3860.500894,593.900563,-31505.067110,20083.384910,514.043754,31781.401433,-49.799783,5794.239306,6.903656,0.070790,False,False,False,False,True,True,False,1-circle,-1.000000,5916.162856,-22547.383554,-2.450952,-0.088028,100.000000,100.000000,0.000000,0.000000,2,4,4,0.0000,0.0000,0.0000,0.5000,"Accelerate",-0.010615
5254,A0100,pursuit_chase_v1,UNKNOWN,15173.254380,28530.594736,3869.405264,592.721298,-31510.856768,20084.140739,514.174027,31788.087241,133.716150,5791.613648,6.880117,0.019193,False,False,False,False,True,True,False,1-circle,-1.000000,5917.609557,-22229.800449,-0.665061,-0.137125,100.000000,100.000000,0.000000,0.000000,2,4,4,0.0000,0.0000,0.0000,0.5000,"PursuitChaseOptimal",-0.003580
5254,B0100,aggressive,UNKNOWN,15173.254380,28530.594736,3869.405264,592.721298,-31510.856768,20084.140739,514.174027,31788.087241,133.716150,5791.613648,6.880117,0.019193,False,False,False,False,True,True,False,1-circle,-1.000000,5917.609557,-22229.800449,-0.665061,-0.137125,100.000000,100.000000,0.000000,0.000000,2,4,4,0.0000,0.0000,0.0000,0.5000,"Accelerate",0.003263
5255,A0100,pursuit_chase_v1,UNKNOWN,15173.254380,28530.594736,3869.405264,592.721298,-31510.856768,20084.140739,514.174027,31788.087241,133.716150,5791.613648,6.880117,0.019193,False,False,False,False,True,True,False,1-circle,-1.000000,5917.609557,-22229.800449,-0.665061,-0.137125,100.000000,100.000000,0.000000,0.000000,2,4,4,0.0000,0.0000,0.0000,0.5000,"PursuitChaseOptimal",-0.012509
5255,B0100,aggressive,UNKNOWN,15173.254380,28530.594736,3869.405264,592.721298,-31510.856768,20084.140739,514.174027,31788.087241,133.716150,5791.613648,6.880117,0.019193,False,False,False,False,True,True,False,1-circle,-1.000000,5917.609557,-22229.800449,-0.665061,-0.137125,100.000000,100.000000,0.000000,0.000000,2,4,4,0.0000,0.0000,0.0000,0.5000,"Accelerate",0.012754
5256,A0100,pursuit_chase_v1,UNKNOWN,15172.565616,28531.558313,3868.441687,593.055915,-31514.978325,20084.816872,514.146916,31787.529166,-11.161494,5793.054151,6.955546,0.010825,False,False,False,False,True,True,False,1-circle,-1.000000,5919.101777,-22181.514040,-0.375093,-0.193706,100.000000,100.000000,0.000000,0.000000,2,4,4,0.0000,0.0000,0.0000,0.5000,"PursuitChaseOptimal",-0.006144
5256,B0100,aggressive,UNKNOWN,15172.565616,28531.558313,3868.441687,593.055915,-31514.978325,20084.816872,514.146916,31787.529166,-11.161494,5793.054151,6.955546,0.010825,False,False,False,False,True,True,False,1-circle,-1.000000,5919.101777,-22181.514040,-0.375093,-0.193706,100.000000,100.000000,0.000000,0.000000,2,4,4,0.0000,0.0000,0.0000,0.5000,"Accelerate",0.006456
5257,A0100,pursuit_chase_v1,UNKNOWN,15172.565616,28531.558313,3868.441687,593.055915,-31514.978325,20084.816872,514.146916,31787.529166,-11.161494,5793.054151,6.955546,0.010825,False,False,False,False,True,True,False,1-circle,-1.000000,5919.101777,-22181.514040,-0.375093,-0.193706,100.000000,100.000000,0.000000,0.000000,2,4,4,0.0000,0.0000,0.0000,0.5000,"PursuitChaseOptimal",0.008043
5257,B0100,aggressive,UNKNOWN,15172.565616,28531.558313,3868.441687,593.055915,-31514.978325,20084.816872,514.146916,31787.529166,-11.161494,5793.054151,6.955546,0.010825,False,False,False,False,True,True,False,1-circle,-1.000000,5919.101777,-22181.514040,-0.375093,-0.193706,100.000000,100.000000,0.000000,0.000000,2,4,4,0.0000,0.0000,0.0000,0.5000,"Accelerate",-0.008224
5258,A0100,pursuit_chase_v1,UNKNOWN,15171.865629,28533.073036,3866.926964,590.001084,-31520.281481,20085.555103,514.144902,31788.175707,12.930815,5789.217952,6.953124,0.048563,False,False,False,False,True,True,False,1-circle,-1.000000,5920.579642,-22420.709177,-1.682276,-0.001128,100.000000,100.000000,0.000000,0.000000,2,4,4,0.0000,0.0000,0.0000,0.5000,"PursuitChaseOptimal",0.018841
5258,B0100,aggressive,UNKNOWN,15171.865629,28533.073036,3866.926964,590.001084,-31520.281481,20085.555103,514.144902,31788.175707,12.930815,5789.217952,6.953124,0.048563,False,False,False,False,True,True,False,1-circle,-1.000000,5920.579642,-22420.709177,-1.682276,-0.001128,100.000000,100.000000,0.000000,0.000000,2,4,4,0.0000,0.0000,0.0000,0.5000,"Accelerate",-0.019103
5259,A0100,pursuit_chase_v1,UNKNOWN,15171.865629,28533.073036,3866.926964,590.001084,-31520.281481,20085.555103,514.144902,31788.175707,12.930815,5789.217952,6.953124,0.048563,False,False,False,False,True,True,False,1-circle,-1.000000,5920.579642,-22420.709177,-1.682276,-0.001128,100.000000,100.000000,0.000000,0.000000,2,4,4,0.0000,0.0000,0.0000,0.5000,"PursuitChaseOptimal",0.022802
5259,B0100,aggressive,UNKNOWN,15171.865629,28533.073036,3866.926964,590.001084,-31520.281481,20085.555103,514.144902,31788.175707,12.930815,5789.217952,6.953124,0.048563,False,False,False,False,True,True,False,1-circle,-1.000000,5920.579642,-22420.709177,-1.682276,-0.001128,100.000000,100.000000,0.000000,0.000000,2,4,4,0.0000,0.0000,0.0000,0.5000,"Accelerate",-0.022750
5260,A0100,pursuit_chase_v1,UNKNOWN,15171.152229,28525.206012,3874.793988,589.802383,-31525.362757,20086.218397,514.271672,31794.610631,128.698483,5781.178458,6.926362,0.025291,False,False,False,False,True,True,False,1-circle,-1.000000,5922.024375,-21964.009363,0.876496,-0.234151,100.000000,100.000000,0.000000,0.000000,2,4,4,0.0000,0.0000,0.0000,0.5000,"PursuitChaseOptimal",0.010123
5260,B0100,aggressive,UNKNOWN,15171.152229,28525.206012,3874.793988,589.802383,-31525.362757,20086.218397,514.271672,31794.610631,128.698483,5781.178458,6.926362,0.025291,False,False,False,False,True,True,False,1-circle,-1.000000,5922.024375,-21964.009363,0.876496,-0.234151,100.000000,100.000000,0.000000,0.000000,2,4,4,0.0000,0.0000,0.0000,0.5000,"Accelerate",-0.009576
5261,A0100,pursuit_chase_v1,UNKNOWN,15171.152229,28525.206012,3874.793988,589.802383,-31525.362757,20086.218397,514.271672,31794.610631,128.698483,5781.178458,6.926362,0.025291,False,False,False,False,True,True,False,1-circle,-1.000000,5922.024375,-21964.009363,0.876496,-0.234151,100.000000,100.000000,0.000000,0.000000,2,4,4,0.0000,0.0000,0.0000,0.5000,"PursuitChaseOptimal",-0.004050
5261,B0100,aggressive,UNKNOWN,15171.152229,28525.206012,3874.793988,589.802383,-31525.362757,20086.218397,514.271672,31794.610631,128.698483,5781.178458,6.926362,0.025291,False,False,False,False,True,True,False,1-circle,-1.000000,5922.024375,-21964.009363,0.876496,-0.234151,100.000000,100.000000,0.000000,0.000000,2,4,4,0.0000,0.0000,0.0000,0.5000,"Accelerate",0.004491
5262,A0100,pursuit_chase_v1,UNKNOWN,15170.402933,28533.933201,3866.066799,589.572116,-31526.050031,20086.903560,514.209078,31792.445818,-43.296263,5776.046502,6.742045,0.046125,False,False,False,False,True,True,False,1-circle,-1.000000,5923.324510,-22413.214522,-1.598061,-0.012167,100.000000,100.000000,0.000000,0.000000,2,4,4,0.0000,0.0000,0.0000,0.5000,"PursuitChaseOptimal",-0.012228
5262,B0100,aggressive,UNKNOWN,15170.402933,28533.933201,3866.066799,589.572116,-31526.050031,20086.903560,514.209078,31792.445818,-43.296263,5776.046502,6.742045,0.046125,False,False,False,False,True,True,False,1-circle,-1.000000,5923.324510,-22413.214522,-1.598061,-0.012167,100.000000,100.000000,0.000000,0.000000,2,4,4,0.0000,0.0000,0.0000,0.5000,"Accelerate",0.012033
5263,A0100,pursuit_chase_v1,UNKNOWN,15170.402933,28533.933201,3866.066799,589.572116,-31526.050031,20086.903560,514.209078,31792.445818,-43.296263,5776.046502,6.742045,0.046125,False,False,False,False,True,True,False,1-circle,-1.000000,5923.324510,-22413.214522,-1.598061,-0.012167,100.000000,100.000000,0.000000,0.000000,2,4,4,0.0000,0.0000,0.0000,0.5000,"PursuitChaseOptimal",-0.012566
5263,B0100,aggressive,UNKNOWN,15170.402933,28533.933201,3866.066799,589.572116,-31526.050031,20086.903560,514.209078,31792.445818,-43.296263,5776.046502,6.742045,0.046125,False,False,False,False,True,True,False,1-circle,-1.000000,5923.324510,-22413.214522,-1.598061,-0.012167,100.000000,100.000000,0.000000,0.000000,2,4,4,0.0000,0.0000,0.0000,0.5000,"Accelerate",0.012264
5264,A0100,pursuit_chase_v1,UNKNOWN,15169.667159,28533.950610,3866.049390,587.766150,-31535.198560,20087.640141,514.295627,31797.123146,93.546570,5784.247255,6.810235,0.002384,False,False,False,False,True,True,False,1-circle,-1.000000,5924.620701,-22144.216899,-0.082648,0.100580,100.000000,100.000000,0.000000,0.000000,2,4,4,0.0000,0.0000,0.0000,0.5000,"PursuitChaseOptimal",-0.013109
5264,B0100,aggressive,UNKNOWN,15169.667159,28533.950610,3866.049390,587.766150,-31535.198560,20087.640141,514.295627,31797.123146,93.546570,5784.247255,6.810235,0.002384,False,False,False,False,True,True,False,1-circle,-1.000000,5924.620701,-22144.216899,-0.082648,0.100580,100.000000,100.000000,0.000000,0.000000,2,4,4,0.0000,0.0000,0.0000,0.5000,"Accelerate",0.013365
5265,A0100,pursuit_chase_v1,UNKNOWN,15169.667159,28533.950610,3866.049390,587.766150,-31535.198560,20087.640141,514.295627,31797.123146,93.546570,5784.247255,6.810235,0.002384,False,False,False,False,True,True,False,1-circle,-1.000000,5924.620701,-22144.216899,-0.082648,0.100580,100.000000,100.000000,0.000000,0.000000,2,4,4,0.0000,0.0000,0.0000,0.5000,"PursuitChaseOptimal",-0.004494
5265,B0100,aggressive,UNKNOWN,15169.667159,28533.950610,3866.049390,587.766150,-31535.198560,20087.640141,514.295627,31797.123146,93.546570,5784.247255,6.810235,0.002384,False,False,False,False,True,True,False,1-circle,-1.000000,5924.620701,-22144.216899,-0.082648,0.100580,100.000000,100.000000,0.000000,0.000000,2,4,4,0.0000,0.0000,0.0000,0.5000,"Accelerate",0.004878
5266,A0100,pursuit_chase_v1,UNKNOWN,15168.937941,28541.908810,3858.091190,587.996392,-31535.810791,20088.417112,514.224135,31794.644892,-49.565084,5780.029767,6.818272,0.069903,False,False,False,False,True,True,False,1-circle,-1.000000,5925.966266,-22568.976389,-2.421212,-0.061541,100.000000,100.000000,0.000000,0.000000,2,4,4,0.0000,0.0000,0.0000,0.5000,"PursuitChaseOptimal",0.007926
5266,B0100,aggressive,UNKNOWN,15168.937941,28541.908810,3858.091190,587.996392,-31535.810791,20088.417112,514.224135,31794.644892,-49.565084,5780.029767,6.818272,0.069903,False,False,False,False,True,True,False,1-circle,-1.000000,5925.966266,-22568.976389,-2.421212,-0.061541,100.000000,100.000000,0.000000,0.000000,2,4,4,0.0000,0.0000,0.0000,0.5000,"Accelerate",-0.008117
5267,A0100,pursuit_chase_v1,UNKNOWN,15168.937941,28541.908810,3858.091190,587.996392,-31535.810791,20088.417112,514.224135,31794.644892,-49.565084,5780.029767,6.818272,0.069903,False,False,False,False,True,True,False,1-circle,-1.000000,5925.966266,-22568.976389,-2.421212,-0.061541,100.000000,100.000000,0.000000,0.000000,2,4,4,0.0000,0.0000,0.0000,0.5000,"PursuitChaseOptimal",0.021857
5267,B0100,aggressive,UNKNOWN,15168.937941,28541.908810,3858.091190,587.996392,-31535.810791,20088.417112,514.224135,31794.644892,-49.565084,5780.029767,6.818272,0.069903,False,False,False,False,True,True,False,1-circle,-1.000000,5925.966266,-22568.976389,-2.421212,-0.061541,100.000000,100.000000,0.000000,0.000000,2,4,4,0.0000,0.0000,0.0000,0.5000,"Accelerate",-0.022130
5268,A0100,pursuit_chase_v1,UNKNOWN,15168.193629,28533.234137,3866.765863,585.835138,-31541.695678,20089.201834,514.355597,31801.415809,135.418333,5775.988523,6.834757,0.018691,False,False,False,False,True,True,False,1-circle,-1.000000,5927.278383,-22253.571095,-0.647902,-0.108921,100.000000,100.000000,0.000000,0.000000,2,4,4,0.0000,0.0000,0.0000,0.5000,"PursuitChaseOptimal",0.035275
5268,B0100,aggressive,UNKNOWN,15168.193629,28533.234137,3866.765863,585.835138,-31541.695678,20089.201834,514.355597,31801.415809,135.418333,5775.988523,6.834757,0.018691,False,False,False,False,True,True,False,1-circle,-1.000000,5927.278383,-22253.571095,-0.647902,-0.108921,100.000000,100.000000,0.000000,0.000000,2,4,4,0.0000,0.0000,0.0000,0.5000,"Accelerate",-0.035054
5269,A0100,pursuit_chase_v1,UNKNOWN,15168.193629,28533.234137,3866.765863,585.835138,-31541.695678,20089.201834,514.355597,31801.415809,135.418333,5775.988523,6.834757,0.018691,False,False,False,False,True,True,False,1-circle,-1.000000,5927.278383,-22253.571095,-0.647902,-0.108921,100.000000,100.000000,0.000000,0.000000,2,4,4,0.0000,0.0000,0.0000,0.5000,"PursuitChaseOptimal",0.035501
5269,B0100,aggressive,UNKNOWN,15168.193629,28533.234137,3866.765863,585.835138,-31541.695678,20089.201834,514.355597,31801.415809,135.418333,5775.988523,6.834757,0.018691,False,False,False,False,True,True,False,1-circle,-1.000000,5927.278383,-22253.571095,-0.647902,-0.108921,100.000000,100.000000,0.000000,0.000000,2,4,4,0.0000,0.0000,0.0000,0.5000,"Accelerate",-0.034553
5270,A0100,pursuit_chase_v1,UNKNOWN,15167.409114,28534.561733,3865.438267,583.108179,-31545.898781,20089.909259,514.327479,31800.842737,-11.461437,5752.426085,6.599573,0.010708,False,False,False,False,True,True,False,1-circle,-1.000000,5928.442146,-22207.446809,-0.371175,-0.169148,100.000000,100.000000,0.000000,0.000000,2,4,4,0.0000,0.0000,0.0000,0.5000,"PursuitChaseOptimal",0.017456
5270,B0100,aggressive,UNKNOWN,15167.409114,28534.561733,3865.438267,583.108179,-31545.898781,20089.909259,514.327479,31800.842737,-11.461437,5752.426085,6.599573,0.010708,False,False,False,False,True,True,False,1-circle,-1.000000,5928.442146,-22207.446809,-0.371175,-0.169148,100.000000,100.000000,0.000000,0.000000,2,4,4,0.0000,0.0000,0.0000,0.5000,"Accelerate",-0.016780
5271,A0100,pursuit_chase_v1,UNKNOWN,15167.409114,28534.561733,3865.438267,583.108179,-31545.898781,20089.909259,514.327479,31800.842737,-11.461437,5752.426085,6.599573,0.010708,False,False,False,False,True,True,False,1-circle,-1.000000,5928.442146,-22207.446809,-0.371175,-0.169148,100.000000,100.000000,0.000000,0.000000,2,4,4,0.0000,0.0000,0.0000,0.5000,"PursuitChaseOptimal",0.004653
5271,B0100,aggressive,UNKNOWN,15167.409114,28534.561733,3865.438267,583.108179,-31545.898781,20089.909259,514.327479,31800.842737,-11.461437,5752.426085,6.599573,0.010708,False,False,False,False,True,True,False,1-circle,-1.000000,5928.442146,-22207.446809,-0.371175,-0.169148,100.000000,100.000000,0.000000,0.000000,2,4,4,0.0000,0.0000,0.0000,0.5000,"Accelerate",-0.004843
5272,A0100,pursuit_chase_v1,UNKNOWN,15166.563433,28536.468706,3863.531294,579.562750,-31551.294434,20090.680572,514.325146,31801.507824,13.301730,5741.873281,6.533936,0.048762,False,False,False,False,True,True,False,1-circle,-1.000000,5929.340227,-22448.308362,-1.689818,0.021691,100.000000,100.000000,0.000000,0.000000,2,4,4,0.0000,0.0000,0.0000,0.5000,"PursuitChaseOptimal",-0.009995
5272,B0100,aggressive,UNKNOWN,15166.563433,28536.468706,3863.531294,579.562750,-31551.294434,20090.680572,514.325146,31801.507824,13.301730,5741.873281,6.533936,0.048762,False,False,False,False,True,True,False,1-circle,-1.000000,5929.340227,-22448.308362,-1.689818,0.021691,100.000000,100.000000,0.000000,0.000000,2,4,4,0.0000,0.0000,0.0000,0.5000,"Accelerate",0.009330
5273,A0100,pursuit_chase_v1,UNKNOWN,15166.563433,28536.468706,3863.531294,579.562750,-31551.294434,20090.680572,514.325146,31801.507824,13.301730,5741.873281,6.533936,0.048762,False,False,False,False,True,True,False,1-circle,-1.000000,5929.340227,-22448.308362,-1.689818,0.021691,100.000000,100.000000,0.000000,0.000000,2,4,4,0.0000,0.0000,0.0000,0.5000,"PursuitChaseOptimal",-0.018232
5273,B0100,aggressive,UNKNOWN,15166.563433,28536.468706,3863.531294,579.562750,-31551.294434,20090.680572,514.325146,31801.507824,13.301730,5741.873281,6.533936,0.048762,False,False,False,False,True,True,False,1-circle,-1.000000,5929.340227,-22448.308362,-1.689818,0.021691,100.000000,100.000000,0.000000,0.000000,2,4,4,0.0000,0.0000,0.0000,0.5000,"Accelerate",0.017681
5274,A0100,pursuit_chase_v1,UNKNOWN,15165.722326,28528.876701,3871.123299,582.745711,-31556.450445,20091.377855,514.450739,31807.925131,128.346148,5748.421100,6.836818,0.024867,False,False,False,False,True,True,False,1-circle,-1.000000,5930.326891,-21992.526320,0.862150,-0.212731,100.000000,100.000000,0.000000,0.000000,0,0,0,0.0000,0.0000,0.0000,0.5000,"PursuitChaseOptimal",-0.023655
5274,B0100,aggressive,UNKNOWN,15165.722326,28528.876701,3871.123299,582.745711,-31556.450445,20091.377855,514.450739,31807.925131,128.346148,5748.421100,6.836818,0.024867,False,False,False,False,True,True,False,1-circle,-1.000000,5930.326891,-21992.526320,0.862150,-0.212731,100.000000,100.000000,0.000000,0.000000,2,4,4,0.0000,0.0000,0.0000,0.5000,"Accelerate",0.023687
5275,A0100,pursuit_chase_v1,UNKNOWN,15165.722326,28528.876701,3871.123299,582.745711,-31556.450445,20091.377855,514.450739,31807.925131,128.346148,5748.421100,6.836818,0.024867,False,False,False,False,True,True,False,1-circle,-1.000000,5930.326891,-21992.526320,0.862150,-0.212731,100.000000,100.000000,0.000000,0.000000,0,0,0,0.0000,0.0000,0.0000,0.5000,"PursuitChaseOptimal",-0.037131
5275,B0100,aggressive,UNKNOWN,15165.722326,28528.876701,3871.123299,582.745711,-31556.450445,20091.377855,514.450739,31807.925131,128.346148,5748.421100,6.836818,0.024867,False,False,False,False,True,True,False,1-circle,-1.000000,5930.326891,-21992.526320,0.862150,-0.212731,100.000000,100.000000,0.000000,0.000000,2,4,4,0.0000,0.0000,0.0000,0.5000,"Accelerate",0.037102
5276,A0100,pursuit_chase_v1,UNKNOWN,15164.881690,28537.765522,3862.234478,590.338421,-31557.201781,20092.097860,514.386539,31805.721014,-44.082340,5750.095824,7.097222,0.046879,False,False,False,False,True,True,False,1-circle,-1.000000,5931.454018,-22443.881949,-1.624809,0.008458,100.000000,100.000000,0.000000,0.000000,0,0,0,0.0000,0.0000,0.0000,0.5000,"PursuitChaseOptimal",-0.051039
5276,B0100,aggressive,UNKNOWN,15164.881690,28537.765522,3862.234478,590.338421,-31557.201781,20092.097860,514.386539,31805.721014,-44.082340,5750.095824,7.097222,0.046879,False,False,False,False,True,True,False,1-circle,-1.000000,5931.454018,-22443.881949,-1.624809,0.008458,100.000000,100.000000,0.000000,0.000000,2,4,4,0.0000,0.0000,0.0000,0.5000,"Accelerate",0.050421
5277,A0100,pursuit_chase_v1,UNKNOWN,15164.881690,28537.765522,3862.234478,590.338421,-31557.201781,20092.097860,514.386539,31805.721014,-44.082340,5750.095824,7.097222,0.046879,False,False,False,False,True,True,False,1-circle,-1.000000,5931.454018,-22443.881949,-1.624809,0.008458,100.000000,100.000000,0.000000,0.000000,0,0,0,0.0000,0.0000,0.0000,0.5000,"PursuitChaseOptimal",-0.071559
5277,B0100,aggressive,UNKNOWN,15164.881690,28537.765522,3862.234478,590.338421,-31557.201781,20092.097860,514.386539,31805.721014,-44.082340,5750.095824,7.097222,0.046879,False,False,False,False,True,True,False,1-circle,-1.000000,5931.454018,-22443.881949,-1.624809,0.008458,100.000000,100.000000,0.000000,0.000000,2,4,4,0.0000,0.0000,0.0000,0.5000,"Accelerate",0.070853
5278,A0100,pursuit_chase_v1,UNKNOWN,15164.131636,28537.672103,3862.327897,585.317626,-31566.392940,20092.869757,514.471810,31810.376818,93.116082,5810.003626,7.110883,0.003315,False,False,False,False,True,True,False,1-circle,-1.000000,5932.873420,-22175.994542,-0.114933,0.120491,100.000000,100.000000,0.000000,0.000000,2,0,4,0.0000,0.0000,0.0000,0.5000,"PursuitChaseOptimal",-0.088736
5278,B0100,aggressive,UNKNOWN,15164.131636,28537.672103,3862.327897,585.317626,-31566.392940,20092.869757,514.471810,31810.376818,93.116082,5810.003626,7.110883,0.003315,False,False,False,False,True,True,False,1-circle,-1.000000,5932.873420,-22175.994542,-0.114933,0.120491,100.000000,100.000000,0.000000,0.000000,2,4,4,0.0000,0.0000,0.0000,0.5000,"Accelerate",0.088880
5279,A0100,pursuit_chase_v1,UNKNOWN,15164.131636,28537.672103,3862.327897,585.317626,-31566.392940,20092.869757,514.471810,31810.376818,93.116082,5810.003626,7.110883,0.003315,False,False,False,False,True,True,False,1-circle,-1.000000,5932.873420,-22175.994542,-0.114933,0.120491,100.000000,100.000000,0.000000,0.000000,2,0,4,0.0000,0.0000,0.0000,0.5000,"PursuitChaseOptimal",-0.108063
5279,B0100,aggressive,UNKNOWN,15164.131636,28537.672103,3862.327897,585.317626,-31566.392940,20092.869757,514.471810,31810.376818,93.116082,5810.003626,7.110883,0.003315,False,False,False,False,True,True,False,1-circle,-1.000000,5932.873420,-22175.994542,-0.114933,0.120491,100.000000,100.000000,0.000000,0.000000,2,4,4,0.0000,0.0000,0.0000,0.5000,"Accelerate",0.108827
5280,A0100,pursuit_chase_v1,UNKNOWN,15163.563824,28545.285073,3854.714927,578.580353,-31566.877760,20093.682282,514.398588,31807.854208,-50.452205,5856.596761,7.704408,0.071134,False,False,False,False,True,True,False,1-circle,-1.000000,5934.874685,-22603.169515,-2.464708,-0.042063,100.000000,100.000000,0.000000,0.000000,2,4,4,0.0000,0.0000,0.0000,0.5000,"PursuitChaseOptimal",-0.123621
5280,B0100,aggressive,UNKNOWN,15163.563824,28545.285073,3854.714927,578.580353,-31566.877760,20093.682282,514.398588,31807.854208,-50.452205,5856.596761,7.704408,0.071134,False,False,False,False,True,True,False,1-circle,-1.000000,5934.874685,-22603.169515,-2.464708,-0.042063,100.000000,100.000000,0.000000,0.000000,2,4,4,0.0000,0.0000,0.0000,0.5000,"Accelerate",0.124615
5281,A0100,pursuit_chase_v1,UNKNOWN,15163.563824,28545.285073,3854.714927,578.580353,-31566.877760,20093.682282,514.398588,31807.854208,-50.452205,5856.596761,7.704408,0.071134,False,False,False,False,True,True,False,1-circle,-1.000000,5934.874685,-22603.169515,-2.464708,-0.042063,100.000000,100.000000,0.000000,0.000000,2,4,4,0.0000,0.0000,0.0000,0.5000,"PursuitChaseOptimal",-0.138036
5281,B0100,aggressive,UNKNOWN,15163.563824,28545.285073,3854.714927,578.580353,-31566.877760,20093.682282,514.398588,31807.854208,-50.452205,5856.596761,7.704408,0.071134,False,False,False,False,True,True,False,1-circle,-1.000000,5934.874685,-22603.169515,-2.464708,-0.042063,100.000000,100.000000,0.000000,0.000000,2,4,4,0.0000,0.0000,0.0000,0.5000,"Accelerate",0.140075
5282,A0100,pursuit_chase_v1,UNKNOWN,15163.169235,28535.623142,3864.376858,568.711604,-31572.314497,20094.502631,514.528653,31814.599149,134.898823,5907.513194,9.057357,0.020057,False,False,False,False,True,True,False,1-circle,-1.000000,5937.773511,-22289.380512,-0.695526,-0.089309,100.000000,100.000000,0.000000,0.000000,2,4,4,0.0000,0.0000,0.0000,0.5000,"PursuitChaseOptimal",-0.141379
5282,B0100,aggressive,UNKNOWN,15163.169235,28535.623142,3864.376858,568.711604,-31572.314497,20094.502631,514.528653,31814.599149,134.898823,5907.513194,9.057357,0.020057,False,False,False,False,True,True,False,1-circle,-1.000000,5937.773511,-22289.380512,-0.695526,-0.089309,100.000000,100.000000,0.000000,0.000000,2,4,4,0.0000,0.0000,0.0000,0.5000,"Accelerate",0.144948
5283,A0100,pursuit_chase_v1,UNKNOWN,15163.169235,28535.623142,3864.376858,568.711604,-31572.314497,20094.502631,514.528653,31814.599149,134.898823,5907.513194,9.057357,0.020057,False,False,False,False,True,True,False,1-circle,-1.000000,5937.773511,-22289.380512,-0.695526,-0.089309,100.000000,100.000000,0.000000,0.000000,2,4,4,0.0000,0.0000,0.0000,0.5000,"PursuitChaseOptimal",-0.132711
5283,B0100,aggressive,UNKNOWN,15163.169235,28535.623142,3864.376858,568.711604,-31572.314497,20094.502631,514.528653,31814.599149,134.898823,5907.513194,9.057357,0.020057,False,False,False,False,True,True,False,1-circle,-1.000000,5937.773511,-22289.380512,-0.695526,-0.089309,100.000000,100.000000,0.000000,0.000000,2,4,4,0.0000,0.0000,0.0000,0.5000,"Accelerate",0.137771
5284,A0100,pursuit_chase_v1,UNKNOWN,15162.957524,28530.957497,3869.042503,578.268545,-31575.496935,20095.227373,514.541473,31815.907906,26.175146,5937.894104,10.655393,0.012299,False,False,False,False,True,True,False,1-circle,-1.000000,5941.864276,-22246.196115,-0.426534,-0.305406,100.000000,100.000000,0.000000,0.000000,2,4,4,0.0000,0.0000,0.0000,0.5000,"PursuitChaseOptimal",-0.111042
5284,B0100,aggressive,UNKNOWN,15162.957524,28530.957497,3869.042503,578.268545,-31575.496935,20095.227373,514.541473,31815.907906,26.175146,5937.894104,10.655393,0.012299,False,False,False,False,True,True,False,1-circle,-1.000000,5941.864276,-22246.196115,-0.426534,-0.305406,100.000000,100.000000,0.000000,0.000000,2,4,4,0.0000,0.0000,0.0000,0.5000,"Accelerate",0.116416
5285,A0100,pursuit_chase_v1,UNKNOWN,15162.957524,28530.957497,3869.042503,578.268545,-31575.496935,20095.227373,514.541473,31815.907906,26.175146,5937.894104,10.655393,0.012299,False,False,False,False,True,True,False,1-circle,-1.000000,5941.864276,-22246.196115,-0.426534,-0.305406,100.000000,100.000000,0.000000,0.000000,2,4,4,0.0000,0.0000,0.0000,0.5000,"PursuitChaseOptimal",-0.080957
5285,B0100,aggressive,UNKNOWN,15162.957524,28530.957497,3869.042503,578.268545,-31575.496935,20095.227373,514.541473,31815.907906,26.175146,5937.894104,10.655393,0.012299,False,False,False,False,True,True,False,1-circle,-1.000000,5941.864276,-22246.196115,-0.426534,-0.305406,100.000000,100.000000,0.000000,0.000000,2,4,4,0.0000,0.0000,0.0000,0.5000,"Accelerate",0.084947
5286,A0100,pursuit_chase_v1,UNKNOWN,15162.873826,28528.896629,3871.103371,599.492189,-31579.281970,20095.979605,514.516791,31815.535711,-7.443905,5958.377942,11.729120,0.050680,False,False,False,False,True,True,True,1-circle,-1.000000,5946.899041,-22491.318667,-1.756968,-0.095017,100.000000,100.000000,0.000000,0.000000,2,4,4,0.0000,0.0000,0.0000,0.5000,"PursuitChaseOptimal",-0.044767
5286,B0100,aggressive,UNKNOWN,15162.873826,28528.896629,3871.103371,599.492189,-31579.281970,20095.979605,514.516791,31815.535711,-7.443905,5958.377942,11.729120,0.050680,False,False,False,False,True,True,True,1-circle,-1.000000,5946.899041,-22491.318667,-1.756968,-0.095017,100.000000,100.000000,0.000000,0.000000,2,4,4,0.0000,0.0000,0.0000,0.5000,"Accelerate",0.046822
5287,A0100,pursuit_chase_v1,UNKNOWN,15162.873826,28528.896629,3871.103371,599.492189,-31579.281970,20095.979605,514.516791,31815.535711,-7.443905,5958.377942,11.729120,0.050680,False,False,False,False,True,True,True,1-circle,-1.000000,5946.899041,-22491.318667,-1.756968,-0.095017,100.000000,100.000000,0.000000,0.000000,2,4,4,0.0000,0.0000,0.0000,0.5000,"PursuitChaseOptimal",-0.007378
5287,B0100,aggressive,UNKNOWN,15162.873826,28528.896629,3871.103371,599.492189,-31579.281970,20095.979605,514.516791,31815.535711,-7.443905,5958.377942,11.729120,0.050680,False,False,False,False,True,True,True,1-circle,-1.000000,5946.899041,-22491.318667,-1.756968,-0.095017,100.000000,100.000000,0.000000,0.000000,2,4,4,0.0000,0.0000,0.0000,0.5000,"Accelerate",0.007682
5288,A0100,pursuit_chase_v1,UNKNOWN,15162.849167,28517.174089,3882.825911,613.372858,-31582.585836,20096.640526,514.622828,31821.027715,109.840076,5957.658074,12.363431,0.022954,False,False,False,False,True,True,True,1-circle,-1.000000,5952.523213,-22037.699558,0.796108,-0.215598,100.000000,100.000000,0.000000,0.000000,2,4,4,0.0000,0.0000,0.0000,0.5000,"PursuitChaseOptimal",0.024284
5288,B0100,aggressive,UNKNOWN,15162.849167,28517.174089,3882.825911,613.372858,-31582.585836,20096.640526,514.622828,31821.027715,109.840076,5957.658074,12.363431,0.022954,False,False,False,False,True,True,True,1-circle,-1.000000,5952.523213,-22037.699558,0.796108,-0.215598,100.000000,100.000000,0.000000,0.000000,2,4,4,0.0000,0.0000,0.0000,0.5000,"Accelerate",-0.025149
5289,A0100,pursuit_chase_v1,UNKNOWN,15162.849167,28517.174089,3882.825911,613.372858,-31582.585836,20096.640526,514.622828,31821.027715,109.840076,5957.658074,12.363431,0.022954,False,False,False,False,True,True,True,1-circle,-1.000000,5952.523213,-22037.699558,0.796108,-0.215598,100.000000,100.000000,0.000000,0.000000,2,4,4,0.0000,0.0000,0.0000,0.5000,"PursuitChaseOptimal",0.036178
5289,B0100,aggressive,UNKNOWN,15162.849167,28517.174089,3882.825911,613.372858,-31582.585836,20096.640526,514.622828,31821.027715,109.840076,5957.658074,12.363431,0.022954,False,False,False,False,True,True,True,1-circle,-1.000000,5952.523213,-22037.699558,0.796108,-0.215598,100.000000,100.000000,0.000000,0.000000,2,4,4,0.0000,0.0000,0.0000,0.5000,"Accelerate",-0.037578
5290,A0100,pursuit_chase_v1,UNKNOWN,15162.772276,28523.061926,3876.938074,586.554589,-31581.463893,20097.319327,514.545345,31818.176255,-57.029189,5941.063820,11.966666,0.048980,False,False,False,False,True,True,False,1-circle,-1.000000,5958.036324,-22492.522005,-1.698166,-0.040974,100.000000,100.000000,0.000000,0.000000,2,4,4,0.0000,0.0000,0.0000,0.5000,"PursuitChaseOptimal",0.033441
5290,B0100,aggressive,UNKNOWN,15162.772276,28523.061926,3876.938074,586.554589,-31581.463893,20097.319327,514.545345,31818.176255,-57.029189,5941.063820,11.966666,0.048980,False,False,False,False,True,True,False,1-circle,-1.000000,5958.036324,-22492.522005,-1.698166,-0.040974,100.000000,100.000000,0.000000,0.000000,2,4,4,0.0000,0.0000,0.0000,0.5000,"Accelerate",-0.035140
5291,A0100,pursuit_chase_v1,UNKNOWN,15162.772276,28523.061926,3876.938074,586.554589,-31581.463893,20097.319327,514.545345,31818.176255,-57.029189,5941.063820,11.966666,0.048980,False,False,False,False,True,True,False,1-circle,-1.000000,5958.036324,-22492.522005,-1.698166,-0.040974,100.000000,100.000000,0.000000,0.000000,2,4,4,0.0000,0.0000,0.0000,0.5000,"PursuitChaseOptimal",0.027028
5291,B0100,aggressive,UNKNOWN,15162.772276,28523.061926,3876.938074,586.554589,-31581.463893,20097.319327,514.545345,31818.176255,-57.029189,5941.063820,11.966666,0.048980,False,False,False,False,True,True,False,1-circle,-1.000000,5958.036324,-22492.522005,-1.698166,-0.040974,100.000000,100.000000,0.000000,0.000000,2,4,4,0.0000,0.0000,0.0000,0.5000,"Accelerate",-0.028448
5292,A0100,pursuit_chase_v1,UNKNOWN,15162.632664,28520.101677,3879.898323,564.157096,-31588.867352,20098.045738,514.626396,31822.595486,88.384613,5932.584150,11.643207,0.005310,False,False,False,False,True,True,False,1-circle,-1.000000,5963.172990,-22225.593038,-0.184187,0.080283,100.000000,100.000000,0.000000,0.000000,2,4,4,0.0000,0.0000,0.0000,0.5000,"PursuitChaseOptimal",0.011841
5292,B0100,aggressive,UNKNOWN,15162.632664,28520.101677,3879.898323,564.157096,-31588.867352,20098.045738,514.626396,31822.595486,88.384613,5932.584150,11.643207,0.005310,False,False,False,False,True,True,False,1-circle,-1.000000,5963.172990,-22225.593038,-0.184187,0.080283,100.000000,100.000000,0.000000,0.000000,2,4,4,0.0000,0.0000,0.0000,0.5000,"Accelerate",-0.011922
5293,A0100,pursuit_chase_v1,UNKNOWN,15162.632664,28520.101677,3879.898323,564.157096,-31588.867352,20098.045738,514.626396,31822.595486,88.384613,5932.584150,11.643207,0.005310,False,False,False,False,True,True,False,1-circle,-1.000000,5963.172990,-22225.593038,-0.184187,0.080283,100.000000,100.000000,0.000000,0.000000,2,4,4,0.0000,0.0000,0.0000,0.5000,"PursuitChaseOptimal",0.005172
5293,B0100,aggressive,UNKNOWN,15162.632664,28520.101677,3879.898323,564.157096,-31588.867352,20098.045738,514.626396,31822.595486,88.384613,5932.584150,11.643207,0.005310,False,False,False,False,True,True,False,1-circle,-1.000000,5963.172990,-22225.593038,-0.184187,0.080283,100.000000,100.000000,0.000000,0.000000,2,4,4,0.0000,0.0000,0.0000,0.5000,"Accelerate",-0.004898
5294,A0100,pursuit_chase_v1,UNKNOWN,15162.425000,28525.520251,3874.479749,553.106124,-31587.691741,20098.808941,514.552204,31819.978362,-52.342480,5916.665704,11.607263,0.073198,False,False,False,False,True,True,False,1-circle,-1.000000,5968.073505,-22654.531406,-2.536994,-0.079792,100.000000,100.000000,0.000000,0.000000,2,4,4,0.0000,0.0000,0.0000,0.5000,"PursuitChaseOptimal",0.008005
5294,B0100,aggressive,UNKNOWN,15162.425000,28525.520251,3874.479749,553.106124,-31587.691741,20098.808941,514.552204,31819.978362,-52.342480,5916.665704,11.607263,0.073198,False,False,False,False,True,True,False,1-circle,-1.000000,5968.073505,-22654.531406,-2.536994,-0.079792,100.000000,100.000000,0.000000,0.000000,2,4,4,0.0000,0.0000,0.0000,0.5000,"Accelerate",-0.008580
5295,A0100,pursuit_chase_v1,UNKNOWN,15162.425000,28525.520251,3874.479749,553.106124,-31587.691741,20098.808941,514.552204,31819.978362,-52.342480,5916.665704,11.607263,0.073198,False,False,False,False,True,True,False,1-circle,-1.000000,5968.073505,-22654.531406,-2.536994,-0.079792,100.000000,100.000000,0.000000,0.000000,2,4,4,0.0000,0.0000,0.0000,0.5000,"PursuitChaseOptimal",0.015406
5295,B0100,aggressive,UNKNOWN,15162.425000,28525.520251,3874.479749,553.106124,-31587.691741,20098.808941,514.552204,31819.978362,-52.342480,5916.665704,11.607263,0.073198,False,False,False,False,True,True,False,1-circle,-1.000000,5968.073505,-22654.531406,-2.536994,-0.079792,100.000000,100.000000,0.000000,0.000000,2,4,4,0.0000,0.0000,0.0000,0.5000,"Accelerate",-0.016587
5296,A0100,pursuit_chase_v1,UNKNOWN,15162.205512,28514.283961,3885.716039,552.850763,-31591.891972,20099.577053,514.679979,31826.568468,131.802130,5937.885441,11.322991,0.022022,False,False,False,False,True,True,False,1-circle,-1.000000,5972.875118,-22340.753598,-0.763916,-0.128323,100.000000,100.000000,0.000000,0.000000,2,4,4,0.0000,0.0000,0.0000,0.5000,"PursuitChaseOptimal",0.024641
5296,B0100,aggressive,UNKNOWN,15162.205512,28514.283961,3885.716039,552.850763,-31591.891972,20099.577053,514.679979,31826.568468,131.802130,5937.885441,11.322991,0.022022,False,False,False,False,True,True,False,1-circle,-1.000000,5972.875118,-22340.753598,-0.763916,-0.128323,100.000000,100.000000,0.000000,0.000000,2,4,4,0.0000,0.0000,0.0000,0.5000,"Accelerate",-0.026059
5297,A0100,pursuit_chase_v1,UNKNOWN,15162.205512,28514.283961,3885.716039,552.850763,-31591.891972,20099.577053,514.679979,31826.568468,131.802130,5937.885441,11.322991,0.022022,False,False,False,False,True,True,False,1-circle,-1.000000,5972.875118,-22340.753598,-0.763916,-0.128323,100.000000,100.000000,0.000000,0.000000,2,4,4,0.0000,0.0000,0.0000,0.5000,"PursuitChaseOptimal",0.045782
5297,B0100,aggressive,UNKNOWN,15162.205512,28514.283961,3885.716039,552.850763,-31591.891972,20099.577053,514.679979,31826.568468,131.802130,5937.885441,11.322991,0.022022,False,False,False,False,True,True,False,1-circle,-1.000000,5972.875118,-22340.753598,-0.763916,-0.128323,100.000000,100.000000,0.000000,0.000000,2,4,4,0.0000,0.0000,0.0000,0.5000,"Accelerate",-0.047563
5298,A0100,pursuit_chase_v1,UNKNOWN,15162.031959,28508.933808,3891.066192,528.870460,-31594.347250,20100.247206,514.692006,31827.786692,24.364477,5956.152908,10.507849,0.014324,False,False,False,False,True,True,False,1-circle,-1.000000,5977.554301,-22297.962373,-0.496902,-0.341527,100.000000,100.000000,0.000000,0.000000,2,4,4,0.0000,0.0000,0.0000,0.5000,"PursuitChaseOptimal",0.058206
5298,B0100,aggressive,UNKNOWN,15162.031959,28508.933808,3891.066192,528.870460,-31594.347250,20100.247206,514.692006,31827.786692,24.364477,5956.152908,10.507849,0.014324,False,False,False,False,True,True,False,1-circle,-1.000000,5977.554301,-22297.962373,-0.496902,-0.341527,100.000000,100.000000,0.000000,0.000000,2,4,4,0.0000,0.0000,0.0000,0.5000,"Accelerate",-0.060158
5299,A0100,pursuit_chase_v1,UNKNOWN,15162.031959,28508.933808,3891.066192,528.870460,-31594.347250,20100.247206,514.692006,31827.786692,24.364477,5956.152908,10.507849,0.014324,False,False,False,False,True,True,False,1-circle,-1.000000,5977.554301,-22297.962373,-0.496902,-0.341527,100.000000,100.000000,0.000000,0.000000,2,4,4,0.0000,0.0000,0.0000,0.5000,"PursuitChaseOptimal",0.045500
5299,B0100,aggressive,UNKNOWN,15162.031959,28508.933808,3891.066192,528.870460,-31594.347250,20100.247206,514.692006,31827.786692,24.364477,5956.152908,10.507849,0.014324,False,False,False,False,True,True,False,1-circle,-1.000000,5977.554301,-22297.962373,-0.496902,-0.341527,100.000000,100.000000,0.000000,0.000000,2,4,4,0.0000,0.0000,0.0000,0.5000,"Accelerate",-0.047375
5300,A0100,pursuit_chase_v1,UNKNOWN,15161.875316,28507.170842,3892.829158,494.408147,-31597.908281,20100.943287,514.666241,31827.308688,-9.560096,5984.677776,9.170387,0.052723,False,False,False,False,True,True,True,1-circle,-1.000000,5981.738883,-22542.492146,-1.828343,-0.129428,100.000000,100.000000,0.000000,0.000000,2,4,4,0.0000,0.0000,0.0000,0.5000,"PursuitChaseOptimal",0.044312
5300,B0100,aggressive,UNKNOWN,15161.875316,28507.170842,3892.829158,494.408147,-31597.908281,20100.943287,514.666241,31827.308688,-9.560096,5984.677776,9.170387,0.052723,False,False,False,False,True,True,True,1-circle,-1.000000,5981.738883,-22542.492146,-1.828343,-0.129428,100.000000,100.000000,0.000000,0.000000,2,4,4,0.0000,0.0000,0.0000,0.5000,"Accelerate",-0.046290
5301,A0100,pursuit_chase_v1,UNKNOWN,15161.875316,28507.170842,3892.829158,494.408147,-31597.908281,20100.943287,514.666241,31827.308688,-9.560096,5984.677776,9.170387,0.052723,False,False,False,False,True,True,True,1-circle,-1.000000,5981.738883,-22542.492146,-1.828343,-0.129428,100.000000,100.000000,0.000000,0.000000,2,4,4,0.0000,0.0000,0.0000,0.5000,"PursuitChaseOptimal",0.031034
5301,B0100,aggressive,UNKNOWN,15161.875316,28507.170842,3892.829158,494.408147,-31597.908281,20100.943287,514.666241,31827.308688,-9.560096,5984.677776,9.170387,0.052723,False,False,False,False,True,True,True,1-circle,-1.000000,5981.738883,-22542.492146,-1.828343,-0.129428,100.000000,100.000000,0.000000,0.000000,2,4,4,0.0000,0.0000,0.0000,0.5000,"Accelerate",-0.032165
5302,A0100,pursuit_chase_v1,UNKNOWN,15161.787953,28496.363122,3903.636878,476.959880,-31601.233618,20101.547059,514.771452,31832.707287,107.971990,6009.364200,8.359118,0.020949,False,False,False,False,True,True,True,1-circle,-1.000000,5985.592828,-22087.143002,0.726811,-0.249101,100.000000,100.000000,0.000000,0.000000,2,4,4,0.0000,0.0000,0.0000,0.5000,"PursuitChaseOptimal",0.016153
5302,B0100,aggressive,UNKNOWN,15161.787953,28496.363122,3903.636878,476.959880,-31601.233618,20101.547059,514.771452,31832.707287,107.971990,6009.364200,8.359118,0.020949,False,False,False,False,True,True,True,1-circle,-1.000000,5985.592828,-22087.143002,0.726811,-0.249101,100.000000,100.000000,0.000000,0.000000,2,4,4,0.0000,0.0000,0.0000,0.5000,"Accelerate",-0.016150
5303,A0100,pursuit_chase_v1,UNKNOWN,15161.787953,28496.363122,3903.636878,476.959880,-31601.233618,20101.547059,514.771452,31832.707287,107.971990,6009.364200,8.359118,0.020949,False,False,False,False,True,True,True,1-circle,-1.000000,5985.592828,-22087.143002,0.726811,-0.249101,100.000000,100.000000,0.000000,0.000000,2,4,4,0.0000,0.0000,0.0000,0.5000,"PursuitChaseOptimal",0.009214
5303,B0100,aggressive,UNKNOWN,15161.787953,28496.363122,3903.636878,476.959880,-31601.233618,20101.547059,514.771452,31832.707287,107.971990,6009.364200,8.359118,0.020949,False,False,False,False,True,True,True,1-circle,-1.000000,5985.592828,-22087.143002,0.726811,-0.249101,100.000000,100.000000,0.000000,0.000000,2,4,4,0.0000,0.0000,0.0000,0.5000,"Accelerate",-0.008930
5304,A0100,pursuit_chase_v1,UNKNOWN,15161.719759,28503.340727,3896.659273,463.178725,-31600.123922,20102.168211,514.693422,31829.772247,-58.700795,6017.105598,7.820983,0.051091,False,False,False,False,True,True,True,1-circle,-1.000000,5989.195960,-22541.284814,-1.771888,-0.073361,100.000000,100.000000,0.000000,0.000000,2,4,4,0.0000,0.0000,0.0000,0.5000,"PursuitChaseOptimal",0.013464
5304,B0100,aggressive,UNKNOWN,15161.719759,28503.340727,3896.659273,463.178725,-31600.123922,20102.168211,514.693422,31829.772247,-58.700795,6017.105598,7.820983,0.051091,False,False,False,False,True,True,True,1-circle,-1.000000,5989.195960,-22541.284814,-1.771888,-0.073361,100.000000,100.000000,0.000000,0.000000,2,4,4,0.0000,0.0000,0.0000,0.5000,"Accelerate",-0.013817
5305,A0100,pursuit_chase_v1,UNKNOWN,15161.719759,28503.340727,3896.659273,463.178725,-31600.123922,20102.168211,514.693422,31829.772247,-58.700795,6017.105598,7.820983,0.051091,False,False,False,False,True,True,True,1-circle,-1.000000,5989.195960,-22541.284814,-1.771888,-0.073361,100.000000,100.000000,0.000000,0.000000,2,4,4,0.0000,0.0000,0.0000,0.5000,"PursuitChaseOptimal",0.020885
5305,B0100,aggressive,UNKNOWN,15161.719759,28503.340727,3896.659273,463.178725,-31600.123922,20102.168211,514.693422,31829.772247,-58.700795,6017.105598,7.820983,0.051091,False,False,False,False,True,True,True,1-circle,-1.000000,5989.195960,-22541.284814,-1.771888,-0.073361,100.000000,100.000000,0.000000,0.000000,2,4,4,0.0000,0.0000,0.0000,0.5000,"Accelerate",-0.021723
5306,A0100,pursuit_chase_v1,UNKNOWN,15161.659001,28498.646472,3901.353528,452.901991,-31605.996592,20102.831621,514.804901,31835.516448,114.884007,6020.629516,7.563154,0.000018,False,False,False,False,True,True,True,1-circle,-1.000000,5992.627890,-22226.686061,-0.000611,0.048829,100.000000,100.000000,0.000000,0.000000,2,4,4,0.0000,0.0000,0.0000,0.5000,"PursuitChaseOptimal",0.029833
5306,B0100,aggressive,UNKNOWN,15161.659001,28498.646472,3901.353528,452.901991,-31605.996592,20102.831621,514.804901,31835.516448,114.884007,6020.629516,7.563154,0.000018,False,False,False,False,True,True,True,1-circle,-1.000000,5992.627890,-22226.686061,-0.000611,0.048829,100.000000,100.000000,0.000000,0.000000,2,4,4,0.0000,0.0000,0.0000,0.5000,"Accelerate",-0.030529
5307,A0100,pursuit_chase_v1,UNKNOWN,15161.659001,28498.646472,3901.353528,452.901991,-31605.996592,20102.831621,514.804901,31835.516448,114.884007,6020.629516,7.563154,0.000018,False,False,False,False,True,True,True,1-circle,-1.000000,5992.627890,-22226.686061,-0.000611,0.048829,100.000000,100.000000,0.000000,0.000000,2,4,4,0.0000,0.0000,0.0000,0.5000,"PursuitChaseOptimal",0.030993
5307,B0100,aggressive,UNKNOWN,15161.659001,28498.646472,3901.353528,452.901991,-31605.996592,20102.831621,514.804901,31835.516448,114.884007,6020.629516,7.563154,0.000018,False,False,False,False,True,True,True,1-circle,-1.000000,5992.627890,-22226.686061,-0.000611,0.048829,100.000000,100.000000,0.000000,0.000000,2,4,4,0.0000,0.0000,0.0000,0.5000,"Accelerate",-0.031057
5308,A0100,pursuit_chase_v1,UNKNOWN,15161.558732,28503.832491,3896.167509,432.497707,-31608.824397,20103.475904,514.764477,31834.318215,-23.964661,5999.230258,7.249055,0.007770,False,False,False,False,True,True,True,1-circle,-1.000000,5995.842781,-22182.112127,0.269594,-0.095010,100.000000,100.000000,0.000000,0.000000,2,4,4,0.0000,0.0000,0.0000,0.5000,"PursuitChaseOptimal",0.014193
5308,B0100,aggressive,UNKNOWN,15161.558732,28503.832491,3896.167509,432.497707,-31608.824397,20103.475904,514.764477,31834.318215,-23.964661,5999.230258,7.249055,0.007770,False,False,False,False,True,True,True,1-circle,-1.000000,5995.842781,-22182.112127,0.269594,-0.095010,100.000000,100.000000,0.000000,0.000000,2,4,4,0.0000,0.0000,0.0000,0.5000,"Accelerate",-0.013814
5309,A0100,pursuit_chase_v1,UNKNOWN,15161.558732,28503.832491,3896.167509,432.497707,-31608.824397,20103.475904,514.764477,31834.318215,-23.964661,5999.230258,7.249055,0.007770,False,False,False,False,True,True,True,1-circle,-1.000000,5995.842781,-22182.112127,0.269594,-0.095010,100.000000,100.000000,0.000000,0.000000,2,4,4,0.0000,0.0000,0.0000,0.5000,"PursuitChaseOptimal",0.002777
5309,B0100,aggressive,UNKNOWN,15161.558732,28503.832491,3896.167509,432.497707,-31608.824397,20103.475904,514.764477,31834.318215,-23.964661,5999.230258,7.249055,0.007770,False,False,False,False,True,True,True,1-circle,-1.000000,5995.842781,-22182.112127,0.269594,-0.095010,100.000000,100.000000,0.000000,0.000000,2,4,4,0.0000,0.0000,0.0000,0.5000,"Accelerate",-0.002705
5310,A0100,pursuit_chase_v1,UNKNOWN,15161.393648,28511.206115,3888.793885,420.580933,-31613.005631,20104.244822,514.773745,31835.509562,23.826940,5993.179311,7.007897,0.033155,False,False,False,False,True,True,False,1-circle,-1.000000,5998.736123,-22441.526533,-1.150266,0.183198,100.000000,100.000000,0.000000,0.000000,2,4,4,0.0000,0.0000,0.0000,0.5000,"PursuitChaseOptimal",-0.010169
5310,B0100,aggressive,UNKNOWN,15161.393648,28511.206115,3888.793885,420.580933,-31613.005631,20104.244822,514.773745,31835.509562,23.826940,5993.179311,7.007897,0.033155,False,False,False,False,True,True,False,1-circle,-1.000000,5998.736123,-22441.526533,-1.150266,0.183198,100.000000,100.000000,0.000000,0.000000,2,4,4,0.0000,0.0000,0.0000,0.5000,"Accelerate",0.010379
5311,A0100,pursuit_chase_v1,UNKNOWN,15161.393648,28511.206115,3888.793885,420.580933,-31613.005631,20104.244822,514.773745,31835.509562,23.826940,5993.179311,7.007897,0.033155,False,False,False,False,True,True,False,1-circle,-1.000000,5998.736123,-22441.526533,-1.150266,0.183198,100.000000,100.000000,0.000000,0.000000,2,4,4,0.0000,0.0000,0.0000,0.5000,"PursuitChaseOptimal",-0.017872
5311,B0100,aggressive,UNKNOWN,15161.393648,28511.206115,3888.793885,420.580933,-31613.005631,20104.244822,514.773745,31835.509562,23.826940,5993.179311,7.007897,0.033155,False,False,False,False,True,True,False,1-circle,-1.000000,5998.736123,-22441.526533,-1.150266,0.183198,100.000000,100.000000,0.000000,0.000000,2,4,4,0.0000,0.0000,0.0000,0.5000,"Accelerate",0.018806
5312,A0100,pursuit_chase_v1,UNKNOWN,15161.224774,28514.496115,3885.503885,426.511182,-31614.698350,20105.041882,514.771980,31836.226159,14.331946,5994.582148,7.144928,0.017600,False,False,False,False,True,True,False,1-circle,-1.000000,6001.617472,-22348.221968,-0.610671,0.004501,100.000000,100.000000,0.000000,0.000000,2,4,4,0.0000,0.0000,0.0000,0.5000,"PursuitChaseOptimal",-0.018994
5312,B0100,aggressive,UNKNOWN,15161.224774,28514.496115,3885.503885,426.511182,-31614.698350,20105.041882,514.771980,31836.226159,14.331946,5994.582148,7.144928,0.017600,False,False,False,False,True,True,False,1-circle,-1.000000,6001.617472,-22348.221968,-0.610671,0.004501,100.000000,100.000000,0.000000,0.000000,2,4,4,0.0000,0.0000,0.0000,0.5000,"Accelerate",0.019992
5313,A0100,pursuit_chase_v1,UNKNOWN,15161.224774,28514.496115,3885.503885,426.511182,-31614.698350,20105.041882,514.771980,31836.226159,14.331946,5994.582148,7.144928,0.017600,False,False,False,False,True,True,False,1-circle,-1.000000,6001.617472,-22348.221968,-0.610671,0.004501,100.000000,100.000000,0.000000,0.000000,2,4,4,0.0000,0.0000,0.0000,0.5000,"PursuitChaseOptimal",-0.021425
5313,B0100,aggressive,UNKNOWN,15161.224774,28514.496115,3885.503885,426.511182,-31614.698350,20105.041882,514.771980,31836.226159,14.331946,5994.582148,7.144928,0.017600,False,False,False,False,True,True,False,1-circle,-1.000000,6001.617472,-22348.221968,-0.610671,0.004501,100.000000,100.000000,0.000000,0.000000,2,4,4,0.0000,0.0000,0.0000,0.5000,"Accelerate",0.021787
5314,A0100,pursuit_chase_v1,UNKNOWN,15161.043197,28516.812540,3883.187460,434.546050,-31618.283711,20105.934743,514.737729,31835.557958,-13.364022,5995.716690,7.413506,0.056200,False,False,False,False,True,True,False,1-circle,-1.000000,6004.543570,-22593.040129,-1.949190,0.015809,100.000000,100.000000,0.000000,0.000000,2,4,4,0.0000,0.0000,0.0000,0.5000,"PursuitChaseOptimal",-0.016093
5314,B0100,aggressive,UNKNOWN,15161.043197,28516.812540,3883.187460,434.546050,-31618.283711,20105.934743,514.737729,31835.557958,-13.364022,5995.716690,7.413506,0.056200,False,False,False,False,True,True,False,1-circle,-1.000000,6004.543570,-22593.040129,-1.949190,0.015809,100.000000,100.000000,0.000000,0.000000,2,4,4,0.0000,0.0000,0.0000,0.5000,"Accelerate",0.016044
5315,A0100,pursuit_chase_v1,UNKNOWN,15161.043197,28516.812540,3883.187460,434.546050,-31618.283711,20105.934743,514.737729,31835.557958,-13.364022,5995.716690,7.413506,0.056200,False,False,False,False,True,True,False,1-circle,-1.000000,6004.543570,-22593.040129,-1.949190,0.015809,100.000000,100.000000,0.000000,0.000000,2,4,4,0.0000,0.0000,0.0000,0.5000,"PursuitChaseOptimal",-0.000977
5315,B0100,aggressive,UNKNOWN,15161.043197,28516.812540,3883.187460,434.546050,-31618.283711,20105.934743,514.737729,31835.557958,-13.364022,5995.716690,7.413506,0.056200,False,False,False,False,True,True,False,1-circle,-1.000000,6004.543570,-22593.040129,-1.949190,0.015809,100.000000,100.000000,0.000000,0.000000,2,4,4,0.0000,0.0000,0.0000,0.5000,"Accelerate",0.000787
5316,A0100,pursuit_chase_v1,UNKNOWN,15160.883452,28506.752304,3893.247696,443.205647,-31621.764827,20106.753837,514.848799,31841.439652,117.633880,6001.472968,7.690449,0.017061,False,False,False,False,True,True,False,1-circle,-1.000000,6007.677069,-22139.658497,0.592046,-0.178220,100.000000,100.000000,0.000000,0.000000,2,4,4,0.0000,0.0000,0.0000,0.5000,"PursuitChaseOptimal",0.010003
5316,B0100,aggressive,UNKNOWN,15160.883452,28506.752304,3893.247696,443.205647,-31621.764827,20106.753837,514.848799,31841.439652,117.633880,6001.472968,7.690449,0.017061,False,False,False,False,True,True,False,1-circle,-1.000000,6007.677069,-22139.658497,0.592046,-0.178220,100.000000,100.000000,0.000000,0.000000,2,4,4,0.0000,0.0000,0.0000,0.5000,"Accelerate",-0.009823
5317,A0100,pursuit_chase_v1,UNKNOWN,15160.883452,28506.752304,3893.247696,443.205647,-31621.764827,20106.753837,514.848799,31841.439652,117.633880,6001.472968,7.690449,0.017061,False,False,False,False,True,True,False,1-circle,-1.000000,6007.677069,-22139.658497,0.592046,-0.178220,100.000000,100.000000,0.000000,0.000000,2,4,4,0.0000,0.0000,0.0000,0.5000,"PursuitChaseOptimal",0.023402
5317,B0100,aggressive,UNKNOWN,15160.883452,28506.752304,3893.247696,443.205647,-31621.764827,20106.753837,514.848799,31841.439652,117.633880,6001.472968,7.690449,0.017061,False,False,False,False,True,True,False,1-circle,-1.000000,6007.677069,-22139.658497,0.592046,-0.178220,100.000000,100.000000,0.000000,0.000000,2,4,4,0.0000,0.0000,0.0000,0.5000,"Accelerate",-0.023541
5318,A0100,pursuit_chase_v1,UNKNOWN,15160.681304,28512.755610,3887.244390,431.718132,-31620.708178,20107.585334,514.765156,31838.458611,-59.620820,5978.831653,7.605152,0.055405,False,False,False,False,True,True,False,1-circle,-1.000000,6010.744451,-22596.153451,-1.921782,0.033774,100.000000,100.000000,0.000000,0.000000,2,4,4,0.0000,0.0000,0.0000,0.5000,"PursuitChaseOptimal",0.025811
5318,B0100,aggressive,UNKNOWN,15160.681304,28512.755610,3887.244390,431.718132,-31620.708178,20107.585334,514.765156,31838.458611,-59.620820,5978.831653,7.605152,0.055405,False,False,False,False,True,True,False,1-circle,-1.000000,6010.744451,-22596.153451,-1.921782,0.033774,100.000000,100.000000,0.000000,0.000000,2,4,4,0.0000,0.0000,0.0000,0.5000,"Accelerate",-0.026646
5319,A0100,pursuit_chase_v1,UNKNOWN,15160.681304,28512.755610,3887.244390,431.718132,-31620.708178,20107.585334,514.765156,31838.458611,-59.620820,5978.831653,7.605152,0.055405,False,False,False,False,True,True,False,1-circle,-1.000000,6010.744451,-22596.153451,-1.921782,0.033774,100.000000,100.000000,0.000000,0.000000,2,4,4,0.0000,0.0000,0.0000,0.5000,"PursuitChaseOptimal",0.009580
5319,B0100,aggressive,UNKNOWN,15160.681304,28512.755610,3887.244390,431.718132,-31620.708178,20107.585334,514.765156,31838.458611,-59.620820,5978.831653,7.605152,0.055405,False,False,False,False,True,True,False,1-circle,-1.000000,6010.744451,-22596.153451,-1.921782,0.033774,100.000000,100.000000,0.000000,0.000000,2,4,4,0.0000,0.0000,0.0000,0.5000,"Accelerate",-0.010204
5320,A0100,pursuit_chase_v1,UNKNOWN,15160.416329,28504.361017,3895.638983,427.587006,-31626.828934,20108.422024,514.876717,31844.380493,118.437640,5974.188601,7.573629,0.004623,False,False,False,False,True,True,False,1-circle,-1.000000,6013.604146,-22282.982037,-0.160442,-0.054603,100.000000,100.000000,0.000000,0.000000,2,4,4,0.0000,0.0000,0.0000,0.5000,"PursuitChaseOptimal",-0.000886
5320,B0100,aggressive,UNKNOWN,15160.416329,28504.361017,3895.638983,427.587006,-31626.828934,20108.422024,514.876717,31844.380493,118.437640,5974.188601,7.573629,0.004623,False,False,False,False,True,True,False,1-circle,-1.000000,6013.604146,-22282.982037,-0.160442,-0.054603,100.000000,100.000000,0.000000,0.000000,2,4,4,0.0000,0.0000,0.0000,0.5000,"Accelerate",0.000792
5321,A0100,pursuit_chase_v1,UNKNOWN,15160.416329,28504.361017,3895.638983,427.587006,-31626.828934,20108.422024,514.876717,31844.380493,118.437640,5974.188601,7.573629,0.004623,False,False,False,False,True,True,False,1-circle,-1.000000,6013.604146,-22282.982037,-0.160442,-0.054603,100.000000,100.000000,0.000000,0.000000,2,4,4,0.0000,0.0000,0.0000,0.5000,"PursuitChaseOptimal",-0.012933
5321,B0100,aggressive,UNKNOWN,15160.416329,28504.361017,3895.638983,427.587006,-31626.828934,20108.422024,514.876717,31844.380493,118.437640,5974.188601,7.573629,0.004623,False,False,False,False,True,True,False,1-circle,-1.000000,6013.604146,-22282.982037,-0.160442,-0.054603,100.000000,100.000000,0.000000,0.000000,2,4,4,0.0000,0.0000,0.0000,0.5000,"Accelerate",0.013741
5322,A0100,pursuit_chase_v1,UNKNOWN,15160.136245,28506.592149,3893.407851,430.792963,-31629.738265,20109.203181,514.821466,31842.643036,-34.749139,5967.183764,7.750411,0.002903,False,False,False,False,True,True,False,1-circle,-1.000000,6016.466529,-22239.854872,0.100735,-0.114093,100.000000,100.000000,0.000000,0.000000,2,4,4,0.0000,0.0000,0.0000,0.5000,"PursuitChaseOptimal",-0.019585
5322,B0100,aggressive,UNKNOWN,15160.136245,28506.592149,3893.407851,430.792963,-31629.738265,20109.203181,514.821466,31842.643036,-34.749139,5967.183764,7.750411,0.002903,False,False,False,False,True,True,False,1-circle,-1.000000,6016.466529,-22239.854872,0.100735,-0.114093,100.000000,100.000000,0.000000,0.000000,2,4,4,0.0000,0.0000,0.0000,0.5000,"Accelerate",0.020643
5323,A0100,pursuit_chase_v1,UNKNOWN,15160.136245,28506.592149,3893.407851,430.792963,-31629.738265,20109.203181,514.821466,31842.643036,-34.749139,5967.183764,7.750411,0.002903,False,False,False,False,True,True,False,1-circle,-1.000000,6016.466529,-22239.854872,0.100735,-0.114093,100.000000,100.000000,0.000000,0.000000,2,4,4,0.0000,0.0000,0.0000,0.5000,"PursuitChaseOptimal",-0.019448
5323,B0100,aggressive,UNKNOWN,15160.136245,28506.592149,3893.407851,430.792963,-31629.738265,20109.203181,514.821466,31842.643036,-34.749139,5967.183764,7.750411,0.002903,False,False,False,False,True,True,False,1-circle,-1.000000,6016.466529,-22239.854872,0.100735,-0.114093,100.000000,100.000000,0.000000,0.000000,2,4,4,0.0000,0.0000,0.0000,0.5000,"Accelerate",0.020004
5324,A0100,pursuit_chase_v1,UNKNOWN,15159.839497,28512.348785,3887.651215,439.114617,-31634.099455,20110.083272,514.828649,31843.850556,24.150407,5971.108050,7.898847,0.038640,False,False,False,False,True,True,False,1-circle,-1.000000,6019.351074,-22503.252729,-1.340707,0.194980,100.000000,100.000000,0.000000,0.000000,2,4,4,0.0000,0.0000,0.0000,0.5000,"PursuitChaseOptimal",-0.021609
5324,B0100,aggressive,UNKNOWN,15159.839497,28512.348785,3887.651215,439.114617,-31634.099455,20110.083272,514.828649,31843.850556,24.150407,5971.108050,7.898847,0.038640,False,False,False,False,True,True,False,1-circle,-1.000000,6019.351074,-22503.252729,-1.340707,0.194980,100.000000,100.000000,0.000000,0.000000,2,4,4,0.0000,0.0000,0.0000,0.5000,"Accelerate",0.022128
5325,A0100,pursuit_chase_v1,UNKNOWN,15159.839497,28512.348785,3887.651215,439.114617,-31634.099455,20110.083272,514.828649,31843.850556,24.150407,5971.108050,7.898847,0.038640,False,False,False,False,True,True,False,1-circle,-1.000000,6019.351074,-22503.252729,-1.340707,0.194980,100.000000,100.000000,0.000000,0.000000,2,4,4,0.0000,0.0000,0.0000,0.5000,"PursuitChaseOptimal",-0.022927
5325,B0100,aggressive,UNKNOWN,15159.839497,28512.348785,3887.651215,439.114617,-31634.099455,20110.083272,514.828649,31843.850556,24.150407,5971.108050,7.898847,0.038640,False,False,False,False,True,True,False,1-circle,-1.000000,6019.351074,-22503.252729,-1.340707,0.194980,100.000000,100.000000,0.000000,0.000000,2,4,4,0.0000,0.0000,0.0000,0.5000,"Accelerate",0.024067
5326,A0100,pursuit_chase_v1,UNKNOWN,15159.560017,28514.634726,3885.365274,450.642025,-31635.915455,20110.978319,514.821968,31844.441092,11.810715,5975.221930,8.162409,0.023477,False,False,False,False,True,True,False,1-circle,-1.000000,6022.387514,-22412.632619,-0.814684,0.024912,100.000000,100.000000,0.000000,0.000000,2,4,4,0.0000,0.0000,0.0000,0.5000,"PursuitChaseOptimal",-0.017233
5326,B0100,aggressive,UNKNOWN,15159.560017,28514.634726,3885.365274,450.642025,-31635.915455,20110.978319,514.821968,31844.441092,11.810715,5975.221930,8.162409,0.023477,False,False,False,False,True,True,False,1-circle,-1.000000,6022.387514,-22412.632619,-0.814684,0.024912,100.000000,100.000000,0.000000,0.000000,2,4,4,0.0000,0.0000,0.0000,0.5000,"Accelerate",0.018263
5327,A0100,pursuit_chase_v1,UNKNOWN,15159.560017,28514.634726,3885.365274,450.642025,-31635.915455,20110.978319,514.821968,31844.441092,11.810715,5975.221930,8.162409,0.023477,False,False,False,False,True,True,False,1-circle,-1.000000,6022.387514,-22412.632619,-0.814684,0.024912,100.000000,100.000000,0.000000,0.000000,2,4,4,0.0000,0.0000,0.0000,0.5000,"PursuitChaseOptimal",-0.001571
5327,B0100,aggressive,UNKNOWN,15159.560017,28514.634726,3885.365274,450.642025,-31635.915455,20110.978319,514.821968,31844.441092,11.810715,5975.221930,8.162409,0.023477,False,False,False,False,True,True,False,1-circle,-1.000000,6022.387514,-22412.632619,-0.814684,0.024912,100.000000,100.000000,0.000000,0.000000,2,4,4,0.0000,0.0000,0.0000,0.5000,"Accelerate",0.001436
5328,A0100,pursuit_chase_v1,UNKNOWN,15159.267308,28516.274202,3883.725798,452.359159,-31639.634339,20111.961086,514.783553,31843.672839,-15.365050,5970.696108,8.342402,0.062536,False,False,False,False,True,True,False,1-circle,-1.000000,6025.482414,-22660.558077,-2.169094,0.046017,100.000000,100.000000,0.000000,0.000000,2,4,4,0.0000,0.0000,0.0000,0.5000,"PursuitChaseOptimal",0.009765
5328,B0100,aggressive,UNKNOWN,15159.267308,28516.274202,3883.725798,452.359159,-31639.634339,20111.961086,514.783553,31843.672839,-15.365050,5970.696108,8.342402,0.062536,False,False,False,False,True,True,False,1-circle,-1.000000,6025.482414,-22660.558077,-2.169094,0.046017,100.000000,100.000000,0.000000,0.000000,2,4,4,0.0000,0.0000,0.0000,0.5000,"Accelerate",-0.010532
5329,A0100,pursuit_chase_v1,UNKNOWN,15159.267308,28516.274202,3883.725798,452.359159,-31639.634339,20111.961086,514.783553,31843.672839,-15.365050,5970.696108,8.342402,0.062536,False,False,False,False,True,True,False,1-circle,-1.000000,6025.482414,-22660.558077,-2.169094,0.046017,100.000000,100.000000,0.000000,0.000000,2,4,4,0.0000,0.0000,0.0000,0.5000,"PursuitChaseOptimal",0.015042
5329,B0100,aggressive,UNKNOWN,15159.267308,28516.274202,3883.725798,452.359159,-31639.634339,20111.961086,514.783553,31843.672839,-15.365050,5970.696108,8.342402,0.062536,False,False,False,False,True,True,False,1-circle,-1.000000,6025.482414,-22660.558077,-2.169094,0.046017,100.000000,100.000000,0.000000,0.000000,2,4,4,0.0000,0.0000,0.0000,0.5000,"Accelerate",-0.015808
5330,A0100,pursuit_chase_v1,UNKNOWN,15158.956719,28504.590906,3895.409094,455.228243,-31643.269652,20112.863730,514.920013,31850.796061,142.464425,5966.240669,8.476297,0.010487,False,False,False,False,True,True,False,1-circle,-1.000000,6028.613736,-22208.771448,0.364008,-0.152188,100.000000,100.000000,0.000000,0.000000,2,4,4,0.0000,0.0000,0.0000,0.5000,"PursuitChaseOptimal",0.003877
5330,B0100,aggressive,UNKNOWN,15158.956719,28504.590906,3895.409094,455.228243,-31643.269652,20112.863730,514.920013,31850.796061,142.464425,5966.240669,8.476297,0.010487,False,False,False,False,True,True,False,1-circle,-1.000000,6028.613736,-22208.771448,0.364008,-0.152188,100.000000,100.000000,0.000000,0.000000,2,4,4,0.0000,0.0000,0.0000,0.5000,"Accelerate",-0.003822
5331,A0100,pursuit_chase_v1,UNKNOWN,15158.956719,28504.590906,3895.409094,455.228243,-31643.269652,20112.863730,514.920013,31850.796061,142.464425,5966.240669,8.476297,0.010487,False,False,False,False,True,True,False,1-circle,-1.000000,6028.613736,-22208.771448,0.364008,-0.152188,100.000000,100.000000,0.000000,0.000000,2,4,4,0.0000,0.0000,0.0000,0.5000,"PursuitChaseOptimal",-0.008159
5331,B0100,aggressive,UNKNOWN,15158.956719,28504.590906,3895.409094,455.228243,-31643.269652,20112.863730,514.920013,31850.796061,142.464425,5966.240669,8.476297,0.010487,False,False,False,False,True,True,False,1-circle,-1.000000,6028.613736,-22208.771448,0.364008,-0.152188,100.000000,100.000000,0.000000,0.000000,2,4,4,0.0000,0.0000,0.0000,0.5000,"Accelerate",0.008719
5332,A0100,pursuit_chase_v1,UNKNOWN,15158.614362,28506.508713,3893.491287,456.015046,-31643.333161,20113.733784,514.813458,31846.808638,-79.748460,5960.944110,8.535805,0.061998,False,False,False,False,True,True,False,1-circle,-1.000000,6031.696646,-22665.565166,-2.150606,-0.182735,100.000000,100.000000,0.000000,0.000000,2,4,4,0.0000,0.0000,0.0000,0.5000,"PursuitChaseOptimal",-0.014902
5332,B0100,aggressive,UNKNOWN,15158.614362,28506.508713,3893.491287,456.015046,-31643.333161,20113.733784,514.813458,31846.808638,-79.748460,5960.944110,8.535805,0.061998,False,False,False,False,True,True,False,1-circle,-1.000000,6031.696646,-22665.565166,-2.150606,-0.182735,100.000000,100.000000,0.000000,0.000000,2,4,4,0.0000,0.0000,0.0000,0.5000,"Accelerate",0.015080
5333,A0100,pursuit_chase_v1,UNKNOWN,15158.614362,28506.508713,3893.491287,456.015046,-31643.333161,20113.733784,514.813458,31846.808638,-79.748460,5960.944110,8.535805,0.061998,False,False,False,False,True,True,False,1-circle,-1.000000,6031.696646,-22665.565166,-2.150606,-0.182735,100.000000,100.000000,0.000000,0.000000,2,4,4,0.0000,0.0000,0.0000,0.5000,"PursuitChaseOptimal",-0.012789
5333,B0100,aggressive,UNKNOWN,15158.614362,28506.508713,3893.491287,456.015046,-31643.333161,20113.733784,514.813458,31846.808638,-79.748460,5960.944110,8.535805,0.061998,False,False,False,False,True,True,False,1-circle,-1.000000,6031.696646,-22665.565166,-2.150606,-0.182735,100.000000,100.000000,0.000000,0.000000,2,4,4,0.0000,0.0000,0.0000,0.5000,"Accelerate",0.012641
5334,A0100,pursuit_chase_v1,UNKNOWN,15158.278935,28495.643362,3904.356638,468.747865,-31648.024646,20114.584586,514.909907,31852.056172,104.950680,5972.386217,8.841386,0.011087,False,False,False,False,True,True,False,1-circle,-1.000000,6034.870956,-22351.965484,-0.384828,-0.043893,100.000000,100.000000,0.000000,0.000000,2,4,4,0.0000,0.0000,0.0000,0.5000,"PursuitChaseOptimal",-0.009063
5334,B0100,aggressive,UNKNOWN,15158.278935,28495.643362,3904.356638,468.747865,-31648.024646,20114.584586,514.909907,31852.056172,104.950680,5972.386217,8.841386,0.011087,False,False,False,False,True,True,False,1-circle,-1.000000,6034.870956,-22351.965484,-0.384828,-0.043893,100.000000,100.000000,0.000000,0.000000,2,4,4,0.0000,0.0000,0.0000,0.5000,"Accelerate",0.009151
5335,A0100,pursuit_chase_v1,UNKNOWN,15158.278935,28495.643362,3904.356638,468.747865,-31648.024646,20114.584586,514.909907,31852.056172,104.950680,5972.386217,8.841386,0.011087,False,False,False,False,True,True,False,1-circle,-1.000000,6034.870956,-22351.965484,-0.384828,-0.043893,100.000000,100.000000,0.000000,0.000000,2,4,4,0.0000,0.0000,0.0000,0.5000,"PursuitChaseOptimal",0.005240
5335,B0100,aggressive,UNKNOWN,15158.278935,28495.643362,3904.356638,468.747865,-31648.024646,20114.584586,514.909907,31852.056172,104.950680,5972.386217,8.841386,0.011087,False,False,False,False,True,True,False,1-circle,-1.000000,6034.870956,-22351.965484,-0.384828,-0.043893,100.000000,100.000000,0.000000,0.000000,2,4,4,0.0000,0.0000,0.0000,0.5000,"Accelerate",-0.004933
5336,A0100,pursuit_chase_v1,UNKNOWN,15157.957113,28495.883092,3904.116908,468.958467,-31650.916487,20115.356866,514.881220,31851.520628,-10.710868,5967.688869,8.928724,0.004003,False,False,False,False,True,True,False,1-circle,-1.000000,6038.194045,-22312.067228,-0.138952,-0.135113,100.000000,100.000000,0.000000,0.000000,2,4,4,0.0000,0.0000,0.0000,0.5000,"PursuitChaseOptimal",0.015180
5336,B0100,aggressive,UNKNOWN,15157.957113,28495.883092,3904.116908,468.958467,-31650.916487,20115.356866,514.881220,31851.520628,-10.710868,5967.688869,8.928724,0.004003,False,False,False,False,True,True,False,1-circle,-1.000000,6038.194045,-22312.067228,-0.138952,-0.135113,100.000000,100.000000,0.000000,0.000000,2,4,4,0.0000,0.0000,0.0000,0.5000,"Accelerate",-0.015158
5337,A0100,pursuit_chase_v1,UNKNOWN,15157.957113,28495.883092,3904.116908,468.958467,-31650.916487,20115.356866,514.881220,31851.520628,-10.710868,5967.688869,8.928724,0.004003,False,False,False,False,True,True,False,1-circle,-1.000000,6038.194045,-22312.067228,-0.138952,-0.135113,100.000000,100.000000,0.000000,0.000000,2,4,4,0.0000,0.0000,0.0000,0.5000,"PursuitChaseOptimal",0.019681
5337,B0100,aggressive,UNKNOWN,15157.957113,28495.883092,3904.116908,468.958467,-31650.916487,20115.356866,514.881220,31851.520628,-10.710868,5967.688869,8.928724,0.004003,False,False,False,False,True,True,False,1-circle,-1.000000,6038.194045,-22312.067228,-0.138952,-0.135113,100.000000,100.000000,0.000000,0.000000,2,4,4,0.0000,0.0000,0.0000,0.5000,"Accelerate",-0.020456
5338,A0100,pursuit_chase_v1,UNKNOWN,15157.578364,28496.577655,3903.422345,460.195634,-31655.253040,20116.197239,514.872800,31851.977151,9.130451,5952.063542,8.851584,0.045190,False,False,False,False,True,True,False,1-circle,-1.000000,6041.350346,-22573.585748,-1.568139,0.064639,100.000000,100.000000,0.000000,0.000000,2,4,4,0.0000,0.0000,0.0000,0.5000,"PursuitChaseOptimal",0.007882
5338,B0100,aggressive,UNKNOWN,15157.578364,28496.577655,3903.422345,460.195634,-31655.253040,20116.197239,514.872800,31851.977151,9.130451,5952.063542,8.851584,0.045190,False,False,False,False,True,True,False,1-circle,-1.000000,6041.350346,-22573.585748,-1.568139,0.064639,100.000000,100.000000,0.000000,0.000000,2,4,4,0.0000,0.0000,0.0000,0.5000,"Accelerate",-0.008493
5339,A0100,pursuit_chase_v1,UNKNOWN,15157.578364,28496.577655,3903.422345,460.195634,-31655.253040,20116.197239,514.872800,31851.977151,9.130451,5952.063542,8.851584,0.045190,False,False,False,False,True,True,False,1-circle,-1.000000,6041.350346,-22573.585748,-1.568139,0.064639,100.000000,100.000000,0.000000,0.000000,2,4,4,0.0000,0.0000,0.0000,0.5000,"PursuitChaseOptimal",-0.004848
5339,B0100,aggressive,UNKNOWN,15157.578364,28496.577655,3903.422345,460.195634,-31655.253040,20116.197239,514.872800,31851.977151,9.130451,5952.063542,8.851584,0.045190,False,False,False,False,True,True,False,1-circle,-1.000000,6041.350346,-22573.585748,-1.568139,0.064639,100.000000,100.000000,0.000000,0.000000,2,4,4,0.0000,0.0000,0.0000,0.5000,"Accelerate",0.004889
5340,A0100,pursuit_chase_v1,UNKNOWN,15157.184313,28488.735128,3911.264872,462.367656,-31659.161360,20116.970664,514.978571,31857.572865,111.914280,5960.321985,8.861095,0.030540,False,False,False,False,True,True,False,1-circle,-1.000000,6044.454070,-22104.733672,1.060107,-0.168111,100.000000,100.000000,0.000000,0.000000,2,4,4,0.0000,0.0000,0.0000,0.5000,"PursuitChaseOptimal",-0.012587
5340,B0100,aggressive,UNKNOWN,15157.184313,28488.735128,3911.264872,462.367656,-31659.161360,20116.970664,514.978571,31857.572865,111.914280,5960.321985,8.861095,0.030540,False,False,False,False,True,True,False,1-circle,-1.000000,6044.454070,-22104.733672,1.060107,-0.168111,100.000000,100.000000,0.000000,0.000000,2,4,4,0.0000,0.0000,0.0000,0.5000,"Accelerate",0.013479
5341,A0100,pursuit_chase_v1,UNKNOWN,15157.184313,28488.735128,3911.264872,462.367656,-31659.161360,20116.970664,514.978571,31857.572865,111.914280,5960.321985,8.861095,0.030540,False,False,False,False,True,True,False,1-circle,-1.000000,6044.454070,-22104.733672,1.060107,-0.168111,100.000000,100.000000,0.000000,0.000000,2,4,4,0.0000,0.0000,0.0000,0.5000,"PursuitChaseOptimal",-0.011395
5341,B0100,aggressive,UNKNOWN,15157.184313,28488.735128,3911.264872,462.367656,-31659.161360,20116.970664,514.978571,31857.572865,111.914280,5960.321985,8.861095,0.030540,False,False,False,False,True,True,False,1-circle,-1.000000,6044.454070,-22104.733672,1.060107,-0.168111,100.000000,100.000000,0.000000,0.000000,2,4,4,0.0000,0.0000,0.0000,0.5000,"Accelerate",0.012338
5342,A0100,pursuit_chase_v1,UNKNOWN,15156.787854,28497.849566,3902.150434,464.966486,-31658.838484,20117.783455,514.888030,31854.257675,-66.303800,5958.381803,8.871819,0.042449,False,False,False,False,True,True,False,1-circle,-1.000000,6047.565403,-22564.965484,-1.473138,0.050098,100.000000,100.000000,0.000000,0.000000,2,4,4,0.0000,0.0000,0.0000,0.5000,"PursuitChaseOptimal",-0.007818
5342,B0100,aggressive,UNKNOWN,15156.787854,28497.849566,3902.150434,464.966486,-31658.838484,20117.783455,514.888030,31854.257675,-66.303800,5958.381803,8.871819,0.042449,False,False,False,False,True,True,False,1-circle,-1.000000,6047.565403,-22564.965484,-1.473138,0.050098,100.000000,100.000000,0.000000,0.000000,2,4,4,0.0000,0.0000,0.0000,0.5000,"Accelerate",0.008139
5343,A0100,pursuit_chase_v1,UNKNOWN,15156.787854,28497.849566,3902.150434,464.966486,-31658.838484,20117.783455,514.888030,31854.257675,-66.303800,5958.381803,8.871819,0.042449,False,False,False,False,True,True,False,1-circle,-1.000000,6047.565403,-22564.965484,-1.473138,0.050098,100.000000,100.000000,0.000000,0.000000,2,4,4,0.0000,0.0000,0.0000,0.5000,"PursuitChaseOptimal",0.006235
5343,B0100,aggressive,UNKNOWN,15156.787854,28497.849566,3902.150434,464.966486,-31658.838484,20117.783455,514.888030,31854.257675,-66.303800,5958.381803,8.871819,0.042449,False,False,False,False,True,True,False,1-circle,-1.000000,6047.565403,-22564.965484,-1.473138,0.050098,100.000000,100.000000,0.000000,0.000000,2,4,4,0.0000,0.0000,0.0000,0.5000,"Accelerate",-0.006454
5344,A0100,pursuit_chase_v1,UNKNOWN,15156.390258,28497.539257,3902.460743,461.603119,-31666.862670,20118.662092,514.947342,31857.840427,71.655034,5959.667662,8.857480,0.000535,False,False,False,False,True,True,False,1-circle,-1.000000,6050.669838,-22300.703419,0.018568,0.162117,100.000000,100.000000,0.000000,0.000000,2,4,4,0.0000,0.0000,0.0000,0.5000,"PursuitChaseOptimal",0.016065
5344,B0100,aggressive,UNKNOWN,15156.390258,28497.539257,3902.460743,461.603119,-31666.862670,20118.662092,514.947342,31857.840427,71.655034,5959.667662,8.857480,0.000535,False,False,False,False,True,True,False,1-circle,-1.000000,6050.669838,-22300.703419,0.018568,0.162117,100.000000,100.000000,0.000000,0.000000,2,4,4,0.0000,0.0000,0.0000,0.5000,"Accelerate",-0.016016
5345,A0100,pursuit_chase_v1,UNKNOWN,15156.390258,28497.539257,3902.460743,461.603119,-31666.862670,20118.662092,514.947342,31857.840427,71.655034,5959.667662,8.857480,0.000535,False,False,False,False,True,True,False,1-circle,-1.000000,6050.669838,-22300.703419,0.018568,0.162117,100.000000,100.000000,0.000000,0.000000,2,4,4,0.0000,0.0000,0.0000,0.5000,"PursuitChaseOptimal",0.020385
5345,B0100,aggressive,UNKNOWN,15156.390258,28497.539257,3902.460743,461.603119,-31666.862670,20118.662092,514.947342,31857.840427,71.655034,5959.667662,8.857480,0.000535,False,False,False,False,True,True,False,1-circle,-1.000000,6050.669838,-22300.703419,0.018568,0.162117,100.000000,100.000000,0.000000,0.000000,2,4,4,0.0000,0.0000,0.0000,0.5000,"Accelerate",-0.020416
5346,A0100,pursuit_chase_v1,UNKNOWN,15155.946773,28505.544133,3894.455867,452.563959,-31666.274787,20119.593557,514.847466,31854.218596,-72.436605,5937.405224,8.696968,0.068428,False,False,False,False,True,True,False,1-circle,-1.000000,6053.615423,-22735.464825,-2.373732,0.002115,100.000000,100.000000,0.000000,0.000000,2,4,4,0.0000,0.0000,0.0000,0.5000,"PursuitChaseOptimal",0.008553
5346,B0100,aggressive,UNKNOWN,15155.946773,28505.544133,3894.455867,452.563959,-31666.274787,20119.593557,514.847466,31854.218596,-72.436605,5937.405224,8.696968,0.068428,False,False,False,False,True,True,False,1-circle,-1.000000,6053.615423,-22735.464825,-2.373732,0.002115,100.000000,100.000000,0.000000,0.000000,2,4,4,0.0000,0.0000,0.0000,0.5000,"Accelerate",-0.008965
5347,A0100,pursuit_chase_v1,UNKNOWN,15155.946773,28505.544133,3894.455867,452.563959,-31666.274787,20119.593557,514.847466,31854.218596,-72.436605,5937.405224,8.696968,0.068428,False,False,False,False,True,True,False,1-circle,-1.000000,6053.615423,-22735.464825,-2.373732,0.002115,100.000000,100.000000,0.000000,0.000000,2,4,4,0.0000,0.0000,0.0000,0.5000,"PursuitChaseOptimal",-0.004311
5347,B0100,aggressive,UNKNOWN,15155.946773,28505.544133,3894.455867,452.563959,-31666.274787,20119.593557,514.847466,31854.218596,-72.436605,5937.405224,8.696968,0.068428,False,False,False,False,True,True,False,1-circle,-1.000000,6053.615423,-22735.464825,-2.373732,0.002115,100.000000,100.000000,0.000000,0.000000,2,4,4,0.0000,0.0000,0.0000,0.5000,"Accelerate",0.003939
5348,A0100,pursuit_chase_v1,UNKNOWN,15155.463504,28496.180716,3903.819284,454.640476,-31670.971789,20120.543835,514.954665,31860.056057,116.749223,5945.365865,8.736587,0.017820,False,False,False,False,True,True,False,1-circle,-1.000000,6056.417968,-22423.607543,-0.618632,-0.040520,100.000000,100.000000,0.000000,0.000000,2,4,4,0.0000,0.0000,0.0000,0.5000,"PursuitChaseOptimal",-0.012174
5348,B0100,aggressive,UNKNOWN,15155.463504,28496.180716,3903.819284,454.640476,-31670.971789,20120.543835,514.954665,31860.056057,116.749223,5945.365865,8.736587,0.017820,False,False,False,False,True,True,False,1-circle,-1.000000,6056.417968,-22423.607543,-0.618632,-0.040520,100.000000,100.000000,0.000000,0.000000,2,4,4,0.0000,0.0000,0.0000,0.5000,"Accelerate",0.012165
5349,A0100,pursuit_chase_v1,UNKNOWN,15155.463504,28496.180716,3903.819284,454.640476,-31670.971789,20120.543835,514.954665,31860.056057,116.749223,5945.365865,8.736587,0.017820,False,False,False,False,True,True,False,1-circle,-1.000000,6056.417968,-22423.607543,-0.618632,-0.040520,100.000000,100.000000,0.000000,0.000000,2,4,4,0.0000,0.0000,0.0000,0.5000,"PursuitChaseOptimal",-0.011131
5349,B0100,aggressive,UNKNOWN,15155.463504,28496.180716,3903.819284,454.640476,-31670.971789,20120.543835,514.954665,31860.056057,116.749223,5945.365865,8.736587,0.017820,False,False,False,False,True,True,False,1-circle,-1.000000,6056.417968,-22423.607543,-0.618632,-0.040520,100.000000,100.000000,0.000000,0.000000,2,4,4,0.0000,0.0000,0.0000,0.5000,"Accelerate",0.011605
5350,A0100,pursuit_chase_v1,UNKNOWN,15155.007987,28491.605615,3908.394385,462.835220,-31673.904917,20121.397143,514.961000,31861.198180,22.842456,5949.786442,8.964957,0.010864,False,False,False,False,True,True,False,1-circle,-1.000000,6059.361353,-22384.313587,-0.377179,-0.252509,100.000000,100.000000,0.000000,0.000000,2,4,4,0.0000,0.0000,0.0000,0.5000,"PursuitChaseOptimal",-0.007353
5350,B0100,aggressive,UNKNOWN,15155.007987,28491.605615,3908.394385,462.835220,-31673.904917,20121.397143,514.961000,31861.198180,22.842456,5949.786442,8.964957,0.010864,False,False,False,False,True,True,False,1-circle,-1.000000,6059.361353,-22384.313587,-0.377179,-0.252509,100.000000,100.000000,0.000000,0.000000,2,4,4,0.0000,0.0000,0.0000,0.5000,"Accelerate",0.007897
5351,A0100,pursuit_chase_v1,UNKNOWN,15155.007987,28491.605615,3908.394385,462.835220,-31673.904917,20121.397143,514.961000,31861.198180,22.842456,5949.786442,8.964957,0.010864,False,False,False,False,True,True,False,1-circle,-1.000000,6059.361353,-22384.313587,-0.377179,-0.252509,100.000000,100.000000,0.000000,0.000000,2,4,4,0.0000,0.0000,0.0000,0.5000,"PursuitChaseOptimal",0.006312
5351,B0100,aggressive,UNKNOWN,15155.007987,28491.605615,3908.394385,462.835220,-31673.904917,20121.397143,514.961000,31861.198180,22.842456,5949.786442,8.964957,0.010864,False,False,False,False,True,True,False,1-circle,-1.000000,6059.361353,-22384.313587,-0.377179,-0.252509,100.000000,100.000000,0.000000,0.000000,2,4,4,0.0000,0.0000,0.0000,0.5000,"Accelerate",-0.006741
5352,A0100,pursuit_chase_v1,UNKNOWN,15154.533238,28490.332295,3909.667705,462.690045,-31677.992207,20122.274993,514.929476,31860.638772,-11.188173,5944.569105,9.070720,0.049847,False,False,False,False,True,True,False,1-circle,-1.000000,6062.336838,-22632.022285,-1.729931,-0.039267,100.000000,100.000000,0.000000,0.000000,2,4,4,0.0000,0.0000,0.0000,0.5000,"PursuitChaseOptimal",0.016229
5352,B0100,aggressive,UNKNOWN,15154.533238,28490.332295,3909.667705,462.690045,-31677.992207,20122.274993,514.929476,31860.638772,-11.188173,5944.569105,9.070720,0.049847,False,False,False,False,True,True,False,1-circle,-1.000000,6062.336838,-22632.022285,-1.729931,-0.039267,100.000000,100.000000,0.000000,0.000000,2,4,4,0.0000,0.0000,0.0000,0.5000,"Accelerate",-0.017211
5353,A0100,pursuit_chase_v1,UNKNOWN,15154.533238,28490.332295,3909.667705,462.690045,-31677.992207,20122.274993,514.929476,31860.638772,-11.188173,5944.569105,9.070720,0.049847,False,False,False,False,True,True,False,1-circle,-1.000000,6062.336838,-22632.022285,-1.729931,-0.039267,100.000000,100.000000,0.000000,0.000000,2,4,4,0.0000,0.0000,0.0000,0.5000,"PursuitChaseOptimal",0.020450
5353,B0100,aggressive,UNKNOWN,15154.533238,28490.332295,3909.667705,462.690045,-31677.992207,20122.274993,514.929476,31860.638772,-11.188173,5944.569105,9.070720,0.049847,False,False,False,False,True,True,False,1-circle,-1.000000,6062.336838,-22632.022285,-1.729931,-0.039267,100.000000,100.000000,0.000000,0.000000,2,4,4,0.0000,0.0000,0.0000,0.5000,"Accelerate",-0.021187
5354,A0100,pursuit_chase_v1,UNKNOWN,15154.033269,28479.844621,3920.155379,461.135283,-31681.796695,20123.059110,515.028943,31865.958209,106.388748,5935.817408,9.128078,0.023491,False,False,False,False,True,True,False,1-circle,-1.000000,6065.298291,-22178.037220,0.815612,-0.158556,100.000000,100.000000,0.000000,0.000000,2,4,4,0.0000,0.0000,0.0000,0.5000,"PursuitChaseOptimal",0.008621
5354,B0100,aggressive,UNKNOWN,15154.033269,28479.844621,3920.155379,461.135283,-31681.796695,20123.059110,515.028943,31865.958209,106.388748,5935.817408,9.128078,0.023491,False,False,False,False,True,True,False,1-circle,-1.000000,6065.298291,-22178.037220,0.815612,-0.158556,100.000000,100.000000,0.000000,0.000000,2,4,4,0.0000,0.0000,0.0000,0.5000,"Accelerate",-0.008383
5355,A0100,pursuit_chase_v1,UNKNOWN,15154.033269,28479.844621,3920.155379,461.135283,-31681.796695,20123.059110,515.028943,31865.958209,106.388748,5935.817408,9.128078,0.023491,False,False,False,False,True,True,False,1-circle,-1.000000,6065.298291,-22178.037220,0.815612,-0.158556,100.000000,100.000000,0.000000,0.000000,2,4,4,0.0000,0.0000,0.0000,0.5000,"PursuitChaseOptimal",-0.004226
5355,B0100,aggressive,UNKNOWN,15154.033269,28479.844621,3920.155379,461.135283,-31681.796695,20123.059110,515.028943,31865.958209,106.388748,5935.817408,9.128078,0.023491,False,False,False,False,True,True,False,1-circle,-1.000000,6065.298291,-22178.037220,0.815612,-0.158556,100.000000,100.000000,0.000000,0.000000,2,4,4,0.0000,0.0000,0.0000,0.5000,"Accelerate",0.004800
5356,A0100,pursuit_chase_v1,UNKNOWN,15153.491407,28486.578685,3913.421315,457.751161,-31681.190696,20123.859562,514.941358,31862.765060,-63.862983,5930.140578,8.997692,0.049223,False,False,False,False,True,True,False,1-circle,-1.000000,6068.117832,-22636.483944,-1.708364,0.013477,100.000000,100.000000,0.000000,0.000000,2,4,4,0.0000,0.0000,0.0000,0.5000,"PursuitChaseOptimal",-0.012156
5356,B0100,aggressive,UNKNOWN,15153.491407,28486.578685,3913.421315,457.751161,-31681.190696,20123.859562,514.941358,31862.765060,-63.862983,5930.140578,8.997692,0.049223,False,False,False,False,True,True,False,1-circle,-1.000000,6068.117832,-22636.483944,-1.708364,0.013477,100.000000,100.000000,0.000000,0.000000,2,4,4,0.0000,0.0000,0.0000,0.5000,"Accelerate",0.012258
5357,A0100,pursuit_chase_v1,UNKNOWN,15153.491407,28486.578685,3913.421315,457.751161,-31681.190696,20123.859562,514.941358,31862.765060,-63.862983,5930.140578,8.997692,0.049223,False,False,False,False,True,True,False,1-circle,-1.000000,6068.117832,-22636.483944,-1.708364,0.013477,100.000000,100.000000,0.000000,0.000000,2,4,4,0.0000,0.0000,0.0000,0.5000,"PursuitChaseOptimal",-0.008677
5357,B0100,aggressive,UNKNOWN,15153.491407,28486.578685,3913.421315,457.751161,-31681.190696,20123.859562,514.941358,31862.765060,-63.862983,5930.140578,8.997692,0.049223,False,False,False,False,True,True,False,1-circle,-1.000000,6068.117832,-22636.483944,-1.708364,0.013477,100.000000,100.000000,0.000000,0.000000,2,4,4,0.0000,0.0000,0.0000,0.5000,"Accelerate",0.008514
5358,A0100,pursuit_chase_v1,UNKNOWN,15152.955716,28478.381554,3921.618446,464.366228,-31687.690909,20124.670559,515.048018,31868.439518,113.489172,5941.628904,9.176930,0.001693,False,False,False,False,True,True,False,1-circle,-1.000000,6070.968754,-22322.552649,0.058785,-0.056245,100.000000,100.000000,0.000000,0.000000,2,4,4,0.0000,0.0000,0.0000,0.5000,"PursuitChaseOptimal",-0.001572
5358,B0100,aggressive,UNKNOWN,15152.955716,28478.381554,3921.618446,464.366228,-31687.690909,20124.670559,515.048018,31868.439518,113.489172,5941.628904,9.176930,0.001693,False,False,False,False,True,True,False,1-circle,-1.000000,6070.968754,-22322.552649,0.058785,-0.056245,100.000000,100.000000,0.000000,0.000000,2,4,4,0.0000,0.0000,0.0000,0.5000,"Accelerate",0.001521
5359,A0100,pursuit_chase_v1,UNKNOWN,15152.955716,28478.381554,3921.618446,464.366228,-31687.690909,20124.670559,515.048018,31868.439518,113.489172,5941.628904,9.176930,0.001693,False,False,False,False,True,True,False,1-circle,-1.000000,6070.968754,-22322.552649,0.058785,-0.056245,100.000000,100.000000,0.000000,0.000000,2,4,4,0.0000,0.0000,0.0000,0.5000,"PursuitChaseOptimal",0.009569
5359,B0100,aggressive,UNKNOWN,15152.955716,28478.381554,3921.618446,464.366228,-31687.690909,20124.670559,515.048018,31868.439518,113.489172,5941.628904,9.176930,0.001693,False,False,False,False,True,True,False,1-circle,-1.000000,6070.968754,-22322.552649,0.058785,-0.056245,100.000000,100.000000,0.000000,0.000000,2,4,4,0.0000,0.0000,0.0000,0.5000,"Accelerate",-0.009290
5360,A0100,pursuit_chase_v1,UNKNOWN,15152.433846,28480.867653,3919.132347,460.419261,-31691.000905,20125.429405,514.990375,31866.569860,-37.393160,5934.240860,9.145541,0.009083,False,False,False,False,True,True,False,1-circle,-1.000000,6073.895637,-22280.579009,0.315380,-0.119720,100.000000,100.000000,0.000000,0.000000,2,4,4,0.0000,0.0000,0.0000,0.5000,"PursuitChaseOptimal",0.021938
5360,B0100,aggressive,UNKNOWN,15152.433846,28480.867653,3919.132347,460.419261,-31691.000905,20125.429405,514.990375,31866.569860,-37.393160,5934.240860,9.145541,0.009083,False,False,False,False,True,True,False,1-circle,-1.000000,6073.895637,-22280.579009,0.315380,-0.119720,100.000000,100.000000,0.000000,0.000000,2,4,4,0.0000,0.0000,0.0000,0.5000,"Accelerate",-0.021896
5361,A0100,pursuit_chase_v1,UNKNOWN,15152.433846,28480.867653,3919.132347,460.419261,-31691.000905,20125.429405,514.990375,31866.569860,-37.393160,5934.240860,9.145541,0.009083,False,False,False,False,True,True,False,1-circle,-1.000000,6073.895637,-22280.579009,0.315380,-0.119720,100.000000,100.000000,0.000000,0.000000,2,4,4,0.0000,0.0000,0.0000,0.5000,"PursuitChaseOptimal",0.025365
5361,B0100,aggressive,UNKNOWN,15152.433846,28480.867653,3919.132347,460.419261,-31691.000905,20125.429405,514.990375,31866.569860,-37.393160,5934.240860,9.145541,0.009083,False,False,False,False,True,True,False,1-circle,-1.000000,6073.895637,-22280.579009,0.315380,-0.119720,100.000000,100.000000,0.000000,0.000000,2,4,4,0.0000,0.0000,0.0000,0.5000,"Accelerate",-0.025897
5362,A0100,pursuit_chase_v1,UNKNOWN,15151.853906,28486.899099,3913.100901,447.468848,-31695.764993,20126.290218,514.995634,31867.670458,22.011955,5919.712880,8.806563,0.032431,False,False,False,False,True,True,False,1-circle,-1.000000,6076.573258,-22544.059820,-1.125896,0.187385,100.000000,100.000000,0.000000,0.000000,2,4,4,0.0000,0.0000,0.0000,0.5000,"PursuitChaseOptimal",0.012817
5362,B0100,aggressive,UNKNOWN,15151.853906,28486.899099,3913.100901,447.468848,-31695.764993,20126.290218,514.995634,31867.670458,22.011955,5919.712880,8.806563,0.032431,False,False,False,False,True,True,False,1-circle,-1.000000,6076.573258,-22544.059820,-1.125896,0.187385,100.000000,100.000000,0.000000,0.000000,2,4,4,0.0000,0.0000,0.0000,0.5000,"Accelerate",-0.013157
5363,A0100,pursuit_chase_v1,UNKNOWN,15151.853906,28486.899099,3913.100901,447.468848,-31695.764993,20126.290218,514.995634,31867.670458,22.011955,5919.712880,8.806563,0.032431,False,False,False,False,True,True,False,1-circle,-1.000000,6076.573258,-22544.059820,-1.125896,0.187385,100.000000,100.000000,0.000000,0.000000,2,4,4,0.0000,0.0000,0.0000,0.5000,"PursuitChaseOptimal",-0.000748
5363,B0100,aggressive,UNKNOWN,15151.853906,28486.899099,3913.100901,447.468848,-31695.764993,20126.290218,514.995634,31867.670458,22.011955,5919.712880,8.806563,0.032431,False,False,False,False,True,True,False,1-circle,-1.000000,6076.573258,-22544.059820,-1.125896,0.187385,100.000000,100.000000,0.000000,0.000000,2,4,4,0.0000,0.0000,0.0000,0.5000,"Accelerate",0.001267
5364,A0100,pursuit_chase_v1,UNKNOWN,15151.247071,28489.610221,3910.389779,442.795981,-31697.920305,20127.167789,514.986901,31868.149806,9.586947,5919.155511,8.622093,0.017200,False,False,False,False,True,True,False,1-circle,-1.000000,6079.070527,-22452.807771,-0.597200,0.016555,100.000000,100.000000,0.000000,0.000000,2,4,4,0.0000,0.0000,0.0000,0.5000,"PursuitChaseOptimal",-0.009360
5364,B0100,aggressive,UNKNOWN,15151.247071,28489.610221,3910.389779,442.795981,-31697.920305,20127.167789,514.986901,31868.149806,9.586947,5919.155511,8.622093,0.017200,False,False,False,False,True,True,False,1-circle,-1.000000,6079.070527,-22452.807771,-0.597200,0.016555,100.000000,100.000000,0.000000,0.000000,2,4,4,0.0000,0.0000,0.0000,0.5000,"Accelerate",0.010101
5365,A0100,pursuit_chase_v1,UNKNOWN,15151.247071,28489.610221,3910.389779,442.795981,-31697.920305,20127.167789,514.986901,31868.149806,9.586947,5919.155511,8.622093,0.017200,False,False,False,False,True,True,False,1-circle,-1.000000,6079.070527,-22452.807771,-0.597200,0.016555,100.000000,100.000000,0.000000,0.000000,2,4,4,0.0000,0.0000,0.0000,0.5000,"PursuitChaseOptimal",-0.006166
5365,B0100,aggressive,UNKNOWN,15151.247071,28489.610221,3910.389779,442.795981,-31697.920305,20127.167789,514.986901,31868.149806,9.586947,5919.155511,8.622093,0.017200,False,False,False,False,True,True,False,1-circle,-1.000000,6079.070527,-22452.807771,-0.597200,0.016555,100.000000,100.000000,0.000000,0.000000,2,4,4,0.0000,0.0000,0.0000,0.5000,"Accelerate",0.006122
5366,A0100,pursuit_chase_v1,UNKNOWN,15150.627287,28491.681478,3908.318522,444.841037,-31701.989307,20128.134726,514.946167,31867.259466,-17.806783,5920.289405,8.678431,0.056218,False,False,False,False,True,True,False,1-circle,-1.000000,6081.494302,-22700.382672,-1.951104,0.037472,100.000000,100.000000,0.000000,0.000000,2,4,4,0.0000,0.0000,0.0000,0.5000,"PursuitChaseOptimal",-0.000609
5366,B0100,aggressive,UNKNOWN,15150.627287,28491.681478,3908.318522,444.841037,-31701.989307,20128.134726,514.946167,31867.259466,-17.806783,5920.289405,8.678431,0.056218,False,False,False,False,True,True,False,1-circle,-1.000000,6081.494302,-22700.382672,-1.951104,0.037472,100.000000,100.000000,0.000000,0.000000,2,4,4,0.0000,0.0000,0.0000,0.5000,"Accelerate",0.000130
5367,A0100,pursuit_chase_v1,UNKNOWN,15150.627287,28491.681478,3908.318522,444.841037,-31701.989307,20128.134726,514.946167,31867.259466,-17.806783,5920.289405,8.678431,0.056218,False,False,False,False,True,True,False,1-circle,-1.000000,6081.494302,-22700.382672,-1.951104,0.037472,100.000000,100.000000,0.000000,0.000000,2,4,4,0.0000,0.0000,0.0000,0.5000,"PursuitChaseOptimal",0.010464
5367,B0100,aggressive,UNKNOWN,15150.627287,28491.681478,3908.318522,444.841037,-31701.989307,20128.134726,514.946167,31867.259466,-17.806783,5920.289405,8.678431,0.056218,False,False,False,False,True,True,False,1-circle,-1.000000,6081.494302,-22700.382672,-1.951104,0.037472,100.000000,100.000000,0.000000,0.000000,2,4,4,0.0000,0.0000,0.0000,0.5000,"Accelerate",-0.010945
5368,A0100,pursuit_chase_v1,UNKNOWN,15150.026112,28481.575228,3918.424772,445.931618,-31705.904886,20129.024004,515.052335,31872.989845,114.607574,5924.547549,8.742484,0.016898,False,False,False,False,True,True,False,1-circle,-1.000000,6084.006302,-22247.500111,0.586777,-0.152150,100.000000,100.000000,0.000000,0.000000,2,4,4,0.0000,0.0000,0.0000,0.5000,"PursuitChaseOptimal",0.022718
5368,B0100,aggressive,UNKNOWN,15150.026112,28481.575228,3918.424772,445.931618,-31705.904886,20129.024004,515.052335,31872.989845,114.607574,5924.547549,8.742484,0.016898,False,False,False,False,True,True,False,1-circle,-1.000000,6084.006302,-22247.500111,0.586777,-0.152150,100.000000,100.000000,0.000000,0.000000,2,4,4,0.0000,0.0000,0.0000,0.5000,"Accelerate",-0.022802
5369,A0100,pursuit_chase_v1,UNKNOWN,15150.026112,28481.575228,3918.424772,445.931618,-31705.904886,20129.024004,515.052335,31872.989845,114.607574,5924.547549,8.742484,0.016898,False,False,False,False,True,True,False,1-circle,-1.000000,6084.006302,-22247.500111,0.586777,-0.152150,100.000000,100.000000,0.000000,0.000000,2,4,4,0.0000,0.0000,0.0000,0.5000,"PursuitChaseOptimal",0.026014
5369,B0100,aggressive,UNKNOWN,15150.026112,28481.575228,3918.424772,445.931618,-31705.904886,20129.024004,515.052335,31872.989845,114.607574,5924.547549,8.742484,0.016898,False,False,False,False,True,True,False,1-circle,-1.000000,6084.006302,-22247.500111,0.586777,-0.152150,100.000000,100.000000,0.000000,0.000000,2,4,4,0.0000,0.0000,0.0000,0.5000,"Accelerate",-0.026128
5370,A0100,pursuit_chase_v1,UNKNOWN,15149.378059,28487.866477,3912.133523,438.598453,-31705.263883,20129.923559,514.964190,31869.870047,-62.395960,5903.607651,8.485545,0.056087,False,False,False,False,True,True,False,1-circle,-1.000000,6086.355810,-22707.350044,-1.946648,0.061529,100.000000,100.000000,0.000000,0.000000,2,4,4,0.0000,0.0000,0.0000,0.5000,"PursuitChaseOptimal",0.013302
5370,B0100,aggressive,UNKNOWN,15149.378059,28487.866477,3912.133523,438.598453,-31705.263883,20129.923559,514.964190,31869.870047,-62.395960,5903.607651,8.485545,0.056087,False,False,False,False,True,True,False,1-circle,-1.000000,6086.355810,-22707.350044,-1.946648,0.061529,100.000000,100.000000,0.000000,0.000000,2,4,4,0.0000,0.0000,0.0000,0.5000,"Accelerate",-0.013806
5371,A0100,pursuit_chase_v1,UNKNOWN,15149.378059,28487.866477,3912.133523,438.598453,-31705.263883,20129.923559,514.964190,31869.870047,-62.395960,5903.607651,8.485545,0.056087,False,False,False,False,True,True,False,1-circle,-1.000000,6086.355810,-22707.350044,-1.946648,0.061529,100.000000,100.000000,0.000000,0.000000,2,4,4,0.0000,0.0000,0.0000,0.5000,"PursuitChaseOptimal",-0.000552
5371,B0100,aggressive,UNKNOWN,15149.378059,28487.866477,3912.133523,438.598453,-31705.263883,20129.923559,514.964190,31869.870047,-62.395960,5903.607651,8.485545,0.056087,False,False,False,False,True,True,False,1-circle,-1.000000,6086.355810,-22707.350044,-1.946648,0.061529,100.000000,100.000000,0.000000,0.000000,2,4,4,0.0000,0.0000,0.0000,0.5000,"Accelerate",0.000133
5372,A0100,pursuit_chase_v1,UNKNOWN,15148.695106,28479.582752,3920.417248,435.604558,-31711.813695,20130.826979,515.071309,31875.658120,115.761456,5911.077538,8.429552,0.005339,False,False,False,False,True,True,False,1-circle,-1.000000,6088.535652,-22394.041098,-0.185398,-0.025438,100.000000,100.000000,0.000000,0.000000,2,4,4,0.0000,0.0000,0.0000,0.5000,"PursuitChaseOptimal",-0.009172
5372,B0100,aggressive,UNKNOWN,15148.695106,28479.582752,3920.417248,435.604558,-31711.813695,20130.826979,515.071309,31875.658120,115.761456,5911.077538,8.429552,0.005339,False,False,False,False,True,True,False,1-circle,-1.000000,6088.535652,-22394.041098,-0.185398,-0.025438,100.000000,100.000000,0.000000,0.000000,2,4,4,0.0000,0.0000,0.0000,0.5000,"Accelerate",0.009223
5373,A0100,pursuit_chase_v1,UNKNOWN,15148.695106,28479.582752,3920.417248,435.604558,-31711.813695,20130.826979,515.071309,31875.658120,115.761456,5911.077538,8.429552,0.005339,False,False,False,False,True,True,False,1-circle,-1.000000,6088.535652,-22394.041098,-0.185398,-0.025438,100.000000,100.000000,0.000000,0.000000,2,4,4,0.0000,0.0000,0.0000,0.5000,"PursuitChaseOptimal",-0.008415
5373,B0100,aggressive,UNKNOWN,15148.695106,28479.582752,3920.417248,435.604558,-31711.813695,20130.826979,515.071309,31875.658120,115.761456,5911.077538,8.429552,0.005339,False,False,False,False,True,True,False,1-circle,-1.000000,6088.535652,-22394.041098,-0.185398,-0.025438,100.000000,100.000000,0.000000,0.000000,2,4,4,0.0000,0.0000,0.0000,0.5000,"Accelerate",0.009090
5374,A0100,pursuit_chase_v1,UNKNOWN,15148.032282,28482.053105,3917.946895,438.182144,-31715.084736,20131.674244,515.011912,31873.796747,-37.227454,5910.103770,8.526899,0.001814,False,False,False,False,True,True,False,1-circle,-1.000000,6090.787637,-22353.094255,0.062994,-0.083916,100.000000,100.000000,0.000000,0.000000,2,4,4,0.0000,0.0000,0.0000,0.5000,"PursuitChaseOptimal",-0.006180
5374,B0100,aggressive,UNKNOWN,15148.032282,28482.053105,3917.946895,438.182144,-31715.084736,20131.674244,515.011912,31873.796747,-37.227454,5910.103770,8.526899,0.001814,False,False,False,False,True,True,False,1-circle,-1.000000,6090.787637,-22353.094255,0.062994,-0.083916,100.000000,100.000000,0.000000,0.000000,2,4,4,0.0000,0.0000,0.0000,0.5000,"Accelerate",0.006808
5375,A0100,pursuit_chase_v1,UNKNOWN,15148.032282,28482.053105,3917.946895,438.182144,-31715.084736,20131.674244,515.011912,31873.796747,-37.227454,5910.103770,8.526899,0.001814,False,False,False,False,True,True,False,1-circle,-1.000000,6090.787637,-22353.094255,0.062994,-0.083916,100.000000,100.000000,0.000000,0.000000,2,4,4,0.0000,0.0000,0.0000,0.5000,"PursuitChaseOptimal",0.007514
5375,B0100,aggressive,UNKNOWN,15148.032282,28482.053105,3917.946895,438.182144,-31715.084736,20131.674244,515.011912,31873.796747,-37.227454,5910.103770,8.526899,0.001814,False,False,False,False,True,True,False,1-circle,-1.000000,6090.787637,-22353.094255,0.062994,-0.083916,100.000000,100.000000,0.000000,0.000000,2,4,4,0.0000,0.0000,0.0000,0.5000,"Accelerate",-0.007840
5376,A0100,pursuit_chase_v1,UNKNOWN,15147.348660,28484.463650,3915.536350,434.076442,-31719.894455,20132.605117,514.981401,31873.336352,-9.207907,5904.955928,8.517938,0.039943,False,False,False,False,True,True,False,1-circle,-1.000000,6092.997412,-22617.787448,-1.386703,0.101479,100.000000,100.000000,0.000000,0.000000,2,4,4,0.0000,0.0000,0.0000,0.5000,"PursuitChaseOptimal",0.017636
5376,B0100,aggressive,UNKNOWN,15147.348660,28484.463650,3915.536350,434.076442,-31719.894455,20132.605117,514.981401,31873.336352,-9.207907,5904.955928,8.517938,0.039943,False,False,False,False,True,True,False,1-circle,-1.000000,6092.997412,-22617.787448,-1.386703,0.101479,100.000000,100.000000,0.000000,0.000000,2,4,4,0.0000,0.0000,0.0000,0.5000,"Accelerate",-0.018373
5377,A0100,pursuit_chase_v1,UNKNOWN,15147.348660,28484.463650,3915.536350,434.076442,-31719.894455,20132.605117,514.981401,31873.336352,-9.207907,5904.955928,8.517938,0.039943,False,False,False,False,True,True,False,1-circle,-1.000000,6092.997412,-22617.787448,-1.386703,0.101479,100.000000,100.000000,0.000000,0.000000,2,4,4,0.0000,0.0000,0.0000,0.5000,"PursuitChaseOptimal",0.021287
5377,B0100,aggressive,UNKNOWN,15147.348660,28484.463650,3915.536350,434.076442,-31719.894455,20132.605117,514.981401,31873.336352,-9.207907,5904.955928,8.517938,0.039943,False,False,False,False,True,True,False,1-circle,-1.000000,6092.997412,-22617.787448,-1.386703,0.101479,100.000000,100.000000,0.000000,0.000000,2,4,4,0.0000,0.0000,0.0000,0.5000,"Accelerate",-0.021818
5378,A0100,pursuit_chase_v1,UNKNOWN,15146.643577,28477.000540,3922.999460,431.479897,-31724.217196,20133.477079,515.078747,31878.647403,106.221016,5895.481403,8.491620,0.035342,False,False,False,False,True,True,False,1-circle,-1.000000,6095.152378,-22150.983619,1.227240,-0.134821,100.000000,100.000000,0.000000,0.000000,2,4,4,0.0000,0.0000,0.0000,0.5000,"PursuitChaseOptimal",0.009420
5378,B0100,aggressive,UNKNOWN,15146.643577,28477.000540,3922.999460,431.479897,-31724.217196,20133.477079,515.078747,31878.647403,106.221016,5895.481403,8.491620,0.035342,False,False,False,False,True,True,False,1-circle,-1.000000,6095.152378,-22150.983619,1.227240,-0.134821,100.000000,100.000000,0.000000,0.000000,2,4,4,0.0000,0.0000,0.0000,0.5000,"Accelerate",-0.009087
5379,A0100,pursuit_chase_v1,UNKNOWN,15146.643577,28477.000540,3922.999460,431.479897,-31724.217196,20133.477079,515.078747,31878.647403,106.221016,5895.481403,8.491620,0.035342,False,False,False,False,True,True,False,1-circle,-1.000000,6095.152378,-22150.983619,1.227240,-0.134821,100.000000,100.000000,0.000000,0.000000,2,4,4,0.0000,0.0000,0.0000,0.5000,"PursuitChaseOptimal",-0.003714
5379,B0100,aggressive,UNKNOWN,15146.643577,28477.000540,3922.999460,431.479897,-31724.217196,20133.477079,515.078747,31878.647403,106.221016,5895.481403,8.491620,0.035342,False,False,False,False,True,True,False,1-circle,-1.000000,6095.152378,-22150.983619,1.227240,-0.134821,100.000000,100.000000,0.000000,0.000000,2,4,4,0.0000,0.0000,0.0000,0.5000,"Accelerate",0.004349
5380,A0100,pursuit_chase_v1,UNKNOWN,15145.894253,28486.402809,3913.597191,427.598122,-31724.312311,20134.384081,514.986633,31875.353882,-65.870421,5888.944875,8.299090,0.038362,False,False,False,False,True,True,False,1-circle,-1.000000,6097.144173,-22615.221143,-1.331858,0.088353,100.000000,100.000000,0.000000,0.000000,2,4,4,0.0000,0.0000,0.0000,0.5000,"PursuitChaseOptimal",-0.011825
5380,B0100,aggressive,UNKNOWN,15145.894253,28486.402809,3913.597191,427.598122,-31724.312311,20134.384081,514.986633,31875.353882,-65.870421,5888.944875,8.299090,0.038362,False,False,False,False,True,True,False,1-circle,-1.000000,6097.144173,-22615.221143,-1.331858,0.088353,100.000000,100.000000,0.000000,0.000000,2,4,4,0.0000,0.0000,0.0000,0.5000,"Accelerate",0.012101
5381,A0100,pursuit_chase_v1,UNKNOWN,15145.894253,28486.402809,3913.597191,427.598122,-31724.312311,20134.384081,514.986633,31875.353882,-65.870421,5888.944875,8.299090,0.038362,False,False,False,False,True,True,False,1-circle,-1.000000,6097.144173,-22615.221143,-1.331858,0.088353,100.000000,100.000000,0.000000,0.000000,2,4,4,0.0000,0.0000,0.0000,0.5000,"PursuitChaseOptimal",-0.010617
5381,B0100,aggressive,UNKNOWN,15145.894253,28486.402809,3913.597191,427.598122,-31724.312311,20134.384081,514.986633,31875.353882,-65.870421,5888.944875,8.299090,0.038362,False,False,False,False,True,True,False,1-circle,-1.000000,6097.144173,-22615.221143,-1.331858,0.088353,100.000000,100.000000,0.000000,0.000000,2,4,4,0.0000,0.0000,0.0000,0.5000,"Accelerate",0.010725
5382,A0100,pursuit_chase_v1,UNKNOWN,15145.151227,28486.337493,3913.662507,427.307228,-31732.957096,20135.353203,515.043232,31878.903932,71.001018,5895.748721,8.377246,0.001562,False,False,False,False,True,True,False,1-circle,-1.000000,6099.115892,-22369.300741,0.054254,0.203158,100.000000,100.000000,0.000000,0.000000,2,4,4,0.0000,0.0000,0.0000,0.5000,"PursuitChaseOptimal",-0.007975
5382,B0100,aggressive,UNKNOWN,15145.151227,28486.337493,3913.662507,427.307228,-31732.957096,20135.353203,515.043232,31878.903932,71.001018,5895.748721,8.377246,0.001562,False,False,False,False,True,True,False,1-circle,-1.000000,6099.115892,-22369.300741,0.054254,0.203158,100.000000,100.000000,0.000000,0.000000,2,4,4,0.0000,0.0000,0.0000,0.5000,"Accelerate",0.008606
5383,A0100,pursuit_chase_v1,UNKNOWN,15145.151227,28486.337493,3913.662507,427.307228,-31732.957096,20135.353203,515.043232,31878.903932,71.001018,5895.748721,8.377246,0.001562,False,False,False,False,True,True,False,1-circle,-1.000000,6099.115892,-22369.300741,0.054254,0.203158,100.000000,100.000000,0.000000,0.000000,2,4,4,0.0000,0.0000,0.0000,0.5000,"PursuitChaseOptimal",0.006127
5383,B0100,aggressive,UNKNOWN,15145.151227,28486.337493,3913.662507,427.307228,-31732.957096,20135.353203,515.043232,31878.903932,71.001018,5895.748721,8.377246,0.001562,False,False,False,False,True,True,False,1-circle,-1.000000,6099.115892,-22369.300741,0.054254,0.203158,100.000000,100.000000,0.000000,0.000000,2,4,4,0.0000,0.0000,0.0000,0.5000,"Accelerate",-0.005724
5384,A0100,pursuit_chase_v1,UNKNOWN,15144.402519,28494.514866,3905.485134,426.654697,-31731.577906,20136.372755,514.941811,31875.298882,-72.101012,5885.157007,8.346050,0.067614,False,False,False,False,True,True,False,1-circle,-1.000000,6101.096673,-22805.014576,-2.346434,0.044871,100.000000,100.000000,0.000000,0.000000,2,4,4,0.0000,0.0000,0.0000,0.5000,"PursuitChaseOptimal",0.016603
5384,B0100,aggressive,UNKNOWN,15144.402519,28494.514866,3905.485134,426.654697,-31731.577906,20136.372755,514.941811,31875.298882,-72.101012,5885.157007,8.346050,0.067614,False,False,False,False,True,True,False,1-circle,-1.000000,6101.096673,-22805.014576,-2.346434,0.044871,100.000000,100.000000,0.000000,0.000000,2,4,4,0.0000,0.0000,0.0000,0.5000,"Accelerate",-0.017130
5385,A0100,pursuit_chase_v1,UNKNOWN,15144.402519,28494.514866,3905.485134,426.654697,-31731.577906,20136.372755,514.941811,31875.298882,-72.101012,5885.157007,8.346050,0.067614,False,False,False,False,True,True,False,1-circle,-1.000000,6101.096673,-22805.014576,-2.346434,0.044871,100.000000,100.000000,0.000000,0.000000,2,4,4,0.0000,0.0000,0.0000,0.5000,"PursuitChaseOptimal",0.020486
5385,B0100,aggressive,UNKNOWN,15144.402519,28494.514866,3905.485134,426.654697,-31731.577906,20136.372755,514.941811,31875.298882,-72.101012,5885.157007,8.346050,0.067614,False,False,False,False,True,True,False,1-circle,-1.000000,6101.096673,-22805.014576,-2.346434,0.044871,100.000000,100.000000,0.000000,0.000000,2,4,4,0.0000,0.0000,0.0000,0.5000,"Accelerate",-0.021325
5386,A0100,pursuit_chase_v1,UNKNOWN,15143.610970,28486.072117,3913.927883,423.192595,-31738.291676,20137.409045,515.042546,31880.928465,112.591668,5875.698026,8.357961,0.018441,False,False,False,False,True,True,False,1-circle,-1.000000,6102.958877,-22501.442725,-0.640404,0.002764,100.000000,100.000000,0.000000,0.000000,0,0,0,0.0000,0.0000,0.0000,0.5000,"PursuitChaseOptimal",0.014482
5386,B0100,aggressive,UNKNOWN,15143.610970,28486.072117,3913.927883,423.192595,-31738.291676,20137.409045,515.042546,31880.928465,112.591668,5875.698026,8.357961,0.018441,False,False,False,False,True,True,False,1-circle,-1.000000,6102.958877,-22501.442725,-0.640404,0.002764,100.000000,100.000000,0.000000,0.000000,2,4,4,0.0000,0.0000,0.0000,0.5000,"Accelerate",-0.015024
5387,A0100,pursuit_chase_v1,UNKNOWN,15143.610970,28486.072117,3913.927883,423.192595,-31738.291676,20137.409045,515.042546,31880.928465,112.591668,5875.698026,8.357961,0.018441,False,False,False,False,True,True,False,1-circle,-1.000000,6102.958877,-22501.442725,-0.640404,0.002764,100.000000,100.000000,0.000000,0.000000,0,0,0,0.0000,0.0000,0.0000,0.5000,"PursuitChaseOptimal",0.016978
5387,B0100,aggressive,UNKNOWN,15143.610970,28486.072117,3913.927883,423.192595,-31738.291676,20137.409045,515.042546,31880.928465,112.591668,5875.698026,8.357961,0.018441,False,False,False,False,True,True,False,1-circle,-1.000000,6102.958877,-22501.442725,-0.640404,0.002764,100.000000,100.000000,0.000000,0.000000,2,4,4,0.0000,0.0000,0.0000,0.5000,"Accelerate",-0.017050
5388,A0100,pursuit_chase_v1,UNKNOWN,15142.801375,28483.176377,3916.823623,419.012619,-31741.583663,20138.358042,515.029557,31881.285160,7.133894,5875.239170,8.137000,0.012267,False,False,False,False,True,True,False,1-circle,-1.000000,6104.753550,-22466.325177,-0.426018,-0.209749,100.000000,100.000000,0.000000,0.000000,0,0,0,0.0000,0.0000,0.0000,0.5000,"PursuitChaseOptimal",0.023720
5388,B0100,aggressive,UNKNOWN,15142.801375,28483.176377,3916.823623,419.012619,-31741.583663,20138.358042,515.029557,31881.285160,7.133894,5875.239170,8.137000,0.012267,False,False,False,False,True,True,False,1-circle,-1.000000,6104.753550,-22466.325177,-0.426018,-0.209749,100.000000,100.000000,0.000000,0.000000,2,4,4,0.0000,0.0000,0.0000,0.5000,"Accelerate",-0.023687
5389,A0100,pursuit_chase_v1,UNKNOWN,15142.801375,28483.176377,3916.823623,419.012619,-31741.583663,20138.358042,515.029557,31881.285160,7.133894,5875.239170,8.137000,0.012267,False,False,False,False,True,True,False,1-circle,-1.000000,6104.753550,-22466.325177,-0.426018,-0.209749,100.000000,100.000000,0.000000,0.000000,0,0,0,0.0000,0.0000,0.0000,0.5000,"PursuitChaseOptimal",0.027858
5389,B0100,aggressive,UNKNOWN,15142.801375,28483.176377,3916.823623,419.012619,-31741.583663,20138.358042,515.029557,31881.285160,7.133894,5875.239170,8.137000,0.012267,False,False,False,False,True,True,False,1-circle,-1.000000,6104.753550,-22466.325177,-0.426018,-0.209749,100.000000,100.000000,0.000000,0.000000,2,4,4,0.0000,0.0000,0.0000,0.5000,"Accelerate",-0.028448
5390,A0100,pursuit_chase_v1,UNKNOWN,15142.031452,28483.609706,3916.390294,407.744300,-31746.319372,20139.342250,514.977769,31879.907894,-27.545318,5916.702517,6.988979,0.055282,False,False,False,False,True,True,False,1-circle,-1.000000,6106.325381,-22738.348756,-1.919006,0.005977,100.000000,100.000000,0.000000,0.000000,2,0,4,0.0000,0.0000,0.0000,0.5000,"PursuitChaseOptimal",0.028870
5390,B0100,aggressive,UNKNOWN,15142.031452,28483.609706,3916.390294,407.744300,-31746.319372,20139.342250,514.977769,31879.907894,-27.545318,5916.702517,6.988979,0.055282,False,False,False,False,True,True,False,1-circle,-1.000000,6106.325381,-22738.348756,-1.919006,0.005977,100.000000,100.000000,0.000000,0.000000,2,4,4,0.0000,0.0000,0.0000,0.5000,"Accelerate",-0.029701
5391,A0100,pursuit_chase_v1,UNKNOWN,15142.031452,28483.609706,3916.390294,407.744300,-31746.319372,20139.342250,514.977769,31879.907894,-27.545318,5916.702517,6.988979,0.055282,False,False,False,False,True,True,False,1-circle,-1.000000,6106.325381,-22738.348756,-1.919006,0.005977,100.000000,100.000000,0.000000,0.000000,2,0,4,0.0000,0.0000,0.0000,0.5000,"PursuitChaseOptimal",0.023323
5391,B0100,aggressive,UNKNOWN,15142.031452,28483.609706,3916.390294,407.744300,-31746.319372,20139.342250,514.977769,31879.907894,-27.545318,5916.702517,6.988979,0.055282,False,False,False,False,True,True,False,1-circle,-1.000000,6106.325381,-22738.348756,-1.919006,0.005977,100.000000,100.000000,0.000000,0.000000,2,4,4,0.0000,0.0000,0.0000,0.5000,"Accelerate",-0.023717
5392,A0100,pursuit_chase_v1,UNKNOWN,15141.392123,28474.770937,3925.229063,396.225928,-31750.585365,20140.242472,515.057823,31884.458555,91.013217,5961.098038,6.001221,0.019384,False,False,False,False,True,True,False,1-circle,-1.000000,6107.737281,-22274.839685,0.673196,-0.110837,100.000000,100.000000,0.000000,0.000000,2,4,4,0.0000,0.0000,0.0000,0.5000,"PursuitChaseOptimal",0.025763
5392,B0100,aggressive,UNKNOWN,15141.392123,28474.770937,3925.229063,396.225928,-31750.585365,20140.242472,515.057823,31884.458555,91.013217,5961.098038,6.001221,0.019384,False,False,False,False,True,True,False,1-circle,-1.000000,6107.737281,-22274.839685,0.673196,-0.110837,100.000000,100.000000,0.000000,0.000000,2,4,4,0.0000,0.0000,0.0000,0.5000,"Accelerate",-0.025493
5393,A0100,pursuit_chase_v1,UNKNOWN,15141.392123,28474.770937,3925.229063,396.225928,-31750.585365,20140.242472,515.057823,31884.458555,91.013217,5961.098038,6.001221,0.019384,False,False,False,False,True,True,False,1-circle,-1.000000,6107.737281,-22274.839685,0.673196,-0.110837,100.000000,100.000000,0.000000,0.000000,2,4,4,0.0000,0.0000,0.0000,0.5000,"PursuitChaseOptimal",0.020518
5393,B0100,aggressive,UNKNOWN,15141.392123,28474.770937,3925.229063,396.225928,-31750.585365,20140.242472,515.057823,31884.458555,91.013217,5961.098038,6.001221,0.019384,False,False,False,False,True,True,False,1-circle,-1.000000,6107.737281,-22274.839685,0.673196,-0.110837,100.000000,100.000000,0.000000,0.000000,2,4,4,0.0000,0.0000,0.0000,0.5000,"Accelerate",-0.020183
5394,A0100,pursuit_chase_v1,UNKNOWN,15140.844759,28483.258768,3916.741232,382.735968,-31750.393701,20141.167362,514.951411,31880.531190,-78.547306,5980.343090,5.047490,0.055136,False,False,False,False,True,True,False,1-circle,-1.000000,6108.902727,-22743.338729,-1.913896,0.062555,100.000000,100.000000,0.000000,0.000000,2,4,4,0.0000,0.0000,0.0000,0.5000,"PursuitChaseOptimal",0.016056
5394,B0100,aggressive,UNKNOWN,15140.844759,28483.258768,3916.741232,382.735968,-31750.393701,20141.167362,514.951411,31880.531190,-78.547306,5980.343090,5.047490,0.055136,False,False,False,False,True,True,False,1-circle,-1.000000,6108.902727,-22743.338729,-1.913896,0.062555,100.000000,100.000000,0.000000,0.000000,2,4,4,0.0000,0.0000,0.0000,0.5000,"Accelerate",-0.016355
5395,A0100,pursuit_chase_v1,UNKNOWN,15140.844759,28483.258768,3916.741232,382.735968,-31750.393701,20141.167362,514.951411,31880.531190,-78.547306,5980.343090,5.047490,0.055136,False,False,False,False,True,True,False,1-circle,-1.000000,6108.902727,-22743.338729,-1.913896,0.062555,100.000000,100.000000,0.000000,0.000000,2,4,4,0.0000,0.0000,0.0000,0.5000,"PursuitChaseOptimal",0.017789
5395,B0100,aggressive,UNKNOWN,15140.844759,28483.258768,3916.741232,382.735968,-31750.393701,20141.167362,514.951411,31880.531190,-78.547306,5980.343090,5.047490,0.055136,False,False,False,False,True,True,False,1-circle,-1.000000,6108.902727,-22743.338729,-1.913896,0.062555,100.000000,100.000000,0.000000,0.000000,2,4,4,0.0000,0.0000,0.0000,0.5000,"Accelerate",-0.018292
5396,A0100,pursuit_chase_v1,UNKNOWN,15140.330905,28476.416292,3923.583708,370.053971,-31757.140182,20142.109421,515.042217,31885.613826,101.652731,5992.439387,4.690058,0.005725,False,False,False,False,True,True,False,1-circle,-1.000000,6109.882878,-22437.252259,-0.198828,-0.003188,100.000000,100.000000,0.000000,0.000000,2,4,4,0.0000,0.0000,0.0000,0.5000,"PursuitChaseOptimal",0.023476
5396,B0100,aggressive,UNKNOWN,15140.330905,28476.416292,3923.583708,370.053971,-31757.140182,20142.109421,515.042217,31885.613826,101.652731,5992.439387,4.690058,0.005725,False,False,False,False,True,True,False,1-circle,-1.000000,6109.882878,-22437.252259,-0.198828,-0.003188,100.000000,100.000000,0.000000,0.000000,2,4,4,0.0000,0.0000,0.0000,0.5000,"Accelerate",-0.023707
5397,A0100,pursuit_chase_v1,UNKNOWN,15140.330905,28476.416292,3923.583708,370.053971,-31757.140182,20142.109421,515.042217,31885.613826,101.652731,5992.439387,4.690058,0.005725,False,False,False,False,True,True,False,1-circle,-1.000000,6109.882878,-22437.252259,-0.198828,-0.003188,100.000000,100.000000,0.000000,0.000000,2,4,4,0.0000,0.0000,0.0000,0.5000,"PursuitChaseOptimal",0.020802
5397,B0100,aggressive,UNKNOWN,15140.330905,28476.416292,3923.583708,370.053971,-31757.140182,20142.109421,515.042217,31885.613826,101.652731,5992.439387,4.690058,0.005725,False,False,False,False,True,True,False,1-circle,-1.000000,6109.882878,-22437.252259,-0.198828,-0.003188,100.000000,100.000000,0.000000,0.000000,2,4,4,0.0000,0.0000,0.0000,0.5000,"Accelerate",-0.020360
5398,A0100,pursuit_chase_v1,UNKNOWN,15139.834800,28479.350221,3920.649779,356.563529,-31760.507219,20142.996101,514.986778,31883.972516,-32.826196,5984.264198,4.326120,0.000281,False,False,False,False,True,True,False,1-circle,-1.000000,6110.739622,-22402.181516,0.009774,-0.063406,100.000000,100.000000,0.000000,0.000000,2,4,4,0.0000,0.0000,0.0000,0.5000,"PursuitChaseOptimal",0.022291
5398,B0100,aggressive,UNKNOWN,15139.834800,28479.350221,3920.649779,356.563529,-31760.507219,20142.996101,514.986778,31883.972516,-32.826196,5984.264198,4.326120,0.000281,False,False,False,False,True,True,False,1-circle,-1.000000,6110.739622,-22402.181516,0.009774,-0.063406,100.000000,100.000000,0.000000,0.000000,2,4,4,0.0000,0.0000,0.0000,0.5000,"Accelerate",-0.021832
5399,A0100,pursuit_chase_v1,UNKNOWN,15139.834800,28479.350221,3920.649779,356.563529,-31760.507219,20142.996101,514.986778,31883.972516,-32.826196,5984.264198,4.326120,0.000281,False,False,False,False,True,True,False,1-circle,-1.000000,6110.739622,-22402.181516,0.009774,-0.063406,100.000000,100.000000,0.000000,0.000000,2,4,4,0.0000,0.0000,0.0000,0.5000,"PursuitChaseOptimal",0.025719
5399,B0100,aggressive,UNKNOWN,15139.834800,28479.350221,3920.649779,356.563529,-31760.507219,20142.996101,514.986778,31883.972516,-32.826196,5984.264198,4.326120,0.000281,False,False,False,False,True,True,False,1-circle,-1.000000,6110.739622,-22402.181516,0.009774,-0.063406,100.000000,100.000000,0.000000,0.000000,2,4,4,0.0000,0.0000,0.0000,0.5000,"Accelerate",-0.025894
5400,A0100,pursuit_chase_v1,UNKNOWN,15139.295922,28482.380395,3917.619605,344.204046,-31765.304400,20143.963046,514.959749,31883.707061,-5.309105,5972.453259,3.992665,0.042601,False,False,False,False,True,True,False,1-circle,-1.000000,6111.325508,-22672.415071,-1.479070,0.122740,100.000000,100.000000,0.000000,0.000000,2,4,4,0.0000,0.0000,0.0000,0.5000,"PursuitChaseOptimal",0.027702
5400,B0100,aggressive,UNKNOWN,15139.295922,28482.380395,3917.619605,344.204046,-31765.304400,20143.963046,514.959749,31883.707061,-5.309105,5972.453259,3.992665,0.042601,False,False,False,False,True,True,False,1-circle,-1.000000,6111.325508,-22672.415071,-1.479070,0.122740,100.000000,100.000000,0.000000,0.000000,2,4,4,0.0000,0.0000,0.0000,0.5000,"Accelerate",-0.028053
5401,A0100,pursuit_chase_v1,UNKNOWN,15139.295922,28482.380395,3917.619605,344.204046,-31765.304400,20143.963046,514.959749,31883.707061,-5.309105,5972.453259,3.992665,0.042601,False,False,False,False,True,True,False,1-circle,-1.000000,6111.325508,-22672.415071,-1.479070,0.122740,100.000000,100.000000,0.000000,0.000000,2,4,4,0.0000,0.0000,0.0000,0.5000,"PursuitChaseOptimal",0.029128
5401,B0100,aggressive,UNKNOWN,15139.295922,28482.380395,3917.619605,344.204046,-31765.304400,20143.963046,514.959749,31883.707061,-5.309105,5972.453259,3.992665,0.042601,False,False,False,False,True,True,False,1-circle,-1.000000,6111.325508,-22672.415071,-1.479070,0.122740,100.000000,100.000000,0.000000,0.000000,2,4,4,0.0000,0.0000,0.0000,0.5000,"Accelerate",-0.029165
5402,A0100,pursuit_chase_v1,UNKNOWN,15138.745038,28475.686624,3924.313376,335.931405,-31769.530705,20144.868233,515.060274,31889.196112,109.781020,5968.335752,3.700013,0.031854,False,False,False,False,True,True,False,1-circle,-1.000000,6111.750510,-22209.126153,1.106287,-0.113766,100.000000,100.000000,0.000000,0.000000,2,4,4,0.0000,0.0000,0.0000,0.5000,"PursuitChaseOptimal",0.030289
5402,B0100,aggressive,UNKNOWN,15138.745038,28475.686624,3924.313376,335.931405,-31769.530705,20144.868233,515.060274,31889.196112,109.781020,5968.335752,3.700013,0.031854,False,False,False,False,True,True,False,1-circle,-1.000000,6111.750510,-22209.126153,1.106287,-0.113766,100.000000,100.000000,0.000000,0.000000,2,4,4,0.0000,0.0000,0.0000,0.5000,"Accelerate",-0.029630
5403,A0100,pursuit_chase_v1,UNKNOWN,15138.745038,28475.686624,3924.313376,335.931405,-31769.530705,20144.868233,515.060274,31889.196112,109.781020,5968.335752,3.700013,0.031854,False,False,False,False,True,True,False,1-circle,-1.000000,6111.750510,-22209.126153,1.106287,-0.113766,100.000000,100.000000,0.000000,0.000000,2,4,4,0.0000,0.0000,0.0000,0.5000,"PursuitChaseOptimal",0.031236
5403,B0100,aggressive,UNKNOWN,15138.745038,28475.686624,3924.313376,335.931405,-31769.530705,20144.868233,515.060274,31889.196112,109.781020,5968.335752,3.700013,0.031854,False,False,False,False,True,True,False,1-circle,-1.000000,6111.750510,-22209.126153,1.106287,-0.113766,100.000000,100.000000,0.000000,0.000000,2,4,4,0.0000,0.0000,0.0000,0.5000,"Accelerate",-0.030442
5404,A0100,pursuit_chase_v1,UNKNOWN,15138.153226,28486.019946,3913.980054,333.885536,-31769.378089,20145.806893,514.970563,31886.043950,-63.043253,5950.870417,3.179691,0.042770,False,False,False,False,True,True,False,1-circle,-1.000000,6111.897673,-22677.405186,-1.485006,0.108288,100.000000,100.000000,0.000000,0.000000,2,4,4,0.0000,0.0000,0.0000,0.5000,"PursuitChaseOptimal",0.031979
5404,B0100,aggressive,UNKNOWN,15138.153226,28486.019946,3913.980054,333.885536,-31769.378089,20145.806893,514.970563,31886.043950,-63.043253,5950.870417,3.179691,0.042770,False,False,False,False,True,True,False,1-circle,-1.000000,6111.897673,-22677.405186,-1.485006,0.108288,100.000000,100.000000,0.000000,0.000000,2,4,4,0.0000,0.0000,0.0000,0.5000,"Accelerate",-0.031634
5405,A0100,pursuit_chase_v1,UNKNOWN,15138.153226,28486.019946,3913.980054,333.885536,-31769.378089,20145.806893,514.970563,31886.043950,-63.043253,5950.870417,3.179691,0.042770,False,False,False,False,True,True,False,1-circle,-1.000000,6111.897673,-22677.405186,-1.485006,0.108288,100.000000,100.000000,0.000000,0.000000,2,4,4,0.0000,0.0000,0.0000,0.5000,"PursuitChaseOptimal",0.032547
5405,B0100,aggressive,UNKNOWN,15138.153226,28486.019946,3913.980054,333.885536,-31769.378089,20145.806893,514.970563,31886.043950,-63.043253,5950.870417,3.179691,0.042770,False,False,False,False,True,True,False,1-circle,-1.000000,6111.897673,-22677.405186,-1.485006,0.108288,100.000000,100.000000,0.000000,0.000000,2,4,4,0.0000,0.0000,0.0000,0.5000,"Accelerate",-0.032265
5406,A0100,pursuit_chase_v1,UNKNOWN,15137.530085,28486.900394,3913.099606,326.638375,-31777.490685,20146.806118,515.029955,31889.751358,74.148174,5943.165100,2.710972,0.001009,False,False,False,False,True,True,False,1-circle,-1.000000,6111.729203,-22417.995513,-0.035049,0.221882,100.000000,100.000000,0.000000,0.000000,2,4,4,0.0000,0.0000,0.0000,0.5000,"PursuitChaseOptimal",0.033050
5406,B0100,aggressive,UNKNOWN,15137.530085,28486.900394,3913.099606,326.638375,-31777.490685,20146.806118,515.029955,31889.751358,74.148174,5943.165100,2.710972,0.001009,False,False,False,False,True,True,False,1-circle,-1.000000,6111.729203,-22417.995513,-0.035049,0.221882,100.000000,100.000000,0.000000,0.000000,2,4,4,0.0000,0.0000,0.0000,0.5000,"Accelerate",-0.032153
5407,A0100,pursuit_chase_v1,UNKNOWN,15137.530085,28486.900394,3913.099606,326.638375,-31777.490685,20146.806118,515.029955,31889.751358,74.148174,5943.165100,2.710972,0.001009,False,False,False,False,True,True,False,1-circle,-1.000000,6111.729203,-22417.995513,-0.035049,0.221882,100.000000,100.000000,0.000000,0.000000,2,4,4,0.0000,0.0000,0.0000,0.5000,"PursuitChaseOptimal",0.033508
5407,B0100,aggressive,UNKNOWN,15137.530085,28486.900394,3913.099606,326.638375,-31777.490685,20146.806118,515.029955,31889.751358,74.148174,5943.165100,2.710972,0.001009,False,False,False,False,True,True,False,1-circle,-1.000000,6111.729203,-22417.995513,-0.035049,0.221882,100.000000,100.000000,0.000000,0.000000,2,4,4,0.0000,0.0000,0.0000,0.5000,"Accelerate",-0.032520
5408,A0100,pursuit_chase_v1,UNKNOWN,15136.870507,28496.531761,3903.468239,332.426110,-31776.840117,20147.854096,514.930750,31886.275942,-69.508332,5923.871623,2.207305,0.071480,False,False,False,False,True,True,False,1-circle,-1.000000,6111.251605,-22859.556541,-2.480744,0.062136,100.000000,100.000000,0.000000,0.000000,2,4,4,0.0000,0.0000,0.0000,0.5000,"PursuitChaseOptimal",0.030974
5408,B0100,aggressive,UNKNOWN,15136.870507,28496.531761,3903.468239,332.426110,-31776.840117,20147.854096,514.930750,31886.275942,-69.508332,5923.871623,2.207305,0.071480,False,False,False,False,True,True,False,1-circle,-1.000000,6111.251605,-22859.556541,-2.480744,0.062136,100.000000,100.000000,0.000000,0.000000,2,4,4,0.0000,0.0000,0.0000,0.5000,"Accelerate",-0.030684
5409,A0100,pursuit_chase_v1,UNKNOWN,15136.870507,28496.531761,3903.468239,332.426110,-31776.840117,20147.854096,514.930750,31886.275942,-69.508332,5923.871623,2.207305,0.071480,False,False,False,False,True,True,False,1-circle,-1.000000,6111.251605,-22859.556541,-2.480744,0.062136,100.000000,100.000000,0.000000,0.000000,2,4,4,0.0000,0.0000,0.0000,0.5000,"PursuitChaseOptimal",0.019973
5409,B0100,aggressive,UNKNOWN,15136.870507,28496.531761,3903.468239,332.426110,-31776.840117,20147.854096,514.930750,31886.275942,-69.508332,5923.871623,2.207305,0.071480,False,False,False,False,True,True,False,1-circle,-1.000000,6111.251605,-22859.556541,-2.480744,0.062136,100.000000,100.000000,0.000000,0.000000,2,4,4,0.0000,0.0000,0.0000,0.5000,"Accelerate",-0.020164
5410,A0100,pursuit_chase_v1,UNKNOWN,15136.178889,28488.671220,3911.328780,331.392403,-31781.433852,20148.917033,515.038397,31892.247262,119.426409,5922.759514,1.976113,0.021847,False,False,False,False,True,True,False,1-circle,-1.000000,6110.514756,-22550.733306,-0.758789,0.018998,100.000000,100.000000,0.000000,0.000000,2,4,4,0.0000,0.0000,0.0000,0.5000,"PursuitChaseOptimal",0.004773
5410,B0100,aggressive,UNKNOWN,15136.178889,28488.671220,3911.328780,331.392403,-31781.433852,20148.917033,515.038397,31892.247262,119.426409,5922.759514,1.976113,0.021847,False,False,False,False,True,True,False,1-circle,-1.000000,6110.514756,-22550.733306,-0.758789,0.018998,100.000000,100.000000,0.000000,0.000000,2,4,4,0.0000,0.0000,0.0000,0.5000,"Accelerate",-0.005106
5411,A0100,pursuit_chase_v1,UNKNOWN,15136.178889,28488.671220,3911.328780,331.392403,-31781.433852,20148.917033,515.038397,31892.247262,119.426409,5922.759514,1.976113,0.021847,False,False,False,False,True,True,False,1-circle,-1.000000,6110.514756,-22550.733306,-0.758789,0.018998,100.000000,100.000000,0.000000,0.000000,2,4,4,0.0000,0.0000,0.0000,0.5000,"PursuitChaseOptimal",-0.001930
5411,B0100,aggressive,UNKNOWN,15136.178889,28488.671220,3911.328780,331.392403,-31781.433852,20148.917033,515.038397,31892.247262,119.426409,5922.759514,1.976113,0.021847,False,False,False,False,True,True,False,1-circle,-1.000000,6110.514756,-22550.733306,-0.758789,0.018998,100.000000,100.000000,0.000000,0.000000,2,4,4,0.0000,0.0000,0.0000,0.5000,"Accelerate",0.001959
5412,A0100,pursuit_chase_v1,UNKNOWN,15135.496998,28485.921603,3914.078397,324.476968,-31784.140646,20149.881005,515.043579,31893.447547,24.005691,5918.583857,2.070750,0.015903,False,False,False,False,True,True,False,1-circle,-1.000000,6109.782051,-22514.689897,-0.552365,-0.193515,100.000000,100.000000,0.000000,0.000000,2,4,4,0.0000,0.0000,0.0000,0.5000,"PursuitChaseOptimal",0.005421
5412,B0100,aggressive,UNKNOWN,15135.496998,28485.921603,3914.078397,324.476968,-31784.140646,20149.881005,515.043579,31893.447547,24.005691,5918.583857,2.070750,0.015903,False,False,False,False,True,True,False,1-circle,-1.000000,6109.782051,-22514.689897,-0.552365,-0.193515,100.000000,100.000000,0.000000,0.000000,2,4,4,0.0000,0.0000,0.0000,0.5000,"Accelerate",-0.005058
5413,A0100,pursuit_chase_v1,UNKNOWN,15135.496998,28485.921603,3914.078397,324.476968,-31784.140646,20149.881005,515.043579,31893.447547,24.005691,5918.583857,2.070750,0.015903,False,False,False,False,True,True,False,1-circle,-1.000000,6109.782051,-22514.689897,-0.552365,-0.193515,100.000000,100.000000,0.000000,0.000000,2,4,4,0.0000,0.0000,0.0000,0.5000,"PursuitChaseOptimal",0.001999
5413,B0100,aggressive,UNKNOWN,15135.496998,28485.921603,3914.078397,324.476968,-31784.140646,20149.881005,515.043579,31893.447547,24.005691,5918.583857,2.070750,0.015903,False,False,False,False,True,True,False,1-circle,-1.000000,6109.782051,-22514.689897,-0.552365,-0.193515,100.000000,100.000000,0.000000,0.000000,2,4,4,0.0000,0.0000,0.0000,0.5000,"Accelerate",-0.002308
5414,A0100,pursuit_chase_v1,UNKNOWN,15134.776395,28486.512463,3913.487537,324.795044,-31788.154753,20150.868028,515.010734,31892.936787,-10.215186,5903.132826,2.250837,0.058473,False,False,False,False,True,True,False,1-circle,-1.000000,6109.009317,-22781.768883,-2.030110,0.020910,100.000000,100.000000,0.000000,0.000000,2,4,4,0.0000,0.0000,0.0000,0.5000,"PursuitChaseOptimal",-0.014277
5414,B0100,aggressive,UNKNOWN,15134.776395,28486.512463,3913.487537,324.795044,-31788.154753,20150.868028,515.010734,31892.936787,-10.215186,5903.132826,2.250837,0.058473,False,False,False,False,True,True,False,1-circle,-1.000000,6109.009317,-22781.768883,-2.030110,0.020910,100.000000,100.000000,0.000000,0.000000,2,4,4,0.0000,0.0000,0.0000,0.5000,"Accelerate",0.013384
5415,A0100,pursuit_chase_v1,UNKNOWN,15134.776395,28486.512463,3913.487537,324.795044,-31788.154753,20150.868028,515.010734,31892.936787,-10.215186,5903.132826,2.250837,0.058473,False,False,False,False,True,True,False,1-circle,-1.000000,6109.009317,-22781.768883,-2.030110,0.020910,100.000000,100.000000,0.000000,0.000000,2,4,4,0.0000,0.0000,0.0000,0.5000,"PursuitChaseOptimal",-0.018051
5415,B0100,aggressive,UNKNOWN,15134.776395,28486.512463,3913.487537,324.795044,-31788.154753,20150.868028,515.010734,31892.936787,-10.215186,5903.132826,2.250837,0.058473,False,False,False,False,True,True,False,1-circle,-1.000000,6109.009317,-22781.768883,-2.030110,0.020910,100.000000,100.000000,0.000000,0.000000,2,4,4,0.0000,0.0000,0.0000,0.5000,"Accelerate",0.017490
5416,A0100,pursuit_chase_v1,UNKNOWN,15134.048510,28478.845353,3921.154647,312.641807,-31791.700978,20151.764926,515.094628,31897.659540,94.455062,5903.385714,2.691988,0.016634,False,False,False,False,True,True,False,1-circle,-1.000000,6108.381732,-22313.522296,0.577819,-0.099346,100.000000,100.000000,0.000000,0.000000,2,4,4,0.0000,0.0000,0.0000,0.5000,"PursuitChaseOptimal",-0.007685
5416,B0100,aggressive,UNKNOWN,15134.048510,28478.845353,3921.154647,312.641807,-31791.700978,20151.764926,515.094628,31897.659540,94.455062,5903.385714,2.691988,0.016634,False,False,False,False,True,True,False,1-circle,-1.000000,6108.381732,-22313.522296,0.577819,-0.099346,100.000000,100.000000,0.000000,0.000000,2,4,4,0.0000,0.0000,0.0000,0.5000,"Accelerate",0.007971
5417,A0100,pursuit_chase_v1,UNKNOWN,15134.048510,28478.845353,3921.154647,312.641807,-31791.700978,20151.764926,515.094628,31897.659540,94.455062,5903.385714,2.691988,0.016634,False,False,False,False,True,True,False,1-circle,-1.000000,6108.381732,-22313.522296,0.577819,-0.099346,100.000000,100.000000,0.000000,0.000000,2,4,4,0.0000,0.0000,0.0000,0.5000,"PursuitChaseOptimal",-0.008396
5417,B0100,aggressive,UNKNOWN,15134.048510,28478.845353,3921.154647,312.641807,-31791.700978,20151.764926,515.094628,31897.659540,94.455062,5903.385714,2.691988,0.016634,False,False,False,False,True,True,False,1-circle,-1.000000,6108.381732,-22313.522296,0.577819,-0.099346,100.000000,100.000000,0.000000,0.000000,2,4,4,0.0000,0.0000,0.0000,0.5000,"Accelerate",0.008672
5418,A0100,pursuit_chase_v1,UNKNOWN,15133.290845,28488.612972,3911.387028,317.396015,-31790.822635,20152.691323,514.985668,31893.617153,-80.847744,5884.073290,2.913110,0.057558,False,False,False,False,True,True,False,1-circle,-1.000000,6107.820493,-22778.451920,-1.998316,0.070714,100.000000,100.000000,0.000000,0.000000,2,4,4,0.0000,0.0000,0.0000,0.5000,"PursuitChaseOptimal",-0.022262
5418,B0100,aggressive,UNKNOWN,15133.290845,28488.612972,3911.387028,317.396015,-31790.822635,20152.691323,514.985668,31893.617153,-80.847744,5884.073290,2.913110,0.057558,False,False,False,False,True,True,False,1-circle,-1.000000,6107.820493,-22778.451920,-1.998316,0.070714,100.000000,100.000000,0.000000,0.000000,2,4,4,0.0000,0.0000,0.0000,0.5000,"Accelerate",0.021630
5419,A0100,pursuit_chase_v1,UNKNOWN,15133.290845,28488.612972,3911.387028,317.396015,-31790.822635,20152.691323,514.985668,31893.617153,-80.847744,5884.073290,2.913110,0.057558,False,False,False,False,True,True,False,1-circle,-1.000000,6107.820493,-22778.451920,-1.998316,0.070714,100.000000,100.000000,0.000000,0.000000,2,4,4,0.0000,0.0000,0.0000,0.5000,"PursuitChaseOptimal",-0.024273
5419,B0100,aggressive,UNKNOWN,15133.290845,28488.612972,3911.387028,317.396015,-31790.822635,20152.691323,514.985668,31893.617153,-80.847744,5884.073290,2.913110,0.057558,False,False,False,False,True,True,False,1-circle,-1.000000,6107.820493,-22778.451920,-1.998316,0.070714,100.000000,100.000000,0.000000,0.000000,2,4,4,0.0000,0.0000,0.0000,0.5000,"Accelerate",0.023422
5420,A0100,pursuit_chase_v1,UNKNOWN,15132.511920,28482.684648,3917.315352,302.517710,-31796.974793,20153.638887,515.074255,31898.604370,99.744335,5887.080216,3.388771,0.007647,False,False,False,False,True,True,False,1-circle,-1.000000,6107.364764,-22467.871622,-0.265650,0.003278,100.000000,100.000000,0.000000,0.000000,2,4,4,0.0000,0.0000,0.0000,0.5000,"PursuitChaseOptimal",-0.009890
5420,B0100,aggressive,UNKNOWN,15132.511920,28482.684648,3917.315352,302.517710,-31796.974793,20153.638887,515.074255,31898.604370,99.744335,5887.080216,3.388771,0.007647,False,False,False,False,True,True,False,1-circle,-1.000000,6107.364764,-22467.871622,-0.265650,0.003278,100.000000,100.000000,0.000000,0.000000,2,4,4,0.0000,0.0000,0.0000,0.5000,"Accelerate",0.009546
5421,A0100,pursuit_chase_v1,UNKNOWN,15132.511920,28482.684648,3917.315352,302.517710,-31796.974793,20153.638887,515.074255,31898.604370,99.744335,5887.080216,3.388771,0.007647,False,False,False,False,True,True,False,1-circle,-1.000000,6107.364764,-22467.871622,-0.265650,0.003278,100.000000,100.000000,0.000000,0.000000,2,4,4,0.0000,0.0000,0.0000,0.5000,"PursuitChaseOptimal",0.005373
5421,B0100,aggressive,UNKNOWN,15132.511920,28482.684648,3917.315352,302.517710,-31796.974793,20153.638887,515.074255,31898.604370,99.744335,5887.080216,3.388771,0.007647,False,False,False,False,True,True,False,1-circle,-1.000000,6107.364764,-22467.871622,-0.265650,0.003278,100.000000,100.000000,0.000000,0.000000,2,4,4,0.0000,0.0000,0.0000,0.5000,"Accelerate",-0.004847
5422,A0100,pursuit_chase_v1,UNKNOWN,15131.729326,28486.291688,3913.708312,301.600825,-31799.778116,20154.533701,515.016141,31896.849049,-35.106426,5869.491000,3.619977,0.001411,False,False,False,False,True,True,False,1-circle,-1.000000,6107.080921,-22430.287179,-0.049028,-0.057990,100.000000,100.000000,0.000000,0.000000,2,4,4,0.0000,0.0000,0.0000,0.5000,"PursuitChaseOptimal",-0.001997
5422,B0100,aggressive,UNKNOWN,15131.729326,28486.291688,3913.708312,301.600825,-31799.778116,20154.533701,515.016141,31896.849049,-35.106426,5869.491000,3.619977,0.001411,False,False,False,False,True,True,False,1-circle,-1.000000,6107.080921,-22430.287179,-0.049028,-0.057990,100.000000,100.000000,0.000000,0.000000,2,4,4,0.0000,0.0000,0.0000,0.5000,"Accelerate",0.002402
5423,A0100,pursuit_chase_v1,UNKNOWN,15131.729326,28486.291688,3913.708312,301.600825,-31799.778116,20154.533701,515.016141,31896.849049,-35.106426,5869.491000,3.619977,0.001411,False,False,False,False,True,True,False,1-circle,-1.000000,6107.080921,-22430.287179,-0.049028,-0.057990,100.000000,100.000000,0.000000,0.000000,2,4,4,0.0000,0.0000,0.0000,0.5000,"PursuitChaseOptimal",-0.014775
5423,B0100,aggressive,UNKNOWN,15131.729326,28486.291688,3913.708312,301.600825,-31799.778116,20154.533701,515.016141,31896.849049,-35.106426,5869.491000,3.619977,0.001411,False,False,False,False,True,True,False,1-circle,-1.000000,6107.080921,-22430.287179,-0.049028,-0.057990,100.000000,100.000000,0.000000,0.000000,2,4,4,0.0000,0.0000,0.0000,0.5000,"Accelerate",0.014327
5424,A0100,pursuit_chase_v1,UNKNOWN,15130.895591,28489.850298,3910.149702,297.128973,-31804.093224,20155.510704,514.986637,31896.480695,-7.367065,5862.562429,3.786112,0.043985,False,False,False,False,True,True,False,1-circle,-1.000000,6106.723010,-22697.765243,-1.527424,0.127820,100.000000,100.000000,0.000000,0.000000,2,4,4,0.0000,0.0000,0.0000,0.5000,"PursuitChaseOptimal",-0.023631
5424,B0100,aggressive,UNKNOWN,15130.895591,28489.850298,3910.149702,297.128973,-31804.093224,20155.510704,514.986637,31896.480695,-7.367065,5862.562429,3.786112,0.043985,False,False,False,False,True,True,False,1-circle,-1.000000,6106.723010,-22697.765243,-1.527424,0.127820,100.000000,100.000000,0.000000,0.000000,2,4,4,0.0000,0.0000,0.0000,0.5000,"Accelerate",0.022854
5425,A0100,pursuit_chase_v1,UNKNOWN,15130.895591,28489.850298,3910.149702,297.128973,-31804.093224,20155.510704,514.986637,31896.480695,-7.367065,5862.562429,3.786112,0.043985,False,False,False,False,True,True,False,1-circle,-1.000000,6106.723010,-22697.765243,-1.527424,0.127820,100.000000,100.000000,0.000000,0.000000,2,4,4,0.0000,0.0000,0.0000,0.5000,"PursuitChaseOptimal",-0.017868
5425,B0100,aggressive,UNKNOWN,15130.895591,28489.850298,3910.149702,297.128973,-31804.093224,20155.510704,514.986637,31896.480695,-7.367065,5862.562429,3.786112,0.043985,False,False,False,False,True,True,False,1-circle,-1.000000,6106.723010,-22697.765243,-1.527424,0.127820,100.000000,100.000000,0.000000,0.000000,2,4,4,0.0000,0.0000,0.0000,0.5000,"Accelerate",0.017455
5426,A0100,pursuit_chase_v1,UNKNOWN,15130.084392,28483.429647,3916.570353,287.634861,-31807.863618,20156.427457,515.084682,31901.868472,107.755527,5869.187060,4.174315,0.030746,False,False,False,False,True,True,False,1-circle,-1.000000,6106.561673,-22232.068297,1.068002,-0.108853,100.000000,100.000000,0.000000,0.000000,2,4,4,0.0000,0.0000,0.0000,0.5000,"PursuitChaseOptimal",-0.006139
5426,B0100,aggressive,UNKNOWN,15130.084392,28483.429647,3916.570353,287.634861,-31807.863618,20156.427457,515.084682,31901.868472,107.755527,5869.187060,4.174315,0.030746,False,False,False,False,True,True,False,1-circle,-1.000000,6106.561673,-22232.068297,1.068002,-0.108853,100.000000,100.000000,0.000000,0.000000,2,4,4,0.0000,0.0000,0.0000,0.5000,"Accelerate",0.006514
5427,A0100,pursuit_chase_v1,UNKNOWN,15130.084392,28483.429647,3916.570353,287.634861,-31807.863618,20156.427457,515.084682,31901.868472,107.755527,5869.187060,4.174315,0.030746,False,False,False,False,True,True,False,1-circle,-1.000000,6106.561673,-22232.068297,1.068002,-0.108853,100.000000,100.000000,0.000000,0.000000,2,4,4,0.0000,0.0000,0.0000,0.5000,"PursuitChaseOptimal",0.009066
5427,B0100,aggressive,UNKNOWN,15130.084392,28483.429647,3916.570353,287.634861,-31807.863618,20156.427457,515.084682,31901.868472,107.755527,5869.187060,4.174315,0.030746,False,False,False,False,True,True,False,1-circle,-1.000000,6106.561673,-22232.068297,1.068002,-0.108853,100.000000,100.000000,0.000000,0.000000,2,4,4,0.0000,0.0000,0.0000,0.5000,"Accelerate",-0.008439
5428,A0100,pursuit_chase_v1,UNKNOWN,15129.249186,28493.893948,3906.106052,290.437502,-31807.268001,20157.378708,514.992550,31898.618320,-65.003033,5850.219914,4.196163,0.043755,False,False,False,False,True,True,False,1-circle,-1.000000,6106.453884,-22699.325715,-1.519477,0.113289,100.000000,100.000000,0.000000,0.000000,2,4,4,0.0000,0.0000,0.0000,0.5000,"PursuitChaseOptimal",0.001864
5428,B0100,aggressive,UNKNOWN,15129.249186,28493.893948,3906.106052,290.437502,-31807.268001,20157.378708,514.992550,31898.618320,-65.003033,5850.219914,4.196163,0.043755,False,False,False,False,True,True,False,1-circle,-1.000000,6106.453884,-22699.325715,-1.519477,0.113289,100.000000,100.000000,0.000000,0.000000,2,4,4,0.0000,0.0000,0.0000,0.5000,"Accelerate",-0.001819
5429,A0100,pursuit_chase_v1,UNKNOWN,15129.249186,28493.893948,3906.106052,290.437502,-31807.268001,20157.378708,514.992550,31898.618320,-65.003033,5850.219914,4.196163,0.043755,False,False,False,False,True,True,False,1-circle,-1.000000,6106.453884,-22699.325715,-1.519477,0.113289,100.000000,100.000000,0.000000,0.000000,2,4,4,0.0000,0.0000,0.0000,0.5000,"PursuitChaseOptimal",-0.011373
5429,B0100,aggressive,UNKNOWN,15129.249186,28493.893948,3906.106052,290.437502,-31807.268001,20157.378708,514.992550,31898.618320,-65.003033,5850.219914,4.196163,0.043755,False,False,False,False,True,True,False,1-circle,-1.000000,6106.453884,-22699.325715,-1.519477,0.113289,100.000000,100.000000,0.000000,0.000000,2,4,4,0.0000,0.0000,0.0000,0.5000,"Accelerate",0.011107
5430,A0100,pursuit_chase_v1,UNKNOWN,15128.381410,28494.713521,3905.286479,281.886223,-31815.233007,20158.391320,515.049521,31902.228844,72.210483,5849.145538,4.267600,0.004338,False,False,False,False,True,True,False,1-circle,-1.000000,6106.260600,-22454.389304,-0.150692,0.228065,100.000000,100.000000,0.000000,0.000000,2,4,4,0.0000,0.0000,0.0000,0.5000,"PursuitChaseOptimal",-0.011465
5430,B0100,aggressive,UNKNOWN,15128.381410,28494.713521,3905.286479,281.886223,-31815.233007,20158.391320,515.049521,31902.228844,72.210483,5849.145538,4.267600,0.004338,False,False,False,False,True,True,False,1-circle,-1.000000,6106.260600,-22454.389304,-0.150692,0.228065,100.000000,100.000000,0.000000,0.000000,2,4,4,0.0000,0.0000,0.0000,0.5000,"Accelerate",0.011686
5431,A0100,pursuit_chase_v1,UNKNOWN,15128.381410,28494.713521,3905.286479,281.886223,-31815.233007,20158.391320,515.049521,31902.228844,72.210483,5849.145538,4.267600,0.004338,False,False,False,False,True,True,False,1-circle,-1.000000,6106.260600,-22454.389304,-0.150692,0.228065,100.000000,100.000000,0.000000,0.000000,2,4,4,0.0000,0.0000,0.0000,0.5000,"PursuitChaseOptimal",0.001229
5431,B0100,aggressive,UNKNOWN,15128.381410,28494.713521,3905.286479,281.886223,-31815.233007,20158.391320,515.049521,31902.228844,72.210483,5849.145538,4.267600,0.004338,False,False,False,False,True,True,False,1-circle,-1.000000,6106.260600,-22454.389304,-0.150692,0.228065,100.000000,100.000000,0.000000,0.000000,2,4,4,0.0000,0.0000,0.0000,0.5000,"Accelerate",-0.001020
5432,A0100,pursuit_chase_v1,UNKNOWN,15127.510570,28500.018336,3899.981664,281.899552,-31813.130345,20159.438878,514.996740,31900.869570,-27.185497,5837.734808,4.395290,0.074259,False,False,False,False,True,True,False,1-circle,-1.000000,6106.104313,-22892.704593,-2.577741,-0.053879,100.000000,100.000000,0.000000,0.000000,2,4,4,0.0000,0.0000,0.0000,0.5000,"PursuitChaseOptimal",0.004350
5432,B0100,aggressive,UNKNOWN,15127.510570,28500.018336,3899.981664,281.899552,-31813.130345,20159.438878,514.996740,31900.869570,-27.185497,5837.734808,4.395290,0.074259,False,False,False,False,True,True,False,1-circle,-1.000000,6106.104313,-22892.704593,-2.577741,-0.053879,100.000000,100.000000,0.000000,0.000000,2,4,4,0.0000,0.0000,0.0000,0.5000,"Accelerate",-0.004779
5433,A0100,pursuit_chase_v1,UNKNOWN,15127.510570,28500.018336,3899.981664,281.899552,-31813.130345,20159.438878,514.996740,31900.869570,-27.185497,5837.734808,4.395290,0.074259,False,False,False,False,True,True,False,1-circle,-1.000000,6106.104313,-22892.704593,-2.577741,-0.053879,100.000000,100.000000,0.000000,0.000000,2,4,4,0.0000,0.0000,0.0000,0.5000,"PursuitChaseOptimal",-0.011807
5433,B0100,aggressive,UNKNOWN,15127.510570,28500.018336,3899.981664,281.899552,-31813.130345,20159.438878,514.996740,31900.869570,-27.185497,5837.734808,4.395290,0.074259,False,False,False,False,True,True,False,1-circle,-1.000000,6106.104313,-22892.704593,-2.577741,-0.053879,100.000000,100.000000,0.000000,0.000000,2,4,4,0.0000,0.0000,0.0000,0.5000,"Accelerate",0.010887
5434,A0100,pursuit_chase_v1,UNKNOWN,15126.613131,28487.128854,3912.871146,275.490413,-31819.255233,20160.446409,515.105191,31906.822752,119.063654,5838.111093,4.753389,0.025461,False,False,False,False,True,True,False,1-circle,-1.000000,6105.982105,-22589.404704,-0.884548,-0.254841,100.000000,100.000000,0.000000,0.000000,2,4,4,0.0000,0.0000,0.0000,0.5000,"PursuitChaseOptimal",-0.013421
5434,B0100,aggressive,UNKNOWN,15126.613131,28487.128854,3912.871146,275.490413,-31819.255233,20160.446409,515.105191,31906.822752,119.063654,5838.111093,4.753389,0.025461,False,False,False,False,True,True,False,1-circle,-1.000000,6105.982105,-22589.404704,-0.884548,-0.254841,100.000000,100.000000,0.000000,0.000000,2,4,4,0.0000,0.0000,0.0000,0.5000,"Accelerate",0.012703
5435,A0100,pursuit_chase_v1,UNKNOWN,15126.613131,28487.128854,3912.871146,275.490413,-31819.255233,20160.446409,515.105191,31906.822752,119.063654,5838.111093,4.753389,0.025461,False,False,False,False,True,True,False,1-circle,-1.000000,6105.982105,-22589.404704,-0.884548,-0.254841,100.000000,100.000000,0.000000,0.000000,2,4,4,0.0000,0.0000,0.0000,0.5000,"PursuitChaseOptimal",-0.000108
5435,B0100,aggressive,UNKNOWN,15126.613131,28487.128854,3912.871146,275.490413,-31819.255233,20160.446409,515.105191,31906.822752,119.063654,5838.111093,4.753389,0.025461,False,False,False,False,True,True,False,1-circle,-1.000000,6105.982105,-22589.404704,-0.884548,-0.254841,100.000000,100.000000,0.000000,0.000000,2,4,4,0.0000,0.0000,0.0000,0.5000,"Accelerate",0.000065
5436,A0100,pursuit_chase_v1,UNKNOWN,15125.728245,28480.213249,3919.786751,270.376891,-31821.692682,20161.308012,515.086260,31906.820974,-0.035563,5829.780358,5.147243,0.019885,False,False,False,False,True,True,False,1-circle,-1.000000,6106.085920,-22556.150791,-0.690822,-0.404482,100.000000,100.000000,0.000000,0.000000,2,4,4,0.0000,0.0000,0.0000,0.5000,"PursuitChaseOptimal",0.005081
5436,B0100,aggressive,UNKNOWN,15125.728245,28480.213249,3919.786751,270.376891,-31821.692682,20161.308012,515.086260,31906.820974,-0.035563,5829.780358,5.147243,0.019885,False,False,False,False,True,True,False,1-circle,-1.000000,6106.085920,-22556.150791,-0.690822,-0.404482,100.000000,100.000000,0.000000,0.000000,2,4,4,0.0000,0.0000,0.0000,0.5000,"Accelerate",-0.004875
5437,A0100,pursuit_chase_v1,UNKNOWN,15125.728245,28480.213249,3919.786751,270.376891,-31821.692682,20161.308012,515.086260,31906.820974,-0.035563,5829.780358,5.147243,0.019885,False,False,False,False,True,True,False,1-circle,-1.000000,6106.085920,-22556.150791,-0.690822,-0.404482,100.000000,100.000000,0.000000,0.000000,2,4,4,0.0000,0.0000,0.0000,0.5000,"PursuitChaseOptimal",-0.007352
5437,B0100,aggressive,UNKNOWN,15125.728245,28480.213249,3919.786751,270.376891,-31821.692682,20161.308012,515.086260,31906.820974,-0.035563,5829.780358,5.147243,0.019885,False,False,False,False,True,True,False,1-circle,-1.000000,6106.085920,-22556.150791,-0.690822,-0.404482,100.000000,100.000000,0.000000,0.000000,2,4,4,0.0000,0.0000,0.0000,0.5000,"Accelerate",0.006876
5438,A0100,pursuit_chase_v1,UNKNOWN,15124.793639,28477.899392,3922.100608,267.050288,-31825.494166,20162.162009,515.026637,31904.955970,-37.300091,5817.937911,5.398720,0.061038,False,False,False,False,True,True,False,1-circle,-1.000000,6106.189687,-22814.934393,-2.119445,-0.166994,100.000000,100.000000,0.000000,0.000000,2,4,4,0.0000,0.0000,0.0000,0.5000,"PursuitChaseOptimal",-0.006663
5438,B0100,aggressive,UNKNOWN,15124.793639,28477.899392,3922.100608,267.050288,-31825.494166,20162.162009,515.026637,31904.955970,-37.300091,5817.937911,5.398720,0.061038,False,False,False,False,True,True,False,1-circle,-1.000000,6106.189687,-22814.934393,-2.119445,-0.166994,100.000000,100.000000,0.000000,0.000000,2,4,4,0.0000,0.0000,0.0000,0.5000,"Accelerate",0.005914
5439,A0100,pursuit_chase_v1,UNKNOWN,15124.793639,28477.899392,3922.100608,267.050288,-31825.494166,20162.162009,515.026637,31904.955970,-37.300091,5817.937911,5.398720,0.061038,False,False,False,False,True,True,False,1-circle,-1.000000,6106.189687,-22814.934393,-2.119445,-0.166994,100.000000,100.000000,0.000000,0.000000,2,4,4,0.0000,0.0000,0.0000,0.5000,"PursuitChaseOptimal",0.011323
5439,B0100,aggressive,UNKNOWN,15124.793639,28477.899392,3922.100608,267.050288,-31825.494166,20162.162009,515.026637,31904.955970,-37.300091,5817.937911,5.398720,0.061038,False,False,False,False,True,True,False,1-circle,-1.000000,6106.189687,-22814.934393,-2.119445,-0.166994,100.000000,100.000000,0.000000,0.000000,2,4,4,0.0000,0.0000,0.0000,0.5000,"Accelerate",-0.011575
5440,A0100,pursuit_chase_v1,UNKNOWN,15123.861991,28466.286029,3933.713971,261.487249,-31828.870312,20162.897750,515.117457,31909.833531,97.551236,5817.435692,5.619679,0.011097,False,False,False,False,True,True,False,1-circle,-1.000000,6106.443522,-22365.743242,0.385578,-0.267884,100.000000,100.000000,0.000000,0.000000,2,4,4,0.0000,0.0000,0.0000,0.5000,"PursuitChaseOptimal",0.021542
5440,B0100,aggressive,UNKNOWN,15123.861991,28466.286029,3933.713971,261.487249,-31828.870312,20162.897750,515.117457,31909.833531,97.551236,5817.435692,5.619679,0.011097,False,False,False,False,True,True,False,1-circle,-1.000000,6106.443522,-22365.743242,0.385578,-0.267884,100.000000,100.000000,0.000000,0.000000,2,4,4,0.0000,0.0000,0.0000,0.5000,"Accelerate",-0.021005
5441,A0100,pursuit_chase_v1,UNKNOWN,15123.861991,28466.286029,3933.713971,261.487249,-31828.870312,20162.897750,515.117457,31909.833531,97.551236,5817.435692,5.619679,0.011097,False,False,False,False,True,True,False,1-circle,-1.000000,6106.443522,-22365.743242,0.385578,-0.267884,100.000000,100.000000,0.000000,0.000000,2,4,4,0.0000,0.0000,0.0000,0.5000,"PursuitChaseOptimal",0.012400
5441,B0100,aggressive,UNKNOWN,15123.861991,28466.286029,3933.713971,261.487249,-31828.870312,20162.897750,515.117457,31909.833531,97.551236,5817.435692,5.619679,0.011097,False,False,False,False,True,True,False,1-circle,-1.000000,6106.443522,-22365.743242,0.385578,-0.267884,100.000000,100.000000,0.000000,0.000000,2,4,4,0.0000,0.0000,0.0000,0.5000,"Accelerate",-0.011932
5442,A0100,pursuit_chase_v1,UNKNOWN,15122.887723,28472.515634,3927.484366,264.451197,-31827.551096,20163.625219,515.031046,31906.620247,-64.265680,5798.940724,5.460376,0.063638,False,False,False,False,True,True,False,1-circle,-1.000000,6106.588171,-22834.533606,-2.209720,-0.072619,100.000000,100.000000,0.000000,0.000000,2,4,4,0.0000,0.0000,0.0000,0.5000,"PursuitChaseOptimal",-0.002300
5442,B0100,aggressive,UNKNOWN,15122.887723,28472.515634,3927.484366,264.451197,-31827.551096,20163.625219,515.031046,31906.620247,-64.265680,5798.940724,5.460376,0.063638,False,False,False,False,True,True,False,1-circle,-1.000000,6106.588171,-22834.533606,-2.209720,-0.072619,100.000000,100.000000,0.000000,0.000000,2,4,4,0.0000,0.0000,0.0000,0.5000,"Accelerate",0.001951
5443,A0100,pursuit_chase_v1,UNKNOWN,15122.887723,28472.515634,3927.484366,264.451197,-31827.551096,20163.625219,515.031046,31906.620247,-64.265680,5798.940724,5.460376,0.063638,False,False,False,False,True,True,False,1-circle,-1.000000,6106.588171,-22834.533606,-2.209720,-0.072619,100.000000,100.000000,0.000000,0.000000,2,4,4,0.0000,0.0000,0.0000,0.5000,"PursuitChaseOptimal",-0.013799
5443,B0100,aggressive,UNKNOWN,15122.887723,28472.515634,3927.484366,264.451197,-31827.551096,20163.625219,515.031046,31906.620247,-64.265680,5798.940724,5.460376,0.063638,False,False,False,False,True,True,False,1-circle,-1.000000,6106.588171,-22834.533606,-2.209720,-0.072619,100.000000,100.000000,0.000000,0.000000,2,4,4,0.0000,0.0000,0.0000,0.5000,"Accelerate",0.013137
5444,A0100,pursuit_chase_v1,UNKNOWN,15121.905134,28464.161808,3935.838192,255.763864,-31833.425483,20164.345846,515.137805,31912.209705,111.789159,5808.937607,5.619526,0.013926,False,False,False,False,True,True,False,1-circle,-1.000000,6106.697460,-22525.476445,-0.483871,-0.133057,100.000000,100.000000,0.000000,0.000000,2,4,4,0.0000,0.0000,0.0000,0.5000,"PursuitChaseOptimal",-0.009895
5444,B0100,aggressive,UNKNOWN,15121.905134,28464.161808,3935.838192,255.763864,-31833.425483,20164.345846,515.137805,31912.209705,111.789159,5808.937607,5.619526,0.013926,False,False,False,False,True,True,False,1-circle,-1.000000,6106.697460,-22525.476445,-0.483871,-0.133057,100.000000,100.000000,0.000000,0.000000,2,4,4,0.0000,0.0000,0.0000,0.5000,"Accelerate",0.009608
5445,A0100,pursuit_chase_v1,UNKNOWN,15121.905134,28464.161808,3935.838192,255.763864,-31833.425483,20164.345846,515.137805,31912.209705,111.789159,5808.937607,5.619526,0.013926,False,False,False,False,True,True,False,1-circle,-1.000000,6106.697460,-22525.476445,-0.483871,-0.133057,100.000000,100.000000,0.000000,0.000000,2,4,4,0.0000,0.0000,0.0000,0.5000,"PursuitChaseOptimal",0.000053
5445,B0100,aggressive,UNKNOWN,15121.905134,28464.161808,3935.838192,255.763864,-31833.425483,20164.345846,515.137805,31912.209705,111.789159,5808.937607,5.619526,0.013926,False,False,False,False,True,True,False,1-circle,-1.000000,6106.697460,-22525.476445,-0.483871,-0.133057,100.000000,100.000000,0.000000,0.000000,2,4,4,0.0000,0.0000,0.0000,0.5000,"Accelerate",0.000399
5446,A0100,pursuit_chase_v1,UNKNOWN,15120.939513,28467.086222,3932.913778,251.618449,-31835.807555,20165.003311,515.083429,31910.387158,-36.450943,5799.727851,5.760720,0.007966,False,False,False,False,True,True,False,1-circle,-1.000000,6106.945392,-22489.864492,-0.276761,-0.189535,100.000000,100.000000,0.000000,0.000000,2,4,4,0.0000,0.0000,0.0000,0.5000,"PursuitChaseOptimal",0.013704
5446,B0100,aggressive,UNKNOWN,15120.939513,28467.086222,3932.913778,251.618449,-31835.807555,20165.003311,515.083429,31910.387158,-36.450943,5799.727851,5.760720,0.007966,False,False,False,False,True,True,False,1-circle,-1.000000,6106.945392,-22489.864492,-0.276761,-0.189535,100.000000,100.000000,0.000000,0.000000,2,4,4,0.0000,0.0000,0.0000,0.5000,"Accelerate",-0.013117
5447,A0100,pursuit_chase_v1,UNKNOWN,15120.939513,28467.086222,3932.913778,251.618449,-31835.807555,20165.003311,515.083429,31910.387158,-36.450943,5799.727851,5.760720,0.007966,False,False,False,False,True,True,False,1-circle,-1.000000,6106.945392,-22489.864492,-0.276761,-0.189535,100.000000,100.000000,0.000000,0.000000,2,4,4,0.0000,0.0000,0.0000,0.5000,"PursuitChaseOptimal",0.005415
5447,B0100,aggressive,UNKNOWN,15120.939513,28467.086222,3932.913778,251.618449,-31835.807555,20165.003311,515.083429,31910.387158,-36.450943,5799.727851,5.760720,0.007966,False,False,False,False,True,True,False,1-circle,-1.000000,6106.945392,-22489.864492,-0.276761,-0.189535,100.000000,100.000000,0.000000,0.000000,2,4,4,0.0000,0.0000,0.0000,0.5000,"Accelerate",-0.005573
5448,A0100,pursuit_chase_v1,UNKNOWN,15119.927047,28470.028973,3929.971027,249.022479,-31839.719519,20165.740248,515.057292,31909.932151,-9.100150,5785.551361,5.738790,0.050785,False,False,False,False,True,True,False,1-circle,-1.000000,6107.067359,-22759.120520,-1.763839,-0.001286,100.000000,100.000000,0.000000,0.000000,2,4,4,0.0000,0.0000,0.0000,0.5000,"PursuitChaseOptimal",-0.008582
5448,B0100,aggressive,UNKNOWN,15119.927047,28470.028973,3929.971027,249.022479,-31839.719519,20165.740248,515.057292,31909.932151,-9.100150,5785.551361,5.738790,0.050785,False,False,False,False,True,True,False,1-circle,-1.000000,6107.067359,-22759.120520,-1.763839,-0.001286,100.000000,100.000000,0.000000,0.000000,2,4,4,0.0000,0.0000,0.0000,0.5000,"Accelerate",0.008039
5449,A0100,pursuit_chase_v1,UNKNOWN,15119.927047,28470.028973,3929.971027,249.022479,-31839.719519,20165.740248,515.057292,31909.932151,-9.100150,5785.551361,5.738790,0.050785,False,False,False,False,True,True,False,1-circle,-1.000000,6107.067359,-22759.120520,-1.763839,-0.001286,100.000000,100.000000,0.000000,0.000000,2,4,4,0.0000,0.0000,0.0000,0.5000,"PursuitChaseOptimal",-0.009386
5449,B0100,aggressive,UNKNOWN,15119.927047,28470.028973,3929.971027,249.022479,-31839.719519,20165.740248,515.057292,31909.932151,-9.100150,5785.551361,5.738790,0.050785,False,False,False,False,True,True,False,1-circle,-1.000000,6107.067359,-22759.120520,-1.763839,-0.001286,100.000000,100.000000,0.000000,0.000000,2,4,4,0.0000,0.0000,0.0000,0.5000,"Accelerate",0.009105
5450,A0100,pursuit_chase_v1,UNKNOWN,15118.920976,28463.134396,3936.865604,241.004320,-31843.116991,20166.415102,515.159764,31915.280514,106.967257,5792.711057,5.915823,0.023833,False,False,False,False,True,True,False,1-circle,-1.000000,6107.255149,-22294.172909,0.828112,-0.236360,100.000000,100.000000,0.000000,0.000000,2,4,4,0.0000,0.0000,0.0000,0.5000,"PursuitChaseOptimal",0.002794
5450,B0100,aggressive,UNKNOWN,15118.920976,28463.134396,3936.865604,241.004320,-31843.116991,20166.415102,515.159764,31915.280514,106.967257,5792.711057,5.915823,0.023833,False,False,False,False,True,True,False,1-circle,-1.000000,6107.255149,-22294.172909,0.828112,-0.236360,100.000000,100.000000,0.000000,0.000000,2,4,4,0.0000,0.0000,0.0000,0.5000,"Accelerate",-0.002310
5451,A0100,pursuit_chase_v1,UNKNOWN,15118.920976,28463.134396,3936.865604,241.004320,-31843.116991,20166.415102,515.159764,31915.280514,106.967257,5792.711057,5.915823,0.023833,False,False,False,False,True,True,False,1-circle,-1.000000,6107.255149,-22294.172909,0.828112,-0.236360,100.000000,100.000000,0.000000,0.000000,2,4,4,0.0000,0.0000,0.0000,0.5000,"PursuitChaseOptimal",0.005634
5451,B0100,aggressive,UNKNOWN,15118.920976,28463.134396,3936.865604,241.004320,-31843.116991,20166.415102,515.159764,31915.280514,106.967257,5792.711057,5.915823,0.023833,False,False,False,False,True,True,False,1-circle,-1.000000,6107.255149,-22294.172909,0.828112,-0.236360,100.000000,100.000000,0.000000,0.000000,2,4,4,0.0000,0.0000,0.0000,0.5000,"Accelerate",-0.005047
5452,A0100,pursuit_chase_v1,UNKNOWN,15117.889518,28473.257364,3926.742636,244.652987,-31842.062630,20167.123347,515.072008,31911.986322,-65.883831,5774.964702,5.876837,0.050969,False,False,False,False,True,True,False,1-circle,-1.000000,6107.424365,-22763.470736,-1.770329,-0.013532,100.000000,100.000000,0.000000,0.000000,2,4,4,0.0000,0.0000,0.0000,0.5000,"PursuitChaseOptimal",-0.010648
5452,B0100,aggressive,UNKNOWN,15117.889518,28473.257364,3926.742636,244.652987,-31842.062630,20167.123347,515.072008,31911.986322,-65.883831,5774.964702,5.876837,0.050969,False,False,False,False,True,True,False,1-circle,-1.000000,6107.424365,-22763.470736,-1.770329,-0.013532,100.000000,100.000000,0.000000,0.000000,2,4,4,0.0000,0.0000,0.0000,0.5000,"Accelerate",0.010563
5453,A0100,pursuit_chase_v1,UNKNOWN,15117.889518,28473.257364,3926.742636,244.652987,-31842.062630,20167.123347,515.072008,31911.986322,-65.883831,5774.964702,5.876837,0.050969,False,False,False,False,True,True,False,1-circle,-1.000000,6107.424365,-22763.470736,-1.770329,-0.013532,100.000000,100.000000,0.000000,0.000000,2,4,4,0.0000,0.0000,0.0000,0.5000,"PursuitChaseOptimal",-0.012628
5453,B0100,aggressive,UNKNOWN,15117.889518,28473.257364,3926.742636,244.652987,-31842.062630,20167.123347,515.072008,31911.986322,-65.883831,5774.964702,5.876837,0.050969,False,False,False,False,True,True,False,1-circle,-1.000000,6107.424365,-22763.470736,-1.770329,-0.013532,100.000000,100.000000,0.000000,0.000000,2,4,4,0.0000,0.0000,0.0000,0.5000,"Accelerate",0.012180
5454,A0100,pursuit_chase_v1,UNKNOWN,15116.843773,28470.770584,3929.229416,233.639804,-31847.821515,20167.886698,515.167803,31917.118800,102.649564,5780.886086,6.012994,0.001554,False,False,False,False,True,True,False,1-circle,-1.000000,6107.562112,-22456.072142,-0.053991,0.101557,100.000000,100.000000,0.000000,0.000000,2,4,4,0.0000,0.0000,0.0000,0.5000,"PursuitChaseOptimal",0.000575
5454,B0100,aggressive,UNKNOWN,15116.843773,28470.770584,3929.229416,233.639804,-31847.821515,20167.886698,515.167803,31917.118800,102.649564,5780.886086,6.012994,0.001554,False,False,False,False,True,True,False,1-circle,-1.000000,6107.562112,-22456.072142,-0.053991,0.101557,100.000000,100.000000,0.000000,0.000000,2,4,4,0.0000,0.0000,0.0000,0.5000,"Accelerate",-0.000591
5455,A0100,pursuit_chase_v1,UNKNOWN,15116.843773,28470.770584,3929.229416,233.639804,-31847.821515,20167.886698,515.167803,31917.118800,102.649564,5780.886086,6.012994,0.001554,False,False,False,False,True,True,False,1-circle,-1.000000,6107.562112,-22456.072142,-0.053991,0.101557,100.000000,100.000000,0.000000,0.000000,2,4,4,0.0000,0.0000,0.0000,0.5000,"PursuitChaseOptimal",0.005538
5455,B0100,aggressive,UNKNOWN,15116.843773,28470.770584,3929.229416,233.639804,-31847.821515,20167.886698,515.167803,31917.118800,102.649564,5780.886086,6.012994,0.001554,False,False,False,False,True,True,False,1-circle,-1.000000,6107.562112,-22456.072142,-0.053991,0.101557,100.000000,100.000000,0.000000,0.000000,2,4,4,0.0000,0.0000,0.0000,0.5000,"Accelerate",-0.004899
5456,A0100,pursuit_chase_v1,UNKNOWN,15115.796847,28477.093826,3922.906174,233.592317,-31850.360028,20168.633442,515.125194,31915.922092,-23.934167,5766.790585,6.026126,0.004087,False,False,False,False,True,True,False,1-circle,-1.000000,6107.750871,-22422.348053,0.142005,-0.041861,100.000000,100.000000,0.000000,0.000000,2,4,4,0.0000,0.0000,0.0000,0.5000,"PursuitChaseOptimal",-0.006964
5456,B0100,aggressive,UNKNOWN,15115.796847,28477.093826,3922.906174,233.592317,-31850.360028,20168.633442,515.125194,31915.922092,-23.934167,5766.790585,6.026126,0.004087,False,False,False,False,True,True,False,1-circle,-1.000000,6107.750871,-22422.348053,0.142005,-0.041861,100.000000,100.000000,0.000000,0.000000,2,4,4,0.0000,0.0000,0.0000,0.5000,"Accelerate",0.007453
5457,A0100,pursuit_chase_v1,UNKNOWN,15115.796847,28477.093826,3922.906174,233.592317,-31850.360028,20168.633442,515.125194,31915.922092,-23.934167,5766.790585,6.026126,0.004087,False,False,False,False,True,True,False,1-circle,-1.000000,6107.750871,-22422.348053,0.142005,-0.041861,100.000000,100.000000,0.000000,0.000000,2,4,4,0.0000,0.0000,0.0000,0.5000,"PursuitChaseOptimal",-0.006322
5457,B0100,aggressive,UNKNOWN,15115.796847,28477.093826,3922.906174,233.592317,-31850.360028,20168.633442,515.125194,31915.922092,-23.934167,5766.790585,6.026126,0.004087,False,False,False,False,True,True,False,1-circle,-1.000000,6107.750871,-22422.348053,0.142005,-0.041861,100.000000,100.000000,0.000000,0.000000,2,4,4,0.0000,0.0000,0.0000,0.5000,"Accelerate",0.006135
5458,A0100,pursuit_chase_v1,UNKNOWN,15114.713942,28482.039523,3917.960477,225.024535,-31853.186085,20169.490205,515.106940,31915.946337,0.484909,5762.765811,6.054064,0.039078,False,False,False,False,True,True,False,1-circle,-1.000000,6107.839384,-22693.758734,-1.357606,0.135240,100.000000,100.000000,0.000000,0.000000,2,4,4,0.0000,0.0000,0.0000,0.5000,"PursuitChaseOptimal",0.011591
5458,B0100,aggressive,UNKNOWN,15114.713942,28482.039523,3917.960477,225.024535,-31853.186085,20169.490205,515.106940,31915.946337,0.484909,5762.765811,6.054064,0.039078,False,False,False,False,True,True,False,1-circle,-1.000000,6107.839384,-22693.758734,-1.357606,0.135240,100.000000,100.000000,0.000000,0.000000,2,4,4,0.0000,0.0000,0.0000,0.5000,"Accelerate",-0.011909
5459,A0100,pursuit_chase_v1,UNKNOWN,15114.713942,28482.039523,3917.960477,225.024535,-31853.186085,20169.490205,515.106940,31915.946337,0.484909,5762.765811,6.054064,0.039078,False,False,False,False,True,True,False,1-circle,-1.000000,6107.839384,-22693.758734,-1.357606,0.135240,100.000000,100.000000,0.000000,0.000000,2,4,4,0.0000,0.0000,0.0000,0.5000,"PursuitChaseOptimal",0.021825
5459,B0100,aggressive,UNKNOWN,15114.713942,28482.039523,3917.960477,225.024535,-31853.186085,20169.490205,515.106940,31915.946337,0.484909,5762.765811,6.054064,0.039078,False,False,False,False,True,True,False,1-circle,-1.000000,6107.839384,-22693.758734,-1.357606,0.135240,100.000000,100.000000,0.000000,0.000000,2,4,4,0.0000,0.0000,0.0000,0.5000,"Accelerate",-0.021735
5460,A0100,pursuit_chase_v1,UNKNOWN,15113.631492,28476.355231,3923.644769,221.763174,-31858.103404,20170.301045,515.218070,31921.826098,117.595223,5756.202680,5.990684,0.035495,False,False,False,False,True,True,False,1-circle,-1.000000,6107.936532,-22228.825006,1.233421,-0.110913,100.000000,100.000000,0.000000,0.000000,2,4,4,0.0000,0.0000,0.0000,0.5000,"PursuitChaseOptimal",0.012686
5460,B0100,aggressive,UNKNOWN,15113.631492,28476.355231,3923.644769,221.763174,-31858.103404,20170.301045,515.218070,31921.826098,117.595223,5756.202680,5.990684,0.035495,False,False,False,False,True,True,False,1-circle,-1.000000,6107.936532,-22228.825006,1.233421,-0.110913,100.000000,100.000000,0.000000,0.000000,2,4,4,0.0000,0.0000,0.0000,0.5000,"Accelerate",-0.012058
5461,A0100,pursuit_chase_v1,UNKNOWN,15113.631492,28476.355231,3923.644769,221.763174,-31858.103404,20170.301045,515.218070,31921.826098,117.595223,5756.202680,5.990684,0.035495,False,False,False,False,True,True,False,1-circle,-1.000000,6107.936532,-22228.825006,1.233421,-0.110913,100.000000,100.000000,0.000000,0.000000,2,4,4,0.0000,0.0000,0.0000,0.5000,"PursuitChaseOptimal",-0.002072
5461,B0100,aggressive,UNKNOWN,15113.631492,28476.355231,3923.644769,221.763174,-31858.103404,20170.301045,515.218070,31921.826098,117.595223,5756.202680,5.990684,0.035495,False,False,False,False,True,True,False,1-circle,-1.000000,6107.936532,-22228.825006,1.233421,-0.110913,100.000000,100.000000,0.000000,0.000000,2,4,4,0.0000,0.0000,0.0000,0.5000,"Accelerate",0.002591
5462,A0100,pursuit_chase_v1,UNKNOWN,15112.511927,28487.281152,3912.718848,222.949858,-31857.243229,20171.154186,515.134728,31918.877674,-58.968496,5747.828552,5.755635,0.038337,False,False,False,False,True,True,False,1-circle,-1.000000,6107.869498,-22691.924784,-1.331982,0.098702,100.000000,100.000000,0.000000,0.000000,2,4,4,0.0000,0.0000,0.0000,0.5000,"PursuitChaseOptimal",-0.013421
5462,B0100,aggressive,UNKNOWN,15112.511927,28487.281152,3912.718848,222.949858,-31857.243229,20171.154186,515.134728,31918.877674,-58.968496,5747.828552,5.755635,0.038337,False,False,False,False,True,True,False,1-circle,-1.000000,6107.869498,-22691.924784,-1.331982,0.098702,100.000000,100.000000,0.000000,0.000000,2,4,4,0.0000,0.0000,0.0000,0.5000,"Accelerate",0.013314
5463,A0100,pursuit_chase_v1,UNKNOWN,15112.511927,28487.281152,3912.718848,222.949858,-31857.243229,20171.154186,515.134728,31918.877674,-58.968496,5747.828552,5.755635,0.038337,False,False,False,False,True,True,False,1-circle,-1.000000,6107.869498,-22691.924784,-1.331982,0.098702,100.000000,100.000000,0.000000,0.000000,2,4,4,0.0000,0.0000,0.0000,0.5000,"PursuitChaseOptimal",-0.009408
5463,B0100,aggressive,UNKNOWN,15112.511927,28487.281152,3912.718848,222.949858,-31857.243229,20171.154186,515.134728,31918.877674,-58.968496,5747.828552,5.755635,0.038337,False,False,False,False,True,True,False,1-circle,-1.000000,6107.869498,-22691.924784,-1.331982,0.098702,100.000000,100.000000,0.000000,0.000000,2,4,4,0.0000,0.0000,0.0000,0.5000,"Accelerate",0.009193
5464,A0100,pursuit_chase_v1,UNKNOWN,15111.400912,28488.029123,3911.970877,210.119640,-31865.032816,20172.072459,515.204077,31922.959206,81.630649,5753.113339,5.826499,0.000240,False,False,False,False,True,True,False,1-circle,-1.000000,6107.780045,-22451.941909,0.008354,0.204929,100.000000,100.000000,0.000000,0.000000,2,4,4,0.0000,0.0000,0.0000,0.5000,"PursuitChaseOptimal",0.000513
5464,B0100,aggressive,UNKNOWN,15111.400912,28488.029123,3911.970877,210.119640,-31865.032816,20172.072459,515.204077,31922.959206,81.630649,5753.113339,5.826499,0.000240,False,False,False,False,True,True,False,1-circle,-1.000000,6107.780045,-22451.941909,0.008354,0.204929,100.000000,100.000000,0.000000,0.000000,2,4,4,0.0000,0.0000,0.0000,0.5000,"Accelerate",-0.000071
5465,A0100,pursuit_chase_v1,UNKNOWN,15111.400912,28488.029123,3911.970877,210.119640,-31865.032816,20172.072459,515.204077,31922.959206,81.630649,5753.113339,5.826499,0.000240,False,False,False,False,True,True,False,1-circle,-1.000000,6107.780045,-22451.941909,0.008354,0.204929,100.000000,100.000000,0.000000,0.000000,2,4,4,0.0000,0.0000,0.0000,0.5000,"PursuitChaseOptimal",0.013972
5465,B0100,aggressive,UNKNOWN,15111.400912,28488.029123,3911.970877,210.119640,-31865.032816,20172.072459,515.204077,31922.959206,81.630649,5753.113339,5.826499,0.000240,False,False,False,False,True,True,False,1-circle,-1.000000,6107.780045,-22451.941909,0.008354,0.204929,100.000000,100.000000,0.000000,0.000000,2,4,4,0.0000,0.0000,0.0000,0.5000,"Accelerate",-0.013356
5466,A0100,pursuit_chase_v1,UNKNOWN,15110.275795,28497.200168,3902.799832,214.893647,-31862.637892,20173.041348,515.111535,31919.707015,-65.043830,5735.348233,5.753358,0.070550,False,False,False,False,True,True,False,1-circle,-1.000000,6107.666397,-22895.701558,-2.450087,0.039954,100.000000,100.000000,0.000000,0.000000,2,4,4,0.0000,0.0000,0.0000,0.5000,"PursuitChaseOptimal",0.007298
5466,B0100,aggressive,UNKNOWN,15110.275795,28497.200168,3902.799832,214.893647,-31862.637892,20173.041348,515.111535,31919.707015,-65.043830,5735.348233,5.753358,0.070550,False,False,False,False,True,True,False,1-circle,-1.000000,6107.666397,-22895.701558,-2.450087,0.039954,100.000000,100.000000,0.000000,0.000000,2,4,4,0.0000,0.0000,0.0000,0.5000,"Accelerate",-0.007481
5467,A0100,pursuit_chase_v1,UNKNOWN,15110.275795,28497.200168,3902.799832,214.893647,-31862.637892,20173.041348,515.111535,31919.707015,-65.043830,5735.348233,5.753358,0.070550,False,False,False,False,True,True,False,1-circle,-1.000000,6107.666397,-22895.701558,-2.450087,0.039954,100.000000,100.000000,0.000000,0.000000,2,4,4,0.0000,0.0000,0.0000,0.5000,"PursuitChaseOptimal",-0.002712
5467,B0100,aggressive,UNKNOWN,15110.275795,28497.200168,3902.799832,214.893647,-31862.637892,20173.041348,515.111535,31919.707015,-65.043830,5735.348233,5.753358,0.070550,False,False,False,False,True,True,False,1-circle,-1.000000,6107.666397,-22895.701558,-2.450087,0.039954,100.000000,100.000000,0.000000,0.000000,2,4,4,0.0000,0.0000,0.0000,0.5000,"Accelerate",0.002138
5468,A0100,pursuit_chase_v1,UNKNOWN,15109.115585,28489.233889,3910.766111,207.446358,-31868.328551,20174.025114,515.223559,31925.800571,121.871131,5736.276134,5.871964,0.022371,False,False,False,False,True,True,False,1-circle,-1.000000,6107.466616,-22595.809470,-0.777500,-0.005774,100.000000,100.000000,0.000000,0.000000,2,4,4,0.0000,0.0000,0.0000,0.5000,"PursuitChaseOptimal",-0.006554
5468,B0100,aggressive,UNKNOWN,15109.115585,28489.233889,3910.766111,207.446358,-31868.328551,20174.025114,515.223559,31925.800571,121.871131,5736.276134,5.871964,0.022371,False,False,False,False,True,True,False,1-circle,-1.000000,6107.466616,-22595.809470,-0.777500,-0.005774,100.000000,100.000000,0.000000,0.000000,2,4,4,0.0000,0.0000,0.0000,0.5000,"Accelerate",0.006154
5469,A0100,pursuit_chase_v1,UNKNOWN,15109.115585,28489.233889,3910.766111,207.446358,-31868.328551,20174.025114,515.223559,31925.800571,121.871131,5736.276134,5.871964,0.022371,False,False,False,False,True,True,False,1-circle,-1.000000,6107.466616,-22595.809470,-0.777500,-0.005774,100.000000,100.000000,0.000000,0.000000,2,4,4,0.0000,0.0000,0.0000,0.5000,"PursuitChaseOptimal",0.006939
5469,B0100,aggressive,UNKNOWN,15109.115585,28489.233889,3910.766111,207.446358,-31868.328551,20174.025114,515.223559,31925.800571,121.871131,5736.276134,5.871964,0.022371,False,False,False,False,True,True,False,1-circle,-1.000000,6107.466616,-22595.809470,-0.777500,-0.005774,100.000000,100.000000,0.000000,0.000000,2,4,4,0.0000,0.0000,0.0000,0.5000,"Accelerate",-0.006707
5470,A0100,pursuit_chase_v1,UNKNOWN,15107.975994,28487.393822,3912.606178,202.352847,-31870.426745,20174.922162,515.211328,31926.139665,6.781887,5731.396828,5.966349,0.017340,False,False,False,False,True,True,False,1-circle,-1.000000,6107.372332,-22565.552727,-0.602648,-0.222991,100.000000,100.000000,0.000000,0.000000,2,4,4,0.0000,0.0000,0.0000,0.5000,"PursuitChaseOptimal",0.007277
5470,B0100,aggressive,UNKNOWN,15107.975994,28487.393822,3912.606178,202.352847,-31870.426745,20174.922162,515.211328,31926.139665,6.781887,5731.396828,5.966349,0.017340,False,False,False,False,True,True,False,1-circle,-1.000000,6107.372332,-22565.552727,-0.602648,-0.222991,100.000000,100.000000,0.000000,0.000000,2,4,4,0.0000,0.0000,0.0000,0.5000,"Accelerate",-0.006867
5471,A0100,pursuit_chase_v1,UNKNOWN,15107.975994,28487.393822,3912.606178,202.352847,-31870.426745,20174.922162,515.211328,31926.139665,6.781887,5731.396828,5.966349,0.017340,False,False,False,False,True,True,False,1-circle,-1.000000,6107.372332,-22565.552727,-0.602648,-0.222991,100.000000,100.000000,0.000000,0.000000,2,4,4,0.0000,0.0000,0.0000,0.5000,"PursuitChaseOptimal",-0.010620
5471,B0100,aggressive,UNKNOWN,15107.975994,28487.393822,3912.606178,202.352847,-31870.426745,20174.922162,515.211328,31926.139665,6.781887,5731.396828,5.966349,0.017340,False,False,False,False,True,True,False,1-circle,-1.000000,6107.372332,-22565.552727,-0.602648,-0.222991,100.000000,100.000000,0.000000,0.000000,2,4,4,0.0000,0.0000,0.0000,0.5000,"Accelerate",0.010229
5472,A0100,pursuit_chase_v1,UNKNOWN,15106.790908,28488.554625,3911.445375,198.715426,-31873.958040,20175.856525,515.160966,31924.776756,-27.258186,5721.389198,6.113796,0.061307,False,False,False,False,True,True,False,1-circle,-1.000000,6107.201101,-22841.586146,-2.129658,-0.009774,100.000000,100.000000,0.000000,0.000000,2,4,4,0.0000,0.0000,0.0000,0.5000,"PursuitChaseOptimal",-0.013037
5472,B0100,aggressive,UNKNOWN,15106.790908,28488.554625,3911.445375,198.715426,-31873.958040,20175.856525,515.160966,31924.776756,-27.258186,5721.389198,6.113796,0.061307,False,False,False,False,True,True,False,1-circle,-1.000000,6107.201101,-22841.586146,-2.129658,-0.009774,100.000000,100.000000,0.000000,0.000000,2,4,4,0.0000,0.0000,0.0000,0.5000,"Accelerate",0.012336
5473,A0100,pursuit_chase_v1,UNKNOWN,15106.790908,28488.554625,3911.445375,198.715426,-31873.958040,20175.856525,515.160966,31924.776756,-27.258186,5721.389198,6.113796,0.061307,False,False,False,False,True,True,False,1-circle,-1.000000,6107.201101,-22841.586146,-2.129658,-0.009774,100.000000,100.000000,0.000000,0.000000,2,4,4,0.0000,0.0000,0.0000,0.5000,"PursuitChaseOptimal",-0.000645
5473,B0100,aggressive,UNKNOWN,15106.790908,28488.554625,3911.445375,198.715426,-31873.958040,20175.856525,515.160966,31924.776756,-27.258186,5721.389198,6.113796,0.061307,False,False,False,False,True,True,False,1-circle,-1.000000,6107.201101,-22841.586146,-2.129658,-0.009774,100.000000,100.000000,0.000000,0.000000,2,4,4,0.0000,0.0000,0.0000,0.5000,"Accelerate",0.000435
5474,A0100,pursuit_chase_v1,UNKNOWN,15105.610893,28480.172400,3919.827600,191.577555,-31876.991810,20176.707716,515.242151,31929.331330,91.091485,5719.509529,6.436700,0.012768,False,False,False,False,True,True,False,1-circle,-1.000000,6107.184417,-22379.617115,0.443785,-0.128337,100.000000,100.000000,0.000000,0.000000,2,4,4,0.0000,0.0000,0.0000,0.5000,"PursuitChaseOptimal",0.004376
5474,B0100,aggressive,UNKNOWN,15105.610893,28480.172400,3919.827600,191.577555,-31876.991810,20176.707716,515.242151,31929.331330,91.091485,5719.509529,6.436700,0.012768,False,False,False,False,True,True,False,1-circle,-1.000000,6107.184417,-22379.617115,0.443785,-0.128337,100.000000,100.000000,0.000000,0.000000,2,4,4,0.0000,0.0000,0.0000,0.5000,"Accelerate",-0.003890
5475,A0100,pursuit_chase_v1,UNKNOWN,15105.610893,28480.172400,3919.827600,191.577555,-31876.991810,20176.707716,515.242151,31929.331330,91.091485,5719.509529,6.436700,0.012768,False,False,False,False,True,True,False,1-circle,-1.000000,6107.184417,-22379.617115,0.443785,-0.128337,100.000000,100.000000,0.000000,0.000000,2,4,4,0.0000,0.0000,0.0000,0.5000,"PursuitChaseOptimal",-0.008109
5475,B0100,aggressive,UNKNOWN,15105.610893,28480.172400,3919.827600,191.577555,-31876.991810,20176.707716,515.242151,31929.331330,91.091485,5719.509529,6.436700,0.012768,False,False,False,False,True,True,False,1-circle,-1.000000,6107.184417,-22379.617115,0.443785,-0.128337,100.000000,100.000000,0.000000,0.000000,2,4,4,0.0000,0.0000,0.0000,0.5000,"Accelerate",0.008461
5476,A0100,pursuit_chase_v1,UNKNOWN,15104.395091,28489.152783,3910.847217,193.161341,-31875.494828,20177.584728,515.135576,31925.346907,-79.688458,5704.999413,6.469749,0.062821,False,False,False,False,True,True,False,1-circle,-1.000000,6107.138148,-22853.523304,-2.182171,0.042748,100.000000,100.000000,0.000000,0.000000,2,4,4,0.0000,0.0000,0.0000,0.5000,"PursuitChaseOptimal",-0.007647
5476,B0100,aggressive,UNKNOWN,15104.395091,28489.152783,3910.847217,193.161341,-31875.494828,20177.584728,515.135576,31925.346907,-79.688458,5704.999413,6.469749,0.062821,False,False,False,False,True,True,False,1-circle,-1.000000,6107.138148,-22853.523304,-2.182171,0.042748,100.000000,100.000000,0.000000,0.000000,2,4,4,0.0000,0.0000,0.0000,0.5000,"Accelerate",0.007346
5477,A0100,pursuit_chase_v1,UNKNOWN,15104.395091,28489.152783,3910.847217,193.161341,-31875.494828,20177.584728,515.135576,31925.346907,-79.688458,5704.999413,6.469749,0.062821,False,False,False,False,True,True,False,1-circle,-1.000000,6107.138148,-22853.523304,-2.182171,0.042748,100.000000,100.000000,0.000000,0.000000,2,4,4,0.0000,0.0000,0.0000,0.5000,"PursuitChaseOptimal",0.010597
5477,B0100,aggressive,UNKNOWN,15104.395091,28489.152783,3910.847217,193.161341,-31875.494828,20177.584728,515.135576,31925.346907,-79.688458,5704.999413,6.469749,0.062821,False,False,False,False,True,True,False,1-circle,-1.000000,6107.138148,-22853.523304,-2.182171,0.042748,100.000000,100.000000,0.000000,0.000000,2,4,4,0.0000,0.0000,0.0000,0.5000,"Accelerate",-0.010942
5478,A0100,pursuit_chase_v1,UNKNOWN,15103.169674,28482.344019,3917.655981,183.969545,-31881.020028,20178.479307,515.226850,31930.404915,101.160142,5705.320965,6.573386,0.013833,False,False,False,False,True,True,False,1-circle,-1.000000,6107.112955,-22548.500505,-0.480823,-0.023527,100.000000,100.000000,0.000000,0.000000,2,4,4,0.0000,0.0000,0.0000,0.5000,"PursuitChaseOptimal",0.020793
5478,B0100,aggressive,UNKNOWN,15103.169674,28482.344019,3917.655981,183.969545,-31881.020028,20178.479307,515.226850,31930.404915,101.160142,5705.320965,6.573386,0.013833,False,False,False,False,True,True,False,1-circle,-1.000000,6107.112955,-22548.500505,-0.480823,-0.023527,100.000000,100.000000,0.000000,0.000000,2,4,4,0.0000,0.0000,0.0000,0.5000,"Accelerate",-0.020745
5479,A0100,pursuit_chase_v1,UNKNOWN,15103.169674,28482.344019,3917.655981,183.969545,-31881.020028,20178.479307,515.226850,31930.404915,101.160142,5705.320965,6.573386,0.013833,False,False,False,False,True,True,False,1-circle,-1.000000,6107.112955,-22548.500505,-0.480823,-0.023527,100.000000,100.000000,0.000000,0.000000,2,4,4,0.0000,0.0000,0.0000,0.5000,"PursuitChaseOptimal",0.011721
5479,B0100,aggressive,UNKNOWN,15103.169674,28482.344019,3917.655981,183.969545,-31881.020028,20178.479307,515.226850,31930.404915,101.160142,5705.320965,6.573386,0.013833,False,False,False,False,True,True,False,1-circle,-1.000000,6107.112955,-22548.500505,-0.480823,-0.023527,100.000000,100.000000,0.000000,0.000000,2,4,4,0.0000,0.0000,0.0000,0.5000,"Accelerate",-0.011127
5480,A0100,pursuit_chase_v1,UNKNOWN,15101.921961,28485.464546,3914.535454,184.708112,-31883.098918,20179.318866,515.170497,31928.673854,-34.621211,5689.033698,6.461091,0.008646,False,False,False,False,True,True,False,1-circle,-1.000000,6107.031571,-22517.213017,-0.300512,-0.084983,100.000000,100.000000,0.000000,0.000000,2,4,4,0.0000,0.0000,0.0000,0.5000,"PursuitChaseOptimal",-0.002973
5480,B0100,aggressive,UNKNOWN,15101.921961,28485.464546,3914.535454,184.708112,-31883.098918,20179.318866,515.170497,31928.673854,-34.621211,5689.033698,6.461091,0.008646,False,False,False,False,True,True,False,1-circle,-1.000000,6107.031571,-22517.213017,-0.300512,-0.084983,100.000000,100.000000,0.000000,0.000000,2,4,4,0.0000,0.0000,0.0000,0.5000,"Accelerate",0.003377
5481,A0100,pursuit_chase_v1,UNKNOWN,15101.921961,28485.464546,3914.535454,184.708112,-31883.098918,20179.318866,515.170497,31928.673854,-34.621211,5689.033698,6.461091,0.008646,False,False,False,False,True,True,False,1-circle,-1.000000,6107.031571,-22517.213017,-0.300512,-0.084983,100.000000,100.000000,0.000000,0.000000,2,4,4,0.0000,0.0000,0.0000,0.5000,"PursuitChaseOptimal",-0.005212
5481,B0100,aggressive,UNKNOWN,15101.921961,28485.464546,3914.535454,184.708112,-31883.098918,20179.318866,515.170497,31928.673854,-34.621211,5689.033698,6.461091,0.008646,False,False,False,False,True,True,False,1-circle,-1.000000,6107.031571,-22517.213017,-0.300512,-0.084983,100.000000,100.000000,0.000000,0.000000,2,4,4,0.0000,0.0000,0.0000,0.5000,"Accelerate",0.004934
5482,A0100,pursuit_chase_v1,UNKNOWN,15100.647922,28488.514902,3911.485098,176.011781,-31886.674778,20180.239187,515.142827,31928.332070,-6.835684,5687.010363,6.460167,0.052139,False,False,False,False,True,True,False,1-circle,-1.000000,6106.827915,-22790.256691,-1.811472,0.100999,100.000000,100.000000,0.000000,0.000000,2,4,4,0.0000,0.0000,0.0000,0.5000,"PursuitChaseOptimal",0.003237
5482,B0100,aggressive,UNKNOWN,15100.647922,28488.514902,3911.485098,176.011781,-31886.674778,20180.239187,515.142827,31928.332070,-6.835684,5687.010363,6.460167,0.052139,False,False,False,False,True,True,False,1-circle,-1.000000,6106.827915,-22790.256691,-1.811472,0.100999,100.000000,100.000000,0.000000,0.000000,2,4,4,0.0000,0.0000,0.0000,0.5000,"Accelerate",-0.003649
5483,A0100,pursuit_chase_v1,UNKNOWN,15100.647922,28488.514902,3911.485098,176.011781,-31886.674778,20180.239187,515.142827,31928.332070,-6.835684,5687.010363,6.460167,0.052139,False,False,False,False,True,True,False,1-circle,-1.000000,6106.827915,-22790.256691,-1.811472,0.100999,100.000000,100.000000,0.000000,0.000000,2,4,4,0.0000,0.0000,0.0000,0.5000,"PursuitChaseOptimal",0.000285
5483,B0100,aggressive,UNKNOWN,15100.647922,28488.514902,3911.485098,176.011781,-31886.674778,20180.239187,515.142827,31928.332070,-6.835684,5687.010363,6.460167,0.052139,False,False,False,False,True,True,False,1-circle,-1.000000,6106.827915,-22790.256691,-1.811472,0.100999,100.000000,100.000000,0.000000,0.000000,2,4,4,0.0000,0.0000,0.0000,0.5000,"Accelerate",-0.000462
5484,A0100,pursuit_chase_v1,UNKNOWN,15099.374709,28481.701455,3918.298545,175.045866,-31889.709257,20181.097825,515.242520,31933.738273,108.124055,5681.894273,6.668268,0.021996,False,False,False,False,True,True,False,1-circle,-1.000000,6106.686748,-22327.661570,0.764543,-0.135972,100.000000,100.000000,0.000000,0.000000,2,4,4,0.0000,0.0000,0.0000,0.5000,"PursuitChaseOptimal",-0.015568
5484,B0100,aggressive,UNKNOWN,15099.374709,28481.701455,3918.298545,175.045866,-31889.709257,20181.097825,515.242520,31933.738273,108.124055,5681.894273,6.668268,0.021996,False,False,False,False,True,True,False,1-circle,-1.000000,6106.686748,-22327.661570,0.764543,-0.135972,100.000000,100.000000,0.000000,0.000000,2,4,4,0.0000,0.0000,0.0000,0.5000,"Accelerate",0.015843
5485,A0100,pursuit_chase_v1,UNKNOWN,15099.374709,28481.701455,3918.298545,175.045866,-31889.709257,20181.097825,515.242520,31933.738273,108.124055,5681.894273,6.668268,0.021996,False,False,False,False,True,True,False,1-circle,-1.000000,6106.686748,-22327.661570,0.764543,-0.135972,100.000000,100.000000,0.000000,0.000000,2,4,4,0.0000,0.0000,0.0000,0.5000,"PursuitChaseOptimal",-0.019007
5485,B0100,aggressive,UNKNOWN,15099.374709,28481.701455,3918.298545,175.045866,-31889.709257,20181.097825,515.242520,31933.738273,108.124055,5681.894273,6.668268,0.021996,False,False,False,False,True,True,False,1-circle,-1.000000,6106.686748,-22327.661570,0.764543,-0.135972,100.000000,100.000000,0.000000,0.000000,2,4,4,0.0000,0.0000,0.0000,0.5000,"Accelerate",0.019251
5486,A0100,pursuit_chase_v1,UNKNOWN,15098.070980,28490.997455,3909.002545,170.369751,-31888.262998,20181.989478,515.139530,31929.931986,-76.125730,5670.579166,6.893567,0.053469,False,False,False,False,True,True,False,1-circle,-1.000000,6106.574924,-22800.772457,-1.857685,0.079671,100.000000,100.000000,0.000000,0.000000,2,4,4,0.0000,0.0000,0.0000,0.5000,"PursuitChaseOptimal",-0.005549
5486,B0100,aggressive,UNKNOWN,15098.070980,28490.997455,3909.002545,170.369751,-31888.262998,20181.989478,515.139530,31929.931986,-76.125730,5670.579166,6.893567,0.053469,False,False,False,False,True,True,False,1-circle,-1.000000,6106.574924,-22800.772457,-1.857685,0.079671,100.000000,100.000000,0.000000,0.000000,2,4,4,0.0000,0.0000,0.0000,0.5000,"Accelerate",0.005283
5487,A0100,pursuit_chase_v1,UNKNOWN,15098.070980,28490.997455,3909.002545,170.369751,-31888.262998,20181.989478,515.139530,31929.931986,-76.125730,5670.579166,6.893567,0.053469,False,False,False,False,True,True,False,1-circle,-1.000000,6106.574924,-22800.772457,-1.857685,0.079671,100.000000,100.000000,0.000000,0.000000,2,4,4,0.0000,0.0000,0.0000,0.5000,"PursuitChaseOptimal",0.000358
5487,B0100,aggressive,UNKNOWN,15098.070980,28490.997455,3909.002545,170.369751,-31888.262998,20181.989478,515.139530,31929.931986,-76.125730,5670.579166,6.893567,0.053469,False,False,False,False,True,True,False,1-circle,-1.000000,6106.574924,-22800.772457,-1.857685,0.079671,100.000000,100.000000,0.000000,0.000000,2,4,4,0.0000,0.0000,0.0000,0.5000,"Accelerate",-0.000801
5488,A0100,pursuit_chase_v1,UNKNOWN,15096.746191,28484.333109,3915.666891,166.662345,-31893.757526,20182.900387,515.235354,31935.213937,105.639018,5666.527909,7.155169,0.004420,False,False,False,False,True,True,False,1-circle,-1.000000,6106.527346,-22495.182741,-0.153628,-0.018086,100.000000,100.000000,0.000000,0.000000,2,4,4,0.0000,0.0000,0.0000,0.5000,"PursuitChaseOptimal",-0.011775
5488,B0100,aggressive,UNKNOWN,15096.746191,28484.333109,3915.666891,166.662345,-31893.757526,20182.900387,515.235354,31935.213937,105.639018,5666.527909,7.155169,0.004420,False,False,False,False,True,True,False,1-circle,-1.000000,6106.527346,-22495.182741,-0.153628,-0.018086,100.000000,100.000000,0.000000,0.000000,2,4,4,0.0000,0.0000,0.0000,0.5000,"Accelerate",0.011490
5489,A0100,pursuit_chase_v1,UNKNOWN,15096.746191,28484.333109,3915.666891,166.662345,-31893.757526,20182.900387,515.235354,31935.213937,105.639018,5666.527909,7.155169,0.004420,False,False,False,False,True,True,False,1-circle,-1.000000,6106.527346,-22495.182741,-0.153628,-0.018086,100.000000,100.000000,0.000000,0.000000,2,4,4,0.0000,0.0000,0.0000,0.5000,"PursuitChaseOptimal",-0.011046
5489,B0100,aggressive,UNKNOWN,15096.746191,28484.333109,3915.666891,166.662345,-31893.757526,20182.900387,515.235354,31935.213937,105.639018,5666.527909,7.155169,0.004420,False,False,False,False,True,True,False,1-circle,-1.000000,6106.527346,-22495.182741,-0.153628,-0.018086,100.000000,100.000000,0.000000,0.000000,2,4,4,0.0000,0.0000,0.0000,0.5000,"Accelerate",0.011411
5490,A0100,pursuit_chase_v1,UNKNOWN,15095.419168,28487.356400,3912.643600,158.290067,-31895.855093,20183.757256,515.178330,31933.469558,-34.887575,5661.108249,7.330397,0.000787,False,False,False,False,True,True,False,1-circle,-1.000000,6106.584294,-22463.808681,0.027364,-0.077250,100.000000,100.000000,0.000000,0.000000,2,4,4,0.0000,0.0000,0.0000,0.5000,"PursuitChaseOptimal",0.007967
5490,B0100,aggressive,UNKNOWN,15095.419168,28487.356400,3912.643600,158.290067,-31895.855093,20183.757256,515.178330,31933.469558,-34.887575,5661.108249,7.330397,0.000787,False,False,False,False,True,True,False,1-circle,-1.000000,6106.584294,-22463.808681,0.027364,-0.077250,100.000000,100.000000,0.000000,0.000000,2,4,4,0.0000,0.0000,0.0000,0.5000,"Accelerate",-0.007451
5491,A0100,pursuit_chase_v1,UNKNOWN,15095.419168,28487.356400,3912.643600,158.290067,-31895.855093,20183.757256,515.178330,31933.469558,-34.887575,5661.108249,7.330397,0.000787,False,False,False,False,True,True,False,1-circle,-1.000000,6106.584294,-22463.808681,0.027364,-0.077250,100.000000,100.000000,0.000000,0.000000,2,4,4,0.0000,0.0000,0.0000,0.5000,"PursuitChaseOptimal",0.011185
5491,B0100,aggressive,UNKNOWN,15095.419168,28487.356400,3912.643600,158.290067,-31895.855093,20183.757256,515.178330,31933.469558,-34.887575,5661.108249,7.330397,0.000787,False,False,False,False,True,True,False,1-circle,-1.000000,6106.584294,-22463.808681,0.027364,-0.077250,100.000000,100.000000,0.000000,0.000000,2,4,4,0.0000,0.0000,0.0000,0.5000,"Accelerate",-0.011286
5492,A0100,pursuit_chase_v1,UNKNOWN,15094.057352,28490.098507,3909.901493,158.824278,-31898.319440,20184.694948,515.149811,31933.106380,-7.263559,5647.323309,7.306674,0.043104,False,False,False,False,True,True,False,1-circle,-1.000000,6106.560965,-22739.477978,-1.497819,0.107484,100.000000,100.000000,0.000000,0.000000,2,4,4,0.0000,0.0000,0.0000,0.5000,"PursuitChaseOptimal",-0.000682
5492,B0100,aggressive,UNKNOWN,15094.057352,28490.098507,3909.901493,158.824278,-31898.319440,20184.694948,515.149811,31933.106380,-7.263559,5647.323309,7.306674,0.043104,False,False,False,False,True,True,False,1-circle,-1.000000,6106.560965,-22739.477978,-1.497819,0.107484,100.000000,100.000000,0.000000,0.000000,2,4,4,0.0000,0.0000,0.0000,0.5000,"Accelerate",0.000182
5493,A0100,pursuit_chase_v1,UNKNOWN,15094.057352,28490.098507,3909.901493,158.824278,-31898.319440,20184.694948,515.149811,31933.106380,-7.263559,5647.323309,7.306674,0.043104,False,False,False,False,True,True,False,1-circle,-1.000000,6106.560965,-22739.477978,-1.497819,0.107484,100.000000,100.000000,0.000000,0.000000,2,4,4,0.0000,0.0000,0.0000,0.5000,"PursuitChaseOptimal",-0.004936
5493,B0100,aggressive,UNKNOWN,15094.057352,28490.098507,3909.901493,158.824278,-31898.319440,20184.694948,515.149811,31933.106380,-7.263559,5647.323309,7.306674,0.043104,False,False,False,False,True,True,False,1-circle,-1.000000,6106.560965,-22739.477978,-1.497819,0.107484,100.000000,100.000000,0.000000,0.000000,2,4,4,0.0000,0.0000,0.0000,0.5000,"Accelerate",0.004701
5494,A0100,pursuit_chase_v1,UNKNOWN,15092.701073,28482.820745,3917.179255,147.601642,-31902.812453,20185.567886,515.256690,31938.854758,114.967558,5656.592329,7.342715,0.031203,False,False,False,False,True,True,False,1-circle,-1.000000,6106.564671,-22275.770033,1.084609,-0.127611,100.000000,100.000000,0.000000,0.000000,2,4,4,0.0000,0.0000,0.0000,0.5000,"PursuitChaseOptimal",0.008117
5494,B0100,aggressive,UNKNOWN,15092.701073,28482.820745,3917.179255,147.601642,-31902.812453,20185.567886,515.256690,31938.854758,114.967558,5656.592329,7.342715,0.031203,False,False,False,False,True,True,False,1-circle,-1.000000,6106.564671,-22275.770033,1.084609,-0.127611,100.000000,100.000000,0.000000,0.000000,2,4,4,0.0000,0.0000,0.0000,0.5000,"Accelerate",-0.007599
5495,A0100,pursuit_chase_v1,UNKNOWN,15092.701073,28482.820745,3917.179255,147.601642,-31902.812453,20185.567886,515.256690,31938.854758,114.967558,5656.592329,7.342715,0.031203,False,False,False,False,True,True,False,1-circle,-1.000000,6106.564671,-22275.770033,1.084609,-0.127611,100.000000,100.000000,0.000000,0.000000,2,4,4,0.0000,0.0000,0.0000,0.5000,"PursuitChaseOptimal",0.019264
5495,B0100,aggressive,UNKNOWN,15092.701073,28482.820745,3917.179255,147.601642,-31902.812453,20185.567886,515.256690,31938.854758,114.967558,5656.592329,7.342715,0.031203,False,False,False,False,True,True,False,1-circle,-1.000000,6106.564671,-22275.770033,1.084609,-0.127611,100.000000,100.000000,0.000000,0.000000,2,4,4,0.0000,0.0000,0.0000,0.5000,"Accelerate",-0.018558
5496,A0100,pursuit_chase_v1,UNKNOWN,15091.328277,28492.646515,3907.353485,152.028373,-31901.414772,20186.469673,515.172121,31935.898721,-59.120736,5639.321494,7.127431,0.043365,False,False,False,False,True,True,False,1-circle,-1.000000,6106.505470,-22743.314439,-1.506973,0.093664,100.000000,100.000000,0.000000,0.000000,2,4,4,0.0000,0.0000,0.0000,0.5000,"PursuitChaseOptimal",0.008527
5496,B0100,aggressive,UNKNOWN,15091.328277,28492.646515,3907.353485,152.028373,-31901.414772,20186.469673,515.172121,31935.898721,-59.120736,5639.321494,7.127431,0.043365,False,False,False,False,True,True,False,1-circle,-1.000000,6106.505470,-22743.314439,-1.506973,0.093664,100.000000,100.000000,0.000000,0.000000,2,4,4,0.0000,0.0000,0.0000,0.5000,"Accelerate",-0.008414
5497,A0100,pursuit_chase_v1,UNKNOWN,15091.328277,28492.646515,3907.353485,152.028373,-31901.414772,20186.469673,515.172121,31935.898721,-59.120736,5639.321494,7.127431,0.043365,False,False,False,False,True,True,False,1-circle,-1.000000,6106.505470,-22743.314439,-1.506973,0.093664,100.000000,100.000000,0.000000,0.000000,2,4,4,0.0000,0.0000,0.0000,0.5000,"PursuitChaseOptimal",-0.006359
5497,B0100,aggressive,UNKNOWN,15091.328277,28492.646515,3907.353485,152.028373,-31901.414772,20186.469673,515.172121,31935.898721,-59.120736,5639.321494,7.127431,0.043365,False,False,False,False,True,True,False,1-circle,-1.000000,6106.505470,-22743.314439,-1.506973,0.093664,100.000000,100.000000,0.000000,0.000000,2,4,4,0.0000,0.0000,0.0000,0.5000,"Accelerate",0.005904
5498,A0100,pursuit_chase_v1,UNKNOWN,15089.929756,28489.447325,3910.552675,144.689329,-31907.136316,20187.422162,515.276006,31941.590291,113.831399,5642.527615,7.114122,0.002536,False,False,False,False,True,True,False,1-circle,-1.000000,6106.301366,-22457.132830,0.088168,0.207615,100.000000,100.000000,0.000000,0.000000,2,4,4,0.0000,0.0000,0.0000,0.5000,"PursuitChaseOptimal",-0.016636
5498,B0100,aggressive,UNKNOWN,15089.929756,28489.447325,3910.552675,144.689329,-31907.136316,20187.422162,515.276006,31941.590291,113.831399,5642.527615,7.114122,0.002536,False,False,False,False,True,True,False,1-circle,-1.000000,6106.301366,-22457.132830,0.088168,0.207615,100.000000,100.000000,0.000000,0.000000,2,4,4,0.0000,0.0000,0.0000,0.5000,"Accelerate",0.016431
5499,A0100,pursuit_chase_v1,UNKNOWN,15089.929756,28489.447325,3910.552675,144.689329,-31907.136316,20187.422162,515.276006,31941.590291,113.831399,5642.527615,7.114122,0.002536,False,False,False,False,True,True,False,1-circle,-1.000000,6106.301366,-22457.132830,0.088168,0.207615,100.000000,100.000000,0.000000,0.000000,2,4,4,0.0000,0.0000,0.0000,0.5000,"PursuitChaseOptimal",-0.011094
5499,B0100,aggressive,UNKNOWN,15089.929756,28489.447325,3910.552675,144.689329,-31907.136316,20187.422162,515.276006,31941.590291,113.831399,5642.527615,7.114122,0.002536,False,False,False,False,True,True,False,1-circle,-1.000000,6106.301366,-22457.132830,0.088168,0.207615,100.000000,100.000000,0.000000,0.000000,2,4,4,0.0000,0.0000,0.0000,0.5000,"Accelerate",0.011559
5500,A0100,pursuit_chase_v1,UNKNOWN,15088.556736,28495.546364,3904.453636,136.766835,-31909.475270,20188.351127,515.237521,31940.763513,-16.535571,5641.406969,7.197082,0.010548,False,False,False,False,True,True,False,1-circle,-1.000000,6106.192056,-22407.972799,0.366686,0.062944,100.000000,100.000000,0.000000,0.000000,2,4,4,0.0000,0.0000,0.0000,0.5000,"PursuitChaseOptimal",-0.000713
5500,B0100,aggressive,UNKNOWN,15088.556736,28495.546364,3904.453636,136.766835,-31909.475270,20188.351127,515.237521,31940.763513,-16.535571,5641.406969,7.197082,0.010548,False,False,False,False,True,True,False,1-circle,-1.000000,6106.192056,-22407.972799,0.366686,0.062944,100.000000,100.000000,0.000000,0.000000,2,4,4,0.0000,0.0000,0.0000,0.5000,"Accelerate",0.001243
5501,A0100,pursuit_chase_v1,UNKNOWN,15088.556736,28495.546364,3904.453636,136.766835,-31909.475270,20188.351127,515.237521,31940.763513,-16.535571,5641.406969,7.197082,0.010548,False,False,False,False,True,True,False,1-circle,-1.000000,6106.192056,-22407.972799,0.366686,0.062944,100.000000,100.000000,0.000000,0.000000,2,4,4,0.0000,0.0000,0.0000,0.5000,"PursuitChaseOptimal",0.012708
5501,B0100,aggressive,UNKNOWN,15088.556736,28495.546364,3904.453636,136.766835,-31909.475270,20188.351127,515.237521,31940.763513,-16.535571,5641.406969,7.197082,0.010548,False,False,False,False,True,True,False,1-circle,-1.000000,6106.192056,-22407.972799,0.366686,0.062944,100.000000,100.000000,0.000000,0.000000,2,4,4,0.0000,0.0000,0.0000,0.5000,"Accelerate",-0.012735
5502,A0100,pursuit_chase_v1,UNKNOWN,15087.155406,28500.089250,3899.910750,136.090329,-31912.156220,20189.386360,515.224951,31941.225317,9.236092,5629.080345,7.163887,0.034243,False,False,False,False,True,True,False,1-circle,-1.000000,6106.014400,-22689.131791,-1.190239,0.237215,100.000000,100.000000,0.000000,0.000000,2,4,4,0.0000,0.0000,0.0000,0.5000,"PursuitChaseOptimal",0.005991
5502,B0100,aggressive,UNKNOWN,15087.155406,28500.089250,3899.910750,136.090329,-31912.156220,20189.386360,515.224951,31941.225317,9.236092,5629.080345,7.163887,0.034243,False,False,False,False,True,True,False,1-circle,-1.000000,6106.014400,-22689.131791,-1.190239,0.237215,100.000000,100.000000,0.000000,0.000000,2,4,4,0.0000,0.0000,0.0000,0.5000,"Accelerate",-0.006121
5503,A0100,pursuit_chase_v1,UNKNOWN,15087.155406,28500.089250,3899.910750,136.090329,-31912.156220,20189.386360,515.224951,31941.225317,9.236092,5629.080345,7.163887,0.034243,False,False,False,False,True,True,False,1-circle,-1.000000,6106.014400,-22689.131791,-1.190239,0.237215,100.000000,100.000000,0.000000,0.000000,2,4,4,0.0000,0.0000,0.0000,0.5000,"PursuitChaseOptimal",-0.003879
5503,B0100,aggressive,UNKNOWN,15087.155406,28500.089250,3899.910750,136.090329,-31912.156220,20189.386360,515.224951,31941.225317,9.236092,5629.080345,7.163887,0.034243,False,False,False,False,True,True,False,1-circle,-1.000000,6106.014400,-22689.131791,-1.190239,0.237215,100.000000,100.000000,0.000000,0.000000,2,4,4,0.0000,0.0000,0.0000,0.5000,"Accelerate",0.004153
5504,A0100,pursuit_chase_v1,UNKNOWN,15085.733768,28501.642921,3898.357079,132.560399,-31914.652034,20190.406961,515.232586,31942.594213,27.377920,5623.296329,7.178219,0.023185,False,False,False,False,True,True,False,1-circle,-1.000000,6105.789189,-22620.820358,-0.805977,-0.014515,100.000000,100.000000,0.000000,0.000000,2,4,4,0.0000,0.0000,0.0000,0.5000,"PursuitChaseOptimal",-0.007557
5504,B0100,aggressive,UNKNOWN,15085.733768,28501.642921,3898.357079,132.560399,-31914.652034,20190.406961,515.232586,31942.594213,27.377920,5623.296329,7.178219,0.023185,False,False,False,False,True,True,False,1-circle,-1.000000,6105.789189,-22620.820358,-0.805977,-0.014515,100.000000,100.000000,0.000000,0.000000,2,4,4,0.0000,0.0000,0.0000,0.5000,"Accelerate",0.007929
5505,A0100,pursuit_chase_v1,UNKNOWN,15085.733768,28501.642921,3898.357079,132.560399,-31914.652034,20190.406961,515.232586,31942.594213,27.377920,5623.296329,7.178219,0.023185,False,False,False,False,True,True,False,1-circle,-1.000000,6105.789189,-22620.820358,-0.805977,-0.014515,100.000000,100.000000,0.000000,0.000000,2,4,4,0.0000,0.0000,0.0000,0.5000,"PursuitChaseOptimal",0.006165
5505,B0100,aggressive,UNKNOWN,15085.733768,28501.642921,3898.357079,132.560399,-31914.652034,20190.406961,515.232586,31942.594213,27.377920,5623.296329,7.178219,0.023185,False,False,False,False,True,True,False,1-circle,-1.000000,6105.789189,-22620.820358,-0.805977,-0.014515,100.000000,100.000000,0.000000,0.000000,2,4,4,0.0000,0.0000,0.0000,0.5000,"Accelerate",-0.006265
5506,A0100,pursuit_chase_v1,UNKNOWN,15084.294983,28505.175788,3894.824212,127.178569,-31917.614293,20191.498923,515.192969,31941.878956,-14.305149,5616.967163,7.178925,0.068190,False,False,False,False,True,True,False,1-circle,-1.000000,6105.519094,-22902.992376,-2.369125,0.170024,100.000000,100.000000,0.000000,0.000000,2,4,4,0.0000,0.0000,0.0000,0.5000,"PursuitChaseOptimal",0.006558
5506,B0100,aggressive,UNKNOWN,15084.294983,28505.175788,3894.824212,127.178569,-31917.614293,20191.498923,515.192969,31941.878956,-14.305149,5616.967163,7.178925,0.068190,False,False,False,False,True,True,False,1-circle,-1.000000,6105.519094,-22902.992376,-2.369125,0.170024,100.000000,100.000000,0.000000,0.000000,2,4,4,0.0000,0.0000,0.0000,0.5000,"Accelerate",-0.006985
5507,A0100,pursuit_chase_v1,UNKNOWN,15084.294983,28505.175788,3894.824212,127.178569,-31917.614293,20191.498923,515.192969,31941.878956,-14.305149,5616.967163,7.178925,0.068190,False,False,False,False,True,True,False,1-circle,-1.000000,6105.519094,-22902.992376,-2.369125,0.170024,100.000000,100.000000,0.000000,0.000000,2,4,4,0.0000,0.0000,0.0000,0.5000,"PursuitChaseOptimal",-0.011391
5507,B0100,aggressive,UNKNOWN,15084.294983,28505.175788,3894.824212,127.178569,-31917.614293,20191.498923,515.192969,31941.878956,-14.305149,5616.967163,7.178925,0.068190,False,False,False,False,True,True,False,1-circle,-1.000000,6105.519094,-22902.992376,-2.369125,0.170024,100.000000,100.000000,0.000000,0.000000,2,4,4,0.0000,0.0000,0.0000,0.5000,"Accelerate",0.011074
5508,A0100,pursuit_chase_v1,UNKNOWN,15082.848637,28497.520039,3902.479961,121.713290,-31920.223158,20192.528685,515.300692,31947.823094,118.882754,5618.392494,7.362804,0.005233,False,False,False,False,True,True,False,1-circle,-1.000000,6105.277318,-22444.609441,0.181955,0.030074,100.000000,100.000000,0.000000,0.000000,2,4,4,0.0000,0.0000,0.0000,0.5000,"PursuitChaseOptimal",-0.013727
5508,B0100,aggressive,UNKNOWN,15082.848637,28497.520039,3902.479961,121.713290,-31920.223158,20192.528685,515.300692,31947.823094,118.882754,5618.392494,7.362804,0.005233,False,False,False,False,True,True,False,1-circle,-1.000000,6105.277318,-22444.609441,0.181955,0.030074,100.000000,100.000000,0.000000,0.000000,2,4,4,0.0000,0.0000,0.0000,0.5000,"Accelerate",0.013856
5509,A0100,pursuit_chase_v1,UNKNOWN,15082.848637,28497.520039,3902.479961,121.713290,-31920.223158,20192.528685,515.300692,31947.823094,118.882754,5618.392494,7.362804,0.005233,False,False,False,False,True,True,False,1-circle,-1.000000,6105.277318,-22444.609441,0.181955,0.030074,100.000000,100.000000,0.000000,0.000000,2,4,4,0.0000,0.0000,0.0000,0.5000,"PursuitChaseOptimal",-0.001112
5509,B0100,aggressive,UNKNOWN,15082.848637,28497.520039,3902.479961,121.713290,-31920.223158,20192.528685,515.300692,31947.823094,118.882754,5618.392494,7.362804,0.005233,False,False,False,False,True,True,False,1-circle,-1.000000,6105.277318,-22444.609441,0.181955,0.030074,100.000000,100.000000,0.000000,0.000000,2,4,4,0.0000,0.0000,0.0000,0.5000,"Accelerate",0.001510
5510,A0100,pursuit_chase_v1,UNKNOWN,15081.392418,28504.026348,3895.973652,120.524778,-31918.077079,20193.565150,515.170539,31942.922066,-98.020547,5602.381580,7.561601,0.071020,False,False,False,False,True,True,False,1-circle,-1.000000,6105.105341,-22922.315915,-2.467291,-0.031622,100.000000,100.000000,0.000000,0.000000,2,4,4,0.0000,0.0000,0.0000,0.5000,"PursuitChaseOptimal",0.003966
5510,B0100,aggressive,UNKNOWN,15081.392418,28504.026348,3895.973652,120.524778,-31918.077079,20193.565150,515.170539,31942.922066,-98.020547,5602.381580,7.561601,0.071020,False,False,False,False,True,True,False,1-circle,-1.000000,6105.105341,-22922.315915,-2.467291,-0.031622,100.000000,100.000000,0.000000,0.000000,2,4,4,0.0000,0.0000,0.0000,0.5000,"Accelerate",-0.004123
5511,A0100,pursuit_chase_v1,UNKNOWN,15081.392418,28504.026348,3895.973652,120.524778,-31918.077079,20193.565150,515.170539,31942.922066,-98.020547,5602.381580,7.561601,0.071020,False,False,False,False,True,True,False,1-circle,-1.000000,6105.105341,-22922.315915,-2.467291,-0.031622,100.000000,100.000000,0.000000,0.000000,2,4,4,0.0000,0.0000,0.0000,0.5000,"PursuitChaseOptimal",-0.008669
5511,B0100,aggressive,UNKNOWN,15081.392418,28504.026348,3895.973652,120.524778,-31918.077079,20193.565150,515.170539,31942.922066,-98.020547,5602.381580,7.561601,0.071020,False,False,False,False,True,True,False,1-circle,-1.000000,6105.105341,-22922.315915,-2.467291,-0.031622,100.000000,100.000000,0.000000,0.000000,2,4,4,0.0000,0.0000,0.0000,0.5000,"Accelerate",0.008084
5512,A0100,pursuit_chase_v1,UNKNOWN,15079.903637,28496.772597,3903.227403,112.946824,-31923.056986,20194.612035,515.250363,31947.610253,93.763724,5601.233060,7.773294,0.022561,False,False,False,False,True,True,False,1-circle,-1.000000,6104.922982,-22620.215425,-0.784324,0.102260,100.000000,100.000000,0.000000,0.000000,2,4,4,0.0000,0.0000,0.0000,0.5000,"PursuitChaseOptimal",-0.008288
5512,B0100,aggressive,UNKNOWN,15079.903637,28496.772597,3903.227403,112.946824,-31923.056986,20194.612035,515.250363,31947.610253,93.763724,5601.233060,7.773294,0.022561,False,False,False,False,True,True,False,1-circle,-1.000000,6104.922982,-22620.215425,-0.784324,0.102260,100.000000,100.000000,0.000000,0.000000,2,4,4,0.0000,0.0000,0.0000,0.5000,"Accelerate",0.007981
5513,A0100,pursuit_chase_v1,UNKNOWN,15079.903637,28496.772597,3903.227403,112.946824,-31923.056986,20194.612035,515.250363,31947.610253,93.763724,5601.233060,7.773294,0.022561,False,False,False,False,True,True,False,1-circle,-1.000000,6104.922982,-22620.215425,-0.784324,0.102260,100.000000,100.000000,0.000000,0.000000,2,4,4,0.0000,0.0000,0.0000,0.5000,"PursuitChaseOptimal",0.010106
5513,B0100,aggressive,UNKNOWN,15079.903637,28496.772597,3903.227403,112.946824,-31923.056986,20194.612035,515.250363,31947.610253,93.763724,5601.233060,7.773294,0.022561,False,False,False,False,True,True,False,1-circle,-1.000000,6104.922982,-22620.215425,-0.784324,0.102260,100.000000,100.000000,0.000000,0.000000,2,4,4,0.0000,0.0000,0.0000,0.5000,"Accelerate",-0.009791
5514,A0100,pursuit_chase_v1,UNKNOWN,15078.427057,28496.383969,3903.616031,107.900124,-31924.454523,20195.586952,515.241375,31948.175149,11.297923,5595.220825,7.827899,0.017970,False,False,False,False,True,True,False,1-circle,-1.000000,6104.854983,-22592.376417,-0.624752,-0.129764,100.000000,100.000000,0.000000,0.000000,2,4,4,0.0000,0.0000,0.0000,0.5000,"PursuitChaseOptimal",0.020325
5514,B0100,aggressive,UNKNOWN,15078.427057,28496.383969,3903.616031,107.900124,-31924.454523,20195.586952,515.241375,31948.175149,11.297923,5595.220825,7.827899,0.017970,False,False,False,False,True,True,False,1-circle,-1.000000,6104.854983,-22592.376417,-0.624752,-0.129764,100.000000,100.000000,0.000000,0.000000,2,4,4,0.0000,0.0000,0.0000,0.5000,"Accelerate",-0.019751
5515,A0100,pursuit_chase_v1,UNKNOWN,15078.427057,28496.383969,3903.616031,107.900124,-31924.454523,20195.586952,515.241375,31948.175149,11.297923,5595.220825,7.827899,0.017970,False,False,False,False,True,True,False,1-circle,-1.000000,6104.854983,-22592.376417,-0.624752,-0.129764,100.000000,100.000000,0.000000,0.000000,2,4,4,0.0000,0.0000,0.0000,0.5000,"PursuitChaseOptimal",0.011276
5515,B0100,aggressive,UNKNOWN,15078.427057,28496.383969,3903.616031,107.900124,-31924.454523,20195.586952,515.241375,31948.175149,11.297923,5595.220825,7.827899,0.017970,False,False,False,False,True,True,False,1-circle,-1.000000,6104.854983,-22592.376417,-0.624752,-0.129764,100.000000,100.000000,0.000000,0.000000,2,4,4,0.0000,0.0000,0.0000,0.5000,"Accelerate",-0.011373
5516,A0100,pursuit_chase_v1,UNKNOWN,15076.895312,28498.533996,3901.466004,109.321471,-31927.269496,20196.614434,515.190331,31946.874138,-26.020218,5579.759144,7.727782,0.061994,False,False,False,False,True,True,False,1-circle,-1.000000,6104.625731,-22868.447946,-2.154190,0.073105,100.000000,100.000000,0.000000,0.000000,2,4,4,0.0000,0.0000,0.0000,0.5000,"PursuitChaseOptimal",-0.003554
5516,B0100,aggressive,UNKNOWN,15076.895312,28498.533996,3901.466004,109.321471,-31927.269496,20196.614434,515.190331,31946.874138,-26.020218,5579.759144,7.727782,0.061994,False,False,False,False,True,True,False,1-circle,-1.000000,6104.625731,-22868.447946,-2.154190,0.073105,100.000000,100.000000,0.000000,0.000000,2,4,4,0.0000,0.0000,0.0000,0.5000,"Accelerate",0.002994
5517,A0100,pursuit_chase_v1,UNKNOWN,15076.895312,28498.533996,3901.466004,109.321471,-31927.269496,20196.614434,515.190331,31946.874138,-26.020218,5579.759144,7.727782,0.061994,False,False,False,False,True,True,False,1-circle,-1.000000,6104.625731,-22868.447946,-2.154190,0.073105,100.000000,100.000000,0.000000,0.000000,2,4,4,0.0000,0.0000,0.0000,0.5000,"PursuitChaseOptimal",-0.014417
5517,B0100,aggressive,UNKNOWN,15076.895312,28498.533996,3901.466004,109.321471,-31927.269496,20196.614434,515.190331,31946.874138,-26.020218,5579.759144,7.727782,0.061994,False,False,False,False,True,True,False,1-circle,-1.000000,6104.625731,-22868.447946,-2.154190,0.073105,100.000000,100.000000,0.000000,0.000000,2,4,4,0.0000,0.0000,0.0000,0.5000,"Accelerate",0.014023
5518,A0100,pursuit_chase_v1,UNKNOWN,15075.371804,28489.823124,3910.176876,99.113273,-31929.632230,20197.567995,515.291473,31952.441781,111.352868,5590.194272,7.895479,0.011979,False,False,False,False,True,True,False,1-circle,-1.000000,6104.436704,-22406.496689,0.416510,-0.056939,100.000000,100.000000,0.000000,0.000000,2,4,4,0.0000,0.0000,0.0000,0.5000,"PursuitChaseOptimal",-0.009934
5518,B0100,aggressive,UNKNOWN,15075.371804,28489.823124,3910.176876,99.113273,-31929.632230,20197.567995,515.291473,31952.441781,111.352868,5590.194272,7.895479,0.011979,False,False,False,False,True,True,False,1-circle,-1.000000,6104.436704,-22406.496689,0.416510,-0.056939,100.000000,100.000000,0.000000,0.000000,2,4,4,0.0000,0.0000,0.0000,0.5000,"Accelerate",0.010066
5519,A0100,pursuit_chase_v1,UNKNOWN,15075.371804,28489.823124,3910.176876,99.113273,-31929.632230,20197.567995,515.291473,31952.441781,111.352868,5590.194272,7.895479,0.011979,False,False,False,False,True,True,False,1-circle,-1.000000,6104.436704,-22406.496689,0.416510,-0.056939,100.000000,100.000000,0.000000,0.000000,2,4,4,0.0000,0.0000,0.0000,0.5000,"PursuitChaseOptimal",0.000164
5519,B0100,aggressive,UNKNOWN,15075.371804,28489.823124,3910.176876,99.113273,-31929.632230,20197.567995,515.291473,31952.441781,111.352868,5590.194272,7.895479,0.011979,False,False,False,False,True,True,False,1-circle,-1.000000,6104.436704,-22406.496689,0.416510,-0.056939,100.000000,100.000000,0.000000,0.000000,2,4,4,0.0000,0.0000,0.0000,0.5000,"Accelerate",0.000220
5520,A0100,pursuit_chase_v1,UNKNOWN,15073.848093,28495.526281,3904.473719,99.128090,-31927.336209,20198.518119,515.160487,31947.416516,-100.505297,5575.739899,8.045555,0.063935,False,False,False,False,True,True,False,1-circle,-1.000000,6104.328626,-22882.148874,-2.221488,-0.107336,100.000000,100.000000,0.000000,0.000000,2,4,4,0.0000,0.0000,0.0000,0.5000,"PursuitChaseOptimal",0.013192
5520,B0100,aggressive,UNKNOWN,15073.848093,28495.526281,3904.473719,99.128090,-31927.336209,20198.518119,515.160487,31947.416516,-100.505297,5575.739899,8.045555,0.063935,False,False,False,False,True,True,False,1-circle,-1.000000,6104.328626,-22882.148874,-2.221488,-0.107336,100.000000,100.000000,0.000000,0.000000,2,4,4,0.0000,0.0000,0.0000,0.5000,"Accelerate",-0.013284
5521,A0100,pursuit_chase_v1,UNKNOWN,15073.848093,28495.526281,3904.473719,99.128090,-31927.336209,20198.518119,515.160487,31947.416516,-100.505297,5575.739899,8.045555,0.063935,False,False,False,False,True,True,False,1-circle,-1.000000,6104.328626,-22882.148874,-2.221488,-0.107336,100.000000,100.000000,0.000000,0.000000,2,4,4,0.0000,0.0000,0.0000,0.5000,"PursuitChaseOptimal",0.006179
5521,B0100,aggressive,UNKNOWN,15073.848093,28495.526281,3904.473719,99.128090,-31927.336209,20198.518119,515.160487,31947.416516,-100.505297,5575.739899,8.045555,0.063935,False,False,False,False,True,True,False,1-circle,-1.000000,6104.328626,-22882.148874,-2.221488,-0.107336,100.000000,100.000000,0.000000,0.000000,2,4,4,0.0000,0.0000,0.0000,0.5000,"Accelerate",-0.006643
5522,A0100,pursuit_chase_v1,UNKNOWN,15072.289110,28487.724364,3912.275636,94.594418,-31932.134494,20199.472065,515.237019,31951.861571,88.901088,5568.117754,8.162247,0.014939,False,False,False,False,True,True,False,1-circle,-1.000000,6104.170681,-22576.544787,-0.519402,0.030375,100.000000,100.000000,0.000000,0.000000,2,4,4,0.0000,0.0000,0.0000,0.5000,"PursuitChaseOptimal",-0.003849
5522,B0100,aggressive,UNKNOWN,15072.289110,28487.724364,3912.275636,94.594418,-31932.134494,20199.472065,515.237019,31951.861571,88.901088,5568.117754,8.162247,0.014939,False,False,False,False,True,True,False,1-circle,-1.000000,6104.170681,-22576.544787,-0.519402,0.030375,100.000000,100.000000,0.000000,0.000000,2,4,4,0.0000,0.0000,0.0000,0.5000,"Accelerate",0.003640
5523,A0100,pursuit_chase_v1,UNKNOWN,15072.289110,28487.724364,3912.275636,94.594418,-31932.134494,20199.472065,515.237019,31951.861571,88.901088,5568.117754,8.162247,0.014939,False,False,False,False,True,True,False,1-circle,-1.000000,6104.170681,-22576.544787,-0.519402,0.030375,100.000000,100.000000,0.000000,0.000000,2,4,4,0.0000,0.0000,0.0000,0.5000,"PursuitChaseOptimal",-0.007653
5523,B0100,aggressive,UNKNOWN,15072.289110,28487.724364,3912.275636,94.594418,-31932.134494,20199.472065,515.237019,31951.861571,88.901088,5568.117754,8.162247,0.014939,False,False,False,False,True,True,False,1-circle,-1.000000,6104.170681,-22576.544787,-0.519402,0.030375,100.000000,100.000000,0.000000,0.000000,2,4,4,0.0000,0.0000,0.0000,0.5000,"Accelerate",0.008047
5524,A0100,pursuit_chase_v1,UNKNOWN,15070.727352,28490.741394,3909.258606,87.054974,-31933.421089,20200.365097,515.186265,31950.439322,-28.444977,5566.606650,8.172465,0.010006,False,False,False,False,True,True,False,1-circle,-1.000000,6104.057638,-22546.452294,-0.347865,-0.068828,100.000000,100.000000,0.000000,0.000000,2,4,4,0.0000,0.0000,0.0000,0.5000,"PursuitChaseOptimal",0.006115
5524,B0100,aggressive,UNKNOWN,15070.727352,28490.741394,3909.258606,87.054974,-31933.421089,20200.365097,515.186265,31950.439322,-28.444977,5566.606650,8.172465,0.010006,False,False,False,False,True,True,False,1-circle,-1.000000,6104.057638,-22546.452294,-0.347865,-0.068828,100.000000,100.000000,0.000000,0.000000,2,4,4,0.0000,0.0000,0.0000,0.5000,"Accelerate",-0.005599
5525,A0100,pursuit_chase_v1,UNKNOWN,15070.727352,28490.741394,3909.258606,87.054974,-31933.421089,20200.365097,515.186265,31950.439322,-28.444977,5566.606650,8.172465,0.010006,False,False,False,False,True,True,False,1-circle,-1.000000,6104.057638,-22546.452294,-0.347865,-0.068828,100.000000,100.000000,0.000000,0.000000,2,4,4,0.0000,0.0000,0.0000,0.5000,"PursuitChaseOptimal",0.006538
5525,B0100,aggressive,UNKNOWN,15070.727352,28490.741394,3909.258606,87.054974,-31933.421089,20200.365097,515.186265,31950.439322,-28.444977,5566.606650,8.172465,0.010006,False,False,False,False,True,True,False,1-circle,-1.000000,6104.057638,-22546.452294,-0.347865,-0.068828,100.000000,100.000000,0.000000,0.000000,2,4,4,0.0000,0.0000,0.0000,0.5000,"Accelerate",-0.006677
5526,A0100,pursuit_chase_v1,UNKNOWN,15069.137770,28493.709393,3906.290607,88.358162,-31936.232362,20201.340200,515.155152,31949.995272,-8.881000,5553.699690,8.184271,0.053462,False,False,False,False,True,True,False,1-circle,-1.000000,6103.854531,-22818.973685,-1.857948,0.130007,100.000000,100.000000,0.000000,0.000000,2,4,4,0.0000,0.0000,0.0000,0.5000,"PursuitChaseOptimal",-0.011531
5526,B0100,aggressive,UNKNOWN,15069.137770,28493.709393,3906.290607,88.358162,-31936.232362,20201.340200,515.155152,31949.995272,-8.881000,5553.699690,8.184271,0.053462,False,False,False,False,True,True,False,1-circle,-1.000000,6103.854531,-22818.973685,-1.857948,0.130007,100.000000,100.000000,0.000000,0.000000,2,4,4,0.0000,0.0000,0.0000,0.5000,"Accelerate",0.010982
5527,A0100,pursuit_chase_v1,UNKNOWN,15069.137770,28493.709393,3906.290607,88.358162,-31936.232362,20201.340200,515.155152,31949.995272,-8.881000,5553.699690,8.184271,0.053462,False,False,False,False,True,True,False,1-circle,-1.000000,6103.854531,-22818.973685,-1.857948,0.130007,100.000000,100.000000,0.000000,0.000000,2,4,4,0.0000,0.0000,0.0000,0.5000,"PursuitChaseOptimal",-0.013931
5527,B0100,aggressive,UNKNOWN,15069.137770,28493.709393,3906.290607,88.358162,-31936.232362,20201.340200,515.155152,31949.995272,-8.881000,5553.699690,8.184271,0.053462,False,False,False,False,True,True,False,1-circle,-1.000000,6103.854531,-22818.973685,-1.857948,0.130007,100.000000,100.000000,0.000000,0.000000,2,4,4,0.0000,0.0000,0.0000,0.5000,"Accelerate",0.013645
5528,A0100,pursuit_chase_v1,UNKNOWN,15067.551051,28486.862301,3913.137699,75.607233,-31938.517916,20202.254749,515.252148,31955.334437,106.783309,5559.048640,8.440951,0.020778,False,False,False,False,True,True,False,1-circle,-1.000000,6103.734080,-22355.249495,0.722434,-0.101874,100.000000,100.000000,0.000000,0.000000,2,4,4,0.0000,0.0000,0.0000,0.5000,"PursuitChaseOptimal",-0.001298
5528,B0100,aggressive,UNKNOWN,15067.551051,28486.862301,3913.137699,75.607233,-31938.517916,20202.254749,515.252148,31955.334437,106.783309,5559.048640,8.440951,0.020778,False,False,False,False,True,True,False,1-circle,-1.000000,6103.734080,-22355.249495,0.722434,-0.101874,100.000000,100.000000,0.000000,0.000000,2,4,4,0.0000,0.0000,0.0000,0.5000,"Accelerate",0.001760
5529,A0100,pursuit_chase_v1,UNKNOWN,15067.551051,28486.862301,3913.137699,75.607233,-31938.517916,20202.254749,515.252148,31955.334437,106.783309,5559.048640,8.440951,0.020778,False,False,False,False,True,True,False,1-circle,-1.000000,6103.734080,-22355.249495,0.722434,-0.101874,100.000000,100.000000,0.000000,0.000000,2,4,4,0.0000,0.0000,0.0000,0.5000,"PursuitChaseOptimal",0.003794
5529,B0100,aggressive,UNKNOWN,15067.551051,28486.862301,3913.137699,75.607233,-31938.517916,20202.254749,515.252148,31955.334437,106.783309,5559.048640,8.440951,0.020778,False,False,False,False,True,True,False,1-circle,-1.000000,6103.734080,-22355.249495,0.722434,-0.101874,100.000000,100.000000,0.000000,0.000000,2,4,4,0.0000,0.0000,0.0000,0.5000,"Accelerate",-0.003305
5530,A0100,pursuit_chase_v1,UNKNOWN,15065.938771,28496.216006,3903.783994,81.903325,-31936.301053,20203.204536,515.145772,31951.431760,-78.053545,5541.147184,8.467406,0.054817,False,False,False,False,True,True,False,1-circle,-1.000000,6103.624076,-22828.929948,-1.905018,0.111230,100.000000,100.000000,0.000000,0.000000,2,4,4,0.0000,0.0000,0.0000,0.5000,"PursuitChaseOptimal",-0.008854
5530,B0100,aggressive,UNKNOWN,15065.938771,28496.216006,3903.783994,81.903325,-31936.301053,20203.204536,515.145772,31951.431760,-78.053545,5541.147184,8.467406,0.054817,False,False,False,False,True,True,False,1-circle,-1.000000,6103.624076,-22828.929948,-1.905018,0.111230,100.000000,100.000000,0.000000,0.000000,2,4,4,0.0000,0.0000,0.0000,0.5000,"Accelerate",0.008590
5531,A0100,pursuit_chase_v1,UNKNOWN,15065.938771,28496.216006,3903.783994,81.903325,-31936.301053,20203.204536,515.145772,31951.431760,-78.053545,5541.147184,8.467406,0.054817,False,False,False,False,True,True,False,1-circle,-1.000000,6103.624076,-22828.929948,-1.905018,0.111230,100.000000,100.000000,0.000000,0.000000,2,4,4,0.0000,0.0000,0.0000,0.5000,"PursuitChaseOptimal",-0.008519
5531,B0100,aggressive,UNKNOWN,15065.938771,28496.216006,3903.783994,81.903325,-31936.301053,20203.204536,515.145772,31951.431760,-78.053545,5541.147184,8.467406,0.054817,False,False,False,False,True,True,False,1-circle,-1.000000,6103.624076,-22828.929948,-1.905018,0.111230,100.000000,100.000000,0.000000,0.000000,2,4,4,0.0000,0.0000,0.0000,0.5000,"Accelerate",0.007969
5532,A0100,pursuit_chase_v1,UNKNOWN,15064.307707,28489.090613,3910.909387,67.108684,-31941.277190,20204.175040,515.243884,31956.877712,108.919039,5546.556483,8.655976,0.008063,False,False,False,False,True,True,False,1-circle,-1.000000,6103.517067,-22537.223143,-0.280365,0.015079,100.000000,100.000000,0.000000,0.000000,2,4,4,0.0000,0.0000,0.0000,0.5000,"PursuitChaseOptimal",0.009899
5532,B0100,aggressive,UNKNOWN,15064.307707,28489.090613,3910.909387,67.108684,-31941.277190,20204.175040,515.243884,31956.877712,108.919039,5546.556483,8.655976,0.008063,False,False,False,False,True,True,False,1-circle,-1.000000,6103.517067,-22537.223143,-0.280365,0.015079,100.000000,100.000000,0.000000,0.000000,2,4,4,0.0000,0.0000,0.0000,0.5000,"Accelerate",-0.009999
5533,A0100,pursuit_chase_v1,UNKNOWN,15064.307707,28489.090613,3910.909387,67.108684,-31941.277190,20204.175040,515.243884,31956.877712,108.919039,5546.556483,8.655976,0.008063,False,False,False,False,True,True,False,1-circle,-1.000000,6103.517067,-22537.223143,-0.280365,0.015079,100.000000,100.000000,0.000000,0.000000,2,4,4,0.0000,0.0000,0.0000,0.5000,"PursuitChaseOptimal",0.020085
5533,B0100,aggressive,UNKNOWN,15064.307707,28489.090613,3910.909387,67.108684,-31941.277190,20204.175040,515.243884,31956.877712,108.919039,5546.556483,8.655976,0.008063,False,False,False,False,True,True,False,1-circle,-1.000000,6103.517067,-22537.223143,-0.280365,0.015079,100.000000,100.000000,0.000000,0.000000,2,4,4,0.0000,0.0000,0.0000,0.5000,"Accelerate",-0.019457
5534,A0100,pursuit_chase_v1,UNKNOWN,15062.676111,28491.780621,3908.219379,69.945921,-31942.714132,20205.086463,515.190639,31955.360225,-30.349741,5529.305839,8.578937,0.000379,False,False,False,False,True,True,False,1-circle,-1.000000,6103.445164,-22485.105884,0.013192,-0.043970,100.000000,100.000000,0.000000,0.000000,2,4,4,0.0000,0.0000,0.0000,0.5000,"PursuitChaseOptimal",0.011085
5534,B0100,aggressive,UNKNOWN,15062.676111,28491.780621,3908.219379,69.945921,-31942.714132,20205.086463,515.190639,31955.360225,-30.349741,5529.305839,8.578937,0.000379,False,False,False,False,True,True,False,1-circle,-1.000000,6103.445164,-22485.105884,0.013192,-0.043970,100.000000,100.000000,0.000000,0.000000,2,4,4,0.0000,0.0000,0.0000,0.5000,"Accelerate",-0.010544
5535,A0100,pursuit_chase_v1,UNKNOWN,15062.676111,28491.780621,3908.219379,69.945921,-31942.714132,20205.086463,515.190639,31955.360225,-30.349741,5529.305839,8.578937,0.000379,False,False,False,False,True,True,False,1-circle,-1.000000,6103.445164,-22485.105884,0.013192,-0.043970,100.000000,100.000000,0.000000,0.000000,2,4,4,0.0000,0.0000,0.0000,0.5000,"PursuitChaseOptimal",-0.003749
5535,B0100,aggressive,UNKNOWN,15062.676111,28491.780621,3908.219379,69.945921,-31942.714132,20205.086463,515.190639,31955.360225,-30.349741,5529.305839,8.578937,0.000379,False,False,False,False,True,True,False,1-circle,-1.000000,6103.445164,-22485.105884,0.013192,-0.043970,100.000000,100.000000,0.000000,0.000000,2,4,4,0.0000,0.0000,0.0000,0.5000,"Accelerate",0.003498
5536,A0100,pursuit_chase_v1,UNKNOWN,15060.999643,28494.177150,3905.822850,68.707370,-31944.658139,20206.075685,515.167173,31955.279061,-1.623277,5525.925220,8.485171,0.044268,False,False,False,False,True,True,False,1-circle,-1.000000,6103.184403,-22765.037596,-1.538716,0.139615,100.000000,100.000000,0.000000,0.000000,2,4,4,0.0000,0.0000,0.0000,0.5000,"PursuitChaseOptimal",-0.006099
5536,B0100,aggressive,UNKNOWN,15060.999643,28494.177150,3905.822850,68.707370,-31944.658139,20206.075685,515.167173,31955.279061,-1.623277,5525.925220,8.485171,0.044268,False,False,False,False,True,True,False,1-circle,-1.000000,6103.184403,-22765.037596,-1.538716,0.139615,100.000000,100.000000,0.000000,0.000000,2,4,4,0.0000,0.0000,0.0000,0.5000,"Accelerate",0.005543
5537,A0100,pursuit_chase_v1,UNKNOWN,15060.999643,28494.177150,3905.822850,68.707370,-31944.658139,20206.075685,515.167173,31955.279061,-1.623277,5525.925220,8.485171,0.044268,False,False,False,False,True,True,False,1-circle,-1.000000,6103.184403,-22765.037596,-1.538716,0.139615,100.000000,100.000000,0.000000,0.000000,2,4,4,0.0000,0.0000,0.0000,0.5000,"PursuitChaseOptimal",0.002515
5537,B0100,aggressive,UNKNOWN,15060.999643,28494.177150,3905.822850,68.707370,-31944.658139,20206.075685,515.167173,31955.279061,-1.623277,5525.925220,8.485171,0.044268,False,False,False,False,True,True,False,1-circle,-1.000000,6103.184403,-22765.037596,-1.538716,0.139615,100.000000,100.000000,0.000000,0.000000,2,4,4,0.0000,0.0000,0.0000,0.5000,"Accelerate",-0.002673
5538,A0100,pursuit_chase_v1,UNKNOWN,15059.343509,28486.791910,3913.208090,58.426149,-31948.579643,20206.997779,515.275098,31961.124473,116.908238,5527.209006,8.637631,0.029632,False,False,False,False,True,True,False,1-circle,-1.000000,6103.007483,-22303.217924,1.030314,-0.096706,100.000000,100.000000,0.000000,0.000000,2,4,4,0.0000,0.0000,0.0000,0.5000,"PursuitChaseOptimal",-0.000340
5538,B0100,aggressive,UNKNOWN,15059.343509,28486.791910,3913.208090,58.426149,-31948.579643,20206.997779,515.275098,31961.124473,116.908238,5527.209006,8.637631,0.029632,False,False,False,False,True,True,False,1-circle,-1.000000,6103.007483,-22303.217924,1.030314,-0.096706,100.000000,100.000000,0.000000,0.000000,2,4,4,0.0000,0.0000,0.0000,0.5000,"Accelerate",0.000784
5539,A0100,pursuit_chase_v1,UNKNOWN,15059.343509,28486.791910,3913.208090,58.426149,-31948.579643,20206.997779,515.275098,31961.124473,116.908238,5527.209006,8.637631,0.029632,False,False,False,False,True,True,False,1-circle,-1.000000,6103.007483,-22303.217924,1.030314,-0.096706,100.000000,100.000000,0.000000,0.000000,2,4,4,0.0000,0.0000,0.0000,0.5000,"PursuitChaseOptimal",-0.016296
5539,B0100,aggressive,UNKNOWN,15059.343509,28486.791910,3913.208090,58.426149,-31948.579643,20206.997779,515.275098,31961.124473,116.908238,5527.209006,8.637631,0.029632,False,False,False,False,True,True,False,1-circle,-1.000000,6103.007483,-22303.217924,1.030314,-0.096706,100.000000,100.000000,0.000000,0.000000,2,4,4,0.0000,0.0000,0.0000,0.5000,"Accelerate",0.016578
5540,A0100,pursuit_chase_v1,UNKNOWN,15057.652747,28495.699088,3904.300912,60.760726,-31946.594172,20207.948479,515.178410,31957.664412,-69.201231,5512.510354,8.782929,0.045632,False,False,False,False,True,True,False,1-circle,-1.000000,6102.805110,-22774.775354,-1.586174,0.117296,100.000000,100.000000,0.000000,0.000000,2,4,4,0.0000,0.0000,0.0000,0.5000,"PursuitChaseOptimal",-0.019849
5540,B0100,aggressive,UNKNOWN,15057.652747,28495.699088,3904.300912,60.760726,-31946.594172,20207.948479,515.178410,31957.664412,-69.201231,5512.510354,8.782929,0.045632,False,False,False,False,True,True,False,1-circle,-1.000000,6102.805110,-22774.775354,-1.586174,0.117296,100.000000,100.000000,0.000000,0.000000,2,4,4,0.0000,0.0000,0.0000,0.5000,"Accelerate",0.019474
5541,A0100,pursuit_chase_v1,UNKNOWN,15057.652747,28495.699088,3904.300912,60.760726,-31946.594172,20207.948479,515.178410,31957.664412,-69.201231,5512.510354,8.782929,0.045632,False,False,False,False,True,True,False,1-circle,-1.000000,6102.805110,-22774.775354,-1.586174,0.117296,100.000000,100.000000,0.000000,0.000000,2,4,4,0.0000,0.0000,0.0000,0.5000,"PursuitChaseOptimal",-0.006248
5541,B0100,aggressive,UNKNOWN,15057.652747,28495.699088,3904.300912,60.760726,-31946.594172,20207.948479,515.178410,31957.664412,-69.201231,5512.510354,8.782929,0.045632,False,False,False,False,True,True,False,1-circle,-1.000000,6102.805110,-22774.775354,-1.586174,0.117296,100.000000,100.000000,0.000000,0.000000,2,4,4,0.0000,0.0000,0.0000,0.5000,"Accelerate",0.005707
5542,A0100,pursuit_chase_v1,UNKNOWN,15055.951004,28488.133254,3911.866746,46.438921,-31951.820523,20208.914113,515.284744,31963.480866,116.329080,5513.265112,9.144879,0.000054,False,False,False,False,True,True,False,1-circle,-1.000000,6102.708917,-22490.245553,-0.001879,0.018407,100.000000,100.000000,0.000000,0.000000,2,4,4,0.0000,0.0000,0.0000,0.5000,"PursuitChaseOptimal",-0.000297
5542,B0100,aggressive,UNKNOWN,15055.951004,28488.133254,3911.866746,46.438921,-31951.820523,20208.914113,515.284744,31963.480866,116.329080,5513.265112,9.144879,0.000054,False,False,False,False,True,True,False,1-circle,-1.000000,6102.708917,-22490.245553,-0.001879,0.018407,100.000000,100.000000,0.000000,0.000000,2,4,4,0.0000,0.0000,0.0000,0.5000,"Accelerate",0.000116
5543,A0100,pursuit_chase_v1,UNKNOWN,15055.951004,28488.133254,3911.866746,46.438921,-31951.820523,20208.914113,515.284744,31963.480866,116.329080,5513.265112,9.144879,0.000054,False,False,False,False,True,True,False,1-circle,-1.000000,6102.708917,-22490.245553,-0.001879,0.018407,100.000000,100.000000,0.000000,0.000000,2,4,4,0.0000,0.0000,0.0000,0.5000,"PursuitChaseOptimal",-0.012528
5543,B0100,aggressive,UNKNOWN,15055.951004,28488.133254,3911.866746,46.438921,-31951.820523,20208.914113,515.284744,31963.480866,116.329080,5513.265112,9.144879,0.000054,False,False,False,False,True,True,False,1-circle,-1.000000,6102.708917,-22490.245553,-0.001879,0.018407,100.000000,100.000000,0.000000,0.000000,2,4,4,0.0000,0.0000,0.0000,0.5000,"Accelerate",0.012894
5544,A0100,pursuit_chase_v1,UNKNOWN,15054.241889,28490.748318,3909.251682,43.263243,-31953.507021,20209.818871,515.234737,31962.104253,-27.532244,5504.016055,9.316691,0.007532,False,False,False,False,True,True,False,1-circle,-1.000000,6102.710459,-22443.469769,0.261899,-0.041879,100.000000,100.000000,0.000000,0.000000,2,4,4,0.0000,0.0000,0.0000,0.5000,"PursuitChaseOptimal",-0.011846
5544,B0100,aggressive,UNKNOWN,15054.241889,28490.748318,3909.251682,43.263243,-31953.507021,20209.818871,515.234737,31962.104253,-27.532244,5504.016055,9.316691,0.007532,False,False,False,False,True,True,False,1-circle,-1.000000,6102.710459,-22443.469769,0.261899,-0.041879,100.000000,100.000000,0.000000,0.000000,2,4,4,0.0000,0.0000,0.0000,0.5000,"Accelerate",0.012293
5545,A0100,pursuit_chase_v1,UNKNOWN,15054.241889,28490.748318,3909.251682,43.263243,-31953.507021,20209.818871,515.234737,31962.104253,-27.532244,5504.016055,9.316691,0.007532,False,False,False,False,True,True,False,1-circle,-1.000000,6102.710459,-22443.469769,0.261899,-0.041879,100.000000,100.000000,0.000000,0.000000,2,4,4,0.0000,0.0000,0.0000,0.5000,"PursuitChaseOptimal",0.007303
5545,B0100,aggressive,UNKNOWN,15054.241889,28490.748318,3909.251682,43.263243,-31953.507021,20209.818871,515.234737,31962.104253,-27.532244,5504.016055,9.316691,0.007532,False,False,False,False,True,True,False,1-circle,-1.000000,6102.710459,-22443.469769,0.261899,-0.041879,100.000000,100.000000,0.000000,0.000000,2,4,4,0.0000,0.0000,0.0000,0.5000,"Accelerate",-0.007229
5546,A0100,pursuit_chase_v1,UNKNOWN,15052.517518,28496.573504,3903.426496,38.587147,-31955.537241,20210.816008,515.247749,31963.695004,31.815020,5500.144241,9.239667,0.037976,False,False,False,False,True,True,False,1-circle,-1.000000,6102.690323,-22728.940984,-1.320350,0.264478,100.000000,100.000000,0.000000,0.000000,2,4,4,0.0000,0.0000,0.0000,0.5000,"PursuitChaseOptimal",0.010508
5546,B0100,aggressive,UNKNOWN,15052.517518,28496.573504,3903.426496,38.587147,-31955.537241,20210.816008,515.247749,31963.695004,31.815020,5500.144241,9.239667,0.037976,False,False,False,False,True,True,False,1-circle,-1.000000,6102.690323,-22728.940984,-1.320350,0.264478,100.000000,100.000000,0.000000,0.000000,2,4,4,0.0000,0.0000,0.0000,0.5000,"Accelerate",-0.010816
5547,A0100,pursuit_chase_v1,UNKNOWN,15052.517518,28496.573504,3903.426496,38.587147,-31955.537241,20210.816008,515.247749,31963.695004,31.815020,5500.144241,9.239667,0.037976,False,False,False,False,True,True,False,1-circle,-1.000000,6102.690323,-22728.940984,-1.320350,0.264478,100.000000,100.000000,0.000000,0.000000,2,4,4,0.0000,0.0000,0.0000,0.5000,"PursuitChaseOptimal",-0.001507
5547,B0100,aggressive,UNKNOWN,15052.517518,28496.573504,3903.426496,38.587147,-31955.537241,20210.816008,515.247749,31963.695004,31.815020,5500.144241,9.239667,0.037976,False,False,False,False,True,True,False,1-circle,-1.000000,6102.690323,-22728.940984,-1.320350,0.264478,100.000000,100.000000,0.000000,0.000000,2,4,4,0.0000,0.0000,0.0000,0.5000,"Accelerate",0.001476
5548,A0100,pursuit_chase_v1,UNKNOWN,15050.786702,28492.179316,3907.820684,33.446198,-31959.499358,20211.785304,515.352782,31969.456434,115.228582,5502.088573,9.205919,0.035163,False,False,False,False,True,True,False,1-circle,-1.000000,6102.639711,-22271.789059,1.222840,0.096423,100.000000,100.000000,0.000000,0.000000,2,4,4,0.0000,0.0000,0.0000,0.5000,"PursuitChaseOptimal",-0.005758
5548,B0100,aggressive,UNKNOWN,15050.786702,28492.179316,3907.820684,33.446198,-31959.499358,20211.785304,515.352782,31969.456434,115.228582,5502.088573,9.205919,0.035163,False,False,False,False,True,True,False,1-circle,-1.000000,6102.639711,-22271.789059,1.222840,0.096423,100.000000,100.000000,0.000000,0.000000,2,4,4,0.0000,0.0000,0.0000,0.5000,"Accelerate",0.006301
5549,A0100,pursuit_chase_v1,UNKNOWN,15050.786702,28492.179316,3907.820684,33.446198,-31959.499358,20211.785304,515.352782,31969.456434,115.228582,5502.088573,9.205919,0.035163,False,False,False,False,True,True,False,1-circle,-1.000000,6102.639711,-22271.789059,1.222840,0.096423,100.000000,100.000000,0.000000,0.000000,2,4,4,0.0000,0.0000,0.0000,0.5000,"PursuitChaseOptimal",0.007517
5549,B0100,aggressive,UNKNOWN,15050.786702,28492.179316,3907.820684,33.446198,-31959.499358,20211.785304,515.352782,31969.456434,115.228582,5502.088573,9.205919,0.035163,False,False,False,False,True,True,False,1-circle,-1.000000,6102.639711,-22271.789059,1.222840,0.096423,100.000000,100.000000,0.000000,0.000000,2,4,4,0.0000,0.0000,0.0000,0.5000,"Accelerate",-0.006927
5550,A0100,pursuit_chase_v1,UNKNOWN,15049.055500,28503.713763,3896.286237,38.727624,-31957.590427,20212.816755,515.256348,31966.088017,-67.368325,5492.955850,9.020880,0.040494,False,False,False,False,True,True,False,1-circle,-1.000000,6102.532576,-22745.873009,-1.407936,0.225804,100.000000,100.000000,0.000000,0.000000,2,4,4,0.0000,0.0000,0.0000,0.5000,"PursuitChaseOptimal",0.018563
5550,B0100,aggressive,UNKNOWN,15049.055500,28503.713763,3896.286237,38.727624,-31957.590427,20212.816755,515.256348,31966.088017,-67.368325,5492.955850,9.020880,0.040494,False,False,False,False,True,True,False,1-circle,-1.000000,6102.532576,-22745.873009,-1.407936,0.225804,100.000000,100.000000,0.000000,0.000000,2,4,4,0.0000,0.0000,0.0000,0.5000,"Accelerate",-0.018569
5551,A0100,pursuit_chase_v1,UNKNOWN,15049.055500,28503.713763,3896.286237,38.727624,-31957.590427,20212.816755,515.256348,31966.088017,-67.368325,5492.955850,9.020880,0.040494,False,False,False,False,True,True,False,1-circle,-1.000000,6102.532576,-22745.873009,-1.407936,0.225804,100.000000,100.000000,0.000000,0.000000,2,4,4,0.0000,0.0000,0.0000,0.5000,"PursuitChaseOptimal",0.007846
5551,B0100,aggressive,UNKNOWN,15049.055500,28503.713763,3896.286237,38.727624,-31957.590427,20212.816755,515.256348,31966.088017,-67.368325,5492.955850,9.020880,0.040494,False,False,False,False,True,True,False,1-circle,-1.000000,6102.532576,-22745.873009,-1.407936,0.225804,100.000000,100.000000,0.000000,0.000000,2,4,4,0.0000,0.0000,0.0000,0.5000,"Accelerate",-0.008216
5552,A0100,pursuit_chase_v1,UNKNOWN,15047.298131,28497.781512,3902.218488,38.083867,-31962.798126,20213.886720,515.366084,31972.164817,121.535991,5489.578370,8.959194,0.004592,False,False,False,False,True,True,False,1-circle,-1.000000,6102.291805,-22464.127332,0.159723,0.138194,100.000000,100.000000,0.000000,0.000000,2,4,4,0.0000,0.0000,0.0000,0.5000,"PursuitChaseOptimal",-0.007104
5552,B0100,aggressive,UNKNOWN,15047.298131,28497.781512,3902.218488,38.083867,-31962.798126,20213.886720,515.366084,31972.164817,121.535991,5489.578370,8.959194,0.004592,False,False,False,False,True,True,False,1-circle,-1.000000,6102.291805,-22464.127332,0.159723,0.138194,100.000000,100.000000,0.000000,0.000000,2,4,4,0.0000,0.0000,0.0000,0.5000,"Accelerate",0.006923
5553,A0100,pursuit_chase_v1,UNKNOWN,15047.298131,28497.781512,3902.218488,38.083867,-31962.798126,20213.886720,515.366084,31972.164817,121.535991,5489.578370,8.959194,0.004592,False,False,False,False,True,True,False,1-circle,-1.000000,6102.291805,-22464.127332,0.159723,0.138194,100.000000,100.000000,0.000000,0.000000,2,4,4,0.0000,0.0000,0.0000,0.5000,"PursuitChaseOptimal",-0.008717
5553,B0100,aggressive,UNKNOWN,15047.298131,28497.781512,3902.218488,38.083867,-31962.798126,20213.886720,515.366084,31972.164817,121.535991,5489.578370,8.959194,0.004592,False,False,False,False,True,True,False,1-circle,-1.000000,6102.291805,-22464.127332,0.159723,0.138194,100.000000,100.000000,0.000000,0.000000,2,4,4,0.0000,0.0000,0.0000,0.5000,"Accelerate",0.009146
5554,A0100,pursuit_chase_v1,UNKNOWN,15045.550021,28501.735168,3898.264832,32.879957,-31964.511286,20214.910996,515.314559,31970.838057,-26.535205,5487.938154,8.984295,0.011812,False,False,False,False,True,True,False,1-circle,-1.000000,6102.081979,-22419.351646,0.410831,0.060426,100.000000,100.000000,0.000000,0.000000,2,4,4,0.0000,0.0000,0.0000,0.5000,"PursuitChaseOptimal",0.001165
5554,B0100,aggressive,UNKNOWN,15045.550021,28501.735168,3898.264832,32.879957,-31964.511286,20214.910996,515.314559,31970.838057,-26.535205,5487.938154,8.984295,0.011812,False,False,False,False,True,True,False,1-circle,-1.000000,6102.081979,-22419.351646,0.410831,0.060426,100.000000,100.000000,0.000000,0.000000,2,4,4,0.0000,0.0000,0.0000,0.5000,"Accelerate",-0.000690
5555,A0100,pursuit_chase_v1,UNKNOWN,15045.550021,28501.735168,3898.264832,32.879957,-31964.511286,20214.910996,515.314559,31970.838057,-26.535205,5487.938154,8.984295,0.011812,False,False,False,False,True,True,False,1-circle,-1.000000,6102.081979,-22419.351646,0.410831,0.060426,100.000000,100.000000,0.000000,0.000000,2,4,4,0.0000,0.0000,0.0000,0.5000,"PursuitChaseOptimal",-0.001326
5555,B0100,aggressive,UNKNOWN,15045.550021,28501.735168,3898.264832,32.879957,-31964.511286,20214.910996,515.314559,31970.838057,-26.535205,5487.938154,8.984295,0.011812,False,False,False,False,True,True,False,1-circle,-1.000000,6102.081979,-22419.351646,0.410831,0.060426,100.000000,100.000000,0.000000,0.000000,2,4,4,0.0000,0.0000,0.0000,0.5000,"Accelerate",0.001125
5556,A0100,pursuit_chase_v1,UNKNOWN,15043.773821,28504.750181,3895.249819,35.496727,-31966.616144,20216.022902,515.297203,31971.158089,6.400639,5475.913214,9.092998,0.033975,False,False,False,False,True,True,False,1-circle,-1.000000,6101.806263,-22706.333877,-1.181495,0.233797,100.000000,100.000000,0.000000,0.000000,2,4,4,0.0000,0.0000,0.0000,0.5000,"PursuitChaseOptimal",-0.017198
5556,B0100,aggressive,UNKNOWN,15043.773821,28504.750181,3895.249819,35.496727,-31966.616144,20216.022902,515.297203,31971.158089,6.400639,5475.913214,9.092998,0.033975,False,False,False,False,True,True,False,1-circle,-1.000000,6101.806263,-22706.333877,-1.181495,0.233797,100.000000,100.000000,0.000000,0.000000,2,4,4,0.0000,0.0000,0.0000,0.5000,"Accelerate",0.016852
5557,A0100,pursuit_chase_v1,UNKNOWN,15043.773821,28504.750181,3895.249819,35.496727,-31966.616144,20216.022902,515.297203,31971.158089,6.400639,5475.913214,9.092998,0.033975,False,False,False,False,True,True,False,1-circle,-1.000000,6101.806263,-22706.333877,-1.181495,0.233797,100.000000,100.000000,0.000000,0.000000,2,4,4,0.0000,0.0000,0.0000,0.5000,"PursuitChaseOptimal",-0.020610
5557,B0100,aggressive,UNKNOWN,15043.773821,28504.750181,3895.249819,35.496727,-31966.616144,20216.022902,515.297203,31971.158089,6.400639,5475.913214,9.092998,0.033975,False,False,False,False,True,True,False,1-circle,-1.000000,6101.806263,-22706.333877,-1.181495,0.233797,100.000000,100.000000,0.000000,0.000000,2,4,4,0.0000,0.0000,0.0000,0.5000,"Accelerate",0.020772
5558,A0100,pursuit_chase_v1,UNKNOWN,15041.992202,28505.053331,3894.946669,20.510741,-31968.412363,20217.107570,515.301665,31972.446368,25.765581,5473.325084,9.411845,0.023692,False,False,False,False,True,True,False,1-circle,-1.000000,6101.632966,-22642.394674,-0.823973,-0.013501,100.000000,100.000000,0.000000,0.000000,2,4,4,0.0000,0.0000,0.0000,0.5000,"PursuitChaseOptimal",-0.006807
5558,B0100,aggressive,UNKNOWN,15041.992202,28505.053331,3894.946669,20.510741,-31968.412363,20217.107570,515.301665,31972.446368,25.765581,5473.325084,9.411845,0.023692,False,False,False,False,True,True,False,1-circle,-1.000000,6101.632966,-22642.394674,-0.823973,-0.013501,100.000000,100.000000,0.000000,0.000000,2,4,4,0.0000,0.0000,0.0000,0.5000,"Accelerate",0.007192
5559,A0100,pursuit_chase_v1,UNKNOWN,15041.992202,28505.053331,3894.946669,20.510741,-31968.412363,20217.107570,515.301665,31972.446368,25.765581,5473.325084,9.411845,0.023692,False,False,False,False,True,True,False,1-circle,-1.000000,6101.632966,-22642.394674,-0.823973,-0.013501,100.000000,100.000000,0.000000,0.000000,2,4,4,0.0000,0.0000,0.0000,0.5000,"PursuitChaseOptimal",-0.000735
5559,B0100,aggressive,UNKNOWN,15041.992202,28505.053331,3894.946669,20.510741,-31968.412363,20217.107570,515.301665,31972.446368,25.765581,5473.325084,9.411845,0.023692,False,False,False,False,True,True,False,1-circle,-1.000000,6101.632966,-22642.394674,-0.823973,-0.013501,100.000000,100.000000,0.000000,0.000000,2,4,4,0.0000,0.0000,0.0000,0.5000,"Accelerate",0.000552
5560,A0100,pursuit_chase_v1,UNKNOWN,15040.176388,28507.521028,3892.478972,20.264137,-31970.697972,20218.253732,515.260135,31971.697796,-14.971436,5460.873607,9.603386,0.069503,False,False,False,False,True,True,False,1-circle,-1.000000,6101.492226,-22929.355617,-2.415771,0.178551,100.000000,100.000000,0.000000,0.000000,2,4,4,0.0000,0.0000,0.0000,0.5000,"PursuitChaseOptimal",-0.012996
5560,B0100,aggressive,UNKNOWN,15040.176388,28507.521028,3892.478972,20.264137,-31970.697972,20218.253732,515.260135,31971.697796,-14.971436,5460.873607,9.603386,0.069503,False,False,False,False,True,True,False,1-circle,-1.000000,6101.492226,-22929.355617,-2.415771,0.178551,100.000000,100.000000,0.000000,0.000000,2,4,4,0.0000,0.0000,0.0000,0.5000,"Accelerate",0.012435
5561,A0100,pursuit_chase_v1,UNKNOWN,15040.176388,28507.521028,3892.478972,20.264137,-31970.697972,20218.253732,515.260135,31971.697796,-14.971436,5460.873607,9.603386,0.069503,False,False,False,False,True,True,False,1-circle,-1.000000,6101.492226,-22929.355617,-2.415771,0.178551,100.000000,100.000000,0.000000,0.000000,2,4,4,0.0000,0.0000,0.0000,0.5000,"PursuitChaseOptimal",-0.012410
5561,B0100,aggressive,UNKNOWN,15040.176388,28507.521028,3892.478972,20.264137,-31970.697972,20218.253732,515.260135,31971.697796,-14.971436,5460.873607,9.603386,0.069503,False,False,False,False,True,True,False,1-circle,-1.000000,6101.492226,-22929.355617,-2.415771,0.178551,100.000000,100.000000,0.000000,0.000000,2,4,4,0.0000,0.0000,0.0000,0.5000,"Accelerate",0.012162
5562,A0100,pursuit_chase_v1,UNKNOWN,15038.364025,28499.048735,3900.951265,5.329463,-31972.562301,20219.330639,515.366154,31977.611913,118.282350,5468.124030,9.860895,0.003539,False,False,False,False,True,True,False,1-circle,-1.000000,6101.479815,-22472.870257,0.123096,0.041508,100.000000,100.000000,0.000000,0.000000,2,4,4,0.0000,0.0000,0.0000,0.5000,"PursuitChaseOptimal",0.006763
5562,B0100,aggressive,UNKNOWN,15038.364025,28499.048735,3900.951265,5.329463,-31972.562301,20219.330639,515.366154,31977.611913,118.282350,5468.124030,9.860895,0.003539,False,False,False,False,True,True,False,1-circle,-1.000000,6101.479815,-22472.870257,0.123096,0.041508,100.000000,100.000000,0.000000,0.000000,2,4,4,0.0000,0.0000,0.0000,0.5000,"Accelerate",-0.006486
5563,A0100,pursuit_chase_v1,UNKNOWN,15038.364025,28499.048735,3900.951265,5.329463,-31972.562301,20219.330639,515.366154,31977.611913,118.282350,5468.124030,9.860895,0.003539,False,False,False,False,True,True,False,1-circle,-1.000000,6101.479815,-22472.870257,0.123096,0.041508,100.000000,100.000000,0.000000,0.000000,2,4,4,0.0000,0.0000,0.0000,0.5000,"PursuitChaseOptimal",0.010063
5563,B0100,aggressive,UNKNOWN,15038.364025,28499.048735,3900.951265,5.329463,-31972.562301,20219.330639,515.366154,31977.611913,118.282350,5468.124030,9.860895,0.003539,False,False,False,False,True,True,False,1-circle,-1.000000,6101.479815,-22472.870257,0.123096,0.041508,100.000000,100.000000,0.000000,0.000000,2,4,4,0.0000,0.0000,0.0000,0.5000,"Accelerate",-0.009619
5564,A0100,pursuit_chase_v1,UNKNOWN,15036.535542,28505.021010,3894.978990,16.373312,-31969.620258,20220.410251,515.234403,31972.680399,-98.630294,5448.459215,9.862241,0.073457,False,False,False,False,True,True,False,1-circle,-1.000000,6101.472793,-22955.067224,-2.553001,-0.017421,100.000000,100.000000,0.000000,0.000000,2,4,4,0.0000,0.0000,0.0000,0.5000,"PursuitChaseOptimal",-0.001941
5564,B0100,aggressive,UNKNOWN,15036.535542,28505.021010,3894.978990,16.373312,-31969.620258,20220.410251,515.234403,31972.680399,-98.630294,5448.459215,9.862241,0.073457,False,False,False,False,True,True,False,1-circle,-1.000000,6101.472793,-22955.067224,-2.553001,-0.017421,100.000000,100.000000,0.000000,0.000000,2,4,4,0.0000,0.0000,0.0000,0.5000,"Accelerate",0.001751
5565,A0100,pursuit_chase_v1,UNKNOWN,15036.535542,28505.021010,3894.978990,16.373312,-31969.620258,20220.410251,515.234403,31972.680399,-98.630294,5448.459215,9.862241,0.073457,False,False,False,False,True,True,False,1-circle,-1.000000,6101.472793,-22955.067224,-2.553001,-0.017421,100.000000,100.000000,0.000000,0.000000,2,4,4,0.0000,0.0000,0.0000,0.5000,"PursuitChaseOptimal",-0.006254
5565,B0100,aggressive,UNKNOWN,15036.535542,28505.021010,3894.978990,16.373312,-31969.620258,20220.410251,515.234403,31972.680399,-98.630294,5448.459215,9.862241,0.073457,False,False,False,False,True,True,False,1-circle,-1.000000,6101.472793,-22955.067224,-2.553001,-0.017421,100.000000,100.000000,0.000000,0.000000,2,4,4,0.0000,0.0000,0.0000,0.5000,"Accelerate",0.005675
5566,A0100,pursuit_chase_v1,UNKNOWN,15034.690163,28496.794436,3903.205564,13.492217,-31974.063362,20221.497022,515.317615,31977.563544,97.662904,5457.509041,9.930498,0.028058,False,False,False,False,True,True,False,1-circle,-1.000000,6101.427351,-22671.640510,-0.975853,0.119697,100.000000,100.000000,0.000000,0.000000,2,4,4,0.0000,0.0000,0.0000,0.5000,"PursuitChaseOptimal",0.006985
5566,B0100,aggressive,UNKNOWN,15034.690163,28496.794436,3903.205564,13.492217,-31974.063362,20221.497022,515.317615,31977.563544,97.662904,5457.509041,9.930498,0.028058,False,False,False,False,True,True,False,1-circle,-1.000000,6101.427351,-22671.640510,-0.975853,0.119697,100.000000,100.000000,0.000000,0.000000,2,4,4,0.0000,0.0000,0.0000,0.5000,"Accelerate",-0.007207
5567,A0100,pursuit_chase_v1,UNKNOWN,15034.690163,28496.794436,3903.205564,13.492217,-31974.063362,20221.497022,515.317615,31977.563544,97.662904,5457.509041,9.930498,0.028058,False,False,False,False,True,True,False,1-circle,-1.000000,6101.427351,-22671.640510,-0.975853,0.119697,100.000000,100.000000,0.000000,0.000000,2,4,4,0.0000,0.0000,0.0000,0.5000,"PursuitChaseOptimal",0.010835
5567,B0100,aggressive,UNKNOWN,15034.690163,28496.794436,3903.205564,13.492217,-31974.063362,20221.497022,515.317615,31977.563544,97.662904,5457.509041,9.930498,0.028058,False,False,False,False,True,True,False,1-circle,-1.000000,6101.427351,-22671.640510,-0.975853,0.119697,100.000000,100.000000,0.000000,0.000000,2,4,4,0.0000,0.0000,0.0000,0.5000,"Accelerate",-0.010572
5568,A0100,pursuit_chase_v1,UNKNOWN,15032.859253,28495.681014,3904.318986,16.890271,-31974.744246,20222.503307,515.314447,31978.425264,17.234405,5449.642039,9.903723,0.020349,False,False,False,False,True,True,False,1-circle,-1.000000,6101.439581,-22623.854570,-0.707781,-0.110577,100.000000,100.000000,0.000000,0.000000,2,4,4,0.0000,0.0000,0.0000,0.5000,"PursuitChaseOptimal",-0.003151
5568,B0100,aggressive,UNKNOWN,15032.859253,28495.681014,3904.318986,16.890271,-31974.744246,20222.503307,515.314447,31978.425264,17.234405,5449.642039,9.903723,0.020349,False,False,False,False,True,True,False,1-circle,-1.000000,6101.439581,-22623.854570,-0.707781,-0.110577,100.000000,100.000000,0.000000,0.000000,2,4,4,0.0000,0.0000,0.0000,0.5000,"Accelerate",0.003507
5569,A0100,pursuit_chase_v1,UNKNOWN,15032.859253,28495.681014,3904.318986,16.890271,-31974.744246,20222.503307,515.314447,31978.425264,17.234405,5449.642039,9.903723,0.020349,False,False,False,False,True,True,False,1-circle,-1.000000,6101.439581,-22623.854570,-0.707781,-0.110577,100.000000,100.000000,0.000000,0.000000,2,4,4,0.0000,0.0000,0.0000,0.5000,"PursuitChaseOptimal",-0.003131
5569,B0100,aggressive,UNKNOWN,15032.859253,28495.681014,3904.318986,16.890271,-31974.744246,20222.503307,515.314447,31978.425264,17.234405,5449.642039,9.903723,0.020349,False,False,False,False,True,True,False,1-circle,-1.000000,6101.439581,-22623.854570,-0.707781,-0.110577,100.000000,100.000000,0.000000,0.000000,2,4,4,0.0000,0.0000,0.0000,0.5000,"Accelerate",0.002897
5570,A0100,pursuit_chase_v1,UNKNOWN,15030.998685,28497.017845,3902.982155,25.009708,-31976.950756,20223.556544,515.269972,31977.449388,-19.517510,5445.357057,9.935657,0.065725,False,False,False,False,True,True,False,1-circle,-1.000000,6101.373720,-22908.126895,-2.284813,0.091533,100.000000,100.000000,0.000000,0.000000,2,4,4,0.0000,0.0000,0.0000,0.5000,"PursuitChaseOptimal",0.013764
5570,B0100,aggressive,UNKNOWN,15030.998685,28497.017845,3902.982155,25.009708,-31976.950756,20223.556544,515.269972,31977.449388,-19.517510,5445.357057,9.935657,0.065725,False,False,False,False,True,True,False,1-circle,-1.000000,6101.373720,-22908.126895,-2.284813,0.091533,100.000000,100.000000,0.000000,0.000000,2,4,4,0.0000,0.0000,0.0000,0.5000,"Accelerate",-0.014233
5571,A0100,pursuit_chase_v1,UNKNOWN,15030.998685,28497.017845,3902.982155,25.009708,-31976.950756,20223.556544,515.269972,31977.449388,-19.517510,5445.357057,9.935657,0.065725,False,False,False,False,True,True,False,1-circle,-1.000000,6101.373720,-22908.126895,-2.284813,0.091533,100.000000,100.000000,0.000000,0.000000,2,4,4,0.0000,0.0000,0.0000,0.5000,"PursuitChaseOptimal",0.023698
5571,B0100,aggressive,UNKNOWN,15030.998685,28497.017845,3902.982155,25.009708,-31976.950756,20223.556544,515.269972,31977.449388,-19.517510,5445.357057,9.935657,0.065725,False,False,False,False,True,True,False,1-circle,-1.000000,6101.373720,-22908.126895,-2.284813,0.091533,100.000000,100.000000,0.000000,0.000000,2,4,4,0.0000,0.0000,0.0000,0.5000,"Accelerate",-0.023796
5572,A0100,pursuit_chase_v1,UNKNOWN,15029.139212,28487.827667,3912.172333,29.468817,-31978.649522,20224.530992,515.374878,31983.210345,115.219130,5440.557696,9.868501,0.007483,False,False,False,False,True,True,False,1-circle,-1.000000,6101.322120,-22450.383049,0.260316,-0.039406,100.000000,100.000000,0.000000,0.000000,2,4,4,0.0000,0.0000,0.0000,0.5000,"PursuitChaseOptimal",0.014134
5572,B0100,aggressive,UNKNOWN,15029.139212,28487.827667,3912.172333,29.468817,-31978.649522,20224.530992,515.374878,31983.210345,115.219130,5440.557696,9.868501,0.007483,False,False,False,False,True,True,False,1-circle,-1.000000,6101.322120,-22450.383049,0.260316,-0.039406,100.000000,100.000000,0.000000,0.000000,2,4,4,0.0000,0.0000,0.0000,0.5000,"Accelerate",-0.013809
5573,A0100,pursuit_chase_v1,UNKNOWN,15029.139212,28487.827667,3912.172333,29.468817,-31978.649522,20224.530992,515.374878,31983.210345,115.219130,5440.557696,9.868501,0.007483,False,False,False,False,True,True,False,1-circle,-1.000000,6101.322120,-22450.383049,0.260316,-0.039406,100.000000,100.000000,0.000000,0.000000,2,4,4,0.0000,0.0000,0.0000,0.5000,"PursuitChaseOptimal",-0.001352
5573,B0100,aggressive,UNKNOWN,15029.139212,28487.827667,3912.172333,29.468817,-31978.649522,20224.530992,515.374878,31983.210345,115.219130,5440.557696,9.868501,0.007483,False,False,False,False,True,True,False,1-circle,-1.000000,6101.322120,-22450.383049,0.260316,-0.039406,100.000000,100.000000,0.000000,0.000000,2,4,4,0.0000,0.0000,0.0000,0.5000,"Accelerate",0.001725
5574,A0100,pursuit_chase_v1,UNKNOWN,15027.251450,28493.406486,3906.593514,37.488704,-31975.606147,20225.501495,515.244375,31978.226544,-99.676019,5430.690062,9.743735,0.069480,False,False,False,False,True,True,False,1-circle,-1.000000,6101.133794,-22932.241030,-2.415139,-0.091690,100.000000,100.000000,0.000000,0.000000,2,4,4,0.0000,0.0000,0.0000,0.5000,"PursuitChaseOptimal",-0.004331
5574,B0100,aggressive,UNKNOWN,15027.251450,28493.406486,3906.593514,37.488704,-31975.606147,20225.501495,515.244375,31978.226544,-99.676019,5430.690062,9.743735,0.069480,False,False,False,False,True,True,False,1-circle,-1.000000,6101.133794,-22932.241030,-2.415139,-0.091690,100.000000,100.000000,0.000000,0.000000,2,4,4,0.0000,0.0000,0.0000,0.5000,"Accelerate",0.004093
5575,A0100,pursuit_chase_v1,UNKNOWN,15027.251450,28493.406486,3906.593514,37.488704,-31975.606147,20225.501495,515.244375,31978.226544,-99.676019,5430.690062,9.743735,0.069480,False,False,False,False,True,True,False,1-circle,-1.000000,6101.133794,-22932.241030,-2.415139,-0.091690,100.000000,100.000000,0.000000,0.000000,2,4,4,0.0000,0.0000,0.0000,0.5000,"PursuitChaseOptimal",0.003914
5575,B0100,aggressive,UNKNOWN,15027.251450,28493.406486,3906.593514,37.488704,-31975.606147,20225.501495,515.244375,31978.226544,-99.676019,5430.690062,9.743735,0.069480,False,False,False,False,True,True,False,1-circle,-1.000000,6101.133794,-22932.241030,-2.415139,-0.091690,100.000000,100.000000,0.000000,0.000000,2,4,4,0.0000,0.0000,0.0000,0.5000,"Accelerate",-0.004408
5576,A0100,pursuit_chase_v1,UNKNOWN,15025.359748,28485.324073,3914.675927,38.102006,-31979.654682,20226.475117,515.322004,31982.741878,90.306672,5430.570288,9.899019,0.021153,False,False,False,False,True,True,False,1-circle,-1.000000,6100.939757,-22630.196552,-0.735780,0.045616,100.000000,100.000000,0.000000,0.000000,2,4,4,0.0000,0.0000,0.0000,0.5000,"PursuitChaseOptimal",0.000688
5576,B0100,aggressive,UNKNOWN,15025.359748,28485.324073,3914.675927,38.102006,-31979.654682,20226.475117,515.322004,31982.741878,90.306672,5430.570288,9.899019,0.021153,False,False,False,False,True,True,False,1-circle,-1.000000,6100.939757,-22630.196552,-0.735780,0.045616,100.000000,100.000000,0.000000,0.000000,2,4,4,0.0000,0.0000,0.0000,0.5000,"Accelerate",-0.000929
5577,A0100,pursuit_chase_v1,UNKNOWN,15025.359748,28485.324073,3914.675927,38.102006,-31979.654682,20226.475117,515.322004,31982.741878,90.306672,5430.570288,9.899019,0.021153,False,False,False,False,True,True,False,1-circle,-1.000000,6100.939757,-22630.196552,-0.735780,0.045616,100.000000,100.000000,0.000000,0.000000,2,4,4,0.0000,0.0000,0.0000,0.5000,"PursuitChaseOptimal",-0.015725
5577,B0100,aggressive,UNKNOWN,15025.359748,28485.324073,3914.675927,38.102006,-31979.654682,20226.475117,515.322004,31982.741878,90.306672,5430.570288,9.899019,0.021153,False,False,False,False,True,True,False,1-circle,-1.000000,6100.939757,-22630.196552,-0.735780,0.045616,100.000000,100.000000,0.000000,0.000000,2,4,4,0.0000,0.0000,0.0000,0.5000,"Accelerate",0.015843
5578,A0100,pursuit_chase_v1,UNKNOWN,15023.459040,28484.429869,3915.570131,37.094072,-31980.098117,20227.372038,515.312457,31983.203191,9.226270,5422.612509,10.149924,0.017021,False,False,False,False,True,True,False,1-circle,-1.000000,6100.814454,-22604.617420,-0.592081,-0.182022,100.000000,100.000000,0.000000,0.000000,2,4,4,0.0000,0.0000,0.0000,0.5000,"PursuitChaseOptimal",-0.019608
5578,B0100,aggressive,UNKNOWN,15023.459040,28484.429869,3915.570131,37.094072,-31980.098117,20227.372038,515.312457,31983.203191,9.226270,5422.612509,10.149924,0.017021,False,False,False,False,True,True,False,1-circle,-1.000000,6100.814454,-22604.617420,-0.592081,-0.182022,100.000000,100.000000,0.000000,0.000000,2,4,4,0.0000,0.0000,0.0000,0.5000,"Accelerate",0.019880
5579,A0100,pursuit_chase_v1,UNKNOWN,15023.459040,28484.429869,3915.570131,37.094072,-31980.098117,20227.372038,515.312457,31983.203191,9.226270,5422.612509,10.149924,0.017021,False,False,False,False,True,True,False,1-circle,-1.000000,6100.814454,-22604.617420,-0.592081,-0.182022,100.000000,100.000000,0.000000,0.000000,2,4,4,0.0000,0.0000,0.0000,0.5000,"PursuitChaseOptimal",-0.006034
5579,B0100,aggressive,UNKNOWN,15023.459040,28484.429869,3915.570131,37.094072,-31980.098117,20227.372038,515.312457,31983.203191,9.226270,5422.612509,10.149924,0.017021,False,False,False,False,True,True,False,1-circle,-1.000000,6100.814454,-22604.617420,-0.592081,-0.182022,100.000000,100.000000,0.000000,0.000000,2,4,4,0.0000,0.0000,0.0000,0.5000,"Accelerate",0.005801
5580,A0100,pursuit_chase_v1,UNKNOWN,15021.529678,28486.027896,3913.972104,40.912256,-31981.954968,20228.318753,515.260596,31981.783837,-28.387081,5412.863893,10.449328,0.061351,False,False,False,False,True,True,False,1-circle,-1.000000,6100.755280,-22882.308284,-2.133002,0.022789,100.000000,100.000000,0.000000,0.000000,2,4,4,0.0000,0.0000,0.0000,0.5000,"PursuitChaseOptimal",-0.000217
5580,B0100,aggressive,UNKNOWN,15021.529678,28486.027896,3913.972104,40.912256,-31981.954968,20228.318753,515.260596,31981.783837,-28.387081,5412.863893,10.449328,0.061351,False,False,False,False,True,True,False,1-circle,-1.000000,6100.755280,-22882.308284,-2.133002,0.022789,100.000000,100.000000,0.000000,0.000000,2,4,4,0.0000,0.0000,0.0000,0.5000,"Accelerate",-0.000300
5581,A0100,pursuit_chase_v1,UNKNOWN,15021.529678,28486.027896,3913.972104,40.912256,-31981.954968,20228.318753,515.260596,31981.783837,-28.387081,5412.863893,10.449328,0.061351,False,False,False,False,True,True,False,1-circle,-1.000000,6100.755280,-22882.308284,-2.133002,0.022789,100.000000,100.000000,0.000000,0.000000,2,4,4,0.0000,0.0000,0.0000,0.5000,"PursuitChaseOptimal",-0.012702
5581,B0100,aggressive,UNKNOWN,15021.529678,28486.027896,3913.972104,40.912256,-31981.954968,20228.318753,515.260596,31981.783837,-28.387081,5412.863893,10.449328,0.061351,False,False,False,False,True,True,False,1-circle,-1.000000,6100.755280,-22882.308284,-2.133002,0.022789,100.000000,100.000000,0.000000,0.000000,2,4,4,0.0000,0.0000,0.0000,0.5000,"Accelerate",0.012405
5582,A0100,pursuit_chase_v1,UNKNOWN,15019.591234,28476.795207,3923.204793,43.141609,-31983.328293,20229.189457,515.361287,31987.248646,109.296178,5414.610963,10.723724,0.012529,False,False,False,False,True,True,False,1-circle,-1.000000,6100.806865,-22420.310148,0.435859,-0.105805,100.000000,100.000000,0.000000,0.000000,2,4,4,0.0000,0.0000,0.0000,0.5000,"PursuitChaseOptimal",-0.012200
5582,B0100,aggressive,UNKNOWN,15019.591234,28476.795207,3923.204793,43.141609,-31983.328293,20229.189457,515.361287,31987.248646,109.296178,5414.610963,10.723724,0.012529,False,False,False,False,True,True,False,1-circle,-1.000000,6100.806865,-22420.310148,0.435859,-0.105805,100.000000,100.000000,0.000000,0.000000,2,4,4,0.0000,0.0000,0.0000,0.5000,"Accelerate",0.012388
5583,A0100,pursuit_chase_v1,UNKNOWN,15019.591234,28476.795207,3923.204793,43.141609,-31983.328293,20229.189457,515.361287,31987.248646,109.296178,5414.610963,10.723724,0.012529,False,False,False,False,True,True,False,1-circle,-1.000000,6100.806865,-22420.310148,0.435859,-0.105805,100.000000,100.000000,0.000000,0.000000,2,4,4,0.0000,0.0000,0.0000,0.5000,"PursuitChaseOptimal",0.006983
5583,B0100,aggressive,UNKNOWN,15019.591234,28476.795207,3923.204793,43.141609,-31983.328293,20229.189457,515.361287,31987.248646,109.296178,5414.610963,10.723724,0.012529,False,False,False,False,True,True,False,1-circle,-1.000000,6100.806865,-22420.310148,0.435859,-0.105805,100.000000,100.000000,0.000000,0.000000,2,4,4,0.0000,0.0000,0.0000,0.5000,"Accelerate",-0.006565
5584,A0100,pursuit_chase_v1,UNKNOWN,15017.648636,28482.132558,3917.867442,44.600649,-31980.023202,20230.055716,515.229832,31982.117321,-102.626495,5401.542929,10.799216,0.063862,False,False,False,False,True,True,False,1-circle,-1.000000,6100.933333,-22898.818243,-2.220133,-0.155050,100.000000,100.000000,0.000000,0.000000,2,4,4,0.0000,0.0000,0.0000,0.5000,"PursuitChaseOptimal",0.010177
5584,B0100,aggressive,UNKNOWN,15017.648636,28482.132558,3917.867442,44.600649,-31980.023202,20230.055716,515.229832,31982.117321,-102.626495,5401.542929,10.799216,0.063862,False,False,False,False,True,True,False,1-circle,-1.000000,6100.933333,-22898.818243,-2.220133,-0.155050,100.000000,100.000000,0.000000,0.000000,2,4,4,0.0000,0.0000,0.0000,0.5000,"Accelerate",-0.010334
5585,A0100,pursuit_chase_v1,UNKNOWN,15017.648636,28482.132558,3917.867442,44.600649,-31980.023202,20230.055716,515.229832,31982.117321,-102.626495,5401.542929,10.799216,0.063862,False,False,False,False,True,True,False,1-circle,-1.000000,6100.933333,-22898.818243,-2.220133,-0.155050,100.000000,100.000000,0.000000,0.000000,2,4,4,0.0000,0.0000,0.0000,0.5000,"PursuitChaseOptimal",-0.002048
5585,B0100,aggressive,UNKNOWN,15017.648636,28482.132558,3917.867442,44.600649,-31980.023202,20230.055716,515.229832,31982.117321,-102.626495,5401.542929,10.799216,0.063862,False,False,False,False,True,True,False,1-circle,-1.000000,6100.933333,-22898.818243,-2.220133,-0.155050,100.000000,100.000000,0.000000,0.000000,2,4,4,0.0000,0.0000,0.0000,0.5000,"Accelerate",0.001528
5586,A0100,pursuit_chase_v1,UNKNOWN,15015.674662,28473.864555,3926.135445,50.373803,-31983.828232,20230.925116,515.305897,31986.456964,86.792861,5402.212277,10.876748,0.014846,False,False,False,False,True,True,False,1-circle,-1.000000,6100.998518,-22592.535552,-0.516446,-0.016853,100.000000,100.000000,0.000000,0.000000,2,4,4,0.0000,0.0000,0.0000,0.5000,"PursuitChaseOptimal",-0.006445
5586,B0100,aggressive,UNKNOWN,15015.674662,28473.864555,3926.135445,50.373803,-31983.828232,20230.925116,515.305897,31986.456964,86.792861,5402.212277,10.876748,0.014846,False,False,False,False,True,True,False,1-circle,-1.000000,6100.998518,-22592.535552,-0.516446,-0.016853,100.000000,100.000000,0.000000,0.000000,2,4,4,0.0000,0.0000,0.0000,0.5000,"Accelerate",0.006265
5587,A0100,pursuit_chase_v1,UNKNOWN,15015.674662,28473.864555,3926.135445,50.373803,-31983.828232,20230.925116,515.305897,31986.456964,86.792861,5402.212277,10.876748,0.014846,False,False,False,False,True,True,False,1-circle,-1.000000,6100.998518,-22592.535552,-0.516446,-0.016853,100.000000,100.000000,0.000000,0.000000,2,4,4,0.0000,0.0000,0.0000,0.5000,"PursuitChaseOptimal",0.006884
5587,B0100,aggressive,UNKNOWN,15015.674662,28473.864555,3926.135445,50.373803,-31983.828232,20230.925116,515.305897,31986.456964,86.792861,5402.212277,10.876748,0.014846,False,False,False,False,True,True,False,1-circle,-1.000000,6100.998518,-22592.535552,-0.516446,-0.016853,100.000000,100.000000,0.000000,0.000000,2,4,4,0.0000,0.0000,0.0000,0.5000,"Accelerate",-0.006374
5588,A0100,pursuit_chase_v1,UNKNOWN,15013.718897,28476.525128,3923.474872,55.567001,-31984.062685,20231.733244,515.254607,31984.925104,-30.637208,5396.995983,10.839880,0.010254,False,False,False,False,True,True,False,1-circle,-1.000000,6101.132229,-22564.168695,-0.356669,-0.115349,100.000000,100.000000,0.000000,0.000000,2,4,4,0.0000,0.0000,0.0000,0.5000,"PursuitChaseOptimal",0.017951
5588,B0100,aggressive,UNKNOWN,15013.718897,28476.525128,3923.474872,55.567001,-31984.062685,20231.733244,515.254607,31984.925104,-30.637208,5396.995983,10.839880,0.010254,False,False,False,False,True,True,False,1-circle,-1.000000,6101.132229,-22564.168695,-0.356669,-0.115349,100.000000,100.000000,0.000000,0.000000,2,4,4,0.0000,0.0000,0.0000,0.5000,"Accelerate",-0.017393
5589,A0100,pursuit_chase_v1,UNKNOWN,15013.718897,28476.525128,3923.474872,55.567001,-31984.062685,20231.733244,515.254607,31984.925104,-30.637208,5396.995983,10.839880,0.010254,False,False,False,False,True,True,False,1-circle,-1.000000,6101.132229,-22564.168695,-0.356669,-0.115349,100.000000,100.000000,0.000000,0.000000,2,4,4,0.0000,0.0000,0.0000,0.5000,"PursuitChaseOptimal",0.007389
5589,B0100,aggressive,UNKNOWN,15013.718897,28476.525128,3923.474872,55.567001,-31984.062685,20231.733244,515.254607,31984.925104,-30.637208,5396.995983,10.839880,0.010254,False,False,False,False,True,True,False,1-circle,-1.000000,6101.132229,-22564.168695,-0.356669,-0.115349,100.000000,100.000000,0.000000,0.000000,2,4,4,0.0000,0.0000,0.0000,0.5000,"Accelerate",-0.007535
5590,A0100,pursuit_chase_v1,UNKNOWN,15011.719533,28479.169540,3920.830460,59.749947,-31985.867091,20232.623582,515.222891,31984.368547,-11.131145,5384.495816,10.716691,0.053879,False,False,False,False,True,True,False,1-circle,-1.000000,6101.089785,-22837.445281,-1.873398,0.083781,100.000000,100.000000,0.000000,0.000000,2,4,4,0.0000,0.0000,0.0000,0.5000,"PursuitChaseOptimal",-0.007636
5590,B0100,aggressive,UNKNOWN,15011.719533,28479.169540,3920.830460,59.749947,-31985.867091,20232.623582,515.222891,31984.368547,-11.131145,5384.495816,10.716691,0.053879,False,False,False,False,True,True,False,1-circle,-1.000000,6101.089785,-22837.445281,-1.873398,0.083781,100.000000,100.000000,0.000000,0.000000,2,4,4,0.0000,0.0000,0.0000,0.5000,"Accelerate",0.007168
5591,A0100,pursuit_chase_v1,UNKNOWN,15011.719533,28479.169540,3920.830460,59.749947,-31985.867091,20232.623582,515.222891,31984.368547,-11.131145,5384.495816,10.716691,0.053879,False,False,False,False,True,True,False,1-circle,-1.000000,6101.089785,-22837.445281,-1.873398,0.083781,100.000000,100.000000,0.000000,0.000000,2,4,4,0.0000,0.0000,0.0000,0.5000,"PursuitChaseOptimal",-0.009372
5591,B0100,aggressive,UNKNOWN,15011.719533,28479.169540,3920.830460,59.749947,-31985.867091,20232.623582,515.222891,31984.368547,-11.131145,5384.495816,10.716691,0.053879,False,False,False,False,True,True,False,1-circle,-1.000000,6101.089785,-22837.445281,-1.873398,0.083781,100.000000,100.000000,0.000000,0.000000,2,4,4,0.0000,0.0000,0.0000,0.5000,"Accelerate",0.009178
5592,A0100,pursuit_chase_v1,UNKNOWN,15009.731340,28472.022744,3927.977256,66.342694,-31987.113972,20233.453336,515.319499,31989.605815,104.745358,5393.772972,10.832530,0.020349,False,False,False,False,True,True,False,1-circle,-1.000000,6101.094278,-22373.080500,0.707900,-0.147671,100.000000,100.000000,0.000000,0.000000,2,4,4,0.0000,0.0000,0.0000,0.5000,"PursuitChaseOptimal",0.000585
5592,B0100,aggressive,UNKNOWN,15009.731340,28472.022744,3927.977256,66.342694,-31987.113972,20233.453336,515.319499,31989.605815,104.745358,5393.772972,10.832530,0.020349,False,False,False,False,True,True,False,1-circle,-1.000000,6101.094278,-22373.080500,0.707900,-0.147671,100.000000,100.000000,0.000000,0.000000,2,4,4,0.0000,0.0000,0.0000,0.5000,"Accelerate",-0.000096
5593,A0100,pursuit_chase_v1,UNKNOWN,15009.731340,28472.022744,3927.977256,66.342694,-31987.113972,20233.453336,515.319499,31989.605815,104.745358,5393.772972,10.832530,0.020349,False,False,False,False,True,True,False,1-circle,-1.000000,6101.094278,-22373.080500,0.707900,-0.147671,100.000000,100.000000,0.000000,0.000000,2,4,4,0.0000,0.0000,0.0000,0.5000,"PursuitChaseOptimal",-0.001829
5593,B0100,aggressive,UNKNOWN,15009.731340,28472.022744,3927.977256,66.342694,-31987.113972,20233.453336,515.319499,31989.605815,104.745358,5393.772972,10.832530,0.020349,False,False,False,False,True,True,False,1-circle,-1.000000,6101.094278,-22373.080500,0.707900,-0.147671,100.000000,100.000000,0.000000,0.000000,2,4,4,0.0000,0.0000,0.0000,0.5000,"Accelerate",0.002289
5594,A0100,pursuit_chase_v1,UNKNOWN,15007.722961,28481.191056,3918.808944,63.190038,-31983.845426,20234.318695,515.212371,31985.583801,-80.440268,5376.136559,10.884015,0.055633,False,False,False,False,True,True,False,1-circle,-1.000000,6101.086604,-22848.927564,-1.934322,0.065583,100.000000,100.000000,0.000000,0.000000,2,4,4,0.0000,0.0000,0.0000,0.5000,"PursuitChaseOptimal",-0.017788
5594,B0100,aggressive,UNKNOWN,15007.722961,28481.191056,3918.808944,63.190038,-31983.845426,20234.318695,515.212371,31985.583801,-80.440268,5376.136559,10.884015,0.055633,False,False,False,False,True,True,False,1-circle,-1.000000,6101.086604,-22848.927564,-1.934322,0.065583,100.000000,100.000000,0.000000,0.000000,2,4,4,0.0000,0.0000,0.0000,0.5000,"Accelerate",0.017540
5595,A0100,pursuit_chase_v1,UNKNOWN,15007.722961,28481.191056,3918.808944,63.190038,-31983.845426,20234.318695,515.212371,31985.583801,-80.440268,5376.136559,10.884015,0.055633,False,False,False,False,True,True,False,1-circle,-1.000000,6101.086604,-22848.927564,-1.934322,0.065583,100.000000,100.000000,0.000000,0.000000,2,4,4,0.0000,0.0000,0.0000,0.5000,"PursuitChaseOptimal",-0.021301
5595,B0100,aggressive,UNKNOWN,15007.722961,28481.191056,3918.808944,63.190038,-31983.845426,20234.318695,515.212371,31985.583801,-80.440268,5376.136559,10.884015,0.055633,False,False,False,False,True,True,False,1-circle,-1.000000,6101.086604,-22848.927564,-1.934322,0.065583,100.000000,100.000000,0.000000,0.000000,2,4,4,0.0000,0.0000,0.0000,0.5000,"Accelerate",0.020770
5596,A0100,pursuit_chase_v1,UNKNOWN,15005.694670,28473.733679,3926.266321,73.967562,-31987.796433,20235.205073,515.309889,31990.919070,106.705368,5380.584045,11.278135,0.008777,False,False,False,False,True,True,False,1-circle,-1.000000,6101.135324,-22555.991680,-0.305326,-0.030254,100.000000,100.000000,0.000000,0.000000,2,4,4,0.0000,0.0000,0.0000,0.5000,"PursuitChaseOptimal",-0.007442
5596,B0100,aggressive,UNKNOWN,15005.694670,28473.733679,3926.266321,73.967562,-31987.796433,20235.205073,515.309889,31990.919070,106.705368,5380.584045,11.278135,0.008777,False,False,False,False,True,True,False,1-circle,-1.000000,6101.135324,-22555.991680,-0.305326,-0.030254,100.000000,100.000000,0.000000,0.000000,2,4,4,0.0000,0.0000,0.0000,0.5000,"Accelerate",0.007267
5597,A0100,pursuit_chase_v1,UNKNOWN,15005.694670,28473.733679,3926.266321,73.967562,-31987.796433,20235.205073,515.309889,31990.919070,106.705368,5380.584045,11.278135,0.008777,False,False,False,False,True,True,False,1-circle,-1.000000,6101.135324,-22555.991680,-0.305326,-0.030254,100.000000,100.000000,0.000000,0.000000,2,4,4,0.0000,0.0000,0.0000,0.5000,"PursuitChaseOptimal",-0.001353
5597,B0100,aggressive,UNKNOWN,15005.694670,28473.733679,3926.266321,73.967562,-31987.796433,20235.205073,515.309889,31990.919070,106.705368,5380.584045,11.278135,0.008777,False,False,False,False,True,True,False,1-circle,-1.000000,6101.135324,-22555.991680,-0.305326,-0.030254,100.000000,100.000000,0.000000,0.000000,2,4,4,0.0000,0.0000,0.0000,0.5000,"Accelerate",0.001819
5598,A0100,pursuit_chase_v1,UNKNOWN,15003.668125,28476.089679,3923.910321,73.474488,-31988.172261,20236.032735,515.255930,31989.284952,-32.682355,5367.881795,11.478687,0.000613,False,False,False,False,True,True,False,1-circle,-1.000000,6101.339555,-22505.244540,-0.021325,-0.089077,100.000000,100.000000,0.000000,0.000000,2,4,4,0.0000,0.0000,0.0000,0.5000,"PursuitChaseOptimal",-0.013637
5598,B0100,aggressive,UNKNOWN,15003.668125,28476.089679,3923.910321,73.474488,-31988.172261,20236.032735,515.255930,31989.284952,-32.682355,5367.881795,11.478687,0.000613,False,False,False,False,True,True,False,1-circle,-1.000000,6101.339555,-22505.244540,-0.021325,-0.089077,100.000000,100.000000,0.000000,0.000000,2,4,4,0.0000,0.0000,0.0000,0.5000,"Accelerate",0.014071
5599,A0100,pursuit_chase_v1,UNKNOWN,15003.668125,28476.089679,3923.910321,73.474488,-31988.172261,20236.032735,515.255930,31989.284952,-32.682355,5367.881795,11.478687,0.000613,False,False,False,False,True,True,False,1-circle,-1.000000,6101.339555,-22505.244540,-0.021325,-0.089077,100.000000,100.000000,0.000000,0.000000,2,4,4,0.0000,0.0000,0.0000,0.5000,"PursuitChaseOptimal",-0.013100
5599,B0100,aggressive,UNKNOWN,15003.668125,28476.089679,3923.910321,73.474488,-31988.172261,20236.032735,515.255930,31989.284952,-32.682355,5367.881795,11.478687,0.000613,False,False,False,False,True,True,False,1-circle,-1.000000,6101.339555,-22505.244540,-0.021325,-0.089077,100.000000,100.000000,0.000000,0.000000,2,4,4,0.0000,0.0000,0.0000,0.5000,"Accelerate",0.012903
5600,A0100,pursuit_chase_v1,UNKNOWN,15001.613335,28478.045317,3921.954683,83.124022,-31989.070069,20236.938737,515.231661,31989.083812,-4.022787,5366.785220,11.621524,0.045397,False,False,False,False,True,True,False,1-circle,-1.000000,6101.526876,-22785.942147,-1.578747,0.094695,100.000000,100.000000,0.000000,0.000000,2,4,4,0.0000,0.0000,0.0000,0.5000,"PursuitChaseOptimal",0.006140
5600,B0100,aggressive,UNKNOWN,15001.613335,28478.045317,3921.954683,83.124022,-31989.070069,20236.938737,515.231661,31989.083812,-4.022787,5366.785220,11.621524,0.045397,False,False,False,False,True,True,False,1-circle,-1.000000,6101.526876,-22785.942147,-1.578747,0.094695,100.000000,100.000000,0.000000,0.000000,2,4,4,0.0000,0.0000,0.0000,0.5000,"Accelerate",-0.006610
5601,A0100,pursuit_chase_v1,UNKNOWN,15001.613335,28478.045317,3921.954683,83.124022,-31989.070069,20236.938737,515.231661,31989.083812,-4.022787,5366.785220,11.621524,0.045397,False,False,False,False,True,True,False,1-circle,-1.000000,6101.526876,-22785.942147,-1.578747,0.094695,100.000000,100.000000,0.000000,0.000000,2,4,4,0.0000,0.0000,0.0000,0.5000,"PursuitChaseOptimal",0.009379
5601,B0100,aggressive,UNKNOWN,15001.613335,28478.045317,3921.954683,83.124022,-31989.070069,20236.938737,515.231661,31989.083812,-4.022787,5366.785220,11.621524,0.045397,False,False,False,False,True,True,False,1-circle,-1.000000,6101.526876,-22785.942147,-1.578747,0.094695,100.000000,100.000000,0.000000,0.000000,2,4,4,0.0000,0.0000,0.0000,0.5000,"Accelerate",-0.009530
5602,A0100,pursuit_chase_v1,UNKNOWN,14999.566966,28470.190176,3929.809824,85.286859,-31991.937183,20237.777945,515.338929,31994.816949,114.662723,5364.294862,11.681955,0.028546,False,False,False,False,True,True,False,1-circle,-1.000000,6101.791459,-22323.398993,0.993064,-0.141278,100.000000,100.000000,0.000000,0.000000,2,4,4,0.0000,0.0000,0.0000,0.5000,"PursuitChaseOptimal",-0.002746
5602,B0100,aggressive,UNKNOWN,14999.566966,28470.190176,3929.809824,85.286859,-31991.937183,20237.777945,515.338929,31994.816949,114.662723,5364.294862,11.681955,0.028546,False,False,False,False,True,True,False,1-circle,-1.000000,6101.791459,-22323.398993,0.993064,-0.141278,100.000000,100.000000,0.000000,0.000000,2,4,4,0.0000,0.0000,0.0000,0.5000,"Accelerate",0.003212
5603,A0100,pursuit_chase_v1,UNKNOWN,14999.566966,28470.190176,3929.809824,85.286859,-31991.937183,20237.777945,515.338929,31994.816949,114.662723,5364.294862,11.681955,0.028546,False,False,False,False,True,True,False,1-circle,-1.000000,6101.791459,-22323.398993,0.993064,-0.141278,100.000000,100.000000,0.000000,0.000000,2,4,4,0.0000,0.0000,0.0000,0.5000,"PursuitChaseOptimal",-0.007010
5603,B0100,aggressive,UNKNOWN,14999.566966,28470.190176,3929.809824,85.286859,-31991.937183,20237.777945,515.338929,31994.816949,114.662723,5364.294862,11.681955,0.028546,False,False,False,False,True,True,False,1-circle,-1.000000,6101.791459,-22323.398993,0.993064,-0.141278,100.000000,100.000000,0.000000,0.000000,2,4,4,0.0000,0.0000,0.0000,0.5000,"Accelerate",0.007539
5604,A0100,pursuit_chase_v1,UNKNOWN,14997.504866,28479.679053,3920.320947,89.334406,-31988.842903,20238.647289,515.252669,31991.750719,-61.324599,5362.331146,11.503027,0.047086,False,False,False,False,True,True,False,1-circle,-1.000000,6101.996822,-22797.231304,-1.637530,0.078535,100.000000,100.000000,0.000000,0.000000,2,4,4,0.0000,0.0000,0.0000,0.5000,"PursuitChaseOptimal",0.006423
5604,B0100,aggressive,UNKNOWN,14997.504866,28479.679053,3920.320947,89.334406,-31988.842903,20238.647289,515.252669,31991.750719,-61.324599,5362.331146,11.503027,0.047086,False,False,False,False,True,True,False,1-circle,-1.000000,6101.996822,-22797.231304,-1.637530,0.078535,100.000000,100.000000,0.000000,0.000000,2,4,4,0.0000,0.0000,0.0000,0.5000,"Accelerate",-0.006367
5605,A0100,pursuit_chase_v1,UNKNOWN,14997.504866,28479.679053,3920.320947,89.334406,-31988.842903,20238.647289,515.252669,31991.750719,-61.324599,5362.331146,11.503027,0.047086,False,False,False,False,True,True,False,1-circle,-1.000000,6101.996822,-22797.231304,-1.637530,0.078535,100.000000,100.000000,0.000000,0.000000,2,4,4,0.0000,0.0000,0.0000,0.5000,"PursuitChaseOptimal",0.010269
5605,B0100,aggressive,UNKNOWN,14997.504866,28479.679053,3920.320947,89.334406,-31988.842903,20238.647289,515.252669,31991.750719,-61.324599,5362.331146,11.503027,0.047086,False,False,False,False,True,True,False,1-circle,-1.000000,6101.996822,-22797.231304,-1.637530,0.078535,100.000000,100.000000,0.000000,0.000000,2,4,4,0.0000,0.0000,0.0000,0.5000,"Accelerate",-0.010613
5606,A0100,pursuit_chase_v1,UNKNOWN,14995.442774,28475.873050,3924.126950,92.518685,-31992.878493,20239.568044,515.355380,31997.357722,112.140075,5362.366898,11.417119,0.001398,False,False,False,False,True,True,False,1-circle,-1.000000,6102.130232,-22511.473241,-0.048642,0.192186,100.000000,100.000000,0.000000,0.000000,2,4,4,0.0000,0.0000,0.0000,0.5000,"PursuitChaseOptimal",-0.003875
5606,B0100,aggressive,UNKNOWN,14995.442774,28475.873050,3924.126950,92.518685,-31992.878493,20239.568044,515.355380,31997.357722,112.140075,5362.366898,11.417119,0.001398,False,False,False,False,True,True,False,1-circle,-1.000000,6102.130232,-22511.473241,-0.048642,0.192186,100.000000,100.000000,0.000000,0.000000,2,4,4,0.0000,0.0000,0.0000,0.5000,"Accelerate",0.003866
5607,A0100,pursuit_chase_v1,UNKNOWN,14995.442774,28475.873050,3924.126950,92.518685,-31992.878493,20239.568044,515.355380,31997.357722,112.140075,5362.366898,11.417119,0.001398,False,False,False,False,True,True,False,1-circle,-1.000000,6102.130232,-22511.473241,-0.048642,0.192186,100.000000,100.000000,0.000000,0.000000,2,4,4,0.0000,0.0000,0.0000,0.5000,"PursuitChaseOptimal",-0.003904
5607,B0100,aggressive,UNKNOWN,14995.442774,28475.873050,3924.126950,92.518685,-31992.878493,20239.568044,515.355380,31997.357722,112.140075,5362.366898,11.417119,0.001398,False,False,False,False,True,True,False,1-circle,-1.000000,6102.130232,-22511.473241,-0.048642,0.192186,100.000000,100.000000,0.000000,0.000000,2,4,4,0.0000,0.0000,0.0000,0.5000,"Accelerate",0.004496
5608,A0100,pursuit_chase_v1,UNKNOWN,14993.388344,28481.541626,3918.458374,101.546984,-31993.453599,20240.466035,515.314911,31996.409164,-18.971161,5359.026488,11.330507,0.005882,False,False,False,False,True,True,False,1-circle,-1.000000,6102.257607,-22466.087126,0.204654,0.046816,100.000000,100.000000,0.000000,0.000000,2,4,4,0.0000,0.0000,0.0000,0.5000,"PursuitChaseOptimal",0.013223
5608,B0100,aggressive,UNKNOWN,14993.388344,28481.541626,3918.458374,101.546984,-31993.453599,20240.466035,515.314911,31996.409164,-18.971161,5359.026488,11.330507,0.005882,False,False,False,False,True,True,False,1-circle,-1.000000,6102.257607,-22466.087126,0.204654,0.046816,100.000000,100.000000,0.000000,0.000000,2,4,4,0.0000,0.0000,0.0000,0.5000,"Accelerate",-0.012647
5609,A0100,pursuit_chase_v1,UNKNOWN,14993.388344,28481.541626,3918.458374,101.546984,-31993.453599,20240.466035,515.314911,31996.409164,-18.971161,5359.026488,11.330507,0.005882,False,False,False,False,True,True,False,1-circle,-1.000000,6102.257607,-22466.087126,0.204654,0.046816,100.000000,100.000000,0.000000,0.000000,2,4,4,0.0000,0.0000,0.0000,0.5000,"PursuitChaseOptimal",0.023112
5609,B0100,aggressive,UNKNOWN,14993.388344,28481.541626,3918.458374,101.546984,-31993.453599,20240.466035,515.314911,31996.409164,-18.971161,5359.026488,11.330507,0.005882,False,False,False,False,True,True,False,1-circle,-1.000000,6102.257607,-22466.087126,0.204654,0.046816,100.000000,100.000000,0.000000,0.000000,2,4,4,0.0000,0.0000,0.0000,0.5000,"Accelerate",-0.023175
5610,A0100,pursuit_chase_v1,UNKNOWN,14991.305089,28485.661116,3914.338884,105.032551,-31994.398274,20241.471082,515.300369,31996.750738,6.831480,5346.472034,11.068632,0.039428,False,False,False,False,True,True,False,1-circle,-1.000000,6102.215404,-22749.858541,-1.371508,0.221031,100.000000,100.000000,0.000000,0.000000,2,4,4,0.0000,0.0000,0.0000,0.5000,"PursuitChaseOptimal",0.013609
5610,B0100,aggressive,UNKNOWN,14991.305089,28485.661116,3914.338884,105.032551,-31994.398274,20241.471082,515.300369,31996.750738,6.831480,5346.472034,11.068632,0.039428,False,False,False,False,True,True,False,1-circle,-1.000000,6102.215404,-22749.858541,-1.371508,0.221031,100.000000,100.000000,0.000000,0.000000,2,4,4,0.0000,0.0000,0.0000,0.5000,"Accelerate",-0.013976
5611,A0100,pursuit_chase_v1,UNKNOWN,14991.305089,28485.661116,3914.338884,105.032551,-31994.398274,20241.471082,515.300369,31996.750738,6.831480,5346.472034,11.068632,0.039428,False,False,False,False,True,True,False,1-circle,-1.000000,6102.215404,-22749.858541,-1.371508,0.221031,100.000000,100.000000,0.000000,0.000000,2,4,4,0.0000,0.0000,0.0000,0.5000,"PursuitChaseOptimal",-0.001965
5611,B0100,aggressive,UNKNOWN,14991.305089,28485.661116,3914.338884,105.032551,-31994.398274,20241.471082,515.300369,31996.750738,6.831480,5346.472034,11.068632,0.039428,False,False,False,False,True,True,False,1-circle,-1.000000,6102.215404,-22749.858541,-1.371508,0.221031,100.000000,100.000000,0.000000,0.000000,2,4,4,0.0000,0.0000,0.0000,0.5000,"Accelerate",0.001847
5612,A0100,pursuit_chase_v1,UNKNOWN,14989.219115,28479.448290,3920.551710,110.949850,-31997.350704,20242.427003,515.410484,32002.731164,119.608512,5353.818799,10.952420,0.033949,False,False,False,False,True,True,False,1-circle,-1.000000,6102.083238,-22290.342163,1.181194,-0.027555,100.000000,100.000000,0.000000,0.000000,2,4,4,0.0000,0.0000,0.0000,0.5000,"PursuitChaseOptimal",-0.004994
5612,B0100,aggressive,UNKNOWN,14989.219115,28479.448290,3920.551710,110.949850,-31997.350704,20242.427003,515.410484,32002.731164,119.608512,5353.818799,10.952420,0.033949,False,False,False,False,True,True,False,1-circle,-1.000000,6102.083238,-22290.342163,1.181194,-0.027555,100.000000,100.000000,0.000000,0.000000,2,4,4,0.0000,0.0000,0.0000,0.5000,"Accelerate",0.005484
5613,A0100,pursuit_chase_v1,UNKNOWN,14989.219115,28479.448290,3920.551710,110.949850,-31997.350704,20242.427003,515.410484,32002.731164,119.608512,5353.818799,10.952420,0.033949,False,False,False,False,True,True,False,1-circle,-1.000000,6102.083238,-22290.342163,1.181194,-0.027555,100.000000,100.000000,0.000000,0.000000,2,4,4,0.0000,0.0000,0.0000,0.5000,"PursuitChaseOptimal",0.003503
5613,B0100,aggressive,UNKNOWN,14989.219115,28479.448290,3920.551710,110.949850,-31997.350704,20242.427003,515.410484,32002.731164,119.608512,5353.818799,10.952420,0.033949,False,False,False,False,True,True,False,1-circle,-1.000000,6102.083238,-22290.342163,1.181194,-0.027555,100.000000,100.000000,0.000000,0.000000,2,4,4,0.0000,0.0000,0.0000,0.5000,"Accelerate",-0.003011
5614,A0100,pursuit_chase_v1,UNKNOWN,14987.130593,28489.193324,3910.806676,115.042306,-31994.348707,20243.425273,515.313767,31999.316232,-68.298631,5342.148079,10.866270,0.042130,False,False,False,False,True,True,False,1-circle,-1.000000,6101.908433,-22766.655926,-1.465518,0.173566,100.000000,100.000000,0.000000,0.000000,2,4,4,0.0000,0.0000,0.0000,0.5000,"PursuitChaseOptimal",0.000380
5614,B0100,aggressive,UNKNOWN,14987.130593,28489.193324,3910.806676,115.042306,-31994.348707,20243.425273,515.313767,31999.316232,-68.298631,5342.148079,10.866270,0.042130,False,False,False,False,True,True,False,1-circle,-1.000000,6101.908433,-22766.655926,-1.465518,0.173566,100.000000,100.000000,0.000000,0.000000,2,4,4,0.0000,0.0000,0.0000,0.5000,"Accelerate",-0.000555
5615,A0100,pursuit_chase_v1,UNKNOWN,14987.130593,28489.193324,3910.806676,115.042306,-31994.348707,20243.425273,515.313767,31999.316232,-68.298631,5342.148079,10.866270,0.042130,False,False,False,False,True,True,False,1-circle,-1.000000,6101.908433,-22766.655926,-1.465518,0.173566,100.000000,100.000000,0.000000,0.000000,2,4,4,0.0000,0.0000,0.0000,0.5000,"PursuitChaseOptimal",-0.016141
5615,B0100,aggressive,UNKNOWN,14987.130593,28489.193324,3910.806676,115.042306,-31994.348707,20243.425273,515.313767,31999.316232,-68.298631,5342.148079,10.866270,0.042130,False,False,False,False,True,True,False,1-circle,-1.000000,6101.908433,-22766.655926,-1.465518,0.173566,100.000000,100.000000,0.000000,0.000000,2,4,4,0.0000,0.0000,0.0000,0.5000,"Accelerate",0.015621
5616,A0100,pursuit_chase_v1,UNKNOWN,14985.017129,28482.008656,3917.991344,118.878369,-31998.537723,20244.446926,515.420358,32005.201706,117.709470,5342.691750,11.134202,0.003144,False,False,False,False,True,True,False,1-circle,-1.000000,6101.704480,-22483.049222,0.109410,0.067673,100.000000,100.000000,0.000000,0.000000,2,4,4,0.0000,0.0000,0.0000,0.5000,"PursuitChaseOptimal",-0.020132
5616,B0100,aggressive,UNKNOWN,14985.017129,28482.008656,3917.991344,118.878369,-31998.537723,20244.446926,515.420358,32005.201706,117.709470,5342.691750,11.134202,0.003144,False,False,False,False,True,True,False,1-circle,-1.000000,6101.704480,-22483.049222,0.109410,0.067673,100.000000,100.000000,0.000000,0.000000,2,4,4,0.0000,0.0000,0.0000,0.5000,"Accelerate",0.019936
5617,A0100,pursuit_chase_v1,UNKNOWN,14985.017129,28482.008656,3917.991344,118.878369,-31998.537723,20244.446926,515.420358,32005.201706,117.709470,5342.691750,11.134202,0.003144,False,False,False,False,True,True,False,1-circle,-1.000000,6101.704480,-22483.049222,0.109410,0.067673,100.000000,100.000000,0.000000,0.000000,2,4,4,0.0000,0.0000,0.0000,0.5000,"PursuitChaseOptimal",-0.006426
5617,B0100,aggressive,UNKNOWN,14985.017129,28482.008656,3917.991344,118.878369,-31998.537723,20244.446926,515.420358,32005.201706,117.709470,5342.691750,11.134202,0.003144,False,False,False,False,True,True,False,1-circle,-1.000000,6101.704480,-22483.049222,0.109410,0.067673,100.000000,100.000000,0.000000,0.000000,2,4,4,0.0000,0.0000,0.0000,0.5000,"Accelerate",0.006894
5618,A0100,pursuit_chase_v1,UNKNOWN,14982.913900,28484.867195,3915.132805,124.016044,-31999.129503,20245.413336,515.367255,32003.744850,-29.137123,5333.350328,11.398678,0.010107,False,False,False,False,True,True,False,1-circle,-1.000000,6101.674721,-22439.407670,0.351706,0.002174,100.000000,100.000000,0.000000,0.000000,2,4,4,0.0000,0.0000,0.0000,0.5000,"PursuitChaseOptimal",-0.000500
5618,B0100,aggressive,UNKNOWN,14982.913900,28484.867195,3915.132805,124.016044,-31999.129503,20245.413336,515.367255,32003.744850,-29.137123,5333.350328,11.398678,0.010107,False,False,False,False,True,True,False,1-circle,-1.000000,6101.674721,-22439.407670,0.351706,0.002174,100.000000,100.000000,0.000000,0.000000,2,4,4,0.0000,0.0000,0.0000,0.5000,"Accelerate",0.001038
5619,A0100,pursuit_chase_v1,UNKNOWN,14982.913900,28484.867195,3915.132805,124.016044,-31999.129503,20245.413336,515.367255,32003.744850,-29.137123,5333.350328,11.398678,0.010107,False,False,False,False,True,True,False,1-circle,-1.000000,6101.674721,-22439.407670,0.351706,0.002174,100.000000,100.000000,0.000000,0.000000,2,4,4,0.0000,0.0000,0.0000,0.5000,"PursuitChaseOptimal",-0.013032
5619,B0100,aggressive,UNKNOWN,14982.913900,28484.867195,3915.132805,124.016044,-31999.129503,20245.413336,515.367255,32003.744850,-29.137123,5333.350328,11.398678,0.010107,False,False,False,False,True,True,False,1-circle,-1.000000,6101.674721,-22439.407670,0.351706,0.002174,100.000000,100.000000,0.000000,0.000000,2,4,4,0.0000,0.0000,0.0000,0.5000,"Accelerate",0.013071
5620,A0100,pursuit_chase_v1,UNKNOWN,14980.776203,28490.775359,3909.224641,127.737821,-32000.108165,20246.476067,515.377750,32005.286492,30.832839,5329.282619,11.405301,0.035835,False,False,False,False,True,True,False,1-circle,-1.000000,6101.585716,-22727.070563,-1.246790,0.305093,100.000000,100.000000,0.000000,0.000000,2,4,4,0.0000,0.0000,0.0000,0.5000,"PursuitChaseOptimal",-0.012626
5620,B0100,aggressive,UNKNOWN,14980.776203,28490.775359,3909.224641,127.737821,-32000.108165,20246.476067,515.377750,32005.286492,30.832839,5329.282619,11.405301,0.035835,False,False,False,False,True,True,False,1-circle,-1.000000,6101.585716,-22727.070563,-1.246790,0.305093,100.000000,100.000000,0.000000,0.000000,2,4,4,0.0000,0.0000,0.0000,0.5000,"Accelerate",0.012519
5621,A0100,pursuit_chase_v1,UNKNOWN,14980.776203,28490.775359,3909.224641,127.737821,-32000.108165,20246.476067,515.377750,32005.286492,30.832839,5329.282619,11.405301,0.035835,False,False,False,False,True,True,False,1-circle,-1.000000,6101.585716,-22727.070563,-1.246790,0.305093,100.000000,100.000000,0.000000,0.000000,2,4,4,0.0000,0.0000,0.0000,0.5000,"PursuitChaseOptimal",0.006626
5621,B0100,aggressive,UNKNOWN,14980.776203,28490.775359,3909.224641,127.737821,-32000.108165,20246.476067,515.377750,32005.286492,30.832839,5329.282619,11.405301,0.035835,False,False,False,False,True,True,False,1-circle,-1.000000,6101.585716,-22727.070563,-1.246790,0.305093,100.000000,100.000000,0.000000,0.000000,2,4,4,0.0000,0.0000,0.0000,0.5000,"Accelerate",-0.006266
5622,A0100,pursuit_chase_v1,UNKNOWN,14978.651532,28492.771871,3907.228129,133.892827,-32000.705760,20247.547157,515.395700,32007.176704,37.804254,5327.040500,11.389284,0.025479,False,False,False,False,True,True,False,1-circle,-1.000000,6101.561447,-22662.167087,-0.886595,0.126034,100.000000,100.000000,0.000000,0.000000,2,4,4,0.0000,0.0000,0.0000,0.5000,"PursuitChaseOptimal",0.009861
5622,B0100,aggressive,UNKNOWN,14978.651532,28492.771871,3907.228129,133.892827,-32000.705760,20247.547157,515.395700,32007.176704,37.804254,5327.040500,11.389284,0.025479,False,False,False,False,True,True,False,1-circle,-1.000000,6101.561447,-22662.167087,-0.886595,0.126034,100.000000,100.000000,0.000000,0.000000,2,4,4,0.0000,0.0000,0.0000,0.5000,"Accelerate",-0.009658
5623,A0100,pursuit_chase_v1,UNKNOWN,14978.651532,28492.771871,3907.228129,133.892827,-32000.705760,20247.547157,515.395700,32007.176704,37.804254,5327.040500,11.389284,0.025479,False,False,False,False,True,True,False,1-circle,-1.000000,6101.561447,-22662.167087,-0.886595,0.126034,100.000000,100.000000,0.000000,0.000000,2,4,4,0.0000,0.0000,0.0000,0.5000,"PursuitChaseOptimal",-0.002459
5623,B0100,aggressive,UNKNOWN,14978.651532,28492.771871,3907.228129,133.892827,-32000.705760,20247.547157,515.395700,32007.176704,37.804254,5327.040500,11.389284,0.025479,False,False,False,False,True,True,False,1-circle,-1.000000,6101.561447,-22662.167087,-0.886595,0.126034,100.000000,100.000000,0.000000,0.000000,2,4,4,0.0000,0.0000,0.0000,0.5000,"Accelerate",0.002004
5624,A0100,pursuit_chase_v1,UNKNOWN,14976.497235,28489.016352,3910.983648,136.598406,-32000.787054,20248.658436,515.397405,32008.365765,23.781212,5323.005703,11.433436,0.071681,False,False,False,False,True,True,False,1-circle,-1.000000,6101.440793,-22951.179769,-2.492953,-0.122407,100.000000,100.000000,0.000000,0.000000,2,4,4,0.0000,0.0000,0.0000,0.5000,"PursuitChaseOptimal",-0.006935
5624,B0100,aggressive,UNKNOWN,14976.497235,28489.016352,3910.983648,136.598406,-32000.787054,20248.658436,515.397405,32008.365765,23.781212,5323.005703,11.433436,0.071681,False,False,False,False,True,True,False,1-circle,-1.000000,6101.440793,-22951.179769,-2.492953,-0.122407,100.000000,100.000000,0.000000,0.000000,2,4,4,0.0000,0.0000,0.0000,0.5000,"Accelerate",0.006103
5625,A0100,pursuit_chase_v1,UNKNOWN,14976.497235,28489.016352,3910.983648,136.598406,-32000.787054,20248.658436,515.397405,32008.365765,23.781212,5323.005703,11.433436,0.071681,False,False,False,False,True,True,False,1-circle,-1.000000,6101.440793,-22951.179769,-2.492953,-0.122407,100.000000,100.000000,0.000000,0.000000,2,4,4,0.0000,0.0000,0.0000,0.5000,"PursuitChaseOptimal",0.006446
5625,B0100,aggressive,UNKNOWN,14976.497235,28489.016352,3910.983648,136.598406,-32000.787054,20248.658436,515.397405,32008.365765,23.781212,5323.005703,11.433436,0.071681,False,False,False,False,True,True,False,1-circle,-1.000000,6101.440793,-22951.179769,-2.492953,-0.122407,100.000000,100.000000,0.000000,0.000000,2,4,4,0.0000,0.0000,0.0000,0.5000,"Accelerate",-0.007232
5626,A0100,pursuit_chase_v1,UNKNOWN,14974.375404,28469.949336,3930.050664,142.403737,-32001.930338,20249.623827,515.554220,32016.488269,162.450090,5332.691430,11.679620,0.008985,False,False,False,False,True,True,False,1-circle,-1.000000,6101.475742,-22446.089526,0.312754,-0.295503,100.000000,100.000000,0.000000,0.000000,2,4,4,0.0000,0.0000,0.0000,0.5000,"PursuitChaseOptimal",0.017270
5626,B0100,aggressive,UNKNOWN,14974.375404,28469.949336,3930.050664,142.403737,-32001.930338,20249.623827,515.554220,32016.488269,162.450090,5332.691430,11.679620,0.008985,False,False,False,False,True,True,False,1-circle,-1.000000,6101.475742,-22446.089526,0.312754,-0.295503,100.000000,100.000000,0.000000,0.000000,2,4,4,0.0000,0.0000,0.0000,0.5000,"Accelerate",-0.017884
5627,A0100,pursuit_chase_v1,UNKNOWN,14974.375404,28469.949336,3930.050664,142.403737,-32001.930338,20249.623827,515.554220,32016.488269,162.450090,5332.691430,11.679620,0.008985,False,False,False,False,True,True,False,1-circle,-1.000000,6101.475742,-22446.089526,0.312754,-0.295503,100.000000,100.000000,0.000000,0.000000,2,4,4,0.0000,0.0000,0.0000,0.5000,"PursuitChaseOptimal",0.006782
5627,B0100,aggressive,UNKNOWN,14974.375404,28469.949336,3930.050664,142.403737,-32001.930338,20249.623827,515.554220,32016.488269,162.450090,5332.691430,11.679620,0.008985,False,False,False,False,True,True,False,1-circle,-1.000000,6101.475742,-22446.089526,0.312754,-0.295503,100.000000,100.000000,0.000000,0.000000,2,4,4,0.0000,0.0000,0.0000,0.5000,"Accelerate",-0.006672
5628,A0100,pursuit_chase_v1,UNKNOWN,14972.251664,28462.945345,3937.054655,144.516765,-32002.893116,20250.423131,515.547961,32017.001874,10.272094,5322.532571,11.750429,0.010056,False,False,False,False,True,True,False,1-circle,-1.000000,6101.584766,-22439.353570,0.350060,-0.278841,100.000000,100.000000,0.000000,0.000000,2,4,4,0.0000,0.0000,0.0000,0.5000,"PursuitChaseOptimal",-0.008189
5628,B0100,aggressive,UNKNOWN,14972.251664,28462.945345,3937.054655,144.516765,-32002.893116,20250.423131,515.547961,32017.001874,10.272094,5322.532571,11.750429,0.010056,False,False,False,False,True,True,False,1-circle,-1.000000,6101.584766,-22439.353570,0.350060,-0.278841,100.000000,100.000000,0.000000,0.000000,2,4,4,0.0000,0.0000,0.0000,0.5000,"Accelerate",0.008394
5629,A0100,pursuit_chase_v1,UNKNOWN,14972.251664,28462.945345,3937.054655,144.516765,-32002.893116,20250.423131,515.547961,32017.001874,10.272094,5322.532571,11.750429,0.010056,False,False,False,False,True,True,False,1-circle,-1.000000,6101.584766,-22439.353570,0.350060,-0.278841,100.000000,100.000000,0.000000,0.000000,2,4,4,0.0000,0.0000,0.0000,0.5000,"PursuitChaseOptimal",-0.009958
5629,B0100,aggressive,UNKNOWN,14972.251664,28462.945345,3937.054655,144.516765,-32002.893116,20250.423131,515.547961,32017.001874,10.272094,5322.532571,11.750429,0.010056,False,False,False,False,True,True,False,1-circle,-1.000000,6101.584766,-22439.353570,0.350060,-0.278841,100.000000,100.000000,0.000000,0.000000,2,4,4,0.0000,0.0000,0.0000,0.5000,"Accelerate",0.009727
5630,A0100,pursuit_chase_v1,UNKNOWN,14970.119457,28462.033894,3937.966106,153.558634,-32004.026472,20251.231807,515.595240,32019.968793,59.338375,5329.017812,11.761688,0.036950,False,False,False,False,True,True,False,1-circle,-1.000000,6101.672835,-22733.820758,-1.286142,0.068961,100.000000,100.000000,0.000000,0.000000,2,4,4,0.0000,0.0000,0.0000,0.5000,"PursuitChaseOptimal",0.000079
5630,B0100,aggressive,UNKNOWN,14970.119457,28462.033894,3937.966106,153.558634,-32004.026472,20251.231807,515.595240,32019.968793,59.338375,5329.017812,11.761688,0.036950,False,False,False,False,True,True,False,1-circle,-1.000000,6101.672835,-22733.820758,-1.286142,0.068961,100.000000,100.000000,0.000000,0.000000,2,4,4,0.0000,0.0000,0.0000,0.5000,"Accelerate",-0.000594
5631,A0100,pursuit_chase_v1,UNKNOWN,14970.119457,28462.033894,3937.966106,153.558634,-32004.026472,20251.231807,515.595240,32019.968793,59.338375,5329.017812,11.761688,0.036950,False,False,False,False,True,True,False,1-circle,-1.000000,6101.672835,-22733.820758,-1.286142,0.068961,100.000000,100.000000,0.000000,0.000000,2,4,4,0.0000,0.0000,0.0000,0.5000,"PursuitChaseOptimal",-0.002345
5631,B0100,aggressive,UNKNOWN,14970.119457,28462.033894,3937.966106,153.558634,-32004.026472,20251.231807,515.595240,32019.968793,59.338375,5329.017812,11.761688,0.036950,False,False,False,False,True,True,False,1-circle,-1.000000,6101.672835,-22733.820758,-1.286142,0.068961,100.000000,100.000000,0.000000,0.000000,2,4,4,0.0000,0.0000,0.0000,0.5000,"Accelerate",0.002288
5632,A0100,pursuit_chase_v1,UNKNOWN,14968.002335,28454.891393,3945.108607,156.118259,-32006.811261,20251.962034,515.706139,32025.762212,115.868375,5327.055150,11.958247,0.035750,False,False,False,False,True,True,False,1-circle,-1.000000,6101.865174,-22278.267609,1.244659,-0.075067,100.000000,100.000000,0.000000,0.000000,2,4,4,0.0000,0.0000,0.0000,0.5000,"PursuitChaseOptimal",-0.018368
5632,B0100,aggressive,UNKNOWN,14968.002335,28454.891393,3945.108607,156.118259,-32006.811261,20251.962034,515.706139,32025.762212,115.868375,5327.055150,11.958247,0.035750,False,False,False,False,True,True,False,1-circle,-1.000000,6101.865174,-22278.267609,1.244659,-0.075067,100.000000,100.000000,0.000000,0.000000,2,4,4,0.0000,0.0000,0.0000,0.5000,"Accelerate",0.018915
5633,A0100,pursuit_chase_v1,UNKNOWN,14968.002335,28454.891393,3945.108607,156.118259,-32006.811261,20251.962034,515.706139,32025.762212,115.868375,5327.055150,11.958247,0.035750,False,False,False,False,True,True,False,1-circle,-1.000000,6101.865174,-22278.267609,1.244659,-0.075067,100.000000,100.000000,0.000000,0.000000,2,4,4,0.0000,0.0000,0.0000,0.5000,"PursuitChaseOptimal",-0.021845
5633,B0100,aggressive,UNKNOWN,14968.002335,28454.891393,3945.108607,156.118259,-32006.811261,20251.962034,515.706139,32025.762212,115.868375,5327.055150,11.958247,0.035750,False,False,False,False,True,True,False,1-circle,-1.000000,6101.865174,-22278.267609,1.244659,-0.075067,100.000000,100.000000,0.000000,0.000000,2,4,4,0.0000,0.0000,0.0000,0.5000,"Accelerate",0.022449
5634,A0100,pursuit_chase_v1,UNKNOWN,14965.865057,28465.811077,3934.188923,161.566298,-32003.670931,20252.741217,515.610050,32022.154308,-72.158065,5318.710231,12.115591,0.041162,False,False,False,False,True,True,False,1-circle,-1.000000,6102.088505,-22760.212307,-1.432783,0.067614,100.000000,100.000000,0.000000,0.000000,2,4,4,0.0000,0.0000,0.0000,0.5000,"PursuitChaseOptimal",-0.007798
5634,B0100,aggressive,UNKNOWN,14965.865057,28465.811077,3934.188923,161.566298,-32003.670931,20252.741217,515.610050,32022.154308,-72.158065,5318.710231,12.115591,0.041162,False,False,False,False,True,True,False,1-circle,-1.000000,6102.088505,-22760.212307,-1.432783,0.067614,100.000000,100.000000,0.000000,0.000000,2,4,4,0.0000,0.0000,0.0000,0.5000,"Accelerate",0.007894
5635,A0100,pursuit_chase_v1,UNKNOWN,14965.865057,28465.811077,3934.188923,161.566298,-32003.670931,20252.741217,515.610050,32022.154308,-72.158065,5318.710231,12.115591,0.041162,False,False,False,False,True,True,False,1-circle,-1.000000,6102.088505,-22760.212307,-1.432783,0.067614,100.000000,100.000000,0.000000,0.000000,2,4,4,0.0000,0.0000,0.0000,0.5000,"PursuitChaseOptimal",-0.001741
5635,B0100,aggressive,UNKNOWN,14965.865057,28465.811077,3934.188923,161.566298,-32003.670931,20252.741217,515.610050,32022.154308,-72.158065,5318.710231,12.115591,0.041162,False,False,False,False,True,True,False,1-circle,-1.000000,6102.088505,-22760.212307,-1.432783,0.067614,100.000000,100.000000,0.000000,0.000000,2,4,4,0.0000,0.0000,0.0000,0.5000,"Accelerate",0.001410
5636,A0100,pursuit_chase_v1,UNKNOWN,14963.718673,28462.342848,3937.657152,165.752888,-32007.544699,20253.581433,515.719010,32027.969325,116.300339,5317.778002,12.272001,0.003542,False,False,False,False,True,True,False,1-circle,-1.000000,6102.350275,-22480.123548,0.123325,0.175713,100.000000,100.000000,0.000000,0.000000,2,4,4,0.0000,0.0000,0.0000,0.5000,"PursuitChaseOptimal",-0.014190
5636,B0100,aggressive,UNKNOWN,14963.718673,28462.342848,3937.657152,165.752888,-32007.544699,20253.581433,515.719010,32027.969325,116.300339,5317.778002,12.272001,0.003542,False,False,False,False,True,True,False,1-circle,-1.000000,6102.350275,-22480.123548,0.123325,0.175713,100.000000,100.000000,0.000000,0.000000,2,4,4,0.0000,0.0000,0.0000,0.5000,"Accelerate",0.014250
5637,A0100,pursuit_chase_v1,UNKNOWN,14963.718673,28462.342848,3937.657152,165.752888,-32007.544699,20253.581433,515.719010,32027.969325,116.300339,5317.778002,12.272001,0.003542,False,False,False,False,True,True,False,1-circle,-1.000000,6102.350275,-22480.123548,0.123325,0.175713,100.000000,100.000000,0.000000,0.000000,2,4,4,0.0000,0.0000,0.0000,0.5000,"PursuitChaseOptimal",-0.013722
5637,B0100,aggressive,UNKNOWN,14963.718673,28462.342848,3937.657152,165.752888,-32007.544699,20253.581433,515.719010,32027.969325,116.300339,5317.778002,12.272001,0.003542,False,False,False,False,True,True,False,1-circle,-1.000000,6102.350275,-22480.123548,0.123325,0.175713,100.000000,100.000000,0.000000,0.000000,2,4,4,0.0000,0.0000,0.0000,0.5000,"Accelerate",0.014390
5638,A0100,pursuit_chase_v1,UNKNOWN,14961.580042,28468.222400,3931.777600,175.061189,-32007.924601,20254.403538,515.680155,32027.017309,-19.040324,5316.326289,12.326309,0.009889,False,False,False,False,True,True,False,1-circle,-1.000000,6102.694087,-22440.384276,0.344353,0.023108,100.000000,100.000000,0.000000,0.000000,2,4,4,0.0000,0.0000,0.0000,0.5000,"PursuitChaseOptimal",0.005686
5638,B0100,aggressive,UNKNOWN,14961.580042,28468.222400,3931.777600,175.061189,-32007.924601,20254.403538,515.680155,32027.017309,-19.040324,5316.326289,12.326309,0.009889,False,False,False,False,True,True,False,1-circle,-1.000000,6102.694087,-22440.384276,0.344353,0.023108,100.000000,100.000000,0.000000,0.000000,2,4,4,0.0000,0.0000,0.0000,0.5000,"Accelerate",-0.005072
5639,A0100,pursuit_chase_v1,UNKNOWN,14961.580042,28468.222400,3931.777600,175.061189,-32007.924601,20254.403538,515.680155,32027.017309,-19.040324,5316.326289,12.326309,0.009889,False,False,False,False,True,True,False,1-circle,-1.000000,6102.694087,-22440.384276,0.344353,0.023108,100.000000,100.000000,0.000000,0.000000,2,4,4,0.0000,0.0000,0.0000,0.5000,"PursuitChaseOptimal",0.009004
5639,B0100,aggressive,UNKNOWN,14961.580042,28468.222400,3931.777600,175.061189,-32007.924601,20254.403538,515.680155,32027.017309,-19.040324,5316.326289,12.326309,0.009889,False,False,False,False,True,True,False,1-circle,-1.000000,6102.694087,-22440.384276,0.344353,0.023108,100.000000,100.000000,0.000000,0.000000,2,4,4,0.0000,0.0000,0.0000,0.5000,"Accelerate",-0.008913
5640,A0100,pursuit_chase_v1,UNKNOWN,14959.418045,28475.540331,3924.459669,174.286898,-32008.573894,20255.348395,515.692028,32028.504276,29.739340,5307.746611,12.121192,0.036249,False,False,False,False,True,True,False,1-circle,-1.000000,6102.927769,-22729.485139,-1.262057,0.294462,100.000000,100.000000,0.000000,0.000000,2,4,4,0.0000,0.0000,0.0000,0.5000,"PursuitChaseOptimal",-0.003270
5640,B0100,aggressive,UNKNOWN,14959.418045,28475.540331,3924.459669,174.286898,-32008.573894,20255.348395,515.692028,32028.504276,29.739340,5307.746611,12.121192,0.036249,False,False,False,False,True,True,False,1-circle,-1.000000,6102.927769,-22729.485139,-1.262057,0.294462,100.000000,100.000000,0.000000,0.000000,2,4,4,0.0000,0.0000,0.0000,0.5000,"Accelerate",0.002976
5641,A0100,pursuit_chase_v1,UNKNOWN,14959.418045,28475.540331,3924.459669,174.286898,-32008.573894,20255.348395,515.692028,32028.504276,29.739340,5307.746611,12.121192,0.036249,False,False,False,False,True,True,False,1-circle,-1.000000,6102.927769,-22729.485139,-1.262057,0.294462,100.000000,100.000000,0.000000,0.000000,2,4,4,0.0000,0.0000,0.0000,0.5000,"PursuitChaseOptimal",-0.007636
5641,B0100,aggressive,UNKNOWN,14959.418045,28475.540331,3924.459669,174.286898,-32008.573894,20255.348395,515.692028,32028.504276,29.739340,5307.746611,12.121192,0.036249,False,False,False,False,True,True,False,1-circle,-1.000000,6102.927769,-22729.485139,-1.262057,0.294462,100.000000,100.000000,0.000000,0.000000,2,4,4,0.0000,0.0000,0.0000,0.5000,"Accelerate",0.007709
5642,A0100,pursuit_chase_v1,UNKNOWN,14957.269831,28471.828754,3928.171246,186.064491,-32011.146564,20256.280949,515.797464,32034.251479,114.944056,5319.654345,12.037701,0.036431,False,False,False,False,True,True,False,1-circle,-1.000000,6103.146805,-22273.863195,1.268622,0.114135,100.000000,100.000000,0.000000,0.000000,2,4,4,0.0000,0.0000,0.0000,0.5000,"PursuitChaseOptimal",0.005926
5642,B0100,aggressive,UNKNOWN,14957.269831,28471.828754,3928.171246,186.064491,-32011.146564,20256.280949,515.797464,32034.251479,114.944056,5319.654345,12.037701,0.036431,False,False,False,False,True,True,False,1-circle,-1.000000,6103.146805,-22273.863195,1.268622,0.114135,100.000000,100.000000,0.000000,0.000000,2,4,4,0.0000,0.0000,0.0000,0.5000,"Accelerate",-0.005309
5643,A0100,pursuit_chase_v1,UNKNOWN,14957.269831,28471.828754,3928.171246,186.064491,-32011.146564,20256.280949,515.797464,32034.251479,114.944056,5319.654345,12.037701,0.036431,False,False,False,False,True,True,False,1-circle,-1.000000,6103.146805,-22273.863195,1.268622,0.114135,100.000000,100.000000,0.000000,0.000000,2,4,4,0.0000,0.0000,0.0000,0.5000,"PursuitChaseOptimal",0.009867
5643,B0100,aggressive,UNKNOWN,14957.269831,28471.828754,3928.171246,186.064491,-32011.146564,20256.280949,515.797464,32034.251479,114.944056,5319.654345,12.037701,0.036431,False,False,False,False,True,True,False,1-circle,-1.000000,6103.146805,-22273.863195,1.268622,0.114135,100.000000,100.000000,0.000000,0.000000,2,4,4,0.0000,0.0000,0.0000,0.5000,"Accelerate",-0.009309
5644,A0100,pursuit_chase_v1,UNKNOWN,14955.114993,28483.813336,3916.186664,182.339140,-32007.799042,20257.286382,515.697813,32030.706412,-70.901341,5306.211747,11.788692,0.040208,False,False,False,False,True,True,False,1-circle,-1.000000,6103.274567,-22753.998064,-1.399886,0.233879,100.000000,100.000000,0.000000,0.000000,2,4,4,0.0000,0.0000,0.0000,0.5000,"PursuitChaseOptimal",-0.004341
5644,B0100,aggressive,UNKNOWN,14955.114993,28483.813336,3916.186664,182.339140,-32007.799042,20257.286382,515.697813,32030.706412,-70.901341,5306.211747,11.788692,0.040208,False,False,False,False,True,True,False,1-circle,-1.000000,6103.274567,-22753.998064,-1.399886,0.233879,100.000000,100.000000,0.000000,0.000000,2,4,4,0.0000,0.0000,0.0000,0.5000,"Accelerate",0.004255
5645,A0100,pursuit_chase_v1,UNKNOWN,14955.114993,28483.813336,3916.186664,182.339140,-32007.799042,20257.286382,515.697813,32030.706412,-70.901341,5306.211747,11.788692,0.040208,False,False,False,False,True,True,False,1-circle,-1.000000,6103.274567,-22753.998064,-1.399886,0.233879,100.000000,100.000000,0.000000,0.000000,2,4,4,0.0000,0.0000,0.0000,0.5000,"PursuitChaseOptimal",-0.004505
5645,B0100,aggressive,UNKNOWN,14955.114993,28483.813336,3916.186664,182.339140,-32007.799042,20257.286382,515.697813,32030.706412,-70.901341,5306.211747,11.788692,0.040208,False,False,False,False,True,True,False,1-circle,-1.000000,6103.274567,-22753.998064,-1.399886,0.233879,100.000000,100.000000,0.000000,0.000000,2,4,4,0.0000,0.0000,0.0000,0.5000,"Accelerate",0.004126
5646,A0100,pursuit_chase_v1,UNKNOWN,14952.953404,28477.865130,3922.134870,195.186419,-32011.560507,20258.336961,515.805551,32036.676826,119.408280,5313.682861,11.806993,0.004683,False,False,False,False,True,True,False,1-circle,-1.000000,6103.330405,-22472.387603,0.163104,0.141354,100.000000,100.000000,0.000000,0.000000,2,4,4,0.0000,0.0000,0.0000,0.5000,"PursuitChaseOptimal",0.012646
5646,B0100,aggressive,UNKNOWN,14952.953404,28477.865130,3922.134870,195.186419,-32011.560507,20258.336961,515.805551,32036.676826,119.408280,5313.682861,11.806993,0.004683,False,False,False,False,True,True,False,1-circle,-1.000000,6103.330405,-22472.387603,0.163104,0.141354,100.000000,100.000000,0.000000,0.000000,2,4,4,0.0000,0.0000,0.0000,0.5000,"Accelerate",-0.012768
5647,A0100,pursuit_chase_v1,UNKNOWN,14952.953404,28477.865130,3922.134870,195.186419,-32011.560507,20258.336961,515.805551,32036.676826,119.408280,5313.682861,11.806993,0.004683,False,False,False,False,True,True,False,1-circle,-1.000000,6103.330405,-22472.387603,0.163104,0.141354,100.000000,100.000000,0.000000,0.000000,2,4,4,0.0000,0.0000,0.0000,0.5000,"PursuitChaseOptimal",0.022406
5647,B0100,aggressive,UNKNOWN,14952.953404,28477.865130,3922.134870,195.186419,-32011.560507,20258.336961,515.805551,32036.676826,119.408280,5313.682861,11.806993,0.004683,False,False,False,False,True,True,False,1-circle,-1.000000,6103.330405,-22472.387603,0.163104,0.141354,100.000000,100.000000,0.000000,0.000000,2,4,4,0.0000,0.0000,0.0000,0.5000,"Accelerate",-0.021919
5648,A0100,pursuit_chase_v1,UNKNOWN,14950.797378,28481.793382,3918.206618,197.396556,-32011.739565,20259.346459,515.749076,32035.107267,-31.391177,5298.783631,11.585949,0.011136,False,False,False,False,True,True,False,1-circle,-1.000000,6103.366832,-22431.606279,0.387844,0.060188,100.000000,100.000000,0.000000,0.000000,2,4,4,0.0000,0.0000,0.0000,0.5000,"PursuitChaseOptimal",0.013095
5648,B0100,aggressive,UNKNOWN,14950.797378,28481.793382,3918.206618,197.396556,-32011.739565,20259.346459,515.749076,32035.107267,-31.391177,5298.783631,11.585949,0.011136,False,False,False,False,True,True,False,1-circle,-1.000000,6103.366832,-22431.606279,0.387844,0.060188,100.000000,100.000000,0.000000,0.000000,2,4,4,0.0000,0.0000,0.0000,0.5000,"Accelerate",-0.012613
5649,A0100,pursuit_chase_v1,UNKNOWN,14950.797378,28481.793382,3918.206618,197.396556,-32011.739565,20259.346459,515.749076,32035.107267,-31.391177,5298.783631,11.585949,0.011136,False,False,False,False,True,True,False,1-circle,-1.000000,6103.366832,-22431.606279,0.387844,0.060188,100.000000,100.000000,0.000000,0.000000,2,4,4,0.0000,0.0000,0.0000,0.5000,"PursuitChaseOptimal",-0.002434
5649,B0100,aggressive,UNKNOWN,14950.797378,28481.793382,3918.206618,197.396556,-32011.739565,20259.346459,515.749076,32035.107267,-31.391177,5298.783631,11.585949,0.011136,False,False,False,False,True,True,False,1-circle,-1.000000,6103.366832,-22431.606279,0.387844,0.060188,100.000000,100.000000,0.000000,0.000000,2,4,4,0.0000,0.0000,0.0000,0.5000,"Accelerate",0.002268
5650,A0100,pursuit_chase_v1,UNKNOWN,14948.602643,28484.730726,3915.269274,202.858295,-32012.367672,20260.447128,515.727606,32035.227534,2.405347,5297.558295,11.386347,0.035141,False,False,False,False,True,True,False,1-circle,-1.000000,6103.174334,-22721.173389,-1.223639,0.231400,100.000000,100.000000,0.000000,0.000000,2,4,4,0.0000,0.0000,0.0000,0.5000,"PursuitChaseOptimal",-0.005579
5650,B0100,aggressive,UNKNOWN,14948.602643,28484.730726,3915.269274,202.858295,-32012.367672,20260.447128,515.727606,32035.227534,2.405347,5297.558295,11.386347,0.035141,False,False,False,False,True,True,False,1-circle,-1.000000,6103.174334,-22721.173389,-1.223639,0.231400,100.000000,100.000000,0.000000,0.000000,2,4,4,0.0000,0.0000,0.0000,0.5000,"Accelerate",0.005126
5651,A0100,pursuit_chase_v1,UNKNOWN,14948.602643,28484.730726,3915.269274,202.858295,-32012.367672,20260.447128,515.727606,32035.227534,2.405347,5297.558295,11.386347,0.035141,False,False,False,False,True,True,False,1-circle,-1.000000,6103.174334,-22721.173389,-1.223639,0.231400,100.000000,100.000000,0.000000,0.000000,2,4,4,0.0000,0.0000,0.0000,0.5000,"PursuitChaseOptimal",0.003001
5651,B0100,aggressive,UNKNOWN,14948.602643,28484.730726,3915.269274,202.858295,-32012.367672,20260.447128,515.727606,32035.227534,2.405347,5297.558295,11.386347,0.035141,False,False,False,False,True,True,False,1-circle,-1.000000,6103.174334,-22721.173389,-1.223639,0.231400,100.000000,100.000000,0.000000,0.000000,2,4,4,0.0000,0.0000,0.0000,0.5000,"Accelerate",-0.003144
5652,A0100,pursuit_chase_v1,UNKNOWN,14946.434626,28477.572223,3922.427777,209.913375,-32014.833328,20261.487848,515.831174,32040.997940,115.408116,5300.305935,11.475403,0.037761,False,False,False,False,True,True,False,1-circle,-1.000000,6103.043763,-22263.695815,1.315096,-0.014205,100.000000,100.000000,0.000000,0.000000,2,4,4,0.0000,0.0000,0.0000,0.5000,"PursuitChaseOptimal",-0.000030
5652,B0100,aggressive,UNKNOWN,14946.434626,28477.572223,3922.427777,209.913375,-32014.833328,20261.487848,515.831174,32040.997940,115.408116,5300.305935,11.475403,0.037761,False,False,False,False,True,True,False,1-circle,-1.000000,6103.043763,-22263.695815,1.315096,-0.014205,100.000000,100.000000,0.000000,0.000000,2,4,4,0.0000,0.0000,0.0000,0.5000,"Accelerate",0.000514
5653,A0100,pursuit_chase_v1,UNKNOWN,14946.434626,28477.572223,3922.427777,209.913375,-32014.833328,20261.487848,515.831174,32040.997940,115.408116,5300.305935,11.475403,0.037761,False,False,False,False,True,True,False,1-circle,-1.000000,6103.043763,-22263.695815,1.315096,-0.014205,100.000000,100.000000,0.000000,0.000000,2,4,4,0.0000,0.0000,0.0000,0.5000,"PursuitChaseOptimal",-0.016529
5653,B0100,aggressive,UNKNOWN,14946.434626,28477.572223,3922.427777,209.913375,-32014.833328,20261.487848,515.831174,32040.997940,115.408116,5300.305935,11.475403,0.037761,False,False,False,False,True,True,False,1-circle,-1.000000,6103.043763,-22263.695815,1.315096,-0.014205,100.000000,100.000000,0.000000,0.000000,2,4,4,0.0000,0.0000,0.0000,0.5000,"Accelerate",0.017090
5654,A0100,pursuit_chase_v1,UNKNOWN,14944.235931,28487.615137,3912.384863,210.043985,-32011.338470,20262.564107,515.739555,32037.890149,-62.155824,5287.674367,11.541782,0.039309,False,False,False,False,True,True,False,1-circle,-1.000000,6102.873945,-22746.260633,-1.368791,0.200333,100.000000,100.000000,0.000000,0.000000,2,4,4,0.0000,0.0000,0.0000,0.5000,"PursuitChaseOptimal",-0.020500
5654,B0100,aggressive,UNKNOWN,14944.235931,28487.615137,3912.384863,210.043985,-32011.338470,20262.564107,515.739555,32037.890149,-62.155824,5287.674367,11.541782,0.039309,False,False,False,False,True,True,False,1-circle,-1.000000,6102.873945,-22746.260633,-1.368791,0.200333,100.000000,100.000000,0.000000,0.000000,2,4,4,0.0000,0.0000,0.0000,0.5000,"Accelerate",0.020602
5655,A0100,pursuit_chase_v1,UNKNOWN,14944.235931,28487.615137,3912.384863,210.043985,-32011.338470,20262.564107,515.739555,32037.890149,-62.155824,5287.674367,11.541782,0.039309,False,False,False,False,True,True,False,1-circle,-1.000000,6102.873945,-22746.260633,-1.368791,0.200333,100.000000,100.000000,0.000000,0.000000,2,4,4,0.0000,0.0000,0.0000,0.5000,"PursuitChaseOptimal",-0.006708
5655,B0100,aggressive,UNKNOWN,14944.235931,28487.615137,3912.384863,210.043985,-32011.338470,20262.564107,515.739555,32037.890149,-62.155824,5287.674367,11.541782,0.039309,False,False,False,False,True,True,False,1-circle,-1.000000,6102.873945,-22746.260633,-1.368791,0.200333,100.000000,100.000000,0.000000,0.000000,2,4,4,0.0000,0.0000,0.0000,0.5000,"Accelerate",0.006628
5656,A0100,pursuit_chase_v1,UNKNOWN,14942.034335,28487.113508,3912.886492,220.141491,-32016.480065,20263.700225,515.800217,32041.796503,78.127082,5286.680036,11.754846,0.002217,False,False,False,False,True,True,False,1-circle,-1.000000,6102.765917,-22513.255970,-0.077223,0.308785,100.000000,100.000000,0.000000,0.000000,2,4,4,0.0000,0.0000,0.0000,0.5000,"PursuitChaseOptimal",-0.000820
5656,B0100,aggressive,UNKNOWN,14942.034335,28487.113508,3912.886492,220.141491,-32016.480065,20263.700225,515.800217,32041.796503,78.127082,5286.680036,11.754846,0.002217,False,False,False,False,True,True,False,1-circle,-1.000000,6102.765917,-22513.255970,-0.077223,0.308785,100.000000,100.000000,0.000000,0.000000,2,4,4,0.0000,0.0000,0.0000,0.5000,"Accelerate",0.001186
5657,A0100,pursuit_chase_v1,UNKNOWN,14942.034335,28487.113508,3912.886492,220.141491,-32016.480065,20263.700225,515.800217,32041.796503,78.127082,5286.680036,11.754846,0.002217,False,False,False,False,True,True,False,1-circle,-1.000000,6102.765917,-22513.255970,-0.077223,0.308785,100.000000,100.000000,0.000000,0.000000,2,4,4,0.0000,0.0000,0.0000,0.5000,"PursuitChaseOptimal",-0.013441
5657,B0100,aggressive,UNKNOWN,14942.034335,28487.113508,3912.886492,220.141491,-32016.480065,20263.700225,515.800217,32041.796503,78.127082,5286.680036,11.754846,0.002217,False,False,False,False,True,True,False,1-circle,-1.000000,6102.765917,-22513.255970,-0.077223,0.308785,100.000000,100.000000,0.000000,0.000000,2,4,4,0.0000,0.0000,0.0000,0.5000,"Accelerate",0.013693
5658,A0100,pursuit_chase_v1,UNKNOWN,14939.815333,28491.564218,3908.435782,218.266666,-32011.296576,20264.868228,515.748101,32040.584521,-24.239634,5278.797809,11.857029,0.075566,False,False,False,False,True,True,False,1-circle,-1.000000,6102.665325,-22972.245431,-2.630061,0.021751,100.000000,100.000000,0.000000,0.000000,2,4,4,0.0000,0.0000,0.0000,0.5000,"PursuitChaseOptimal",-0.016512
5658,B0100,aggressive,UNKNOWN,14939.815333,28491.564218,3908.435782,218.266666,-32011.296576,20264.868228,515.748101,32040.584521,-24.239634,5278.797809,11.857029,0.075566,False,False,False,False,True,True,False,1-circle,-1.000000,6102.665325,-22972.245431,-2.630061,0.021751,100.000000,100.000000,0.000000,0.000000,2,4,4,0.0000,0.0000,0.0000,0.5000,"Accelerate",0.016140
5659,A0100,pursuit_chase_v1,UNKNOWN,14939.815333,28491.564218,3908.435782,218.266666,-32011.296576,20264.868228,515.748101,32040.584521,-24.239634,5278.797809,11.857029,0.075566,False,False,False,False,True,True,False,1-circle,-1.000000,6102.665325,-22972.245431,-2.630061,0.021751,100.000000,100.000000,0.000000,0.000000,2,4,4,0.0000,0.0000,0.0000,0.5000,"PursuitChaseOptimal",-0.001508
5659,B0100,aggressive,UNKNOWN,14939.815333,28491.564218,3908.435782,218.266666,-32011.296576,20264.868228,515.748101,32040.584521,-24.239634,5278.797809,11.857029,0.075566,False,False,False,False,True,True,False,1-circle,-1.000000,6102.665325,-22972.245431,-2.630061,0.021751,100.000000,100.000000,0.000000,0.000000,2,4,4,0.0000,0.0000,0.0000,0.5000,"Accelerate",0.000693
5660,A0100,pursuit_chase_v1,UNKNOWN,14937.608598,28476.736556,3923.263444,227.108148,-32014.466326,20265.990599,515.862287,32046.921716,126.743893,5285.927770,12.195523,0.031210,False,False,False,False,True,True,False,1-circle,-1.000000,6102.703206,-22694.071922,-1.087142,-0.180186,100.000000,100.000000,0.000000,0.000000,2,4,4,0.0000,0.0000,0.0000,0.5000,"PursuitChaseOptimal",0.003666
5660,B0100,aggressive,UNKNOWN,14937.608598,28476.736556,3923.263444,227.108148,-32014.466326,20265.990599,515.862287,32046.921716,126.743893,5285.927770,12.195523,0.031210,False,False,False,False,True,True,False,1-circle,-1.000000,6102.703206,-22694.071922,-1.087142,-0.180186,100.000000,100.000000,0.000000,0.000000,2,4,4,0.0000,0.0000,0.0000,0.5000,"Accelerate",-0.004478
5661,A0100,pursuit_chase_v1,UNKNOWN,14937.608598,28476.736556,3923.263444,227.108148,-32014.466326,20265.990599,515.862287,32046.921716,126.743893,5285.927770,12.195523,0.031210,False,False,False,False,True,True,False,1-circle,-1.000000,6102.703206,-22694.071922,-1.087142,-0.180186,100.000000,100.000000,0.000000,0.000000,2,4,4,0.0000,0.0000,0.0000,0.5000,"PursuitChaseOptimal",-0.009243
5661,B0100,aggressive,UNKNOWN,14937.608598,28476.736556,3923.263444,227.108148,-32014.466326,20265.990599,515.862287,32046.921716,126.743893,5285.927770,12.195523,0.031210,False,False,False,False,True,True,False,1-circle,-1.000000,6102.703206,-22694.071922,-1.087142,-0.180186,100.000000,100.000000,0.000000,0.000000,2,4,4,0.0000,0.0000,0.0000,0.5000,"Accelerate",0.008666
5662,A0100,pursuit_chase_v1,UNKNOWN,14935.414491,28459.715014,3940.284986,233.214647,-32016.087563,20266.921443,515.970160,32052.780137,117.168424,5289.352797,12.546216,0.037617,False,False,False,False,True,True,False,1-circle,-1.000000,6102.931822,-22262.175475,1.310516,-0.330073,100.000000,100.000000,0.000000,0.000000,2,4,4,0.0000,0.0000,0.0000,0.5000,"PursuitChaseOptimal",-0.008213
5662,B0100,aggressive,UNKNOWN,14935.414491,28459.715014,3940.284986,233.214647,-32016.087563,20266.921443,515.970160,32052.780137,117.168424,5289.352797,12.546216,0.037617,False,False,False,False,True,True,False,1-circle,-1.000000,6102.931822,-22262.175475,1.310516,-0.330073,100.000000,100.000000,0.000000,0.000000,2,4,4,0.0000,0.0000,0.0000,0.5000,"Accelerate",0.008368
5663,A0100,pursuit_chase_v1,UNKNOWN,14935.414491,28459.715014,3940.284986,233.214647,-32016.087563,20266.921443,515.970160,32052.780137,117.168424,5289.352797,12.546216,0.037617,False,False,False,False,True,True,False,1-circle,-1.000000,6102.931822,-22262.175475,1.310516,-0.330073,100.000000,100.000000,0.000000,0.000000,2,4,4,0.0000,0.0000,0.0000,0.5000,"PursuitChaseOptimal",0.009187
5663,B0100,aggressive,UNKNOWN,14935.414491,28459.715014,3940.284986,233.214647,-32016.087563,20266.921443,515.970160,32052.780137,117.168424,5289.352797,12.546216,0.037617,False,False,False,False,True,True,False,1-circle,-1.000000,6102.931822,-22262.175475,1.310516,-0.330073,100.000000,100.000000,0.000000,0.000000,2,4,4,0.0000,0.0000,0.0000,0.5000,"Accelerate",-0.009014
5664,A0100,pursuit_chase_v1,UNKNOWN,14933.222287,28461.347295,3938.652705,235.365791,-32012.408516,20267.783296,515.922836,32051.480134,-26.000076,5282.315326,12.533091,0.041728,False,False,False,False,True,True,False,1-circle,-1.000000,6103.264494,-22759.437138,-1.453562,-0.057976,100.000000,100.000000,0.000000,0.000000,2,4,4,0.0000,0.0000,0.0000,0.5000,"PursuitChaseOptimal",0.020007
5664,B0100,aggressive,UNKNOWN,14933.222287,28461.347295,3938.652705,235.365791,-32012.408516,20267.783296,515.922836,32051.480134,-26.000076,5282.315326,12.533091,0.041728,False,False,False,False,True,True,False,1-circle,-1.000000,6103.264494,-22759.437138,-1.453562,-0.057976,100.000000,100.000000,0.000000,0.000000,2,4,4,0.0000,0.0000,0.0000,0.5000,"Accelerate",-0.020320
5665,A0100,pursuit_chase_v1,UNKNOWN,14933.222287,28461.347295,3938.652705,235.365791,-32012.408516,20267.783296,515.922836,32051.480134,-26.000076,5282.315326,12.533091,0.041728,False,False,False,False,True,True,False,1-circle,-1.000000,6103.264494,-22759.437138,-1.453562,-0.057976,100.000000,100.000000,0.000000,0.000000,2,4,4,0.0000,0.0000,0.0000,0.5000,"PursuitChaseOptimal",0.011184
5665,B0100,aggressive,UNKNOWN,14933.222287,28461.347295,3938.652705,235.365791,-32012.408516,20267.783296,515.922836,32051.480134,-26.000076,5282.315326,12.533091,0.041728,False,False,False,False,True,True,False,1-circle,-1.000000,6103.264494,-22759.437138,-1.453562,-0.057976,100.000000,100.000000,0.000000,0.000000,2,4,4,0.0000,0.0000,0.0000,0.5000,"Accelerate",-0.011737
5666,A0100,pursuit_chase_v1,UNKNOWN,14931.012210,28452.520543,3947.479457,240.276775,-32015.961800,20268.625352,516.044784,32057.893437,128.266079,5281.958653,12.415677,0.002756,False,False,False,False,True,True,False,1-circle,-1.000000,6103.498346,-22480.145405,0.096061,0.087145,100.000000,100.000000,0.000000,0.000000,2,4,4,0.0000,0.0000,0.0000,0.5000,"PursuitChaseOptimal",-0.004058
5666,B0100,aggressive,UNKNOWN,14931.012210,28452.520543,3947.479457,240.276775,-32015.961800,20268.625352,516.044784,32057.893437,128.266079,5281.958653,12.415677,0.002756,False,False,False,False,True,True,False,1-circle,-1.000000,6103.498346,-22480.145405,0.096061,0.087145,100.000000,100.000000,0.000000,0.000000,2,4,4,0.0000,0.0000,0.0000,0.5000,"Accelerate",0.004026
5667,A0100,pursuit_chase_v1,UNKNOWN,14931.012210,28452.520543,3947.479457,240.276775,-32015.961800,20268.625352,516.044784,32057.893437,128.266079,5281.958653,12.415677,0.002756,False,False,False,False,True,True,False,1-circle,-1.000000,6103.498346,-22480.145405,0.096061,0.087145,100.000000,100.000000,0.000000,0.000000,2,4,4,0.0000,0.0000,0.0000,0.5000,"PursuitChaseOptimal",-0.014004
5667,B0100,aggressive,UNKNOWN,14931.012210,28452.520543,3947.479457,240.276775,-32015.961800,20268.625352,516.044784,32057.893437,128.266079,5281.958653,12.415677,0.002756,False,False,False,False,True,True,False,1-circle,-1.000000,6103.498346,-22480.145405,0.096061,0.087145,100.000000,100.000000,0.000000,0.000000,2,4,4,0.0000,0.0000,0.0000,0.5000,"Accelerate",0.014625
5668,A0100,pursuit_chase_v1,UNKNOWN,14928.821210,28456.933473,3943.066527,247.139109,-32015.795062,20269.417205,516.001041,32056.686705,-24.134647,5284.648274,12.357620,0.008614,False,False,False,False,True,True,False,1-circle,-1.000000,6103.739875,-22443.014851,0.300180,-0.043920,100.000000,100.000000,0.000000,0.000000,2,4,4,0.0000,0.0000,0.0000,0.5000,"PursuitChaseOptimal",-0.009144
5668,B0100,aggressive,UNKNOWN,14928.821210,28456.933473,3943.066527,247.139109,-32015.795062,20269.417205,516.001041,32056.686705,-24.134647,5284.648274,12.357620,0.008614,False,False,False,False,True,True,False,1-circle,-1.000000,6103.739875,-22443.014851,0.300180,-0.043920,100.000000,100.000000,0.000000,0.000000,2,4,4,0.0000,0.0000,0.0000,0.5000,"Accelerate",0.009778
5669,A0100,pursuit_chase_v1,UNKNOWN,14928.821210,28456.933473,3943.066527,247.139109,-32015.795062,20269.417205,516.001041,32056.686705,-24.134647,5284.648274,12.357620,0.008614,False,False,False,False,True,True,False,1-circle,-1.000000,6103.739875,-22443.014851,0.300180,-0.043920,100.000000,100.000000,0.000000,0.000000,2,4,4,0.0000,0.0000,0.0000,0.5000,"PursuitChaseOptimal",0.000904
5669,B0100,aggressive,UNKNOWN,14928.821210,28456.933473,3943.066527,247.139109,-32015.795062,20269.417205,516.001041,32056.686705,-24.134647,5284.648274,12.357620,0.008614,False,False,False,False,True,True,False,1-circle,-1.000000,6103.739875,-22443.014851,0.300180,-0.043920,100.000000,100.000000,0.000000,0.000000,2,4,4,0.0000,0.0000,0.0000,0.5000,"Accelerate",-0.000824
5670,A0100,pursuit_chase_v1,UNKNOWN,14926.623718,28463.260141,3936.739859,252.208066,-32015.966154,20270.318553,516.007685,32057.891627,24.098437,5280.809602,12.275867,0.037939,False,False,False,False,True,True,False,1-circle,-1.000000,6103.936788,-22734.533452,-1.321854,0.239031,100.000000,100.000000,0.000000,0.000000,2,4,4,0.0000,0.0000,0.0000,0.5000,"PursuitChaseOptimal",0.012176
5670,B0100,aggressive,UNKNOWN,14926.623718,28463.260141,3936.739859,252.208066,-32015.966154,20270.318553,516.007685,32057.891627,24.098437,5280.809602,12.275867,0.037939,False,False,False,False,True,True,False,1-circle,-1.000000,6103.936788,-22734.533452,-1.321854,0.239031,100.000000,100.000000,0.000000,0.000000,2,4,4,0.0000,0.0000,0.0000,0.5000,"Accelerate",-0.012567
5671,A0100,pursuit_chase_v1,UNKNOWN,14926.623718,28463.260141,3936.739859,252.208066,-32015.966154,20270.318553,516.007685,32057.891627,24.098437,5280.809602,12.275867,0.037939,False,False,False,False,True,True,False,1-circle,-1.000000,6103.936788,-22734.533452,-1.321854,0.239031,100.000000,100.000000,0.000000,0.000000,2,4,4,0.0000,0.0000,0.0000,0.5000,"PursuitChaseOptimal",0.002668
5671,B0100,aggressive,UNKNOWN,14926.623718,28463.260141,3936.739859,252.208066,-32015.966154,20270.318553,516.007685,32057.891627,24.098437,5280.809602,12.275867,0.037939,False,False,False,False,True,True,False,1-circle,-1.000000,6103.936788,-22734.533452,-1.321854,0.239031,100.000000,100.000000,0.000000,0.000000,2,4,4,0.0000,0.0000,0.0000,0.5000,"Accelerate",-0.002655
5672,A0100,pursuit_chase_v1,UNKNOWN,14924.421189,28458.918837,3941.081163,256.428006,-32018.016491,20271.199213,516.109085,32063.405447,110.276395,5277.997615,12.237473,0.034628,False,False,False,False,True,True,False,1-circle,-1.000000,6104.100546,-22278.887671,1.206748,0.066310,100.000000,100.000000,0.000000,0.000000,2,4,4,0.0000,0.0000,0.0000,0.5000,"PursuitChaseOptimal",-0.011469
5672,B0100,aggressive,UNKNOWN,14924.421189,28458.918837,3941.081163,256.428006,-32018.016491,20271.199213,516.109085,32063.405447,110.276395,5277.997615,12.237473,0.034628,False,False,False,False,True,True,False,1-circle,-1.000000,6104.100546,-22278.887671,1.206748,0.066310,100.000000,100.000000,0.000000,0.000000,2,4,4,0.0000,0.0000,0.0000,0.5000,"Accelerate",0.012144
5673,A0100,pursuit_chase_v1,UNKNOWN,14924.421189,28458.918837,3941.081163,256.428006,-32018.016491,20271.199213,516.109085,32063.405447,110.276395,5277.997615,12.237473,0.034628,False,False,False,False,True,True,False,1-circle,-1.000000,6104.100546,-22278.887671,1.206748,0.066310,100.000000,100.000000,0.000000,0.000000,2,4,4,0.0000,0.0000,0.0000,0.5000,"PursuitChaseOptimal",-0.012562
5673,B0100,aggressive,UNKNOWN,14924.421189,28458.918837,3941.081163,256.428006,-32018.016491,20271.199213,516.109085,32063.405447,110.276395,5277.997615,12.237473,0.034628,False,False,False,False,True,True,False,1-circle,-1.000000,6104.100546,-22278.887671,1.206748,0.066310,100.000000,100.000000,0.000000,0.000000,2,4,4,0.0000,0.0000,0.0000,0.5000,"Accelerate",0.013207
5674,A0100,pursuit_chase_v1,UNKNOWN,14922.210580,28470.487897,3929.512103,261.543366,-32014.110036,20272.147704,516.006680,32059.674866,-74.611620,5274.358556,12.148618,0.042482,False,False,False,False,True,True,False,1-circle,-1.000000,6104.213970,-22761.965204,-1.480113,0.190852,100.000000,100.000000,0.000000,0.000000,2,4,4,0.0000,0.0000,0.0000,0.5000,"PursuitChaseOptimal",0.000308
5674,B0100,aggressive,UNKNOWN,14922.210580,28470.487897,3929.512103,261.543366,-32014.110036,20272.147704,516.006680,32059.674866,-74.611620,5274.358556,12.148618,0.042482,False,False,False,False,True,True,False,1-circle,-1.000000,6104.213970,-22761.965204,-1.480113,0.190852,100.000000,100.000000,0.000000,0.000000,2,4,4,0.0000,0.0000,0.0000,0.5000,"Accelerate",-0.000416
5675,A0100,pursuit_chase_v1,UNKNOWN,14922.210580,28470.487897,3929.512103,261.543366,-32014.110036,20272.147704,516.006680,32059.674866,-74.611620,5274.358556,12.148618,0.042482,False,False,False,False,True,True,False,1-circle,-1.000000,6104.213970,-22761.965204,-1.480113,0.190852,100.000000,100.000000,0.000000,0.000000,2,4,4,0.0000,0.0000,0.0000,0.5000,"PursuitChaseOptimal",0.003383
5675,B0100,aggressive,UNKNOWN,14922.210580,28470.487897,3929.512103,261.543366,-32014.110036,20272.147704,516.006680,32059.674866,-74.611620,5274.358556,12.148618,0.042482,False,False,False,False,True,True,False,1-circle,-1.000000,6104.213970,-22761.965204,-1.480113,0.190852,100.000000,100.000000,0.000000,0.000000,2,4,4,0.0000,0.0000,0.0000,0.5000,"Accelerate",-0.003801
5676,A0100,pursuit_chase_v1,UNKNOWN,14919.993011,28464.214297,3935.785703,265.181141,-32017.347626,20273.138133,516.111470,32065.453369,115.570064,5273.088316,12.251024,0.002342,False,False,False,False,True,True,False,1-circle,-1.000000,6104.315029,-22480.261664,0.081616,0.101341,100.000000,100.000000,0.000000,0.000000,2,4,4,0.0000,0.0000,0.0000,0.5000,"PursuitChaseOptimal",-0.013190
5676,B0100,aggressive,UNKNOWN,14919.993011,28464.214297,3935.785703,265.181141,-32017.347626,20273.138133,516.111470,32065.453369,115.570064,5273.088316,12.251024,0.002342,False,False,False,False,True,True,False,1-circle,-1.000000,6104.315029,-22480.261664,0.081616,0.101341,100.000000,100.000000,0.000000,0.000000,2,4,4,0.0000,0.0000,0.0000,0.5000,"Accelerate",0.013182
5677,A0100,pursuit_chase_v1,UNKNOWN,14919.993011,28464.214297,3935.785703,265.181141,-32017.347626,20273.138133,516.111470,32065.453369,115.570064,5273.088316,12.251024,0.002342,False,False,False,False,True,True,False,1-circle,-1.000000,6104.315029,-22480.261664,0.081616,0.101341,100.000000,100.000000,0.000000,0.000000,2,4,4,0.0000,0.0000,0.0000,0.5000,"PursuitChaseOptimal",-0.015574
5677,B0100,aggressive,UNKNOWN,14919.993011,28464.214297,3935.785703,265.181141,-32017.347626,20273.138133,516.111470,32065.453369,115.570064,5273.088316,12.251024,0.002342,False,False,False,False,True,True,False,1-circle,-1.000000,6104.315029,-22480.261664,0.081616,0.101341,100.000000,100.000000,0.000000,0.000000,2,4,4,0.0000,0.0000,0.0000,0.5000,"Accelerate",0.016213
5678,A0100,pursuit_chase_v1,UNKNOWN,14917.784633,28467.868199,3932.131801,274.507340,-32016.952415,20274.085583,516.053064,32063.731991,-34.427566,5271.980209,12.350940,0.008476,False,False,False,False,True,True,False,1-circle,-1.000000,6104.495412,-22441.217679,0.295415,0.022370,100.000000,100.000000,0.000000,0.000000,2,4,4,0.0000,0.0000,0.0000,0.5000,"PursuitChaseOptimal",-0.001506
5678,B0100,aggressive,UNKNOWN,14917.784633,28467.868199,3932.131801,274.507340,-32016.952415,20274.085583,516.053064,32063.731991,-34.427566,5271.980209,12.350940,0.008476,False,False,False,False,True,True,False,1-circle,-1.000000,6104.495412,-22441.217679,0.295415,0.022370,100.000000,100.000000,0.000000,0.000000,2,4,4,0.0000,0.0000,0.0000,0.5000,"Accelerate",0.002098
5679,A0100,pursuit_chase_v1,UNKNOWN,14917.784633,28467.868199,3932.131801,274.507340,-32016.952415,20274.085583,516.053064,32063.731991,-34.427566,5271.980209,12.350940,0.008476,False,False,False,False,True,True,False,1-circle,-1.000000,6104.495412,-22441.217679,0.295415,0.022370,100.000000,100.000000,0.000000,0.000000,2,4,4,0.0000,0.0000,0.0000,0.5000,"PursuitChaseOptimal",0.003499
5679,B0100,aggressive,UNKNOWN,14917.784633,28467.868199,3932.131801,274.507340,-32016.952415,20274.085583,516.053064,32063.731991,-34.427566,5271.980209,12.350940,0.008476,False,False,False,False,True,True,False,1-circle,-1.000000,6104.495412,-22441.217679,0.295415,0.022370,100.000000,100.000000,0.000000,0.000000,2,4,4,0.0000,0.0000,0.0000,0.5000,"Accelerate",-0.003438
5680,A0100,pursuit_chase_v1,UNKNOWN,14915.557638,28474.162909,3925.837091,275.009031,-32016.925477,20275.138553,516.059846,32065.094826,27.256699,5264.441176,12.264725,0.038009,False,False,False,False,True,True,False,1-circle,-1.000000,6104.616915,-22732.182132,-1.324499,0.318718,100.000000,100.000000,0.000000,0.000000,2,4,4,0.0000,0.0000,0.0000,0.5000,"PursuitChaseOptimal",-0.009767
5680,B0100,aggressive,UNKNOWN,14915.557638,28474.162909,3925.837091,275.009031,-32016.925477,20275.138553,516.059846,32065.094826,27.256699,5264.441176,12.264725,0.038009,False,False,False,False,True,True,False,1-circle,-1.000000,6104.616915,-22732.182132,-1.324499,0.318718,100.000000,100.000000,0.000000,0.000000,2,4,4,0.0000,0.0000,0.0000,0.5000,"Accelerate",0.009514
5681,A0100,pursuit_chase_v1,UNKNOWN,14915.557638,28474.162909,3925.837091,275.009031,-32016.925477,20275.138553,516.059846,32065.094826,27.256699,5264.441176,12.264725,0.038009,False,False,False,False,True,True,False,1-circle,-1.000000,6104.616915,-22732.182132,-1.324499,0.318718,100.000000,100.000000,0.000000,0.000000,2,4,4,0.0000,0.0000,0.0000,0.5000,"PursuitChaseOptimal",-0.009610
5681,B0100,aggressive,UNKNOWN,14915.557638,28474.162909,3925.837091,275.009031,-32016.925477,20275.138553,516.059846,32065.094826,27.256699,5264.441176,12.264725,0.038009,False,False,False,False,True,True,False,1-circle,-1.000000,6104.616915,-22732.182132,-1.324499,0.318718,100.000000,100.000000,0.000000,0.000000,2,4,4,0.0000,0.0000,0.0000,0.5000,"Accelerate",0.009718
5682,A0100,pursuit_chase_v1,UNKNOWN,14913.341434,28469.884394,3930.115606,286.829283,-32018.737927,20276.171492,516.157409,32070.586085,109.825191,5272.008073,12.326599,0.034668,False,False,False,False,True,True,False,1-circle,-1.000000,6104.780005,-22275.646381,1.208354,0.143336,100.000000,100.000000,0.000000,0.000000,2,4,4,0.0000,0.0000,0.0000,0.5000,"PursuitChaseOptimal",0.008879
5682,B0100,aggressive,UNKNOWN,14913.341434,28469.884394,3930.115606,286.829283,-32018.737927,20276.171492,516.157409,32070.586085,109.825191,5272.008073,12.326599,0.034668,False,False,False,False,True,True,False,1-circle,-1.000000,6104.780005,-22275.646381,1.208354,0.143336,100.000000,100.000000,0.000000,0.000000,2,4,4,0.0000,0.0000,0.0000,0.5000,"Accelerate",-0.008326
5683,A0100,pursuit_chase_v1,UNKNOWN,14913.341434,28469.884394,3930.115606,286.829283,-32018.737927,20276.171492,516.157409,32070.586085,109.825191,5272.008073,12.326599,0.034668,False,False,False,False,True,True,False,1-circle,-1.000000,6104.780005,-22275.646381,1.208354,0.143336,100.000000,100.000000,0.000000,0.000000,2,4,4,0.0000,0.0000,0.0000,0.5000,"PursuitChaseOptimal",0.018698
5683,B0100,aggressive,UNKNOWN,14913.341434,28469.884394,3930.115606,286.829283,-32018.737927,20276.171492,516.157409,32070.586085,109.825191,5272.008073,12.326599,0.034668,False,False,False,False,True,True,False,1-circle,-1.000000,6104.780005,-22275.646381,1.208354,0.143336,100.000000,100.000000,0.000000,0.000000,2,4,4,0.0000,0.0000,0.0000,0.5000,"Accelerate",-0.018258
5684,A0100,pursuit_chase_v1,UNKNOWN,14911.109473,28481.504894,3918.495106,284.879938,-32014.593428,20277.273008,516.050794,32066.815678,-75.408140,5253.410363,12.036124,0.042414,False,False,False,False,True,True,False,1-circle,-1.000000,6104.848661,-22758.459314,-1.477939,0.269433,100.000000,100.000000,0.000000,0.000000,2,4,4,0.0000,0.0000,0.0000,0.5000,"PursuitChaseOptimal",0.009929
5684,B0100,aggressive,UNKNOWN,14911.109473,28481.504894,3918.495106,284.879938,-32014.593428,20277.273008,516.050794,32066.815678,-75.408140,5253.410363,12.036124,0.042414,False,False,False,False,True,True,False,1-circle,-1.000000,6104.848661,-22758.459314,-1.477939,0.269433,100.000000,100.000000,0.000000,0.000000,2,4,4,0.0000,0.0000,0.0000,0.5000,"Accelerate",-0.010100
5685,A0100,pursuit_chase_v1,UNKNOWN,14911.109473,28481.504894,3918.495106,284.879938,-32014.593428,20277.273008,516.050794,32066.815678,-75.408140,5253.410363,12.036124,0.042414,False,False,False,False,True,True,False,1-circle,-1.000000,6104.848661,-22758.459314,-1.477939,0.269433,100.000000,100.000000,0.000000,0.000000,2,4,4,0.0000,0.0000,0.0000,0.5000,"PursuitChaseOptimal",-0.005107
5685,B0100,aggressive,UNKNOWN,14911.109473,28481.504894,3918.495106,284.879938,-32014.593428,20277.273008,516.050794,32066.815678,-75.408140,5253.410363,12.036124,0.042414,False,False,False,False,True,True,False,1-circle,-1.000000,6104.848661,-22758.459314,-1.477939,0.269433,100.000000,100.000000,0.000000,0.000000,2,4,4,0.0000,0.0000,0.0000,0.5000,"Accelerate",0.004738
5686,A0100,pursuit_chase_v1,UNKNOWN,14908.854981,28475.357699,3924.642301,292.338712,-32017.625750,20278.416964,516.151358,32072.554997,114.786381,5261.104934,11.955291,0.002542,False,False,False,False,True,True,False,1-circle,-1.000000,6104.761911,-22475.630271,0.088627,0.178801,100.000000,100.000000,0.000000,0.000000,2,4,4,0.0000,0.0000,0.0000,0.5000,"PursuitChaseOptimal",-0.014753
5686,B0100,aggressive,UNKNOWN,14908.854981,28475.357699,3924.642301,292.338712,-32017.625750,20278.416964,516.151358,32072.554997,114.786381,5261.104934,11.955291,0.002542,False,False,False,False,True,True,False,1-circle,-1.000000,6104.761911,-22475.630271,0.088627,0.178801,100.000000,100.000000,0.000000,0.000000,2,4,4,0.0000,0.0000,0.0000,0.5000,"Accelerate",0.014766
5687,A0100,pursuit_chase_v1,UNKNOWN,14908.854981,28475.357699,3924.642301,292.338712,-32017.625750,20278.416964,516.151358,32072.554997,114.786381,5261.104934,11.955291,0.002542,False,False,False,False,True,True,False,1-circle,-1.000000,6104.761911,-22475.630271,0.088627,0.178801,100.000000,100.000000,0.000000,0.000000,2,4,4,0.0000,0.0000,0.0000,0.5000,"PursuitChaseOptimal",-0.009740
5687,B0100,aggressive,UNKNOWN,14908.854981,28475.357699,3924.642301,292.338712,-32017.625750,20278.416964,516.151358,32072.554997,114.786381,5261.104934,11.955291,0.002542,False,False,False,False,True,True,False,1-circle,-1.000000,6104.761911,-22475.630271,0.088627,0.178801,100.000000,100.000000,0.000000,0.000000,2,4,4,0.0000,0.0000,0.0000,0.5000,"Accelerate",0.010345
5688,A0100,pursuit_chase_v1,UNKNOWN,14906.631326,28479.112191,3920.887809,299.778997,-32017.004623,20279.518303,516.088598,32070.788385,-35.332252,5259.182444,12.036980,0.008703,False,False,False,False,True,True,False,1-circle,-1.000000,6104.768951,-22436.154485,0.303366,0.100074,100.000000,100.000000,0.000000,0.000000,2,4,4,0.0000,0.0000,0.0000,0.5000,"PursuitChaseOptimal",0.000468
5688,B0100,aggressive,UNKNOWN,14906.631326,28479.112191,3920.887809,299.778997,-32017.004623,20279.518303,516.088598,32070.788385,-35.332252,5259.182444,12.036980,0.008703,False,False,False,False,True,True,False,1-circle,-1.000000,6104.768951,-22436.154485,0.303366,0.100074,100.000000,100.000000,0.000000,0.000000,2,4,4,0.0000,0.0000,0.0000,0.5000,"Accelerate",0.000025
5689,A0100,pursuit_chase_v1,UNKNOWN,14906.631326,28479.112191,3920.887809,299.778997,-32017.004623,20279.518303,516.088598,32070.788385,-35.332252,5259.182444,12.036980,0.008703,False,False,False,False,True,True,False,1-circle,-1.000000,6104.768951,-22436.154485,0.303366,0.100074,100.000000,100.000000,0.000000,0.000000,2,4,4,0.0000,0.0000,0.0000,0.5000,"PursuitChaseOptimal",0.011712
5689,B0100,aggressive,UNKNOWN,14906.631326,28479.112191,3920.887809,299.778997,-32017.004623,20279.518303,516.088598,32070.788385,-35.332252,5259.182444,12.036980,0.008703,False,False,False,False,True,True,False,1-circle,-1.000000,6104.768951,-22436.154485,0.303366,0.100074,100.000000,100.000000,0.000000,0.000000,2,4,4,0.0000,0.0000,0.0000,0.5000,"Accelerate",-0.011962
5690,A0100,pursuit_chase_v1,UNKNOWN,14904.381517,28481.838644,3918.161356,302.550721,-32016.854847,20280.710129,516.060280,32070.686249,-2.042714,5247.312928,11.994753,0.037719,False,False,False,False,True,True,False,1-circle,-1.000000,6104.704691,-22726.483988,-1.314500,0.272645,100.000000,100.000000,0.000000,0.000000,2,4,4,0.0000,0.0000,0.0000,0.5000,"PursuitChaseOptimal",0.002272
5690,B0100,aggressive,UNKNOWN,14904.381517,28481.838644,3918.161356,302.550721,-32016.854847,20280.710129,516.060280,32070.686249,-2.042714,5247.312928,11.994753,0.037719,False,False,False,False,True,True,False,1-circle,-1.000000,6104.704691,-22726.483988,-1.314500,0.272645,100.000000,100.000000,0.000000,0.000000,2,4,4,0.0000,0.0000,0.0000,0.5000,"Accelerate",-0.002740
5691,A0100,pursuit_chase_v1,UNKNOWN,14904.381517,28481.838644,3918.161356,302.550721,-32016.854847,20280.710129,516.060280,32070.686249,-2.042714,5247.312928,11.994753,0.037719,False,False,False,False,True,True,False,1-circle,-1.000000,6104.704691,-22726.483988,-1.314500,0.272645,100.000000,100.000000,0.000000,0.000000,2,4,4,0.0000,0.0000,0.0000,0.5000,"PursuitChaseOptimal",-0.011835
5691,B0100,aggressive,UNKNOWN,14904.381517,28481.838644,3918.161356,302.550721,-32016.854847,20280.710129,516.060280,32070.686249,-2.042714,5247.312928,11.994753,0.037719,False,False,False,False,True,True,False,1-circle,-1.000000,6104.704691,-22726.483988,-1.314500,0.272645,100.000000,100.000000,0.000000,0.000000,2,4,4,0.0000,0.0000,0.0000,0.5000,"Accelerate",0.011788
5692,A0100,pursuit_chase_v1,UNKNOWN,14902.128463,28474.528644,3925.471356,308.951045,-32018.556597,20281.841640,516.157722,32076.270537,111.685771,5253.343260,12.097691,0.035189,False,False,False,False,True,True,False,1-circle,-1.000000,6104.650527,-22268.185493,1.226589,0.028117,100.000000,100.000000,0.000000,0.000000,2,4,4,0.0000,0.0000,0.0000,0.5000,"PursuitChaseOptimal",-0.012962
5692,B0100,aggressive,UNKNOWN,14902.128463,28474.528644,3925.471356,308.951045,-32018.556597,20281.841640,516.157722,32076.270537,111.685771,5253.343260,12.097691,0.035189,False,False,False,False,True,True,False,1-circle,-1.000000,6104.650527,-22268.185493,1.226589,0.028117,100.000000,100.000000,0.000000,0.000000,2,4,4,0.0000,0.0000,0.0000,0.5000,"Accelerate",0.013561
5693,A0100,pursuit_chase_v1,UNKNOWN,14902.128463,28474.528644,3925.471356,308.951045,-32018.556597,20281.841640,516.157722,32076.270537,111.685771,5253.343260,12.097691,0.035189,False,False,False,False,True,True,False,1-circle,-1.000000,6104.650527,-22268.185493,1.226589,0.028117,100.000000,100.000000,0.000000,0.000000,2,4,4,0.0000,0.0000,0.0000,0.5000,"PursuitChaseOptimal",0.000035
5693,B0100,aggressive,UNKNOWN,14902.128463,28474.528644,3925.471356,308.951045,-32018.556597,20281.841640,516.157722,32076.270537,111.685771,5253.343260,12.097691,0.035189,False,False,False,False,True,True,False,1-circle,-1.000000,6104.650527,-22268.185493,1.226589,0.028117,100.000000,100.000000,0.000000,0.000000,2,4,4,0.0000,0.0000,0.0000,0.5000,"Accelerate",0.000432
5694,A0100,pursuit_chase_v1,UNKNOWN,14899.875699,28483.475545,3916.524455,311.408098,-32014.229979,20283.007851,516.049199,32072.477650,-75.857738,5242.305437,12.100073,0.042229,False,False,False,False,True,True,False,1-circle,-1.000000,6104.629459,-22752.949801,-1.471600,0.237874,100.000000,100.000000,0.000000,0.000000,2,4,4,0.0000,0.0000,0.0000,0.5000,"PursuitChaseOptimal",0.003186
5694,B0100,aggressive,UNKNOWN,14899.875699,28483.475545,3916.524455,311.408098,-32014.229979,20283.007851,516.049199,32072.477650,-75.857738,5242.305437,12.100073,0.042229,False,False,False,False,True,True,False,1-circle,-1.000000,6104.629459,-22752.949801,-1.471600,0.237874,100.000000,100.000000,0.000000,0.000000,2,4,4,0.0000,0.0000,0.0000,0.5000,"Accelerate",-0.003397
5695,A0100,pursuit_chase_v1,UNKNOWN,14899.875699,28483.475545,3916.524455,311.408098,-32014.229979,20283.007851,516.049199,32072.477650,-75.857738,5242.305437,12.100073,0.042229,False,False,False,False,True,True,False,1-circle,-1.000000,6104.629459,-22752.949801,-1.471600,0.237874,100.000000,100.000000,0.000000,0.000000,2,4,4,0.0000,0.0000,0.0000,0.5000,"PursuitChaseOptimal",-0.013375
5695,B0100,aggressive,UNKNOWN,14899.875699,28483.475545,3916.524455,311.408098,-32014.229979,20283.007851,516.049199,32072.477650,-75.857738,5242.305437,12.100073,0.042229,False,False,False,False,True,True,False,1-circle,-1.000000,6104.629459,-22752.949801,-1.471600,0.237874,100.000000,100.000000,0.000000,0.000000,2,4,4,0.0000,0.0000,0.0000,0.5000,"Accelerate",0.013025
5696,A0100,pursuit_chase_v1,UNKNOWN,14897.602706,28475.632266,3924.367734,318.001027,-32017.126404,20284.192246,516.144219,32078.004056,110.528107,5245.994457,12.265789,0.002740,False,False,False,False,True,True,False,1-circle,-1.000000,6104.584463,-22469.936434,0.095509,0.134826,100.000000,100.000000,0.000000,0.000000,2,4,4,0.0000,0.0000,0.0000,0.5000,"PursuitChaseOptimal",-0.015811
5696,B0100,aggressive,UNKNOWN,14897.602706,28475.632266,3924.367734,318.001027,-32017.126404,20284.192246,516.144219,32078.004056,110.528107,5245.994457,12.265789,0.002740,False,False,False,False,True,True,False,1-circle,-1.000000,6104.584463,-22469.936434,0.095509,0.134826,100.000000,100.000000,0.000000,0.000000,2,4,4,0.0000,0.0000,0.0000,0.5000,"Accelerate",0.015818
5697,A0100,pursuit_chase_v1,UNKNOWN,14897.602706,28475.632266,3924.367734,318.001027,-32017.126404,20284.192246,516.144219,32078.004056,110.528107,5245.994457,12.265789,0.002740,False,False,False,False,True,True,False,1-circle,-1.000000,6104.584463,-22469.936434,0.095509,0.134826,100.000000,100.000000,0.000000,0.000000,2,4,4,0.0000,0.0000,0.0000,0.5000,"PursuitChaseOptimal",-0.001723
5697,B0100,aggressive,UNKNOWN,14897.602706,28475.632266,3924.367734,318.001027,-32017.126404,20284.192246,516.144219,32078.004056,110.528107,5245.994457,12.265789,0.002740,False,False,False,False,True,True,False,1-circle,-1.000000,6104.584463,-22469.936434,0.095509,0.134826,100.000000,100.000000,0.000000,0.000000,2,4,4,0.0000,0.0000,0.0000,0.5000,"Accelerate",0.002225
5698,A0100,pursuit_chase_v1,UNKNOWN,14895.352587,28478.067951,3921.932049,324.045565,-32016.292052,20285.318425,516.080270,32076.207967,-35.921779,5238.886984,12.400827,0.008796,False,False,False,False,True,True,False,1-circle,-1.000000,6104.683788,-22431.063902,0.306628,0.073104,100.000000,100.000000,0.000000,0.000000,2,4,4,0.0000,0.0000,0.0000,0.5000,"PursuitChaseOptimal",0.003307
5698,B0100,aggressive,UNKNOWN,14895.352587,28478.067951,3921.932049,324.045565,-32016.292052,20285.318425,516.080270,32076.207967,-35.921779,5238.886984,12.400827,0.008796,False,False,False,False,True,True,False,1-circle,-1.000000,6104.683788,-22431.063902,0.306628,0.073104,100.000000,100.000000,0.000000,0.000000,2,4,4,0.0000,0.0000,0.0000,0.5000,"Accelerate",-0.002881
5699,A0100,pursuit_chase_v1,UNKNOWN,14895.352587,28478.067951,3921.932049,324.045565,-32016.292052,20285.318425,516.080270,32076.207967,-35.921779,5238.886984,12.400827,0.008796,False,False,False,False,True,True,False,1-circle,-1.000000,6104.683788,-22431.063902,0.306628,0.073104,100.000000,100.000000,0.000000,0.000000,2,4,4,0.0000,0.0000,0.0000,0.5000,"PursuitChaseOptimal",-0.009958
5699,B0100,aggressive,UNKNOWN,14895.352587,28478.067951,3921.932049,324.045565,-32016.292052,20285.318425,516.080270,32076.207967,-35.921779,5238.886984,12.400827,0.008796,False,False,False,False,True,True,False,1-circle,-1.000000,6104.683788,-22431.063902,0.306628,0.073104,100.000000,100.000000,0.000000,0.000000,2,4,4,0.0000,0.0000,0.0000,0.5000,"Accelerate",0.009874
5700,A0100,pursuit_chase_v1,UNKNOWN,14893.066660,28479.943363,3920.056637,328.044611,-32015.994138,20286.524256,516.046978,32075.892600,-6.307343,5232.915472,12.449550,0.037764,False,False,False,False,True,True,False,1-circle,-1.000000,6104.701913,-22722.232215,-1.316122,0.253204,100.000000,100.000000,0.000000,0.000000,2,4,4,0.0000,0.0000,0.0000,0.5000,"PursuitChaseOptimal",-0.009864
5700,B0100,aggressive,UNKNOWN,14893.066660,28479.943363,3920.056637,328.044611,-32015.994138,20286.524256,516.046978,32075.892600,-6.307343,5232.915472,12.449550,0.037764,False,False,False,False,True,True,False,1-circle,-1.000000,6104.701913,-22722.232215,-1.316122,0.253204,100.000000,100.000000,0.000000,0.000000,2,4,4,0.0000,0.0000,0.0000,0.5000,"Accelerate",0.009503
5701,A0100,pursuit_chase_v1,UNKNOWN,14893.066660,28479.943363,3920.056637,328.044611,-32015.994138,20286.524256,516.046978,32075.892600,-6.307343,5232.915472,12.449550,0.037764,False,False,False,False,True,True,False,1-circle,-1.000000,6104.701913,-22722.232215,-1.316122,0.253204,100.000000,100.000000,0.000000,0.000000,2,4,4,0.0000,0.0000,0.0000,0.5000,"PursuitChaseOptimal",0.008588
5701,B0100,aggressive,UNKNOWN,14893.066660,28479.943363,3920.056637,328.044611,-32015.994138,20286.524256,516.046978,32075.892600,-6.307343,5232.915472,12.449550,0.037764,False,False,False,False,True,True,False,1-circle,-1.000000,6104.701913,-22722.232215,-1.316122,0.253204,100.000000,100.000000,0.000000,0.000000,2,4,4,0.0000,0.0000,0.0000,0.5000,"Accelerate",-0.008834
5702,A0100,pursuit_chase_v1,UNKNOWN,14890.804575,28471.996688,3928.003312,336.516290,-32017.482952,20287.662889,516.143373,32081.436037,110.868741,5236.959423,12.500695,0.035150,False,False,False,False,True,True,False,1-circle,-1.000000,6104.830176,-22263.887106,1.225265,0.014961,100.000000,100.000000,0.000000,0.000000,2,4,4,0.0000,0.0000,0.0000,0.5000,"PursuitChaseOptimal",0.018266
5702,B0100,aggressive,UNKNOWN,14890.804575,28471.996688,3928.003312,336.516290,-32017.482952,20287.662889,516.143373,32081.436037,110.868741,5236.959423,12.500695,0.035150,False,False,False,False,True,True,False,1-circle,-1.000000,6104.830176,-22263.887106,1.225265,0.014961,100.000000,100.000000,0.000000,0.000000,2,4,4,0.0000,0.0000,0.0000,0.5000,"Accelerate",-0.017975
5703,A0100,pursuit_chase_v1,UNKNOWN,14890.804575,28471.996688,3928.003312,336.516290,-32017.482952,20287.662889,516.143373,32081.436037,110.868741,5236.959423,12.500695,0.035150,False,False,False,False,True,True,False,1-circle,-1.000000,6104.830176,-22263.887106,1.225265,0.014961,100.000000,100.000000,0.000000,0.000000,2,4,4,0.0000,0.0000,0.0000,0.5000,"PursuitChaseOptimal",0.009598
5703,B0100,aggressive,UNKNOWN,14890.804575,28471.996688,3928.003312,336.516290,-32017.482952,20287.662889,516.143373,32081.436037,110.868741,5236.959423,12.500695,0.035150,False,False,False,False,True,True,False,1-circle,-1.000000,6104.830176,-22263.887106,1.225265,0.014961,100.000000,100.000000,0.000000,0.000000,2,4,4,0.0000,0.0000,0.0000,0.5000,"Accelerate",-0.009233
5704,A0100,pursuit_chase_v1,UNKNOWN,14888.506645,28480.585460,3919.414540,334.993419,-32012.974293,20288.831749,516.033719,32077.594294,-76.834846,5220.255720,12.242915,0.042385,False,False,False,False,True,True,False,1-circle,-1.000000,6104.818268,-22749.310809,-1.477124,0.228318,100.000000,100.000000,0.000000,0.000000,2,4,4,0.0000,0.0000,0.0000,0.5000,"PursuitChaseOptimal",-0.005369
5704,B0100,aggressive,UNKNOWN,14888.506645,28480.585460,3919.414540,334.993419,-32012.974293,20288.831749,516.033719,32077.594294,-76.834846,5220.255720,12.242915,0.042385,False,False,False,False,True,True,False,1-circle,-1.000000,6104.818268,-22749.310809,-1.477124,0.228318,100.000000,100.000000,0.000000,0.000000,2,4,4,0.0000,0.0000,0.0000,0.5000,"Accelerate",0.005226
5705,A0100,pursuit_chase_v1,UNKNOWN,14888.506645,28480.585460,3919.414540,334.993419,-32012.974293,20288.831749,516.033719,32077.594294,-76.834846,5220.255720,12.242915,0.042385,False,False,False,False,True,True,False,1-circle,-1.000000,6104.818268,-22749.310809,-1.477124,0.228318,100.000000,100.000000,0.000000,0.000000,2,4,4,0.0000,0.0000,0.0000,0.5000,"PursuitChaseOptimal",-0.014868
5705,B0100,aggressive,UNKNOWN,14888.506645,28480.585460,3919.414540,334.993419,-32012.974293,20288.831749,516.033719,32077.594294,-76.834846,5220.255720,12.242915,0.042385,False,False,False,False,True,True,False,1-circle,-1.000000,6104.818268,-22749.310809,-1.477124,0.228318,100.000000,100.000000,0.000000,0.000000,2,4,4,0.0000,0.0000,0.0000,0.5000,"Accelerate",0.014540
5706,A0100,pursuit_chase_v1,UNKNOWN,14886.209102,28472.521451,3927.478549,345.013226,-32015.680074,20290.015942,516.127713,32083.073412,109.582340,5232.809431,12.340342,0.002574,False,False,False,False,True,True,False,1-circle,-1.000000,6104.759544,-22466.210383,0.089741,0.127704,100.000000,100.000000,0.000000,0.000000,2,4,4,0.0000,0.0000,0.0000,0.5000,"PursuitChaseOptimal",-0.009877
5706,B0100,aggressive,UNKNOWN,14886.209102,28472.521451,3927.478549,345.013226,-32015.680074,20290.015942,516.127713,32083.073412,109.582340,5232.809431,12.340342,0.002574,False,False,False,False,True,True,False,1-circle,-1.000000,6104.759544,-22466.210383,0.089741,0.127704,100.000000,100.000000,0.000000,0.000000,2,4,4,0.0000,0.0000,0.0000,0.5000,"Accelerate",0.009829
5707,A0100,pursuit_chase_v1,UNKNOWN,14886.209102,28472.521451,3927.478549,345.013226,-32015.680074,20290.015942,516.127713,32083.073412,109.582340,5232.809431,12.340342,0.002574,False,False,False,False,True,True,False,1-circle,-1.000000,6104.759544,-22466.210383,0.089741,0.127704,100.000000,100.000000,0.000000,0.000000,2,4,4,0.0000,0.0000,0.0000,0.5000,"PursuitChaseOptimal",0.000269
5707,B0100,aggressive,UNKNOWN,14886.209102,28472.521451,3927.478549,345.013226,-32015.680074,20290.015942,516.127713,32083.073412,109.582340,5232.809431,12.340342,0.002574,False,False,False,False,True,True,False,1-circle,-1.000000,6104.759544,-22466.210383,0.089741,0.127704,100.000000,100.000000,0.000000,0.000000,2,4,4,0.0000,0.0000,0.0000,0.5000,"Accelerate",0.000230
5708,A0100,pursuit_chase_v1,UNKNOWN,14883.884429,28475.027903,3924.972097,349.768252,-32014.526806,20291.140150,515.098964,32037.232478,-916.818679,5157.296741,13.484275,0.008598,False,False,False,False,True,True,False,1-circle,-1.000000,6104.831941,-22427.510812,0.299212,0.073861,100.000000,100.000000,0.000000,0.000000,2,4,4,0.0000,0.0000,0.0000,0.5000,"PursuitChaseOptimal",0.011310
5708,B0100,aggressive,UNKNOWN,14883.884429,28475.027903,3924.972097,349.768252,-32014.526806,20291.140150,515.098964,32037.232478,-916.818679,5157.296741,13.484275,0.008598,False,False,False,False,True,True,False,1-circle,-1.000000,6104.831941,-22427.510812,0.299212,0.073861,100.000000,100.000000,0.000000,0.000000,2,4,4,0.0000,0.0000,0.0000,0.5000,"Accelerate",-0.010946
5709,A0100,pursuit_chase_v1,UNKNOWN,14883.884429,28475.027903,3924.972097,349.768252,-32014.526806,20291.140150,515.098964,32037.232478,-916.818679,5157.296741,13.484275,0.008598,False,False,False,False,True,True,False,1-circle,-1.000000,6104.831941,-22427.510812,0.299212,0.073861,100.000000,100.000000,0.000000,0.000000,2,4,4,0.0000,0.0000,0.0000,0.5000,"PursuitChaseOptimal",0.003600
5709,B0100,aggressive,UNKNOWN,14883.884429,28475.027903,3924.972097,349.768252,-32014.526806,20291.140150,515.098964,32037.232478,-916.818679,5157.296741,13.484275,0.008598,False,False,False,False,True,True,False,1-circle,-1.000000,6104.831941,-22427.510812,0.299212,0.073861,100.000000,100.000000,0.000000,0.000000,2,4,4,0.0000,0.0000,0.0000,0.5000,"Accelerate",-0.003786
5710,A0100,pursuit_chase_v1,UNKNOWN,14881.213872,28477.424669,3922.575331,352.350501,-32013.782355,20292.344812,513.418139,31961.904649,-1506.556567,5030.315066,15.233918,0.038460,False,False,False,False,True,True,False,1-circle,-1.000000,6104.772202,-22720.534671,-1.334229,0.297339,100.000000,100.000000,0.000000,0.000000,2,4,4,0.0000,0.0000,0.0000,0.5000,"PursuitChaseOptimal",-0.006682
5710,B0100,aggressive,UNKNOWN,14881.213872,28477.424669,3922.575331,352.350501,-32013.782355,20292.344812,513.418139,31961.904649,-1506.556567,5030.315066,15.233918,0.038460,False,False,False,False,True,True,False,1-circle,-1.000000,6104.772202,-22720.534671,-1.334229,0.297339,100.000000,100.000000,0.000000,0.000000,2,4,4,0.0000,0.0000,0.0000,0.5000,"Accelerate",0.006327
5711,A0100,pursuit_chase_v1,UNKNOWN,14881.213872,28477.424669,3922.575331,352.350501,-32013.782355,20292.344812,513.418139,31961.904649,-1506.556567,5030.315066,15.233918,0.038460,False,False,False,False,True,True,False,1-circle,-1.000000,6104.772202,-22720.534671,-1.334229,0.297339,100.000000,100.000000,0.000000,0.000000,2,4,4,0.0000,0.0000,0.0000,0.5000,"PursuitChaseOptimal",-0.010819
5711,B0100,aggressive,UNKNOWN,14881.213872,28477.424669,3922.575331,352.350501,-32013.782355,20292.344812,513.418139,31961.904649,-1506.556567,5030.315066,15.233918,0.038460,False,False,False,False,True,True,False,1-circle,-1.000000,6104.772202,-22720.534671,-1.334229,0.297339,100.000000,100.000000,0.000000,0.000000,2,4,4,0.0000,0.0000,0.0000,0.5000,"Accelerate",0.010842
5712,A0100,pursuit_chase_v1,UNKNOWN,14878.231557,28470.358634,3929.641366,362.917893,-32014.810789,20293.488562,511.897314,31894.016664,-1357.759710,4930.489432,17.035767,0.034361,False,False,False,False,True,True,False,1-circle,-1.000000,6104.766630,-22265.489499,1.188851,0.086668,100.000000,100.000000,0.000000,0.000000,2,4,4,0.0000,0.0000,0.0000,0.5000,"PursuitChaseOptimal",0.003422
5712,B0100,aggressive,UNKNOWN,14878.231557,28470.358634,3929.641366,362.917893,-32014.810789,20293.488562,511.897314,31894.016664,-1357.759710,4930.489432,17.035767,0.034361,False,False,False,False,True,True,False,1-circle,-1.000000,6104.766630,-22265.489499,1.188851,0.086668,100.000000,100.000000,0.000000,0.000000,2,4,4,0.0000,0.0000,0.0000,0.5000,"Accelerate",-0.002919
5713,A0100,pursuit_chase_v1,UNKNOWN,14878.231557,28470.358634,3929.641366,362.917893,-32014.810789,20293.488562,511.897314,31894.016664,-1357.759710,4930.489432,17.035767,0.034361,False,False,False,False,True,True,False,1-circle,-1.000000,6104.766630,-22265.489499,1.188851,0.086668,100.000000,100.000000,0.000000,0.000000,2,4,4,0.0000,0.0000,0.0000,0.5000,"PursuitChaseOptimal",0.004146
5713,B0100,aggressive,UNKNOWN,14878.231557,28470.358634,3929.641366,362.917893,-32014.810789,20293.488562,511.897314,31894.016664,-1357.759710,4930.489432,17.035767,0.034361,False,False,False,False,True,True,False,1-circle,-1.000000,6104.766630,-22265.489499,1.188851,0.086668,100.000000,100.000000,0.000000,0.000000,2,4,4,0.0000,0.0000,0.0000,0.5000,"Accelerate",-0.003669
5714,A0100,pursuit_chase_v1,UNKNOWN,14874.921234,28479.850156,3920.149844,359.733200,-32009.985784,20294.670727,510.184436,31817.694796,-1526.437360,4804.688231,18.688245,0.042316,False,False,False,False,True,True,False,1-circle,-1.000000,6104.724249,-22741.354761,-1.459522,0.315554,100.000000,100.000000,0.000000,0.000000,2,4,4,0.0000,0.0000,0.0000,0.5000,"PursuitChaseOptimal",-0.014214
5714,B0100,aggressive,UNKNOWN,14874.921234,28479.850156,3920.149844,359.733200,-32009.985784,20294.670727,510.184436,31817.694796,-1526.437360,4804.688231,18.688245,0.042316,False,False,False,False,True,True,False,1-circle,-1.000000,6104.724249,-22741.354761,-1.459522,0.315554,100.000000,100.000000,0.000000,0.000000,2,4,4,0.0000,0.0000,0.0000,0.5000,"Accelerate",0.014253
5715,A0100,pursuit_chase_v1,UNKNOWN,14874.921234,28479.850156,3920.149844,359.733200,-32009.985784,20294.670727,510.184436,31817.694796,-1526.437360,4804.688231,18.688245,0.042316,False,False,False,False,True,True,False,1-circle,-1.000000,6104.724249,-22741.354761,-1.459522,0.315554,100.000000,100.000000,0.000000,0.000000,2,4,4,0.0000,0.0000,0.0000,0.5000,"PursuitChaseOptimal",-0.016844
5715,B0100,aggressive,UNKNOWN,14874.921234,28479.850156,3920.149844,359.733200,-32009.985784,20294.670727,510.184436,31817.694796,-1526.437360,4804.688231,18.688245,0.042316,False,False,False,False,True,True,False,1-circle,-1.000000,6104.724249,-22741.354761,-1.459522,0.315554,100.000000,100.000000,0.000000,0.000000,2,4,4,0.0000,0.0000,0.0000,0.5000,"Accelerate",0.016640
5716,A0100,pursuit_chase_v1,UNKNOWN,14871.284203,28472.573014,3927.426986,371.647565,-32011.977486,20295.878199,508.684830,31751.261630,-1328.663320,4703.628181,20.637862,0.001014,False,False,False,False,True,True,False,1-circle,-1.000000,6104.687829,-22471.606298,0.034892,0.239858,100.000000,100.000000,0.000000,0.000000,2,4,4,0.0000,0.0000,0.0000,0.5000,"PursuitChaseOptimal",-0.003685
5716,B0100,aggressive,UNKNOWN,14871.284203,28472.573014,3927.426986,371.647565,-32011.977486,20295.878199,508.684830,31751.261630,-1328.663320,4703.628181,20.637862,0.001014,False,False,False,False,True,True,False,1-circle,-1.000000,6104.687829,-22471.606298,0.034892,0.239858,100.000000,100.000000,0.000000,0.000000,2,4,4,0.0000,0.0000,0.0000,0.5000,"Accelerate",0.003644
5717,A0100,pursuit_chase_v1,UNKNOWN,14871.284203,28472.573014,3927.426986,371.647565,-32011.977486,20295.878199,508.684830,31751.261630,-1328.663320,4703.628181,20.637862,0.001014,False,False,False,False,True,True,False,1-circle,-1.000000,6104.687829,-22471.606298,0.034892,0.239858,100.000000,100.000000,0.000000,0.000000,2,4,4,0.0000,0.0000,0.0000,0.5000,"PursuitChaseOptimal",0.001293
5717,B0100,aggressive,UNKNOWN,14871.284203,28472.573014,3927.426986,371.647565,-32011.977486,20295.878199,508.684830,31751.261630,-1328.663320,4703.628181,20.637862,0.001014,False,False,False,False,True,True,False,1-circle,-1.000000,6104.687829,-22471.606298,0.034892,0.239858,100.000000,100.000000,0.000000,0.000000,2,4,4,0.0000,0.0000,0.0000,0.5000,"Accelerate",-0.000772
5718,A0100,pursuit_chase_v1,UNKNOWN,14867.342392,28475.392850,3924.607150,371.893460,-32010.713374,20297.034070,507.055513,31679.151851,-1442.195569,4584.510092,22.435821,0.008467,False,False,False,False,True,True,False,1-circle,-1.000000,6104.758385,-22424.991582,0.290473,0.187531,100.000000,100.000000,0.000000,0.000000,2,4,4,0.0000,0.0000,0.0000,0.5000,"PursuitChaseOptimal",-0.011831
5718,B0100,aggressive,UNKNOWN,14867.342392,28475.392850,3924.607150,371.893460,-32010.713374,20297.034070,507.055513,31679.151851,-1442.195569,4584.510092,22.435821,0.008467,False,False,False,False,True,True,False,1-circle,-1.000000,6104.758385,-22424.991582,0.290473,0.187531,100.000000,100.000000,0.000000,0.000000,2,4,4,0.0000,0.0000,0.0000,0.5000,"Accelerate",0.012505
5719,A0100,pursuit_chase_v1,UNKNOWN,14867.342392,28475.392850,3924.607150,371.893460,-32010.713374,20297.034070,507.055513,31679.151851,-1442.195569,4584.510092,22.435821,0.008467,False,False,False,False,True,True,False,1-circle,-1.000000,6104.758385,-22424.991582,0.290473,0.187531,100.000000,100.000000,0.000000,0.000000,2,4,4,0.0000,0.0000,0.0000,0.5000,"PursuitChaseOptimal",-0.011991
5719,B0100,aggressive,UNKNOWN,14867.342392,28475.392850,3924.607150,371.893460,-32010.713374,20297.034070,507.055513,31679.151851,-1442.195569,4584.510092,22.435821,0.008467,False,False,False,False,True,True,False,1-circle,-1.000000,6104.758385,-22424.991582,0.290473,0.187531,100.000000,100.000000,0.000000,0.000000,2,4,4,0.0000,0.0000,0.0000,0.5000,"Accelerate",0.012039
5720,A0100,pursuit_chase_v1,UNKNOWN,14863.065985,28477.506058,3922.493942,381.106451,-32009.254628,20298.273491,505.461583,31608.944370,-1404.149629,4477.712885,24.184736,0.038589,False,False,False,False,True,True,False,1-circle,-1.000000,6104.777866,-22714.290039,-1.319834,0.385536,100.000000,100.000000,0.000000,0.000000,2,4,4,0.0000,0.0000,0.0000,0.5000,"PursuitChaseOptimal",0.006710
5720,B0100,aggressive,UNKNOWN,14863.065985,28477.506058,3922.493942,381.106451,-32009.254628,20298.273491,505.461583,31608.944370,-1404.149629,4477.712885,24.184736,0.038589,False,False,False,False,True,True,False,1-circle,-1.000000,6104.777866,-22714.290039,-1.319834,0.385536,100.000000,100.000000,0.000000,0.000000,2,4,4,0.0000,0.0000,0.0000,0.5000,"Accelerate",-0.007223
5721,A0100,pursuit_chase_v1,UNKNOWN,14863.065985,28477.506058,3922.493942,381.106451,-32009.254628,20298.273491,505.461583,31608.944370,-1404.149629,4477.712885,24.184736,0.038589,False,False,False,False,True,True,False,1-circle,-1.000000,6104.777866,-22714.290039,-1.319834,0.385536,100.000000,100.000000,0.000000,0.000000,2,4,4,0.0000,0.0000,0.0000,0.5000,"PursuitChaseOptimal",0.016121
5721,B0100,aggressive,UNKNOWN,14863.065985,28477.506058,3922.493942,381.106451,-32009.254628,20298.273491,505.461583,31608.944370,-1404.149629,4477.712885,24.184736,0.038589,False,False,False,False,True,True,False,1-circle,-1.000000,6104.777866,-22714.290039,-1.319834,0.385536,100.000000,100.000000,0.000000,0.000000,2,4,4,0.0000,0.0000,0.0000,0.5000,"Accelerate",-0.016550
5722,A0100,pursuit_chase_v1,UNKNOWN,14858.494375,28468.282609,3931.717391,384.819934,-32010.194968,20299.450712,504.050140,31547.042300,-1238.041385,4370.995550,25.812044,0.033170,False,False,False,False,True,True,False,1-circle,-1.000000,6104.844300,-22272.549299,1.131688,0.154453,100.000000,100.000000,0.000000,0.000000,2,4,4,0.0000,0.0000,0.0000,0.5000,"PursuitChaseOptimal",0.007518
5722,B0100,aggressive,UNKNOWN,14858.494375,28468.282609,3931.717391,384.819934,-32010.194968,20299.450712,504.050140,31547.042300,-1238.041385,4370.995550,25.812044,0.033170,False,False,False,False,True,True,False,1-circle,-1.000000,6104.844300,-22272.549299,1.131688,0.154453,100.000000,100.000000,0.000000,0.000000,2,4,4,0.0000,0.0000,0.0000,0.5000,"Accelerate",-0.007366
5723,A0100,pursuit_chase_v1,UNKNOWN,14858.494375,28468.282609,3931.717391,384.819934,-32010.194968,20299.450712,504.050140,31547.042300,-1238.041385,4370.995550,25.812044,0.033170,False,False,False,False,True,True,False,1-circle,-1.000000,6104.844300,-22272.549299,1.131688,0.154453,100.000000,100.000000,0.000000,0.000000,2,4,4,0.0000,0.0000,0.0000,0.5000,"PursuitChaseOptimal",-0.007274
5723,B0100,aggressive,UNKNOWN,14858.494375,28468.282609,3931.717391,384.819934,-32010.194968,20299.450712,504.050140,31547.042300,-1238.041385,4370.995550,25.812044,0.033170,False,False,False,False,True,True,False,1-circle,-1.000000,6104.844300,-22272.549299,1.131688,0.154453,100.000000,100.000000,0.000000,0.000000,2,4,4,0.0000,0.0000,0.0000,0.5000,"Accelerate",0.007774
5724,A0100,pursuit_chase_v1,UNKNOWN,14853.597266,28472.364699,3927.635301,385.459423,-32005.155452,20300.616607,502.400803,31474.720597,-1446.434072,4260.569003,27.390283,0.041530,False,False,False,False,True,True,False,1-circle,-1.000000,6104.817729,-22730.070686,-1.412588,0.113581,100.000000,100.000000,0.000000,0.000000,2,4,4,0.0000,0.0000,0.0000,0.5000,"PursuitChaseOptimal",-0.016478
5724,B0100,aggressive,UNKNOWN,14853.597266,28472.364699,3927.635301,385.459423,-32005.155452,20300.616607,502.400803,31474.720597,-1446.434072,4260.569003,27.390283,0.041530,False,False,False,False,True,True,False,1-circle,-1.000000,6104.817729,-22730.070686,-1.412588,0.113581,100.000000,100.000000,0.000000,0.000000,2,4,4,0.0000,0.0000,0.0000,0.5000,"Accelerate",0.016525
5725,A0100,pursuit_chase_v1,UNKNOWN,14853.597266,28472.364699,3927.635301,385.459423,-32005.155452,20300.616607,502.400803,31474.720597,-1446.434072,4260.569003,27.390283,0.041530,False,False,False,False,True,True,False,1-circle,-1.000000,6104.817729,-22730.070686,-1.412588,0.113581,100.000000,100.000000,0.000000,0.000000,2,4,4,0.0000,0.0000,0.0000,0.5000,"PursuitChaseOptimal",-0.011417
5725,B0100,aggressive,UNKNOWN,14853.597266,28472.364699,3927.635301,385.459423,-32005.155452,20300.616607,502.400803,31474.720597,-1446.434072,4260.569003,27.390283,0.041530,False,False,False,False,True,True,False,1-circle,-1.000000,6104.817729,-22730.070686,-1.412588,0.113581,100.000000,100.000000,0.000000,0.000000,2,4,4,0.0000,0.0000,0.0000,0.5000,"Accelerate",0.011044
5726,A0100,pursuit_chase_v1,UNKNOWN,14848.410492,28462.117815,3937.882185,395.573749,-32006.571138,20301.776905,500.962347,31411.985890,-1254.694132,4166.305087,29.282052,0.000424,False,False,False,False,True,True,False,1-circle,-1.000000,6104.854206,-22478.058250,-0.014391,0.257175,100.000000,100.000000,0.000000,0.000000,2,4,4,0.0000,0.0000,0.0000,0.5000,"PursuitChaseOptimal",-0.001237
5726,B0100,aggressive,UNKNOWN,14848.410492,28462.117815,3937.882185,395.573749,-32006.571138,20301.776905,500.962347,31411.985890,-1254.694132,4166.305087,29.282052,0.000424,False,False,False,False,True,True,False,1-circle,-1.000000,6104.854206,-22478.058250,-0.014391,0.257175,100.000000,100.000000,0.000000,0.000000,2,4,4,0.0000,0.0000,0.0000,0.5000,"Accelerate",0.001125
5727,A0100,pursuit_chase_v1,UNKNOWN,14848.410492,28462.117815,3937.882185,395.573749,-32006.571138,20301.776905,500.962347,31411.985890,-1254.694132,4166.305087,29.282052,0.000424,False,False,False,False,True,True,False,1-circle,-1.000000,6104.854206,-22478.058250,-0.014391,0.257175,100.000000,100.000000,0.000000,0.000000,2,4,4,0.0000,0.0000,0.0000,0.5000,"PursuitChaseOptimal",0.009658
5727,B0100,aggressive,UNKNOWN,14848.410492,28462.117815,3937.882185,395.573749,-32006.571138,20301.776905,500.962347,31411.985890,-1254.694132,4166.305087,29.282052,0.000424,False,False,False,False,True,True,False,1-circle,-1.000000,6104.854206,-22478.058250,-0.014391,0.257175,100.000000,100.000000,0.000000,0.000000,2,4,4,0.0000,0.0000,0.0000,0.5000,"Accelerate",-0.009303
5728,A0100,pursuit_chase_v1,UNKNOWN,14842.931468,28463.133735,3936.866265,397.605683,-32005.198347,20302.864124,499.420980,31344.810229,-1343.513230,4052.992416,30.909343,0.008565,False,False,False,False,True,True,False,1-circle,-1.000000,6104.985373,-22423.100195,0.289805,0.166696,100.000000,100.000000,0.000000,0.000000,2,4,4,0.0000,0.0000,0.0000,0.5000,"PursuitChaseOptimal",0.002071
5728,B0100,aggressive,UNKNOWN,14842.931468,28463.133735,3936.866265,397.605683,-32005.198347,20302.864124,499.420980,31344.810229,-1343.513230,4052.992416,30.909343,0.008565,False,False,False,False,True,True,False,1-circle,-1.000000,6104.985373,-22423.100195,0.289805,0.166696,100.000000,100.000000,0.000000,0.000000,2,4,4,0.0000,0.0000,0.0000,0.5000,"Accelerate",-0.001613
5729,A0100,pursuit_chase_v1,UNKNOWN,14842.931468,28463.133735,3936.866265,397.605683,-32005.198347,20302.864124,499.420980,31344.810229,-1343.513230,4052.992416,30.909343,0.008565,False,False,False,False,True,True,False,1-circle,-1.000000,6104.985373,-22423.100195,0.289805,0.166696,100.000000,100.000000,0.000000,0.000000,2,4,4,0.0000,0.0000,0.0000,0.5000,"PursuitChaseOptimal",-0.008103
5729,B0100,aggressive,UNKNOWN,14842.931468,28463.133735,3936.866265,397.605683,-32005.198347,20302.864124,499.420980,31344.810229,-1343.513230,4052.992416,30.909343,0.008565,False,False,False,False,True,True,False,1-circle,-1.000000,6104.985373,-22423.100195,0.289805,0.166696,100.000000,100.000000,0.000000,0.000000,2,4,4,0.0000,0.0000,0.0000,0.5000,"Accelerate",0.008065
5730,A0100,pursuit_chase_v1,UNKNOWN,14837.115210,28463.671362,3936.328638,401.595531,-32003.195758,20304.020585,497.906672,31279.107018,-1314.064220,3948.418838,32.529329,0.038321,False,False,False,False,True,True,False,1-circle,-1.000000,6104.988185,-22707.792177,-1.292946,0.372429,100.000000,100.000000,0.000000,0.000000,2,4,4,0.0000,0.0000,0.0000,0.5000,"PursuitChaseOptimal",-0.012213
5730,B0100,aggressive,UNKNOWN,14837.115210,28463.671362,3936.328638,401.595531,-32003.195758,20304.020585,497.906672,31279.107018,-1314.064220,3948.418838,32.529329,0.038321,False,False,False,False,True,True,False,1-circle,-1.000000,6104.988185,-22707.792177,-1.292946,0.372429,100.000000,100.000000,0.000000,0.000000,2,4,4,0.0000,0.0000,0.0000,0.5000,"Accelerate",0.011949
5731,A0100,pursuit_chase_v1,UNKNOWN,14837.115210,28463.671362,3936.328638,401.595531,-32003.195758,20304.020585,497.906672,31279.107018,-1314.064220,3948.418838,32.529329,0.038321,False,False,False,False,True,True,False,1-circle,-1.000000,6104.988185,-22707.792177,-1.292946,0.372429,100.000000,100.000000,0.000000,0.000000,2,4,4,0.0000,0.0000,0.0000,0.5000,"PursuitChaseOptimal",0.002030
5731,B0100,aggressive,UNKNOWN,14837.115210,28463.671362,3936.328638,401.595531,-32003.195758,20304.020585,497.906672,31279.107018,-1314.064220,3948.418838,32.529329,0.038321,False,False,False,False,True,True,False,1-circle,-1.000000,6104.988185,-22707.792177,-1.292946,0.372429,100.000000,100.000000,0.000000,0.000000,2,4,4,0.0000,0.0000,0.0000,0.5000,"Accelerate",-0.002286
5732,A0100,pursuit_chase_v1,UNKNOWN,14831.038955,28453.185599,3946.814401,409.538613,-32003.872178,20305.104965,496.569252,31221.310573,-1155.928906,3858.755738,34.190971,0.032455,False,False,False,False,True,True,False,1-circle,-1.000000,6105.100839,-22278.352290,1.092397,0.148280,100.000000,100.000000,0.000000,0.000000,2,4,4,0.0000,0.0000,0.0000,0.5000,"PursuitChaseOptimal",0.002746
5732,B0100,aggressive,UNKNOWN,14831.038955,28453.185599,3946.814401,409.538613,-32003.872178,20305.104965,496.569252,31221.310573,-1155.928906,3858.755738,34.190971,0.032455,False,False,False,False,True,True,False,1-circle,-1.000000,6105.100839,-22278.352290,1.092397,0.148280,100.000000,100.000000,0.000000,0.000000,2,4,4,0.0000,0.0000,0.0000,0.5000,"Accelerate",-0.002561
5733,A0100,pursuit_chase_v1,UNKNOWN,14831.038955,28453.185599,3946.814401,409.538613,-32003.872178,20305.104965,496.569252,31221.310573,-1155.928906,3858.755738,34.190971,0.032455,False,False,False,False,True,True,False,1-circle,-1.000000,6105.100839,-22278.352290,1.092397,0.148280,100.000000,100.000000,0.000000,0.000000,2,4,4,0.0000,0.0000,0.0000,0.5000,"PursuitChaseOptimal",-0.015517
5733,B0100,aggressive,UNKNOWN,14831.038955,28453.185599,3946.814401,409.538613,-32003.872178,20305.104965,496.569252,31221.310573,-1155.928906,3858.755738,34.190971,0.032455,False,False,False,False,True,True,False,1-circle,-1.000000,6105.100839,-22278.352290,1.092397,0.148280,100.000000,100.000000,0.000000,0.000000,2,4,4,0.0000,0.0000,0.0000,0.5000,"Accelerate",0.016141
5734,A0100,pursuit_chase_v1,UNKNOWN,14824.658279,28455.857418,3944.142582,409.342350,-31998.747375,20306.169594,494.998518,31153.424729,-1357.716865,3751.383844,35.881670,0.040380,False,False,False,False,True,True,False,1-circle,-1.000000,6105.208538,-22718.921463,-1.355189,0.094636,100.000000,100.000000,0.000000,0.000000,2,4,4,0.0000,0.0000,0.0000,0.5000,"PursuitChaseOptimal",-0.018107
5734,B0100,aggressive,UNKNOWN,14824.658279,28455.857418,3944.142582,409.342350,-31998.747375,20306.169594,494.998518,31153.424729,-1357.716865,3751.383844,35.881670,0.040380,False,False,False,False,True,True,False,1-circle,-1.000000,6105.208538,-22718.921463,-1.355189,0.094636,100.000000,100.000000,0.000000,0.000000,2,4,4,0.0000,0.0000,0.0000,0.5000,"Accelerate",0.018212
5735,A0100,pursuit_chase_v1,UNKNOWN,14824.658279,28455.857418,3944.142582,409.342350,-31998.747375,20306.169594,494.998518,31153.424729,-1357.716865,3751.383844,35.881670,0.040380,False,False,False,False,True,True,False,1-circle,-1.000000,6105.208538,-22718.921463,-1.355189,0.094636,100.000000,100.000000,0.000000,0.000000,2,4,4,0.0000,0.0000,0.0000,0.5000,"PursuitChaseOptimal",-0.004928
5735,B0100,aggressive,UNKNOWN,14824.658279,28455.857418,3944.142582,409.342350,-31998.747375,20306.169594,494.998518,31153.424729,-1357.716865,3751.383844,35.881670,0.040380,False,False,False,False,True,True,False,1-circle,-1.000000,6105.208538,-22718.921463,-1.355189,0.094636,100.000000,100.000000,0.000000,0.000000,2,4,4,0.0000,0.0000,0.0000,0.5000,"Accelerate",0.004458
5736,A0100,pursuit_chase_v1,UNKNOWN,14817.991416,28444.113977,3955.886023,418.186143,-31999.602119,20307.218865,493.636215,31094.849924,-1171.496108,3657.115641,37.763439,0.000844,False,False,False,False,True,True,False,1-circle,-1.000000,6105.420412,-22480.215084,-0.028247,0.228044,100.000000,100.000000,0.000000,0.000000,2,4,4,0.0000,0.0000,0.0000,0.5000,"PursuitChaseOptimal",-0.000013
5736,B0100,aggressive,UNKNOWN,14817.991416,28444.113977,3955.886023,418.186143,-31999.602119,20307.218865,493.636215,31094.849924,-1171.496108,3657.115641,37.763439,0.000844,False,False,False,False,True,True,False,1-circle,-1.000000,6105.420412,-22480.215084,-0.028247,0.228044,100.000000,100.000000,0.000000,0.000000,2,4,4,0.0000,0.0000,0.0000,0.5000,"Accelerate",-0.000139
5737,A0100,pursuit_chase_v1,UNKNOWN,14817.991416,28444.113977,3955.886023,418.186143,-31999.602119,20307.218865,493.636215,31094.849924,-1171.496108,3657.115641,37.763439,0.000844,False,False,False,False,True,True,False,1-circle,-1.000000,6105.420412,-22480.215084,-0.028247,0.228044,100.000000,100.000000,0.000000,0.000000,2,4,4,0.0000,0.0000,0.0000,0.5000,"PursuitChaseOptimal",-0.013165
5737,B0100,aggressive,UNKNOWN,14817.991416,28444.113977,3955.886023,418.186143,-31999.602119,20307.218865,493.636215,31094.849924,-1171.496108,3657.115641,37.763439,0.000844,False,False,False,False,True,True,False,1-circle,-1.000000,6105.420412,-22480.215084,-0.028247,0.228044,100.000000,100.000000,0.000000,0.000000,2,4,4,0.0000,0.0000,0.0000,0.5000,"Accelerate",0.013863
5738,A0100,pursuit_chase_v1,UNKNOWN,14811.037658,28443.591737,3956.408263,421.984913,-31998.175840,20308.185792,492.170447,31031.847950,-1260.039481,3556.576980,39.415344,0.009218,False,False,False,False,True,True,False,1-circle,-1.000000,6105.724271,-22420.010872,0.307815,0.132228,100.000000,100.000000,0.000000,0.000000,2,4,4,0.0000,0.0000,0.0000,0.5000,"PursuitChaseOptimal",-0.013330
5738,B0100,aggressive,UNKNOWN,14811.037658,28443.591737,3956.408263,421.984913,-31998.175840,20308.185792,492.170447,31031.847950,-1260.039481,3556.576980,39.415344,0.009218,False,False,False,False,True,True,False,1-circle,-1.000000,6105.724271,-22420.010872,0.307815,0.132228,100.000000,100.000000,0.000000,0.000000,2,4,4,0.0000,0.0000,0.0000,0.5000,"Accelerate",0.014041
5739,A0100,pursuit_chase_v1,UNKNOWN,14811.037658,28443.591737,3956.408263,421.984913,-31998.175840,20308.185792,492.170447,31031.847950,-1260.039481,3556.576980,39.415344,0.009218,False,False,False,False,True,True,False,1-circle,-1.000000,6105.724271,-22420.010872,0.307815,0.132228,100.000000,100.000000,0.000000,0.000000,2,4,4,0.0000,0.0000,0.0000,0.5000,"PursuitChaseOptimal",0.005356
5739,B0100,aggressive,UNKNOWN,14811.037658,28443.591737,3956.408263,421.984913,-31998.175840,20308.185792,492.170447,31031.847950,-1260.039481,3556.576980,39.415344,0.009218,False,False,False,False,True,True,False,1-circle,-1.000000,6105.724271,-22420.010872,0.307815,0.132228,100.000000,100.000000,0.000000,0.000000,2,4,4,0.0000,0.0000,0.0000,0.5000,"Accelerate",-0.005627
5740,A0100,pursuit_chase_v1,UNKNOWN,14803.795291,28442.514215,3957.485785,427.290245,-31995.658661,20309.210031,490.731761,30970.270170,-1231.555599,3459.523948,40.948400,0.037375,False,False,False,False,True,True,False,1-circle,-1.000000,6106.024869,-22699.791978,-1.244598,0.332044,100.000000,100.000000,0.000000,0.000000,2,4,4,0.0000,0.0000,0.0000,0.5000,"PursuitChaseOptimal",0.014627
5740,B0100,aggressive,UNKNOWN,14803.795291,28442.514215,3957.485785,427.290245,-31995.658661,20309.210031,490.731761,30970.270170,-1231.555599,3459.523948,40.948400,0.037375,False,False,False,False,True,True,False,1-circle,-1.000000,6106.024869,-22699.791978,-1.244598,0.332044,100.000000,100.000000,0.000000,0.000000,2,4,4,0.0000,0.0000,0.0000,0.5000,"Accelerate",-0.015359
5741,A0100,pursuit_chase_v1,UNKNOWN,14803.795291,28442.514215,3957.485785,427.290245,-31995.658661,20309.210031,490.731761,30970.270170,-1231.555599,3459.523948,40.948400,0.037375,False,False,False,False,True,True,False,1-circle,-1.000000,6106.024869,-22699.791978,-1.244598,0.332044,100.000000,100.000000,0.000000,0.000000,2,4,4,0.0000,0.0000,0.0000,0.5000,"PursuitChaseOptimal",0.006103
5741,B0100,aggressive,UNKNOWN,14803.795291,28442.514215,3957.485785,427.290245,-31995.658661,20309.210031,490.731761,30970.270170,-1231.555599,3459.523948,40.948400,0.037375,False,False,False,False,True,True,False,1-circle,-1.000000,6106.024869,-22699.791978,-1.244598,0.332044,100.000000,100.000000,0.000000,0.000000,2,4,4,0.0000,0.0000,0.0000,0.5000,"Accelerate",-0.006343
5742,A0100,pursuit_chase_v1,UNKNOWN,14796.267002,28431.886229,3968.113771,430.993335,-31996.088642,20310.155058,489.438729,30915.107416,-1103.255079,3365.361935,42.408445,0.032421,False,False,False,False,True,True,False,1-circle,-1.000000,6106.304101,-22282.286754,1.077097,0.116015,100.000000,100.000000,0.000000,0.000000,2,4,4,0.0000,0.0000,0.0000,0.5000,"PursuitChaseOptimal",-0.008610
5742,B0100,aggressive,UNKNOWN,14796.267002,28431.886229,3968.113771,430.993335,-31996.088642,20310.155058,489.438729,30915.107416,-1103.255079,3365.361935,42.408445,0.032421,False,False,False,False,True,True,False,1-circle,-1.000000,6106.304101,-22282.286754,1.077097,0.116015,100.000000,100.000000,0.000000,0.000000,2,4,4,0.0000,0.0000,0.0000,0.5000,"Accelerate",0.009226
5743,A0100,pursuit_chase_v1,UNKNOWN,14796.267002,28431.886229,3968.113771,430.993335,-31996.088642,20310.155058,489.438729,30915.107416,-1103.255079,3365.361935,42.408445,0.032421,False,False,False,False,True,True,False,1-circle,-1.000000,6106.304101,-22282.286754,1.077097,0.116015,100.000000,100.000000,0.000000,0.000000,2,4,4,0.0000,0.0000,0.0000,0.5000,"PursuitChaseOptimal",-0.017575
5743,B0100,aggressive,UNKNOWN,14796.267002,28431.886229,3968.113771,430.993335,-31996.088642,20310.155058,489.438729,30915.107416,-1103.255079,3365.361935,42.408445,0.032421,False,False,False,False,True,True,False,1-circle,-1.000000,6106.304101,-22282.286754,1.077097,0.116015,100.000000,100.000000,0.000000,0.000000,2,4,4,0.0000,0.0000,0.0000,0.5000,"Accelerate",0.018353
5744,A0100,pursuit_chase_v1,UNKNOWN,14788.462836,28437.099197,3962.900803,434.611426,-31991.002633,20311.109902,487.964650,30852.278991,-1256.568498,3274.886182,43.867942,0.038596,False,False,False,False,True,True,False,1-circle,-1.000000,6106.550080,-22706.768386,-1.278692,0.289854,100.000000,100.000000,0.000000,0.000000,2,4,4,0.0000,0.0000,0.0000,0.5000,"PursuitChaseOptimal",-0.012469
5744,B0100,aggressive,UNKNOWN,14788.462836,28437.099197,3962.900803,434.611426,-31991.002633,20311.109902,487.964650,30852.278991,-1256.568498,3274.886182,43.867942,0.038596,False,False,False,False,True,True,False,1-circle,-1.000000,6106.550080,-22706.768386,-1.278692,0.289854,100.000000,100.000000,0.000000,0.000000,2,4,4,0.0000,0.0000,0.0000,0.5000,"Accelerate",0.012543
5745,A0100,pursuit_chase_v1,UNKNOWN,14788.462836,28437.099197,3962.900803,434.611426,-31991.002633,20311.109902,487.964650,30852.278991,-1256.568498,3274.886182,43.867942,0.038596,False,False,False,False,True,True,False,1-circle,-1.000000,6106.550080,-22706.768386,-1.278692,0.289854,100.000000,100.000000,0.000000,0.000000,2,4,4,0.0000,0.0000,0.0000,0.5000,"PursuitChaseOptimal",-0.002321
5745,B0100,aggressive,UNKNOWN,14788.462836,28437.099197,3962.900803,434.611426,-31991.002633,20311.109902,487.964650,30852.278991,-1256.568498,3274.886182,43.867942,0.038596,False,False,False,False,True,True,False,1-circle,-1.000000,6106.550080,-22706.768386,-1.278692,0.289854,100.000000,100.000000,0.000000,0.000000,2,4,4,0.0000,0.0000,0.0000,0.5000,"Accelerate",0.001899
5746,A0100,pursuit_chase_v1,UNKNOWN,14780.396109,28425.681944,3974.318056,442.177910,-31991.362615,20312.061490,486.688836,30798.181555,-1081.948719,3187.131624,45.558497,0.000393,False,False,False,False,True,True,False,1-circle,-1.000000,6106.874572,-22479.494809,-0.012980,0.226349,100.000000,100.000000,0.000000,0.000000,2,4,4,0.0000,0.0000,0.0000,0.5000,"PursuitChaseOptimal",0.008286
5746,B0100,aggressive,UNKNOWN,14780.396109,28425.681944,3974.318056,442.177910,-31991.362615,20312.061490,486.688836,30798.181555,-1081.948719,3187.131624,45.558497,0.000393,False,False,False,False,True,True,False,1-circle,-1.000000,6106.874572,-22479.494809,-0.012980,0.226349,100.000000,100.000000,0.000000,0.000000,2,4,4,0.0000,0.0000,0.0000,0.5000,"Accelerate",-0.008588
5747,A0100,pursuit_chase_v1,UNKNOWN,14780.396109,28425.681944,3974.318056,442.177910,-31991.362615,20312.061490,486.688836,30798.181555,-1081.948719,3187.131624,45.558497,0.000393,False,False,False,False,True,True,False,1-circle,-1.000000,6106.874572,-22479.494809,-0.012980,0.226349,100.000000,100.000000,0.000000,0.000000,2,4,4,0.0000,0.0000,0.0000,0.5000,"PursuitChaseOptimal",0.000696
5747,B0100,aggressive,UNKNOWN,14780.396109,28425.681944,3974.318056,442.177910,-31991.362615,20312.061490,486.688836,30798.181555,-1081.948719,3187.131624,45.558497,0.000393,False,False,False,False,True,True,False,1-circle,-1.000000,6106.874572,-22479.494809,-0.012980,0.226349,100.000000,100.000000,0.000000,0.000000,2,4,4,0.0000,0.0000,0.0000,0.5000,"Accelerate",-0.000258
5748,A0100,pursuit_chase_v1,UNKNOWN,14772.052712,28424.408648,3975.591352,444.327428,-31989.938996,20312.936503,485.284959,30738.648435,-1190.662408,3084.808883,47.043246,0.010543,False,False,False,False,True,True,False,1-circle,-1.000000,6107.227162,-22415.231279,0.347611,0.134797,100.000000,100.000000,0.000000,0.000000,2,4,4,0.0000,0.0000,0.0000,0.5000,"PursuitChaseOptimal",-0.009385
5748,B0100,aggressive,UNKNOWN,14772.052712,28424.408648,3975.591352,444.327428,-31989.938996,20312.936503,485.284959,30738.648435,-1190.662408,3084.808883,47.043246,0.010543,False,False,False,False,True,True,False,1-circle,-1.000000,6107.227162,-22415.231279,0.347611,0.134797,100.000000,100.000000,0.000000,0.000000,2,4,4,0.0000,0.0000,0.0000,0.5000,"Accelerate",0.010012
5749,A0100,pursuit_chase_v1,UNKNOWN,14772.052712,28424.408648,3975.591352,444.327428,-31989.938996,20312.936503,485.284959,30738.648435,-1190.662408,3084.808883,47.043246,0.010543,False,False,False,False,True,True,False,1-circle,-1.000000,6107.227162,-22415.231279,0.347611,0.134797,100.000000,100.000000,0.000000,0.000000,2,4,4,0.0000,0.0000,0.0000,0.5000,"PursuitChaseOptimal",-0.013451
5749,B0100,aggressive,UNKNOWN,14772.052712,28424.408648,3975.591352,444.327428,-31989.938996,20312.936503,485.284959,30738.648435,-1190.662408,3084.808883,47.043246,0.010543,False,False,False,False,True,True,False,1-circle,-1.000000,6107.227162,-22415.231279,0.347611,0.134797,100.000000,100.000000,0.000000,0.000000,2,4,4,0.0000,0.0000,0.0000,0.5000,"Accelerate",0.013548
5750,A0100,pursuit_chase_v1,UNKNOWN,14763.424123,28422.198862,3977.801138,452.368710,-31987.028472,20313.861454,483.921135,30681.055762,-1151.853453,3001.213050,48.504021,0.036043,False,False,False,False,True,True,False,1-circle,-1.000000,6107.526863,-22691.809681,-1.185185,0.318285,100.000000,100.000000,0.000000,0.000000,2,4,4,0.0000,0.0000,0.0000,0.5000,"PursuitChaseOptimal",0.000759
5750,B0100,aggressive,UNKNOWN,14763.424123,28422.198862,3977.801138,452.368710,-31987.028472,20313.861454,483.921135,30681.055762,-1151.853453,3001.213050,48.504021,0.036043,False,False,False,False,True,True,False,1-circle,-1.000000,6107.526863,-22691.809681,-1.185185,0.318285,100.000000,100.000000,0.000000,0.000000,2,4,4,0.0000,0.0000,0.0000,0.5000,"Accelerate",-0.001251
5751,A0100,pursuit_chase_v1,UNKNOWN,14763.424123,28422.198862,3977.801138,452.368710,-31987.028472,20313.861454,483.921135,30681.055762,-1151.853453,3001.213050,48.504021,0.036043,False,False,False,False,True,True,False,1-circle,-1.000000,6107.526863,-22691.809681,-1.185185,0.318285,100.000000,100.000000,0.000000,0.000000,2,4,4,0.0000,0.0000,0.0000,0.5000,"PursuitChaseOptimal",0.001477
5751,B0100,aggressive,UNKNOWN,14763.424123,28422.198862,3977.801138,452.368710,-31987.028472,20313.861454,483.921135,30681.055762,-1151.853453,3001.213050,48.504021,0.036043,False,False,False,False,True,True,False,1-circle,-1.000000,6107.526863,-22691.809681,-1.185185,0.318285,100.000000,100.000000,0.000000,0.000000,2,4,4,0.0000,0.0000,0.0000,0.5000,"Accelerate",-0.001651
5752,A0100,pursuit_chase_v1,UNKNOWN,14754.550813,28410.465260,3989.534740,454.806388,-31987.219260,20314.701677,482.694248,30629.394657,-1033.222109,2913.607163,50.070675,0.032881,False,False,False,False,True,True,False,1-circle,-1.000000,6107.916080,-22285.089313,1.078765,0.092898,100.000000,100.000000,0.000000,0.000000,2,4,4,0.0000,0.0000,0.0000,0.5000,"PursuitChaseOptimal",-0.016692
5752,B0100,aggressive,UNKNOWN,14754.550813,28410.465260,3989.534740,454.806388,-31987.219260,20314.701677,482.694248,30629.394657,-1033.222109,2913.607163,50.070675,0.032881,False,False,False,False,True,True,False,1-circle,-1.000000,6107.916080,-22285.089313,1.078765,0.092898,100.000000,100.000000,0.000000,0.000000,2,4,4,0.0000,0.0000,0.0000,0.5000,"Accelerate",0.017491
5753,A0100,pursuit_chase_v1,UNKNOWN,14754.550813,28410.465260,3989.534740,454.806388,-31987.219260,20314.701677,482.694248,30629.394657,-1033.222109,2913.607163,50.070675,0.032881,False,False,False,False,True,True,False,1-circle,-1.000000,6107.916080,-22285.089313,1.078765,0.092898,100.000000,100.000000,0.000000,0.000000,2,4,4,0.0000,0.0000,0.0000,0.5000,"PursuitChaseOptimal",-0.019242
5753,B0100,aggressive,UNKNOWN,14754.550813,28410.465260,3989.534740,454.806388,-31987.219260,20314.701677,482.694248,30629.394657,-1033.222109,2913.607163,50.070675,0.032881,False,False,False,False,True,True,False,1-circle,-1.000000,6107.916080,-22285.089313,1.078765,0.092898,100.000000,100.000000,0.000000,0.000000,2,4,4,0.0000,0.0000,0.0000,0.5000,"Accelerate",0.020110
5754,A0100,pursuit_chase_v1,UNKNOWN,14745.406153,28414.311377,3985.688623,461.116741,-31981.978891,20315.543642,481.288310,30570.237133,-1183.150471,2824.381930,51.604262,0.036739,False,False,False,False,True,True,False,1-circle,-1.000000,6108.337371,-22696.529819,-1.202115,0.254120,100.000000,100.000000,0.000000,0.000000,2,4,4,0.0000,0.0000,0.0000,0.5000,"PursuitChaseOptimal",-0.006042
5754,B0100,aggressive,UNKNOWN,14745.406153,28414.311377,3985.688623,461.116741,-31981.978891,20315.543642,481.288310,30570.237133,-1183.150471,2824.381930,51.604262,0.036739,False,False,False,False,True,True,False,1-circle,-1.000000,6108.337371,-22696.529819,-1.202115,0.254120,100.000000,100.000000,0.000000,0.000000,2,4,4,0.0000,0.0000,0.0000,0.5000,"Accelerate",0.006000
5755,A0100,pursuit_chase_v1,UNKNOWN,14745.406153,28414.311377,3985.688623,461.116741,-31981.978891,20315.543642,481.288310,30570.237133,-1183.150471,2824.381930,51.604262,0.036739,False,False,False,False,True,True,False,1-circle,-1.000000,6108.337371,-22696.529819,-1.202115,0.254120,100.000000,100.000000,0.000000,0.000000,2,4,4,0.0000,0.0000,0.0000,0.5000,"PursuitChaseOptimal",-0.001169
5755,B0100,aggressive,UNKNOWN,14745.406153,28414.311377,3985.688623,461.116741,-31981.978891,20315.543642,481.288310,30570.237133,-1183.150471,2824.381930,51.604262,0.036739,False,False,False,False,True,True,False,1-circle,-1.000000,6108.337371,-22696.529819,-1.202115,0.254120,100.000000,100.000000,0.000000,0.000000,2,4,4,0.0000,0.0000,0.0000,0.5000,"Accelerate",0.000715
5756,A0100,pursuit_chase_v1,UNKNOWN,14735.995922,28401.648294,3998.351706,464.120451,-31981.999751,20316.374248,480.077150,30519.520903,-1014.324602,2738.401440,53.252761,0.000069,False,False,False,False,True,True,False,1-circle,-1.000000,6108.827580,-22481.551781,-0.002253,0.192729,100.000000,100.000000,0.000000,0.000000,2,4,4,0.0000,0.0000,0.0000,0.5000,"PursuitChaseOptimal",-0.014309
5756,B0100,aggressive,UNKNOWN,14735.995922,28401.648294,3998.351706,464.120451,-31981.999751,20316.374248,480.077150,30519.520903,-1014.324602,2738.401440,53.252761,0.000069,False,False,False,False,True,True,False,1-circle,-1.000000,6108.827580,-22481.551781,-0.002253,0.192729,100.000000,100.000000,0.000000,0.000000,2,4,4,0.0000,0.0000,0.0000,0.5000,"Accelerate",0.014502
5757,A0100,pursuit_chase_v1,UNKNOWN,14735.995922,28401.648294,3998.351706,464.120451,-31981.999751,20316.374248,480.077150,30519.520903,-1014.324602,2738.401440,53.252761,0.000069,False,False,False,False,True,True,False,1-circle,-1.000000,6108.827580,-22481.551781,-0.002253,0.192729,100.000000,100.000000,0.000000,0.000000,2,4,4,0.0000,0.0000,0.0000,0.5000,"PursuitChaseOptimal",-0.014558
5757,B0100,aggressive,UNKNOWN,14735.995922,28401.648294,3998.351706,464.120451,-31981.999751,20316.374248,480.077150,30519.520903,-1014.324602,2738.401440,53.252761,0.000069,False,False,False,False,True,True,False,1-circle,-1.000000,6108.827580,-22481.551781,-0.002253,0.192729,100.000000,100.000000,0.000000,0.000000,2,4,4,0.0000,0.0000,0.0000,0.5000,"Accelerate",0.015355
5758,A0100,pursuit_chase_v1,UNKNOWN,14726.339856,28399.031479,4000.968521,474.805509,-31980.498658,20317.121493,478.739097,30463.471753,-1120.982997,2654.080449,54.776585,0.011519,False,False,False,False,True,True,False,1-circle,-1.000000,6109.435617,-22414.758382,0.375159,0.090640,100.000000,100.000000,0.000000,0.000000,2,4,4,0.0000,0.0000,0.0000,0.5000,"PursuitChaseOptimal",0.004042
5758,B0100,aggressive,UNKNOWN,14726.339856,28399.031479,4000.968521,474.805509,-31980.498658,20317.121493,478.739097,30463.471753,-1120.982997,2654.080449,54.776585,0.011519,False,False,False,False,True,True,False,1-circle,-1.000000,6109.435617,-22414.758382,0.375159,0.090640,100.000000,100.000000,0.000000,0.000000,2,4,4,0.0000,0.0000,0.0000,0.5000,"Accelerate",-0.003720
5759,A0100,pursuit_chase_v1,UNKNOWN,14726.339856,28399.031479,4000.968521,474.805509,-31980.498658,20317.121493,478.739097,30463.471753,-1120.982997,2654.080449,54.776585,0.011519,False,False,False,False,True,True,False,1-circle,-1.000000,6109.435617,-22414.758382,0.375159,0.090640,100.000000,100.000000,0.000000,0.000000,2,4,4,0.0000,0.0000,0.0000,0.5000,"PursuitChaseOptimal",0.013178
5759,B0100,aggressive,UNKNOWN,14726.339856,28399.031479,4000.968521,474.805509,-31980.498658,20317.121493,478.739097,30463.471753,-1120.982997,2654.080449,54.776585,0.011519,False,False,False,False,True,True,False,1-circle,-1.000000,6109.435617,-22414.758382,0.375159,0.090640,100.000000,100.000000,0.000000,0.000000,2,4,4,0.0000,0.0000,0.0000,0.5000,"Accelerate",-0.013698
5760,A0100,pursuit_chase_v1,UNKNOWN,14716.410446,28395.425542,4004.574458,474.227592,-31977.177222,20317.909259,477.440972,30409.309444,-1083.246190,2559.792986,56.094682,0.034881,False,False,False,False,True,True,False,1-circle,-1.000000,6109.989489,-22687.405390,-1.133086,0.269397,100.000000,100.000000,0.000000,0.000000,2,4,4,0.0000,0.0000,0.0000,0.5000,"PursuitChaseOptimal",0.004788
5760,B0100,aggressive,UNKNOWN,14716.410446,28395.425542,4004.574458,474.227592,-31977.177222,20317.909259,477.440972,30409.309444,-1083.246190,2559.792986,56.094682,0.034881,False,False,False,False,True,True,False,1-circle,-1.000000,6109.989489,-22687.405390,-1.133086,0.269397,100.000000,100.000000,0.000000,0.000000,2,4,4,0.0000,0.0000,0.0000,0.5000,"Accelerate",-0.005396
5761,A0100,pursuit_chase_v1,UNKNOWN,14716.410446,28395.425542,4004.574458,474.227592,-31977.177222,20317.909259,477.440972,30409.309444,-1083.246190,2559.792986,56.094682,0.034881,False,False,False,False,True,True,False,1-circle,-1.000000,6109.989489,-22687.405390,-1.133086,0.269397,100.000000,100.000000,0.000000,0.000000,2,4,4,0.0000,0.0000,0.0000,0.5000,"PursuitChaseOptimal",-0.009819
5761,B0100,aggressive,UNKNOWN,14716.410446,28395.425542,4004.574458,474.227592,-31977.177222,20317.909259,477.440972,30409.309444,-1083.246190,2559.792986,56.094682,0.034881,False,False,False,False,True,True,False,1-circle,-1.000000,6109.989489,-22687.405390,-1.133086,0.269397,100.000000,100.000000,0.000000,0.000000,2,4,4,0.0000,0.0000,0.0000,0.5000,"Accelerate",0.009895
5762,A0100,pursuit_chase_v1,UNKNOWN,14706.227446,28382.386300,4017.613700,481.148724,-31977.109032,20318.605302,476.277721,30360.891457,-968.359725,2486.565430,57.483299,0.032903,False,False,False,False,True,True,False,1-circle,-1.000000,6110.532225,-22292.702094,1.066478,0.043906,100.000000,100.000000,0.000000,0.000000,2,4,4,0.0000,0.0000,0.0000,0.5000,"PursuitChaseOptimal",-0.018598
5762,B0100,aggressive,UNKNOWN,14706.227446,28382.386300,4017.613700,481.148724,-31977.109032,20318.605302,476.277721,30360.891457,-968.359725,2486.565430,57.483299,0.032903,False,False,False,False,True,True,False,1-circle,-1.000000,6110.532225,-22292.702094,1.066478,0.043906,100.000000,100.000000,0.000000,0.000000,2,4,4,0.0000,0.0000,0.0000,0.5000,"Accelerate",0.019485
5763,A0100,pursuit_chase_v1,UNKNOWN,14706.227446,28382.386300,4017.613700,481.148724,-31977.109032,20318.605302,476.277721,30360.891457,-968.359725,2486.565430,57.483299,0.032903,False,False,False,False,True,True,False,1-circle,-1.000000,6110.532225,-22292.702094,1.066478,0.043906,100.000000,100.000000,0.000000,0.000000,2,4,4,0.0000,0.0000,0.0000,0.5000,"PursuitChaseOptimal",-0.013485
5763,B0100,aggressive,UNKNOWN,14706.227446,28382.386300,4017.613700,481.148724,-31977.109032,20318.605302,476.277721,30360.891457,-968.359725,2486.565430,57.483299,0.032903,False,False,False,False,True,True,False,1-circle,-1.000000,6110.532225,-22292.702094,1.066478,0.043906,100.000000,100.000000,0.000000,0.000000,2,4,4,0.0000,0.0000,0.0000,0.5000,"Accelerate",0.014319
5764,A0100,pursuit_chase_v1,UNKNOWN,14695.809005,28385.508787,4014.491213,485.835110,-31971.782005,20319.294323,474.937279,30305.133747,-1115.154206,2403.513459,58.905667,0.035411,False,False,False,False,True,True,False,1-circle,-1.000000,6111.140585,-22692.054682,-1.144854,0.195664,100.000000,100.000000,0.000000,0.000000,2,4,4,0.0000,0.0000,0.0000,0.5000,"PursuitChaseOptimal",-0.003356
5764,B0100,aggressive,UNKNOWN,14695.809005,28385.508787,4014.491213,485.835110,-31971.782005,20319.294323,474.937279,30305.133747,-1115.154206,2403.513459,58.905667,0.035411,False,False,False,False,True,True,False,1-circle,-1.000000,6111.140585,-22692.054682,-1.144854,0.195664,100.000000,100.000000,0.000000,0.000000,2,4,4,0.0000,0.0000,0.0000,0.5000,"Accelerate",0.003469
5765,A0100,pursuit_chase_v1,UNKNOWN,14695.809005,28385.508787,4014.491213,485.835110,-31971.782005,20319.294323,474.937279,30305.133747,-1115.154206,2403.513459,58.905667,0.035411,False,False,False,False,True,True,False,1-circle,-1.000000,6111.140585,-22692.054682,-1.144854,0.195664,100.000000,100.000000,0.000000,0.000000,2,4,4,0.0000,0.0000,0.0000,0.5000,"PursuitChaseOptimal",0.006980
5765,B0100,aggressive,UNKNOWN,14695.809005,28385.508787,4014.491213,485.835110,-31971.782005,20319.294323,474.937279,30305.133747,-1115.154206,2403.513459,58.905667,0.035411,False,False,False,False,True,True,False,1-circle,-1.000000,6111.140585,-22692.054682,-1.144854,0.195664,100.000000,100.000000,0.000000,0.000000,2,4,4,0.0000,0.0000,0.0000,0.5000,"Accelerate",-0.007565
5766,A0100,pursuit_chase_v1,UNKNOWN,14685.138298,28375.169465,4024.830535,489.637202,-31971.215643,20319.992110,473.785852,30257.471327,-953.248393,2320.279230,60.316753,0.000078,False,False,False,False,True,True,False,1-circle,-1.000000,6111.761006,-22487.814987,-0.002503,0.328966,100.000000,100.000000,0.000000,0.000000,2,4,4,0.0000,0.0000,0.0000,0.5000,"PursuitChaseOptimal",-0.000574
5766,B0100,aggressive,UNKNOWN,14685.138298,28375.169465,4024.830535,489.637202,-31971.215643,20319.992110,473.785852,30257.471327,-953.248393,2320.279230,60.316753,0.000078,False,False,False,False,True,True,False,1-circle,-1.000000,6111.761006,-22487.814987,-0.002503,0.328966,100.000000,100.000000,0.000000,0.000000,2,4,4,0.0000,0.0000,0.0000,0.5000,"Accelerate",0.000554
5767,A0100,pursuit_chase_v1,UNKNOWN,14685.138298,28375.169465,4024.830535,489.637202,-31971.215643,20319.992110,473.785852,30257.471327,-953.248393,2320.279230,60.316753,0.000078,False,False,False,False,True,True,False,1-circle,-1.000000,6111.761006,-22487.814987,-0.002503,0.328966,100.000000,100.000000,0.000000,0.000000,2,4,4,0.0000,0.0000,0.0000,0.5000,"PursuitChaseOptimal",-0.010592
5767,B0100,aggressive,UNKNOWN,14685.138298,28375.169465,4024.830535,489.637202,-31971.215643,20319.992110,473.785852,30257.471327,-953.248393,2320.279230,60.316753,0.000078,False,False,False,False,True,True,False,1-circle,-1.000000,6111.761006,-22487.814987,-0.002503,0.328966,100.000000,100.000000,0.000000,0.000000,2,4,4,0.0000,0.0000,0.0000,0.5000,"Accelerate",0.011401
5768,A0100,pursuit_chase_v1,UNKNOWN,14674.214082,28374.176126,4025.823874,494.675036,-31969.598429,20320.629219,472.525655,30205.314447,-1043.137604,2237.105655,61.645835,0.011958,False,False,False,False,True,True,False,1-circle,-1.000000,6112.384277,-22419.535214,0.384866,0.158837,100.000000,100.000000,0.000000,0.000000,2,4,4,0.0000,0.0000,0.0000,0.5000,"PursuitChaseOptimal",-0.014595
5768,B0100,aggressive,UNKNOWN,14674.214082,28374.176126,4025.823874,494.675036,-31969.598429,20320.629219,472.525655,30205.314447,-1043.137604,2237.105655,61.645835,0.011958,False,False,False,False,True,True,False,1-circle,-1.000000,6112.384277,-22419.535214,0.384866,0.158837,100.000000,100.000000,0.000000,0.000000,2,4,4,0.0000,0.0000,0.0000,0.5000,"Accelerate",0.015505
5769,A0100,pursuit_chase_v1,UNKNOWN,14674.214082,28374.176126,4025.823874,494.675036,-31969.598429,20320.629219,472.525655,30205.314447,-1043.137604,2237.105655,61.645835,0.011958,False,False,False,False,True,True,False,1-circle,-1.000000,6112.384277,-22419.535214,0.384866,0.158837,100.000000,100.000000,0.000000,0.000000,2,4,4,0.0000,0.0000,0.0000,0.5000,"PursuitChaseOptimal",-0.000421
5769,B0100,aggressive,UNKNOWN,14674.214082,28374.176126,4025.823874,494.675036,-31969.598429,20320.629219,472.525655,30205.314447,-1043.137604,2237.105655,61.645835,0.011958,False,False,False,False,True,True,False,1-circle,-1.000000,6112.384277,-22419.535214,0.384866,0.158837,100.000000,100.000000,0.000000,0.000000,2,4,4,0.0000,0.0000,0.0000,0.5000,"Accelerate",0.000304
5770,A0100,pursuit_chase_v1,UNKNOWN,14663.049710,28371.365590,4028.634410,499.146620,-31965.815519,20321.322793,471.297859,30154.706640,-1012.156137,2158.908142,62.960398,0.033904,False,False,False,False,True,True,False,1-circle,-1.000000,6112.990629,-22686.227209,-1.088521,0.311217,100.000000,100.000000,0.000000,0.000000,2,4,4,0.0000,0.0000,0.0000,0.5000,"PursuitChaseOptimal",0.000319
5770,B0100,aggressive,UNKNOWN,14663.049710,28371.365590,4028.634410,499.146620,-31965.815519,20321.322793,471.297859,30154.706640,-1012.156137,2158.908142,62.960398,0.033904,False,False,False,False,True,True,False,1-circle,-1.000000,6112.990629,-22686.227209,-1.088521,0.311217,100.000000,100.000000,0.000000,0.000000,2,4,4,0.0000,0.0000,0.0000,0.5000,"Accelerate",-0.000782
5771,A0100,pursuit_chase_v1,UNKNOWN,14663.049710,28371.365590,4028.634410,499.146620,-31965.815519,20321.322793,471.297859,30154.706640,-1012.156137,2158.908142,62.960398,0.033904,False,False,False,False,True,True,False,1-circle,-1.000000,6112.990629,-22686.227209,-1.088521,0.311217,100.000000,100.000000,0.000000,0.000000,2,4,4,0.0000,0.0000,0.0000,0.5000,"PursuitChaseOptimal",-0.017709
5771,B0100,aggressive,UNKNOWN,14663.049710,28371.365590,4028.634410,499.146620,-31965.815519,20321.322793,471.297859,30154.706640,-1012.156137,2158.908142,62.960398,0.033904,False,False,False,False,True,True,False,1-circle,-1.000000,6112.990629,-22686.227209,-1.088521,0.311217,100.000000,100.000000,0.000000,0.000000,2,4,4,0.0000,0.0000,0.0000,0.5000,"Accelerate",0.018087
5772,A0100,pursuit_chase_v1,UNKNOWN,14651.649715,28358.264213,4041.735787,505.875738,-31965.469362,20321.933075,470.197509,30109.454075,-905.051313,2086.648805,64.450205,0.032635,False,False,False,False,True,True,False,1-circle,-1.000000,6113.657157,-22303.683801,1.045560,0.079585,100.000000,100.000000,0.000000,0.000000,2,4,4,0.0000,0.0000,0.0000,0.5000,"PursuitChaseOptimal",-0.020283
5772,B0100,aggressive,UNKNOWN,14651.649715,28358.264213,4041.735787,505.875738,-31965.469362,20321.933075,470.197509,30109.454075,-905.051313,2086.648805,64.450205,0.032635,False,False,False,False,True,True,False,1-circle,-1.000000,6113.657157,-22303.683801,1.045560,0.079585,100.000000,100.000000,0.000000,0.000000,2,4,4,0.0000,0.0000,0.0000,0.5000,"Accelerate",0.021334
5773,A0100,pursuit_chase_v1,UNKNOWN,14651.649715,28358.264213,4041.735787,505.875738,-31965.469362,20321.933075,470.197509,30109.454075,-905.051313,2086.648805,64.450205,0.032635,False,False,False,False,True,True,False,1-circle,-1.000000,6113.657157,-22303.683801,1.045560,0.079585,100.000000,100.000000,0.000000,0.000000,2,4,4,0.0000,0.0000,0.0000,0.5000,"PursuitChaseOptimal",-0.007116
5773,B0100,aggressive,UNKNOWN,14651.649715,28358.264213,4041.735787,505.875738,-31965.469362,20321.933075,470.197509,30109.454075,-905.051313,2086.648805,64.450205,0.032635,False,False,False,False,True,True,False,1-circle,-1.000000,6113.657157,-22303.683801,1.045560,0.079585,100.000000,100.000000,0.000000,0.000000,2,4,4,0.0000,0.0000,0.0000,0.5000,"Accelerate",0.007830
5774,A0100,pursuit_chase_v1,UNKNOWN,14640.014593,28360.922199,4039.077801,508.837950,-31959.916940,20322.538546,468.914393,30056.714337,-1054.794764,2001.798941,65.867536,0.034254,False,False,False,False,True,True,False,1-circle,-1.000000,6114.419085,-22690.640241,-1.094729,0.198362,100.000000,100.000000,0.000000,0.000000,2,4,4,0.0000,0.0000,0.0000,0.5000,"PursuitChaseOptimal",-0.002253
5774,B0100,aggressive,UNKNOWN,14640.014593,28360.922199,4039.077801,508.837950,-31959.916940,20322.538546,468.914393,30056.714337,-1054.794764,2001.798941,65.867536,0.034254,False,False,False,False,True,True,False,1-circle,-1.000000,6114.419085,-22690.640241,-1.094729,0.198362,100.000000,100.000000,0.000000,0.000000,2,4,4,0.0000,0.0000,0.0000,0.5000,"Accelerate",0.002339
5775,A0100,pursuit_chase_v1,UNKNOWN,14640.014593,28360.922199,4039.077801,508.837950,-31959.916940,20322.538546,468.914393,30056.714337,-1054.794764,2001.798941,65.867536,0.034254,False,False,False,False,True,True,False,1-circle,-1.000000,6114.419085,-22690.640241,-1.094729,0.198362,100.000000,100.000000,0.000000,0.000000,2,4,4,0.0000,0.0000,0.0000,0.5000,"PursuitChaseOptimal",-0.015291
5775,B0100,aggressive,UNKNOWN,14640.014593,28360.922199,4039.077801,508.837950,-31959.916940,20322.538546,468.914393,30056.714337,-1054.794764,2001.798941,65.867536,0.034254,False,False,False,False,True,True,False,1-circle,-1.000000,6114.419085,-22690.640241,-1.094729,0.198362,100.000000,100.000000,0.000000,0.000000,2,4,4,0.0000,0.0000,0.0000,0.5000,"Accelerate",0.015359
5776,A0100,pursuit_chase_v1,UNKNOWN,14628.129399,28349.360354,4050.639646,515.239615,-31958.984669,20323.149026,467.827248,30012.241140,-889.463931,1929.902494,67.310717,0.000055,False,False,False,False,True,True,False,1-circle,-1.000000,6115.187003,-22495.688302,-0.001753,0.322642,100.000000,100.000000,0.000000,0.000000,2,4,4,0.0000,0.0000,0.0000,0.5000,"PursuitChaseOptimal",-0.015615
5776,B0100,aggressive,UNKNOWN,14628.129399,28349.360354,4050.639646,515.239615,-31958.984669,20323.149026,467.827248,30012.241140,-889.463931,1929.902494,67.310717,0.000055,False,False,False,False,True,True,False,1-circle,-1.000000,6115.187003,-22495.688302,-0.001753,0.322642,100.000000,100.000000,0.000000,0.000000,2,4,4,0.0000,0.0000,0.0000,0.5000,"Accelerate",0.016085
5777,A0100,pursuit_chase_v1,UNKNOWN,14628.129399,28349.360354,4050.639646,515.239615,-31958.984669,20323.149026,467.827248,30012.241140,-889.463931,1929.902494,67.310717,0.000055,False,False,False,False,True,True,False,1-circle,-1.000000,6115.187003,-22495.688302,-0.001753,0.322642,100.000000,100.000000,0.000000,0.000000,2,4,4,0.0000,0.0000,0.0000,0.5000,"PursuitChaseOptimal",0.002779
5777,B0100,aggressive,UNKNOWN,14628.129399,28349.360354,4050.639646,515.239615,-31958.984669,20323.149026,467.827248,30012.241140,-889.463931,1929.902494,67.310717,0.000055,False,False,False,False,True,True,False,1-circle,-1.000000,6115.187003,-22495.688302,-0.001753,0.322642,100.000000,100.000000,0.000000,0.000000,2,4,4,0.0000,0.0000,0.0000,0.5000,"Accelerate",-0.002341
5778,A0100,pursuit_chase_v1,UNKNOWN,14616.036872,28347.372492,4052.627508,521.967658,-31957.236644,20323.692353,466.625745,29963.080120,-983.220402,1852.377987,68.557606,0.012814,False,False,False,False,True,True,False,1-circle,-1.000000,6116.077817,-22423.883816,0.407739,0.143491,100.000000,100.000000,0.000000,0.000000,2,4,4,0.0000,0.0000,0.0000,0.5000,"PursuitChaseOptimal",0.011761
5778,B0100,aggressive,UNKNOWN,14616.036872,28347.372492,4052.627508,521.967658,-31957.236644,20323.692353,466.625745,29963.080120,-983.220402,1852.377987,68.557606,0.012814,False,False,False,False,True,True,False,1-circle,-1.000000,6116.077817,-22423.883816,0.407739,0.143491,100.000000,100.000000,0.000000,0.000000,2,4,4,0.0000,0.0000,0.0000,0.5000,"Accelerate",-0.011638
5779,A0100,pursuit_chase_v1,UNKNOWN,14616.036872,28347.372492,4052.627508,521.967658,-31957.236644,20323.692353,466.625745,29963.080120,-983.220402,1852.377987,68.557606,0.012814,False,False,False,False,True,True,False,1-circle,-1.000000,6116.077817,-22423.883816,0.407739,0.143491,100.000000,100.000000,0.000000,0.000000,2,4,4,0.0000,0.0000,0.0000,0.5000,"PursuitChaseOptimal",0.003575
5779,B0100,aggressive,UNKNOWN,14616.036872,28347.372492,4052.627508,521.967658,-31957.236644,20323.692353,466.625745,29963.080120,-983.220402,1852.377987,68.557606,0.012814,False,False,False,False,True,True,False,1-circle,-1.000000,6116.077817,-22423.883816,0.407739,0.143491,100.000000,100.000000,0.000000,0.000000,2,4,4,0.0000,0.0000,0.0000,0.5000,"Accelerate",-0.003844
5780,A0100,pursuit_chase_v1,UNKNOWN,14603.674616,28343.457546,4056.542454,520.856184,-31953.122386,20324.287521,465.456768,29915.439173,-952.818928,1769.978819,69.679638,0.033373,False,False,False,False,True,True,False,1-circle,-1.000000,6116.817281,-22689.840220,-1.059431,0.282090,100.000000,100.000000,0.000000,0.000000,2,4,4,0.0000,0.0000,0.0000,0.5000,"PursuitChaseOptimal",-0.010834
5780,B0100,aggressive,UNKNOWN,14603.674616,28343.457546,4056.542454,520.856184,-31953.122386,20324.287521,465.456768,29915.439173,-952.818928,1769.978819,69.679638,0.033373,False,False,False,False,True,True,False,1-circle,-1.000000,6116.817281,-22689.840220,-1.059431,0.282090,100.000000,100.000000,0.000000,0.000000,2,4,4,0.0000,0.0000,0.0000,0.5000,"Accelerate",0.010691
5781,A0100,pursuit_chase_v1,UNKNOWN,14603.674616,28343.457546,4056.542454,520.856184,-31953.122386,20324.287521,465.456768,29915.439173,-952.818928,1769.978819,69.679638,0.033373,False,False,False,False,True,True,False,1-circle,-1.000000,6116.817281,-22689.840220,-1.059431,0.282090,100.000000,100.000000,0.000000,0.000000,2,4,4,0.0000,0.0000,0.0000,0.5000,"PursuitChaseOptimal",-0.019408
5781,B0100,aggressive,UNKNOWN,14603.674616,28343.457546,4056.542454,520.856184,-31953.122386,20324.287521,465.456768,29915.439173,-952.818928,1769.978819,69.679638,0.033373,False,False,False,False,True,True,False,1-circle,-1.000000,6116.817281,-22689.840220,-1.059431,0.282090,100.000000,100.000000,0.000000,0.000000,2,4,4,0.0000,0.0000,0.0000,0.5000,"Accelerate",0.019912
5782,A0100,pursuit_chase_v1,UNKNOWN,14591.108291,28328.878822,4071.121178,532.143535,-31952.691739,20324.790064,464.415436,29873.074556,-847.292345,1711.257047,71.069785,0.033027,False,False,False,False,True,True,False,1-circle,-1.000000,6117.627398,-22312.768350,1.046317,0.048335,100.000000,100.000000,0.000000,0.000000,2,4,4,0.0000,0.0000,0.0000,0.5000,"PursuitChaseOptimal",-0.014375
5782,B0100,aggressive,UNKNOWN,14591.108291,28328.878822,4071.121178,532.143535,-31952.691739,20324.790064,464.415436,29873.074556,-847.292345,1711.257047,71.069785,0.033027,False,False,False,False,True,True,False,1-circle,-1.000000,6117.627398,-22312.768350,1.046317,0.048335,100.000000,100.000000,0.000000,0.000000,2,4,4,0.0000,0.0000,0.0000,0.5000,"Accelerate",0.015317
5783,A0100,pursuit_chase_v1,UNKNOWN,14591.108291,28328.878822,4071.121178,532.143535,-31952.691739,20324.790064,464.415436,29873.074556,-847.292345,1711.257047,71.069785,0.033027,False,False,False,False,True,True,False,1-circle,-1.000000,6117.627398,-22312.768350,1.046317,0.048335,100.000000,100.000000,0.000000,0.000000,2,4,4,0.0000,0.0000,0.0000,0.5000,"PursuitChaseOptimal",-0.004327
5783,B0100,aggressive,UNKNOWN,14591.108291,28328.878822,4071.121178,532.143535,-31952.691739,20324.790064,464.415436,29873.074556,-847.292345,1711.257047,71.069785,0.033027,False,False,False,False,True,True,False,1-circle,-1.000000,6117.627398,-22312.768350,1.046317,0.048335,100.000000,100.000000,0.000000,0.000000,2,4,4,0.0000,0.0000,0.0000,0.5000,"Accelerate",0.004974
5784,A0100,pursuit_chase_v1,UNKNOWN,14578.322378,28330.645652,4069.354348,533.288424,-31946.729973,20325.281598,463.181603,29822.898770,-1003.515720,1629.730725,72.366785,0.032717,False,False,False,False,True,True,False,1-circle,-1.000000,6118.523529,-22689.293792,-1.034006,0.150552,100.000000,100.000000,0.000000,0.000000,2,4,4,0.0000,0.0000,0.0000,0.5000,"PursuitChaseOptimal",0.005747
5784,B0100,aggressive,UNKNOWN,14578.322378,28330.645652,4069.354348,533.288424,-31946.729973,20325.281598,463.181603,29822.898770,-1003.515720,1629.730725,72.366785,0.032717,False,False,False,False,True,True,False,1-circle,-1.000000,6118.523529,-22689.293792,-1.034006,0.150552,100.000000,100.000000,0.000000,0.000000,2,4,4,0.0000,0.0000,0.0000,0.5000,"Accelerate",-0.005964
5785,A0100,pursuit_chase_v1,UNKNOWN,14578.322378,28330.645652,4069.354348,533.288424,-31946.729973,20325.281598,463.181603,29822.898770,-1003.515720,1629.730725,72.366785,0.032717,False,False,False,False,True,True,False,1-circle,-1.000000,6118.523529,-22689.293792,-1.034006,0.150552,100.000000,100.000000,0.000000,0.000000,2,4,4,0.0000,0.0000,0.0000,0.5000,"PursuitChaseOptimal",-0.001721
5785,B0100,aggressive,UNKNOWN,14578.322378,28330.645652,4069.354348,533.288424,-31946.729973,20325.281598,463.181603,29822.898770,-1003.515720,1629.730725,72.366785,0.032717,False,False,False,False,True,True,False,1-circle,-1.000000,6118.523529,-22689.293792,-1.034006,0.150552,100.000000,100.000000,0.000000,0.000000,2,4,4,0.0000,0.0000,0.0000,0.5000,"Accelerate",0.001313
5786,A0100,pursuit_chase_v1,UNKNOWN,14565.289628,28317.452633,4082.547367,537.394274,-31945.683694,20325.770465,462.151364,29781.184213,-834.291146,1554.929453,73.666716,0.000312,False,False,False,False,True,True,False,1-circle,-1.000000,6119.373594,-22503.503764,0.009843,0.272327,100.000000,100.000000,0.000000,0.000000,2,4,4,0.0000,0.0000,0.0000,0.5000,"PursuitChaseOptimal",-0.011655
5786,B0100,aggressive,UNKNOWN,14565.289628,28317.452633,4082.547367,537.394274,-31945.683694,20325.770465,462.151364,29781.184213,-834.291146,1554.929453,73.666716,0.000312,False,False,False,False,True,True,False,1-circle,-1.000000,6119.373594,-22503.503764,0.009843,0.272327,100.000000,100.000000,0.000000,0.000000,2,4,4,0.0000,0.0000,0.0000,0.5000,"Accelerate",0.011999
5787,A0100,pursuit_chase_v1,UNKNOWN,14565.289628,28317.452633,4082.547367,537.394274,-31945.683694,20325.770465,462.151364,29781.184213,-834.291146,1554.929453,73.666716,0.000312,False,False,False,False,True,True,False,1-circle,-1.000000,6119.373594,-22503.503764,0.009843,0.272327,100.000000,100.000000,0.000000,0.000000,2,4,4,0.0000,0.0000,0.0000,0.5000,"PursuitChaseOptimal",-0.015659
5787,B0100,aggressive,UNKNOWN,14565.289628,28317.452633,4082.547367,537.394274,-31945.683694,20325.770465,462.151364,29781.184213,-834.291146,1554.929453,73.666716,0.000312,False,False,False,False,True,True,False,1-circle,-1.000000,6119.373594,-22503.503764,0.009843,0.272327,100.000000,100.000000,0.000000,0.000000,2,4,4,0.0000,0.0000,0.0000,0.5000,"Accelerate",0.016757
5788,A0100,pursuit_chase_v1,UNKNOWN,14552.048485,28314.357135,4085.642865,547.581666,-31943.702458,20326.181830,461.003382,29734.679504,-930.094170,1488.899688,74.864910,0.014375,False,False,False,False,True,True,False,1-circle,-1.000000,6120.300000,-22426.039343,0.452420,0.091170,100.000000,100.000000,0.000000,0.000000,2,4,4,0.0000,0.0000,0.0000,0.5000,"PursuitChaseOptimal",-0.001575
5788,B0100,aggressive,UNKNOWN,14552.048485,28314.357135,4085.642865,547.581666,-31943.702458,20326.181830,461.003382,29734.679504,-930.094170,1488.899688,74.864910,0.014375,False,False,False,False,True,True,False,1-circle,-1.000000,6120.300000,-22426.039343,0.452420,0.091170,100.000000,100.000000,0.000000,0.000000,2,4,4,0.0000,0.0000,0.0000,0.5000,"Accelerate",0.002190
5789,A0100,pursuit_chase_v1,UNKNOWN,14552.048485,28314.357135,4085.642865,547.581666,-31943.702458,20326.181830,461.003382,29734.679504,-930.094170,1488.899688,74.864910,0.014375,False,False,False,False,True,True,False,1-circle,-1.000000,6120.300000,-22426.039343,0.452420,0.091170,100.000000,100.000000,0.000000,0.000000,2,4,4,0.0000,0.0000,0.0000,0.5000,"PursuitChaseOptimal",0.002519
5789,B0100,aggressive,UNKNOWN,14552.048485,28314.357135,4085.642865,547.581666,-31943.702458,20326.181830,461.003382,29734.679504,-930.094170,1488.899688,74.864910,0.014375,False,False,False,False,True,True,False,1-circle,-1.000000,6120.300000,-22426.039343,0.452420,0.091170,100.000000,100.000000,0.000000,0.000000,2,4,4,0.0000,0.0000,0.0000,0.5000,"Accelerate",-0.002595
5790,A0100,pursuit_chase_v1,UNKNOWN,14538.576220,28311.998089,4088.001911,544.991420,-31939.198222,20326.648138,459.897139,29690.045915,-892.671788,1414.016597,75.983690,0.032201,False,False,False,False,True,True,False,1-circle,-1.000000,6121.175438,-22691.696493,-1.011140,0.293921,100.000000,100.000000,0.000000,0.000000,2,4,4,0.0000,0.0000,0.0000,0.5000,"PursuitChaseOptimal",-0.011474
5790,B0100,aggressive,UNKNOWN,14538.576220,28311.998089,4088.001911,544.991420,-31939.198222,20326.648138,459.897139,29690.045915,-892.671788,1414.016597,75.983690,0.032201,False,False,False,False,True,True,False,1-circle,-1.000000,6121.175438,-22691.696493,-1.011140,0.293921,100.000000,100.000000,0.000000,0.000000,2,4,4,0.0000,0.0000,0.0000,0.5000,"Accelerate",0.011443
5791,A0100,pursuit_chase_v1,UNKNOWN,14538.576220,28311.998089,4088.001911,544.991420,-31939.198222,20326.648138,459.897139,29690.045915,-892.671788,1414.016597,75.983690,0.032201,False,False,False,False,True,True,False,1-circle,-1.000000,6121.175438,-22691.696493,-1.011140,0.293921,100.000000,100.000000,0.000000,0.000000,2,4,4,0.0000,0.0000,0.0000,0.5000,"PursuitChaseOptimal",-0.015993
5791,B0100,aggressive,UNKNOWN,14538.576220,28311.998089,4088.001911,544.991420,-31939.198222,20326.648138,459.897139,29690.045915,-892.671788,1414.016597,75.983690,0.032201,False,False,False,False,True,True,False,1-circle,-1.000000,6121.175438,-22691.696493,-1.011140,0.293921,100.000000,100.000000,0.000000,0.000000,2,4,4,0.0000,0.0000,0.0000,0.5000,"Accelerate",0.016549
5792,A0100,pursuit_chase_v1,UNKNOWN,14524.901538,28298.019248,4101.980752,558.503066,-31938.519572,20327.039856,458.899342,29649.851900,-803.880289,1355.982606,77.276140,0.033931,False,False,False,False,True,True,False,1-circle,-1.000000,6122.117101,-22320.602522,1.063336,0.161429,100.000000,100.000000,0.000000,0.000000,2,4,4,0.0000,0.0000,0.0000,0.5000,"PursuitChaseOptimal",-0.002457
5792,B0100,aggressive,UNKNOWN,14524.901538,28298.019248,4101.980752,558.503066,-31938.519572,20327.039856,458.899342,29649.851900,-803.880289,1355.982606,77.276140,0.033931,False,False,False,False,True,True,False,1-circle,-1.000000,6122.117101,-22320.602522,1.063336,0.161429,100.000000,100.000000,0.000000,0.000000,2,4,4,0.0000,0.0000,0.0000,0.5000,"Accelerate",0.003099
5793,A0100,pursuit_chase_v1,UNKNOWN,14524.901538,28298.019248,4101.980752,558.503066,-31938.519572,20327.039856,458.899342,29649.851900,-803.880289,1355.982606,77.276140,0.033931,False,False,False,False,True,True,False,1-circle,-1.000000,6122.117101,-22320.602522,1.063336,0.161429,100.000000,100.000000,0.000000,0.000000,2,4,4,0.0000,0.0000,0.0000,0.5000,"PursuitChaseOptimal",0.001743
5793,B0100,aggressive,UNKNOWN,14524.901538,28298.019248,4101.980752,558.503066,-31938.519572,20327.039856,458.899342,29649.851900,-803.880289,1355.982606,77.276140,0.033931,False,False,False,False,True,True,False,1-circle,-1.000000,6122.117101,-22320.602522,1.063336,0.161429,100.000000,100.000000,0.000000,0.000000,2,4,4,0.0000,0.0000,0.0000,0.5000,"Accelerate",-0.001240
5794,A0100,pursuit_chase_v1,UNKNOWN,14511.010399,28301.054086,4098.945914,553.722427,-31932.308243,20327.436190,457.707477,29601.884234,-959.353320,1276.070593,78.372808,0.030833,False,False,False,False,True,True,False,1-circle,-1.000000,6123.061601,-22687.876451,-0.963984,0.180775,100.000000,100.000000,0.000000,0.000000,2,4,4,0.0000,0.0000,0.0000,0.5000,"PursuitChaseOptimal",-0.011490
5794,B0100,aggressive,UNKNOWN,14511.010399,28301.054086,4098.945914,553.722427,-31932.308243,20327.436190,457.707477,29601.884234,-959.353320,1276.070593,78.372808,0.030833,False,False,False,False,True,True,False,1-circle,-1.000000,6123.061601,-22687.876451,-0.963984,0.180775,100.000000,100.000000,0.000000,0.000000,2,4,4,0.0000,0.0000,0.0000,0.5000,"Accelerate",0.011959
5795,A0100,pursuit_chase_v1,UNKNOWN,14511.010399,28301.054086,4098.945914,553.722427,-31932.308243,20327.436190,457.707477,29601.884234,-959.353320,1276.070593,78.372808,0.030833,False,False,False,False,True,True,False,1-circle,-1.000000,6123.061601,-22687.876451,-0.963984,0.180775,100.000000,100.000000,0.000000,0.000000,2,4,4,0.0000,0.0000,0.0000,0.5000,"PursuitChaseOptimal",-0.011323
5795,B0100,aggressive,UNKNOWN,14511.010399,28301.054086,4098.945914,553.722427,-31932.308243,20327.436190,457.707477,29601.884234,-959.353320,1276.070593,78.372808,0.030833,False,False,False,False,True,True,False,1-circle,-1.000000,6123.061601,-22687.876451,-0.963984,0.180775,100.000000,100.000000,0.000000,0.000000,2,4,4,0.0000,0.0000,0.0000,0.5000,"Accelerate",0.011306
5796,A0100,pursuit_chase_v1,UNKNOWN,14496.901506,28287.448951,4112.551049,566.613075,-31931.113834,20327.838558,456.732752,29562.827269,-781.139308,1216.542577,79.621041,0.001342,False,False,False,False,True,True,False,1-circle,-1.000000,6123.989217,-22509.223387,0.041866,0.285799,100.000000,100.000000,0.000000,0.000000,2,4,4,0.0000,0.0000,0.0000,0.5000,"PursuitChaseOptimal",0.004933
5796,B0100,aggressive,UNKNOWN,14496.901506,28287.448951,4112.551049,566.613075,-31931.113834,20327.838558,456.732752,29562.827269,-781.139308,1216.542577,79.621041,0.001342,False,False,False,False,True,True,False,1-circle,-1.000000,6123.989217,-22509.223387,0.041866,0.285799,100.000000,100.000000,0.000000,0.000000,2,4,4,0.0000,0.0000,0.0000,0.5000,"Accelerate",-0.005195
5797,A0100,pursuit_chase_v1,UNKNOWN,14496.901506,28287.448951,4112.551049,566.613075,-31931.113834,20327.838558,456.732752,29562.827269,-781.139308,1216.542577,79.621041,0.001342,False,False,False,False,True,True,False,1-circle,-1.000000,6123.989217,-22509.223387,0.041866,0.285799,100.000000,100.000000,0.000000,0.000000,2,4,4,0.0000,0.0000,0.0000,0.5000,"PursuitChaseOptimal",0.014356
5797,B0100,aggressive,UNKNOWN,14496.901506,28287.448951,4112.551049,566.613075,-31931.113834,20327.838558,456.732752,29562.827269,-781.139308,1216.542577,79.621041,0.001342,False,False,False,False,True,True,False,1-circle,-1.000000,6123.989217,-22509.223387,0.041866,0.285799,100.000000,100.000000,0.000000,0.000000,2,4,4,0.0000,0.0000,0.0000,0.5000,"Accelerate",-0.014377
5798,A0100,pursuit_chase_v1,UNKNOWN,14482.590130,28283.984286,4116.015714,566.773928,-31928.805705,20328.162367,455.633820,29518.764443,-881.256511,1138.286227,80.594979,0.016132,False,False,False,False,True,True,False,1-circle,-1.000000,6124.943647,-22428.792675,0.502322,0.093145,100.000000,100.000000,0.000000,0.000000,2,4,4,0.0000,0.0000,0.0000,0.5000,"PursuitChaseOptimal",0.005829
5798,B0100,aggressive,UNKNOWN,14482.590130,28283.984286,4116.015714,566.773928,-31928.805705,20328.162367,455.633820,29518.764443,-881.256511,1138.286227,80.594979,0.016132,False,False,False,False,True,True,False,1-circle,-1.000000,6124.943647,-22428.792675,0.502322,0.093145,100.000000,100.000000,0.000000,0.000000,2,4,4,0.0000,0.0000,0.0000,0.5000,"Accelerate",-0.005485
5799,A0100,pursuit_chase_v1,UNKNOWN,14482.590130,28283.984286,4116.015714,566.773928,-31928.805705,20328.162367,455.633820,29518.764443,-881.256511,1138.286227,80.594979,0.016132,False,False,False,False,True,True,False,1-circle,-1.000000,6124.943647,-22428.792675,0.502322,0.093145,100.000000,100.000000,0.000000,0.000000,2,4,4,0.0000,0.0000,0.0000,0.5000,"PursuitChaseOptimal",-0.008974
5799,B0100,aggressive,UNKNOWN,14482.590130,28283.984286,4116.015714,566.773928,-31928.805705,20328.162367,455.633820,29518.764443,-881.256511,1138.286227,80.594979,0.016132,False,False,False,False,True,True,False,1-circle,-1.000000,6124.943647,-22428.792675,0.502322,0.093145,100.000000,100.000000,0.000000,0.000000,2,4,4,0.0000,0.0000,0.0000,0.5000,"Accelerate",0.009329
5800,A0100,pursuit_chase_v1,UNKNOWN,14468.035060,28281.094694,4118.905306,568.678285,-31924.151793,20328.541071,454.575700,29476.505990,-845.169068,1074.620680,81.530263,0.030714,False,False,False,False,True,True,False,1-circle,-1.000000,6125.709172,-22693.363460,-0.954300,0.278178,100.000000,100.000000,0.000000,0.000000,2,4,4,0.0000,0.0000,0.0000,0.5000,"PursuitChaseOptimal",-0.017822
5800,B0100,aggressive,UNKNOWN,14468.035060,28281.094694,4118.905306,568.678285,-31924.151793,20328.541071,454.575700,29476.505990,-845.169068,1074.620680,81.530263,0.030714,False,False,False,False,True,True,False,1-circle,-1.000000,6125.709172,-22693.363460,-0.954300,0.278178,100.000000,100.000000,0.000000,0.000000,2,4,4,0.0000,0.0000,0.0000,0.5000,"Accelerate",0.018039
5801,A0100,pursuit_chase_v1,UNKNOWN,14468.035060,28281.094694,4118.905306,568.678285,-31924.151793,20328.541071,454.575700,29476.505990,-845.169068,1074.620680,81.530263,0.030714,False,False,False,False,True,True,False,1-circle,-1.000000,6125.709172,-22693.363460,-0.954300,0.278178,100.000000,100.000000,0.000000,0.000000,2,4,4,0.0000,0.0000,0.0000,0.5000,"PursuitChaseOptimal",-0.013230
5801,B0100,aggressive,UNKNOWN,14468.035060,28281.094694,4118.905306,568.678285,-31924.151793,20328.541071,454.575700,29476.505990,-845.169068,1074.620680,81.530263,0.030714,False,False,False,False,True,True,False,1-circle,-1.000000,6125.709172,-22693.363460,-0.954300,0.278178,100.000000,100.000000,0.000000,0.000000,2,4,4,0.0000,0.0000,0.0000,0.5000,"Accelerate",0.013697
5802,A0100,pursuit_chase_v1,UNKNOWN,14453.309098,28265.967910,4134.032090,580.702557,-31923.397298,20328.839108,453.626539,29438.641733,-757.285139,1018.865046,82.854066,0.035104,False,False,False,False,True,True,False,1-circle,-1.000000,6126.591512,-22328.135155,1.088590,0.145092,100.000000,100.000000,0.000000,0.000000,2,4,4,0.0000,0.0000,0.0000,0.5000,"PursuitChaseOptimal",-0.003593
5802,B0100,aggressive,UNKNOWN,14453.309098,28265.967910,4134.032090,580.702557,-31923.397298,20328.839108,453.626539,29438.641733,-757.285139,1018.865046,82.854066,0.035104,False,False,False,False,True,True,False,1-circle,-1.000000,6126.591512,-22328.135155,1.088590,0.145092,100.000000,100.000000,0.000000,0.000000,2,4,4,0.0000,0.0000,0.0000,0.5000,"Accelerate",0.004289
5803,A0100,pursuit_chase_v1,UNKNOWN,14453.309098,28265.967910,4134.032090,580.702557,-31923.397298,20328.839108,453.626539,29438.641733,-757.285139,1018.865046,82.854066,0.035104,False,False,False,False,True,True,False,1-circle,-1.000000,6126.591512,-22328.135155,1.088590,0.145092,100.000000,100.000000,0.000000,0.000000,2,4,4,0.0000,0.0000,0.0000,0.5000,"PursuitChaseOptimal",0.005902
5803,B0100,aggressive,UNKNOWN,14453.309098,28265.967910,4134.032090,580.702557,-31923.397298,20328.839108,453.626539,29438.641733,-757.285139,1018.865046,82.854066,0.035104,False,False,False,False,True,True,False,1-circle,-1.000000,6126.591512,-22328.135155,1.088590,0.145092,100.000000,100.000000,0.000000,0.000000,2,4,4,0.0000,0.0000,0.0000,0.5000,"Accelerate",-0.005576
5804,A0100,pursuit_chase_v1,UNKNOWN,14438.365345,28268.368536,4131.631464,577.484564,-31916.844264,20329.136664,452.481454,29393.005749,-912.719684,938.804747,83.897296,0.028738,False,False,False,False,True,True,False,1-circle,-1.000000,6127.478378,-22686.670179,-0.889145,0.151655,100.000000,100.000000,0.000000,0.000000,2,4,4,0.0000,0.0000,0.0000,0.5000,"PursuitChaseOptimal",-0.003353
5804,B0100,aggressive,UNKNOWN,14438.365345,28268.368536,4131.631464,577.484564,-31916.844264,20329.136664,452.481454,29393.005749,-912.719684,938.804747,83.897296,0.028738,False,False,False,False,True,True,False,1-circle,-1.000000,6127.478378,-22686.670179,-0.889145,0.151655,100.000000,100.000000,0.000000,0.000000,2,4,4,0.0000,0.0000,0.0000,0.5000,"Accelerate",0.003484
5805,A0100,pursuit_chase_v1,UNKNOWN,14438.365345,28268.368536,4131.631464,577.484564,-31916.844264,20329.136664,452.481454,29393.005749,-912.719684,938.804747,83.897296,0.028738,False,False,False,False,True,True,False,1-circle,-1.000000,6127.478378,-22686.670179,-0.889145,0.151655,100.000000,100.000000,0.000000,0.000000,2,4,4,0.0000,0.0000,0.0000,0.5000,"PursuitChaseOptimal",-0.016939
5805,B0100,aggressive,UNKNOWN,14438.365345,28268.368536,4131.631464,577.484564,-31916.844264,20329.136664,452.481454,29393.005749,-912.719684,938.804747,83.897296,0.028738,False,False,False,False,True,True,False,1-circle,-1.000000,6127.478378,-22686.670179,-0.889145,0.151655,100.000000,100.000000,0.000000,0.000000,2,4,4,0.0000,0.0000,0.0000,0.5000,"Accelerate",0.017136
5806,A0100,pursuit_chase_v1,UNKNOWN,14423.196574,28253.445514,4146.554486,585.526818,-31915.528305,20329.434344,451.556704,29356.293081,-734.253365,882.109218,85.144937,0.002193,False,False,False,False,True,True,False,1-circle,-1.000000,6128.310168,-22516.997353,0.067736,0.252010,100.000000,100.000000,0.000000,0.000000,2,4,4,0.0000,0.0000,0.0000,0.5000,"PursuitChaseOptimal",-0.018447
5806,B0100,aggressive,UNKNOWN,14423.196574,28253.445514,4146.554486,585.526818,-31915.528305,20329.434344,451.556704,29356.293081,-734.253365,882.109218,85.144937,0.002193,False,False,False,False,True,True,False,1-circle,-1.000000,6128.310168,-22516.997353,0.067736,0.252010,100.000000,100.000000,0.000000,0.000000,2,4,4,0.0000,0.0000,0.0000,0.5000,"Accelerate",0.019160
5807,A0100,pursuit_chase_v1,UNKNOWN,14423.196574,28253.445514,4146.554486,585.526818,-31915.528305,20329.434344,451.556704,29356.293081,-734.253365,882.109218,85.144937,0.002193,False,False,False,False,True,True,False,1-circle,-1.000000,6128.310168,-22516.997353,0.067736,0.252010,100.000000,100.000000,0.000000,0.000000,2,4,4,0.0000,0.0000,0.0000,0.5000,"PursuitChaseOptimal",-0.005726
5807,B0100,aggressive,UNKNOWN,14423.196574,28253.445514,4146.554486,585.526818,-31915.528305,20329.434344,451.556704,29356.293081,-734.253365,882.109218,85.144937,0.002193,False,False,False,False,True,True,False,1-circle,-1.000000,6128.310168,-22516.997353,0.067736,0.252010,100.000000,100.000000,0.000000,0.000000,2,4,4,0.0000,0.0000,0.0000,0.5000,"Accelerate",0.006524
5808,A0100,pursuit_chase_v1,UNKNOWN,14407.855283,28248.972411,4151.027589,592.527816,-31913.014025,20329.644821,450.505102,29314.508382,-835.693965,814.897360,86.360945,0.017862,False,False,False,False,True,True,False,1-circle,-1.000000,6129.297362,-22432.809153,0.550467,0.057098,100.000000,100.000000,0.000000,0.000000,2,4,4,0.0000,0.0000,0.0000,0.5000,"PursuitChaseOptimal",-0.002689
5808,B0100,aggressive,UNKNOWN,14407.855283,28248.972411,4151.027589,592.527816,-31913.014025,20329.644821,450.505102,29314.508382,-835.693965,814.897360,86.360945,0.017862,False,False,False,False,True,True,False,1-circle,-1.000000,6129.297362,-22432.809153,0.550467,0.057098,100.000000,100.000000,0.000000,0.000000,2,4,4,0.0000,0.0000,0.0000,0.5000,"Accelerate",0.003381
5809,A0100,pursuit_chase_v1,UNKNOWN,14407.855283,28248.972411,4151.027589,592.527816,-31913.014025,20329.644821,450.505102,29314.508382,-835.693965,814.897360,86.360945,0.017862,False,False,False,False,True,True,False,1-circle,-1.000000,6129.297362,-22432.809153,0.550467,0.057098,100.000000,100.000000,0.000000,0.000000,2,4,4,0.0000,0.0000,0.0000,0.5000,"PursuitChaseOptimal",-0.018651
5809,B0100,aggressive,UNKNOWN,14407.855283,28248.972411,4151.027589,592.527816,-31913.014025,20329.644821,450.505102,29314.508382,-835.693965,814.897360,86.360945,0.017862,False,False,False,False,True,True,False,1-circle,-1.000000,6129.297362,-22432.809153,0.550467,0.057098,100.000000,100.000000,0.000000,0.000000,2,4,4,0.0000,0.0000,0.0000,0.5000,"Accelerate",0.019477
5810,A0100,pursuit_chase_v1,UNKNOWN,14392.282255,28244.956473,4155.043527,594.535056,-31908.034975,20329.904932,449.492939,29274.440706,-801.353523,750.829318,87.511299,0.029365,False,False,False,False,True,True,False,1-circle,-1.000000,6130.229798,-22697.182721,-0.903081,0.230806,100.000000,100.000000,0.000000,0.000000,2,4,4,0.0000,0.0000,0.0000,0.5000,"PursuitChaseOptimal",-0.021267
5810,B0100,aggressive,UNKNOWN,14392.282255,28244.956473,4155.043527,594.535056,-31908.034975,20329.904932,449.492939,29274.440706,-801.353523,750.829318,87.511299,0.029365,False,False,False,False,True,True,False,1-circle,-1.000000,6130.229798,-22697.182721,-0.903081,0.230806,100.000000,100.000000,0.000000,0.000000,2,4,4,0.0000,0.0000,0.0000,0.5000,"Accelerate",0.021726
5811,A0100,pursuit_chase_v1,UNKNOWN,14392.282255,28244.956473,4155.043527,594.535056,-31908.034975,20329.904932,449.492939,29274.440706,-801.353523,750.829318,87.511299,0.029365,False,False,False,False,True,True,False,1-circle,-1.000000,6130.229798,-22697.182721,-0.903081,0.230806,100.000000,100.000000,0.000000,0.000000,2,4,4,0.0000,0.0000,0.0000,0.5000,"PursuitChaseOptimal",-0.007513
5811,B0100,aggressive,UNKNOWN,14392.282255,28244.956473,4155.043527,594.535056,-31908.034975,20329.904932,449.492939,29274.440706,-801.353523,750.829318,87.511299,0.029365,False,False,False,False,True,True,False,1-circle,-1.000000,6130.229798,-22697.182721,-0.903081,0.230806,100.000000,100.000000,0.000000,0.000000,2,4,4,0.0000,0.0000,0.0000,0.5000,"Accelerate",0.007775
5812,A0100,pursuit_chase_v1,UNKNOWN,14376.540847,28228.304174,4171.695826,605.726488,-31907.179936,20330.075559,448.591250,29238.761613,-713.581866,693.987683,88.859022,0.036081,False,False,False,False,True,True,False,1-circle,-1.000000,6131.339661,-22338.160316,1.107550,0.100100,100.000000,100.000000,0.000000,0.000000,2,4,4,0.0000,0.0000,0.0000,0.5000,"PursuitChaseOptimal",-0.002869
5812,B0100,aggressive,UNKNOWN,14376.540847,28228.304174,4171.695826,605.726488,-31907.179936,20330.075559,448.591250,29238.761613,-713.581866,693.987683,88.859022,0.036081,False,False,False,False,True,True,False,1-circle,-1.000000,6131.339661,-22338.160316,1.107550,0.100100,100.000000,100.000000,0.000000,0.000000,2,4,4,0.0000,0.0000,0.0000,0.5000,"Accelerate",0.003552
5813,A0100,pursuit_chase_v1,UNKNOWN,14376.540847,28228.304174,4171.695826,605.726488,-31907.179936,20330.075559,448.591250,29238.761613,-713.581866,693.987683,88.859022,0.036081,False,False,False,False,True,True,False,1-circle,-1.000000,6131.339661,-22338.160316,1.107550,0.100100,100.000000,100.000000,0.000000,0.000000,2,4,4,0.0000,0.0000,0.0000,0.5000,"PursuitChaseOptimal",-0.015857
5813,B0100,aggressive,UNKNOWN,14376.540847,28228.304174,4171.695826,605.726488,-31907.179936,20330.075559,448.591250,29238.761613,-713.581866,693.987683,88.859022,0.036081,False,False,False,False,True,True,False,1-circle,-1.000000,6131.339661,-22338.160316,1.107550,0.100100,100.000000,100.000000,0.000000,0.000000,2,4,4,0.0000,0.0000,0.0000,0.5000,"Accelerate",0.017204
5814,A0100,pursuit_chase_v1,UNKNOWN,14360.582311,28229.736784,4170.263216,604.996039,-31900.284088,20330.239002,447.491066,29195.280970,-869.612867,623.998145,89.954892,0.026770,False,False,False,False,True,True,False,1-circle,-1.000000,6132.456585,-22688.065392,-0.819941,0.097166,100.000000,100.000000,0.000000,0.000000,2,4,4,0.0000,0.0000,0.0000,0.5000,"PursuitChaseOptimal",-0.016068
5814,B0100,aggressive,UNKNOWN,14360.582311,28229.736784,4170.263216,604.996039,-31900.284088,20330.239002,447.491066,29195.280970,-869.612867,623.998145,89.954892,0.026770,False,False,False,False,True,True,False,1-circle,-1.000000,6132.456585,-22688.065392,-0.819941,0.097166,100.000000,100.000000,0.000000,0.000000,2,4,4,0.0000,0.0000,0.0000,0.5000,"Accelerate",0.016841
5815,A0100,pursuit_chase_v1,UNKNOWN,14360.582311,28229.736784,4170.263216,604.996039,-31900.284088,20330.239002,447.491066,29195.280970,-869.612867,623.998145,89.954892,0.026770,False,False,False,False,True,True,False,1-circle,-1.000000,6132.456585,-22688.065392,-0.819941,0.097166,100.000000,100.000000,0.000000,0.000000,2,4,4,0.0000,0.0000,0.0000,0.5000,"PursuitChaseOptimal",0.001620
5815,B0100,aggressive,UNKNOWN,14360.582311,28229.736784,4170.263216,604.996039,-31900.284088,20330.239002,447.491066,29195.280970,-869.612867,623.998145,89.954892,0.026770,False,False,False,False,True,True,False,1-circle,-1.000000,6132.456585,-22688.065392,-0.819941,0.097166,100.000000,100.000000,0.000000,0.000000,2,4,4,0.0000,0.0000,0.0000,0.5000,"Accelerate",-0.002253
5816,A0100,pursuit_chase_v1,UNKNOWN,14344.437451,28213.199371,4186.800629,614.769330,-31898.772666,20330.395864,446.613603,29160.705893,-691.501537,568.842109,91.108522,0.003047,False,False,False,False,True,True,False,1-circle,-1.000000,6133.625519,-22526.738211,0.093152,0.194021,100.000000,100.000000,0.000000,0.000000,2,4,4,0.0000,0.0000,0.0000,0.5000,"PursuitChaseOptimal",0.010204
5816,B0100,aggressive,UNKNOWN,14344.437451,28213.199371,4186.800629,614.769330,-31898.772666,20330.395864,446.613603,29160.705893,-691.501537,568.842109,91.108522,0.003047,False,False,False,False,True,True,False,1-circle,-1.000000,6133.625519,-22526.738211,0.093152,0.194021,100.000000,100.000000,0.000000,0.000000,2,4,4,0.0000,0.0000,0.0000,0.5000,"Accelerate",-0.010819
5817,A0100,pursuit_chase_v1,UNKNOWN,14344.437451,28213.199371,4186.800629,614.769330,-31898.772666,20330.395864,446.613603,29160.705893,-691.501537,568.842109,91.108522,0.003047,False,False,False,False,True,True,False,1-circle,-1.000000,6133.625519,-22526.738211,0.093152,0.194021,100.000000,100.000000,0.000000,0.000000,2,4,4,0.0000,0.0000,0.0000,0.5000,"PursuitChaseOptimal",0.002255
5817,B0100,aggressive,UNKNOWN,14344.437451,28213.199371,4186.800629,614.769330,-31898.772666,20330.395864,446.613603,29160.705893,-691.501537,568.842109,91.108522,0.003047,False,False,False,False,True,True,False,1-circle,-1.000000,6133.625519,-22526.738211,0.093152,0.194021,100.000000,100.000000,0.000000,0.000000,2,4,4,0.0000,0.0000,0.0000,0.5000,"Accelerate",-0.001825
5818,A0100,pursuit_chase_v1,UNKNOWN,14328.090856,28207.612307,4192.387693,615.408789,-31896.049924,20330.456941,445.607258,29121.017494,-793.767973,499.299664,92.016920,0.019579,False,False,False,False,True,True,False,1-circle,-1.000000,6134.781821,-22439.040701,0.597395,-0.001901,100.000000,100.000000,0.000000,0.000000,2,4,4,0.0000,0.0000,0.0000,0.5000,"PursuitChaseOptimal",-0.011843
5818,B0100,aggressive,UNKNOWN,14328.090856,28207.612307,4192.387693,615.408789,-31896.049924,20330.456941,445.607258,29121.017494,-793.767973,499.299664,92.016920,0.019579,False,False,False,False,True,True,False,1-circle,-1.000000,6134.781821,-22439.040701,0.597395,-0.001901,100.000000,100.000000,0.000000,0.000000,2,4,4,0.0000,0.0000,0.0000,0.5000,"Accelerate",0.013005
5819,A0100,pursuit_chase_v1,UNKNOWN,14328.090856,28207.612307,4192.387693,615.408789,-31896.049924,20330.456941,445.607258,29121.017494,-793.767973,499.299664,92.016920,0.019579,False,False,False,False,True,True,False,1-circle,-1.000000,6134.781821,-22439.040701,0.597395,-0.001901,100.000000,100.000000,0.000000,0.000000,2,4,4,0.0000,0.0000,0.0000,0.5000,"PursuitChaseOptimal",-0.020048
5819,B0100,aggressive,UNKNOWN,14328.090856,28207.612307,4192.387693,615.408789,-31896.049924,20330.456941,445.607258,29121.017494,-793.767973,499.299664,92.016920,0.019579,False,False,False,False,True,True,False,1-circle,-1.000000,6134.781821,-22439.040701,0.597395,-0.001901,100.000000,100.000000,0.000000,0.000000,2,4,4,0.0000,0.0000,0.0000,0.5000,"Accelerate",0.021028
5820,A0100,pursuit_chase_v1,UNKNOWN,14311.542555,28202.482797,4197.517203,621.536146,-31890.720804,20330.562405,444.638286,29082.934419,-761.661495,447.248316,93.059362,0.027895,False,False,False,False,True,True,False,1-circle,-1.000000,6135.864467,-22702.526977,-0.849396,0.161705,100.000000,100.000000,0.000000,0.000000,2,4,4,0.0000,0.0000,0.0000,0.5000,"PursuitChaseOptimal",-0.015288
5820,B0100,aggressive,UNKNOWN,14311.542555,28202.482797,4197.517203,621.536146,-31890.720804,20330.562405,444.638286,29082.934419,-761.661495,447.248316,93.059362,0.027895,False,False,False,False,True,True,False,1-circle,-1.000000,6135.864467,-22702.526977,-0.849396,0.161705,100.000000,100.000000,0.000000,0.000000,2,4,4,0.0000,0.0000,0.0000,0.5000,"Accelerate",0.015514
5821,A0100,pursuit_chase_v1,UNKNOWN,14311.542555,28202.482797,4197.517203,621.536146,-31890.720804,20330.562405,444.638286,29082.934419,-761.661495,447.248316,93.059362,0.027895,False,False,False,False,True,True,False,1-circle,-1.000000,6135.864467,-22702.526977,-0.849396,0.161705,100.000000,100.000000,0.000000,0.000000,2,4,4,0.0000,0.0000,0.0000,0.5000,"PursuitChaseOptimal",-0.005605
5821,B0100,aggressive,UNKNOWN,14311.542555,28202.482797,4197.517203,621.536146,-31890.720804,20330.562405,444.638286,29082.934419,-761.661495,447.248316,93.059362,0.027895,False,False,False,False,True,True,False,1-circle,-1.000000,6135.864467,-22702.526977,-0.849396,0.161705,100.000000,100.000000,0.000000,0.000000,2,4,4,0.0000,0.0000,0.0000,0.5000,"Accelerate",0.005785
5822,A0100,pursuit_chase_v1,UNKNOWN,14294.834510,28184.404319,4215.595681,631.505262,-31889.742266,20330.570117,443.782054,29049.265997,-673.368456,391.381730,94.332395,0.037192,False,False,False,False,True,True,False,1-circle,-1.000000,6137.113931,-22349.368845,1.130437,0.033366,100.000000,100.000000,0.000000,0.000000,2,4,4,0.0000,0.0000,0.0000,0.5000,"PursuitChaseOptimal",0.003776
5822,B0100,aggressive,UNKNOWN,14294.834510,28184.404319,4215.595681,631.505262,-31889.742266,20330.570117,443.782054,29049.265997,-673.368456,391.381730,94.332395,0.037192,False,False,False,False,True,True,False,1-circle,-1.000000,6137.113931,-22349.368845,1.130437,0.033366,100.000000,100.000000,0.000000,0.000000,2,4,4,0.0000,0.0000,0.0000,0.5000,"Accelerate",-0.003434
5823,A0100,pursuit_chase_v1,UNKNOWN,14294.834510,28184.404319,4215.595681,631.505262,-31889.742266,20330.570117,443.782054,29049.265997,-673.368456,391.381730,94.332395,0.037192,False,False,False,False,True,True,False,1-circle,-1.000000,6137.113931,-22349.368845,1.130437,0.033366,100.000000,100.000000,0.000000,0.000000,2,4,4,0.0000,0.0000,0.0000,0.5000,"PursuitChaseOptimal",-0.005069
5823,B0100,aggressive,UNKNOWN,14294.834510,28184.404319,4215.595681,631.505262,-31889.742266,20330.570117,443.782054,29049.265997,-673.368456,391.381730,94.332395,0.037192,False,False,False,False,True,True,False,1-circle,-1.000000,6137.113931,-22349.368845,1.130437,0.033366,100.000000,100.000000,0.000000,0.000000,2,4,4,0.0000,0.0000,0.0000,0.5000,"Accelerate",0.005913
5824,A0100,pursuit_chase_v1,UNKNOWN,14277.910329,28184.962206,4215.037794,627.912795,-31882.486189,20330.564339,442.725008,29007.775513,-829.809679,318.318832,95.300738,0.024640,False,False,False,False,True,True,False,1-circle,-1.000000,6138.324880,-22690.609028,-0.747345,0.022073,100.000000,100.000000,0.000000,0.000000,2,4,4,0.0000,0.0000,0.0000,0.5000,"PursuitChaseOptimal",-0.018218
5824,B0100,aggressive,UNKNOWN,14277.910329,28184.962206,4215.037794,627.912795,-31882.486189,20330.564339,442.725008,29007.775513,-829.809679,318.318832,95.300738,0.024640,False,False,False,False,True,True,False,1-circle,-1.000000,6138.324880,-22690.609028,-0.747345,0.022073,100.000000,100.000000,0.000000,0.000000,2,4,4,0.0000,0.0000,0.0000,0.5000,"Accelerate",0.019148
5825,A0100,pursuit_chase_v1,UNKNOWN,14277.910329,28184.962206,4215.037794,627.912795,-31882.486189,20330.564339,442.725008,29007.775513,-829.809679,318.318832,95.300738,0.024640,False,False,False,False,True,True,False,1-circle,-1.000000,6138.324880,-22690.609028,-0.747345,0.022073,100.000000,100.000000,0.000000,0.000000,2,4,4,0.0000,0.0000,0.0000,0.5000,"PursuitChaseOptimal",-0.019643
5825,B0100,aggressive,UNKNOWN,14277.910329,28184.962206,4215.037794,627.912795,-31882.486189,20330.564339,442.725008,29007.775513,-829.809679,318.318832,95.300738,0.024640,False,False,False,False,True,True,False,1-circle,-1.000000,6138.324880,-22690.609028,-0.747345,0.022073,100.000000,100.000000,0.000000,0.000000,2,4,4,0.0000,0.0000,0.0000,0.5000,"Accelerate",0.020139
5826,A0100,pursuit_chase_v1,UNKNOWN,14260.801536,28167.017836,4232.982164,642.404963,-31880.787263,20330.545778,441.892149,28975.140359,-652.703074,272.918611,96.537738,0.004160,False,False,False,False,True,True,False,1-circle,-1.000000,6139.574697,-22536.729869,0.125955,0.115488,100.000000,100.000000,0.000000,0.000000,2,4,4,0.0000,0.0000,0.0000,0.5000,"PursuitChaseOptimal",-0.007063
5826,B0100,aggressive,UNKNOWN,14260.801536,28167.017836,4232.982164,642.404963,-31880.787263,20330.545778,441.892149,28975.140359,-652.703074,272.918611,96.537738,0.004160,False,False,False,False,True,True,False,1-circle,-1.000000,6139.574697,-22536.729869,0.125955,0.115488,100.000000,100.000000,0.000000,0.000000,2,4,4,0.0000,0.0000,0.0000,0.5000,"Accelerate",0.007336
5827,A0100,pursuit_chase_v1,UNKNOWN,14260.801536,28167.017836,4232.982164,642.404963,-31880.787263,20330.545778,441.892149,28975.140359,-652.703074,272.918611,96.537738,0.004160,False,False,False,False,True,True,False,1-circle,-1.000000,6139.574697,-22536.729869,0.125955,0.115488,100.000000,100.000000,0.000000,0.000000,2,4,4,0.0000,0.0000,0.0000,0.5000,"PursuitChaseOptimal",-0.002862
5827,B0100,aggressive,UNKNOWN,14260.801536,28167.017836,4232.982164,642.404963,-31880.787263,20330.545778,441.892149,28975.140359,-652.703074,272.918611,96.537738,0.004160,False,False,False,False,True,True,False,1-circle,-1.000000,6139.574697,-22536.729869,0.125955,0.115488,100.000000,100.000000,0.000000,0.000000,2,4,4,0.0000,0.0000,0.0000,0.5000,"Accelerate",0.003566
5828,A0100,pursuit_chase_v1,UNKNOWN,14243.523284,28160.312879,4239.687121,643.065719,-31877.834284,20330.423547,440.928868,28937.370490,-755.397386,208.364755,97.639021,0.021520,False,False,False,False,True,True,False,1-circle,-1.000000,6140.964460,-22445.799101,0.650287,-0.081014,100.000000,100.000000,0.000000,0.000000,2,4,4,0.0000,0.0000,0.0000,0.5000,"PursuitChaseOptimal",-0.015943
5828,B0100,aggressive,UNKNOWN,14243.523284,28160.312879,4239.687121,643.065719,-31877.834284,20330.423547,440.928868,28937.370490,-755.397386,208.364755,97.639021,0.021520,False,False,False,False,True,True,False,1-circle,-1.000000,6140.964460,-22445.799101,0.650287,-0.081014,100.000000,100.000000,0.000000,0.000000,2,4,4,0.0000,0.0000,0.0000,0.5000,"Accelerate",0.017433
5829,A0100,pursuit_chase_v1,UNKNOWN,14243.523284,28160.312879,4239.687121,643.065719,-31877.834284,20330.423547,440.928868,28937.370490,-755.397386,208.364755,97.639021,0.021520,False,False,False,False,True,True,False,1-circle,-1.000000,6140.964460,-22445.799101,0.650287,-0.081014,100.000000,100.000000,0.000000,0.000000,2,4,4,0.0000,0.0000,0.0000,0.5000,"PursuitChaseOptimal",-0.019863
5829,B0100,aggressive,UNKNOWN,14243.523284,28160.312879,4239.687121,643.065719,-31877.834284,20330.423547,440.928868,28937.370490,-755.397386,208.364755,97.639021,0.021520,False,False,False,False,True,True,False,1-circle,-1.000000,6140.964460,-22445.799101,0.650287,-0.081014,100.000000,100.000000,0.000000,0.000000,2,4,4,0.0000,0.0000,0.0000,0.5000,"Accelerate",0.020967
5830,A0100,pursuit_chase_v1,UNKNOWN,14226.043344,28154.025107,4245.974893,651.920502,-31872.145841,20330.340868,440.001375,28901.116494,-725.079910,157.364429,98.682009,0.026149,False,False,False,False,True,True,False,1-circle,-1.000000,6142.335821,-22708.299510,-0.788643,0.073083,100.000000,100.000000,0.000000,0.000000,2,4,4,0.0000,0.0000,0.0000,0.5000,"PursuitChaseOptimal",-0.005957
5830,B0100,aggressive,UNKNOWN,14226.043344,28154.025107,4245.974893,651.920502,-31872.145841,20330.340868,440.001375,28901.116494,-725.079910,157.364429,98.682009,0.026149,False,False,False,False,True,True,False,1-circle,-1.000000,6142.335821,-22708.299510,-0.788643,0.073083,100.000000,100.000000,0.000000,0.000000,2,4,4,0.0000,0.0000,0.0000,0.5000,"Accelerate",0.005709
5831,A0100,pursuit_chase_v1,UNKNOWN,14226.043344,28154.025107,4245.974893,651.920502,-31872.145841,20330.340868,440.001375,28901.116494,-725.079910,157.364429,98.682009,0.026149,False,False,False,False,True,True,False,1-circle,-1.000000,6142.335821,-22708.299510,-0.788643,0.073083,100.000000,100.000000,0.000000,0.000000,2,4,4,0.0000,0.0000,0.0000,0.5000,"PursuitChaseOptimal",-0.001680
5831,B0100,aggressive,UNKNOWN,14226.043344,28154.025107,4245.974893,651.920502,-31872.145841,20330.340868,440.001375,28901.116494,-725.079910,157.364429,98.682009,0.026149,False,False,False,False,True,True,False,1-circle,-1.000000,6142.335821,-22708.299510,-0.788643,0.073083,100.000000,100.000000,0.000000,0.000000,2,4,4,0.0000,0.0000,0.0000,0.5000,"Accelerate",0.001649
5832,A0100,pursuit_chase_v1,UNKNOWN,14208.404345,28134.508199,4265.491801,657.027006,-31871.029780,20330.152880,439.188773,28869.300436,-636.321172,102.795047,99.857380,0.038560,False,False,False,False,True,True,False,1-circle,-1.000000,6143.838779,-22361.002599,1.160892,-0.053163,100.000000,100.000000,0.000000,0.000000,2,4,4,0.0000,0.0000,0.0000,0.5000,"PursuitChaseOptimal",-0.014599
5832,B0100,aggressive,UNKNOWN,14208.404345,28134.508199,4265.491801,657.027006,-31871.029780,20330.152880,439.188773,28869.300436,-636.321172,102.795047,99.857380,0.038560,False,False,False,False,True,True,False,1-circle,-1.000000,6143.838779,-22361.002599,1.160892,-0.053163,100.000000,100.000000,0.000000,0.000000,2,4,4,0.0000,0.0000,0.0000,0.5000,"Accelerate",0.016021
5833,A0100,pursuit_chase_v1,UNKNOWN,14208.404345,28134.508199,4265.491801,657.027006,-31871.029780,20330.152880,439.188773,28869.300436,-636.321172,102.795047,99.857380,0.038560,False,False,False,False,True,True,False,1-circle,-1.000000,6143.838779,-22361.002599,1.160892,-0.053163,100.000000,100.000000,0.000000,0.000000,2,4,4,0.0000,0.0000,0.0000,0.5000,"PursuitChaseOptimal",-0.014334
5833,B0100,aggressive,UNKNOWN,14208.404345,28134.508199,4265.491801,657.027006,-31871.029780,20330.152880,439.188773,28869.300436,-636.321172,102.795047,99.857380,0.038560,False,False,False,False,True,True,False,1-circle,-1.000000,6143.838779,-22361.002599,1.160892,-0.053163,100.000000,100.000000,0.000000,0.000000,2,4,4,0.0000,0.0000,0.0000,0.5000,"Accelerate",0.015796
5834,A0100,pursuit_chase_v1,UNKNOWN,14190.577138,28134.081153,4265.918847,662.373983,-31863.421784,20329.945578,438.172954,28829.637682,-793.255069,43.115434,100.829513,0.022290,False,False,False,False,True,True,False,1-circle,-1.000000,6145.363777,-22694.190438,-0.669707,-0.071935,100.000000,100.000000,0.000000,0.000000,2,4,4,0.0000,0.0000,0.0000,0.5000,"PursuitChaseOptimal",0.001892
5834,B0100,aggressive,UNKNOWN,14190.577138,28134.081153,4265.918847,662.373983,-31863.421784,20329.945578,438.172954,28829.637682,-793.255069,43.115434,100.829513,0.022290,False,False,False,False,True,True,False,1-circle,-1.000000,6145.363777,-22694.190438,-0.669707,-0.071935,100.000000,100.000000,0.000000,0.000000,2,4,4,0.0000,0.0000,0.0000,0.5000,"Accelerate",-0.002073
5835,A0100,pursuit_chase_v1,UNKNOWN,14190.577138,28134.081153,4265.918847,662.373983,-31863.421784,20329.945578,438.172954,28829.637682,-793.255069,43.115434,100.829513,0.022290,False,False,False,False,True,True,False,1-circle,-1.000000,6145.363777,-22694.190438,-0.669707,-0.071935,100.000000,100.000000,0.000000,0.000000,2,4,4,0.0000,0.0000,0.0000,0.5000,"PursuitChaseOptimal",0.010743
5835,B0100,aggressive,UNKNOWN,14190.577138,28134.081153,4265.918847,662.373983,-31863.421784,20329.945578,438.172954,28829.637682,-793.255069,43.115434,100.829513,0.022290,False,False,False,False,True,True,False,1-circle,-1.000000,6145.363777,-22694.190438,-0.669707,-0.071935,100.000000,100.000000,0.000000,0.000000,2,4,4,0.0000,0.0000,0.0000,0.5000,"Accelerate",-0.012021
5836,A0100,pursuit_chase_v1,DBFM,14172.564786,28114.675423,4285.324577,665.939500,-31861.476404,20329.719743,437.382610,28798.777248,-617.208689,-13.925502,101.782682,0.005430,False,False,False,False,False,True,False,1-circle,-1.000000,6146.864986,-22548.025592,0.162888,0.017839,100.000000,100.000000,0.000000,0.000000,2,4,4,0.0000,0.0000,0.0000,0.5000,"PursuitChaseOptimal",0.002688
5836,B0100,aggressive,DBFM,14172.564786,28114.675423,4285.324577,665.939500,-31861.476404,20329.719743,437.382610,28798.777248,-617.208689,-13.925502,101.782682,0.005430,False,False,False,False,False,True,False,1-circle,-1.000000,6146.864986,-22548.025592,0.162888,0.017839,100.000000,100.000000,0.000000,0.000000,2,4,4,0.0000,0.0000,0.0000,0.5000,"Accelerate",-0.002994
5837,A0100,pursuit_chase_v1,DBFM,14172.564786,28114.675423,4285.324577,665.939500,-31861.476404,20329.719743,437.382610,28798.777248,-617.208689,-13.925502,101.782682,0.005430,False,False,False,False,False,True,False,1-circle,-1.000000,6146.864986,-22548.025592,0.162888,0.017839,100.000000,100.000000,0.000000,0.000000,2,4,4,0.0000,0.0000,0.0000,0.5000,"PursuitChaseOptimal",-0.011463
5837,B0100,aggressive,DBFM,14172.564786,28114.675423,4285.324577,665.939500,-31861.476404,20329.719743,437.382610,28798.777248,-617.208689,-13.925502,101.782682,0.005430,False,False,False,False,False,True,False,1-circle,-1.000000,6146.864986,-22548.025592,0.162888,0.017839,100.000000,100.000000,0.000000,0.000000,2,4,4,0.0000,0.0000,0.0000,0.5000,"Accelerate",0.012702
5838,A0100,pursuit_chase_v1,DBFM,14154.374563,28106.949767,4293.050233,670.521672,-31858.305967,20329.382950,436.460189,28762.756377,-720.417414,-66.803582,102.635521,0.023564,False,False,False,False,False,True,False,1-circle,-1.000000,6148.350167,-22454.100936,0.705420,-0.178875,100.000000,100.000000,0.000000,0.000000,2,4,4,0.0000,0.0000,0.0000,0.5000,"PursuitChaseOptimal",-0.019612
5838,B0100,aggressive,DBFM,14154.374563,28106.949767,4293.050233,670.521672,-31858.305967,20329.382950,436.460189,28762.756377,-720.417414,-66.803582,102.635521,0.023564,False,False,False,False,False,True,False,1-circle,-1.000000,6148.350167,-22454.100936,0.705420,-0.178875,100.000000,100.000000,0.000000,0.000000,2,4,4,0.0000,0.0000,0.0000,0.5000,"Accelerate",0.021413
5839,A0100,pursuit_chase_v1,DBFM,14154.374563,28106.949767,4293.050233,670.521672,-31858.305967,20329.382950,436.460189,28762.756377,-720.417414,-66.803582,102.635521,0.023564,False,False,False,False,False,True,False,1-circle,-1.000000,6148.350167,-22454.100936,0.705420,-0.178875,100.000000,100.000000,0.000000,0.000000,2,4,4,0.0000,0.0000,0.0000,0.5000,"PursuitChaseOptimal",-0.015078
5839,B0100,aggressive,DBFM,14154.374563,28106.949767,4293.050233,670.521672,-31858.305967,20329.382950,436.460189,28762.756377,-720.417414,-66.803582,102.635521,0.023564,False,False,False,False,False,True,False,1-circle,-1.000000,6148.350167,-22454.100936,0.705420,-0.178875,100.000000,100.000000,0.000000,0.000000,2,4,4,0.0000,0.0000,0.0000,0.5000,"Accelerate",0.015960
5840,A0100,pursuit_chase_v1,DBFM,14136.013333,28099.619209,4300.380791,677.631915,-31852.239466,20329.081015,435.572213,28728.174029,-691.646969,-116.667047,103.675068,0.024371,False,False,False,False,False,True,False,1-circle,-1.000000,6149.841386,-22715.928392,-0.728215,-0.033986,100.000000,100.000000,0.000000,0.000000,2,4,4,0.0000,0.0000,0.0000,0.5000,"PursuitChaseOptimal",-0.005710
5840,B0100,aggressive,DBFM,14136.013333,28099.619209,4300.380791,677.631915,-31852.239466,20329.081015,435.572213,28728.174029,-691.646969,-116.667047,103.675068,0.024371,False,False,False,False,False,True,False,1-circle,-1.000000,6149.841386,-22715.928392,-0.728215,-0.033986,100.000000,100.000000,0.000000,0.000000,2,4,4,0.0000,0.0000,0.0000,0.5000,"Accelerate",0.005527
5841,A0100,pursuit_chase_v1,DBFM,14136.013333,28099.619209,4300.380791,677.631915,-31852.239466,20329.081015,435.572213,28728.174029,-691.646969,-116.667047,103.675068,0.024371,False,False,False,False,False,True,False,1-circle,-1.000000,6149.841386,-22715.928392,-0.728215,-0.033986,100.000000,100.000000,0.000000,0.000000,2,4,4,0.0000,0.0000,0.0000,0.5000,"PursuitChaseOptimal",0.003133
5841,B0100,aggressive,DBFM,14136.013333,28099.619209,4300.380791,677.631915,-31852.239466,20329.081015,435.572213,28728.174029,-691.646969,-116.667047,103.675068,0.024371,False,False,False,False,False,True,False,1-circle,-1.000000,6149.841386,-22715.928392,-0.728215,-0.033986,100.000000,100.000000,0.000000,0.000000,2,4,4,0.0000,0.0000,0.0000,0.5000,"Accelerate",-0.003258
5842,A0100,pursuit_chase_v1,DBFM,14117.490594,28082.279593,4317.720407,683.416876,-31850.982270,20328.678194,434.789956,28697.629951,-610.881544,-172.298938,104.713016,0.039904,False,False,False,False,False,True,False,1-circle,-1.000000,6151.439712,-22374.485417,1.190277,-0.063241,100.000000,100.000000,0.000000,0.000000,2,4,4,0.0000,0.0000,0.0000,0.5000,"PursuitChaseOptimal",-0.005693
5842,B0100,aggressive,DBFM,14117.490594,28082.279593,4317.720407,683.416876,-31850.982270,20328.678194,434.789956,28697.629951,-610.881544,-172.298938,104.713016,0.039904,False,False,False,False,False,True,False,1-circle,-1.000000,6151.439712,-22374.485417,1.190277,-0.063241,100.000000,100.000000,0.000000,0.000000,2,4,4,0.0000,0.0000,0.0000,0.5000,"Accelerate",0.006730
5843,A0100,pursuit_chase_v1,DBFM,14117.490594,28082.279593,4317.720407,683.416876,-31850.982270,20328.678194,434.789956,28697.629951,-610.881544,-172.298938,104.713016,0.039904,False,False,False,False,False,True,False,1-circle,-1.000000,6151.439712,-22374.485417,1.190277,-0.063241,100.000000,100.000000,0.000000,0.000000,2,4,4,0.0000,0.0000,0.0000,0.5000,"PursuitChaseOptimal",-0.018628
5843,B0100,aggressive,DBFM,14117.490594,28082.279593,4317.720407,683.416876,-31850.982270,20328.678194,434.789956,28697.629951,-610.881544,-172.298938,104.713016,0.039904,False,False,False,False,False,True,False,1-circle,-1.000000,6151.439712,-22374.485417,1.190277,-0.063241,100.000000,100.000000,0.000000,0.000000,2,4,4,0.0000,0.0000,0.0000,0.5000,"Accelerate",0.020607
5844,A0100,pursuit_chase_v1,DBFM,14098.772417,28084.530973,4315.469027,682.952183,-31843.043728,20328.286794,433.837273,28660.603725,-740.524522,-228.372592,105.560079,0.019982,False,False,False,False,False,True,False,1-circle,-1.000000,6152.974262,-22699.704499,-0.594896,0.069847,100.000000,100.000000,0.000000,0.000000,2,4,4,0.0000,0.0000,0.0000,0.5000,"PursuitChaseOptimal",-0.020082
5844,B0100,aggressive,DBFM,14098.772417,28084.530973,4315.469027,682.952183,-31843.043728,20328.286794,433.837273,28660.603725,-740.524522,-228.372592,105.560079,0.019982,False,False,False,False,False,True,False,1-circle,-1.000000,6152.974262,-22699.704499,-0.594896,0.069847,100.000000,100.000000,0.000000,0.000000,2,4,4,0.0000,0.0000,0.0000,0.5000,"Accelerate",0.021510
5845,A0100,pursuit_chase_v1,DBFM,14098.772417,28084.530973,4315.469027,682.952183,-31843.043728,20328.286794,433.837273,28660.603725,-740.524522,-228.372592,105.560079,0.019982,False,False,False,False,False,True,False,1-circle,-1.000000,6152.974262,-22699.704499,-0.594896,0.069847,100.000000,100.000000,0.000000,0.000000,2,4,4,0.0000,0.0000,0.0000,0.5000,"PursuitChaseOptimal",-0.007704
5845,B0100,aggressive,DBFM,14098.772417,28084.530973,4315.469027,682.952183,-31843.043728,20328.286794,433.837273,28660.603725,-740.524522,-228.372592,105.560079,0.019982,False,False,False,False,False,True,False,1-circle,-1.000000,6152.974262,-22699.704499,-0.594896,0.069847,100.000000,100.000000,0.000000,0.000000,2,4,4,0.0000,0.0000,0.0000,0.5000,"Accelerate",0.007726
5846,A0100,pursuit_chase_v1,DBFM,14079.897452,28067.416826,4332.583174,693.872131,-31840.828746,20327.906458,433.077514,28631.064979,-590.774919,-275.538440,106.690684,0.006643,False,False,False,False,False,True,False,1-circle,-1.000000,6154.568557,-22561.043441,0.197454,0.116056,100.000000,100.000000,0.000000,0.000000,2,4,4,0.0000,0.0000,0.0000,0.5000,"PursuitChaseOptimal",-0.004814
5846,B0100,aggressive,DBFM,14079.897452,28067.416826,4332.583174,693.872131,-31840.828746,20327.906458,433.077514,28631.064979,-590.774919,-275.538440,106.690684,0.006643,False,False,False,False,False,True,False,1-circle,-1.000000,6154.568557,-22561.043441,0.197454,0.116056,100.000000,100.000000,0.000000,0.000000,2,4,4,0.0000,0.0000,0.0000,0.5000,"Accelerate",0.005116
5847,A0100,pursuit_chase_v1,DBFM,14079.897452,28067.416826,4332.583174,693.872131,-31840.828746,20327.906458,433.077514,28631.064979,-590.774919,-275.538440,106.690684,0.006643,False,False,False,False,False,True,False,1-circle,-1.000000,6154.568557,-22561.043441,0.197454,0.116056,100.000000,100.000000,0.000000,0.000000,2,4,4,0.0000,0.0000,0.0000,0.5000,"PursuitChaseOptimal",-0.020204
5847,B0100,aggressive,DBFM,14079.897452,28067.416826,4332.583174,693.872131,-31840.828746,20327.906458,433.077514,28631.064979,-590.774919,-275.538440,106.690684,0.006643,False,False,False,False,False,True,False,1-circle,-1.000000,6154.568557,-22561.043441,0.197454,0.116056,100.000000,100.000000,0.000000,0.000000,2,4,4,0.0000,0.0000,0.0000,0.5000,"Accelerate",0.022249
5848,A0100,pursuit_chase_v1,DBFM,14060.853709,28061.336125,4338.663875,698.835981,-31837.495145,20327.437688,432.179353,28596.192022,-697.459154,-330.278330,107.712456,0.025544,False,False,False,False,False,True,False,1-circle,-1.000000,6156.248172,-22464.252987,0.757786,-0.111875,100.000000,100.000000,0.000000,0.000000,2,4,4,0.0000,0.0000,0.0000,0.5000,"PursuitChaseOptimal",-0.022686
5848,B0100,aggressive,DBFM,14060.853709,28061.336125,4338.663875,698.835981,-31837.495145,20327.437688,432.179353,28596.192022,-697.459154,-330.278330,107.712456,0.025544,False,False,False,False,False,True,False,1-circle,-1.000000,6156.248172,-22464.252987,0.757786,-0.111875,100.000000,100.000000,0.000000,0.000000,2,4,4,0.0000,0.0000,0.0000,0.5000,"Accelerate",0.024965
5849,A0100,pursuit_chase_v1,DBFM,14060.853709,28061.336125,4338.663875,698.835981,-31837.495145,20327.437688,432.179353,28596.192022,-697.459154,-330.278330,107.712456,0.025544,False,False,False,False,False,True,False,1-circle,-1.000000,6156.248172,-22464.252987,0.757786,-0.111875,100.000000,100.000000,0.000000,0.000000,2,4,4,0.0000,0.0000,0.0000,0.5000,"PursuitChaseOptimal",-0.009270
5849,B0100,aggressive,DBFM,14060.853709,28061.336125,4338.663875,698.835981,-31837.495145,20327.437688,432.179353,28596.192022,-697.459154,-330.278330,107.712456,0.025544,False,False,False,False,False,True,False,1-circle,-1.000000,6156.248172,-22464.252987,0.757786,-0.111875,100.000000,100.000000,0.000000,0.000000,2,4,4,0.0000,0.0000,0.0000,0.5000,"Accelerate",0.010013
5850,A0100,pursuit_chase_v1,DBFM,14041.637338,28055.739952,4344.260048,703.714362,-31831.006315,20327.020882,431.312465,28562.636683,-671.106762,-382.830656,108.725047,0.022489,False,False,False,False,False,True,False,1-circle,-1.000000,6157.965463,-22724.655512,-0.665932,0.012906,100.000000,100.000000,0.000000,0.000000,2,4,4,0.0000,0.0000,0.0000,0.5000,"PursuitChaseOptimal",-0.004839
5850,B0100,aggressive,DBFM,14041.637338,28055.739952,4344.260048,703.714362,-31831.006315,20327.020882,431.312465,28562.636683,-671.106762,-382.830656,108.725047,0.022489,False,False,False,False,False,True,False,1-circle,-1.000000,6157.965463,-22724.655512,-0.665932,0.012906,100.000000,100.000000,0.000000,0.000000,2,4,4,0.0000,0.0000,0.0000,0.5000,"Accelerate",0.004914
5851,A0100,pursuit_chase_v1,DBFM,14041.637338,28055.739952,4344.260048,703.714362,-31831.006315,20327.020882,431.312465,28562.636683,-671.106762,-382.830656,108.725047,0.022489,False,False,False,False,False,True,False,1-circle,-1.000000,6157.965463,-22724.655512,-0.665932,0.012906,100.000000,100.000000,0.000000,0.000000,2,4,4,0.0000,0.0000,0.0000,0.5000,"PursuitChaseOptimal",-0.017464
5851,B0100,aggressive,DBFM,14041.637338,28055.739952,4344.260048,703.714362,-31831.006315,20327.020882,431.312465,28562.636683,-671.106762,-382.830656,108.725047,0.022489,False,False,False,False,False,True,False,1-circle,-1.000000,6157.965463,-22724.655512,-0.665932,0.012906,100.000000,100.000000,0.000000,0.000000,2,4,4,0.0000,0.0000,0.0000,0.5000,"Accelerate",0.019017
5852,A0100,pursuit_chase_v1,DBFM,14022.257870,28042.800800,4357.199200,712.129044,-31829.565899,20326.542769,430.579859,28534.205092,-568.631820,-428.197159,109.687016,0.041243,False,False,False,False,False,True,False,1-circle,-1.000000,6159.745299,-22389.549393,1.219237,0.199825,100.000000,100.000000,0.000000,0.000000,2,4,4,0.0000,0.0000,0.0000,0.5000,"PursuitChaseOptimal",-0.017737
5852,B0100,aggressive,DBFM,14022.257870,28042.800800,4357.199200,712.129044,-31829.565899,20326.542769,430.579859,28534.205092,-568.631820,-428.197159,109.687016,0.041243,False,False,False,False,False,True,False,1-circle,-1.000000,6159.745299,-22389.549393,1.219237,0.199825,100.000000,100.000000,0.000000,0.000000,2,4,4,0.0000,0.0000,0.0000,0.5000,"Accelerate",0.019973
5853,A0100,pursuit_chase_v1,DBFM,14022.257870,28042.800800,4357.199200,712.129044,-31829.565899,20326.542769,430.579859,28534.205092,-568.631820,-428.197159,109.687016,0.041243,False,False,False,False,False,True,False,1-circle,-1.000000,6159.745299,-22389.549393,1.219237,0.199825,100.000000,100.000000,0.000000,0.000000,2,4,4,0.0000,0.0000,0.0000,0.5000,"PursuitChaseOptimal",-0.000581
5853,B0100,aggressive,DBFM,14022.257870,28042.800800,4357.199200,712.129044,-31829.565899,20326.542769,430.579859,28534.205092,-568.631820,-428.197159,109.687016,0.041243,False,False,False,False,False,True,False,1-circle,-1.000000,6159.745299,-22389.549393,1.219237,0.199825,100.000000,100.000000,0.000000,0.000000,2,4,4,0.0000,0.0000,0.0000,0.5000,"Accelerate",0.001630
5854,A0100,pursuit_chase_v1,DBFM,14002.723570,28049.420676,4350.579324,711.022539,-31821.246196,20326.118059,429.652712,28498.472089,-714.660076,-484.195430,110.322060,0.017655,False,False,False,False,False,True,False,1-circle,-1.000000,6161.518559,-22707.020821,-0.520961,0.347232,100.000000,100.000000,0.000000,0.000000,2,4,4,0.0000,0.0000,0.0000,0.5000,"PursuitChaseOptimal",0.007546
5854,B0100,aggressive,DBFM,14002.723570,28049.420676,4350.579324,711.022539,-31821.246196,20326.118059,429.652712,28498.472089,-714.660076,-484.195430,110.322060,0.017655,False,False,False,False,False,True,False,1-circle,-1.000000,6161.518559,-22707.020821,-0.520961,0.347232,100.000000,100.000000,0.000000,0.000000,2,4,4,0.0000,0.0000,0.0000,0.5000,"Accelerate",-0.007832
5855,A0100,pursuit_chase_v1,DBFM,14002.723570,28049.420676,4350.579324,711.022539,-31821.246196,20326.118059,429.652712,28498.472089,-714.660076,-484.195430,110.322060,0.017655,False,False,False,False,False,True,False,1-circle,-1.000000,6161.518559,-22707.020821,-0.520961,0.347232,100.000000,100.000000,0.000000,0.000000,2,4,4,0.0000,0.0000,0.0000,0.5000,"PursuitChaseOptimal",0.000013
5855,B0100,aggressive,DBFM,14002.723570,28049.420676,4350.579324,711.022539,-31821.246196,20326.118059,429.652712,28498.472089,-714.660076,-484.195430,110.322060,0.017655,False,False,False,False,False,True,False,1-circle,-1.000000,6161.518559,-22707.020821,-0.520961,0.347232,100.000000,100.000000,0.000000,0.000000,2,4,4,0.0000,0.0000,0.0000,0.5000,"Accelerate",-0.000367
5856,A0100,pursuit_chase_v1,DBFM,13982.997697,28035.364360,4364.635640,713.822622,-31818.720549,20325.744175,428.917140,28470.139776,-566.646261,-535.291276,111.064204,0.007876,False,False,False,False,False,True,False,1-circle,-1.000000,6163.133448,-22575.654581,0.232029,0.345221,100.000000,100.000000,0.000000,0.000000,2,4,4,0.0000,0.0000,0.0000,0.5000,"PursuitChaseOptimal",-0.013521
5856,B0100,aggressive,DBFM,13982.997697,28035.364360,4364.635640,713.822622,-31818.720549,20325.744175,428.917140,28470.139776,-566.646261,-535.291276,111.064204,0.007876,False,False,False,False,False,True,False,1-circle,-1.000000,6163.133448,-22575.654581,0.232029,0.345221,100.000000,100.000000,0.000000,0.000000,2,4,4,0.0000,0.0000,0.0000,0.5000,"Accelerate",0.014647
5857,A0100,pursuit_chase_v1,DBFM,13982.997697,28035.364360,4364.635640,713.822622,-31818.720549,20325.744175,428.917140,28470.139776,-566.646261,-535.291276,111.064204,0.007876,False,False,False,False,False,True,False,1-circle,-1.000000,6163.133448,-22575.654581,0.232029,0.345221,100.000000,100.000000,0.000000,0.000000,2,4,4,0.0000,0.0000,0.0000,0.5000,"PursuitChaseOptimal",-0.021149
5857,B0100,aggressive,DBFM,13982.997697,28035.364360,4364.635640,713.822622,-31818.720549,20325.744175,428.917140,28470.139776,-566.646261,-535.291276,111.064204,0.007876,False,False,False,False,False,True,False,1-circle,-1.000000,6163.133448,-22575.654581,0.232029,0.345221,100.000000,100.000000,0.000000,0.000000,2,4,4,0.0000,0.0000,0.0000,0.5000,"Accelerate",0.023542
5858,A0100,pursuit_chase_v1,DBFM,13963.130446,28031.551164,4368.448836,722.535075,-31815.211147,20325.309261,428.038398,28436.367470,-675.446118,-579.720751,111.926132,0.027506,False,False,False,False,False,True,False,1-circle,-1.000000,6164.781386,-22476.057453,0.808784,0.084960,100.000000,100.000000,0.000000,0.000000,2,4,4,0.0000,0.0000,0.0000,0.5000,"PursuitChaseOptimal",-0.016500
5858,B0100,aggressive,DBFM,13963.130446,28031.551164,4368.448836,722.535075,-31815.211147,20325.309261,428.038398,28436.367470,-675.446118,-579.720751,111.926132,0.027506,False,False,False,False,False,True,False,1-circle,-1.000000,6164.781386,-22476.057453,0.808784,0.084960,100.000000,100.000000,0.000000,0.000000,2,4,4,0.0000,0.0000,0.0000,0.5000,"Accelerate",0.018570
5859,A0100,pursuit_chase_v1,DBFM,13963.130446,28031.551164,4368.448836,722.535075,-31815.211147,20325.309261,428.038398,28436.367470,-675.446118,-579.720751,111.926132,0.027506,False,False,False,False,False,True,False,1-circle,-1.000000,6164.781386,-22476.057453,0.808784,0.084960,100.000000,100.000000,0.000000,0.000000,2,4,4,0.0000,0.0000,0.0000,0.5000,"PursuitChaseOptimal",-0.007112
5859,B0100,aggressive,DBFM,13963.130446,28031.551164,4368.448836,722.535075,-31815.211147,20325.309261,428.038398,28436.367470,-675.446118,-579.720751,111.926132,0.027506,False,False,False,False,False,True,False,1-circle,-1.000000,6164.781386,-22476.057453,0.808784,0.084960,100.000000,100.000000,0.000000,0.000000,2,4,4,0.0000,0.0000,0.0000,0.5000,"Accelerate",0.007735
5860,A0100,pursuit_chase_v1,DBFM,13943.094550,28026.347380,4373.652620,725.076228,-31808.314545,20324.945200,427.200963,28404.296719,-641.415015,-632.704471,112.837571,0.020496,False,False,False,False,False,True,False,1-circle,-1.000000,6166.427252,-22734.179918,-0.601599,0.172081,100.000000,100.000000,0.000000,0.000000,2,4,4,0.0000,0.0000,0.0000,0.5000,"PursuitChaseOptimal",0.001548
5860,B0100,aggressive,DBFM,13943.094550,28026.347380,4373.652620,725.076228,-31808.314545,20324.945200,427.200963,28404.296719,-641.415015,-632.704471,112.837571,0.020496,False,False,False,False,False,True,False,1-circle,-1.000000,6166.427252,-22734.179918,-0.601599,0.172081,100.000000,100.000000,0.000000,0.000000,2,4,4,0.0000,0.0000,0.0000,0.5000,"Accelerate",-0.002133
5861,A0100,pursuit_chase_v1,DBFM,13943.094550,28026.347380,4373.652620,725.076228,-31808.314545,20324.945200,427.200963,28404.296719,-641.415015,-632.704471,112.837571,0.020496,False,False,False,False,False,True,False,1-circle,-1.000000,6166.427252,-22734.179918,-0.601599,0.172081,100.000000,100.000000,0.000000,0.000000,2,4,4,0.0000,0.0000,0.0000,0.5000,"PursuitChaseOptimal",-0.006936
5861,B0100,aggressive,DBFM,13943.094550,28026.347380,4373.652620,725.076228,-31808.314545,20324.945200,427.200963,28404.296719,-641.415015,-632.704471,112.837571,0.020496,False,False,False,False,False,True,False,1-circle,-1.000000,6166.427252,-22734.179918,-0.601599,0.172081,100.000000,100.000000,0.000000,0.000000,2,4,4,0.0000,0.0000,0.0000,0.5000,"Accelerate",0.007658
5862,A0100,pursuit_chase_v1,DBFM,13922.893325,28009.693423,4390.306577,731.136465,-31806.719783,20324.499973,426.477337,28376.503832,-555.857731,-683.644917,113.768148,0.042728,False,False,False,False,False,True,False,1-circle,-1.000000,6168.102162,-22404.844097,1.252029,0.113110,100.000000,100.000000,0.000000,0.000000,2,4,4,0.0000,0.0000,0.0000,0.5000,"PursuitChaseOptimal",-0.020031
5862,B0100,aggressive,DBFM,13922.893325,28009.693423,4390.306577,731.136465,-31806.719783,20324.499973,426.477337,28376.503832,-555.857731,-683.644917,113.768148,0.042728,False,False,False,False,False,True,False,1-circle,-1.000000,6168.102162,-22404.844097,1.252029,0.113110,100.000000,100.000000,0.000000,0.000000,2,4,4,0.0000,0.0000,0.0000,0.5000,"Accelerate",0.022414
5863,A0100,pursuit_chase_v1,DBFM,13922.893325,28009.693423,4390.306577,731.136465,-31806.719783,20324.499973,426.477337,28376.503832,-555.857731,-683.644917,113.768148,0.042728,False,False,False,False,False,True,False,1-circle,-1.000000,6168.102162,-22404.844097,1.252029,0.113110,100.000000,100.000000,0.000000,0.000000,2,4,4,0.0000,0.0000,0.0000,0.5000,"PursuitChaseOptimal",-0.020299
5863,B0100,aggressive,DBFM,13922.893325,28009.693423,4390.306577,731.136465,-31806.719783,20324.499973,426.477337,28376.503832,-555.857731,-683.644917,113.768148,0.042728,False,False,False,False,False,True,False,1-circle,-1.000000,6168.102162,-22404.844097,1.252029,0.113110,100.000000,100.000000,0.000000,0.000000,2,4,4,0.0000,0.0000,0.0000,0.5000,"Accelerate",0.022819
5864,A0100,pursuit_chase_v1,DBFM,13902.533035,28012.488348,4387.511652,735.710099,-31798.098681,20324.078926,425.578296,28342.170296,-686.670733,-731.053065,114.563650,0.015165,False,False,False,False,False,True,False,1-circle,-1.000000,6169.780445,-22714.399619,-0.443566,0.217757,100.000000,100.000000,0.000000,0.000000,2,4,4,0.0000,0.0000,0.0000,0.5000,"PursuitChaseOptimal",-0.008425
5864,B0100,aggressive,DBFM,13902.533035,28012.488348,4387.511652,735.710099,-31798.098681,20324.078926,425.578296,28342.170296,-686.670733,-731.053065,114.563650,0.015165,False,False,False,False,False,True,False,1-circle,-1.000000,6169.780445,-22714.399619,-0.443566,0.217757,100.000000,100.000000,0.000000,0.000000,2,4,4,0.0000,0.0000,0.0000,0.5000,"Accelerate",0.009262
5865,A0100,pursuit_chase_v1,DBFM,13902.533035,28012.488348,4387.511652,735.710099,-31798.098681,20324.078926,425.578296,28342.170296,-686.670733,-731.053065,114.563650,0.015165,False,False,False,False,False,True,False,1-circle,-1.000000,6169.780445,-22714.399619,-0.443566,0.217757,100.000000,100.000000,0.000000,0.000000,2,4,4,0.0000,0.0000,0.0000,0.5000,"PursuitChaseOptimal",-0.005756
5865,B0100,aggressive,DBFM,13902.533035,28012.488348,4387.511652,735.710099,-31798.098681,20324.078926,425.578296,28342.170296,-686.670733,-731.053065,114.563650,0.015165,False,False,False,False,False,True,False,1-circle,-1.000000,6169.780445,-22714.399619,-0.443566,0.217757,100.000000,100.000000,0.000000,0.000000,2,4,4,0.0000,0.0000,0.0000,0.5000,"Accelerate",0.005751
5866,A0100,pursuit_chase_v1,DBFM,13882.011567,27994.620480,4405.379520,739.601731,-31795.293699,20323.675479,424.881594,28315.535980,-532.686319,-778.553889,115.599346,0.009487,False,False,False,False,False,True,False,1-circle,-1.000000,6171.479853,-22589.091233,0.277082,0.244800,100.000000,100.000000,0.000000,0.000000,2,4,4,0.0000,0.0000,0.0000,0.5000,"PursuitChaseOptimal",-0.020733
5866,B0100,aggressive,DBFM,13882.011567,27994.620480,4405.379520,739.601731,-31795.293699,20323.675479,424.881594,28315.535980,-532.686319,-778.553889,115.599346,0.009487,False,False,False,False,False,True,False,1-circle,-1.000000,6171.479853,-22589.091233,0.277082,0.244800,100.000000,100.000000,0.000000,0.000000,2,4,4,0.0000,0.0000,0.0000,0.5000,"Accelerate",0.022494
5867,A0100,pursuit_chase_v1,DBFM,13882.011567,27994.620480,4405.379520,739.601731,-31795.293699,20323.675479,424.881594,28315.535980,-532.686319,-778.553889,115.599346,0.009487,False,False,False,False,False,True,False,1-circle,-1.000000,6171.479853,-22589.091233,0.277082,0.244800,100.000000,100.000000,0.000000,0.000000,2,4,4,0.0000,0.0000,0.0000,0.5000,"PursuitChaseOptimal",-0.023141
5867,B0100,aggressive,DBFM,13882.011567,27994.620480,4405.379520,739.601731,-31795.293699,20323.675479,424.881594,28315.535980,-532.686319,-778.553889,115.599346,0.009487,False,False,False,False,False,True,False,1-circle,-1.000000,6171.479853,-22589.091233,0.277082,0.244800,100.000000,100.000000,0.000000,0.000000,2,4,4,0.0000,0.0000,0.0000,0.5000,"Accelerate",0.025842
5868,A0100,pursuit_chase_v1,DBFM,13861.348532,27988.030104,4411.969896,751.892872,-31791.495568,20323.184569,424.043248,28283.538214,-639.955317,-822.594718,116.573561,0.029645,False,False,False,False,False,True,False,1-circle,-1.000000,6173.310382,-22487.952803,0.864160,0.007316,100.000000,100.000000,0.000000,0.000000,2,4,4,0.0000,0.0000,0.0000,0.5000,"PursuitChaseOptimal",-0.009974
5868,B0100,aggressive,DBFM,13861.348532,27988.030104,4411.969896,751.892872,-31791.495568,20323.184569,424.043248,28283.538214,-639.955317,-822.594718,116.573561,0.029645,False,False,False,False,False,True,False,1-circle,-1.000000,6173.310382,-22487.952803,0.864160,0.007316,100.000000,100.000000,0.000000,0.000000,2,4,4,0.0000,0.0000,0.0000,0.5000,"Accelerate",0.011578
5869,A0100,pursuit_chase_v1,DBFM,13861.348532,27988.030104,4411.969896,751.892872,-31791.495568,20323.184569,424.043248,28283.538214,-639.955317,-822.594718,116.573561,0.029645,False,False,False,False,False,True,False,1-circle,-1.000000,6173.310382,-22487.952803,0.864160,0.007316,100.000000,100.000000,0.000000,0.000000,2,4,4,0.0000,0.0000,0.0000,0.5000,"PursuitChaseOptimal",-0.005623
5869,B0100,aggressive,DBFM,13861.348532,27988.030104,4411.969896,751.892872,-31791.495568,20323.184569,424.043248,28283.538214,-639.955317,-822.594718,116.573561,0.029645,False,False,False,False,False,True,False,1-circle,-1.000000,6173.310382,-22487.952803,0.864160,0.007316,100.000000,100.000000,0.000000,0.000000,2,4,4,0.0000,0.0000,0.0000,0.5000,"Accelerate",0.006207
5870,A0100,pursuit_chase_v1,DBFM,13840.512468,27981.547627,4418.452373,749.209589,-31784.224165,20322.747378,423.232405,28252.687023,-617.023816,-876.095934,117.473600,0.018559,False,False,False,False,False,True,False,1-circle,-1.000000,6175.140324,-22745.296182,-0.540080,0.107756,100.000000,100.000000,0.000000,0.000000,2,4,4,0.0000,0.0000,0.0000,0.5000,"PursuitChaseOptimal",-0.017965
5870,B0100,aggressive,DBFM,13840.512468,27981.547627,4418.452373,749.209589,-31784.224165,20322.747378,423.232405,28252.687023,-617.023816,-876.095934,117.473600,0.018559,False,False,False,False,False,True,False,1-circle,-1.000000,6175.140324,-22745.296182,-0.540080,0.107756,100.000000,100.000000,0.000000,0.000000,2,4,4,0.0000,0.0000,0.0000,0.5000,"Accelerate",0.019267
5871,A0100,pursuit_chase_v1,DBFM,13840.512468,27981.547627,4418.452373,749.209589,-31784.224165,20322.747378,423.232405,28252.687023,-617.023816,-876.095934,117.473600,0.018559,False,False,False,False,False,True,False,1-circle,-1.000000,6175.140324,-22745.296182,-0.540080,0.107756,100.000000,100.000000,0.000000,0.000000,2,4,4,0.0000,0.0000,0.0000,0.5000,"PursuitChaseOptimal",-0.018293
5871,B0100,aggressive,DBFM,13840.512468,27981.547627,4418.452373,749.209589,-31784.224165,20322.747378,423.232405,28252.687023,-617.023816,-876.095934,117.473600,0.018559,False,False,False,False,False,True,False,1-circle,-1.000000,6175.140324,-22745.296182,-0.540080,0.107756,100.000000,100.000000,0.000000,0.000000,2,4,4,0.0000,0.0000,0.0000,0.5000,"Accelerate",0.020217
5872,A0100,pursuit_chase_v1,DBFM,13819.538005,27966.880008,4433.119992,764.857912,-31782.377095,20322.243169,422.561111,28227.047236,-512.795747,-912.221218,118.371901,0.044196,False,False,False,False,False,True,False,1-circle,-1.000000,6177.064699,-22421.633122,1.284058,0.280992,100.000000,100.000000,0.000000,0.000000,2,4,4,0.0000,0.0000,0.0000,0.5000,"PursuitChaseOptimal",-0.001580
5872,B0100,aggressive,DBFM,13819.538005,27966.880008,4433.119992,764.857912,-31782.377095,20322.243169,422.561111,28227.047236,-512.795747,-912.221218,118.371901,0.044196,False,False,False,False,False,True,False,1-circle,-1.000000,6177.064699,-22421.633122,1.284058,0.280992,100.000000,100.000000,0.000000,0.000000,2,4,4,0.0000,0.0000,0.0000,0.5000,"Accelerate",0.002659
5873,A0100,pursuit_chase_v1,DBFM,13819.538005,27966.880008,4433.119992,764.857912,-31782.377095,20322.243169,422.561111,28227.047236,-512.795747,-912.221218,118.371901,0.044196,False,False,False,False,False,True,False,1-circle,-1.000000,6177.064699,-22421.633122,1.284058,0.280992,100.000000,100.000000,0.000000,0.000000,2,4,4,0.0000,0.0000,0.0000,0.5000,"PursuitChaseOptimal",0.007476
5873,B0100,aggressive,DBFM,13819.538005,27966.880008,4433.119992,764.857912,-31782.377095,20322.243169,422.561111,28227.047236,-512.795747,-912.221218,118.371901,0.044196,False,False,False,False,False,True,False,1-circle,-1.000000,6177.064699,-22421.633122,1.284058,0.280992,100.000000,100.000000,0.000000,0.000000,2,4,4,0.0000,0.0000,0.0000,0.5000,"Accelerate",-0.007126
5874,A0100,pursuit_chase_v1,DBFM,13798.408177,27972.348644,4427.651356,757.444604,-31773.385519,20321.785784,421.692889,28194.139751,-658.149705,-972.922402,118.815515,0.012870,False,False,False,False,False,True,False,1-circle,-1.000000,6178.921729,-22724.604119,-0.373261,0.423271,100.000000,100.000000,0.000000,0.000000,2,4,4,0.0000,0.0000,0.0000,0.5000,"PursuitChaseOptimal",0.009644
5874,B0100,aggressive,DBFM,13798.408177,27972.348644,4427.651356,757.444604,-31773.385519,20321.785784,421.692889,28194.139751,-658.149705,-972.922402,118.815515,0.012870,False,False,False,False,False,True,False,1-circle,-1.000000,6178.921729,-22724.604119,-0.373261,0.423271,100.000000,100.000000,0.000000,0.000000,2,4,4,0.0000,0.0000,0.0000,0.5000,"Accelerate",-0.010242
5875,A0100,pursuit_chase_v1,DBFM,13798.408177,27972.348644,4427.651356,757.444604,-31773.385519,20321.785784,421.692889,28194.139751,-658.149705,-972.922402,118.815515,0.012870,False,False,False,False,False,True,False,1-circle,-1.000000,6178.921729,-22724.604119,-0.373261,0.423271,100.000000,100.000000,0.000000,0.000000,2,4,4,0.0000,0.0000,0.0000,0.5000,"PursuitChaseOptimal",-0.006513
5875,B0100,aggressive,DBFM,13798.408177,27972.348644,4427.651356,757.444604,-31773.385519,20321.785784,421.692889,28194.139751,-658.149705,-972.922402,118.815515,0.012870,False,False,False,False,False,True,False,1-circle,-1.000000,6178.921729,-22724.604119,-0.373261,0.423271,100.000000,100.000000,0.000000,0.000000,2,4,4,0.0000,0.0000,0.0000,0.5000,"Accelerate",0.006719
5876,A0100,pursuit_chase_v1,DBFM,13777.090486,27956.509289,4443.490711,761.459832,-31770.257410,20321.372273,421.019393,28168.600076,-510.793500,-1017.497304,119.480560,0.010836,False,False,False,False,False,True,False,1-circle,-1.000000,6180.567737,-22605.483517,0.313819,0.421811,100.000000,100.000000,0.000000,0.000000,2,4,4,0.0000,0.0000,0.0000,0.5000,"PursuitChaseOptimal",-0.015931
5876,B0100,aggressive,DBFM,13777.090486,27956.509289,4443.490711,761.459832,-31770.257410,20321.372273,421.019393,28168.600076,-510.793500,-1017.497304,119.480560,0.010836,False,False,False,False,False,True,False,1-circle,-1.000000,6180.567737,-22605.483517,0.313819,0.421811,100.000000,100.000000,0.000000,0.000000,2,4,4,0.0000,0.0000,0.0000,0.5000,"Accelerate",0.017489
5877,A0100,pursuit_chase_v1,DBFM,13777.090486,27956.509289,4443.490711,761.459832,-31770.257410,20321.372273,421.019393,28168.600076,-510.793500,-1017.497304,119.480560,0.010836,False,False,False,False,False,True,False,1-circle,-1.000000,6180.567737,-22605.483517,0.313819,0.421811,100.000000,100.000000,0.000000,0.000000,2,4,4,0.0000,0.0000,0.0000,0.5000,"PursuitChaseOptimal",-0.020930
5877,B0100,aggressive,DBFM,13777.090486,27956.509289,4443.490711,761.459832,-31770.257410,20321.372273,421.019393,28168.600076,-510.793500,-1017.497304,119.480560,0.010836,False,False,False,False,False,True,False,1-circle,-1.000000,6180.567737,-22605.483517,0.313819,0.421811,100.000000,100.000000,0.000000,0.000000,2,4,4,0.0000,0.0000,0.0000,0.5000,"Accelerate",0.023667
5878,A0100,pursuit_chase_v1,DBFM,13755.641022,27951.524570,4448.475430,767.842025,-31766.260858,20320.890491,420.202410,28137.692920,-618.143116,-1062.544279,120.411989,0.031613,False,False,False,False,False,True,False,1-circle,-1.000000,6182.279591,-22502.106309,0.913805,0.164003,100.000000,100.000000,0.000000,0.000000,2,4,4,0.0000,0.0000,0.0000,0.5000,"PursuitChaseOptimal",-0.019465
5878,B0100,aggressive,DBFM,13755.641022,27951.524570,4448.475430,767.842025,-31766.260858,20320.890491,420.202410,28137.692920,-618.143116,-1062.544279,120.411989,0.031613,False,False,False,False,False,True,False,1-circle,-1.000000,6182.279591,-22502.106309,0.913805,0.164003,100.000000,100.000000,0.000000,0.000000,2,4,4,0.0000,0.0000,0.0000,0.5000,"Accelerate",0.022114
5879,A0100,pursuit_chase_v1,DBFM,13755.641022,27951.524570,4448.475430,767.842025,-31766.260858,20320.890491,420.202410,28137.692920,-618.143116,-1062.544279,120.411989,0.031613,False,False,False,False,False,True,False,1-circle,-1.000000,6182.279591,-22502.106309,0.913805,0.164003,100.000000,100.000000,0.000000,0.000000,2,4,4,0.0000,0.0000,0.0000,0.5000,"PursuitChaseOptimal",-0.011712
5879,B0100,aggressive,DBFM,13755.641022,27951.524570,4448.475430,767.842025,-31766.260858,20320.890491,420.202410,28137.692920,-618.143116,-1062.544279,120.411989,0.031613,False,False,False,False,False,True,False,1-circle,-1.000000,6182.279591,-22502.106309,0.913805,0.164003,100.000000,100.000000,0.000000,0.000000,2,4,4,0.0000,0.0000,0.0000,0.5000,"Accelerate",0.012891
5880,A0100,pursuit_chase_v1,DBFM,13734.024240,27945.049458,4454.950542,769.732483,-31758.604374,20320.476040,419.422507,28108.289150,-588.075388,-1113.093756,121.387937,0.016474,False,False,False,False,False,True,False,1-circle,-1.000000,6184.016629,-22756.857135,-0.475404,0.235838,100.000000,100.000000,0.000000,0.000000,2,4,4,0.0000,0.0000,0.0000,0.5000,"PursuitChaseOptimal",-0.012618
5880,B0100,aggressive,DBFM,13734.024240,27945.049458,4454.950542,769.732483,-31758.604374,20320.476040,419.422507,28108.289150,-588.075388,-1113.093756,121.387937,0.016474,False,False,False,False,False,True,False,1-circle,-1.000000,6184.016629,-22756.857135,-0.475404,0.235838,100.000000,100.000000,0.000000,0.000000,2,4,4,0.0000,0.0000,0.0000,0.5000,"Accelerate",0.013350
5881,A0100,pursuit_chase_v1,DBFM,13734.024240,27945.049458,4454.950542,769.732483,-31758.604374,20320.476040,419.422507,28108.289150,-588.075388,-1113.093756,121.387937,0.016474,False,False,False,False,False,True,False,1-circle,-1.000000,6184.016629,-22756.857135,-0.475404,0.235838,100.000000,100.000000,0.000000,0.000000,2,4,4,0.0000,0.0000,0.0000,0.5000,"PursuitChaseOptimal",-0.026780
5881,B0100,aggressive,DBFM,13734.024240,27945.049458,4454.950542,769.732483,-31758.604374,20320.476040,419.422507,28108.289150,-588.075388,-1113.093756,121.387937,0.016474,False,False,False,False,False,True,False,1-circle,-1.000000,6184.016629,-22756.857135,-0.475404,0.235838,100.000000,100.000000,0.000000,0.000000,2,4,4,0.0000,0.0000,0.0000,0.5000,"Accelerate",0.029573
5882,A0100,pursuit_chase_v1,DBFM,13712.253040,27926.661223,4473.338777,781.476336,-31756.605580,20319.973837,418.760684,28083.228963,-501.203740,-1156.822834,122.595192,0.045811,False,False,False,False,False,True,False,1-circle,-1.000000,6185.888626,-22438.547926,1.319893,0.177948,100.000000,100.000000,0.000000,0.000000,2,4,4,0.0000,0.0000,0.0000,0.5000,"PursuitChaseOptimal",-0.028433
5882,B0100,aggressive,DBFM,13712.253040,27926.661223,4473.338777,781.476336,-31756.605580,20319.973837,418.760684,28083.228963,-501.203740,-1156.822834,122.595192,0.045811,False,False,False,False,False,True,False,1-circle,-1.000000,6185.888626,-22438.547926,1.319893,0.177948,100.000000,100.000000,0.000000,0.000000,2,4,4,0.0000,0.0000,0.0000,0.5000,"Accelerate",0.032081
5883,A0100,pursuit_chase_v1,DBFM,13712.253040,27926.661223,4473.338777,781.476336,-31756.605580,20319.973837,418.760684,28083.228963,-501.203740,-1156.822834,122.595192,0.045811,False,False,False,False,False,True,False,1-circle,-1.000000,6185.888626,-22438.547926,1.319893,0.177948,100.000000,100.000000,0.000000,0.000000,2,4,4,0.0000,0.0000,0.0000,0.5000,"PursuitChaseOptimal",-0.015521
5883,B0100,aggressive,DBFM,13712.253040,27926.661223,4473.338777,781.476336,-31756.605580,20319.973837,418.760684,28083.228963,-501.203740,-1156.822834,122.595192,0.045811,False,False,False,False,False,True,False,1-circle,-1.000000,6185.888626,-22438.547926,1.319893,0.177948,100.000000,100.000000,0.000000,0.000000,2,4,4,0.0000,0.0000,0.0000,0.5000,"Accelerate",0.017995
5884,A0100,pursuit_chase_v1,DBFM,13690.333238,27928.195718,4471.804282,782.281836,-31747.340491,20319.490193,417.918877,28051.564793,-633.283403,-1209.424742,123.576233,0.010242,False,False,False,False,False,True,False,1-circle,-1.000000,6187.893908,-22734.124662,-0.294595,0.276360,100.000000,100.000000,0.000000,0.000000,2,4,4,0.0000,0.0000,0.0000,0.5000,"PursuitChaseOptimal",-0.004158
5884,B0100,aggressive,DBFM,13690.333238,27928.195718,4471.804282,782.281836,-31747.340491,20319.490193,417.918877,28051.564793,-633.283403,-1209.424742,123.576233,0.010242,False,False,False,False,False,True,False,1-circle,-1.000000,6187.893908,-22734.124662,-0.294595,0.276360,100.000000,100.000000,0.000000,0.000000,2,4,4,0.0000,0.0000,0.0000,0.5000,"Accelerate",0.004822
5885,A0100,pursuit_chase_v1,DBFM,13690.333238,27928.195718,4471.804282,782.281836,-31747.340491,20319.490193,417.918877,28051.564793,-633.283403,-1209.424742,123.576233,0.010242,False,False,False,False,False,True,False,1-circle,-1.000000,6187.893908,-22734.124662,-0.294595,0.276360,100.000000,100.000000,0.000000,0.000000,2,4,4,0.0000,0.0000,0.0000,0.5000,"PursuitChaseOptimal",-0.002040
5885,B0100,aggressive,DBFM,13690.333238,27928.195718,4471.804282,782.281836,-31747.340491,20319.490193,417.918877,28051.564793,-633.283403,-1209.424742,123.576233,0.010242,False,False,False,False,False,True,False,1-circle,-1.000000,6187.893908,-22734.124662,-0.294595,0.276360,100.000000,100.000000,0.000000,0.000000,2,4,4,0.0000,0.0000,0.0000,0.5000,"Accelerate",0.002069
5886,A0100,pursuit_chase_v1,DBFM,13668.234115,27913.047698,4486.952302,785.632968,-31743.920194,20319.032161,417.279835,28027.478505,-481.725756,-1260.816034,124.433646,0.012747,False,False,False,False,False,True,False,1-circle,-1.000000,6189.877408,-22620.210162,0.366120,0.416730,100.000000,100.000000,0.000000,0.000000,2,4,4,0.0000,0.0000,0.0000,0.5000,"PursuitChaseOptimal",-0.014904
5886,B0100,aggressive,DBFM,13668.234115,27913.047698,4486.952302,785.632968,-31743.920194,20319.032161,417.279835,28027.478505,-481.725756,-1260.816034,124.433646,0.012747,False,False,False,False,False,True,False,1-circle,-1.000000,6189.877408,-22620.210162,0.366120,0.416730,100.000000,100.000000,0.000000,0.000000,2,4,4,0.0000,0.0000,0.0000,0.5000,"Accelerate",0.016828
5887,A0100,pursuit_chase_v1,DBFM,13668.234115,27913.047698,4486.952302,785.632968,-31743.920194,20319.032161,417.279835,28027.478505,-481.725756,-1260.816034,124.433646,0.012747,False,False,False,False,False,True,False,1-circle,-1.000000,6189.877408,-22620.210162,0.366120,0.416730,100.000000,100.000000,0.000000,0.000000,2,4,4,0.0000,0.0000,0.0000,0.5000,"PursuitChaseOptimal",-0.022375
5887,B0100,aggressive,DBFM,13668.234115,27913.047698,4486.952302,785.632968,-31743.920194,20319.032161,417.279835,28027.478505,-481.725756,-1260.816034,124.433646,0.012747,False,False,False,False,False,True,False,1-circle,-1.000000,6189.877408,-22620.210162,0.366120,0.416730,100.000000,100.000000,0.000000,0.000000,2,4,4,0.0000,0.0000,0.0000,0.5000,"Accelerate",0.025775
5888,A0100,pursuit_chase_v1,DBFM,13645.984634,27912.733803,4487.266197,791.538202,-31739.711147,20318.543689,416.518949,27998.903860,-571.492912,-1305.356784,125.222180,0.034001,False,False,False,False,False,True,False,1-circle,-1.000000,6191.885109,-22515.707736,0.974847,0.554868,100.000000,100.000000,0.000000,0.000000,2,4,4,0.0000,0.0000,0.0000,0.5000,"PursuitChaseOptimal",-0.028335
5888,B0100,aggressive,DBFM,13645.984634,27912.733803,4487.266197,791.538202,-31739.711147,20318.543689,416.518949,27998.903860,-571.492912,-1305.356784,125.222180,0.034001,False,False,False,False,False,True,False,1-circle,-1.000000,6191.885109,-22515.707736,0.974847,0.554868,100.000000,100.000000,0.000000,0.000000,2,4,4,0.0000,0.0000,0.0000,0.5000,"Accelerate",0.032509
5889,A0100,pursuit_chase_v1,DBFM,13645.984634,27912.733803,4487.266197,791.538202,-31739.711147,20318.543689,416.518949,27998.903860,-571.492912,-1305.356784,125.222180,0.034001,False,False,False,False,False,True,False,1-circle,-1.000000,6191.885109,-22515.707736,0.974847,0.554868,100.000000,100.000000,0.000000,0.000000,2,4,4,0.0000,0.0000,0.0000,0.5000,"PursuitChaseOptimal",-0.023734
5889,B0100,aggressive,DBFM,13645.984634,27912.733803,4487.266197,791.538202,-31739.711147,20318.543689,416.518949,27998.903860,-571.492912,-1305.356784,125.222180,0.034001,False,False,False,False,False,True,False,1-circle,-1.000000,6191.885109,-22515.707736,0.974847,0.554868,100.000000,100.000000,0.000000,0.000000,2,4,4,0.0000,0.0000,0.0000,0.5000,"Accelerate",0.026678
5890,A0100,pursuit_chase_v1,DBFM,13623.583419,27911.850116,4488.149884,794.377515,-31731.737448,20318.173980,415.755332,27970.398663,-570.103943,-1347.720738,126.205363,0.014051,False,False,False,False,False,True,False,1-circle,-1.000000,6193.924503,-22768.715397,-0.402195,0.650859,100.000000,100.000000,0.000000,0.000000,2,4,4,0.0000,0.0000,0.0000,0.5000,"PursuitChaseOptimal",-0.013573
5890,B0100,aggressive,DBFM,13623.583419,27911.850116,4488.149884,794.377515,-31731.737448,20318.173980,415.755332,27970.398663,-570.103943,-1347.720738,126.205363,0.014051,False,False,False,False,False,True,False,1-circle,-1.000000,6193.924503,-22768.715397,-0.402195,0.650859,100.000000,100.000000,0.000000,0.000000,2,4,4,0.0000,0.0000,0.0000,0.5000,"Accelerate",0.014755
5891,A0100,pursuit_chase_v1,DBFM,13623.583419,27911.850116,4488.149884,794.377515,-31731.737448,20318.173980,415.755332,27970.398663,-570.103943,-1347.720738,126.205363,0.014051,False,False,False,False,False,True,False,1-circle,-1.000000,6193.924503,-22768.715397,-0.402195,0.650859,100.000000,100.000000,0.000000,0.000000,2,4,4,0.0000,0.0000,0.0000,0.5000,"PursuitChaseOptimal",-0.008392
5891,B0100,aggressive,DBFM,13623.583419,27911.850116,4488.149884,794.377515,-31731.737448,20318.173980,415.755332,27970.398663,-570.103943,-1347.720738,126.205363,0.014051,False,False,False,False,False,True,False,1-circle,-1.000000,6193.924503,-22768.715397,-0.402195,0.650859,100.000000,100.000000,0.000000,0.000000,2,4,4,0.0000,0.0000,0.0000,0.5000,"Accelerate",0.009502
5892,A0100,pursuit_chase_v1,DBFM,13601.042266,27894.193827,4505.806173,800.095784,-31729.593801,20317.754367,415.119129,27946.577578,-476.421696,-1392.496631,127.239372,0.047742,False,False,False,False,False,True,False,1-circle,-1.000000,6196.104258,-22456.010274,1.364446,0.432897,100.000000,100.000000,0.000000,0.000000,2,4,4,0.0000,0.0000,0.0000,0.5000,"PursuitChaseOptimal",-0.019412
5892,B0100,aggressive,DBFM,13601.042266,27894.193827,4505.806173,800.095784,-31729.593801,20317.754367,415.119129,27946.577578,-476.421696,-1392.496631,127.239372,0.047742,False,False,False,False,False,True,False,1-circle,-1.000000,6196.104258,-22456.010274,1.364446,0.432897,100.000000,100.000000,0.000000,0.000000,2,4,4,0.0000,0.0000,0.0000,0.5000,"Accelerate",0.022480
5893,A0100,pursuit_chase_v1,DBFM,13601.042266,27894.193827,4505.806173,800.095784,-31729.593801,20317.754367,415.119129,27946.577578,-476.421696,-1392.496631,127.239372,0.047742,False,False,False,False,False,True,False,1-circle,-1.000000,6196.104258,-22456.010274,1.364446,0.432897,100.000000,100.000000,0.000000,0.000000,2,4,4,0.0000,0.0000,0.0000,0.5000,"PursuitChaseOptimal",-0.028651
5893,B0100,aggressive,DBFM,13601.042266,27894.193827,4505.806173,800.095784,-31729.593801,20317.754367,415.119129,27946.577578,-476.421696,-1392.496631,127.239372,0.047742,False,False,False,False,False,True,False,1-circle,-1.000000,6196.104258,-22456.010274,1.364446,0.432897,100.000000,100.000000,0.000000,0.000000,2,4,4,0.0000,0.0000,0.0000,0.5000,"Accelerate",0.032833
5894,A0100,pursuit_chase_v1,DBFM,13578.342384,27895.475164,4504.524836,802.659054,-31720.140895,20317.357236,414.261657,27914.696726,-637.617036,-1434.650220,128.097085,0.007070,False,False,False,False,False,True,False,1-circle,-1.000000,6198.318610,-22743.281629,-0.201702,0.330590,100.000000,100.000000,0.000000,0.000000,2,4,4,0.0000,0.0000,0.0000,0.5000,"PursuitChaseOptimal",-0.020788
5894,B0100,aggressive,DBFM,13578.342384,27895.475164,4504.524836,802.659054,-31720.140895,20317.357236,414.261657,27914.696726,-637.617036,-1434.650220,128.097085,0.007070,False,False,False,False,False,True,False,1-circle,-1.000000,6198.318610,-22743.281629,-0.201702,0.330590,100.000000,100.000000,0.000000,0.000000,2,4,4,0.0000,0.0000,0.0000,0.5000,"Accelerate",0.023326
5895,A0100,pursuit_chase_v1,DBFM,13578.342384,27895.475164,4504.524836,802.659054,-31720.140895,20317.357236,414.261657,27914.696726,-637.617036,-1434.650220,128.097085,0.007070,False,False,False,False,False,True,False,1-circle,-1.000000,6198.318610,-22743.281629,-0.201702,0.330590,100.000000,100.000000,0.000000,0.000000,2,4,4,0.0000,0.0000,0.0000,0.5000,"PursuitChaseOptimal",-0.007968
5895,B0100,aggressive,DBFM,13578.342384,27895.475164,4504.524836,802.659054,-31720.140895,20317.357236,414.261657,27914.696726,-637.617036,-1434.650220,128.097085,0.007070,False,False,False,False,False,True,False,1-circle,-1.000000,6198.318610,-22743.281629,-0.201702,0.330590,100.000000,100.000000,0.000000,0.000000,2,4,4,0.0000,0.0000,0.0000,0.5000,"Accelerate",0.008455
5896,A0100,pursuit_chase_v1,DBFM,13555.520502,27874.786400,4525.213600,811.404801,-31716.445350,20316.965983,413.663568,27892.384039,-446.253746,-1469.090452,129.069569,0.015207,False,False,False,False,False,True,False,1-circle,-1.000000,6200.656586,-22634.480360,0.433277,0.355486,100.000000,100.000000,0.000000,0.000000,2,4,4,0.0000,0.0000,0.0000,0.5000,"PursuitChaseOptimal",-0.000090
5896,B0100,aggressive,DBFM,13555.520502,27874.786400,4525.213600,811.404801,-31716.445350,20316.965983,413.663568,27892.384039,-446.253746,-1469.090452,129.069569,0.015207,False,False,False,False,False,True,False,1-circle,-1.000000,6200.656586,-22634.480360,0.433277,0.355486,100.000000,100.000000,0.000000,0.000000,2,4,4,0.0000,0.0000,0.0000,0.5000,"Accelerate",0.000312
5897,A0100,pursuit_chase_v1,DBFM,13555.520502,27874.786400,4525.213600,811.404801,-31716.445350,20316.965983,413.663568,27892.384039,-446.253746,-1469.090452,129.069569,0.015207,False,False,False,False,False,True,False,1-circle,-1.000000,6200.656586,-22634.480360,0.433277,0.355486,100.000000,100.000000,0.000000,0.000000,2,4,4,0.0000,0.0000,0.0000,0.5000,"PursuitChaseOptimal",0.001982
5897,B0100,aggressive,DBFM,13555.520502,27874.786400,4525.213600,811.404801,-31716.445350,20316.965983,413.663568,27892.384039,-446.253746,-1469.090452,129.069569,0.015207,False,False,False,False,False,True,False,1-circle,-1.000000,6200.656586,-22634.480360,0.433277,0.355486,100.000000,100.000000,0.000000,0.000000,2,4,4,0.0000,0.0000,0.0000,0.5000,"Accelerate",-0.001365
5898,A0100,pursuit_chase_v1,DBFM,13532.548601,27869.238774,4530.761226,809.431546,-31712.080188,20316.497698,412.909744,27864.331389,-561.052991,-1524.365203,129.671014,0.036956,False,False,False,False,False,True,False,1-circle,-1.000000,6203.010481,-22528.827308,1.051061,0.346630,100.000000,100.000000,0.000000,0.000000,2,4,4,0.0000,0.0000,0.0000,0.5000,"PursuitChaseOptimal",-0.011289
5898,B0100,aggressive,DBFM,13532.548601,27869.238774,4530.761226,809.431546,-31712.080188,20316.497698,412.909744,27864.331389,-561.052991,-1524.365203,129.671014,0.036956,False,False,False,False,False,True,False,1-circle,-1.000000,6203.010481,-22528.827308,1.051061,0.346630,100.000000,100.000000,0.000000,0.000000,2,4,4,0.0000,0.0000,0.0000,0.5000,"Accelerate",0.013569
5899,A0100,pursuit_chase_v1,DBFM,13532.548601,27869.238774,4530.761226,809.431546,-31712.080188,20316.497698,412.909744,27864.331389,-561.052991,-1524.365203,129.671014,0.036956,False,False,False,False,False,True,False,1-circle,-1.000000,6203.010481,-22528.827308,1.051061,0.346630,100.000000,100.000000,0.000000,0.000000,2,4,4,0.0000,0.0000,0.0000,0.5000,"PursuitChaseOptimal",-0.019698
5899,B0100,aggressive,DBFM,13532.548601,27869.238774,4530.761226,809.431546,-31712.080188,20316.497698,412.909744,27864.331389,-561.052991,-1524.365203,129.671014,0.036956,False,False,False,False,False,True,False,1-circle,-1.000000,6203.010481,-22528.827308,1.051061,0.346630,100.000000,100.000000,0.000000,0.000000,2,4,4,0.0000,0.0000,0.0000,0.5000,"Accelerate",0.022223
5900,A0100,pursuit_chase_v1,DBFM,13509.407045,27863.015528,4536.984472,811.785846,-31703.852448,20316.103489,412.184724,27837.454239,-537.543003,-1563.690545,130.414005,0.011053,False,False,False,False,False,True,False,1-circle,-1.000000,6205.239417,-22780.029103,-0.313872,0.460932,100.000000,100.000000,0.000000,0.000000,2,4,4,0.0000,0.0000,0.0000,0.5000,"PursuitChaseOptimal",-0.023827
5900,B0100,aggressive,DBFM,13509.407045,27863.015528,4536.984472,811.785846,-31703.852448,20316.103489,412.184724,27837.454239,-537.543003,-1563.690545,130.414005,0.011053,False,False,False,False,False,True,False,1-circle,-1.000000,6205.239417,-22780.029103,-0.313872,0.460932,100.000000,100.000000,0.000000,0.000000,2,4,4,0.0000,0.0000,0.0000,0.5000,"Accelerate",0.026296
5901,A0100,pursuit_chase_v1,DBFM,13509.407045,27863.015528,4536.984472,811.785846,-31703.852448,20316.103489,412.184724,27837.454239,-537.543003,-1563.690545,130.414005,0.011053,False,False,False,False,False,True,False,1-circle,-1.000000,6205.239417,-22780.029103,-0.313872,0.460932,100.000000,100.000000,0.000000,0.000000,2,4,4,0.0000,0.0000,0.0000,0.5000,"PursuitChaseOptimal",-0.019846
5901,B0100,aggressive,DBFM,13509.407045,27863.015528,4536.984472,811.785846,-31703.852448,20316.103489,412.184724,27837.454239,-537.543003,-1563.690545,130.414005,0.011053,False,False,False,False,False,True,False,1-circle,-1.000000,6205.239417,-22780.029103,-0.313872,0.460932,100.000000,100.000000,0.000000,0.000000,2,4,4,0.0000,0.0000,0.0000,0.5000,"Accelerate",0.022521
5902,A0100,pursuit_chase_v1,DBFM,13486.156704,27843.700836,4556.299164,824.155510,-31701.542269,20315.628240,411.571433,27814.613561,-456.813555,-1596.792035,131.522720,0.050361,False,False,False,False,False,True,False,1-circle,-1.000000,6207.661363,-22472.202775,1.427874,0.350262,100.000000,100.000000,0.000000,0.000000,2,4,4,0.0000,0.0000,0.0000,0.5000,"PursuitChaseOptimal",-0.010661
5902,B0100,aggressive,DBFM,13486.156704,27843.700836,4556.299164,824.155510,-31701.542269,20315.628240,411.571433,27814.613561,-456.813555,-1596.792035,131.522720,0.050361,False,False,False,False,False,True,False,1-circle,-1.000000,6207.661363,-22472.202775,1.427874,0.350262,100.000000,100.000000,0.000000,0.000000,2,4,4,0.0000,0.0000,0.0000,0.5000,"Accelerate",0.012868
5903,A0100,pursuit_chase_v1,DBFM,13486.156704,27843.700836,4556.299164,824.155510,-31701.542269,20315.628240,411.571433,27814.613561,-456.813555,-1596.792035,131.522720,0.050361,False,False,False,False,False,True,False,1-circle,-1.000000,6207.661363,-22472.202775,1.427874,0.350262,100.000000,100.000000,0.000000,0.000000,2,4,4,0.0000,0.0000,0.0000,0.5000,"PursuitChaseOptimal",-0.000472
5903,B0100,aggressive,DBFM,13486.156704,27843.700836,4556.299164,824.155510,-31701.542269,20315.628240,411.571433,27814.613561,-456.813555,-1596.792035,131.522720,0.050361,False,False,False,False,False,True,False,1-circle,-1.000000,6207.661363,-22472.202775,1.427874,0.350262,100.000000,100.000000,0.000000,0.000000,2,4,4,0.0000,0.0000,0.0000,0.5000,"Accelerate",0.001482
5904,A0100,pursuit_chase_v1,DBFM,13462.748427,27844.455552,4555.544448,817.576359,-31691.858231,20315.173592,410.770869,27785.014135,-591.988523,-1654.329484,132.173536,0.003785,False,False,False,False,False,True,False,1-circle,-1.000000,6210.108399,-22754.263162,-0.107151,0.405870,100.000000,100.000000,0.000000,0.000000,2,4,4,0.0000,0.0000,0.0000,0.5000,"PursuitChaseOptimal",0.001678
5904,B0100,aggressive,DBFM,13462.748427,27844.455552,4555.544448,817.576359,-31691.858231,20315.173592,410.770869,27785.014135,-591.988523,-1654.329484,132.173536,0.003785,False,False,False,False,False,True,False,1-circle,-1.000000,6210.108399,-22754.263162,-0.107151,0.405870,100.000000,100.000000,0.000000,0.000000,2,4,4,0.0000,0.0000,0.0000,0.5000,"Accelerate",-0.001635
5905,A0100,pursuit_chase_v1,DBFM,13462.748427,27844.455552,4555.544448,817.576359,-31691.858231,20315.173592,410.770869,27785.014135,-591.988523,-1654.329484,132.173536,0.003785,False,False,False,False,False,True,False,1-circle,-1.000000,6210.108399,-22754.263162,-0.107151,0.405870,100.000000,100.000000,0.000000,0.000000,2,4,4,0.0000,0.0000,0.0000,0.5000,"PursuitChaseOptimal",-0.011936
5905,B0100,aggressive,DBFM,13462.748427,27844.455552,4555.544448,817.576359,-31691.858231,20315.173592,410.770869,27785.014135,-591.988523,-1654.329484,132.173536,0.003785,False,False,False,False,False,True,False,1-circle,-1.000000,6210.108399,-22754.263162,-0.107151,0.405870,100.000000,100.000000,0.000000,0.000000,2,4,4,0.0000,0.0000,0.0000,0.5000,"Accelerate",0.013248
5906,A0100,pursuit_chase_v1,DBFM,13439.155897,27827.511233,4572.488767,819.744466,-31687.967710,20314.741214,410.182469,27763.197070,-436.341305,-1696.684561,132.966774,0.017763,False,False,False,False,False,True,False,1-circle,-1.000000,6212.438408,-22650.329402,0.502156,0.533517,100.000000,100.000000,0.000000,0.000000,2,4,4,0.0000,0.0000,0.0000,0.5000,"PursuitChaseOptimal",-0.019443
5906,B0100,aggressive,DBFM,13439.155897,27827.511233,4572.488767,819.744466,-31687.967710,20314.741214,410.182469,27763.197070,-436.341305,-1696.684561,132.966774,0.017763,False,False,False,False,False,True,False,1-circle,-1.000000,6212.438408,-22650.329402,0.502156,0.533517,100.000000,100.000000,0.000000,0.000000,2,4,4,0.0000,0.0000,0.0000,0.5000,"Accelerate",0.022304
5907,A0100,pursuit_chase_v1,DBFM,13439.155897,27827.511233,4572.488767,819.744466,-31687.967710,20314.741214,410.182469,27763.197070,-436.341305,-1696.684561,132.966774,0.017763,False,False,False,False,False,True,False,1-circle,-1.000000,6212.438408,-22650.329402,0.502156,0.533517,100.000000,100.000000,0.000000,0.000000,2,4,4,0.0000,0.0000,0.0000,0.5000,"PursuitChaseOptimal",-0.026151
5907,B0100,aggressive,DBFM,13439.155897,27827.511233,4572.488767,819.744466,-31687.967710,20314.741214,410.182469,27763.197070,-436.341305,-1696.684561,132.966774,0.017763,False,False,False,False,False,True,False,1-circle,-1.000000,6212.438408,-22650.329402,0.502156,0.533517,100.000000,100.000000,0.000000,0.000000,2,4,4,0.0000,0.0000,0.0000,0.5000,"Accelerate",0.030610
5908,A0100,pursuit_chase_v1,DBFM,13415.440342,27825.655463,4574.344537,824.491585,-31683.509674,20314.271063,409.472050,27736.948417,-524.973068,-1734.842337,133.821830,0.039944,False,False,False,False,False,True,False,1-circle,-1.000000,6214.859469,-22543.655992,1.127258,0.667027,100.000000,100.000000,0.000000,0.000000,2,4,4,0.0000,0.0000,0.0000,0.5000,"PursuitChaseOptimal",-0.024495
5908,B0100,aggressive,DBFM,13415.440342,27825.655463,4574.344537,824.491585,-31683.509674,20314.271063,409.472050,27736.948417,-524.973068,-1734.842337,133.821830,0.039944,False,False,False,False,False,True,False,1-circle,-1.000000,6214.859469,-22543.655992,1.127258,0.667027,100.000000,100.000000,0.000000,0.000000,2,4,4,0.0000,0.0000,0.0000,0.5000,"Accelerate",0.028889
5909,A0100,pursuit_chase_v1,DBFM,13415.440342,27825.655463,4574.344537,824.491585,-31683.509674,20314.271063,409.472050,27736.948417,-524.973068,-1734.842337,133.821830,0.039944,False,False,False,False,False,True,False,1-circle,-1.000000,6214.859469,-22543.655992,1.127258,0.667027,100.000000,100.000000,0.000000,0.000000,2,4,4,0.0000,0.0000,0.0000,0.5000,"PursuitChaseOptimal",-0.027150
5909,B0100,aggressive,DBFM,13415.440342,27825.655463,4574.344537,824.491585,-31683.509674,20314.271063,409.472050,27736.948417,-524.973068,-1734.842337,133.821830,0.039944,False,False,False,False,False,True,False,1-circle,-1.000000,6214.859469,-22543.655992,1.127258,0.667027,100.000000,100.000000,0.000000,0.000000,2,4,4,0.0000,0.0000,0.0000,0.5000,"Accelerate",0.031140
5910,A0100,pursuit_chase_v1,DBFM,13391.581901,27823.168153,4576.831847,825.400181,-31675.028812,20313.914009,408.758468,27710.743107,-524.106195,-1772.169872,134.781128,0.007904,False,False,False,False,False,True,False,1-circle,-1.000000,6217.334161,-22792.604948,-0.222737,0.760330,100.000000,100.000000,0.000000,0.000000,2,4,4,0.0000,0.0000,0.0000,0.5000,"PursuitChaseOptimal",-0.023410
5910,B0100,aggressive,DBFM,13391.581901,27823.168153,4576.831847,825.400181,-31675.028812,20313.914009,408.758468,27710.743107,-524.106195,-1772.169872,134.781128,0.007904,False,False,False,False,False,True,False,1-circle,-1.000000,6217.334161,-22792.604948,-0.222737,0.760330,100.000000,100.000000,0.000000,0.000000,2,4,4,0.0000,0.0000,0.0000,0.5000,"Accelerate",0.026263
5911,A0100,pursuit_chase_v1,DBFM,13391.581901,27823.168153,4576.831847,825.400181,-31675.028812,20313.914009,408.758468,27710.743107,-524.106195,-1772.169872,134.781128,0.007904,False,False,False,False,False,True,False,1-circle,-1.000000,6217.334161,-22792.604948,-0.222737,0.760330,100.000000,100.000000,0.000000,0.000000,2,4,4,0.0000,0.0000,0.0000,0.5000,"PursuitChaseOptimal",-0.010536
5911,B0100,aggressive,DBFM,13391.581901,27823.168153,4576.831847,825.400181,-31675.028812,20313.914009,408.758468,27710.743107,-524.106195,-1772.169872,134.781128,0.007904,False,False,False,False,False,True,False,1-circle,-1.000000,6217.334161,-22792.604948,-0.222737,0.760330,100.000000,100.000000,0.000000,0.000000,2,4,4,0.0000,0.0000,0.0000,0.5000,"Accelerate",0.012174
5912,A0100,pursuit_chase_v1,DBFM,13367.612116,27803.721200,4596.278800,836.006337,-31672.619975,20313.500392,408.173421,27689.170800,-431.446133,-1807.630645,135.791135,0.052969,False,False,False,False,False,True,False,1-circle,-1.000000,6220.018205,-22490.408880,1.490279,0.547796,100.000000,100.000000,0.000000,0.000000,2,4,4,0.0000,0.0000,0.0000,0.5000,"PursuitChaseOptimal",-0.002019
5912,B0100,aggressive,DBFM,13367.612116,27803.721200,4596.278800,836.006337,-31672.619975,20313.500392,408.173421,27689.170800,-431.446133,-1807.630645,135.791135,0.052969,False,False,False,False,False,True,False,1-circle,-1.000000,6220.018205,-22490.408880,1.490279,0.547796,100.000000,100.000000,0.000000,0.000000,2,4,4,0.0000,0.0000,0.0000,0.5000,"Accelerate",0.003220
5913,A0100,pursuit_chase_v1,DBFM,13367.612116,27803.721200,4596.278800,836.006337,-31672.619975,20313.500392,408.173421,27689.170800,-431.446133,-1807.630645,135.791135,0.052969,False,False,False,False,False,True,False,1-circle,-1.000000,6220.018205,-22490.408880,1.490279,0.547796,100.000000,100.000000,0.000000,0.000000,2,4,4,0.0000,0.0000,0.0000,0.5000,"PursuitChaseOptimal",0.003651
5913,B0100,aggressive,DBFM,13367.612116,27803.721200,4596.278800,836.006337,-31672.619975,20313.500392,408.173421,27689.170800,-431.446133,-1807.630645,135.791135,0.052969,False,False,False,False,False,True,False,1-circle,-1.000000,6220.018205,-22490.408880,1.490279,0.547796,100.000000,100.000000,0.000000,0.000000,2,4,4,0.0000,0.0000,0.0000,0.5000,"Accelerate",-0.003212
5914,A0100,pursuit_chase_v1,DBFM,13343.468744,27803.830964,4596.169036,825.025206,-31662.798058,20313.105189,407.365002,27659.588362,-591.648755,-1868.831037,136.357074,0.000152,False,False,False,False,False,True,False,1-circle,-1.000000,6222.639868,-22765.582338,-0.004266,0.439027,100.000000,100.000000,0.000000,0.000000,2,4,4,0.0000,0.0000,0.0000,0.5000,"PursuitChaseOptimal",-0.006926
5914,B0100,aggressive,DBFM,13343.468744,27803.830964,4596.169036,825.025206,-31662.798058,20313.105189,407.365002,27659.588362,-591.648755,-1868.831037,136.357074,0.000152,False,False,False,False,False,True,False,1-circle,-1.000000,6222.639868,-22765.582338,-0.004266,0.439027,100.000000,100.000000,0.000000,0.000000,2,4,4,0.0000,0.0000,0.0000,0.5000,"Accelerate",0.008004
5915,A0100,pursuit_chase_v1,DBFM,13343.468744,27803.830964,4596.169036,825.025206,-31662.798058,20313.105189,407.365002,27659.588362,-591.648755,-1868.831037,136.357074,0.000152,False,False,False,False,False,True,False,1-circle,-1.000000,6222.639868,-22765.582338,-0.004266,0.439027,100.000000,100.000000,0.000000,0.000000,2,4,4,0.0000,0.0000,0.0000,0.5000,"PursuitChaseOptimal",-0.016758
5915,B0100,aggressive,DBFM,13343.468744,27803.830964,4596.169036,825.025206,-31662.798058,20313.105189,407.365002,27659.588362,-591.648755,-1868.831037,136.357074,0.000152,False,False,False,False,False,True,False,1-circle,-1.000000,6222.639868,-22765.582338,-0.004266,0.439027,100.000000,100.000000,0.000000,0.000000,2,4,4,0.0000,0.0000,0.0000,0.5000,"Accelerate",0.018626
5916,A0100,pursuit_chase_v1,DBFM,13319.161385,27781.519123,4618.480877,834.023215,-31658.679375,20312.712083,406.816145,27639.412250,-403.522244,-1897.525027,137.156552,0.020738,False,False,False,False,False,True,False,1-circle,-1.000000,6225.177646,-22666.254885,0.581786,0.456434,100.000000,100.000000,0.000000,0.000000,2,4,4,0.0000,0.0000,0.0000,0.5000,"PursuitChaseOptimal",-0.021238
5916,B0100,aggressive,DBFM,13319.161385,27781.519123,4618.480877,834.023215,-31658.679375,20312.712083,406.816145,27639.412250,-403.522244,-1897.525027,137.156552,0.020738,False,False,False,False,False,True,False,1-circle,-1.000000,6225.177646,-22666.254885,0.581786,0.456434,100.000000,100.000000,0.000000,0.000000,2,4,4,0.0000,0.0000,0.0000,0.5000,"Accelerate",0.024446
5917,A0100,pursuit_chase_v1,DBFM,13319.161385,27781.519123,4618.480877,834.023215,-31658.679375,20312.712083,406.816145,27639.412250,-403.522244,-1897.525027,137.156552,0.020738,False,False,False,False,False,True,False,1-circle,-1.000000,6225.177646,-22666.254885,0.581786,0.456434,100.000000,100.000000,0.000000,0.000000,2,4,4,0.0000,0.0000,0.0000,0.5000,"PursuitChaseOptimal",-0.019572
5917,B0100,aggressive,DBFM,13319.161385,27781.519123,4618.480877,834.023215,-31658.679375,20312.712083,406.816145,27639.412250,-403.522244,-1897.525027,137.156552,0.020738,False,False,False,False,False,True,False,1-circle,-1.000000,6225.177646,-22666.254885,0.581786,0.456434,100.000000,100.000000,0.000000,0.000000,2,4,4,0.0000,0.0000,0.0000,0.5000,"Accelerate",0.023248
5918,A0100,pursuit_chase_v1,DBFM,13294.755638,27774.634316,4625.365684,838.952356,-31654.104358,20312.236912,406.111621,27613.582276,-516.599478,-1932.845672,138.017144,0.043313,False,False,False,False,False,True,False,1-circle,-1.000000,6227.878668,-22558.950918,1.212983,0.447800,100.000000,100.000000,0.000000,0.000000,2,4,4,0.0000,0.0000,0.0000,0.5000,"PursuitChaseOptimal",-0.017343
5918,B0100,aggressive,DBFM,13294.755638,27774.634316,4625.365684,838.952356,-31654.104358,20312.236912,406.111621,27613.582276,-516.599478,-1932.845672,138.017144,0.043313,False,False,False,False,False,True,False,1-circle,-1.000000,6227.878668,-22558.950918,1.212983,0.447800,100.000000,100.000000,0.000000,0.000000,2,4,4,0.0000,0.0000,0.0000,0.5000,"Accelerate",0.020827
5919,A0100,pursuit_chase_v1,DBFM,13294.755638,27774.634316,4625.365684,838.952356,-31654.104358,20312.236912,406.111621,27613.582276,-516.599478,-1932.845672,138.017144,0.043313,False,False,False,False,False,True,False,1-circle,-1.000000,6227.878668,-22558.950918,1.212983,0.447800,100.000000,100.000000,0.000000,0.000000,2,4,4,0.0000,0.0000,0.0000,0.5000,"PursuitChaseOptimal",-0.005491
5919,B0100,aggressive,DBFM,13294.755638,27774.634316,4625.365684,838.952356,-31654.104358,20312.236912,406.111621,27613.582276,-516.599478,-1932.845672,138.017144,0.043313,False,False,False,False,False,True,False,1-circle,-1.000000,6227.878668,-22558.950918,1.212983,0.447800,100.000000,100.000000,0.000000,0.000000,2,4,4,0.0000,0.0000,0.0000,0.5000,"Accelerate",0.006562
5920,A0100,pursuit_chase_v1,DBFM,13270.205930,27767.936062,4632.063938,836.530160,-31645.390078,20311.833240,405.426732,27588.572618,-500.193172,-1974.573823,138.714011,0.004460,False,False,False,False,False,True,False,1-circle,-1.000000,6230.589247,-22806.118993,-0.124728,0.561629,100.000000,100.000000,0.000000,0.000000,2,4,4,0.0000,0.0000,0.0000,0.5000,"PursuitChaseOptimal",0.001482
5920,B0100,aggressive,DBFM,13270.205930,27767.936062,4632.063938,836.530160,-31645.390078,20311.833240,405.426732,27588.572618,-500.193172,-1974.573823,138.714011,0.004460,False,False,False,False,False,True,False,1-circle,-1.000000,6230.589247,-22806.118993,-0.124728,0.561629,100.000000,100.000000,0.000000,0.000000,2,4,4,0.0000,0.0000,0.0000,0.5000,"Accelerate",-0.001880
5921,A0100,pursuit_chase_v1,DBFM,13270.205930,27767.936062,4632.063938,836.530160,-31645.390078,20311.833240,405.426732,27588.572618,-500.193172,-1974.573823,138.714011,0.004460,False,False,False,False,False,True,False,1-circle,-1.000000,6230.589247,-22806.118993,-0.124728,0.561629,100.000000,100.000000,0.000000,0.000000,2,4,4,0.0000,0.0000,0.0000,0.5000,"PursuitChaseOptimal",0.006629
5921,B0100,aggressive,DBFM,13270.205930,27767.936062,4632.063938,836.530160,-31645.390078,20311.833240,405.426732,27588.572618,-500.193172,-1974.573823,138.714011,0.004460,False,False,False,False,False,True,False,1-circle,-1.000000,6230.589247,-22806.118993,-0.124728,0.561629,100.000000,100.000000,0.000000,0.000000,2,4,4,0.0000,0.0000,0.0000,0.5000,"Accelerate",-0.007184
5922,A0100,pursuit_chase_v1,DBFM,13245.507807,27751.651190,4648.348810,837.167064,-31642.856396,20311.374715,404.874906,27568.318829,-405.075764,-2022.026206,139.256927,0.056003,False,False,False,False,False,True,False,1-circle,-1.000000,6233.258218,-22508.585010,1.563785,0.695044,100.000000,100.000000,0.000000,0.000000,2,4,4,0.0000,0.0000,0.0000,0.5000,"PursuitChaseOptimal",-0.004216
5922,B0100,aggressive,DBFM,13245.507807,27751.651190,4648.348810,837.167064,-31642.856396,20311.374715,404.874906,27568.318829,-405.075764,-2022.026206,139.256927,0.056003,False,False,False,False,False,True,False,1-circle,-1.000000,6233.258218,-22508.585010,1.563785,0.695044,100.000000,100.000000,0.000000,0.000000,2,4,4,0.0000,0.0000,0.0000,0.5000,"Accelerate",0.005939
5923,A0100,pursuit_chase_v1,DBFM,13245.507807,27751.651190,4648.348810,837.167064,-31642.856396,20311.374715,404.874906,27568.318829,-405.075764,-2022.026206,139.256927,0.056003,False,False,False,False,False,True,False,1-circle,-1.000000,6233.258218,-22508.585010,1.563785,0.695044,100.000000,100.000000,0.000000,0.000000,2,4,4,0.0000,0.0000,0.0000,0.5000,"PursuitChaseOptimal",-0.014540
5923,B0100,aggressive,DBFM,13245.507807,27751.651190,4648.348810,837.167064,-31642.856396,20311.374715,404.874906,27568.318829,-405.075764,-2022.026206,139.256927,0.056003,False,False,False,False,False,True,False,1-circle,-1.000000,6233.258218,-22508.585010,1.563785,0.695044,100.000000,100.000000,0.000000,0.000000,2,4,4,0.0000,0.0000,0.0000,0.5000,"Accelerate",0.017865
5924,A0100,pursuit_chase_v1,DBFM,13220.648692,27756.087663,4643.912337,832.306215,-31632.886932,20310.970233,404.122215,27540.957079,-547.235007,-2063.582833,139.603171,0.003464,False,False,False,False,False,True,False,1-circle,-1.000000,6235.753326,-22779.000007,0.096586,0.808978,100.000000,100.000000,0.000000,0.000000,2,4,4,0.0000,0.0000,0.0000,0.5000,"PursuitChaseOptimal",-0.018749
5924,B0100,aggressive,DBFM,13220.648692,27756.087663,4643.912337,832.306215,-31632.886932,20310.970233,404.122215,27540.957079,-547.235007,-2063.582833,139.603171,0.003464,False,False,False,False,False,True,False,1-circle,-1.000000,6235.753326,-22779.000007,0.096586,0.808978,100.000000,100.000000,0.000000,0.000000,2,4,4,0.0000,0.0000,0.0000,0.5000,"Accelerate",0.021880
5925,A0100,pursuit_chase_v1,DBFM,13220.648692,27756.087663,4643.912337,832.306215,-31632.886932,20310.970233,404.122215,27540.957079,-547.235007,-2063.582833,139.603171,0.003464,False,False,False,False,False,True,False,1-circle,-1.000000,6235.753326,-22779.000007,0.096586,0.808978,100.000000,100.000000,0.000000,0.000000,2,4,4,0.0000,0.0000,0.0000,0.5000,"PursuitChaseOptimal",-0.015773
5925,B0100,aggressive,DBFM,13220.648692,27756.087663,4643.912337,832.306215,-31632.886932,20310.970233,404.122215,27540.957079,-547.235007,-2063.582833,139.603171,0.003464,False,False,False,False,False,True,False,1-circle,-1.000000,6235.753326,-22779.000007,0.096586,0.808978,100.000000,100.000000,0.000000,0.000000,2,4,4,0.0000,0.0000,0.0000,0.5000,"Accelerate",0.017789
5926,A0100,pursuit_chase_v1,DBFM,13195.670118,27737.288604,4662.711396,840.729961,-31628.569152,20310.611346,403.571421,27520.903562,-401.070338,-2092.664771,140.489076,0.023683,False,False,False,False,False,True,False,1-circle,-1.000000,6238.253667,-22684.047576,0.659474,0.792567,100.000000,100.000000,0.000000,0.000000,2,4,4,0.0000,0.0000,0.0000,0.5000,"PursuitChaseOptimal",-0.007411
5926,B0100,aggressive,DBFM,13195.670118,27737.288604,4662.711396,840.729961,-31628.569152,20310.611346,403.571421,27520.903562,-401.070338,-2092.664771,140.489076,0.023683,False,False,False,False,False,True,False,1-circle,-1.000000,6238.253667,-22684.047576,0.659474,0.792567,100.000000,100.000000,0.000000,0.000000,2,4,4,0.0000,0.0000,0.0000,0.5000,"Accelerate",0.008721
5927,A0100,pursuit_chase_v1,DBFM,13195.670118,27737.288604,4662.711396,840.729961,-31628.569152,20310.611346,403.571421,27520.903562,-401.070338,-2092.664771,140.489076,0.023683,False,False,False,False,False,True,False,1-circle,-1.000000,6238.253667,-22684.047576,0.659474,0.792567,100.000000,100.000000,0.000000,0.000000,2,4,4,0.0000,0.0000,0.0000,0.5000,"PursuitChaseOptimal",0.000885
5927,B0100,aggressive,DBFM,13195.670118,27737.288604,4662.711396,840.729961,-31628.569152,20310.611346,403.571421,27520.903562,-401.070338,-2092.664771,140.489076,0.023683,False,False,False,False,False,True,False,1-circle,-1.000000,6238.253667,-22684.047576,0.659474,0.792567,100.000000,100.000000,0.000000,0.000000,2,4,4,0.0000,0.0000,0.0000,0.5000,"Accelerate",-0.000069
5928,A0100,pursuit_chase_v1,DBFM,13170.564548,27730.193187,4669.806813,840.371015,-31623.948223,20310.182223,402.877346,27495.694774,-504.175758,-2143.489848,141.077594,0.046753,False,False,False,False,False,True,False,1-circle,-1.000000,6240.828203,-22575.287333,1.299608,0.531295,100.000000,100.000000,0.000000,0.000000,2,4,4,0.0000,0.0000,0.0000,0.5000,"PursuitChaseOptimal",0.002809
5928,B0100,aggressive,DBFM,13170.564548,27730.193187,4669.806813,840.371015,-31623.948223,20310.182223,402.877346,27495.694774,-504.175758,-2143.489848,141.077594,0.046753,False,False,False,False,False,True,False,1-circle,-1.000000,6240.828203,-22575.287333,1.299608,0.531295,100.000000,100.000000,0.000000,0.000000,2,4,4,0.0000,0.0000,0.0000,0.5000,"Accelerate",-0.002257
5929,A0100,pursuit_chase_v1,DBFM,13170.564548,27730.193187,4669.806813,840.371015,-31623.948223,20310.182223,402.877346,27495.694774,-504.175758,-2143.489848,141.077594,0.046753,False,False,False,False,False,True,False,1-circle,-1.000000,6240.828203,-22575.287333,1.299608,0.531295,100.000000,100.000000,0.000000,0.000000,2,4,4,0.0000,0.0000,0.0000,0.5000,"PursuitChaseOptimal",-0.010509
5929,B0100,aggressive,DBFM,13170.564548,27730.193187,4669.806813,840.371015,-31623.948223,20310.182223,402.877346,27495.694774,-504.175758,-2143.489848,141.077594,0.046753,False,False,False,False,False,True,False,1-circle,-1.000000,6240.828203,-22575.287333,1.299608,0.531295,100.000000,100.000000,0.000000,0.000000,2,4,4,0.0000,0.0000,0.0000,0.5000,"Accelerate",0.012221
5930,A0100,pursuit_chase_v1,DBFM,13145.266495,27721.295960,4678.704040,834.780949,-31614.956955,20309.821803,402.212765,27471.647670,-480.942082,-2190.259726,141.687106,0.000662,False,False,False,False,False,True,False,1-circle,-1.000000,6243.210308,-22818.917673,-0.018364,0.565215,100.000000,100.000000,0.000000,0.000000,2,4,4,0.0000,0.0000,0.0000,0.5000,"PursuitChaseOptimal",-0.018314
5930,B0100,aggressive,DBFM,13145.266495,27721.295960,4678.704040,834.780949,-31614.956955,20309.821803,402.212765,27471.647670,-480.942082,-2190.259726,141.687106,0.000662,False,False,False,False,False,True,False,1-circle,-1.000000,6243.210308,-22818.917673,-0.018364,0.565215,100.000000,100.000000,0.000000,0.000000,2,4,4,0.0000,0.0000,0.0000,0.5000,"Accelerate",0.020625
5931,A0100,pursuit_chase_v1,DBFM,13145.266495,27721.295960,4678.704040,834.780949,-31614.956955,20309.821803,402.212765,27471.647670,-480.942082,-2190.259726,141.687106,0.000662,False,False,False,False,False,True,False,1-circle,-1.000000,6243.210308,-22818.917673,-0.018364,0.565215,100.000000,100.000000,0.000000,0.000000,2,4,4,0.0000,0.0000,0.0000,0.5000,"PursuitChaseOptimal",-0.024224
5931,B0100,aggressive,DBFM,13145.266495,27721.295960,4678.704040,834.780949,-31614.956955,20309.821803,402.212765,27471.647670,-480.942082,-2190.259726,141.687106,0.000662,False,False,False,False,False,True,False,1-circle,-1.000000,6243.210308,-22818.917673,-0.018364,0.565215,100.000000,100.000000,0.000000,0.000000,2,4,4,0.0000,0.0000,0.0000,0.5000,"Accelerate",0.028169
5932,A0100,pursuit_chase_v1,DBFM,13119.856389,27699.538284,4700.461716,847.599648,-31612.241773,20309.368091,401.673580,27452.005300,-392.847406,-2218.885065,142.724225,0.059305,False,False,False,False,False,True,False,1-circle,-1.000000,6245.718330,-22526.258650,1.643787,0.501510,100.000000,100.000000,0.000000,0.000000,2,4,4,0.0000,0.0000,0.0000,0.5000,"PursuitChaseOptimal",-0.018718
5932,B0100,aggressive,DBFM,13119.856389,27699.538284,4700.461716,847.599648,-31612.241773,20309.368091,401.673580,27452.005300,-392.847406,-2218.885065,142.724225,0.059305,False,False,False,False,False,True,False,1-circle,-1.000000,6245.718330,-22526.258650,1.643787,0.501510,100.000000,100.000000,0.000000,0.000000,2,4,4,0.0000,0.0000,0.0000,0.5000,"Accelerate",0.022540
5933,A0100,pursuit_chase_v1,DBFM,13119.856389,27699.538284,4700.461716,847.599648,-31612.241773,20309.368091,401.673580,27452.005300,-392.847406,-2218.885065,142.724225,0.059305,False,False,False,False,False,True,False,1-circle,-1.000000,6245.718330,-22526.258650,1.643787,0.501510,100.000000,100.000000,0.000000,0.000000,2,4,4,0.0000,0.0000,0.0000,0.5000,"PursuitChaseOptimal",-0.007057
5933,B0100,aggressive,DBFM,13119.856389,27699.538284,4700.461716,847.599648,-31612.241773,20309.368091,401.673580,27452.005300,-392.847406,-2218.885065,142.724225,0.059305,False,False,False,False,False,True,False,1-circle,-1.000000,6245.718330,-22526.258650,1.643787,0.501510,100.000000,100.000000,0.000000,0.000000,2,4,4,0.0000,0.0000,0.0000,0.5000,"Accelerate",0.009178
5934,A0100,pursuit_chase_v1,DBFM,13094.319267,27698.704695,4701.295305,842.587295,-31602.065333,20308.927339,400.946910,27425.744366,-525.218682,-2264.158556,143.369878,0.007481,False,False,False,False,False,True,False,1-circle,-1.000000,6248.316722,-22791.510493,0.207062,0.582848,100.000000,100.000000,0.000000,0.000000,2,4,4,0.0000,0.0000,0.0000,0.5000,"PursuitChaseOptimal",0.000607
5934,B0100,aggressive,DBFM,13094.319267,27698.704695,4701.295305,842.587295,-31602.065333,20308.927339,400.946910,27425.744366,-525.218682,-2264.158556,143.369878,0.007481,False,False,False,False,False,True,False,1-circle,-1.000000,6248.316722,-22791.510493,0.207062,0.582848,100.000000,100.000000,0.000000,0.000000,2,4,4,0.0000,0.0000,0.0000,0.5000,"Accelerate",-0.000420
5935,A0100,pursuit_chase_v1,DBFM,13094.319267,27698.704695,4701.295305,842.587295,-31602.065333,20308.927339,400.946910,27425.744366,-525.218682,-2264.158556,143.369878,0.007481,False,False,False,False,False,True,False,1-circle,-1.000000,6248.316722,-22791.510493,0.207062,0.582848,100.000000,100.000000,0.000000,0.000000,2,4,4,0.0000,0.0000,0.0000,0.5000,"PursuitChaseOptimal",0.003642
5935,B0100,aggressive,DBFM,13094.319267,27698.704695,4701.295305,842.587295,-31602.065333,20308.927339,400.946910,27425.744366,-525.218682,-2264.158556,143.369878,0.007481,False,False,False,False,False,True,False,1-circle,-1.000000,6248.316722,-22791.510493,0.207062,0.582848,100.000000,100.000000,0.000000,0.000000,2,4,4,0.0000,0.0000,0.0000,0.5000,"Accelerate",-0.004404
5936,A0100,pursuit_chase_v1,DBFM,13068.616813,27679.549062,4720.450938,841.677833,-31597.527684,20308.504033,400.427618,27406.898095,-376.925427,-2308.725890,143.963945,0.027122,False,False,False,False,False,True,False,1-circle,-1.000000,6250.814781,-22700.462007,0.749754,0.703922,100.000000,100.000000,0.000000,0.000000,2,4,4,0.0000,0.0000,0.0000,0.5000,"PursuitChaseOptimal",-0.009638
5936,B0100,aggressive,DBFM,13068.616813,27679.549062,4720.450938,841.677833,-31597.527684,20308.504033,400.427618,27406.898095,-376.925427,-2308.725890,143.963945,0.027122,False,False,False,False,False,True,False,1-circle,-1.000000,6250.814781,-22700.462007,0.749754,0.703922,100.000000,100.000000,0.000000,0.000000,2,4,4,0.0000,0.0000,0.0000,0.5000,"Accelerate",0.011557
5937,A0100,pursuit_chase_v1,DBFM,13068.616813,27679.549062,4720.450938,841.677833,-31597.527684,20308.504033,400.427618,27406.898095,-376.925427,-2308.725890,143.963945,0.027122,False,False,False,False,False,True,False,1-circle,-1.000000,6250.814781,-22700.462007,0.749754,0.703922,100.000000,100.000000,0.000000,0.000000,2,4,4,0.0000,0.0000,0.0000,0.5000,"PursuitChaseOptimal",-0.017472
5937,B0100,aggressive,DBFM,13068.616813,27679.549062,4720.450938,841.677833,-31597.527684,20308.504033,400.427618,27406.898095,-376.925427,-2308.725890,143.963945,0.027122,False,False,False,False,False,True,False,1-circle,-1.000000,6250.814781,-22700.462007,0.749754,0.703922,100.000000,100.000000,0.000000,0.000000,2,4,4,0.0000,0.0000,0.0000,0.5000,"Accelerate",0.021369
5938,A0100,pursuit_chase_v1,DBFM,13042.782647,27676.051415,4723.948585,844.718665,-31592.784821,20308.035796,399.784275,27383.639047,-465.180945,-2346.508608,144.519897,0.050402,False,False,False,False,False,True,False,1-circle,-1.000000,6253.281433,-22591.692114,1.391028,0.833353,100.000000,100.000000,0.000000,0.000000,2,4,4,0.0000,0.0000,0.0000,0.5000,"PursuitChaseOptimal",-0.024065
5938,B0100,aggressive,DBFM,13042.782647,27676.051415,4723.948585,844.718665,-31592.784821,20308.035796,399.784275,27383.639047,-465.180945,-2346.508608,144.519897,0.050402,False,False,False,False,False,True,False,1-circle,-1.000000,6253.281433,-22591.692114,1.391028,0.833353,100.000000,100.000000,0.000000,0.000000,2,4,4,0.0000,0.0000,0.0000,0.5000,"Accelerate",0.029155
5939,A0100,pursuit_chase_v1,DBFM,13042.782647,27676.051415,4723.948585,844.718665,-31592.784821,20308.035796,399.784275,27383.639047,-465.180945,-2346.508608,144.519897,0.050402,False,False,False,False,False,True,False,1-circle,-1.000000,6253.281433,-22591.692114,1.391028,0.833353,100.000000,100.000000,0.000000,0.000000,2,4,4,0.0000,0.0000,0.0000,0.5000,"PursuitChaseOptimal",-0.023068
5939,B0100,aggressive,DBFM,13042.782647,27676.051415,4723.948585,844.718665,-31592.784821,20308.035796,399.784275,27383.639047,-465.180945,-2346.508608,144.519897,0.050402,False,False,False,False,False,True,False,1-circle,-1.000000,6253.281433,-22591.692114,1.391028,0.833353,100.000000,100.000000,0.000000,0.000000,2,4,4,0.0000,0.0000,0.0000,0.5000,"Accelerate",0.027197
5940,A0100,pursuit_chase_v1,DBFM,13016.814425,27671.879733,4728.120267,844.560650,-31583.615919,20307.675662,399.136765,27360.377522,-465.230514,-2379.683922,145.364505,0.003032,False,False,False,False,False,True,False,1-circle,-1.000000,6255.746812,-22833.750813,0.083570,0.924502,100.000000,100.000000,0.000000,0.000000,2,4,4,0.0000,0.0000,0.0000,0.5000,"PursuitChaseOptimal",-0.020358
5940,B0100,aggressive,DBFM,13016.814425,27671.879733,4728.120267,844.560650,-31583.615919,20307.675662,399.136765,27360.377522,-465.230514,-2379.683922,145.364505,0.003032,False,False,False,False,False,True,False,1-circle,-1.000000,6255.746812,-22833.750813,0.083570,0.924502,100.000000,100.000000,0.000000,0.000000,2,4,4,0.0000,0.0000,0.0000,0.5000,"Accelerate",0.023377
5941,A0100,pursuit_chase_v1,DBFM,13016.814425,27671.879733,4728.120267,844.560650,-31583.615919,20307.675662,399.136765,27360.377522,-465.230514,-2379.683922,145.364505,0.003032,False,False,False,False,False,True,False,1-circle,-1.000000,6255.746812,-22833.750813,0.083570,0.924502,100.000000,100.000000,0.000000,0.000000,2,4,4,0.0000,0.0000,0.0000,0.5000,"PursuitChaseOptimal",-0.008290
5941,B0100,aggressive,DBFM,13016.814425,27671.879733,4728.120267,844.560650,-31583.615919,20307.675662,399.136765,27360.377522,-465.230514,-2379.683922,145.364505,0.003032,False,False,False,False,False,True,False,1-circle,-1.000000,6255.746812,-22833.750813,0.083570,0.924502,100.000000,100.000000,0.000000,0.000000,2,4,4,0.0000,0.0000,0.0000,0.5000,"Accelerate",0.009881
5942,A0100,pursuit_chase_v1,DBFM,12990.742422,27650.582684,4749.417316,852.969300,-31580.796346,20307.253059,398.618541,27341.652890,-374.492634,-2412.100154,146.267759,0.062539,False,False,False,False,False,True,False,1-circle,-1.000000,6258.395878,-22545.891477,1.721128,0.720963,100.000000,100.000000,0.000000,0.000000,2,4,4,0.0000,0.0000,0.0000,0.5000,"PursuitChaseOptimal",-0.001238
5942,B0100,aggressive,DBFM,12990.742422,27650.582684,4749.417316,852.969300,-31580.796346,20307.253059,398.618541,27341.652890,-374.492634,-2412.100154,146.267759,0.062539,False,False,False,False,False,True,False,1-circle,-1.000000,6258.395878,-22545.891477,1.721128,0.720963,100.000000,100.000000,0.000000,0.000000,2,4,4,0.0000,0.0000,0.0000,0.5000,"Accelerate",0.002429
5943,A0100,pursuit_chase_v1,DBFM,12990.742422,27650.582684,4749.417316,852.969300,-31580.796346,20307.253059,398.618541,27341.652890,-374.492634,-2412.100154,146.267759,0.062539,False,False,False,False,False,True,False,1-circle,-1.000000,6258.395878,-22545.891477,1.721128,0.720963,100.000000,100.000000,0.000000,0.000000,2,4,4,0.0000,0.0000,0.0000,0.5000,"PursuitChaseOptimal",0.002235
5943,B0100,aggressive,DBFM,12990.742422,27650.582684,4749.417316,852.969300,-31580.796346,20307.253059,398.618541,27341.652890,-374.492634,-2412.100154,146.267759,0.062539,False,False,False,False,False,True,False,1-circle,-1.000000,6258.395878,-22545.891477,1.721128,0.720963,100.000000,100.000000,0.000000,0.000000,2,4,4,0.0000,0.0000,0.0000,0.5000,"Accelerate",-0.001593
5944,A0100,pursuit_chase_v1,DBFM,12964.506374,27649.597110,4750.402890,842.141538,-31570.518420,20306.846121,397.875603,27315.049204,-532.073722,-2468.415084,146.692996,0.011742,False,False,False,False,False,True,False,1-circle,-1.000000,6260.960101,-22804.506036,0.322693,0.606421,100.000000,100.000000,0.000000,0.000000,2,4,4,0.0000,0.0000,0.0000,0.5000,"PursuitChaseOptimal",-0.010513
5944,B0100,aggressive,DBFM,12964.506374,27649.597110,4750.402890,842.141538,-31570.518420,20306.846121,397.875603,27315.049204,-532.073722,-2468.415084,146.692996,0.011742,False,False,False,False,False,True,False,1-circle,-1.000000,6260.960101,-22804.506036,0.322693,0.606421,100.000000,100.000000,0.000000,0.000000,2,4,4,0.0000,0.0000,0.0000,0.5000,"Accelerate",0.012498
5945,A0100,pursuit_chase_v1,DBFM,12964.506374,27649.597110,4750.402890,842.141538,-31570.518420,20306.846121,397.875603,27315.049204,-532.073722,-2468.415084,146.692996,0.011742,False,False,False,False,False,True,False,1-circle,-1.000000,6260.960101,-22804.506036,0.322693,0.606421,100.000000,100.000000,0.000000,0.000000,2,4,4,0.0000,0.0000,0.0000,0.5000,"PursuitChaseOptimal",-0.018432
5945,B0100,aggressive,DBFM,12964.506374,27649.597110,4750.402890,842.141538,-31570.518420,20306.846121,397.875603,27315.049204,-532.073722,-2468.415084,146.692996,0.011742,False,False,False,False,False,True,False,1-circle,-1.000000,6260.960101,-22804.506036,0.322693,0.606421,100.000000,100.000000,0.000000,0.000000,2,4,4,0.0000,0.0000,0.0000,0.5000,"Accelerate",0.021274
5946,A0100,pursuit_chase_v1,DBFM,12938.120365,27628.541487,4771.458513,850.875245,-31565.729222,20306.449209,397.375469,27297.044567,-360.092741,-2497.134721,147.480534,0.030862,False,False,False,False,False,True,False,1-circle,-1.000000,6263.448262,-22717.027971,0.847065,0.704931,100.000000,100.000000,0.000000,0.000000,2,4,4,0.0000,0.0000,0.0000,0.5000,"PursuitChaseOptimal",-0.023736
5946,B0100,aggressive,DBFM,12938.120365,27628.541487,4771.458513,850.875245,-31565.729222,20306.449209,397.375469,27297.044567,-360.092741,-2497.134721,147.480534,0.030862,False,False,False,False,False,True,False,1-circle,-1.000000,6263.448262,-22717.027971,0.847065,0.704931,100.000000,100.000000,0.000000,0.000000,2,4,4,0.0000,0.0000,0.0000,0.5000,"Accelerate",0.028127
5947,A0100,pursuit_chase_v1,DBFM,12938.120365,27628.541487,4771.458513,850.875245,-31565.729222,20306.449209,397.375469,27297.044567,-360.092741,-2497.134721,147.480534,0.030862,False,False,False,False,False,True,False,1-circle,-1.000000,6263.448262,-22717.027971,0.847065,0.704931,100.000000,100.000000,0.000000,0.000000,2,4,4,0.0000,0.0000,0.0000,0.5000,"PursuitChaseOptimal",-0.018298
5947,B0100,aggressive,DBFM,12938.120365,27628.541487,4771.458513,850.875245,-31565.729222,20306.449209,397.375469,27297.044567,-360.092741,-2497.134721,147.480534,0.030862,False,False,False,False,False,True,False,1-circle,-1.000000,6263.448262,-22717.027971,0.847065,0.704931,100.000000,100.000000,0.000000,0.000000,2,4,4,0.0000,0.0000,0.0000,0.5000,"Accelerate",0.022549
5948,A0100,pursuit_chase_v1,DBFM,12911.640232,27623.245761,4776.754239,855.751029,-31560.842742,20305.994753,396.755436,27274.792006,-445.051217,-2530.370670,148.234116,0.054386,False,False,False,False,False,True,False,1-circle,-1.000000,6266.099561,-22608.296741,1.490345,0.838828,100.000000,100.000000,0.000000,0.000000,2,4,4,0.0000,0.0000,0.0000,0.5000,"PursuitChaseOptimal",-0.007007
5948,B0100,aggressive,DBFM,12911.640232,27623.245761,4776.754239,855.751029,-31560.842742,20305.994753,396.755436,27274.792006,-445.051217,-2530.370670,148.234116,0.054386,False,False,False,False,False,True,False,1-circle,-1.000000,6266.099561,-22608.296741,1.490345,0.838828,100.000000,100.000000,0.000000,0.000000,2,4,4,0.0000,0.0000,0.0000,0.5000,"Accelerate",0.009440
5949,A0100,pursuit_chase_v1,DBFM,12911.640232,27623.245761,4776.754239,855.751029,-31560.842742,20305.994753,396.755436,27274.792006,-445.051217,-2530.370670,148.234116,0.054386,False,False,False,False,False,True,False,1-circle,-1.000000,6266.099561,-22608.296741,1.490345,0.838828,100.000000,100.000000,0.000000,0.000000,2,4,4,0.0000,0.0000,0.0000,0.5000,"PursuitChaseOptimal",0.000362
5949,B0100,aggressive,DBFM,12911.640232,27623.245761,4776.754239,855.751029,-31560.842742,20305.994753,396.755436,27274.792006,-445.051217,-2530.370670,148.234116,0.054386,False,False,False,False,False,True,False,1-circle,-1.000000,6266.099561,-22608.296741,1.490345,0.838828,100.000000,100.000000,0.000000,0.000000,2,4,4,0.0000,0.0000,0.0000,0.5000,"Accelerate",-0.000064
5950,A0100,pursuit_chase_v1,DBFM,12885.011362,27617.545591,4782.454409,849.411731,-31551.445688,20305.638021,396.130653,27252.504615,-445.747819,-2577.678303,148.681044,0.007161,False,False,False,False,False,True,False,1-circle,-1.000000,6268.668441,-22848.344173,0.195985,0.936862,100.000000,100.000000,0.000000,0.000000,2,4,4,0.0000,0.0000,0.0000,0.5000,"PursuitChaseOptimal",0.003286
5950,B0100,aggressive,DBFM,12885.011362,27617.545591,4782.454409,849.411731,-31551.445688,20305.638021,396.130653,27252.504615,-445.747819,-2577.678303,148.681044,0.007161,False,False,False,False,False,True,False,1-circle,-1.000000,6268.668441,-22848.344173,0.195985,0.936862,100.000000,100.000000,0.000000,0.000000,2,4,4,0.0000,0.0000,0.0000,0.5000,"Accelerate",-0.003748
5951,A0100,pursuit_chase_v1,DBFM,12885.011362,27617.545591,4782.454409,849.411731,-31551.445688,20305.638021,396.130653,27252.504615,-445.747819,-2577.678303,148.681044,0.007161,False,False,False,False,False,True,False,1-circle,-1.000000,6268.668441,-22848.344173,0.195985,0.936862,100.000000,100.000000,0.000000,0.000000,2,4,4,0.0000,0.0000,0.0000,0.5000,"PursuitChaseOptimal",-0.009716
5951,B0100,aggressive,DBFM,12885.011362,27617.545591,4782.454409,849.411731,-31551.445688,20305.638021,396.130653,27252.504615,-445.747819,-2577.678303,148.681044,0.007161,False,False,False,False,False,True,False,1-circle,-1.000000,6268.668441,-22848.344173,0.195985,0.936862,100.000000,100.000000,0.000000,0.000000,2,4,4,0.0000,0.0000,0.0000,0.5000,"Accelerate",0.012232
5952,A0100,pursuit_chase_v1,DBFM,12858.226464,27606.807393,4793.192607,849.066805,-31548.009995,20305.254051,395.515543,27230.563248,-438.827347,-2619.776528,149.187585,0.041175,False,False,False,False,False,True,False,1-circle,-1.000000,6271.132712,-22688.142240,1.125142,0.738189,100.000000,100.000000,0.000000,0.000000,2,4,4,0.0000,0.0000,0.0000,0.5000,"PursuitChaseOptimal",-0.017327
5952,B0100,aggressive,DBFM,12858.226464,27606.807393,4793.192607,849.066805,-31548.009995,20305.254051,395.515543,27230.563248,-438.827347,-2619.776528,149.187585,0.041175,False,False,False,False,False,True,False,1-circle,-1.000000,6271.132712,-22688.142240,1.125142,0.738189,100.000000,100.000000,0.000000,0.000000,2,4,4,0.0000,0.0000,0.0000,0.5000,"Accelerate",0.021916
5953,A0100,pursuit_chase_v1,DBFM,12858.226464,27606.807393,4793.192607,849.066805,-31548.009995,20305.254051,395.515543,27230.563248,-438.827347,-2619.776528,149.187585,0.041175,False,False,False,False,False,True,False,1-circle,-1.000000,6271.132712,-22688.142240,1.125142,0.738189,100.000000,100.000000,0.000000,0.000000,2,4,4,0.0000,0.0000,0.0000,0.5000,"PursuitChaseOptimal",-0.023660
5953,B0100,aggressive,DBFM,12858.226464,27606.807393,4793.192607,849.066805,-31548.009995,20305.254051,395.515543,27230.563248,-438.827347,-2619.776528,149.187585,0.041175,False,False,False,False,False,True,False,1-circle,-1.000000,6271.132712,-22688.142240,1.125142,0.738189,100.000000,100.000000,0.000000,0.000000,2,4,4,0.0000,0.0000,0.0000,0.5000,"Accelerate",0.029332
5954,A0100,pursuit_chase_v1,DBFM,12831.283461,27616.306972,4783.693028,843.321559,-31536.751531,20304.991126,394.667788,27200.644492,-598.375116,-2665.498206,149.833565,0.036699,False,False,False,False,False,True,False,1-circle,-1.000000,6273.497816,-23077.857973,-1.000886,0.606385,100.000000,100.000000,0.000000,0.000000,2,4,4,0.0000,0.0000,0.0000,0.5000,"PursuitChaseOptimal",-0.022766
5954,B0100,aggressive,DBFM,12831.283461,27616.306972,4783.693028,843.321559,-31536.751531,20304.991126,394.667788,27200.644492,-598.375116,-2665.498206,149.833565,0.036699,False,False,False,False,False,True,False,1-circle,-1.000000,6273.497816,-23077.857973,-1.000886,0.606385,100.000000,100.000000,0.000000,0.000000,2,4,4,0.0000,0.0000,0.0000,0.5000,"Accelerate",0.027307
5955,A0100,pursuit_chase_v1,DBFM,12831.283461,27616.306972,4783.693028,843.321559,-31536.751531,20304.991126,394.667788,27200.644492,-598.375116,-2665.498206,149.833565,0.036699,False,False,False,False,False,True,False,1-circle,-1.000000,6273.497816,-23077.857973,-1.000886,0.606385,100.000000,100.000000,0.000000,0.000000,2,4,4,0.0000,0.0000,0.0000,0.5000,"PursuitChaseOptimal",-0.022647
5955,B0100,aggressive,DBFM,12831.283461,27616.306972,4783.693028,843.321559,-31536.751531,20304.991126,394.667788,27200.644492,-598.375116,-2665.498206,149.833565,0.036699,False,False,False,False,False,True,False,1-circle,-1.000000,6273.497816,-23077.857973,-1.000886,0.606385,100.000000,100.000000,0.000000,0.000000,2,4,4,0.0000,0.0000,0.0000,0.5000,"Accelerate",0.026478
5956,A0100,pursuit_chase_v1,DBFM,12804.201932,27596.676683,4803.323317,852.295152,-31531.372735,20304.799731,394.087448,27180.188560,-409.118627,-2696.452817,150.913011,0.022664,False,False,False,False,False,True,False,1-circle,-1.000000,6275.936287,-23015.967660,-0.617286,0.443815,100.000000,100.000000,0.000000,0.000000,2,4,4,0.0000,0.0000,0.0000,0.5000,"PursuitChaseOptimal",-0.012567
5956,B0100,aggressive,DBFM,12804.201932,27596.676683,4803.323317,852.295152,-31531.372735,20304.799731,394.087448,27180.188560,-409.118627,-2696.452817,150.913011,0.022664,False,False,False,False,False,True,False,1-circle,-1.000000,6275.936287,-23015.967660,-0.617286,0.443815,100.000000,100.000000,0.000000,0.000000,2,4,4,0.0000,0.0000,0.0000,0.5000,"Accelerate",0.014368
5957,A0100,pursuit_chase_v1,DBFM,12804.201932,27596.676683,4803.323317,852.295152,-31531.372735,20304.799731,394.087448,27180.188560,-409.118627,-2696.452817,150.913011,0.022664,False,False,False,False,False,True,False,1-circle,-1.000000,6275.936287,-23015.967660,-0.617286,0.443815,100.000000,100.000000,0.000000,0.000000,2,4,4,0.0000,0.0000,0.0000,0.5000,"PursuitChaseOptimal",-0.003569
5957,B0100,aggressive,DBFM,12804.201932,27596.676683,4803.323317,852.295152,-31531.372735,20304.799731,394.087448,27180.188560,-409.118627,-2696.452817,150.913011,0.022664,False,False,False,False,False,True,False,1-circle,-1.000000,6275.936287,-23015.967660,-0.617286,0.443815,100.000000,100.000000,0.000000,0.000000,2,4,4,0.0000,0.0000,0.0000,0.5000,"Accelerate",0.004217
5958,A0100,pursuit_chase_v1,DBFM,12777.010647,27569.325377,4830.674623,857.635100,-31526.907845,20304.459393,393.558600,27161.407653,-375.618146,-2736.568169,151.869466,0.054980,False,False,False,False,False,True,False,1-circle,-1.000000,6278.594680,-22643.069452,1.495329,0.114600,100.000000,100.000000,0.000000,0.000000,2,4,4,0.0000,0.0000,0.0000,0.5000,"PursuitChaseOptimal",-0.001651
5958,B0100,aggressive,DBFM,12777.010647,27569.325377,4830.674623,857.635100,-31526.907845,20304.459393,393.558600,27161.407653,-375.618146,-2736.568169,151.869466,0.054980,False,False,False,False,False,True,False,1-circle,-1.000000,6278.594680,-22643.069452,1.495329,0.114600,100.000000,100.000000,0.000000,0.000000,2,4,4,0.0000,0.0000,0.0000,0.5000,"Accelerate",0.002763
5959,A0100,pursuit_chase_v1,DBFM,12777.010647,27569.325377,4830.674623,857.635100,-31526.907845,20304.459393,393.558600,27161.407653,-375.618146,-2736.568169,151.869466,0.054980,False,False,False,False,False,True,False,1-circle,-1.000000,6278.594680,-22643.069452,1.495329,0.114600,100.000000,100.000000,0.000000,0.000000,2,4,4,0.0000,0.0000,0.0000,0.5000,"PursuitChaseOptimal",-0.013933
5959,B0100,aggressive,DBFM,12777.010647,27569.325377,4830.674623,857.635100,-31526.907845,20304.459393,393.558600,27161.407653,-375.618146,-2736.568169,151.869466,0.054980,False,False,False,False,False,True,False,1-circle,-1.000000,6278.594680,-22643.069452,1.495329,0.114600,100.000000,100.000000,0.000000,0.000000,2,4,4,0.0000,0.0000,0.0000,0.5000,"Accelerate",0.017372
5960,A0100,pursuit_chase_v1,DBFM,12749.642358,27563.188537,4836.811463,849.450641,-31516.061958,20304.095004,392.805204,27134.815624,-531.840590,-2786.267987,152.550089,0.006654,False,False,False,False,False,True,False,1-circle,-1.000000,6281.199814,-22887.115225,0.180701,0.072891,100.000000,100.000000,0.000000,0.000000,2,4,4,0.0000,0.0000,0.0000,0.5000,"PursuitChaseOptimal",-0.020490
5960,B0100,aggressive,DBFM,12749.642358,27563.188537,4836.811463,849.450641,-31516.061958,20304.095004,392.805204,27134.815624,-531.840590,-2786.267987,152.550089,0.006654,False,False,False,False,False,True,False,1-circle,-1.000000,6281.199814,-22887.115225,0.180701,0.072891,100.000000,100.000000,0.000000,0.000000,2,4,4,0.0000,0.0000,0.0000,0.5000,"Accelerate",0.024419
5961,A0100,pursuit_chase_v1,DBFM,12749.642358,27563.188537,4836.811463,849.450641,-31516.061958,20304.095004,392.805204,27134.815624,-531.840590,-2786.267987,152.550089,0.006654,False,False,False,False,False,True,False,1-circle,-1.000000,6281.199814,-22887.115225,0.180701,0.072891,100.000000,100.000000,0.000000,0.000000,2,4,4,0.0000,0.0000,0.0000,0.5000,"PursuitChaseOptimal",-0.025757
5961,B0100,aggressive,DBFM,12749.642358,27563.188537,4836.811463,849.450641,-31516.061958,20304.095004,392.805204,27134.815624,-531.840590,-2786.267987,152.550089,0.006654,False,False,False,False,False,True,False,1-circle,-1.000000,6281.199814,-22887.115225,0.180701,0.072891,100.000000,100.000000,0.000000,0.000000,2,4,4,0.0000,0.0000,0.0000,0.5000,"Accelerate",0.030154
5962,A0100,pursuit_chase_v1,DBFM,12722.142278,27536.934639,4863.065361,860.719209,-31510.823804,20303.707766,392.303196,27116.980136,-356.709763,-2810.970376,153.686393,0.024385,False,False,False,False,False,True,False,1-circle,-1.000000,6283.896289,-22808.145209,0.661376,0.232181,100.000000,100.000000,0.000000,0.000000,2,4,4,0.0000,0.0000,0.0000,0.5000,"PursuitChaseOptimal",-0.024117
5962,B0100,aggressive,DBFM,12722.142278,27536.934639,4863.065361,860.719209,-31510.823804,20303.707766,392.303196,27116.980136,-356.709763,-2810.970376,153.686393,0.024385,False,False,False,False,False,True,False,1-circle,-1.000000,6283.896289,-22808.145209,0.661376,0.232181,100.000000,100.000000,0.000000,0.000000,2,4,4,0.0000,0.0000,0.0000,0.5000,"Accelerate",0.028648
5963,A0100,pursuit_chase_v1,DBFM,12722.142278,27536.934639,4863.065361,860.719209,-31510.823804,20303.707766,392.303196,27116.980136,-356.709763,-2810.970376,153.686393,0.024385,False,False,False,False,False,True,False,1-circle,-1.000000,6283.896289,-22808.145209,0.661376,0.232181,100.000000,100.000000,0.000000,0.000000,2,4,4,0.0000,0.0000,0.0000,0.5000,"PursuitChaseOptimal",-0.021764
5963,B0100,aggressive,DBFM,12722.142278,27536.934639,4863.065361,860.719209,-31510.823804,20303.707766,392.303196,27116.980136,-356.709763,-2810.970376,153.686393,0.024385,False,False,False,False,False,True,False,1-circle,-1.000000,6283.896289,-22808.145209,0.661376,0.232181,100.000000,100.000000,0.000000,0.000000,2,4,4,0.0000,0.0000,0.0000,0.5000,"Accelerate",0.026735
5964,A0100,pursuit_chase_v1,DBFM,12694.558124,27521.290385,4878.709615,869.259239,-31505.402662,20303.196703,391.745064,27097.096299,-397.676725,-2839.880357,154.638710,0.047604,False,False,False,False,False,True,False,1-circle,-1.000000,6286.882531,-22702.940861,1.289247,0.422804,100.000000,100.000000,0.000000,0.000000,2,4,4,0.0000,0.0000,0.0000,0.5000,"PursuitChaseOptimal",-0.009682
5964,B0100,aggressive,DBFM,12694.558124,27521.290385,4878.709615,869.259239,-31505.402662,20303.196703,391.745064,27097.096299,-397.676725,-2839.880357,154.638710,0.047604,False,False,False,False,False,True,False,1-circle,-1.000000,6286.882531,-22702.940861,1.289247,0.422804,100.000000,100.000000,0.000000,0.000000,2,4,4,0.0000,0.0000,0.0000,0.5000,"Accelerate",0.012493
5965,A0100,pursuit_chase_v1,DBFM,12694.558124,27521.290385,4878.709615,869.259239,-31505.402662,20303.196703,391.745064,27097.096299,-397.676725,-2839.880357,154.638710,0.047604,False,False,False,False,False,True,False,1-circle,-1.000000,6286.882531,-22702.940861,1.289247,0.422804,100.000000,100.000000,0.000000,0.000000,2,4,4,0.0000,0.0000,0.0000,0.5000,"PursuitChaseOptimal",-0.001697
5965,B0100,aggressive,DBFM,12694.558124,27521.290385,4878.709615,869.259239,-31505.402662,20303.196703,391.745064,27097.096299,-397.676725,-2839.880357,154.638710,0.047604,False,False,False,False,False,True,False,1-circle,-1.000000,6286.882531,-22702.940861,1.289247,0.422804,100.000000,100.000000,0.000000,0.000000,2,4,4,0.0000,0.0000,0.0000,0.5000,"Accelerate",0.002212
5966,A0100,pursuit_chase_v1,DBFM,12666.839825,27508.345898,4891.654102,863.588825,-31495.489093,20302.714585,391.170142,27076.687465,-408.176686,-2882.565560,155.223845,0.000304,False,False,False,False,False,True,False,1-circle,-1.000000,6289.885678,-22944.378310,-0.008226,0.579476,100.000000,100.000000,0.000000,0.000000,2,4,4,0.0000,0.0000,0.0000,0.5000,"PursuitChaseOptimal",0.000810
5966,B0100,aggressive,DBFM,12666.839825,27508.345898,4891.654102,863.588825,-31495.489093,20302.714585,391.170142,27076.687465,-408.176686,-2882.565560,155.223845,0.000304,False,False,False,False,False,True,False,1-circle,-1.000000,6289.885678,-22944.378310,-0.008226,0.579476,100.000000,100.000000,0.000000,0.000000,2,4,4,0.0000,0.0000,0.0000,0.5000,"Accelerate",-0.001276
5967,A0100,pursuit_chase_v1,DBFM,12666.839825,27508.345898,4891.654102,863.588825,-31495.489093,20302.714585,391.170142,27076.687465,-408.176686,-2882.565560,155.223845,0.000304,False,False,False,False,False,True,False,1-circle,-1.000000,6289.885678,-22944.378310,-0.008226,0.579476,100.000000,100.000000,0.000000,0.000000,2,4,4,0.0000,0.0000,0.0000,0.5000,"PursuitChaseOptimal",-0.011690
5967,B0100,aggressive,DBFM,12666.839825,27508.345898,4891.654102,863.588825,-31495.489093,20302.714585,391.170142,27076.687465,-408.176686,-2882.565560,155.223845,0.000304,False,False,False,False,False,True,False,1-circle,-1.000000,6289.885678,-22944.378310,-0.008226,0.579476,100.000000,100.000000,0.000000,0.000000,2,4,4,0.0000,0.0000,0.0000,0.5000,"Accelerate",0.014303
5968,A0100,pursuit_chase_v1,DBFM,12638.986140,27485.787991,4914.212009,866.836533,-31492.189656,20302.142204,390.727819,27060.804148,-317.666331,-2913.248493,155.821720,0.057558,False,False,False,False,False,True,False,1-circle,-1.000000,6292.870750,-22670.960774,1.554921,0.731923,100.000000,100.000000,0.000000,0.000000,2,4,4,0.0000,0.0000,0.0000,0.5000,"PursuitChaseOptimal",-0.018752
5968,B0100,aggressive,DBFM,12638.986140,27485.787991,4914.212009,866.836533,-31492.189656,20302.142204,390.727819,27060.804148,-317.666331,-2913.248493,155.821720,0.057558,False,False,False,False,False,True,False,1-circle,-1.000000,6292.870750,-22670.960774,1.554921,0.731923,100.000000,100.000000,0.000000,0.000000,2,4,4,0.0000,0.0000,0.0000,0.5000,"Accelerate",0.023554
5969,A0100,pursuit_chase_v1,DBFM,12638.986140,27485.787991,4914.212009,866.836533,-31492.189656,20302.142204,390.727819,27060.804148,-317.666331,-2913.248493,155.821720,0.057558,False,False,False,False,False,True,False,1-circle,-1.000000,6292.870750,-22670.960774,1.554921,0.731923,100.000000,100.000000,0.000000,0.000000,2,4,4,0.0000,0.0000,0.0000,0.5000,"PursuitChaseOptimal",-0.024228
5969,B0100,aggressive,DBFM,12638.986140,27485.787991,4914.212009,866.836533,-31492.189656,20302.142204,390.727819,27060.804148,-317.666331,-2913.248493,155.821720,0.057558,False,False,False,False,False,True,False,1-circle,-1.000000,6292.870750,-22670.960774,1.554921,0.731923,100.000000,100.000000,0.000000,0.000000,2,4,4,0.0000,0.0000,0.0000,0.5000,"Accelerate",0.030291
5970,A0100,pursuit_chase_v1,DBFM,12611.018959,27485.282328,4914.717672,863.799887,-31481.290133,20301.593348,390.081070,27037.899363,-458.095715,-2945.940813,156.467241,0.007776,False,False,False,False,False,True,False,1-circle,-1.000000,6295.873071,-22921.096666,0.209781,0.863753,100.000000,100.000000,0.000000,0.000000,2,4,4,0.0000,0.0000,0.0000,0.5000,"PursuitChaseOptimal",-0.022834
5970,B0100,aggressive,DBFM,12611.018959,27485.282328,4914.717672,863.799887,-31481.290133,20301.593348,390.081070,27037.899363,-458.095715,-2945.940813,156.467241,0.007776,False,False,False,False,False,True,False,1-circle,-1.000000,6295.873071,-22921.096666,0.209781,0.863753,100.000000,100.000000,0.000000,0.000000,2,4,4,0.0000,0.0000,0.0000,0.5000,"Accelerate",0.027800
5971,A0100,pursuit_chase_v1,DBFM,12611.018959,27485.282328,4914.717672,863.799887,-31481.290133,20301.593348,390.081070,27037.899363,-458.095715,-2945.940813,156.467241,0.007776,False,False,False,False,False,True,False,1-circle,-1.000000,6295.873071,-22921.096666,0.209781,0.863753,100.000000,100.000000,0.000000,0.000000,2,4,4,0.0000,0.0000,0.0000,0.5000,"PursuitChaseOptimal",-0.020760
5971,B0100,aggressive,DBFM,12611.018959,27485.282328,4914.717672,863.799887,-31481.290133,20301.593348,390.081070,27037.899363,-458.095715,-2945.940813,156.467241,0.007776,False,False,False,False,False,True,False,1-circle,-1.000000,6295.873071,-22921.096666,0.209781,0.863753,100.000000,100.000000,0.000000,0.000000,2,4,4,0.0000,0.0000,0.0000,0.5000,"Accelerate",0.024632
5972,A0100,pursuit_chase_v1,DBFM,12582.947008,27461.207193,4938.792807,874.882775,-31475.859562,20301.065415,389.630767,27021.827852,-321.430215,-2968.863303,157.457125,0.025001,False,False,False,False,False,True,False,1-circle,-1.000000,6299.003566,-22845.754143,0.673759,0.868437,100.000000,100.000000,0.000000,0.000000,2,4,4,0.0000,0.0000,0.0000,0.5000,"PursuitChaseOptimal",-0.009099
5972,B0100,aggressive,DBFM,12582.947008,27461.207193,4938.792807,874.882775,-31475.859562,20301.065415,389.630767,27021.827852,-321.430215,-2968.863303,157.457125,0.025001,False,False,False,False,False,True,False,1-circle,-1.000000,6299.003566,-22845.754143,0.673759,0.868437,100.000000,100.000000,0.000000,0.000000,2,4,4,0.0000,0.0000,0.0000,0.5000,"Accelerate",0.011183
5973,A0100,pursuit_chase_v1,DBFM,12582.947008,27461.207193,4938.792807,874.882775,-31475.859562,20301.065415,389.630767,27021.827852,-321.430215,-2968.863303,157.457125,0.025001,False,False,False,False,False,True,False,1-circle,-1.000000,6299.003566,-22845.754143,0.673759,0.868437,100.000000,100.000000,0.000000,0.000000,2,4,4,0.0000,0.0000,0.0000,0.5000,"PursuitChaseOptimal",-0.001398
5973,B0100,aggressive,DBFM,12582.947008,27461.207193,4938.792807,874.882775,-31475.859562,20301.065415,389.630767,27021.827852,-321.430215,-2968.863303,157.457125,0.025001,False,False,False,False,False,True,False,1-circle,-1.000000,6299.003566,-22845.754143,0.673759,0.868437,100.000000,100.000000,0.000000,0.000000,2,4,4,0.0000,0.0000,0.0000,0.5000,"Accelerate",0.002707
5974,A0100,pursuit_chase_v1,DBFM,12554.772344,27450.224757,4949.775243,872.445552,-31470.527703,20300.448601,389.041609,27000.901587,-418.525306,-3012.117751,157.975555,0.048838,False,False,False,False,False,True,False,1-circle,-1.000000,6302.257922,-22738.794813,1.314136,0.630653,100.000000,100.000000,0.000000,0.000000,2,4,4,0.0000,0.0000,0.0000,0.5000,"PursuitChaseOptimal",0.000986
5974,B0100,aggressive,DBFM,12554.772344,27450.224757,4949.775243,872.445552,-31470.527703,20300.448601,389.041609,27000.901587,-418.525306,-3012.117751,157.975555,0.048838,False,False,False,False,False,True,False,1-circle,-1.000000,6302.257922,-22738.794813,1.314136,0.630653,100.000000,100.000000,0.000000,0.000000,2,4,4,0.0000,0.0000,0.0000,0.5000,"Accelerate",-0.000123
5975,A0100,pursuit_chase_v1,DBFM,12554.772344,27450.224757,4949.775243,872.445552,-31470.527703,20300.448601,389.041609,27000.901587,-418.525306,-3012.117751,157.975555,0.048838,False,False,False,False,False,True,False,1-circle,-1.000000,6302.257922,-22738.794813,1.314136,0.630653,100.000000,100.000000,0.000000,0.000000,2,4,4,0.0000,0.0000,0.0000,0.5000,"PursuitChaseOptimal",-0.011387
5975,B0100,aggressive,DBFM,12554.772344,27450.224757,4949.775243,872.445552,-31470.527703,20300.448601,389.041609,27000.901587,-418.525306,-3012.117751,157.975555,0.048838,False,False,False,False,False,True,False,1-circle,-1.000000,6302.257922,-22738.794813,1.314136,0.630653,100.000000,100.000000,0.000000,0.000000,2,4,4,0.0000,0.0000,0.0000,0.5000,"Accelerate",0.013999
5976,A0100,pursuit_chase_v1,DBFM,12526.423885,27438.511514,4961.488486,864.747240,-31460.342547,20299.889924,388.464683,26980.484882,-408.334095,-3050.115829,158.442490,0.001823,False,False,False,False,False,True,False,1-circle,-1.000000,6305.338089,-22974.792755,0.048987,0.661924,100.000000,100.000000,0.000000,0.000000,2,4,4,0.0000,0.0000,0.0000,0.5000,"PursuitChaseOptimal",-0.018427
5976,B0100,aggressive,DBFM,12526.423885,27438.511514,4961.488486,864.747240,-31460.342547,20299.889924,388.464683,26980.484882,-408.334095,-3050.115829,158.442490,0.001823,False,False,False,False,False,True,False,1-circle,-1.000000,6305.338089,-22974.792755,0.048987,0.661924,100.000000,100.000000,0.000000,0.000000,2,4,4,0.0000,0.0000,0.0000,0.5000,"Accelerate",0.022015
5977,A0100,pursuit_chase_v1,DBFM,12526.423885,27438.511514,4961.488486,864.747240,-31460.342547,20299.889924,388.464683,26980.484882,-408.334095,-3050.115829,158.442490,0.001823,False,False,False,False,False,True,False,1-circle,-1.000000,6305.338089,-22974.792755,0.048987,0.661924,100.000000,100.000000,0.000000,0.000000,2,4,4,0.0000,0.0000,0.0000,0.5000,"PursuitChaseOptimal",-0.023865
5977,B0100,aggressive,DBFM,12526.423885,27438.511514,4961.488486,864.747240,-31460.342547,20299.889924,388.464683,26980.484882,-408.334095,-3050.115829,158.442490,0.001823,False,False,False,False,False,True,False,1-circle,-1.000000,6305.338089,-22974.792755,0.048987,0.661924,100.000000,100.000000,0.000000,0.000000,2,4,4,0.0000,0.0000,0.0000,0.5000,"Accelerate",0.029276
5978,A0100,pursuit_chase_v1,DBFM,12497.982290,27416.161620,4983.838380,876.636150,-31456.861483,20299.250211,388.036457,26965.124493,-307.207779,-3070.377120,159.328922,0.059240,False,False,False,False,False,True,False,1-circle,-1.000000,6308.535284,-22705.811021,1.590033,0.790334,100.000000,100.000000,0.000000,0.000000,2,4,4,0.0000,0.0000,0.0000,0.5000,"PursuitChaseOptimal",-0.022590
5978,B0100,aggressive,DBFM,12497.982290,27416.161620,4983.838380,876.636150,-31456.861483,20299.250211,388.036457,26965.124493,-307.207779,-3070.377120,159.328922,0.059240,False,False,False,False,False,True,False,1-circle,-1.000000,6308.535284,-22705.811021,1.590033,0.790334,100.000000,100.000000,0.000000,0.000000,2,4,4,0.0000,0.0000,0.0000,0.5000,"Accelerate",0.028568
5979,A0100,pursuit_chase_v1,DBFM,12497.982290,27416.161620,4983.838380,876.636150,-31456.861483,20299.250211,388.036457,26965.124493,-307.207779,-3070.377120,159.328922,0.059240,False,False,False,False,False,True,False,1-circle,-1.000000,6308.535284,-22705.811021,1.590033,0.790334,100.000000,100.000000,0.000000,0.000000,2,4,4,0.0000,0.0000,0.0000,0.5000,"PursuitChaseOptimal",-0.020515
5979,B0100,aggressive,DBFM,12497.982290,27416.161620,4983.838380,876.636150,-31456.861483,20299.250211,388.036457,26965.124493,-307.207779,-3070.377120,159.328922,0.059240,False,False,False,False,False,True,False,1-circle,-1.000000,6308.535284,-22705.811021,1.590033,0.790334,100.000000,100.000000,0.000000,0.000000,2,4,4,0.0000,0.0000,0.0000,0.5000,"Accelerate",0.026223
5980,A0100,pursuit_chase_v1,DBFM,12469.442007,27415.762066,4984.237934,873.623590,-31445.813588,20298.640655,387.405559,26942.856847,-445.352909,-3103.048841,159.950651,0.010159,False,False,False,False,False,True,False,1-circle,-1.000000,6311.847794,-22951.543000,0.272331,0.915433,100.000000,100.000000,0.000000,0.000000,2,4,4,0.0000,0.0000,0.0000,0.5000,"PursuitChaseOptimal",-0.009035
5980,B0100,aggressive,DBFM,12469.442007,27415.762066,4984.237934,873.623590,-31445.813588,20298.640655,387.405559,26942.856847,-445.352909,-3103.048841,159.950651,0.010159,False,False,False,False,False,True,False,1-circle,-1.000000,6311.847794,-22951.543000,0.272331,0.915433,100.000000,100.000000,0.000000,0.000000,2,4,4,0.0000,0.0000,0.0000,0.5000,"Accelerate",0.011400
5981,A0100,pursuit_chase_v1,DBFM,12469.442007,27415.762066,4984.237934,873.623590,-31445.813588,20298.640655,387.405559,26942.856847,-445.352909,-3103.048841,159.950651,0.010159,False,False,False,False,False,True,False,1-circle,-1.000000,6311.847794,-22951.543000,0.272331,0.915433,100.000000,100.000000,0.000000,0.000000,2,4,4,0.0000,0.0000,0.0000,0.5000,"PursuitChaseOptimal",-0.001531
5981,B0100,aggressive,DBFM,12469.442007,27415.762066,4984.237934,873.623590,-31445.813588,20298.640655,387.405559,26942.856847,-445.352909,-3103.048841,159.950651,0.010159,False,False,False,False,False,True,False,1-circle,-1.000000,6311.847794,-22951.543000,0.272331,0.915433,100.000000,100.000000,0.000000,0.000000,2,4,4,0.0000,0.0000,0.0000,0.5000,"Accelerate",0.001539
5982,A0100,pursuit_chase_v1,DBFM,12440.780928,27391.566988,5008.433012,875.407135,-31440.132752,20298.056969,386.971410,26927.389704,-309.342876,-3137.488362,160.583940,0.027007,False,False,False,False,False,True,False,1-circle,-1.000000,6315.166779,-22879.006136,0.723182,0.918102,100.000000,100.000000,0.000000,0.000000,2,4,4,0.0000,0.0000,0.0000,0.5000,"PursuitChaseOptimal",0.002498
5982,B0100,aggressive,DBFM,12440.780928,27391.566988,5008.433012,875.407135,-31440.132752,20298.056969,386.971410,26927.389704,-309.342876,-3137.488362,160.583940,0.027007,False,False,False,False,False,True,False,1-circle,-1.000000,6315.166779,-22879.006136,0.723182,0.918102,100.000000,100.000000,0.000000,0.000000,2,4,4,0.0000,0.0000,0.0000,0.5000,"Accelerate",-0.002770
5983,A0100,pursuit_chase_v1,DBFM,12440.780928,27391.566988,5008.433012,875.407135,-31440.132752,20298.056969,386.971410,26927.389704,-309.342876,-3137.488362,160.583940,0.027007,False,False,False,False,False,True,False,1-circle,-1.000000,6315.166779,-22879.006136,0.723182,0.918102,100.000000,100.000000,0.000000,0.000000,2,4,4,0.0000,0.0000,0.0000,0.5000,"PursuitChaseOptimal",-0.007431
5983,B0100,aggressive,DBFM,12440.780928,27391.566988,5008.433012,875.407135,-31440.132752,20298.056969,386.971410,26927.389704,-309.342876,-3137.488362,160.583940,0.027007,False,False,False,False,False,True,False,1-circle,-1.000000,6315.166779,-22879.006136,0.723182,0.918102,100.000000,100.000000,0.000000,0.000000,2,4,4,0.0000,0.0000,0.0000,0.5000,"Accelerate",0.010087
5984,A0100,pursuit_chase_v1,DBFM,12411.980701,27380.824895,5019.175105,871.757475,-31435.652232,20297.388804,386.399231,26907.131660,-405.160877,-3178.009124,160.941300,0.080033,False,False,False,False,False,True,False,1-circle,-1.000000,6318.436361,-22632.766778,2.139219,0.680237,100.000000,100.000000,0.000000,0.000000,2,4,4,0.0000,0.0000,0.0000,0.5000,"PursuitChaseOptimal",-0.015977
5984,B0100,aggressive,DBFM,12411.980701,27380.824895,5019.175105,871.757475,-31435.652232,20297.388804,386.399231,26907.131660,-405.160877,-3178.009124,160.941300,0.080033,False,False,False,False,False,True,False,1-circle,-1.000000,6318.436361,-22632.766778,2.139219,0.680237,100.000000,100.000000,0.000000,0.000000,2,4,4,0.0000,0.0000,0.0000,0.5000,"Accelerate",0.021158
5985,A0100,pursuit_chase_v1,DBFM,12411.980701,27380.824895,5019.175105,871.757475,-31435.652232,20297.388804,386.399231,26907.131660,-405.160877,-3178.009124,160.941300,0.080033,False,False,False,False,False,True,False,1-circle,-1.000000,6318.436361,-22632.766778,2.139219,0.680237,100.000000,100.000000,0.000000,0.000000,2,4,4,0.0000,0.0000,0.0000,0.5000,"PursuitChaseOptimal",-0.019737
5985,B0100,aggressive,DBFM,12411.980701,27380.824895,5019.175105,871.757475,-31435.652232,20297.388804,386.399231,26907.131660,-405.160877,-3178.009124,160.941300,0.080033,False,False,False,False,False,True,False,1-circle,-1.000000,6318.436361,-22632.766778,2.139219,0.680237,100.000000,100.000000,0.000000,0.000000,2,4,4,0.0000,0.0000,0.0000,0.5000,"Accelerate",0.025824
5986,A0100,pursuit_chase_v1,DBFM,12383.042636,27390.236948,5009.763052,863.701960,-31424.554309,20296.850988,385.632110,26880.375164,-535.129923,-3213.156945,161.278963,0.004617,False,False,False,False,False,True,False,1-circle,-1.000000,6321.568155,-23004.244399,0.123237,0.702296,100.000000,100.000000,0.000000,0.000000,2,4,4,0.0000,0.0000,0.0000,0.5000,"PursuitChaseOptimal",-0.018824
5986,B0100,aggressive,DBFM,12383.042636,27390.236948,5009.763052,863.701960,-31424.554309,20296.850988,385.632110,26880.375164,-535.129923,-3213.156945,161.278963,0.004617,False,False,False,False,False,True,False,1-circle,-1.000000,6321.568155,-23004.244399,0.123237,0.702296,100.000000,100.000000,0.000000,0.000000,2,4,4,0.0000,0.0000,0.0000,0.5000,"Accelerate",0.023829
5987,A0100,pursuit_chase_v1,DBFM,12383.042636,27390.236948,5009.763052,863.701960,-31424.554309,20296.850988,385.632110,26880.375164,-535.129923,-3213.156945,161.278963,0.004617,False,False,False,False,False,True,False,1-circle,-1.000000,6321.568155,-23004.244399,0.123237,0.702296,100.000000,100.000000,0.000000,0.000000,2,4,4,0.0000,0.0000,0.0000,0.5000,"PursuitChaseOptimal",-0.017511
5987,B0100,aggressive,DBFM,12383.042636,27390.236948,5009.763052,863.701960,-31424.554309,20296.850988,385.632110,26880.375164,-535.129923,-3213.156945,161.278963,0.004617,False,False,False,False,False,True,False,1-circle,-1.000000,6321.568155,-23004.244399,0.123237,0.702296,100.000000,100.000000,0.000000,0.000000,2,4,4,0.0000,0.0000,0.0000,0.5000,"Accelerate",0.021460
5988,A0100,pursuit_chase_v1,DBFM,12353.981681,27373.814049,5026.185951,870.486996,-31418.926922,20296.416013,385.105155,26861.960099,-368.301284,-3239.740673,162.026110,0.016087,False,False,False,False,False,True,False,1-circle,-1.000000,6324.692350,-22957.898533,0.428845,0.709307,100.000000,100.000000,0.000000,0.000000,2,4,4,0.0000,0.0000,0.0000,0.5000,"PursuitChaseOptimal",-0.006840
5988,B0100,aggressive,DBFM,12353.981681,27373.814049,5026.185951,870.486996,-31418.926922,20296.416013,385.105155,26861.960099,-368.301284,-3239.740673,162.026110,0.016087,False,False,False,False,False,True,False,1-circle,-1.000000,6324.692350,-22957.898533,0.428845,0.709307,100.000000,100.000000,0.000000,0.000000,2,4,4,0.0000,0.0000,0.0000,0.5000,"Accelerate",0.008482
5989,A0100,pursuit_chase_v1,DBFM,12353.981681,27373.814049,5026.185951,870.486996,-31418.926922,20296.416013,385.105155,26861.960099,-368.301284,-3239.740673,162.026110,0.016087,False,False,False,False,False,True,False,1-circle,-1.000000,6324.692350,-22957.898533,0.428845,0.709307,100.000000,100.000000,0.000000,0.000000,2,4,4,0.0000,0.0000,0.0000,0.5000,"PursuitChaseOptimal",0.000198
5989,B0100,aggressive,DBFM,12353.981681,27373.814049,5026.185951,870.486996,-31418.926922,20296.416013,385.105155,26861.960099,-368.301284,-3239.740673,162.026110,0.016087,False,False,False,False,False,True,False,1-circle,-1.000000,6324.692350,-22957.898533,0.428845,0.709307,100.000000,100.000000,0.000000,0.000000,2,4,4,0.0000,0.0000,0.0000,0.5000,"Accelerate",0.000693
5990,A0100,pursuit_chase_v1,DBFM,12324.815743,27359.212904,5040.787096,867.903656,-31413.152646,20295.909864,384.556468,26842.758471,-384.032570,-3280.374997,162.468588,0.040117,False,False,False,False,False,True,False,1-circle,-1.000000,6327.883773,-22851.626272,1.067901,0.669734,100.000000,100.000000,0.000000,0.000000,2,4,4,0.0000,0.0000,0.0000,0.5000,"PursuitChaseOptimal",0.003814
5990,B0100,aggressive,DBFM,12324.815743,27359.212904,5040.787096,867.903656,-31413.152646,20295.909864,384.556468,26842.758471,-384.032570,-3280.374997,162.468588,0.040117,False,False,False,False,False,True,False,1-circle,-1.000000,6327.883773,-22851.626272,1.067901,0.669734,100.000000,100.000000,0.000000,0.000000,2,4,4,0.0000,0.0000,0.0000,0.5000,"Accelerate",-0.003625
5991,A0100,pursuit_chase_v1,DBFM,12324.815743,27359.212904,5040.787096,867.903656,-31413.152646,20295.909864,384.556468,26842.758471,-384.032570,-3280.374997,162.468588,0.040117,False,False,False,False,False,True,False,1-circle,-1.000000,6327.883773,-22851.626272,1.067901,0.669734,100.000000,100.000000,0.000000,0.000000,2,4,4,0.0000,0.0000,0.0000,0.5000,"PursuitChaseOptimal",-0.006287
5991,B0100,aggressive,DBFM,12324.815743,27359.212904,5040.787096,867.903656,-31413.152646,20295.909864,384.556468,26842.758471,-384.032570,-3280.374997,162.468588,0.040117,False,False,False,False,False,True,False,1-circle,-1.000000,6327.883773,-22851.626272,1.067901,0.669734,100.000000,100.000000,0.000000,0.000000,2,4,4,0.0000,0.0000,0.0000,0.5000,"Accelerate",0.007877
5992,A0100,pursuit_chase_v1,DBFM,12295.479665,27344.801642,5055.198358,859.143579,-31402.407166,20295.445460,384.023162,26824.148212,-372.205179,-3318.993695,162.803531,0.006703,False,False,False,False,False,True,False,1-circle,-1.000000,6330.875368,-23084.630481,-0.178220,0.773020,100.000000,100.000000,0.000000,0.000000,2,4,4,0.0000,0.0000,0.0000,0.5000,"PursuitChaseOptimal",-0.015011
5992,B0100,aggressive,DBFM,12295.479665,27344.801642,5055.198358,859.143579,-31402.407166,20295.445460,384.023162,26824.148212,-372.205179,-3318.993695,162.803531,0.006703,False,False,False,False,False,True,False,1-circle,-1.000000,6330.875368,-23084.630481,-0.178220,0.773020,100.000000,100.000000,0.000000,0.000000,2,4,4,0.0000,0.0000,0.0000,0.5000,"Accelerate",0.017863
5993,A0100,pursuit_chase_v1,DBFM,12295.479665,27344.801642,5055.198358,859.143579,-31402.407166,20295.445460,384.023162,26824.148212,-372.205179,-3318.993695,162.803531,0.006703,False,False,False,False,False,True,False,1-circle,-1.000000,6330.875368,-23084.630481,-0.178220,0.773020,100.000000,100.000000,0.000000,0.000000,2,4,4,0.0000,0.0000,0.0000,0.5000,"PursuitChaseOptimal",-0.019007
5993,B0100,aggressive,DBFM,12295.479665,27344.801642,5055.198358,859.143579,-31402.407166,20295.445460,384.023162,26824.148212,-372.205179,-3318.993695,162.803531,0.006703,False,False,False,False,False,True,False,1-circle,-1.000000,6330.875368,-23084.630481,-0.178220,0.773020,100.000000,100.000000,0.000000,0.000000,2,4,4,0.0000,0.0000,0.0000,0.5000,"Accelerate",0.023413
5994,A0100,pursuit_chase_v1,DBFM,12266.060626,27314.273431,5085.726569,871.987667,-31398.458119,20294.858894,383.620920,26809.891940,-285.125437,-3334.086411,163.624387,0.049974,False,False,False,False,False,True,False,1-circle,-1.000000,6333.965911,-22822.482519,1.327164,0.631068,100.000000,100.000000,0.000000,0.000000,2,4,4,0.0000,0.0000,0.0000,0.5000,"PursuitChaseOptimal",-0.018334
5994,B0100,aggressive,DBFM,12266.060626,27314.273431,5085.726569,871.987667,-31398.458119,20294.858894,383.620920,26809.891940,-285.125437,-3334.086411,163.624387,0.049974,False,False,False,False,False,True,False,1-circle,-1.000000,6333.965911,-22822.482519,1.327164,0.631068,100.000000,100.000000,0.000000,0.000000,2,4,4,0.0000,0.0000,0.0000,0.5000,"Accelerate",0.023478
5995,A0100,pursuit_chase_v1,DBFM,12266.060626,27314.273431,5085.726569,871.987667,-31398.458119,20294.858894,383.620920,26809.891940,-285.125437,-3334.086411,163.624387,0.049974,False,False,False,False,False,True,False,1-circle,-1.000000,6333.965911,-22822.482519,1.327164,0.631068,100.000000,100.000000,0.000000,0.000000,2,4,4,0.0000,0.0000,0.0000,0.5000,"PursuitChaseOptimal",-0.017116
5995,B0100,aggressive,DBFM,12266.060626,27314.273431,5085.726569,871.987667,-31398.458119,20294.858894,383.620920,26809.891940,-285.125437,-3334.086411,163.624387,0.049974,False,False,False,False,False,True,False,1-circle,-1.000000,6333.965911,-22822.482519,1.327164,0.631068,100.000000,100.000000,0.000000,0.000000,2,4,4,0.0000,0.0000,0.0000,0.5000,"Accelerate",0.022083
5996,A0100,pursuit_chase_v1,DBFM,12236.547333,27306.056509,5093.943491,869.814246,-31386.838862,20294.241478,382.995447,26788.047046,-436.897886,-3365.934691,164.252552,0.001818,False,False,False,False,False,True,False,1-circle,-1.000000,6337.172555,-23061.654418,0.048212,0.543980,100.000000,100.000000,0.000000,0.000000,2,4,4,0.0000,0.0000,0.0000,0.5000,"PursuitChaseOptimal",-0.006212
5996,B0100,aggressive,DBFM,12236.547333,27306.056509,5093.943491,869.814246,-31386.838862,20294.241478,382.995447,26788.047046,-436.897886,-3365.934691,164.252552,0.001818,False,False,False,False,False,True,False,1-circle,-1.000000,6337.172555,-23061.654418,0.048212,0.543980,100.000000,100.000000,0.000000,0.000000,2,4,4,0.0000,0.0000,0.0000,0.5000,"Accelerate",0.007833
5997,A0100,pursuit_chase_v1,DBFM,12236.547333,27306.056509,5093.943491,869.814246,-31386.838862,20294.241478,382.995447,26788.047046,-436.897886,-3365.934691,164.252552,0.001818,False,False,False,False,False,True,False,1-circle,-1.000000,6337.172555,-23061.654418,0.048212,0.543980,100.000000,100.000000,0.000000,0.000000,2,4,4,0.0000,0.0000,0.0000,0.5000,"PursuitChaseOptimal",-0.000296
5997,B0100,aggressive,DBFM,12236.547333,27306.056509,5093.943491,869.814246,-31386.838862,20294.241478,382.995447,26788.047046,-436.897886,-3365.934691,164.252552,0.001818,False,False,False,False,False,True,False,1-circle,-1.000000,6337.172555,-23061.654418,0.048212,0.543980,100.000000,100.000000,0.000000,0.000000,2,4,4,0.0000,0.0000,0.0000,0.5000,"Accelerate",0.000017
5998,A0100,pursuit_chase_v1,DBFM,12206.918173,27277.611927,5122.388073,871.581074,-31380.594098,20293.597136,382.607894,26774.267195,-275.597017,-3397.611981,164.811040,0.017740,False,False,False,False,False,True,False,1-circle,-1.000000,6340.395816,-22994.770674,0.470031,0.656019,100.000000,100.000000,0.000000,0.000000,2,4,4,0.0000,0.0000,0.0000,0.5000,"PursuitChaseOptimal",0.001772
5998,B0100,aggressive,DBFM,12206.918173,27277.611927,5122.388073,871.581074,-31380.594098,20293.597136,382.607894,26774.267195,-275.597017,-3397.611981,164.811040,0.017740,False,False,False,False,False,True,False,1-circle,-1.000000,6340.395816,-22994.770674,0.470031,0.656019,100.000000,100.000000,0.000000,0.000000,2,4,4,0.0000,0.0000,0.0000,0.5000,"Accelerate",-0.001875
5999,A0100,pursuit_chase_v1,DBFM,12206.918173,27277.611927,5122.388073,871.581074,-31380.594098,20293.597136,382.607894,26774.267195,-275.597017,-3397.611981,164.811040,0.017740,False,False,False,False,False,True,False,1-circle,-1.000000,6340.395816,-22994.770674,0.470031,0.656019,100.000000,100.000000,0.000000,0.000000,2,4,4,0.0000,0.0000,0.0000,0.5000,"PursuitChaseOptimal",-0.010270
5999,B0100,aggressive,DBFM,12206.918173,27277.611927,5122.388073,871.581074,-31380.594098,20293.597136,382.607894,26774.267195,-275.597017,-3397.611981,164.811040,0.017740,False,False,False,False,False,True,False,1-circle,-1.000000,6340.395816,-22994.770674,0.470031,0.656019,100.000000,100.000000,0.000000,0.000000,2,4,4,0.0000,0.0000,0.0000,0.5000,"Accelerate",0.013808
